{"id_image":1,"data":{"GT_R":[-0.2823146075913213,0.958337714476399,0.043458814476481866,0.487528482213773,0.18234018601879548,-0.8538549468712052,-0.8262046178307623,-0.2198674795110514,-0.5186938940623798],"GT_T":[-121.83884143032107,-88.94939405446397,1028.017070698043],"R_pred":[0.7314507752683121,0.6804877981667861,-0.04377350689063625,-0.6126040444707224,0.6275750910161181,-0.48048495276566594,-0.2994929849887945,0.3782669185670755,0.875909864232771],"T_pred":[-123.72182992744564,-50.13448871579451,521.0690017773366],"rotation_error":108.06781764147478,"translation_error":508.43533227399087,"ADD":0,"ADD_S":0}}
{"id_image":2,"data":{"GT_R":[-0.28335331195964486,0.9580308240577609,0.04345918828117157,0.48642190601981755,0.18262663887161637,-0.8544246287928718,-0.8265009242720543,-0.22096440216282576,-0.5177548042957963],"GT_T":[-121.80853619380107,-88.30210305687831,1027.2884513650458],"R_pred":[-0.6615356724141672,0.7497775461348432,-0.014289346925202118,0.5328824499678445,0.4565894691866905,-0.7124341030187175,-0.5276427282165495,-0.4789151155892136,-0.7015935172308585],"T_pred":[-99.97449202040683,-107.05113343720143,951.4794425357447],"rotation_error":28.259561876991473,"translation_error":81.08796115854105,"ADD":0,"ADD_S":0}}
{"id_image":4,"data":{"GT_R":[-0.2866984938252253,0.9571623297380467,0.040557438992692,0.487473280964293,0.1821952055644594,-0.8539173455123997,-0.8247260946129549,-0.2250455740493196,-0.5188265654818313],"GT_T":[-118.05478118902316,-87.95874833299517,1026.253868736591],"R_pred":[-0.25367416987800084,0.9616102075301645,0.10466720742668909,0.8113909234857273,0.2704470365330336,-0.518172914880235,-0.5265873002852293,-0.04652106194289424,-0.8488472218096842],"T_pred":[-105.8516425103623,-89.1756988358442,636.5927391577477],"rotation_error":27.75852937297365,"translation_error":389.8540668850295,"ADD":0,"ADD_S":0}}
{"id_image":5,"data":{"GT_R":[-0.28785690262731867,0.9566255533820188,0.04480680973408245,0.48508087500113195,0.1859871843447281,-0.8544613187290663,-0.8257328907618595,-0.22422736064177404,-0.5175782628206251],"GT_T":[-119.08788248746292,-87.64883736894377,1025.4319609686252],"R_pred":[0.7100402827723468,0.7033871469256427,0.03300482359246876,-0.5913563293214119,0.6210843082971738,-0.5143461614112883,-0.3822832570386409,0.3456888825617992,0.8569473191866014],"T_pred":[-124.28092535091133,-48.61066545431929,526.3697886465492],"rotation_error":103.511245453956,"translation_error":500.6136218716455,"ADD":0,"ADD_S":0}}
{"id_image":6,"data":{"GT_R":[-0.28592078313337616,0.9569028193756353,0.050873387832207295,0.483224871148191,0.189825422764604,-0.8546693116058104,-0.8274915824805398,-0.2197839654331661,-0.5166739006560228],"GT_T":[-123.79394841857341,-86.02902350169711,1024.3773265451377],"R_pred":[0.9294762715015005,0.368528383376232,0.01614593948242432,0.12605358368530567,-0.2761792672401651,-0.952804023074408,-0.34667615256282164,0.887643984372556,-0.3031563989947314],"T_pred":[-155.6736831469706,-47.432546756447756,964.2619470280565],"rotation_error":85.44178059984182,"translation_error":78.22956191863955,"ADD":0,"ADD_S":0}}
{"id_image":7,"data":{"GT_R":[-0.2859462245449912,0.9567575182381869,0.05339255164811479,0.4803360000371637,0.1913256214434377,-0.8559622295042147,-0.8291626475266802,-0.21911274732425692,-0.5142745449410535],"GT_T":[-125.13516740060216,-82.88493526735087,1024.1336128776513],"R_pred":[-0.5812736814094579,0.8136845898381311,-0.0061883407023559656,0.5517706931505235,0.3885572998692358,-0.7379514393905062,-0.5980551893269441,-0.4323662949147185,-0.6748254422743941],"T_pred":[-114.41304243352604,-101.42485611023551,975.9647628462931],"rotation_error":22.097975775949607,"translation_error":52.71556451384646,"ADD":0,"ADD_S":1}}
{"id_image":8,"data":{"GT_R":[-0.28866366491081674,0.9559376807412265,0.053456748685606195,0.4782129936813676,0.19232545140482737,-0.8569256746222564,-0.8294478550581943,-0.22179928257504422,-0.5126594168012053],"GT_T":[-124.63241955186358,-81.85685649959943,1024.3660954726297],"R_pred":[0.8289037188064047,0.5578719859474784,-0.04120039130796169,-0.5196676350712096,0.7406904633329741,-0.4258206037606451,-0.20703664894991142,0.37437479191660417,0.9038690951509463],"T_pred":[-112.64183256416844,-52.41178240181275,426.278223540415],"rotation_error":114.33161876859036,"translation_error":598.9322909288987,"ADD":0,"ADD_S":0}}
{"id_image":9,"data":{"GT_R":[-0.2838882617544894,0.9570077780923685,0.059532393960414376,0.4761461228704344,0.1945916053637016,-0.8575649998250272,-0.8322808382758154,-0.21510631270062355,-0.5109184025794],"GT_T":[-130.27700036963412,-80.13756285122014,1023.6121875722426],"R_pred":[0.8914410153267611,0.4280119137216026,-0.1487908528961518,-0.4299388829153093,0.6951929394596785,-0.5760723338982245,-0.1431274716842607,0.5775054793140779,0.8037424638598412],"T_pred":[-116.32422930028335,-56.76700971099842,456.25548460248837],"rotation_error":114.94455217177796,"translation_error":568.0092349419185,"ADD":0,"ADD_S":0}}
{"id_image":10,"data":{"GT_R":[-0.2838191180684718,0.9572034910607763,0.05664366852925813,0.47611684090484946,0.19195654106495266,-0.858175321974054,-0.8323213003245665,-0.21659759493458533,-0.5102214535406548],"GT_T":[-129.7004274042207,-78.94887082187513,1024.083578645409],"R_pred":[-0.7949796197035026,0.6018921517961843,0.07571817392299895,0.5480283927697064,0.7660836251891427,-0.33582846802395006,-0.2601389724249844,-0.22548107863681147,-0.9388748575835084],"T_pred":[-47.194033358232176,-97.44893083544464,459.6679007552464],"rotation_error":51.44157779705277,"translation_error":570.7141269735571,"ADD":0,"ADD_S":0}}
{"id_image":11,"data":{"GT_R":[-0.2867465506985464,0.9563479226700075,0.05635370481045863,0.4766260860252043,0.19344245132590937,-0.8575592279697966,-0.8310253001684682,-0.21904236487874088,-0.511288924899792],"GT_T":[-127.099505730438,-80.93003429604767,1024.4122048351176],"R_pred":[0.8398630097090053,0.5404530132628564,-0.05040501341761354,-0.49833451043502475,0.7309240471461893,-0.46627540468366907,-0.2151577110679867,0.41672602241584805,0.883202457882365],"T_pred":[-117.9086186966898,-54.87677346512258,476.15253232336414],"rotation_error":113.17640435863684,"translation_error":548.9552926305442,"ADD":0,"ADD_S":0}}
{"id_image":12,"data":{"GT_R":[-0.2898375264047912,0.9551187251407766,0.06117702648726939,0.4750279551202403,0.19905398713220945,-0.8571611291697909,-0.8308682161643667,-0.21937666930543065,-0.5114014590374615],"GT_T":[-126.61403907701968,-81.56321086437757,1024.5330456139964],"R_pred":[0.8334824702891247,0.5523844189097128,-0.013357599579160245,-0.5093063845345615,0.7586588756292876,-0.4062557286995944,-0.2142754731486355,0.34541013907336887,0.913661785034399],"T_pred":[-115.6965107720946,-55.284417708742254,436.51004398426187],"rotation_error":114.28279329942299,"translation_error":588.7111497497293,"ADD":0,"ADD_S":0}}
{"id_image":13,"data":{"GT_R":[-0.291185344972942,0.9546110912502784,0.06269078412740567,0.47509627262734294,0.20117547057847546,-0.8566277591453492,-0.8303568331173208,-0.21965354054905914,-0.5121115233396529],"GT_T":[-124.81936160921553,-83.24243068606471,1024.744251818109],"R_pred":[-0.9008919723848097,0.4334479265968044,0.022727714833180243,0.4021843635456458,0.8533118399943862,-0.3318232081165796,-0.1632219097180001,-0.2897961329181711,-0.9430677650803693],"T_pred":[-28.76997355638641,-95.43495004464008,447.1195120801781],"rotation_error":59.77946737795618,"translation_error":585.6829197022435,"ADD":0,"ADD_S":0}}
{"id_image":15,"data":{"GT_R":[-0.3016438920920239,0.950981103170113,0.06817399196045584,0.47367450707166686,0.21153379858497587,-0.8549187113650444,-0.8274311744342395,-0.22558903195063523,-0.5142632026699591],"GT_T":[-118.22743858231014,-87.79158329545962,1025.808526419438],"R_pred":[0.39594384826534723,0.9142950562094276,0.08539917570929634,0.6395329175568376,-0.20782326446055288,-0.7401399449497361,-0.6589583570925154,0.34766944205661615,-0.6670081278949862],"T_pred":[-153.1068121287988,-68.61005041482403,873.7591937730664],"rotation_error":43.22149295278643,"translation_error":157.17347569120366,"ADD":0,"ADD_S":0}}
{"id_image":16,"data":{"GT_R":[-0.30456638445163964,0.9500453559557157,0.06822256818481882,0.4737842416724447,0.2132426950943811,-0.8544321099652512,-0.8262970296083408,-0.2279086127882912,-0.5150632760474066],"GT_T":[-116.84137666098276,-89.11959667068639,1026.3236026642148],"R_pred":[0.8621293441895885,0.5053624177068878,-0.03663087026920142,-0.46444761553964464,0.7592908916462292,-0.4558132888394246,-0.20253741952234036,0.40998313213170523,0.8893213283514054],"T_pred":[-111.3152203012317,-60.86745976998039,461.9662605757869],"rotation_error":114.76421420220008,"translation_error":565.0910822271783,"ADD":0,"ADD_S":0}}
{"id_image":17,"data":{"GT_R":[-0.307190648911744,0.9495672864583807,0.06290689015994369,0.4766954373279785,0.21075212678073463,-0.8534315485065493,-0.8236471899710192,-0.23217848848412917,-0.5173945994813605],"GT_T":[-112.71951968629227,-90.25948608600793,1027.1726701185805],"R_pred":[0.905169368626759,0.42383338411874016,-0.03215084145541397,-0.35169312743035386,0.7043251972382281,-0.616634381666793,-0.2387055889963442,0.569465783907855,0.7865928824621545],"T_pred":[-104.85622867210435,-56.6253728809914,426.1114667560593],"rotation_error":110.89056841799452,"translation_error":602.0528673665326,"ADD":0,"ADD_S":0}}
{"id_image":18,"data":{"GT_R":[-0.3088941855546383,0.949407750539756,0.056660637204570305,0.47947255711272363,0.2068951862322158,-0.8528184990619742,-0.8213943075885207,-0.23626358297933286,-0.5191245587905553],"GT_T":[-107.14974553650222,-92.0579232811999,1028.1922852193406],"R_pred":[-0.832146655300438,0.5529175675578882,0.04259234154354735,0.38374548233140704,0.6295799215102392,-0.6755505363933902,-0.4003390423909837,-0.5458125006969239,-0.7360824445810678],"T_pred":[-59.811092899154104,-111.88521928854001,854.4159385760855],"rotation_error":40.769411637117344,"translation_error":181.19682213868694,"ADD":0,"ADD_S":0}}
{"id_image":19,"data":{"GT_R":[-0.3126455129069577,0.9485670219902779,0.0497480883215203,0.48130125962588416,0.20335344893364415,-0.8526402489037122,-0.818902300778422,-0.2426301834541342,-0.5201246929663289],"GT_T":[-101.9543052601479,-93.38107374075905,1029.1766368796705],"R_pred":[-0.8906638480600021,0.43832489059279256,0.12078576093963168,0.3548233130182551,0.8362155299822361,-0.4181435207620431,-0.28428564208854945,-0.3295677133812477,-0.9003148316000115],"T_pred":[-20.686318761310382,-80.20606957259615,396.00492666344155],"rotation_error":53.89112955370337,"translation_error":638.5017470473754,"ADD":0,"ADD_S":0}}
{"id_image":20,"data":{"GT_R":[-0.3172300003032632,0.9471080343692772,0.04850834843688822,0.48111157072478,0.20480379128402568,-0.8524005892254489,-0.817249298677676,-0.24706818808686967,-0.5206346973611788],"GT_T":[-96.65625593382343,-95.06484771423278,1030.043122889713],"R_pred":[-0.39283711660487486,0.9195041801902966,0.013822533419684424,0.7149459285688864,0.3148289480987432,-0.6242876361596558,-0.5783868247465015,-0.23536099093012153,-0.781072266123981],"T_pred":[-100.11628335480773,-107.06992229688053,886.16598120633],"rotation_error":20.42662182191817,"translation_error":144.41857742156708,"ADD":0,"ADD_S":0}}
{"id_image":21,"data":{"GT_R":[-0.32083638550267396,0.9458476342594292,0.04937439670835817,0.47959547281143106,0.2071925277348186,-0.8526772295518673,-0.8167317468216352,-0.24988999590451305,-0.5200984386253285],"GT_T":[-95.06954466671316,-95.48228012930538,1030.23314701522],"R_pred":[-0.20147415272924662,0.9771646015736254,0.06750931205019195,0.5855057528862943,0.17540091216094456,-0.7914654340842451,-0.7852332004691892,-0.11993273716782538,-0.6074742459037645],"T_pred":[-124.54216968404187,-110.93220589170195,1091.1877043225759],"rotation_error":9.68828473128094,"translation_error":69.44633819008284,"ADD":0,"ADD_S":0}}
{"id_image":22,"data":{"GT_R":[-0.3211659448135707,0.9457331008645528,0.04941162479495729,0.4781105682727597,0.20696028019528467,-0.8535675881986874,-0.8174722786954377,-0.25051303279487885,-0.5186340141298168],"GT_T":[-95.66630599782708,-94.67234437101303,1030.5313487888889],"R_pred":[0.9496931722639848,0.3098022295553824,-0.045885260353226806,-0.26288986367123857,0.7089566140459304,-0.6544229817017791,-0.17021103998885279,0.6335638073335975,0.7547351216836733],"T_pred":[-107.7362437706316,-83.09158190332755,670.2888646131785],"rotation_error":115.01341672750821,"translation_error":360.63062108237466,"ADD":0,"ADD_S":0}}
{"id_image":23,"data":{"GT_R":[-0.3225476818866801,0.9453699803463385,0.04732392204881066,0.47757347287401475,0.20570096039246244,-0.8541727166356227,-0.8172429530475621,-0.25291055676438734,-0.5178319318106261],"GT_T":[-93.14074884237577,-94.28029552831609,1031.0986191475165],"R_pred":[0.6880059592069978,0.7247553815015184,0.037113839470566526,0.706781114441946,-0.6575853600365549,-0.260848520282932,-0.16464585134117155,0.2056966972272112,-0.9646660626278701],"T_pred":[-108.25490787434461,-16.787936518624782,461.73614844727416],"rotation_error":76.34485458915336,"translation_error":574.8105136042789,"ADD":0,"ADD_S":0}}
{"id_image":24,"data":{"GT_R":[-0.32578591582819444,0.9441789177757034,0.04890254471171067,0.4762433149843462,0.2085694051971671,-0.8542190633520891,-0.8167340823075756,-0.2550033591007326,-0.5176073062567363],"GT_T":[-91.19236580278101,-93.93724343444433,1031.7331659142233],"R_pred":[-0.7447812876198966,0.6667818396004269,0.026510601470342232,-0.6094805275645753,-0.663525570234247,-0.43389780382588283,-0.27172471387574565,-0.3393166603990847,0.9005719759379351],"T_pred":[-17.77900395894352,65.72639216876259,121.44164906489011],"rotation_error":99.85178882510738,"translation_error":927.0990475019956,"ADD":0,"ADD_S":0}}
{"id_image":25,"data":{"GT_R":[-0.32879943467043216,0.942901016785307,0.05320112536850549,0.47191950605310584,0.21283636313430318,-0.8555658362641231,-0.8180352495241798,-0.2562025104112152,-0.5149539913156281],"GT_T":[-90.04604693384978,-90.85591107681554,1032.6541655440433],"R_pred":[0.0204110264351548,0.9973198092097313,-0.07026085793475945,-0.32792297122499275,-0.05970982245218148,-0.9428156034165437,-0.9444839410719674,0.042283983499594946,0.3258253363330881],"T_pred":[-129.4004440623266,-46.23845124918111,1053.3165010812281],"rotation_error":54.44012656241622,"translation_error":62.979507815381105,"ADD":0,"ADD_S":0}}
{"id_image":26,"data":{"GT_R":[-0.33379244116697454,0.9410967008469011,0.05404226785292921,0.4678158420428558,0.21515379630749099,-0.8572377362556929,-0.8183698900778824,-0.2608570844872803,-0.5120771789996527],"GT_T":[-86.64517455721219,-87.18869881008848,1034.2526129698028],"R_pred":[-0.7101820513761021,0.6989701108317893,0.08415603405001618,0.6211313122899594,0.6783489729360258,-0.3924774691744638,-0.33141717939205273,-0.2264585063106166,-0.9159034873409864],"T_pred":[-45.92086490042592,-102.6876031417692,540.5859295041398],"rotation_error":42.621791482388275,"translation_error":495.58599636843206,"ADD":0,"ADD_S":0}}
{"id_image":27,"data":{"GT_R":[-0.33948234992058424,0.9387792361293266,0.058694747356992275,0.46128321181857346,0.22054232349995456,-0.8594055707700634,-0.8197367059187212,-0.2646780741142689,-0.5079139246122848],"GT_T":[-83.367383591457,-84.13598731810596,1035.6761631398351],"R_pred":[-0.01673360943283586,0.9997771577186706,0.012869390790772872,0.6645353359551632,0.02073773238220178,-0.7469690313008983,-0.7470694570000218,-0.003947323095528421,-0.6647342664990816],"T_pred":[-119.06582464188267,-83.49060813798408,1002.7673996699435],"rotation_error":22.39633074271213,"translation_error":48.55699662081793,"ADD":0,"ADD_S":0}}
{"id_image":28,"data":{"GT_R":[-0.34407859721814316,0.9366494337333906,0.06557028686866623,0.45581382526851316,0.22768041488111604,-0.8604616526354666,-0.8208782177618629,-0.2661783757909547,-0.5052778286984903],"GT_T":[-83.219113467999,-81.16068927764633,1036.987563791824],"R_pred":[-0.7307489640675029,0.680052104480703,0.0594565951399722,0.6424948849827646,0.7145846304402468,-0.2767112731884263,-0.23066485273065646,-0.16400591797231906,-0.959111977083386],"T_pred":[-41.434657888388294,-101.1585217563836,529.5304231062344],"rotation_error":49.323337518813204,"translation_error":509.5670747455396,"ADD":0,"ADD_S":0}}
{"id_image":29,"data":{"GT_R":[-0.343919373183324,0.9363903659342627,0.06995160918023216,0.45110400057657724,0.23009899561207026,-0.8622991658237361,-0.8235436607710417,-0.2650061237099649,-0.5015450204308081],"GT_T":[-83.24525084306036,-77.53468977754805,1038.417429962746],"R_pred":[0.9906084936013505,0.1284801448421591,-0.04677247894008603,-0.07446205078593351,0.22003120436603227,-0.9726467355098594,-0.11467438858618796,0.9669948921719138,0.2275316749725471],"T_pred":[-114.73442234267124,-70.7166576882804,1077.5942812393575],"rotation_error":108.77907738654571,"translation_error":50.7235562559639,"ADD":0,"ADD_S":0}}
{"id_image":30,"data":{"GT_R":[-0.3450863304748228,0.9359183301996883,0.07052504330496552,0.44934487184422783,0.23071396407118222,-0.8630524543856752,-0.8240167812153523,-0.26613673369106616,-0.5001667707964274],"GT_T":[-81.30205719742298,-77.25759678529155,1039.7011191556699],"R_pred":[0.4908788874540799,0.8694510227193499,0.055613280285566724,0.6106391930213224,-0.2978228961898764,-0.7337719662479224,-0.6214158782957777,0.3941528150316199,-0.6771158428249459],"T_pred":[-122.53509843120746,-48.0507534067208,841.2416925476125],"rotation_error":51.93716914726765,"translation_error":204.79098466271955,"ADD":0,"ADD_S":0}}
{"id_image":32,"data":{"GT_R":[-0.3459771182737635,0.9346462879537923,0.08208605857995495,0.4437731761867925,0.24009782443898733,-0.8633758858604388,-0.8266583559680678,-0.2622806247690909,-0.497839002836393],"GT_T":[-87.2118853970859,-76.50321332630884,1041.8310166829417],"R_pred":[-0.8492932660218794,0.5277789043813553,0.012262804732418434,0.4918574412079276,0.7994999954875818,-0.3447840117287148,-0.1917738402866231,-0.28679118763548633,-0.9386019437846632],"T_pred":[-25.884653273585176,-96.39529160706562,483.7323149631113],"rotation_error":53.23521580068352,"translation_error":561.8103639482079,"ADD":0,"ADD_S":0}}
{"id_image":33,"data":{"GT_R":[-0.34407110690572223,0.9351808793631192,0.08397484636512914,0.4422641648849167,0.24030911821410442,-0.864091209365464,-0.8282610576300675,-0.2601692724958796,-0.4962806827900461],"GT_T":[-89.800180468901,-76.45697944040388,1043.173682070389],"R_pred":[0.8839005467676682,0.4663650780303223,0.03497767027102486,-0.3898991754899486,0.7761423704334889,-0.49556195754934934,-0.25826044291775585,0.424389720435894,0.8678680249970432],"T_pred":[-98.68592001112225,-56.34668620352408,451.57713557399563],"rotation_error":112.02361869068443,"translation_error":592.0049443102185,"ADD":0,"ADD_S":0}}
{"id_image":34,"data":{"GT_R":[-0.3394563466648523,0.9368051119482947,0.08466207567777945,0.4441441748128662,0.23897519519536756,-0.863496583279589,-0.8291586569915056,-0.255516746563802,-0.49719792084770026],"GT_T":[-94.14975175499941,-79.32545159819978,1043.9816548495278],"R_pred":[0.8699773077383677,0.4929104346563236,0.013371141582359039,-0.42943013386593104,0.7707057219967526,-0.4707466943159058,-0.24234117303543345,0.4037969706280354,0.882167083019669],"T_pred":[-100.53427232633301,-55.76188739565189,437.22925169274004],"rotation_error":112.74735262704422,"translation_error":607.243346935469,"ADD":0,"ADD_S":0}}
{"id_image":35,"data":{"GT_R":[-0.3375863318666398,0.9376964084017808,0.08223136965286171,0.44836115768190365,0.23699800355492232,-0.8618608991497962,-0.8276517514172312,-0.25408198578092145,-0.5004338731408488],"GT_T":[-95.42701738847083,-83.86220728446636,1044.8146911650015],"R_pred":[0.0025009547005863386,0.6035542436095951,-0.797318017008543,-0.9947350087248106,0.08318728569160266,0.0598509642070601,0.10245002509924889,0.7929704600551732,0.6005845834160664],"T_pred":[-16.424196754138364,5.241626307831449,179.11165001639932],"rotation_error":141.4970422712706,"translation_error":873.8550762471788,"ADD":0,"ADD_S":0}}
{"id_image":36,"data":{"GT_R":[-0.33820853422648317,0.9374233087873141,0.08278493835477163,0.449747051609219,0.23827882743108858,-0.8607848118190977,-0.8266448807429382,-0.253892226249589,-0.5021914879533754],"GT_T":[-94.38264128473375,-87.72561935836107,1045.8602603487607],"R_pred":[-0.8328875934604377,0.5407166333124116,0.11799906405972797,0.47869765189446506,0.8108405795956812,-0.3367285443078232,-0.27775315431225306,-0.2239711520268429,-0.934178841726445],"T_pred":[-30.448882961204603,-98.54042395267896,468.20272790374173],"rotation_error":51.23361845406391,"translation_error":581.285394829642,"ADD":0,"ADD_S":0}}
{"id_image":37,"data":{"GT_R":[-0.33816112211465454,0.937690426344318,0.07990464475313352,0.4527464873116558,0.23653259088819623,-0.8596933840567397,-0.8250253756297775,-0.25453753953768854,-0.5045226473268456],"GT_T":[-95.6370397155136,-91.39735241533309,1046.2925481805462],"R_pred":[0.9383951582008616,0.345557407291182,-0.002146003582496614,-0.2611752099296778,0.7051531777364625,-0.659201415082187,-0.22627867063284748,0.619151899128449,0.7519633561698776],"T_pred":[-88.82580572399492,-48.29880492848272,364.5134810708108],"rotation_error":111.36180337652591,"translation_error":683.1738973738564,"ADD":0,"ADD_S":0}}
{"id_image":39,"data":{"GT_R":[-0.3344405777190576,0.9396121927807759,0.07266022010763673,0.4603149951689972,0.23014593262412547,-0.8574047439124467,-0.8223490627751007,-0.2533042055327495,-0.5094878159347702],"GT_T":[-97.4941501365172,-100.99706198510717,1046.2952560609513],"R_pred":[-0.8846660111330031,0.38330506595933783,0.2654115203903718,0.2779591722133115,0.8906641765857205,-0.35979997655554463,-0.374305687010646,-0.24452924356155756,-0.8944834831983768],"T_pred":[-26.174690322516753,-89.57842006684035,438.4815421510922],"rotation_error":55.1724892992,"translation_error":612.0901580227495,"ADD":0,"ADD_S":0}}
{"id_image":40,"data":{"GT_R":[-0.3340189630824015,0.93986926458299,0.07126199309029493,0.46488117936154466,0.23003757074001546,-0.8549664162149276,-0.8199491375701529,-0.2524462025360533,-0.5137641867283782],"GT_T":[-98.24654466965112,-107.78932531320355,1045.555133665625],"R_pred":[0.8876207308323945,0.45843648984452795,0.04433309120277738,-0.3738239309338193,0.7733164027294701,-0.5120912125107586,-0.2690448045544697,0.43797000587777685,0.857786201272594],"T_pred":[-103.05997549646901,-71.8468034144637,468.2168254924984],"rotation_error":112.06091477835785,"translation_error":578.4760635332925,"ADD":0,"ADD_S":0}}
{"id_image":41,"data":{"GT_R":[-0.33423673318680736,0.9396298090576658,0.07336617662795705,0.4669137485951386,0.2326992258553229,-0.8531361557810968,-0.8187039957002148,-0.25089359011049234,-0.5165023130177826],"GT_T":[-100.227004845099,-114.01456267388913,1044.6612323061213],"R_pred":[-0.8249075635669667,0.5645606266554041,0.028263234076595034,0.5419765819273678,0.8041337746059235,-0.24419307357162612,-0.16058921574108953,-0.18611870236085304,-0.969314671517549],"T_pred":[-28.634463286819962,-107.56161513958638,426.0587221938549],"rotation_error":55.40312059358402,"translation_error":622.7649621292538,"ADD":0,"ADD_S":0}}
{"id_image":42,"data":{"GT_R":[-0.3374214294413224,0.9383420731687039,0.07524311727891275,0.4685099810944388,0.23672464812865307,-0.8511520976837385,-0.8164824105842131,-0.25194474505537495,-0.5194987957514184],"GT_T":[-101.02750437744051,-118.87377051319197,1043.9675195834766],"R_pred":[-0.37388496020101736,0.911506775713444,0.1713634569094733,0.6992873904140159,0.3984171630007588,-0.5935157199555732,-0.6092677425758231,-0.10207429673971738,-0.786367379665289],"T_pred":[-101.92683064812991,-125.27605096231999,857.8146981915429],"rotation_error":22.092427311493015,"translation_error":186.2650554851006,"ADD":0,"ADD_S":0}}
{"id_image":43,"data":{"GT_R":[-0.3390464116299497,0.9378094093996506,0.07458218565326552,0.4715321276714004,0.23800164991087808,-0.8491241218367769,-0.8140668737273515,-0.2527241953971165,-0.5229004193842153],"GT_T":[-101.28811482719645,-123.81475436895354,1043.503566139194],"R_pred":[0.9078191536277296,0.39960235441886066,0.1272098370784905,-0.33518197747295336,0.8737023040621551,-0.3525582588081041,-0.2520266380443809,0.2774206953696584,0.9271031935532645],"T_pred":[-95.58829842636085,-83.99885098743843,418.8625718030817],"rotation_error":117.51695589918104,"translation_error":625.9346338670648,"ADD":0,"ADD_S":0}}
{"id_image":44,"data":{"GT_R":[-0.3412081349017921,0.9370373466660797,0.0744268759039285,0.4739394999457636,0.23987430009109986,-0.8472552643227502,-0.8117620435350867,-0.2538170204125182,-0.5259456638917592],"GT_T":[-101.41343304267946,-128.3844037863749,1042.9785988461235],"R_pred":[0.9837910624722415,0.17118258212003185,-0.05340102038778475,-0.11067119248645196,0.34530805032841827,-0.9319411126954391,-0.14109228381936678,0.9227452920265184,0.3586559542089468],"T_pred":[-109.62260775760616,-99.53653546185092,878.3669735167149],"rotation_error":109.4991291933879,"translation_error":167.32177757231386,"ADD":0,"ADD_S":0}}
{"id_image":45,"data":{"GT_R":[-0.3399257219628078,0.9374904228031475,0.07458628514582974,0.47615046499902797,0.2399551525343278,-0.8459920299650497,-0.8110061388540025,-0.2520598267358838,-0.5279526656167857],"GT_T":[-103.32913212641185,-131.3029777719273,1042.6094730643688],"R_pred":[0.7304691151240167,0.6829455720445484,-0.00046634180667159963,-0.5971177772309818,0.6383371906417517,-0.4857736007219079,-0.3314592463104139,0.35512107325296904,0.8740845447478132],"T_pred":[-106.92898071511945,-60.83158859928801,477.6336843163126],"rotation_error":107.7714495681023,"translation_error":569.3652759637449,"ADD":0,"ADD_S":0}}
{"id_image":46,"data":{"GT_R":[-0.3404589158535516,0.9371830028529545,0.07600196958418992,0.47646795378436674,0.24164489591729835,-0.8453312517629447,-0.8105951307799208,-0.2515882822470342,-0.5288077440650792],"GT_T":[-104.21322130801816,-132.09126995618993,1042.5211193974587],"R_pred":[-0.6094544353626122,0.7915388221202462,0.04507309944226784,0.6360928942998372,0.522118748858843,-0.5681354080774511,-0.4732347420024183,-0.31758196606005373,-0.8216998075911515],"T_pred":[-70.8796366599971,-128.06524934887466,781.1400488012509],"rotation_error":28.341510408206148,"translation_error":263.528747527546,"ADD":0,"ADD_S":0}}
{"id_image":48,"data":{"GT_R":[-0.34402721672558195,0.9361097014739742,0.07311225309513411,0.47458432694598485,0.24054264612586698,-0.8467047030658459,-0.8101938499478792,-0.2565909443794241,-0.5270160850963473],"GT_T":[-103.92847539593448,-129.332691813624,1043.592268047776],"R_pred":[-0.9900937669600253,0.08450028884044564,0.11213399936142684,-0.08659560284960938,0.2611613519387854,-0.961403115150257,-0.11052390779383411,-0.9615895431208613,-0.2512568732723408],"T_pred":[-23.903285600970108,-92.93044126202142,983.5334256664169],"rotation_error":68.51963990669866,"translation_error":106.47168353665998,"ADD":0,"ADD_S":0}}
{"id_image":49,"data":{"GT_R":[-0.34312281686551854,0.9364446826005064,0.07306682615913124,0.4730965839022193,0.23950026354556836,-0.8478318812784269,-0.8114463038599807,-0.25634271829249294,-0.525206617677554],"GT_T":[-105.81307031495122,-127.77655463194455,1043.786369299079],"R_pred":[-0.5355706858779548,0.844476114835415,0.004912423098636487,0.6558073338405497,0.4195668872726621,-0.6275988910006763,-0.5320533632157276,-0.3329019654144625,-0.7785213549505376],"T_pred":[-76.03729168802423,-113.66328976510752,743.7143929315685],"rotation_error":22.799737044597496,"translation_error":301.87575629577333,"ADD":0,"ADD_S":0}}
{"id_image":50,"data":{"GT_R":[-0.3424818184937395,0.9368096478873685,0.07138452538070218,0.4724510181838382,0.2373972013859716,-0.8487826197239322,-0.8120935810938951,-0.2569667891197076,-0.523900924771693],"GT_T":[-107.73279302223722,-124.95812833762044,1044.0223371934553],"R_pred":[0.8977803152322978,0.14802875676740204,-0.41482284502097166,-0.4395268449927813,0.2403738639000616,-0.8654689815842311,-0.028401727272955923,0.959326791413464,0.28086553573598283],"T_pred":[-38.772474300104584,19.825533524718853,124.38538041189562],"rotation_error":119.50511025072028,"translation_error":933.5148453982799,"ADD":0,"ADD_S":0}}
{"id_image":51,"data":{"GT_R":[-0.342549082201447,0.9367162083413462,0.07228194000586592,0.46942077854684117,0.23729159104544348,-0.850491306569792,-0.81381997944239,-0.2574045306960584,-0.5209975008572026],"GT_T":[-107.84036539729978,-122.3649786488692,1044.7002836074782],"R_pred":[-0.8025663564447567,0.5965284115016263,0.006410754583830003,0.475991685968012,0.6468007022342478,-0.595886538259267,-0.35960973066967633,-0.4751870219825346,-0.8030430472565298],"T_pred":[-61.82255405260191,-130.96525754928064,841.1911594997455],"rotation_error":39.1390419696267,"translation_error":208.82424991656893,"ADD":0,"ADD_S":0}}
{"id_image":52,"data":{"GT_R":[-0.34360011120222844,0.9362156062709694,0.0737522447727419,0.46681604995517084,0.23841408093670463,-0.8516106770800174,-0.8148743318171876,-0.2581846413150813,-0.5189598979582917],"GT_T":[-108.99410211514837,-119.5462570689438,1044.8032711979138],"R_pred":[-0.8249270733974678,0.5606667715916921,0.07175022514834578,0.5552826556784535,0.8275611102164282,-0.08248503597646109,-0.10562431480759069,-0.0282024837612465,-0.9940060985884964],"T_pred":[-16.500853775810604,-93.92010087428356,205.82051902791778],"rotation_error":61.653499764691475,"translation_error":844.4547112240043,"ADD":0,"ADD_S":0}}
{"id_image":53,"data":{"GT_R":[-0.3458515149104944,0.9355178154376655,0.07206547202806594,0.46405837088456797,0.23729981036450115,-0.8534272939945148,-0.815496449253325,-0.26171638252736024,-0.5162060756306608],"GT_T":[-109.93301995173292,-115.9534748571696,1045.2422280384778],"R_pred":[-0.5488287672398637,0.8349232246951747,0.04111195829174502,0.6000260180351834,0.4277099330468106,-0.6760421516842973,-0.5820272862425035,-0.34636313608365354,-0.7357151731692662],"T_pred":[-97.7106262490996,-124.88452222394581,901.0094883031144],"rotation_error":20.2958844012253,"translation_error":145.02494173920175,"ADD":0,"ADD_S":0}}
{"id_image":54,"data":{"GT_R":[-0.34330447888894683,0.9368113559449148,0.06728513939573567,0.4649685573417275,0.2317622564864755,-0.8544532723875131,-0.816054445771417,-0.262052530993539,-0.5151533703255764],"GT_T":[-110.31204969717275,-115.51074625799471,1045.244427837031],"R_pred":[-0.5467643039578447,0.8366977071111935,0.03139654172619938,0.5472121332436558,0.3854702280203637,-0.7429479016329855,-0.6337252378976406,-0.38903682373883364,-0.6686124981084175],"T_pred":[-102.61557001330358,-123.90384135842804,953.1845027231217],"rotation_error":16.686975665631316,"translation_error":92.76157424746373,"ADD":0,"ADD_S":0}}
{"id_image":55,"data":{"GT_R":[-0.3439702811082002,0.9366050039203122,0.06675448043137276,0.46526771888177476,0.2317588184649083,-0.8542911791300087,-0.8156032998323935,-0.2627927376152918,-0.5154899761869235],"GT_T":[-111.86752151154343,-116.03666408105721,1044.7688499801657],"R_pred":[0.7439500157760746,0.6579103096142895,0.11701452273118862,0.36619983225153213,-0.2549186674157296,-0.8949380737581445,-0.5589597989889147,0.7086398926861359,-0.43057339166285447],"T_pred":[-168.39994746943944,-88.83942971306877,1086.49226383209],"rotation_error":68.42073931490894,"translation_error":75.34220600308458,"ADD":0,"ADD_S":0}}
{"id_image":56,"data":{"GT_R":[-0.34243750373769427,0.9370264658691492,0.0686935692876005,0.46421310612516903,0.23230627897270847,-0.8547156866116744,-0.8168485358101584,-0.26079797335349564,-0.514530411823974],"GT_T":[-116.85978702612513,-114.73085373055724,1044.0934966716306],"R_pred":[0.5403023058681398,-0.8414709848078965,0.0,0.8414709848078965,0.5403023058681398,0.0,0.0,0.0,1.0],"T_pred":[0.0,0.0,0.0],"rotation_error":170.38304547562802,"translation_error":1056.8588403441238,"ADD":0,"ADD_S":0}}
{"id_image":57,"data":{"GT_R":[-0.33888932244717596,0.938378422980878,0.06783739065403128,0.4644173326489056,0.22955633375609794,-0.8553477847440775,-0.8182116370994591,-0.2583630127783103,-0.5135931757733659],"GT_T":[-121.22794142277354,-114.05916692917562,1043.3891676211533],"R_pred":[0.9257766363582168,0.3737344344350905,-0.05709809183106743,-0.3170078545762924,0.685052282979968,-0.6559034911638069,-0.20601854215143414,0.6253206714170074,0.7526821495082641],"T_pred":[-126.71690329808874,-89.56717511599935,659.4307712115907],"rotation_error":112.81178870809782,"translation_error":384.7779054712578,"ADD":0,"ADD_S":0}}
{"id_image":58,"data":{"GT_R":[-0.3386033120400893,0.9384250192791905,0.06861753457955719,0.46509445784050085,0.2303173209087349,-0.8547751460559809,-0.8179452464728286,-0.25751639854787645,-0.5144413397072893],"GT_T":[-123.67088632228442,-115.37576994044149,1042.5830486422824],"R_pred":[0.7659086987231133,0.641978177053462,-0.03532542154570001,-0.26303275166217654,0.26272791971688453,-0.9283252726034459,-0.5866835917027946,0.7203041443642764,0.37008688552602964],"T_pred":[-181.30667521511742,-101.70895828137064,1138.7757174658623],"rotation_error":84.94087943183524,"translation_error":112.96767430387617,"ADD":0,"ADD_S":0}}
{"id_image":59,"data":{"GT_R":[-0.339724463786391,0.9379769615527407,0.06918541088317896,0.46406863536780196,0.23115378404736392,-0.8551068641093171,-0.8180628590080685,-0.25839397279600407,-0.5138151285030911],"GT_T":[-123.6690190952263,-114.71673723039399,1042.2554569858285],"R_pred":[0.9928894136582067,0.09886453948581855,-0.06630546793228435,-0.0810201274626138,0.15315288936575538,-0.9848755918515102,-0.08721439784464476,0.9832446263830674,0.16007390011309874],"T_pred":[-147.68972408701197,-101.58250410065416,1047.6494115221483],"rotation_error":109.69884936170008,"translation_error":27.903352733115014,"ADD":0,"ADD_S":0}}
{"id_image":60,"data":{"GT_R":[-0.34205614329127443,0.937286436638443,0.06702557744831435,0.463685475263563,0.23039677843606055,-0.8555183665775279,-0.817307617079733,-0.2615565100592511,-0.5134146999280883],"GT_T":[-120.66370547935612,-115.71237069484286,1042.4538381637196],"R_pred":[-0.4531402027315294,0.8882265807237,0.07561413865351435,0.6020316400195762,0.36748094826776,-0.7088833875014757,-0.6574358227871129,-0.275701458023189,-0.701260896500097],"T_pred":[-109.54091016107546,-123.1451807041484,907.6165908864782],"rotation_error":14.944831148388383,"translation_error":135.4992490519071,"ADD":0,"ADD_S":0}}
{"id_image":61,"data":{"GT_R":[-0.34814779478233715,0.9350050264538855,0.0675293112307081,0.4648400195828048,0.23474024704246954,-0.8537092482404756,-0.8140739359946576,-0.26582665648818704,-0.5163516917425266],"GT_T":[-116.04492179498821,-119.6350356044003,1041.978819548345],"R_pred":[-0.4298283703381315,0.895228419172781,0.11753148326244184,0.6321659779419878,0.3913220678008794,-0.6687549742504306,-0.6446811214741099,-0.21315045568200777,-0.7341342757680207],"T_pred":[-101.5892346573892,-126.14439455712053,837.4265032832344],"rotation_error":17.07799681018767,"translation_error":205.16575916564955,"ADD":0,"ADD_S":0}}
{"id_image":62,"data":{"GT_R":[-0.3547828565746966,0.932421796457323,0.06869643145798363,0.4634031332972808,0.23918768886252637,-0.8532565200773469,-0.8120248675833948,-0.27088675786372246,-0.5169470711071763],"GT_T":[-109.820606824435,-121.09767913055582,1042.0900956690348],"R_pred":[0.3888275050496203,0.9204857561762934,0.038976197780756394,0.029537096217435443,0.029828821493194713,-0.9991185121672849,-0.9208369732281221,0.38963600203893434,-0.01559021010718864],"T_pred":[-132.91522552055622,-66.82889623246584,822.9141989603564],"rotation_error":51.44283008558218,"translation_error":226.97254439251566,"ADD":0,"ADD_S":0}}
{"id_image":63,"data":{"GT_R":[-0.36087685792690394,0.9303359509889919,0.06513589920467612,0.4636433085081953,0.23956996481042675,-0.8530183323485138,-0.8091981454095037,-0.2776344634217823,-0.5178001435103373],"GT_T":[-104.11257146805558,-124.243015969348,1042.17230704748],"R_pred":[-0.9774808852803193,-0.058822967188684946,-0.2026597578275525,0.1186808092948946,0.6408485462557212,-0.7584378723844415,0.17448777727024947,-0.7654103469989469,-0.6194360469735675],"T_pred":[-3.0010806422610656,-116.8310451346203,856.12719292465],"rotation_error":74.56194185746813,"translation_error":211.8755657872007,"ADD":0,"ADD_S":0}}
{"id_image":65,"data":{"GT_R":[-0.3735916662281688,0.9248749081414617,0.07096776667880615,0.46278322603420974,0.2521471808259783,-0.8498544775517076,-0.8039030659173424,-0.28465581421921804,-0.5222166673368817],"GT_T":[-97.71375514910476,-129.3490428303011,1041.2258716313734],"R_pred":[-0.5208297965408099,0.8493926855176357,0.08525484633964925,-0.13182734224969034,0.018644196282002756,-0.9910973442504933,-0.8434203429314717,-0.5274319479649832,0.10226272730189445],"T_pred":[-86.96414061768881,-69.48402152787637,930.5636639541681],"rotation_error":39.332863358812595,"translation_error":126.27548929268383,"ADD":0,"ADD_S":0}}
{"id_image":66,"data":{"GT_R":[-0.3747099598455632,0.9243352818610667,0.07209616564415151,0.46191810343893247,0.25354541104630884,-0.8499090442618588,-0.8038795700188577,-0.2851665779744157,-0.5219732397083549],"GT_T":[-97.42059168320326,-130.54506552758858,1040.7221317128378],"R_pred":[-0.6302868143212643,0.7757920295908042,-0.029753294206408154,0.4406727802450411,0.3259437068944787,-0.8364019372807505,-0.639176057470755,-0.5402845794202047,-0.5473084512383075],"T_pred":[-72.05588377131394,-114.07117273426452,909.7443441225296],"rotation_error":18.033118530895543,"translation_error":134.42447096147822,"ADD":0,"ADD_S":0}}
{"id_image":68,"data":{"GT_R":[-0.38457747415280585,0.9198002072641774,0.07790537316957073,0.4588207115220267,0.2637038798739549,-0.848494484232789,-0.8009886731050163,-0.29056774291695114,-0.5234373819254352],"GT_T":[-94.50560787854785,-131.41378337541792,1040.0103702699228],"R_pred":[-0.7475974234575303,0.6634695998722999,0.0301028650621869,0.5030094955550612,0.595223313464222,-0.6266503446820364,-0.43368138053311084,-0.453340156123371,-0.7787189242755904],"T_pred":[-52.26899786683773,-125.91375349926874,804.0193540509734],"rotation_error":31.444734301190138,"translation_error":239.80396429161095,"ADD":0,"ADD_S":0}}
{"id_image":71,"data":{"GT_R":[-0.3981095174002293,0.9130930850735992,0.08815779201772449,0.44756930487992436,0.27722548986094503,-0.850192217366246,-0.8007434095461878,-0.2990126826831568,-0.5190383063788887],"GT_T":[-87.9793704933866,-127.38315544023881,1040.2046712152028],"R_pred":[-0.6412095405833079,0.7673657918817075,-0.0002579044458581037,0.44619297837625493,0.3725646111584521,-0.8136998442669623,-0.6243093392803525,-0.521867178467962,-0.5812852113422621],"T_pred":[-69.22558390606217,-127.78580227949118,1039.4981356999017],"rotation_error":17.409733039326074,"translation_error":18.771409863791565,"ADD":1,"ADD_S":1}}
{"id_image":72,"data":{"GT_R":[-0.40192174904418443,0.9113485827470355,0.08890411027271612,0.44522283777070304,0.2793424444969907,-0.8507311254544913,-0.8001466120183475,-0.30234548395293576,-0.5180269576303549],"GT_T":[-83.22046170881563,-127.01954481719935,1040.4724847579967],"R_pred":[-0.9810566397409912,0.14595633994047363,-0.1273758864593135,0.16670010409022507,0.30110419041990455,-0.938907525695626,-0.0986860928217505,-0.9423550357178313,-0.31973120232598795],"T_pred":[-4.631470417631712,-94.88956426814262,909.627566061783],"rotation_error":59.914017984590835,"translation_error":155.97742769666164,"ADD":0,"ADD_S":0}}
