{"id_image":1,"data":{"Best_template_id":29,"GT_R":[0.6381505337709384,0.7672913287861042,-0.06346896710444529,0.288806325545165,-0.31498383652594564,-0.9040888742220848,-0.7136906551061517,0.5586150989989447,-0.42260551347324427],"GT_T":[-81.08546256073582,-60.79220066202944,996.0085354126786],"R_pred":[0.46832509570813474,0.8809214843798334,-0.06818315838971717,0.47715911563982755,-0.31711018715042116,-0.8196098508236969,-0.7436335005174148,0.35130964627157013,-0.5688503751820511],"T_pred":[-153.1498505671961,-88.57144796881524,1269.4672397625095],"rotation_error":15.722099856877914,"translation_error":284.15598811984495,"ADD":0,"ADD_S":0}}
{"id_image":29,"data":{"Best_template_id":29,"GT_R":[0.6303848109412226,0.7734438393490835,-0.06632890792772232,0.2897083213690111,-0.3136700798008132,-0.9042572697593277,-0.7201970842269614,0.5508142349782793,-0.4218058853653146],"GT_T":[-80.50896014341856,-65.01974806920742,995.4007649419576],"R_pred":[0.49900216900072425,0.8631408650221387,-0.07736072945239414,0.4515409669696363,-0.3351599046057199,-0.8269090599895556,-0.739667216037522,0.37769787591872783,-0.556988980183435],"T_pred":[-155.88846271580275,-93.90856884602287,1281.4713564996905],"rotation_error":13.26259122554948,"translation_error":297.2423535233939,"ADD":0,"ADD_S":0}}
{"id_image":37,"data":{"Best_template_id":118,"GT_R":[0.6329025828288224,0.772047188319379,-0.05811838816155039,0.29327495789927066,-0.30853587111083897,-0.9048732151137211,-0.7165360661257801,0.5556525117726271,-0.42169564610783994],"GT_T":[-96.16964174638991,-63.05322359674131,993.09872086414],"R_pred":[-0.36596566306527,0.9249087285363559,-0.10301930563956885,-0.4138663247542559,-0.2609004999786948,-0.8721499838590101,-0.8335369210128619,-0.27654072573154326,0.47826920068123646],"T_pred":[-127.4793385949466,-46.29435275016448,1183.6477791684692],"rotation_error":76.15299258649551,"translation_error":193.83008148754269,"ADD":0,"ADD_S":0}}
{"id_image":55,"data":{"Best_template_id":29,"GT_R":[0.6043657440255873,0.7947266470936463,-0.05613518778068369,0.295816968841831,-0.28926588740461245,-0.9103944574949401,-0.73975252786956,0.5336056090021611,-0.40991586558480897],"GT_T":[-69.19433947318427,-51.7418162449172,984.8152937376566],"R_pred":[0.4832732547770602,0.8725737042724165,-0.07114837896606996,0.44746183900100533,-0.3160408390622229,-0.8365979265350137,-0.7524791451296338,0.37246921840221814,-0.5431775193137287],"T_pred":[-137.6784536683601,-77.15453705040967,1216.6546588132517],"rotation_error":12.445464683029513,"translation_error":243.0748269041672,"ADD":0,"ADD_S":0}}
{"id_image":61,"data":{"Best_template_id":29,"GT_R":[0.6068315185244193,0.7929046462830949,-0.05529598228778396,0.30481597768696406,-0.2964055062205719,-0.9051141479640237,-0.7340585504434349,0.5323970144644763,-0.4215585384625938],"GT_T":[-80.56222332126147,-62.74947611467855,974.7815660857733],"R_pred":[-0.5008069369051482,0.8621949686803565,-0.07623810025152594,-0.4165969809774605,-0.3173100560612965,-0.8519162422226976,-0.7587090136463044,-0.3948850013670506,0.518098898191451],"T_pred":[-96.18062580640239,-45.02937742890768,1065.3568629086917],"rotation_error":82.80800249949837,"translation_error":93.60459811452152,"ADD":0,"ADD_S":0}}
{"id_image":68,"data":{"Best_template_id":29,"GT_R":[0.6076178945123029,0.7925302124202184,-0.05193268301139221,0.31373750563123176,-0.2995778380551804,-0.901011548555163,-0.7296362773851321,0.531176975229451,-0.4306754384390153],"GT_T":[-91.55527201659574,-71.58853780792379,967.8965056179536],"R_pred":[0.4797113705227527,0.8771444699121163,-0.022239152271939233,0.5126697377086213,-0.30076894396072956,-0.8041814362359534,-0.7120721459437629,0.37437363856358785,-0.593967707640495],"T_pred":[-165.76204924505979,-105.3205470605154,1190.194692097273],"rotation_error":14.356489987361403,"translation_error":236.77199569806828,"ADD":0,"ADD_S":0}}
{"id_image":80,"data":{"Best_template_id":118,"GT_R":[0.5887337376478992,0.8065198760638851,-0.05401596833872786,0.3183482613770634,-0.2927705687852354,-0.9016320763506679,-0.7429982116876636,0.513625415011393,-0.4291183886768152],"GT_T":[-80.11497861924039,-73.7740463745617,970.0956887441448],"R_pred":[-0.36809002680270186,0.924173074940388,-0.1020483205330423,-0.3738455153623832,-0.24759737506171575,-0.8938316790682586,-0.8513220676170803,-0.29086021972379855,0.43663608390787356],"T_pred":[-106.75527759199275,-60.81042232538807,1138.2985250031263],"rotation_error":72.86280014692888,"translation_error":170.79214034437206,"ADD":0,"ADD_S":0}}
{"id_image":88,"data":{"Best_template_id":29,"GT_R":[0.5782201265397658,0.8139031573974416,-0.056765437499773384,0.32080607745127315,-0.29077786803484573,-0.9014050668560446,-0.7501631080874264,0.5030007754036314,-0.42923925160103227],"GT_T":[-78.92916147929982,-77.1360700032927,972.7292986106179],"R_pred":[0.3399958571188215,0.9383072085819153,-0.063106255357544,0.5781875093603406,-0.26148593446172375,-0.7728675889816864,-0.7416886281733889,0.22628452974494973,-0.6314216423566612],"T_pred":[-144.09916287960863,-123.00776207450143,1263.4624253882262],"rotation_error":21.307073873731014,"translation_error":301.4582760878807,"ADD":0,"ADD_S":0}}
{"id_image":99,"data":{"Best_template_id":118,"GT_R":[0.5402374706089058,0.8402646045668722,-0.04581322772954485,0.35957190753808416,-0.27971931060078753,-0.8902053630914555,-0.7608223549678009,0.46445006362595287,-0.45325073105789976],"GT_T":[-45.122968372118784,-111.31902416727262,979.0114824289149],"R_pred":[0.4066790806544205,0.9134841087762461,0.012605886376728381,0.5886565373074405,-0.2514652323493018,-0.7682764593586905,-0.6986383946243502,0.31986250160464136,-0.6399940418659625],"T_pred":[-88.41887396534229,-127.91532310710654,1082.4071765770454],"rotation_error":15.97126556904982,"translation_error":113.31655725449578,"ADD":0,"ADD_S":0}}
{"id_image":114,"data":{"Best_template_id":29,"GT_R":[0.5387496687229819,0.8409600634473051,-0.05034236708252936,0.3469212558146842,-0.2759107951442795,-0.89639216050438,-0.7677203015000534,0.4654666565017938,-0.44039434276428147],"GT_T":[-52.50906890841231,-97.81439674895378,985.2435068784097],"R_pred":[-0.3926377745998214,0.918827824351639,-0.039887431034514476,-0.4079107264898807,-0.2128535537458382,-0.8878638430932216,-0.8242841847153184,-0.3323383725286636,0.45837407100882266],"T_pred":[-69.77358774351431,-80.03109901417885,1104.7972013641004],"rotation_error":73.96276873751229,"translation_error":122.09584413119521,"ADD":0,"ADD_S":0}}
{"id_image":120,"data":{"Best_template_id":29,"GT_R":[0.5329690516900291,0.8445229997421755,-0.05220565422389385,0.3391363090004567,-0.26973660434667623,-0.9012374603384457,-0.7751968657685867,0.4626270998039791,-0.430169548792007],"GT_T":[-53.66206138234052,-87.25686286897437,992.8317999550919],"R_pred":[0.3839578193230253,0.9231453240857701,-0.019470582921058854,0.6158160132856276,-0.27173059580569014,-0.7395492688686,-0.6880022025849213,0.2719654278059317,-0.6728207601706666],"T_pred":[-112.26317164145486,-120.2061058470212,1210.234831843399],"rotation_error":19.737022248406404,"translation_error":227.56058756000675,"ADD":0,"ADD_S":0}}
{"id_image":126,"data":{"Best_template_id":29,"GT_R":[0.530794950500674,0.8454475196518945,-0.05894509604811379,0.33535545607077605,-0.27340172150720116,-0.901547964557962,-0.7783272399686062,0.45876975504063333,-0.42864529336270873],"GT_T":[-58.29252931782867,-88.55256369620446,999.0929204137967],"R_pred":[0.39778891142088846,0.9152663493009213,-0.06365132982073785,0.506773091379031,-0.2770241913980859,-0.8163569263712882,-0.7648169819013728,0.29248095188849543,-0.5740295088039244],"T_pred":[-111.86460558593167,-111.20263507247313,1155.9740845565657],"rotation_error":13.357722231175376,"translation_error":167.31614611810758,"ADD":0,"ADD_S":0}}
{"id_image":127,"data":{"Best_template_id":29,"GT_R":[0.5309659365435588,0.8453642449489007,-0.05859705458360609,0.3355246291200131,-0.27323096474685693,-0.9015366482221909,-0.7781374359727007,0.4590249528671667,-0.42871750000745207],"GT_T":[-59.25017860710166,-89.97432359493332,1000.1359803287006],"R_pred":[0.40089105257085933,0.9159553846394072,-0.017666276311192275,0.6109248011452867,-0.281657192819891,-0.7398919604093629,-0.6826838589817541,0.2858233004548335,-0.6724937097125044],"T_pred":[-113.11006846778224,-116.35272197280648,1134.8471335374295],"rotation_error":19.272423722762632,"translation_error":147.45779882940084,"ADD":0,"ADD_S":0}}
{"id_image":132,"data":{"Best_template_id":29,"GT_R":[0.5280266225012105,0.8471327201095815,-0.05961770485338336,0.3413131264021387,-0.27597858812984416,-0.8985211329399259,-0.7776195310343652,0.45409533361140997,-0.43486153473320044],"GT_T":[-65.06107960188007,-95.9798210814526,1004.8464850255672],"R_pred":[0.3849434893912792,0.9182525828545777,-0.09290158263540527,0.49321408453974136,-0.28974680108602896,-0.8202357332328543,-0.7801015169751249,0.2699240362422548,-0.5644312516788903],"T_pred":[-123.65967139144225,-122.46678862049069,1203.86123468134],"rotation_error":13.266409155605237,"translation_error":209.14641997816676,"ADD":0,"ADD_S":0}}
{"id_image":164,"data":{"Best_template_id":118,"GT_R":[0.4689825800446699,0.881842631608241,-0.049076445359931636,0.34447182887413885,-0.23379783479992972,-0.9092176343674286,-0.8132605363252043,0.40950249379040726,-0.41341736296919934],"GT_T":[-59.82014223105293,-113.25840614668631,1070.8702463551265],"R_pred":[0.3558202603706918,0.9341465381310556,-0.027607745425823116,0.5001267432903107,-0.21528912521086313,-0.8387632760271332,-0.7894714579739792,0.28464159545594414,-0.5437958984589109],"T_pred":[-89.68505780083848,-109.10467571911526,1073.1167726976641],"rotation_error":11.383981497667211,"translation_error":30.235964331621123,"ADD":0,"ADD_S":1}}
{"id_image":242,"data":{"Best_template_id":29,"GT_R":[0.2551156559278544,0.9661975223370977,-0.03713725133667925,0.343728795226075,-0.1265242399477728,-0.9305066735179172,-0.9037507552861078,0.22462138617435926,-0.36438849806617474],"GT_T":[69.76579896168543,-48.599584638741234,1050.2388746167298],"R_pred":[0.10639271754861424,0.9917097175410561,-0.07205848865511766,0.5449167847912297,-0.11877093587317744,-0.8300356392617115,-0.8317128634964168,0.049043867368392724,-0.5530356333620304],"T_pred":[47.9261990202059,-46.583726679152406,1096.613157118273],"rotation_error":15.539933677032346,"translation_error":51.29918017327411,"ADD":0,"ADD_S":0}}
{"id_image":274,"data":{"Best_template_id":29,"GT_R":[0.11991463716739086,0.9927830972063297,-0.001781906243500588,0.35417128717806207,-0.04445577982128021,-0.9341235369706008,-0.9274605357689619,0.11138419572475426,-0.35694648371688226],"GT_T":[94.85555046083726,-47.36183236146419,1046.6986340674864],"R_pred":[-0.014750026244918835,0.9971740319818929,-0.07366401201908862,0.5804994038884306,-0.051444874028311105,-0.8126339071324722,-0.8141270655192285,-0.05474828652282587,-0.578100117896428],"T_pred":[70.47592619246177,-42.616280843746665,1003.3005586230721],"rotation_error":17.19123459948276,"translation_error":50.00279283153642,"ADD":0,"ADD_S":0}}
{"id_image":320,"data":{"Best_template_id":29,"GT_R":[0.00016034436110626878,0.9994390222007423,0.033493941152109935,0.3605672020427382,0.03118297099962288,-0.9322122046231469,-0.9327326073458407,0.01222673241945903,-0.3603596731926675],"GT_T":[101.43157215181587,-50.738376392566366,1028.5730729087898],"R_pred":[-0.02155359642497351,0.9996919062831695,0.012309955039399856,-0.2295462205014021,0.007035559670503733,-0.9732723326765456,-0.9730590810093038,-0.0238032227239392,0.22932385713938147],"T_pred":[80.04518329459455,-15.97128595191105,1065.5126171176607],"rotation_error":34.46405764479984,"translation_error":55.05141353698487,"ADD":0,"ADD_S":0}}
{"id_image":422,"data":{"Best_template_id":29,"GT_R":[-0.12051143940313461,0.9927104011906773,0.001879242685739294,0.39841334111549226,0.050099556633543194,-0.9158366557518398,-0.909253978634744,-0.10961912823044989,-0.40154705011436587],"GT_T":[157.69141700350843,-66.4879539629635,932.578075248547],"R_pred":[-0.15241038352422864,0.9840292425829238,-0.09196480161276449,0.36116151053400075,-0.03116250432635903,-0.9319824363328467,-0.9199638244533295,-0.17525794722575994,-0.35064399842492133],"T_pred":[142.7379340774826,-73.237467312256,1060.8191126876698],"rotation_error":6.430494420561923,"translation_error":129.28621838979484,"ADD":0,"ADD_S":0}}
{"id_image":455,"data":{"Best_template_id":147,"GT_R":[-0.21194210179248898,0.9772127712709072,0.01168371224732153,0.39397298487227395,0.0963747013565633,-0.9140553954923433,-0.894352117087798,-0.18912274359814837,-0.40542135926091233],"GT_T":[133.1401400300052,-63.97538924201333,906.4375068846143],"R_pred":[-0.5968038905427718,0.7691312117153458,-0.22860948230179573,0.6709515537235095,0.32210545665686063,-0.6678862832457962,-0.4400558246279896,-0.5519830196275598,-0.7082835712155273],"T_pred":[132.04939001381294,-91.30011067230872,1010.4785935977986],"rotation_error":38.44563004405099,"translation_error":107.5749871545491,"ADD":0,"ADD_S":0}}
{"id_image":492,"data":{"Best_template_id":147,"GT_R":[-0.3417518695269427,0.9395264343613193,0.022264935745921036,0.37316879970873074,0.157407534595965,-0.9143128896847575,-0.8625248590497432,-0.30415929277176174,-0.40439629625989854],"GT_T":[143.39488551617424,-50.03102752557418,902.3110528810978],"R_pred":[-0.40800979542783944,0.9129536387783486,-0.0066075923228579025,0.5694209952863196,0.24881041740758436,-0.7834877831316839,-0.713643984744543,-0.3234331919126977,-0.6213720571502185],"T_pred":[121.97438782054782,-72.13401670326841,942.346359411005],"rotation_error":15.177990615743088,"translation_error":50.499560602655094,"ADD":0,"ADD_S":1}}
{"id_image":510,"data":{"Best_template_id":29,"GT_R":[-0.3939822272708653,0.918679152194665,0.028395489753341826,0.35882019520213415,0.18217865383735543,-0.9154560370554508,-0.8461829474340452,-0.3504849139345358,-0.40141570896577494],"GT_T":[131.40841834831076,-40.444156150019595,894.1179578398318],"R_pred":[-0.5186552685937091,0.8452512878776857,-0.12863503683328714,0.5219285054370233,0.19384476013290564,-0.8306713213908923,-0.6771907763490748,-0.49797034983031846,-0.541699347532935],"T_pred":[114.66710688313465,-66.08113376048735,973.3306697608149],"rotation_error":15.714761981021915,"translation_error":84.92455393141799,"ADD":0,"ADD_S":0}}
{"id_image":514,"data":{"Best_template_id":118,"GT_R":[-0.4002443655210149,0.9159911375546922,0.027666169861726948,0.364037479220698,0.18662730581218087,-0.9124951667077137,-0.8409996835960704,-0.3551494061786313,-0.4081516284519001],"GT_T":[128.95284171637667,-45.65900555296121,889.2612788273283],"R_pred":[-0.37468617081991273,0.927100991385087,-0.009696657625186511,0.5420215581069991,0.21054788763757848,-0.8135614405554226,-0.752212007311484,-0.3100860183628769,-0.5813981056662341],"T_pred":[114.58750140791213,-79.09020653693037,1054.3107029523865],"rotation_error":11.772537209283795,"translation_error":169.01278237287815,"ADD":0,"ADD_S":0}}
{"id_image":515,"data":{"Best_template_id":29,"GT_R":[-0.40271109227371743,0.9149740687358958,0.025439489861175866,0.36581188481509924,0.18635876730950085,-0.9118402747805529,-0.8390502462735399,-0.35790242772271874,-0.40975701695619976],"GT_T":[130.83138347242837,-46.5454875974405,888.1222163947858],"R_pred":[-0.6932758857283998,0.6864888435099268,-0.2193208015759246,0.3928802421844649,0.10488956189783594,-0.9135881430414674,-0.6041636049685375,-0.7195354386972777,-0.34242530702349905],"T_pred":[119.29230659199435,-67.92263799972406,934.0340868329486],"rotation_error":25.65715819199828,"translation_error":51.942590440842096,"ADD":0,"ADD_S":0}}
{"id_image":523,"data":{"Best_template_id":29,"GT_R":[-0.4204744369347795,0.9066152725089384,0.03536371312105572,0.36211461051939753,0.20342581637487928,-0.9096650416618779,-0.8319103623348851,-0.3696848912906924,-0.41383367926747816],"GT_T":[135.26256931511372,-46.120493348701615,882.6922925687273],"R_pred":[-0.6881080710437935,0.6945083244525775,-0.21015582273747013,0.4372121956511198,0.16569912600766334,-0.8839622704698563,-0.5790965191902958,-0.7001442614964216,-0.4176664154026676],"T_pred":[124.62579346126441,-69.1231085394586,956.4926498809189],"rotation_error":24.41691155569404,"translation_error":78.03046870028538,"ADD":0,"ADD_S":0}}
{"id_image":525,"data":{"Best_template_id":29,"GT_R":[-0.4269284692055354,0.9035351566512863,0.03682632840512281,0.3590784549851859,0.20676243266723965,-0.9101165322816887,-0.8299356903975691,-0.37533155388224365,-0.4127130545201172],"GT_T":[137.77703982102136,-42.180994770603874,882.4567408410901],"R_pred":[-0.4482830643171266,0.764119895226769,0.4638567450895574,-0.6742105303050151,0.051692237030873056,-0.7367279507773371,-0.5869262773741498,-0.6429997654349305,0.49200492535984547],"T_pred":[99.43397189899996,-5.686269164619946,777.6066529484996],"rotation_error":64.42544939452083,"translation_error":117.45465842533774,"ADD":0,"ADD_S":0}}
{"id_image":530,"data":{"Best_template_id":29,"GT_R":[-0.43649874067671446,0.8988905403750937,0.03827596398410979,0.3538381366691624,0.2106266826793283,-0.9112823079584729,-0.8272038671825276,-0.3842303621853187,-0.40999964274821526],"GT_T":[135.0212025634468,-38.46980425722378,881.799482425965],"R_pred":[0.6933960047184228,0.7195077945075963,-0.03886533524032715,-0.08483503575479906,0.027955629957638797,-0.996002760770347,-0.7155452447951913,0.6939214771114135,0.0804237915949219],"T_pred":[64.19155337578222,-43.42417623871655,989.6910848917147],"rotation_error":74.97689593841734,"translation_error":129.15875072330945,"ADD":0,"ADD_S":0}}
{"id_image":535,"data":{"Best_template_id":118,"GT_R":[-0.4393601817421694,0.8977426643367284,0.0319421744289279,0.35517566376931226,0.20626594950684884,-0.9117588838194624,-0.8251133025657919,-0.3892458860777602,-0.40948197755966126],"GT_T":[128.6561071769213,-38.42810160834799,882.8906791938275],"R_pred":[-0.4604345581153297,0.8855118035550699,-0.0622001885671471,0.5487631601236452,0.22885975062363195,-0.804041173470364,-0.6977528300080564,-0.4043415144517525,-0.5913111937944449],"T_pred":[112.83403005327989,-74.47119422198548,1039.9194301355267],"rotation_error":13.37903860923743,"translation_error":161.88721775350857,"ADD":0,"ADD_S":0}}
{"id_image":545,"data":{"Best_template_id":118,"GT_R":[-0.4526127432807873,0.8913582474492522,0.02495996102466476,0.35496000370931863,0.20577785900323367,-0.9119528002558747,-0.8180128538433389,-0.40390155949645024,-0.40953438594893155],"GT_T":[148.9335950883102,-39.19476439186813,889.2177176188178],"R_pred":[-0.5154022564962868,0.8552102434785125,-0.05455230011611917,0.4021216507834897,0.18514620999468523,-0.896671098505893,-0.756742156860378,-0.48408296848167165,-0.4393233292875258],"T_pred":[147.00224847857444,-65.70342209828345,1096.736995250262],"rotation_error":6.4762957729233595,"translation_error":209.2144584434815,"ADD":0,"ADD_S":0}}
{"id_image":561,"data":{"Best_template_id":147,"GT_R":[-0.44147075740217834,0.8968559532651141,0.027429764405922603,0.3662120678785077,0.2080048538426873,-0.9069854031204707,-0.8191404364848963,-0.390362582147687,-0.42026817837797],"GT_T":[143.6157770251245,-56.0806038403376,884.1118881779743],"R_pred":[-0.8000267754844776,0.5553292038498945,-0.22708287883359113,0.5667235975826794,0.5752447636161561,-0.5898455949442509,-0.19693024767885298,-0.6005854953989769,-0.7749293775987016],"T_pred":[129.36070487856426,-88.71381230631137,874.816546617224],"rotation_error":44.413166452599654,"translation_error":36.80403172776522,"ADD":0,"ADD_S":1}}
{"id_image":567,"data":{"Best_template_id":29,"GT_R":[-0.440415135575718,0.8974154107785585,0.02610412661152569,0.3737838531748069,0.20971921443446662,-0.9034955863515215,-0.8162838481567241,-0.38815551203523957,-0.4278027107146087],"GT_T":[150.08591233682068,-60.830308863890664,876.583890957877],"R_pred":[-0.2719514245004056,0.7806013046645708,0.5627646274137793,-0.7602329138785868,0.1842669801586289,-0.6229699805599723,-0.5899901180256099,-0.5972497661608492,0.5433271366800461],"T_pred":[118.71926390115549,-26.32540006734132,871.8203549116997],"rotation_error":71.53936178455817,"translation_error":46.87373081810361,"ADD":0,"ADD_S":0}}
{"id_image":615,"data":{"Best_template_id":29,"GT_R":[-0.46679036904935145,0.884129697113541,0.020548122715702718,0.3776571191977496,0.22029217437854173,-0.8993586964981146,-0.7996754027774554,-0.41205181793083306,-0.4367283444316644],"GT_T":[165.98730583999088,-69.8283042373556,869.6874237800229],"R_pred":[-0.7050987191896106,0.6821137548548468,-0.19379530859902783,0.4053513027307482,0.16347452739569468,-0.899425594625392,-0.5818299730777505,-0.7127390155804412,-0.3917613790278055],"T_pred":[170.77458099075426,-102.37419838851154,993.6243818814652],"rotation_error":21.852969468107652,"translation_error":128.22840096057516,"ADD":0,"ADD_S":0}}
{"id_image":629,"data":{"Best_template_id":29,"GT_R":[-0.46447148941271854,0.8854092357000938,0.017791378855856483,0.3773030851818806,0.21602301712192432,-0.9005425379708396,-0.8011911270242192,-0.4115634547153901,-0.43440471216456295],"GT_T":[153.24545793297585,-69.64985503883995,872.990904140981],"R_pred":[-0.665992542885578,0.7157537551434789,-0.2101201913639202,0.4586543442011202,0.17076329753380626,-0.8720528015899155,-0.5882942506656358,-0.6771532014347929,-0.4420106519308882],"T_pred":[149.51533830499287,-103.45221953051058,995.56379711852],"rotation_error":20.229394158273756,"translation_error":127.20309638743097,"ADD":0,"ADD_S":0}}
{"id_image":636,"data":{"Best_template_id":29,"GT_R":[-0.46118002336139036,0.8872047314852256,0.01348577965642632,0.3775760963894722,0.20997752615365808,-0.9018564077764366,-0.8029621646228451,-0.4108256941663064,-0.43182477899029575],"GT_T":[142.86895368078206,-67.67653721397261,874.6324402718232],"R_pred":[-0.7339851148533862,0.6282088638818398,-0.25810748635781505,0.45482864268559603,0.17242987820928513,-0.8737269841852827,-0.5043775936403598,-0.7586972785248535,-0.4122883488440351],"T_pred":[130.89037082982708,-95.00768756590784,926.7272386987386],"rotation_error":26.937132321991854,"translation_error":60.036207823431276,"ADD":0,"ADD_S":0}}
{"id_image":637,"data":{"Best_template_id":147,"GT_R":[-0.46181889136283455,0.8868785384097034,0.013022858635233463,0.37778672059009577,0.2099644289558431,-0.90177205114181,-0.80249584162386,-0.4115358450023123,-0.43201694257553247],"GT_T":[142.35741012110296,-68.00508211448393,874.6650630238473],"R_pred":[-0.6778444009644469,0.7271531902638584,-0.10851362112768717,0.5997001090592256,0.4614728557882961,-0.6537603403120658,-0.42530782649218135,-0.5082234166778306,-0.7488806389971696],"T_pred":[137.93737656485692,-110.66024752576115,1020.5122261898701],"rotation_error":29.336877618724674,"translation_error":152.02103419092455,"ADD":0,"ADD_S":0}}
{"id_image":648,"data":{"Best_template_id":118,"GT_R":[-0.46559129024355145,0.8848409117062761,0.016763138474655968,0.37717442766192993,0.2155279058823404,-0.9007153910445255,-0.8006019773243722,-0.4130427461000252,-0.43408756201298804],"GT_T":[135.33620973104968,-67.72364676729381,873.1135148593673],"R_pred":[-0.46485105833249973,0.883633342702969,-0.055727993241567964,0.5778794557914517,0.25511280347729515,-0.7752243495118885,-0.6707971587159047,-0.392567921722512,-0.6292230118909647],"T_pred":[122.25110097437866,-108.44051432760618,1042.556814840439],"rotation_error":13.963428400617175,"translation_error":174.75730394914368,"ADD":0,"ADD_S":0}}
{"id_image":710,"data":{"Best_template_id":29,"GT_R":[-0.5541596625758749,0.8318361226173283,0.03092861340240087,0.3419251630169902,0.26134842188011637,-0.9026542892235928,-0.7589428847122072,-0.48963921496253693,-0.42925407795293374],"GT_T":[135.32707215099887,-51.28745361958553,863.3290617371507],"R_pred":[-0.5921492599824423,0.8003602997188244,-0.0937157646089487,0.5320605173381032,0.3009795138485879,-0.7914056722903735,-0.6052031558015508,-0.518492741393225,-0.6040649115205934],"T_pred":[120.55122875495988,-99.9851969955069,1043.2387595799844],"rotation_error":14.251049319728073,"translation_error":186.96870095251526,"ADD":0,"ADD_S":0}}
{"id_image":801,"data":{"Best_template_id":118,"GT_R":[-0.6492250369855672,0.7593200427402336,0.04405154931364201,0.3028336053855562,0.31118541121145615,-0.9008083994465553,-0.6977090382944583,-0.5714867292664825,-0.4319776513164852],"GT_T":[124.9212936751204,-40.872149069917235,851.4223296632841],"R_pred":[-0.6073505315984564,0.7943597477684577,-0.010859230741835424,0.41107657906798434,0.3025447620966505,-0.859931807220575,-0.6798098101004688,-0.5267440156785013,-0.5102934097536937],"T_pred":[115.61937531444433,-98.5604471239276,1159.9706637404572],"rotation_error":6.772800816309322,"translation_error":314.0327051110375,"ADD":0,"ADD_S":0}}
{"id_image":908,"data":{"Best_template_id":118,"GT_R":[-0.7385962410591742,0.67102663688058,0.06480113571561796,0.2698617893782564,0.38237714248628957,-0.8837208196128046,-0.6177779250848553,-0.6352255537772687,-0.46350716643518786],"GT_T":[115.96557966967188,-51.32432051853087,813.0697232524146],"R_pred":[0.6990349283819552,0.7087485259130166,0.09500366265655563,-0.17298418301453194,0.29651205574548234,-0.9392321721621246,-0.6938491488276319,0.6401219632333466,0.32987456837024665],"T_pred":[44.93498144057296,-106.12494377702461,1175.3515185727551],"rotation_error":97.72157921758301,"translation_error":373.2245348511163,"ADD":0,"ADD_S":0}}
{"id_image":1026,"data":{"Best_template_id":147,"GT_R":[-0.7677900172842895,0.637249076323678,0.06641732964360211,0.24567599030111523,0.38856214896569446,-0.8880663420718475,-0.5917270770065906,-0.6655318919909511,-0.454891689870014],"GT_T":[116.21256894875008,-39.11199405049141,833.9372343675419],"R_pred":[-0.5373093737158126,0.8355226583296718,0.11489353478259684,0.19094472520857703,0.25320589011746175,-0.9483811939957714,-0.8214856960605841,-0.4876357909624174,-0.2955885426404673],"T_pred":[94.29830312689295,-102.11456177205406,1180.8817923847455],"rotation_error":19.505131127549216,"translation_error":353.29886063186484,"ADD":0,"ADD_S":0}}
{"id_image":1027,"data":{"Best_template_id":147,"GT_R":[-0.7653889194569377,0.6403299379247421,0.06447735516797766,0.24811685938887634,0.386040213378923,-0.8884881659962034,-0.5938161990065649,-0.6640406803585467,-0.4543474398904339],"GT_T":[112.35065108255706,-39.69758416356222,834.53803707987],"R_pred":[-0.5591526279106402,0.8226949989416132,0.10257327827989116,0.20172139728447708,0.2550068773368912,-0.9456637723781565,-0.8041497476081325,-0.5080791584264666,-0.3085429503236627],"T_pred":[89.5313388139285,-101.04654681879639,1166.1803163447903],"rotation_error":17.71425178682886,"translation_error":338.03996454164684,"ADD":0,"ADD_S":0}}
{"id_image":1032,"data":{"Best_template_id":118,"GT_R":[-0.7605881196210172,0.6464316935119733,0.060267705911919885,0.252597900177443,0.3801584246243554,-0.8897607179817552,-0.598079866139023,-0.6615177521812726,-0.45243101227482757],"GT_T":[98.85535309142013,-39.68540332910817,838.8918234206577],"R_pred":[-0.8168258650488814,0.5671061365786015,-0.10576453111529877,0.4361897953918575,0.4871606643285661,-0.7565797707624492,-0.3775367115700883,-0.6641273349184199,-0.6452913407376557],"T_pred":[83.26732736379537,-109.01874063989985,1177.51335165353],"rotation_error":17.529689839988073,"translation_error":345.99803119599255,"ADD":0,"ADD_S":0}}
{"id_image":1034,"data":{"Best_template_id":118,"GT_R":[-0.761864731181374,0.645084443801105,0.05855080847527479,0.2509302052752858,0.37727004866464486,-0.8914602166573379,-0.5971561750341421,-0.6644803632963934,-0.4493001610832129],"GT_T":[98.70037391581918,-38.55638826046336,841.2953788143745],"R_pred":[-0.6063964934935417,0.7946690638845677,0.028006634634700933,0.46723737500090273,0.3845967960311768,-0.7960995791261408,-0.6434069692511906,-0.46966624680444913,-0.6045172359260069],"T_pred":[75.52003653709247,-107.40471952623787,1144.9974928908944],"rotation_error":16.644517500537344,"translation_error":312.2697469394384,"ADD":0,"ADD_S":0}}
{"id_image":1039,"data":{"Best_template_id":147,"GT_R":[-0.7687158419929343,0.6371173738290082,0.05619790944705755,0.24682380367527662,0.3765663613453694,-0.8929028604819116,-0.5900457495121694,-0.6725174109409481,-0.44672864137009827],"GT_T":[105.42734591105598,-35.438499987427974,846.8338318334062],"R_pred":[-0.6211983325603594,0.7834148727642892,0.019333100008583015,0.36114088161412605,0.3080821348904307,-0.8801492269997894,-0.6954781774083219,-0.5397652594351247,-0.4743032463052847],"T_pred":[81.13282670508269,-91.98829066999083,1071.816906677242],"rotation_error":12.308445635308836,"translation_error":233.2498369900355,"ADD":0,"ADD_S":0}}
{"id_image":1044,"data":{"Best_template_id":118,"GT_R":[-0.7757005766060714,0.628792479131676,0.05393576327356421,0.24386164996355314,0.37746483001495923,-0.8933378513431736,-0.5820820851724142,-0.6798094075028217,-0.4461385269717195],"GT_T":[110.58174738920236,-35.19827054451684,849.5423754030068],"R_pred":[-0.7833090060224455,0.6201431945658381,-0.043004875512032886,0.4093821443084628,0.46255952241954723,-0.7864127085318531,-0.4677961746375586,-0.6336095851963395,-0.6162025905023357],"T_pred":[100.65677379420201,-97.58560399237284,1160.164428260773],"rotation_error":12.820355651113632,"translation_error":316.98066849126366,"ADD":0,"ADD_S":0}}
{"id_image":1048,"data":{"Best_template_id":147,"GT_R":[-0.778185445875396,0.6257890969272727,0.05305711693991371,0.24359393210685426,0.3786217595958856,-0.8929208558554873,-0.5788685202755028,-0.6819330018566166,-0.4470763962523881],"GT_T":[106.60424996481864,-36.45484230787602,849.8647807366106],"R_pred":[0.8344637293701654,0.4566372119584052,0.3084683792878772,0.22872064301128642,0.22227694447972804,-0.9477762538770738,-0.5013553149475318,0.8614379934781204,0.08103969130155152],"T_pred":[10.95086039267116,-84.51690007121724,1002.2571971468251],"rotation_error":110.32026135750117,"translation_error":186.23367287478382,"ADD":0,"ADD_S":0}}
{"id_image":1054,"data":{"Best_template_id":118,"GT_R":[-0.7795740269695741,0.62419247425733,0.051456696961206604,0.24056582441152707,0.3742784601238078,-0.8955686014243964,-0.578266028955533,-0.6857840505155861,-0.4419368626342947],"GT_T":[99.63942240212178,-36.01959808187837,849.3472308592825],"R_pred":[-0.8797422886540308,0.31822561243248226,-0.3532505699156612,0.4494872030475897,0.3145038984373365,-0.8360912343543447,-0.15496696373815502,-0.8943264266808224,-0.41972071987226045],"T_pred":[78.69805491571294,-103.44222411888876,1133.8642007696974],"rotation_error":30.156180989557146,"translation_error":293.1454545800281,"ADD":0,"ADD_S":0}}
{"id_image":1060,"data":{"Best_template_id":147,"GT_R":[-0.7815820980302624,0.6216542296110988,0.051728397827154576,0.24535289727828033,0.38259237299242943,-0.8907438332291908,-0.5735249227186785,-0.6834975116437765,-0.4515521630308787],"GT_T":[93.34596841569119,-38.30504243491327,846.5357956615146],"R_pred":[-0.8029233363340129,0.5942581628054509,0.04659776721419137,0.27342863016081537,0.43664526528016945,-0.8570750821933812,-0.5296705581572735,-0.6754244208255291,-0.5130798686109805],"T_pred":[71.36868789766892,-87.64163091451975,982.0933038251303],"rotation_error":4.411549556910336,"translation_error":145.92099863043228,"ADD":0,"ADD_S":0}}
{"id_image":1063,"data":{"Best_template_id":118,"GT_R":[-0.7842026553188635,0.6182960073643764,0.052319342973656674,0.24415979635492416,0.3849887657413995,-0.8900389080038134,-0.5704493675658634,-0.6851963975422792,-0.45287245756764904],"GT_T":[93.44521178604641,-39.012726109927335,844.2138298903752],"R_pred":[0.6599273556091485,0.6958200914780823,0.2834259790741662,0.5075364548631847,-0.13470683421372076,-0.8510351436932718,-0.5539879351607101,0.7054703885433821,-0.44205078733650344],"T_pred":[6.429400398266022,-94.7959823129448,843.2997304760778],"rotation_error":96.03069961358345,"translation_error":103.36517151257708,"ADD":0,"ADD_S":0}}
{"id_image":1064,"data":{"Best_template_id":118,"GT_R":[-0.7852096061367875,0.6169539425337777,0.053039894805392215,0.24350589196784556,0.38639600327366935,-0.8896083168488111,-0.5693408829283815,-0.6856134603028546,-0.45363404638372945],"GT_T":[93.02757074968768,-39.933147417017324,843.5548597681027],"R_pred":[-0.6110376899244228,0.746843904822658,0.26240640868902143,-0.21365683712438788,0.1635884561613301,-0.9631145170543094,-0.7622228659925048,-0.6445641929552071,0.05960959417891465],"T_pred":[70.55576461768005,-76.79322598219723,1039.0236208725128],"rotation_error":33.31629028052247,"translation_error":200.1791298571325,"ADD":0,"ADD_S":0}}
{"id_image":1068,"data":{"Best_template_id":147,"GT_R":[-0.7886271345060041,0.6124906910904993,0.05406273466146818,0.24033901643808545,0.38799202325472676,-0.8897746422609796,-0.5659543715511959,-0.6887071891056176,-0.45318623444478895],"GT_T":[90.86877745420234,-37.23492295807442,841.9213627776894],"R_pred":[-0.6800894497406762,0.7305515035984256,0.06142345595539067,0.24955456378728183,0.3094653580304777,-0.9175803571742409,-0.6893481413947264,-0.6087082164462276,-0.3927765868613971],"T_pred":[67.05448048596982,-97.51571335998145,1144.1665404801752],"rotation_error":9.775109979045986,"translation_error":309.11655063418556,"ADD":0,"ADD_S":0}}
{"id_image":1070,"data":{"Best_template_id":118,"GT_R":[-0.7919284835055214,0.6083205784337846,0.05287214260080446,0.23796184916617663,0.38720539908721185,-0.8907559725821103,-0.5623371044630541,-0.6928335673949277,-0.451396523667877],"GT_T":[91.2395772975576,-33.80554448156765,841.5307977221416],"R_pred":[0.8694328608019479,0.4932586273650462,0.0279718981781924,-0.19371469168432068,0.3924367422407832,-0.8991484980608542,-0.4544899545461805,0.7763306833234094,0.4367488424108519],"T_pred":[-0.22100024373608199,-79.5868449907008,1272.87340006112],"rotation_error":118.67396743725345,"translation_error":443.3028370234693,"ADD":0,"ADD_S":0}}
{"id_image":1071,"data":{"Best_template_id":118,"GT_R":[-0.793630944645873,0.6064239220840065,0.04899506825854015,0.2394078690020609,0.3853163615113726,-0.8911876100020318,-0.5593157002649501,-0.695544019096878,-0.45098165933514706],"GT_T":[92.07612459537887,-32.407943951636895,841.2785344148755],"R_pred":[-0.06585180192215423,0.9803969045881894,0.18570258387405958,0.5627403231229379,0.1901758671454693,-0.804460358431017,-0.8240065951890778,0.05152716787642825,-0.5642322944103232],"T_pred":[48.820222885038326,-104.3276115675477,1128.937237080595],"rotation_error":50.937963411097655,"translation_error":299.65153235397037,"ADD":0,"ADD_S":0}}
{"id_image":1073,"data":{"Best_template_id":118,"GT_R":[-0.7955986096169213,0.60406754560968,0.04610233333896124,0.2392604023793846,0.3832105561166805,-0.8921346956739273,-0.5565758745381807,-0.698750876321284,-0.44941167642615476],"GT_T":[90.12048622179027,-32.48522824944495,840.4030452370015],"R_pred":[-0.7624990213530064,0.6101755223736693,0.21513036589874338,-0.2664400276597377,0.006863938633816402,-0.9638270581422318,-0.5895803203096129,-0.7922365292275094,0.1573414365676229],"T_pred":[66.09243801923184,-58.142996849487304,866.882163794806],"rotation_error":37.11249050087743,"translation_error":44.00922527784442,"ADD":0,"ADD_S":1}}
{"id_image":1074,"data":{"Best_template_id":118,"GT_R":[-0.7957821447545127,0.603934136704058,0.0446500338984322,0.2408944423135238,0.3833399683304402,-0.8916391152517237,-0.5556070597790991,-0.6987944584933373,-0.4505401339559209],"GT_T":[88.21833905473262,-33.97097348516092,839.7625755432355],"R_pred":[-0.8366876503853354,0.5207726439458045,0.16955715558584666,-0.07712876584002679,0.19446595962253244,-0.9778722534299059,-0.5422222138318025,-0.8312513722489631,-0.12254071552571855],"T_pred":[69.09330852492758,-69.31433662695778,861.2168744738386],"rotation_error":22.094773634237647,"translation_error":45.55444054691683,"ADD":0,"ADD_S":1}}
{"id_image":1075,"data":{"Best_template_id":118,"GT_R":[-0.796469499038328,0.6031046025051015,0.04359454392632091,0.24249955785930602,0.38462813815941516,-0.8906485125778774,-0.5539215983404724,-0.6988036626281804,-0.45259715577564885],"GT_T":[87.12891741982867,-37.342805812749376,839.0106179272632],"R_pred":[-0.7971750671239539,0.5876984809892846,0.13828379441860517,0.1253192248702447,0.38512356909503276,-0.9143166455913533,-0.5905988522117535,-0.7115408153931796,-0.38066082513934696],"T_pred":[62.65427352676175,-76.08741096706646,799.1529540151578],"rotation_error":7.042612864885679,"translation_error":60.73537679793154,"ADD":0,"ADD_S":0}}
{"id_image":1076,"data":{"Best_template_id":118,"GT_R":[-0.7963671147049493,0.6032283177678912,0.04375327462585907,0.2439884495040617,0.3866157790224285,-0.8893805018464346,-0.5534151729843066,-0.6975983110766377,-0.4550693001293177],"GT_T":[84.92237078946528,-40.252675796950776,838.1813136786898],"R_pred":[-0.6102561039620091,0.7883296343710354,0.07825519247653323,0.4472145882295214,0.42435275033875697,-0.7873524340183577,-0.6539010625865423,-0.44548976514883315,-0.6115163689516646],"T_pred":[58.69865385435186,-111.23302788887788,1148.3765230649235],"rotation_error":19.150424369452473,"translation_error":319.2913428816326,"ADD":0,"ADD_S":0}}
{"id_image":1078,"data":{"Best_template_id":147,"GT_R":[-0.7955209895807104,0.6043850854486235,0.04318967028082934,0.24697970630779353,0.3885245762546259,-0.8877214032722004,-0.5533053987043399,-0.6955348291551614,-0.4583499112197639],"GT_T":[80.67030031484963,-44.124177693312696,836.9803051380248],"R_pred":[-0.6878635082817841,0.7242947827826967,0.04733773978594896,0.23407310278465235,0.2830875034087459,-0.9300920642423357,-0.6870615522113295,-0.62869589870427,-0.3642634903821529],"T_pred":[54.7357437662286,-108.48099833934492,1152.0969902553015],"rotation_error":10.755862587989808,"translation_error":322.66534804087667,"ADD":0,"ADD_S":0}}
{"id_image":1081,"data":{"Best_template_id":118,"GT_R":[-0.7961700074467476,0.6035816628306315,0.042459392170089864,0.24854931312095194,0.39022036855739567,-0.8865396621890426,-0.5516665373633632,-0.6952829427387206,-0.4607011177108122],"GT_T":[77.46358497544533,-48.00800505164922,835.3149774614859],"R_pred":[-0.8720586658487631,0.41146239678642393,-0.26497618638067627,0.45975091929985334,0.5031680272069806,-0.7317451937659554,-0.16775808630589212,-0.7599477826978689,-0.6279622536837526],"T_pred":[50.24644859827394,-121.35080489391733,1145.4065510623802],"rotation_error":25.777853013752733,"translation_error":319.8073213976744,"ADD":0,"ADD_S":0}}
{"id_image":1090,"data":{"Best_template_id":118,"GT_R":[-0.8018914774092217,0.5959336774612479,0.04282283559197427,0.24685980622245177,0.39573967695673595,-0.8845626393468038,-0.544086936113075,-0.6987512617494789,-0.4644522087467092],"GT_T":[78.41274173758926,-49.022384752919294,833.6414344427974],"R_pred":[-0.9478383337028693,0.25487224971705774,-0.19142264622435362,0.22245935372325237,0.09883789905287044,-0.9699190201516039,-0.2282856305254476,-0.9619101860542805,-0.1503810654990131],"T_pred":[50.76825415249334,-91.53829543844046,734.9860706520924],"rotation_error":30.5751380474877,"translation_error":110.92655750512625,"ADD":0,"ADD_S":0}}
{"id_image":1103,"data":{"Best_template_id":29,"GT_R":[-0.8198848740395528,0.5714136434753408,0.03571121009379581,0.2384784453584655,0.3975528062409809,-0.8860474740324318,-0.5204963020694063,-0.7179407787712084,-0.46221786750286736],"GT_T":[94.4579561274841,-42.690173037909226,833.2374360433915],"R_pred":[0.8427329056966586,-0.5325774934184061,-0.07850135769675776,0.47702180993940646,0.8063577411562889,-0.34962463603050076,0.24950238976450612,0.2571933256939124,0.9335952820790739],"T_pred":[-9.51184880407617,-51.87430097109041,1198.3010350076202],"rotation_error":179.87482142472038,"translation_error":379.6913217761434,"ADD":0,"ADD_S":0}}
