{"id_image":620,"data":{"Best_template_id":13,"GT_R":[0.9481692754069381,0.02772776247710488,0.3165549029806755,0.11567654012703661,0.8977167104578057,-0.42511548278712363,-0.295965078299497,0.439699193758738,0.847979499642519],"GT_T":[53.29526835731406,-82.74726155574957,1033.8833874861082],"R_pred":[0.9650961485456191,0.2431180237842722,-0.09738095590844334,-0.1636065978276626,0.8500185383210074,0.5007008744329047,0.2045050249007823,-0.4672923185992339,0.8601253302679106],"T_pred":[16.233600803807942,-85.17205573021545,1231.5667079574778],"rotation_error":63.71547236546249,"translation_error":201.14209410568776,"ADD":0,"ADD_S":0}}
{"id_image":623,"data":{"Best_template_id":62,"GT_R":[0.9484791652525482,0.024660518790920946,0.3158805648640628,0.11860104637843806,0.8968526829700617,-0.42613296954600927,-0.29380737695087256,0.4416416550326362,0.8477201932055513],"GT_T":[53.47927686556866,-85.86793688541815,1032.290464431789],"R_pred":[0.6926614278105818,0.045314400245623325,0.719838003688181,0.15844613907529806,0.9640851224339868,-0.21315416419478175,-0.7036440630287003,0.26169922015899116,0.6606046856726331],"T_pred":[65.26478178881413,-89.9396455626685,1055.5900383067328],"rotation_error":29.421300974944042,"translation_error":26.426257408157674,"ADD":0,"ADD_S":1}}
{"id_image":629,"data":{"Best_template_id":62,"GT_R":[0.9498848703647842,0.024149141451888574,0.31166692357995923,0.11842733903186271,0.8948949711921589,-0.4302763169993086,-0.28930089290646577,0.4456223726976292,0.8471860939790079],"GT_T":[55.299506025266666,-91.31929794575099,1028.3339667629662],"R_pred":[0.9769706015122498,-0.06999624593982373,0.20156629017552669,0.13764917683696695,0.9285591837963518,-0.3447180678519161,-0.1630372592289821,0.3645248520221695,0.9168099499685401],"T_pred":[18.548115015314032,-106.37076593448401,1033.4312024435417],"rotation_error":9.761334868599045,"translation_error":40.03989562131268,"ADD":0,"ADD_S":1}}
{"id_image":633,"data":{"Best_template_id":62,"GT_R":[0.9492621003698556,0.021504907550620452,0.3137520650670067,0.12256394019609115,0.8934780860382033,-0.43205801087656037,-0.28962270826170766,0.4485905726740936,0.8455079309147001],"GT_T":[60.24873326750378,-95.02587591918632,1025.9684700160865],"R_pred":[-0.023945703242084008,-0.09067548378568768,-0.9955925672364542,-0.023654237866343984,0.9956507072136876,-0.09011185413610139,0.9994333796342828,0.02139219168563812,-0.02598641582982251],"T_pred":[-68.83396079205384,-85.89250708073388,946.3856063514721],"rotation_error":110.89329816225103,"translation_error":151.91837453406737,"ADD":0,"ADD_S":0}}
{"id_image":640,"data":{"Best_template_id":13,"GT_R":[0.94905835892881,0.027881462658484617,0.3138663589948227,0.11728816079643162,0.8932456709316213,-0.4340002951188013,-0.29246085393430316,0.44870441571159353,0.8444707979731684],"GT_T":[69.33128546538481,-93.77631582858912,1025.1819486852385],"R_pred":[0.9494594612735027,-0.28147727283284685,-0.13891463665436143,0.06733816912732252,0.6149081258255564,-0.7857185041554525,0.3065816406388521,0.7366536103707663,0.6027845020825477],"T_pred":[-17.88972880385913,-103.7281054902351,691.2991090011448],"rotation_error":41.50834653891948,"translation_error":345.23078379996696,"ADD":0,"ADD_S":0}}
{"id_image":642,"data":{"Best_template_id":62,"GT_R":[0.9485591470215364,0.026690838587226137,0.3154736292145022,0.11923414665039231,0.8929589314237403,-0.4340590314143275,-0.2932907538031628,0.4493461108614126,0.8438405695286088],"GT_T":[70.9855188861568,-94.80523939097368,1024.951664669154],"R_pred":[0.41300093374348934,-0.044569988816314354,-0.9096393487662677,0.356981021101525,0.926797193741653,0.1166683858031369,0.8378512871030983,-0.37290813583174964,0.3986787465242797],"T_pred":[-58.437625318857705,-69.96637972438755,953.1765637984998],"rotation_error":94.40934763373853,"translation_error":150.06326769213354,"ADD":0,"ADD_S":0}}
{"id_image":644,"data":{"Best_template_id":13,"GT_R":[0.9489209340596478,0.02558258910750422,0.3144775895053232,0.11980964608086064,0.8928370272659176,-0.4341520434843498,-0.2918838427235644,0.4496532273554479,0.8441653933423964],"GT_T":[71.04090264660637,-95.60915183147061,1024.34979574588],"R_pred":[0.9756698029604163,0.2104000120309769,-0.06164633426690676,-0.19065931196395247,0.6754053311037467,-0.7123739646267755,-0.10824722792115589,0.7067952133779649,0.6990873078474407],"T_pred":[21.372071939535715,-112.67544924301463,838.4355136778255],"rotation_error":29.492165535256753,"translation_error":193.18998816715913,"ADD":0,"ADD_S":0}}
{"id_image":651,"data":{"Best_template_id":62,"GT_R":[0.9493011689737214,0.022184954586671083,0.31358608038271635,0.12300713197059407,0.8917644894722294,-0.4354605672482552,-0.28930611241813475,0.45195608729645614,0.8438231807892187],"GT_T":[76.09149994345806,-99.8916127380846,1021.2090747276688],"R_pred":[0.6057514485839984,-0.03903616729752371,0.7946957658004145,0.359737597498896,0.9043157158668974,-0.22978674239795263,-0.7096858766271946,0.4250755976045444,0.5618333319028248],"T_pred":[95.18763321817033,-106.83783403442156,1001.1903079389341],"rotation_error":34.631403486845606,"translation_error":28.52478431268163,"ADD":0,"ADD_S":1}}
{"id_image":653,"data":{"Best_template_id":62,"GT_R":[0.9493222140698018,0.022818714524202907,0.3134751982430712,0.12226923976132698,0.8919891476070084,-0.4352071781638017,-0.2895478481046848,0.4514802122631325,0.8439944225158525],"GT_T":[78.09734621807138,-99.74720443681599,1020.6478128688436],"R_pred":[0.9756204415777131,0.009948030203551977,0.21923911756522219,0.07119041554566195,0.9306085353598968,-0.35902601389000155,-0.20759739572100627,0.36588084209258187,0.9072125057997598],"T_pred":[42.62747338299865,-115.2777576873625,1044.4258030390272],"rotation_error":7.8708277928978365,"translation_error":45.43900064633504,"ADD":0,"ADD_S":1}}
{"id_image":660,"data":{"Best_template_id":13,"GT_R":[0.9498212539058425,0.022256848283857614,0.3120022855031362,0.1218121208851903,0.8924008193073036,-0.434490425916411,-0.2881016253749326,0.45069416659854533,0.8449096568727819],"GT_T":[84.52066621548808,-97.43986493514106,1020.0936173575697],"R_pred":[0.6396872255331949,0.7666545950257305,-0.05514513047927874,-0.6769775444743581,0.5959306998844223,0.43193518635639216,0.36400777157515773,-0.23897140594890373,0.9002172012196236],"T_pred":[92.17596029888759,-94.16664008692833,1140.9047446611335],"rotation_error":77.96121188803902,"translation_error":121.09767135980853,"ADD":0,"ADD_S":0}}
{"id_image":662,"data":{"Best_template_id":62,"GT_R":[0.9503756588296918,0.02187866897989761,0.31033625372709017,0.12089184413419132,0.893158607562965,-0.4331881629858208,-0.2866575481891113,0.44920911590677265,0.8461906234717388],"GT_T":[83.94565152182494,-95.65064737703848,1020.0429319111063],"R_pred":[0.8487805571243882,-0.014314095881339209,0.5285514851996096,0.17198279861913535,0.9527499931517873,-0.2503784486100976,-0.49999348278426914,0.30341812274214797,0.8111374482570064],"T_pred":[77.54975608483679,-106.13633360729285,1067.8534136778585],"rotation_error":16.605825339796343,"translation_error":49.36293407942014,"ADD":0,"ADD_S":1}}
{"id_image":671,"data":{"Best_template_id":62,"GT_R":[0.9521519900973413,0.021594700441593735,0.30486107343652874,0.11836683920623257,0.8935966035209133,-0.43298349781527434,-0.28177369857128143,0.4483518892919633,0.848282600003997],"GT_T":[88.64448760733268,-96.327954865031,1018.7022561339635],"R_pred":[0.8477857884952491,-0.031151584705170536,0.5294231158495494,0.11639581456172665,0.9848631335210647,-0.12843917853825418,-0.517408224884376,0.17051154506785157,0.8385788822887046],"T_pred":[85.89876963410826,-97.80901337867759,1097.586940894462],"rotation_error":22.256007587203435,"translation_error":78.94634881533511,"ADD":0,"ADD_S":0}}
{"id_image":681,"data":{"Best_template_id":13,"GT_R":[0.9540245927538668,0.029360717250029117,0.29828882932191875,0.10931558628682363,0.8925588027132954,-0.4374800691408034,-0.2790856316067886,0.44997400642680196,0.8483124478525814],"GT_T":[94.13717376729724,-97.19356988289346,1015.2946224890326],"R_pred":[0.7160375095592264,-0.6881793921699764,0.11704447486653301,0.6980032040732973,0.7080139146019697,-0.10727452555665486,-0.009044999039884552,0.15851000259465128,0.9873159408567311],"T_pred":[-20.91867553826706,-44.294904122796126,473.67858809651375],"rotation_error":46.98403363939974,"translation_error":556.2230182307285,"ADD":0,"ADD_S":0}}
{"id_image":682,"data":{"Best_template_id":62,"GT_R":[0.9541740361949703,0.03057689644647549,0.2976882070626706,0.10752876889001867,0.8932979029122154,-0.436413139092831,-0.2792684432208601,0.44842358714989455,0.8490723974845691],"GT_T":[94.85117393151008,-96.33178729279534,1015.453542694505],"R_pred":[0.6823837110141081,-0.04937750670993531,0.7293245729945785,0.295128844626769,0.931395641492277,-0.21307539529109842,-0.6687685967596584,0.36064389755033943,0.6501419407697197],"T_pred":[111.16054075557695,-105.31078038852958,1041.8708207604375],"rotation_error":30.46056152503036,"translation_error":32.31857582920406,"ADD":0,"ADD_S":1}}
{"id_image":701,"data":{"Best_template_id":62,"GT_R":[0.958079312691342,0.039293155404554414,0.2837984726130437,0.09181413343502177,0.8962022769374827,-0.43404023513521284,-0.2713954689163172,0.44190176568823425,0.855024441067144],"GT_T":[93.43014454154735,-84.7659179253815,1015.7562287487801],"R_pred":[0.7748474758151626,0.018642787162190755,0.6318732750399374,0.10139999946874649,0.9829564403932276,-0.15334495882556265,-0.6239626826426476,0.18289090402833202,0.7597509380666075],"T_pred":[103.0729751377527,-86.07506703447821,1076.8139874131002],"rotation_error":27.190502864479043,"translation_error":61.828374929374604,"ADD":0,"ADD_S":1}}
{"id_image":712,"data":{"Best_template_id":62,"GT_R":[0.9579551918664796,0.039835451112231586,0.2841414580334188,0.08951075455387163,0.8993968347816921,-0.4278692615417316,-0.27260133423826705,0.43531303880649136,0.8580155529919363],"GT_T":[104.44798565544137,-76.16591351778084,1016.4175790059023],"R_pred":[0.12856645968169395,-0.06705285339626489,0.9894314429490983,0.19474463705606376,0.9799921687367547,0.04110809594878745,-0.9723914807230768,0.18740134488858856,0.1390523072484988],"T_pred":[153.08077021241584,-62.851696971857784,1027.697858057683],"rotation_error":68.01166828279831,"translation_error":51.668760305264435,"ADD":0,"ADD_S":0}}
{"id_image":721,"data":{"Best_template_id":62,"GT_R":[0.9568376982702748,0.03621275791222957,0.28836016825040645,0.09471248101841506,0.8991853202932407,-0.4271955755582493,-0.27475987283674386,0.43606785477613946,0.8569433846621903],"GT_T":[115.80466448129724,-77.57076204088193,1013.9752940123628],"R_pred":[0.7662325587904931,0.014488070317206059,0.6424000012981453,0.22625273096854878,0.9296376170957743,-0.29083260238454023,-0.6014128096230135,0.36819016377270897,0.7090406446194596],"T_pred":[121.62483006654713,-90.77605822626559,1009.8608979595024],"rotation_error":23.514162015725304,"translation_error":15.006079756659606,"ADD":0,"ADD_S":1}}
{"id_image":722,"data":{"Best_template_id":62,"GT_R":[0.9571478371783599,0.03544061857973366,0.2874235032186225,0.09519816582296509,0.8988240749097258,-0.42784584076394466,-0.2735072344079273,0.43687388747920847,0.8569334135502479],"GT_T":[116.42586696217036,-77.40333771472159,1013.9831906699117],"R_pred":[-0.44761692157455035,-0.0434669074490642,0.8931683600962013,0.20977904762717006,0.9658403063262534,0.1521356429382903,-0.8692708684275348,0.25546649610550487,-0.42320801820241516],"T_pred":[161.96451295029783,-51.93046789109833,931.0147119624311],"rotation_error":100.47347340630688,"translation_error":98.01226369448322,"ADD":0,"ADD_S":0}}
{"id_image":735,"data":{"Best_template_id":62,"GT_R":[0.9577590813292681,0.041154750585557044,0.28461359925522495,0.08881995908642926,0.8989835938175198,-0.4288810252223531,-0.2735141335138671,0.43604426223595044,0.8573537278182641],"GT_T":[123.97907056216644,-76.86978037406891,1011.5584350651048],"R_pred":[0.9530640355487618,0.02337877067870984,0.30186483270672765,0.07379663130260397,0.9490078541041908,-0.3064933116023034,-0.29363753396304076,0.3143843601868761,0.9027399806799258],"T_pred":[103.9468219464912,-92.92418642577614,1094.8386551904166],"rotation_error":7.650754270199147,"translation_error":87.14717437985983,"ADD":0,"ADD_S":0}}
{"id_image":737,"data":{"Best_template_id":13,"GT_R":[0.9580586855903085,0.03973738008749033,0.2838056985478626,0.08983968674260502,0.8987692010419727,-0.4291184673472498,-0.2721286732917648,0.43661698319702796,0.8575027510992257],"GT_T":[124.71265642782666,-77.64490789095443,1010.8490296230441],"R_pred":[0.9276596285842128,-0.3512445240210008,0.12678682045173717,0.371833645394095,0.9001614896992827,-0.2268237919956961,-0.034457998315904445,0.2575588802732862,0.9656480049916907],"T_pred":[79.43056985570526,-120.03472425535283,1174.1423729043838],"rotation_error":25.81351413997617,"translation_error":174.6770730683623,"ADD":0,"ADD_S":0}}
{"id_image":751,"data":{"Best_template_id":13,"GT_R":[0.9585850053375133,0.04208045461855079,0.281683275247558,0.08625602847004323,0.8996826071483905,-0.4279373316863808,-0.2714343023845881,0.4345113567853095,0.8587917090128344],"GT_T":[129.94455432178967,-74.48507568451893,1009.8999522156149],"R_pred":[0.8904845612729397,-0.3663213452665885,0.2698998298195404,0.4410989134312547,0.8405554292142374,-0.3144810312057559,-0.11166465288669693,0.39909302477059905,0.9100855799731955],"T_pred":[85.90162122666058,-106.95349565781497,1071.6775099105168],"rotation_error":23.909807818539065,"translation_error":82.52541963499054,"ADD":0,"ADD_S":0}}
{"id_image":757,"data":{"Best_template_id":62,"GT_R":[0.9597085693615216,0.04659971737374537,0.2771077800778508,0.08032184892983289,0.8995145386447742,-0.42944416693535603,-0.2692744296932443,0.4343994690213029,0.8595281716675996],"GT_T":[129.9993369082259,-74.79402466040288,1007.8974072205505],"R_pred":[-0.14605041763645543,0.07414843458034631,-0.986494442537565,-0.6300037449943645,0.761862264115764,0.15053628070826702,0.762734919091353,0.643481079881675,-0.06455651038447494],"T_pred":[-8.21760800840528,-24.545152005977013,757.1460764258412],"rotation_error":114.24771392584891,"translation_error":290.6976143012623,"ADD":0,"ADD_S":0}}
{"id_image":769,"data":{"Best_template_id":13,"GT_R":[0.961793068260486,0.05120620478822687,0.2689467886230536,0.07254975650000679,0.8995629990302341,-0.4307227867021048,-0.26399102400929597,0.43377799743676365,0.8614782096048543],"GT_T":[130.88440609566527,-74.75118346982413,1005.3660827480159],"R_pred":[0.9078614361090761,0.3213063087303376,0.2693508284673557,-0.18337351097914933,0.8820150223841342,-0.43407793742586714,-0.37704345677540363,0.3446908125535118,0.8596664908230716],"T_pred":[134.99503713109888,-114.02451913647413,1163.553751126229],"rotation_error":16.382562665536877,"translation_error":163.04180632227533,"ADD":0,"ADD_S":0}}
{"id_image":923,"data":{"Best_template_id":13,"GT_R":[0.985704243476814,0.0704034779880539,0.1530727400163023,0.00719019718560673,0.8901083634738218,-0.45569197250878424,-0.16833421350581995,0.4502781106287754,0.8768762072766877],"GT_T":[117.35985264369731,-94.46580428776495,972.5384612219846],"R_pred":[0.9927199817637916,0.10245687486770912,-0.06332161241820108,0.10484605065818105,-0.9938500795925097,0.03562758699862237,-0.05928189831879892,-0.04200723849891669,-0.9973570315816773],"T_pred":[72.09170412977517,-202.33180760675347,841.6272583350382],"rotation_error":154.65954939661205,"translation_error":175.56202033241073,"ADD":0,"ADD_S":0}}
{"id_image":1026,"data":{"Best_template_id":13,"GT_R":[0.9959953732800848,0.07513927527786313,0.04845774689829159,-0.044237979165537886,0.8851323904353965,-0.46323164019351304,-0.07769846040443111,0.4592328680175776,0.8849105965312777],"GT_T":[72.6530882700708,-88.77274082341735,942.5757570164736],"R_pred":[0.9964346448365958,0.08384213240846386,0.009407199507226814,-0.0754391892908782,0.9353451927570524,-0.34559846513751696,-0.037774691110612706,0.34365661236105166,0.9383353374418038],"T_pred":[43.690814661322314,-123.62613259883275,1076.953981255976],"rotation_error":7.771582250044958,"translation_error":141.8135372966932,"ADD":0,"ADD_S":0}}
{"id_image":1044,"data":{"Best_template_id":62,"GT_R":[0.995978457244575,0.08631390915358161,0.02404555761666074,-0.06517623867796363,0.8820542420634367,-0.46661767312425917,-0.0614856954210798,0.46317358278649107,0.8841316754296584],"GT_T":[57.828670902413776,-86.7335529333518,938.1965794740606],"R_pred":[0.9965919326252223,0.05375697205679943,-0.06256762566702499,-0.07244544665152595,0.9331104692011409,-0.35221656622976644,0.03944841043420365,0.35554892802891563,0.9338248137052815],"T_pred":[18.746153850954798,-112.98696910133785,1017.6209683448864],"rotation_error":8.935931988265814,"translation_error":92.33048546970389,"ADD":0,"ADD_S":0}}
{"id_image":1052,"data":{"Best_template_id":62,"GT_R":[0.9962420462328657,0.08493155916698615,0.01701858483711695,-0.06714699275135425,0.8813405369373688,-0.46768510656776846,-0.054720742859660304,0.4647847951698797,0.8837299529941796],"GT_T":[53.63645686580617,-88.72534478151728,934.0386740969225],"R_pred":[0.8954128817587844,-0.0453035816621285,0.44292590426504963,0.0782471453593877,0.9953386111609729,-0.05637759639477825,-0.4383071473562071,0.08513891366894763,0.8947838900850504],"T_pred":[60.54397761840081,-95.28965268639742,1059.3466053108014],"rotation_error":34.493216323313284,"translation_error":125.66973226007843,"ADD":0,"ADD_S":0}}
{"id_image":1058,"data":{"Best_template_id":13,"GT_R":[0.9965932781498021,0.08131980033101871,0.013814200912925685,-0.06547511973511838,0.8817654608414687,-0.46712063702265144,-0.05016799514276656,0.4646249157559233,0.8840848283860049],"GT_T":[52.92997761842271,-89.41814492989414,931.1959336690398],"R_pred":[0.991806014872457,0.1277509524160818,0.0007232009399961714,-0.11942458010314651,0.9291442553136542,-0.34989816016209946,-0.045371781208177794,0.3469447318729873,0.9367874649543397],"T_pred":[21.447223459902098,-118.58560383851061,1037.8923242518006],"rotation_error":7.893072965949799,"translation_error":115.00445309630715,"ADD":0,"ADD_S":0}}
{"id_image":1066,"data":{"Best_template_id":13,"GT_R":[0.9966349369616203,0.08168351345835222,0.006937394750563094,-0.06889789035505094,0.8804789882982298,-0.4690512344490065,-0.04442216335286669,0.4669944808462378,0.8831431555282074],"GT_T":[51.020810183482155,-91.18495831499597,926.6604752986118],"R_pred":[0.9238299795555015,-0.38250097431909763,0.015204391451901153,0.34593582246058957,0.8171915684957861,-0.4610057994406495,0.16391026695419997,0.431150721934149,0.8872668591594441],"T_pred":[-0.6903069632579517,-180.91962620197796,1240.9047713253565],"rotation_error":27.180034795851917,"translation_error":330.871316137702,"ADD":0,"ADD_S":0}}
{"id_image":1077,"data":{"Best_template_id":62,"GT_R":[0.9963071285672763,0.08586609171048229,0.0006757000897993637,-0.07551920054025227,0.8799386919882107,-0.46904635661273536,-0.04086929551496553,0.4672636672360549,0.8831723524623611],"GT_T":[50.08648801461455,-89.58195066541357,924.6831250922539],"R_pred":[0.8777992072713109,0.02462542176203946,0.47839538074368965,0.043532770503833106,0.9904445364326613,-0.1308606821889267,-0.4770465906031807,0.13569527940843173,0.8683394160926642],"T_pred":[61.6194125549258,-100.51279770748923,1045.6120624504442],"rotation_error":34.085039940260295,"translation_error":121.96843713063998,"ADD":0,"ADD_S":0}}
{"id_image":1094,"data":{"Best_template_id":13,"GT_R":[0.9964828795719789,0.08344218184246892,-0.00783525305148593,-0.07776559085556149,0.8857156460012033,-0.4576690514482882,-0.03124905373470532,0.4566675623522506,0.8890874345930155],"GT_T":[49.11466827720589,-75.87015094070799,924.9492754467354],"R_pred":[0.9986696393585157,0.04002450218869927,0.032511392589042856,-0.02663850053437601,0.940294040489571,-0.339319182642357,-0.044151350067830455,0.3380017110080125,0.9401093030296233],"T_pred":[4.1297318898484825,-63.00340273854793,754.6212046080555],"rotation_error":8.106311861219812,"translation_error":176.63762177604966,"ADD":0,"ADD_S":0}}
{"id_image":1098,"data":{"Best_template_id":13,"GT_R":[0.9965813787064841,0.0816321292002759,-0.012785105250673823,-0.07843979781686544,0.8860510193341959,-0.4569031109224684,-0.0259702811445438,0.4563439733660898,0.8894236591396686],"GT_T":[47.25343884946955,-75.5509072687159,923.4898119251175],"R_pred":[0.9892456476990776,0.1337325704977852,-0.05923384249301457,-0.14581081030300708,0.9335347051321911,-0.3274937585856158,0.01150026552792753,0.3326087099007,0.9429947984962479],"T_pred":[15.49722003300145,-118.16718649493518,1116.6824043730815],"rotation_error":8.889789539356748,"translation_error":200.36961462599965,"ADD":0,"ADD_S":0}}
{"id_image":1105,"data":{"Best_template_id":62,"GT_R":[0.9966440180606748,0.07988315730623982,-0.01792383676930518,-0.07929257075908742,0.8873666209363581,-0.4541937133410482,-0.020377464901366982,0.45409043416468536,0.8907220740447079],"GT_T":[46.98400174434306,-73.59009379729476,921.5903833222736],"R_pred":[0.8911971557104355,-0.034749088973697405,0.4522832414197191,-0.00657223946289775,0.9959677632996409,0.08947077811415827,-0.4535685563639439,-0.08270861674220331,0.8873752584980714],"T_pred":[57.22163477165568,-66.85578114527748,1046.9622518430142],"rotation_error":42.13695564629321,"translation_error":125.96930385327572,"ADD":0,"ADD_S":0}}
{"id_image":1113,"data":{"Best_template_id":13,"GT_R":[0.9970353273435345,0.07464718668781982,-0.01871734321422587,-0.07515868527025725,0.8921929248403949,-0.4453572436886422,-0.016545320534666893,0.44544377127189294,0.8951563841932794],"GT_T":[48.620273976703174,-67.1443197748595,921.8091460538365],"R_pred":[0.9963927480026669,0.08371897619747881,0.013878931952424584,-0.07435150694189185,0.9400715277324746,-0.3327722587028568,-0.04090654156933658,0.3305399458025871,0.9429050848763405],"T_pred":[9.617321853410111,-78.95718215255958,906.8259889450298],"rotation_error":7.2736561986505714,"translation_error":43.41968434746566,"ADD":0,"ADD_S":1}}
{"id_image":1125,"data":{"Best_template_id":62,"GT_R":[0.9972108403945863,0.06999071463235401,-0.02593274723290774,-0.07423039401713791,0.8935701952320151,-0.44274417224750073,-0.007815838820875201,0.44343446647154144,0.8962726143574083],"GT_T":[45.11245129676158,-68.48811235452304,917.6819934373365],"R_pred":[0.047809141281082664,-0.05567715355763735,0.9973035348286323,-0.14835509593440202,0.9869753669745026,0.062212462544417285,-0.9877778351027422,-0.1509293859964501,0.03892645530323468],"T_pred":[116.22119319484904,-57.98292037956997,932.4937429423004],"rotation_error":94.0427678209759,"translation_error":73.39073617396978,"ADD":0,"ADD_S":0}}
{"id_image":1130,"data":{"Best_template_id":62,"GT_R":[0.9970939330454512,0.06948124131755538,-0.0312670688916653,-0.07613670680608207,0.8929284974687545,-0.44371297265716486,-0.0029106124698314558,0.4448037226663341,0.8956224589489756],"GT_T":[41.78337679575209,-69.2527334284797,915.3031693218002],"R_pred":[0.9922381833712405,-0.0015474871099837376,-0.12434224038429179,-0.03864601424188617,0.9465709773382426,-0.3201716265444836,0.11819421747004588,0.322491845082273,0.9391640627771458],"T_pred":[-0.4093508006490358,-96.15319284972081,1019.1633725340524],"rotation_error":10.32724027140463,"translation_error":115.28574409001438,"ADD":0,"ADD_S":0}}
{"id_image":1145,"data":{"Best_template_id":62,"GT_R":[0.9969285455396528,0.06796438053266532,-0.03893206079590785,-0.07820184608594395,0.8916407692306145,-0.44593878733329495,0.004405275476959272,0.4476133186550324,0.8942154814622779],"GT_T":[39.89514490905994,-73.27079995800179,910.0406930861859],"R_pred":[0.8924968101202413,0.02167554706930664,0.45053258992490247,-0.013412995433851306,0.9996783405344882,-0.02152456781687745,-0.45085422863569274,0.013167616544316014,0.8925004640871939],"T_pred":[49.57144680862587,-77.3699851731886,1033.4814958446489],"rotation_error":37.92249621940478,"translation_error":123.88731139036679,"ADD":0,"ADD_S":0}}
{"id_image":1150,"data":{"Best_template_id":13,"GT_R":[0.9968133075772154,0.06788475763905896,-0.04190508357342255,-0.07947081228684236,0.8909745126923608,-0.4470441790379573,0.006988267855388073,0.44894946130614016,0.893529422512168],"GT_T":[39.719255076645155,-75.67303997966638,909.2637779548088],"R_pred":[0.9096391604647324,-0.41379428782262884,0.03648129814549296,0.40622119790485023,0.8677448121483485,-0.2863621472233646,0.08683856356346221,0.27530569982292563,0.9574266737057433],"T_pred":[-23.57104534865439,-97.1337332133371,843.8522144772058],"rotation_error":30.362591183789476,"translation_error":93.5141492961299,"ADD":0,"ADD_S":0}}
{"id_image":1169,"data":{"Best_template_id":62,"GT_R":[0.996444578848699,0.06446237200242941,-0.054269523764901254,-0.0819878539252564,0.8903803562649458,-0.4477733574492452,0.019456021386413204,0.4506302192790997,0.8924981352156329],"GT_T":[37.687181442562995,-79.52236895354119,910.6062509647958],"R_pred":[0.9754528961604448,-0.06969043082593693,-0.20888966279712273,-0.00014737418187498602,0.9483939707374771,-0.31709439375310927,0.22020814165931935,0.3093414296858678,0.9251033748867488],"T_pred":[-11.231927019036407,-109.41487207345098,1010.1103171080939],"rotation_error":14.69333208388935,"translation_error":114.83771198740156,"ADD":0,"ADD_S":0}}
{"id_image":1189,"data":{"Best_template_id":13,"GT_R":[0.9958128824321333,0.06235891196226738,-0.06685901840530988,-0.08566775805220114,0.8918673676223889,-0.4441091674846989,0.03193537517643379,0.44797764010345736,0.8934739232065484],"GT_T":[36.377340249419504,-77.53045486172743,914.3024541854217],"R_pred":[0.9607919017609251,-0.2772514494056335,-0.0032488941349732986,0.26072806795254166,0.9073941844821425,-0.3296311098026432,0.0943387306060433,0.315859822976052,0.9441042188959742],"T_pred":[-18.33448959710344,-104.2614191887147,903.4865360623485],"rotation_error":21.48148358883229,"translation_error":61.845879926237345,"ADD":0,"ADD_S":0}}
{"id_image":1192,"data":{"Best_template_id":62,"GT_R":[0.9956441898072448,0.06211812227694859,-0.06953045990582461,-0.08652547743604638,0.8934051863411845,-0.4408396923904997,0.03473461058923727,0.4449362920966216,0.8948878736801918],"GT_T":[36.78971627282663,-73.914613944175,915.3012149549753],"R_pred":[0.5610964838570888,-0.010651011355354553,0.8276818783568477,0.25522379620582847,0.9534254604738531,-0.16075044376457148,-0.7874208211963266,0.3014406198197732,0.5376820650432498],"T_pred":[87.93751683863248,-91.63152132143551,986.3276245724173],"rotation_error":60.364695559973065,"translation_error":89.3013839359645,"ADD":0,"ADD_S":0}}
{"id_image":1209,"data":{"Best_template_id":13,"GT_R":[0.9942658530076178,0.061413382894927135,-0.08754715064495244,-0.09351602578509532,0.8964206223147531,-0.43322538737059674,0.05187309739670364,0.43892850314133447,0.8970233876439251],"GT_T":[28.425737400526085,-65.48073655412195,914.3818878362412],"R_pred":[0.9708193122989051,-0.23972093847599593,-0.006613208273503861,0.22511141008883942,0.92046722081475,-0.3194760530202298,0.08267234069079776,0.3086648134494084,0.9475712727932113],"T_pred":[-25.620117312702085,-83.3745439736699,852.5072919196805],"rotation_error":19.664994299913186,"translation_error":84.08096321694289,"ADD":0,"ADD_S":0}}
{"id_image":1216,"data":{"Best_template_id":62,"GT_R":[0.9938145858565351,0.06305854321310368,-0.09141403210756155,-0.09671568380813039,0.8960076962070846,-0.4333765899000531,0.05457961392501553,0.43953723295122793,0.89656395468797],"GT_T":[27.781305227518878,-66.02712776711283,913.8113080054972],"R_pred":[0.9441323292881647,-0.01405763368662103,0.32926665140587424,0.027997048755111775,0.998899416804726,-0.03763137478463976,-0.32837525798072636,0.044747492022580486,0.9434868053681411],"T_pred":[31.97610408803576,-72.6260610662384,1066.7932558874659],"rotation_error":33.71742640624979,"translation_error":153.18165241283924,"ADD":0,"ADD_S":0}}
{"id_image":1242,"data":{"Best_template_id":13,"GT_R":[0.9915793954617081,0.0643029741882241,-0.11241287182928855,-0.106651402955073,0.8978685136358555,-0.42715021910934187,0.07346447983306821,0.435542449765692,0.8971649287461294],"GT_T":[16.091595245785747,-60.70900383816033,909.5288618608646],"R_pred":[0.9549683212975751,-0.2912016606576075,-0.05689550200449006,0.2622870204691418,0.9181642941207023,-0.29695091832700626,0.1387120189872214,0.2686557682836608,0.9531962305613702],"T_pred":[-40.385746140666924,-71.37897844671323,793.8326425751004],"rotation_error":23.05685341833624,"translation_error":129.18650705568564,"ADD":0,"ADD_S":0}}
{"id_image":1246,"data":{"Best_template_id":62,"GT_R":[0.9913324558689791,0.06210104844083529,-0.11577597670267414,-0.1060355547729881,0.898495182298899,-0.4259849274607521,0.0775701057552095,0.4345691773986921,0.8972916036459144],"GT_T":[13.823516603180174,-60.1963071272516,908.4416012155782],"R_pred":[0.9787140340044596,0.026013990244453028,-0.2035733576730488,-0.09825285503954334,0.9302632185418217,-0.35349217912818026,0.1801810648189649,0.36596942022493145,0.9130176161175269],"T_pred":[-28.87115628350131,-85.94640032348534,988.1218481213617],"rotation_error":7.135165833256286,"translation_error":93.99385160467722,"ADD":0,"ADD_S":0}}
{"id_image":1263,"data":{"Best_template_id":62,"GT_R":[0.9899753893867093,0.06418160819240555,-0.12581743259192665,-0.11305980600419135,0.8940106545350052,-0.43354566492532287,0.08465660342515367,0.44342461767246877,0.892304056179976],"GT_T":[10.377329153748853,-69.42879808643268,902.5869639263275],"R_pred":[0.9945543384508317,-0.09350697597763702,0.046022965051656026,0.10370989977794323,0.9315747969665711,-0.34844318668147445,-0.01029196563720014,0.35131872011068455,0.9361993550217353],"T_pred":[-10.945234288411507,-104.68706199945002,1029.5519784629573],"rotation_error":14.618282927133277,"translation_error":133.48375107926643,"ADD":0,"ADD_S":0}}
{"id_image":1266,"data":{"Best_template_id":13,"GT_R":[0.9898173833065207,0.0639130751480386,-0.1271896177868835,-0.11352969149942024,0.8934679493942149,-0.43454155121378313,0.08586641461680375,0.4445567271468361,0.8916254154156107],"GT_T":[10.24068691436442,-71.42206869332816,901.9183781413706],"R_pred":[0.9663905844561482,-0.2570781631047694,0.0002373376956323267,0.24480655007095378,0.9199773624241088,-0.30612318708248404,0.07847924131171102,0.2958926675026901,0.9519918791677168],"T_pred":[-43.03913807068717,-105.88890645699036,950.0081391839874],"rotation_error":21.998292320216887,"translation_error":79.61989558521365,"ADD":0,"ADD_S":0}}
{"id_image":1280,"data":{"Best_template_id":13,"GT_R":[0.9875099446021046,0.0698835846610968,-0.1412132282342252,-0.12578250065569455,0.8894186710138963,-0.4394464704787548,0.09488732932806543,0.45171955250722995,0.887099089601172],"GT_T":[7.346771194910436,-75.64231352674369,899.7794539640925],"R_pred":[0.9769819111900164,-0.2017779121869856,-0.06922441304167104,0.17394659818376867,0.9413843801301238,-0.2890294618673275,0.1234865425372225,0.2703352048854968,0.9548140922775067],"T_pred":[-42.50604317497461,-58.96190128644345,653.5685351655534],"rotation_error":19.633706607142106,"translation_error":251.76051276704487,"ADD":0,"ADD_S":0}}
{"id_image":1284,"data":{"Best_template_id":62,"GT_R":[0.987327930188499,0.06856247643697423,-0.14311978716399731,-0.1255226888981473,0.8892067109907927,-0.4399478854474974,0.09709926107106859,0.4523379813752315,0.8865446990847259],"GT_T":[8.193658300090215,-76.70261353271853,899.7916565235432],"R_pred":[0.8494546895140865,-0.011491206962412598,0.5275364277707026,-0.14676644826788787,0.9551658541133795,0.2571338188544781,-0.5068395605370166,-0.2958481760944373,0.8096835904081536],"T_pred":[30.812661553964222,-54.2128119311802,995.6067159355623],"rotation_error":58.270405649293366,"translation_error":100.9848310114151,"ADD":0,"ADD_S":0}}
{"id_image":1324,"data":{"Best_template_id":62,"GT_R":[0.9796340329688001,0.07139819540775234,-0.18767158489555213,-0.14925387187209166,0.8841490365372434,-0.44272371655448456,0.13432042801350041,0.4617179835979566,0.8767972075409229],"GT_T":[-12.5768009000214,-85.49897396663003,893.8649337158513],"R_pred":[0.9967342783311306,-0.07294956135496895,0.03462859942067927,0.08023357790044143,0.9431448659059751,-0.32255284046570404,-0.009129697531355884,0.32427784909444207,0.9459178215942801],"T_pred":[-35.03473666438643,-121.25115694416361,1025.6254020425458],"rotation_error":17.51165646374327,"translation_error":138.35967071414004,"ADD":0,"ADD_S":0}}
{"id_image":1480,"data":{"Best_template_id":62,"GT_R":[0.9710977107009153,0.0704804569847977,-0.22804165055932563,-0.15259495244092086,0.9179821444924272,-0.3660922768189207,0.18353618451793935,0.39030917442608115,0.9022045092483811],"GT_T":[-3.863504429210372,-38.56630651100707,984.204412611925],"R_pred":[0.909782520730428,0.036541155557372224,0.4134737100758892,-0.14516986328912415,0.9612219537915976,0.23447402061141195,-0.38887205577928263,-0.2733442874830124,0.8798076066586369],"T_pred":[28.057322091022222,-1.4774059443527523,960.6440058553216],"rotation_error":52.18683824541606,"translation_error":54.31039014327334,"ADD":0,"ADD_S":0}}
{"id_image":1542,"data":{"Best_template_id":62,"GT_R":[0.9642745138355416,0.0618531139164908,-0.25758496532207587,-0.16176868311241452,0.9074931725902704,-0.38766740072717126,0.209778535576307,0.41548725157503225,0.8850780725802513],"GT_T":[-9.85882946414226,-91.55362378706303,974.9413342229016],"R_pred":[0.9450620390134589,0.006791390822294284,0.32682046971758405,-0.009199003953727783,0.9999407414841462,0.005821670412790875,-0.32676156558258607,-0.008508262503867698,0.9450685100706628],"T_pred":[20.164531085919446,-71.82071471084664,963.6212618910948],"rotation_error":41.47097117203452,"translation_error":37.66873925321315,"ADD":0,"ADD_S":1}}
{"id_image":1564,"data":{"Best_template_id":62,"GT_R":[0.9616538155347752,0.05950237255462717,-0.2677352130599853,-0.164039759986253,0.9071153621443317,-0.38759823295960605,0.2198038459059287,0.4166542871309423,0.8820910133213389],"GT_T":[-12.480237714787245,-94.94218875023074,969.4266576704375],"R_pred":[0.907979681137966,0.014662526212525555,0.4187575778008854,-0.11899721279166867,0.9672623261587803,0.22415007415060076,-0.401761822462528,-0.25335469744800965,0.8799993382341919],"T_pred":[27.0080668633425,-54.69422268079176,940.1195731945826],"rotation_error":54.74803335732429,"translation_error":63.54628369666279,"ADD":0,"ADD_S":0}}
{"id_image":1592,"data":{"Best_template_id":62,"GT_R":[0.9575245325987989,0.06744623931626842,-0.2803556068270493,-0.17589217027400839,0.9070481558281371,-0.3825250588490335,0.22849640192336387,0.41558981926054733,0.8803831222438987],"GT_T":[-11.952897889751787,-89.94219356262879,967.5004440358949],"R_pred":[0.8734749099755639,-0.009605235848600149,0.4867744047168806,-0.06729988702922926,0.9878253711103276,0.1402560565415853,-0.48219529948873796,-0.1552700088073552,0.8621942458146715],"T_pred":[32.722485859713245,-60.74951366398693,962.7925905856714],"rotation_error":55.32644960064571,"translation_error":53.5748668401081,"ADD":0,"ADD_S":0}}
{"id_image":1593,"data":{"Best_template_id":13,"GT_R":[0.9578117063559521,0.06803896179275816,-0.2792292000728552,-0.17539516127231644,0.9080463527006745,-0.38037818083358366,0.227672798734408,0.41330615228196427,0.8816704197763406],"GT_T":[-11.488356918953134,-89.13329443320188,967.5861282255689],"R_pred":[0.8946256546855135,-0.4240810512915449,-0.1407131831562855,0.38920727109016157,0.8943062658619609,-0.22075779254781702,0.21945987813052692,0.14272899066235162,0.9651247572803427],"T_pred":[-51.64225553489933,-21.714641523742227,379.0975107267672],"rotation_error":34.158457079294195,"translation_error":593.6972825100657,"ADD":0,"ADD_S":0}}
{"id_image":1613,"data":{"Best_template_id":62,"GT_R":[0.952720831285387,0.0666998770504908,-0.2964367376448886,-0.18047143219126668,0.9090960584795671,-0.375465212851625,0.24444588197391373,0.4112114709516452,0.8781516898488207],"GT_T":[-18.444766822193138,-83.62066317572737,963.8820976065283],"R_pred":[0.9608014354208048,-0.006723739639667107,0.27715590020524405,-0.038353507694002156,0.9868696095381705,0.15689927411414337,-0.2745716848855456,-0.16137894873631117,0.9479278584174409],"T_pred":[9.389913088225592,-51.167452341544376,941.1291517867411],"rotation_error":46.493082204411465,"translation_error":48.43218808438839,"ADD":0,"ADD_S":1}}
{"id_image":1629,"data":{"Best_template_id":62,"GT_R":[0.9500541504394581,0.0631496415105032,-0.30563042421209285,-0.18141834983114133,0.9086013944318143,-0.3762042262042703,0.25393946921673055,0.41286165973350625,0.8746772250282664],"GT_T":[-23.200580416083636,-83.4708925925354,954.7198314943275],"R_pred":[0.9452857462451313,0.0648812400608642,0.31972688756804585,-0.15360456430330632,0.9531148323032671,0.26072543847639135,-0.28782024906350273,-0.29557154993618656,0.9109319201221042],"T_pred":[8.656998894327861,-41.81118876993053,929.5207779505469],"rotation_error":53.06253248116483,"translation_error":58.18443590521991,"ADD":0,"ADD_S":0}}
{"id_image":1656,"data":{"Best_template_id":62,"GT_R":[0.9469772967874716,0.06142363786460227,-0.31537584918499323,-0.18646920059081348,0.9044087964640867,-0.3837625186966524,0.26165708073433885,0.4222217664269255,0.8679071592632371],"GT_T":[-25.354115007850293,-93.83435584140415,946.7230249637345],"R_pred":[0.8300993085878786,-0.005606094272540274,-0.5575874008520397,-0.3528846275969373,0.768957344514384,-0.5330825845243473,0.43174943831775475,0.6392755071363162,0.6363326555253227],"T_pred":[-67.2806225733972,-111.58828956368437,805.1325020093515],"rotation_error":21.362766425008186,"translation_error":148.73100009666658,"ADD":0,"ADD_S":0}}
{"id_image":1658,"data":{"Best_template_id":62,"GT_R":[0.9468443592180229,0.06088340647883845,-0.3158809725663228,-0.1864484718302723,0.9040459478112196,-0.3846256830749358,0.2621533833780015,0.423076062920306,0.8673413866345977],"GT_T":[-24.452992862533833,-95.61103338040986,945.6824016338311],"R_pred":[0.7819575383803457,-0.004033160699747129,-0.623318651882743,-0.271874582779587,0.8976417830267951,-0.3468766936577051,0.5609158755184022,0.4407073439134478,0.7008212451204504],"T_pred":[-71.48095157419831,-103.94718158399684,877.4754882348979],"rotation_error":20.44558524687294,"translation_error":83.26645965133719,"ADD":0,"ADD_S":0}}
{"id_image":1669,"data":{"Best_template_id":62,"GT_R":[0.9439106902516116,0.06185478158977552,-0.3243572058225437,-0.19119877375269173,0.9032537649285455,-0.38415420944551953,0.26921594410188926,0.424624327076998,0.8644168101303982],"GT_T":[-30.06526687602194,-91.72574815885335,938.0286965808102],"R_pred":[0.9471117683893465,0.019317294494883223,-0.3203219322990589,-0.1394174329832258,0.9238308193500745,-0.35651002314007657,0.2890364640642642,0.3823132999940862,0.8776642086178855],"T_pred":[-52.57412604018436,-102.17649962469885,911.9394913236595],"rotation_error":3.6388263189585883,"translation_error":36.00713232156531,"ADD":0,"ADD_S":1}}
{"id_image":1678,"data":{"Best_template_id":13,"GT_R":[0.9403910798168531,0.06459157377663698,-0.3339060100082342,-0.19804895187474555,0.902159639242875,-0.383254929951585,0.27648190415861296,0.4265388338981898,0.8611740385844209],"GT_T":[-40.02066685689938,-87.12483536236323,929.5354406263068],"R_pred":[1.0,0.0,0.0,0.0,1.0,0.0,0.0,0.0,1.0],"T_pred":[3.16e-322,2.37e-322,5.530460485e-315],"rotation_error":31.585186548936942,"translation_error":934.4669743190137,"ADD":0,"ADD_S":0}}
