{"id_image":1,"data":{"Best_template_id":105,"GT_R":[-0.2823146075913213,0.958337714476399,0.043458814476481866,0.487528482213773,0.18234018601879548,-0.8538549468712052,-0.8262046178307623,-0.2198674795110514,-0.5186938940623798],"GT_T":[-121.83884143032107,-88.94939405446397,1028.017070698043],"R_pred":[0.10371750805785006,0.9919308708915346,-0.07290971056472142,-0.8542887908323353,0.051305381314330545,-0.5172604950181462,-0.5093459927990955,0.11593491803832348,0.8527166905830745],"T_pred":[-121.62497587295606,-2.8345359728743538,587.2750171453858],"rotation_error":92.70191500398548,"translation_error":449.07613195392855,"ADD":0,"ADD_S":0}}
{"id_image":22,"data":{"Best_template_id":105,"GT_R":[-0.3211659448135707,0.9457331008645528,0.04941162479495729,0.4781105682727597,0.20696028019528467,-0.8535675881986874,-0.8174722786954377,-0.25051303279487885,-0.5186340141298168],"GT_T":[-95.66630599782708,-94.67234437101303,1030.5313487888889],"R_pred":[-0.4696629628896792,0.8826423070584344,0.018954130954816628,0.5886152531270457,0.3290649997525572,-0.738409310426158,-0.6579884384059282,-0.3356468139703017,-0.6740863677569171],"T_pred":[-104.3869726167198,-115.6604598716953,1059.2778976474096],"rotation_error":14.314719403629592,"translation_error":36.645805896762205,"ADD":0,"ADD_S":1}}
{"id_image":32,"data":{"Best_template_id":105,"GT_R":[-0.3459771182737635,0.9346462879537923,0.08208605857995495,0.4437731761867925,0.24009782443898733,-0.8633758858604388,-0.8266583559680678,-0.2622806247690909,-0.497839002836393],"GT_T":[-87.2118853970859,-76.50321332630884,1041.8310166829417],"R_pred":[-0.9694149635327722,0.23613408399058533,-0.06689785390190801,0.13677538594213307,0.2934679659482311,-0.9461337361930332,-0.20378204601763716,-0.9263461811548287,-0.31678956797964597],"T_pred":[-39.49750150641051,-78.78003298181791,1184.201716192425],"rotation_error":57.73187115505768,"translation_error":150.17077750557877,"ADD":0,"ADD_S":0}}
{"id_image":43,"data":{"Best_template_id":126,"GT_R":[-0.3390464116299497,0.9378094093996506,0.07458218565326552,0.4715321276714004,0.23800164991087808,-0.8491241218367769,-0.8140668737273515,-0.2527241953971165,-0.5229004193842153],"GT_T":[-101.28811482719645,-123.81475436895354,1043.503566139194],"R_pred":[0.9078191536277296,0.39960235441886066,0.1272098370784905,-0.33518197747295336,0.8737023040621551,-0.3525582588081041,-0.2520266380443809,0.2774206953696584,0.9271031935532645],"T_pred":[-95.58829842636085,-83.99885098743843,418.8625718030817],"rotation_error":117.51695589918104,"translation_error":625.9346338670648,"ADD":0,"ADD_S":0}}
{"id_image":50,"data":{"Best_template_id":126,"GT_R":[-0.3424818184937395,0.9368096478873685,0.07138452538070218,0.4724510181838382,0.2373972013859716,-0.8487826197239322,-0.8120935810938951,-0.2569667891197076,-0.523900924771693],"GT_T":[-107.73279302223722,-124.95812833762044,1044.0223371934553],"R_pred":[0.8977803152322978,0.14802875676740204,-0.41482284502097166,-0.4395268449927813,0.2403738639000616,-0.8654689815842311,-0.028401727272955923,0.959326791413464,0.28086553573598283],"T_pred":[-38.772474300104584,19.825533524718853,124.38538041189562],"rotation_error":119.50511025072028,"translation_error":933.5148453982799,"ADD":0,"ADD_S":0}}
{"id_image":56,"data":{"Best_template_id":126,"GT_R":[-0.34243750373769427,0.9370264658691492,0.0686935692876005,0.46421310612516903,0.23230627897270847,-0.8547156866116744,-0.8168485358101584,-0.26079797335349564,-0.514530411823974],"GT_T":[-116.85978702612513,-114.73085373055724,1044.0934966716306],"R_pred":[0.9007747045378592,-0.20165163261243804,0.3846317079096192,0.3127839582719937,0.9156585102097698,-0.25245928013865604,-0.30128247063584035,0.34771556155162653,0.8878754198323101],"T_pred":[0.0,0.0,1.0],"rotation_error":126.8240019696389,"translation_error":1055.870930284655,"ADD":0,"ADD_S":0}}
{"id_image":63,"data":{"Best_template_id":126,"GT_R":[-0.36087685792690394,0.9303359509889919,0.06513589920467612,0.4636433085081953,0.23956996481042675,-0.8530183323485138,-0.8091981454095037,-0.2776344634217823,-0.5178001435103373],"GT_T":[-104.11257146805558,-124.243015969348,1042.17230704748],"R_pred":[-0.9774808852803193,-0.058822967188684946,-0.2026597578275525,0.1186808092948946,0.6408485462557212,-0.7584378723844415,0.17448777727024947,-0.7654103469989469,-0.6194360469735675],"T_pred":[-3.0010806422610656,-116.8310451346203,856.12719292465],"rotation_error":74.56194185746813,"translation_error":211.8755657872007,"ADD":0,"ADD_S":0}}
{"id_image":81,"data":{"Best_template_id":105,"GT_R":[-0.4502944244757354,0.8871991827881184,0.10056176226857287,0.40952187655411076,0.305296881209436,-0.8597010105757317,-0.7934260945475976,-0.3459360065416558,-0.5008009939581053],"GT_T":[-44.627904536264694,-106.63671626410549,1045.6573993602592],"R_pred":[-0.7733530255120364,0.6238879353075749,-0.11264520455408145,0.24380176211620572,0.12865157249908887,-0.9612541150406302,-0.5852228624382447,-0.7708518775167921,-0.2515980608200793],"T_pred":[-31.06397604860947,-92.64774591048182,1086.1214855319213],"rotation_error":31.078100343883474,"translation_error":44.91117586169929,"ADD":0,"ADD_S":1}}
{"id_image":86,"data":{"Best_template_id":126,"GT_R":[-0.45859942236049706,0.8825435822620125,0.10394183676150712,0.39533391455993805,0.30737322180589194,-0.8655825807375378,-0.7958620608764906,-0.3558641580377827,-0.4898602056860875],"GT_T":[-48.78079272153254,-95.93664917633674,1045.37350058041],"R_pred":[-0.46188379031141613,0.8836749487370785,0.07603912954578856,0.6184989099523028,0.3823516780645112,-0.6864883776649575,-0.6357062707220786,-0.27004773514283326,-0.7231540348424071],"T_pred":[-65.47632429742204,-113.51358428492037,928.2166927869256],"rotation_error":17.046454585158386,"translation_error":119.63865192642534,"ADD":0,"ADD_S":0}}
{"id_image":90,"data":{"Best_template_id":126,"GT_R":[-0.4620989896662075,0.8807855183333766,0.10335057532345078,0.3987734336602344,0.31046619307512724,-0.8628968578001294,-0.7921130357273549,-0.357529959144347,-0.49470044514123973],"GT_T":[-51.69571148120928,-104.45053787415095,1042.327462279256],"R_pred":[-0.6214048111255703,0.7801346818251649,0.07242885421945458,0.5469459378905541,0.49812944679263704,-0.6728426229536021,-0.5609868106604793,-0.37849297543231863,-0.7362315300320774],"T_pred":[-55.319831362857016,-124.3520496790432,924.6041497089238],"rotation_error":20.030345847642447,"translation_error":119.4486615227184,"ADD":0,"ADD_S":0}}
{"id_image":135,"data":{"Best_template_id":126,"GT_R":[-0.4647474780152252,0.8805626773866632,0.09284584609003994,0.38775504703715913,0.29667032797337733,-0.8727158532435947,-0.7960248010163778,-0.36959100434628456,-0.4793191621777838],"GT_T":[-50.38587166983136,-108.24813091475576,1143.7386389384926],"R_pred":[-0.9973989213683799,0.07085814885871833,-0.013210389604698398,0.032829508537478264,0.28342322767495254,-0.9584328340491569,-0.0641686451655312,-0.9563735654829796,-0.2850122597766501],"T_pred":[13.344367226877264,-92.87753051884599,1211.107261518109],"rotation_error":60.02915616519044,"translation_error":94.00175538061559,"ADD":0,"ADD_S":0}}
{"id_image":479,"data":{"Best_template_id":126,"GT_R":[-0.6060504320165596,0.788364367944633,0.10576216543885081,0.27301232283547483,0.33105200280749075,-0.9032539718364826,-0.7471051065740393,-0.5185433623200544,-0.4158673640387067],"GT_T":[-6.6271315572547085,-115.50114116789213,1083.4354092375381],"R_pred":[-0.3848766730908246,0.9181826305773652,0.09386481458229323,0.5673235597333156,0.3155649865228205,-0.7606331033109006,-0.7280205526508559,-0.23949821750251465,-0.6423602406213048],"T_pred":[-36.62427272579936,-122.20276504589305,977.6538281111815],"rotation_error":22.43104434164524,"translation_error":110.15663006138013,"ADD":0,"ADD_S":0}}
{"id_image":514,"data":{"Best_template_id":105,"GT_R":[-0.6400432236554059,0.7594304281894703,0.11666593698298883,0.2630833822413605,0.35927674427343886,-0.895380578591444,-0.7218932705915287,-0.5423897572576233,-0.4297460771256434],"GT_T":[16.29532018593267,-123.90368194860021,1048.729791595882],"R_pred":[-0.26586850649534577,0.9628935238578605,0.04636808133323983,0.18148673622086486,0.09723425021066734,-0.9785745066993454,-0.9467716207353454,-0.25175695084458133,-0.20060392785687553],"T_pred":[-18.86778889709176,-114.4726759907192,1140.6733523054074],"rotation_error":27.629397011679675,"translation_error":98.88885917892088,"ADD":0,"ADD_S":0}}
{"id_image":520,"data":{"Best_template_id":126,"GT_R":[-0.6459446847584377,0.7544176107448402,0.1166617547234509,0.25984810575607303,0.3609867280882491,-0.8956381313901791,-0.7177972201109946,-0.5482188469223533,-0.42921172732928015],"GT_T":[20.547123799666423,-120.72978234224955,1042.5628478061838],"R_pred":[0.8624848260183807,0.43474540300496844,0.259068252501324,0.41607047169833355,-0.31770708016839244,-0.8520255710902112,-0.288106382207629,0.8426497764652416,-0.45490226066080336],"T_pred":[-37.51668213614115,-100.65805902371568,1019.6018246915437],"rotation_error":104.54515970792704,"translation_error":65.58573182635027,"ADD":0,"ADD_S":0}}
{"id_image":524,"data":{"Best_template_id":105,"GT_R":[-0.6452661580508433,0.7549352367695787,0.11707162078368212,0.2600978720289116,0.36118163890695104,-0.8954867901014635,-0.7183173153525173,-0.5473768399110935,-0.42941468825865226],"GT_T":[16.38632140255344,-120.74053349930928,1038.7703865561991],"R_pred":[0.5605086161940502,0.8128355405841068,0.15851963643528172,-0.1622346346290523,0.29547910698904356,-0.9414733244546738,-0.8121022192427558,0.5019865349750932,0.29748866231285326],"T_pred":[-47.75064744113907,-107.22799949641207,1054.2329005974864],"rotation_error":79.66093341421852,"translation_error":67.34410655813352,"ADD":0,"ADD_S":0}}
{"id_image":530,"data":{"Best_template_id":126,"GT_R":[-0.6420892239986467,0.7580658033677955,0.11427562326226023,0.26019169936013886,0.3557027577392616,-0.8976502080460091,-0.7211251024794251,-0.5466371716742525,-0.4256346727118443],"GT_T":[10.484031844876817,-115.69536426092472,1034.7559340120097],"R_pred":[-0.31785778127900166,0.9403079248408508,0.12160360752002058,0.5490019076342567,0.2870966827645943,-0.7849664962019164,-0.773022209444423,-0.1827470963573944,-0.6074867590973516],"T_pred":[-26.110735250519493,-139.13913650089495,1126.82796753859],"rotation_error":26.08363902316354,"translation_error":101.81378488851902,"ADD":0,"ADD_S":0}}
{"id_image":537,"data":{"Best_template_id":105,"GT_R":[-0.6397228832676919,0.7610006328596453,0.10785592062792779,0.2570165883263675,0.34405173669233535,-0.9030897642993712,-0.7243586882277566,-0.5500069180864907,-0.41568775559076976],"GT_T":[9.810749129478173,-100.41933011084468,1030.311721198196],"R_pred":[0.989165133431798,0.11891320741236396,0.08609290276066278,0.06755084972449597,0.1519986767103023,-0.9860696146722173,-0.1303427079063167,0.981201330707017,0.1423191031254325],"T_pred":[-35.2638139129633,-87.55792524086179,907.8710876077047],"rotation_error":122.5904051497066,"translation_error":131.1062192374473,"ADD":0,"ADD_S":0}}
{"id_image":543,"data":{"Best_template_id":126,"GT_R":[-0.6429081438957435,0.7581195345304722,0.10920305254443606,0.250419877903181,0.34278495174487605,-0.9054211178077739,-0.7238494559536883,-0.55475561602402,-0.4102271794882087],"GT_T":[13.31745366987442,-93.19867964100264,1026.372026691186],"R_pred":[-0.9839947814652018,0.16999351836179444,0.05344598922489757,0.0108920837033111,0.35674164632053174,-0.9341395828745923,-0.1778640845191903,-0.9186063365204354,-0.3528835019417246],"T_pred":[49.874977163316,-104.04940698662305,1154.985903376034],"rotation_error":40.480921931907446,"translation_error":134.14812739582996,"ADD":0,"ADD_S":0}}
{"id_image":560,"data":{"Best_template_id":126,"GT_R":[-0.6479166819867834,0.752191061849369,0.12005370025878874,0.23946077688928152,0.3507614070394744,-0.9053312232094305,-0.7230913028181238,-0.5578319708448608,-0.4073845202498402],"GT_T":[20.15727268700628,-87.70843286456049,1017.330440971519],"R_pred":[-0.3454620004071126,0.9333363915064365,0.09766875940882885,0.2148264681191006,0.17996657209423217,-0.9599279251715329,-0.9135127776173626,-0.31063678664703387,-0.2626769725564385],"T_pred":[-17.676921655006744,-107.0798988445238,1254.7347634666394],"rotation_error":21.40320939875869,"translation_error":241.1793778395848,"ADD":0,"ADD_S":0}}
{"id_image":561,"data":{"Best_template_id":105,"GT_R":[-0.6464615727209235,0.7534724763694977,0.11986305473991428,0.2395793794173743,0.3496391619132989,-0.9057337811903794,-0.7243533456823257,-0.5568062038536349,-0.4065445932451688],"GT_T":[19.671806705515007,-87.11349048275602,1016.855171825265],"R_pred":[-0.9815908649197272,0.15879109242070072,0.1061355872174001,-0.036295608355691206,0.3904872660126262,-0.9198925610613857,-0.18751533995978073,-0.9068103903517126,-0.37753531388459893],"T_pred":[59.81058933102694,-121.14036397541729,1441.5030923962959],"rotation_error":40.44010537724456,"translation_error":427.8957892240168,"ADD":0,"ADD_S":0}}
{"id_image":568,"data":{"Best_template_id":105,"GT_R":[-0.6287198396102368,0.7680115970541223,0.1219447743719292,0.24638828652611597,0.34547810725951034,-0.9055043999664779,-0.7375658844747054,-0.5392628209003848,-0.40643813592614014],"GT_T":[7.105364647903253,-87.70488006216769,1012.7622077878086],"R_pred":[-0.9697819838488758,0.13089226623000558,0.20588860688078922,-0.15409126899168232,0.32566506854952515,-0.9328441155665645,-0.18915280759923134,-0.9363810537210833,-0.29565476084366005],"T_pred":[44.01674068360011,-90.6178949729562,1148.3207299108942],"rotation_error":44.79652972955919,"translation_error":140.52419100252519,"ADD":0,"ADD_S":0}}
{"id_image":577,"data":{"Best_template_id":126,"GT_R":[-0.6153396501510124,0.7786985778465334,0.12242072183040238,0.251910702060919,0.34142344675598263,-0.9055226181994064,-0.7469257011660897,-0.5263650161622913,-0.4062536532794513],"GT_T":[-1.3857987614480258,-86.11875558673081,1008.1441268283506],"R_pred":[-0.6797097136070621,0.7321373884074729,0.044379609327830305,0.48985089185724395,0.49814253583657997,-0.7154719545425695,-0.545931139407589,-0.4645738461065011,-0.6972304730424114],"T_pred":[-16.743229500781894,-113.86302326444698,911.1929708663964],"rotation_error":20.714444974959157,"translation_error":102.00549843143443,"ADD":0,"ADD_S":0}}
{"id_image":583,"data":{"Best_template_id":105,"GT_R":[-0.6014629421633785,0.7904099495379548,0.11616729908837573,0.26238639241913503,0.33278426832201413,-0.9057630727109116,-0.7545824266688609,-0.5143021158455925,-0.40755001541249075],"GT_T":[-6.142072223363978,-86.56276976130289,1006.0324488794007],"R_pred":[0.988776260676771,0.04564926141750896,0.14225909902041053,0.13971582757358908,0.05477406379400463,-0.9886755228389736,-0.05292441636419021,0.9974547342448812,0.04778136964323641],"T_pred":[-48.39064154781168,-90.2557064337947,1066.8488778810504],"rotation_error":122.82814423958392,"translation_error":74.14322239923482,"ADD":0,"ADD_S":0}}
{"id_image":588,"data":{"Best_template_id":105,"GT_R":[-0.5908512989021832,0.7987223469925245,0.11374759775678908,0.26767761811722396,0.3270801683765625,-0.9062931407519594,-0.7610798744093934,-0.5050363155099586,-0.4070558852104189],"GT_T":[-7.051870436269263,-83.90423646047041,1005.2556430253873],"R_pred":[0.5403023058681398,-0.8414709848078965,0.0,0.8414709848078965,0.5403023058681398,0.0,0.0,0.0,1.0],"T_pred":[0.0,0.0,0.0],"rotation_error":176.57646527604214,"translation_error":1008.7757717188936,"ADD":0,"ADD_S":0}}
{"id_image":589,"data":{"Best_template_id":126,"GT_R":[-0.5888516634787463,0.8002836409703241,0.11313854149877722,0.26783626694514745,0.3252854394300537,-0.9068920587729261,-0.7625720287309392,-0.5037223270120675,-0.4058897274128049],"GT_T":[-7.501746526386367,-82.6422519936016,1004.9519140016937],"R_pred":[-0.7137729745664958,0.6901981624240202,0.1189732632359162,0.3587544143190523,0.5061952311764614,-0.7842586678773804,-0.6015175899216003,-0.5171004588285677,-0.608920113392713],"T_pred":[-17.256978812808615,-112.07423054528233,1047.2517613008972],"rotation_error":15.800161020272494,"translation_error":52.44695415335942,"ADD":0,"ADD_S":1}}
{"id_image":595,"data":{"Best_template_id":105,"GT_R":[-0.5795650290525215,0.8076917341039918,0.10834458756602143,0.2736645367047263,0.3181286089631503,-0.9076905030326872,-0.7676005074412198,-0.4964156246278727,-0.4054133862701507],"GT_T":[-8.415872626282125,-79.10317805850885,1003.4997012498309],"R_pred":[-0.5188018527235914,0.8534338078642869,0.04995371062125875,0.5862209727597796,0.3976774857239156,-0.7058311330940868,-0.6222456176680932,-0.33690258672584916,-0.7066166134123122],"T_pred":[-35.859083778979844,-108.52342041411755,948.2085964052744],"rotation_error":21.999722046322596,"translation_error":68.37972487196801,"ADD":0,"ADD_S":0}}
{"id_image":598,"data":{"Best_template_id":126,"GT_R":[-0.5728500607067369,0.8124075275748773,0.10880437985826176,0.2744320083673304,0.31518126587375783,-0.9084861596470408,-0.7723529859498783,-0.49056700790075625,-0.4035019094794491],"GT_T":[-10.36985643530123,-76.92904392618243,1003.3107221381194],"R_pred":[-0.45924177419210394,0.8851095295219235,0.0753532586313822,0.6347827272917593,0.3863291069433983,-0.6691791316683093,-0.6214079835091633,-0.25948206465533574,-0.7392707055965897],"T_pred":[-39.83659073852587,-104.87459998851324,901.2800297773048],"rotation_error":25.855714336141997,"translation_error":109.81577626988262,"ADD":0,"ADD_S":0}}
{"id_image":604,"data":{"Best_template_id":105,"GT_R":[-0.5639374402142853,0.8185404562843065,0.10939671786522709,0.27648494572130383,0.31196852083747917,-0.9089729079347577,-0.7781584330419585,-0.482357413605571,-0.4022443085684004],"GT_T":[-14.287106651870678,-72.63585386744026,1002.1570699666777],"R_pred":[-0.9996035336845202,0.027659520009171955,-0.005265586224011151,0.010834841453137714,0.20525999649998827,-0.9786475055133541,-0.025988106050761912,-0.9783165565345848,-0.20547830433942937],"T_pred":[30.978827829486203,-76.78871054202533,1144.0933592668512],"rotation_error":56.04282320479154,"translation_error":149.03744919761837,"ADD":0,"ADD_S":0}}
{"id_image":681,"data":{"Best_template_id":105,"GT_R":[-0.4066969327752949,0.9087683552047839,0.0934817843426084,0.3313800446530651,0.242106204625129,-0.9119056199713209,-0.8513423127620634,-0.33989148938972424,-0.3996114422006511],"GT_T":[-82.05489639948401,-70.45008368794169,1003.7198959977605],"R_pred":[0.42587517275782016,0.9039333244007022,0.03917757351332268,-0.4931514007777056,0.268208908584164,-0.8275661165532808,-0.7585723651303702,0.3331193875984802,0.5599995004163217],"T_pred":[-139.0513761677401,-46.79776536940188,953.9584603134329],"rotation_error":72.03412289842208,"translation_error":79.27314393399723,"ADD":0,"ADD_S":0}}
{"id_image":741,"data":{"Best_template_id":126,"GT_R":[-0.3072429975759112,0.9461977507963192,0.10155109706742546,0.33945454492700355,0.20866310683004405,-0.9171861715546963,-0.8890278605926467,-0.24732741273971187,-0.38530128381201273],"GT_T":[-85.74595541570957,-58.81022782628975,1006.7762123218567],"R_pred":[-0.3131904348100897,0.9490759180536841,0.034156307089957705,0.5025831916378856,0.1961521270954194,-0.8419824692468476,-0.8058051172749794,-0.2465344698140584,-0.5384225739760153],"T_pred":[-106.78761900429917,-72.10542991342307,995.898396867826],"rotation_error":10.531512961611758,"translation_error":27.163226505057185,"ADD":0,"ADD_S":1}}
{"id_image":866,"data":{"Best_template_id":126,"GT_R":[-0.20584783000581444,0.9762508870117643,0.0675413115846894,0.35427540535751423,0.13868240031834966,-0.9248007076142015,-0.9122032748767527,-0.16643893647919528,-0.37440962311027637],"GT_T":[-74.80644752149155,-49.42320263989108,1008.5610507921012],"R_pred":[-0.17047522638972412,0.9853507121916053,-0.0047086272807297935,0.6128339106348356,0.10228184354859171,-0.7835643065226467,-0.7716040404011548,-0.13646390901552702,-0.6212928507337061],"T_pred":[-91.05885795945805,-59.84597298119625,932.1878866029209],"rotation_error":17.07410719321626,"translation_error":78.77585413627205,"ADD":0,"ADD_S":0}}
{"id_image":1012,"data":{"Best_template_id":126,"GT_R":[-0.12409689153430105,0.9882106565642007,0.08967019396223996,0.3631576288920769,0.12933129181154238,-0.9227074187950535,-0.9234253869768191,-0.0819409693067731,-0.37492601929329955],"GT_T":[-59.40082061049558,-47.94770003692581,989.4040322147545],"R_pred":[-0.18653844512216763,0.9814345029244641,0.04460633319176022,-0.6341713485278674,-0.0856094967814357,-0.7684384912061444,-0.7503533229071158,-0.17163137979472054,0.6383671046286847],"T_pred":[-72.49276970669347,-10.512526694568765,904.5443866694121],"rotation_error":62.21535912394315,"translation_error":93.66936946724311,"ADD":0,"ADD_S":0}}
{"id_image":1024,"data":{"Best_template_id":105,"GT_R":[-0.1297129100240207,0.9867483787313203,0.09748858968825741,0.36492836139501716,0.13892571867344813,-0.9206124037195264,-0.9219551892811321,-0.08383908829324893,-0.3781127303822892],"GT_T":[-26.346220043947397,-51.73577112493642,985.5238324960869],"R_pred":[-0.4541299151513246,0.890720802322539,0.01955690350088618,0.3298459331978118,0.18848059655693616,-0.9250279590771331,-0.8276277427186183,-0.4136321034825922,-0.37939531158285394],"T_pred":[-58.053729883129215,-61.04748786143186,1156.68101660634],"rotation_error":20.0283979714681,"translation_error":174.31826043571468,"ADD":0,"ADD_S":0}}
{"id_image":1025,"data":{"Best_template_id":126,"GT_R":[-0.12844062794635241,0.987123897533322,0.09534118076020054,0.3647918134482769,0.1364238124305831,-0.9210404665042283,-0.9221872628205083,-0.08351907809510825,-0.3776170253650459],"GT_T":[-23.99533938947438,-50.33940033755562,984.8753617601573],"R_pred":[-0.2798088215988959,0.9592757142123036,0.03869273159020725,-0.05843231571411017,0.0232115749002193,-0.9980214863773916,-0.9582758933812975,-0.2815161219417569,0.049557897969446985],"T_pred":[-45.75667594313386,-41.33315644806941,987.29161358593],"rotation_error":27.368977599115013,"translation_error":23.675017856045937,"ADD":0,"ADD_S":1}}
{"id_image":1028,"data":{"Best_template_id":126,"GT_R":[-0.12380182499385717,0.9881107751920437,0.09116287576197635,0.3643903634868015,0.13072117143298823,-0.9220256866478937,-0.922980169947769,-0.08092922746774286,-0.3762410603305941],"GT_T":[-19.940483160261756,-44.949402943839935,983.0711505062154],"R_pred":[-0.2991542601959306,0.9499008005512628,0.09052733133532304,0.4827863421040475,0.23250910753744225,-0.8443085116176051,-0.8230577601143307,-0.20887312901427013,-0.5281552229140303],"T_pred":[-41.58027304492184,-51.527656516445816,958.0434155943717],"rotation_error":13.59413953425897,"translation_error":33.73338763206653,"ADD":0,"ADD_S":1}}
{"id_image":1029,"data":{"Best_template_id":126,"GT_R":[-0.11970344441386684,0.9885556603382548,0.09181267197533659,0.36404597175693754,0.12974113241005308,-0.9222998247953125,-0.9236559940955904,-0.07697844145838287,-0.3754099030610467],"GT_T":[-20.55943105633041,-43.558534335918544,982.1534810030768],"R_pred":[-0.383380465769141,0.9143547564551513,0.13028736628882137,0.3323894176593341,0.2682085052417944,-0.9042021194091787,-0.8617056884428262,-0.3033472878794256,-0.40674774669501446],"T_pred":[-42.95667840701692,-44.11511719643792,1002.1955976168935],"rotation_error":15.902293853556932,"translation_error":30.06048754977678,"ADD":0,"ADD_S":1}}
{"id_image":1032,"data":{"Best_template_id":105,"GT_R":[-0.11353027357421762,0.9893189113676769,0.09142942179995295,0.36652476451656035,0.12723825965925836,-0.921666753533725,-0.9234556746831266,-0.07112579903280558,-0.3770550565721416],"GT_T":[-20.014330404850316,-42.06019430716122,979.1923461108418],"R_pred":[0.14689705496361105,0.9824106012734272,0.11528514973144449,0.38397968932893944,0.05077410564195939,-0.9219444605718452,-0.9115815122225053,0.17969808207613913,-0.3697671508832118],"T_pred":[-88.11550066618251,-64.35600978473991,1330.4635977581318],"rotation_error":15.077343352351427,"translation_error":358.50573916274607,"ADD":0,"ADD_S":0}}
{"id_image":1033,"data":{"Best_template_id":105,"GT_R":[-0.1117687460454247,0.9893583484126561,0.09315859772332813,0.36686109131135203,0.12820411753014727,-0.9213985613408897,-0.9235368386852721,-0.06880688333567726,-0.37728669918681096],"GT_T":[-19.829794666996758,-42.685172592699196,978.2408226788554],"R_pred":[-0.36614615479147233,0.9267167052546244,0.0844579275937622,0.10638587858795928,0.1318523605899642,-0.9855440121293023,-0.9244560769276642,-0.3518680195881235,-0.1468668057208461],"T_pred":[-51.578567473864624,-43.39297533425161,1136.2609527239242],"rotation_error":21.326254629288393,"translation_error":161.1795491336402,"ADD":0,"ADD_S":0}}
{"id_image":1039,"data":{"Best_template_id":105,"GT_R":[-0.09490576590287558,0.9906470006624097,0.09804083933441937,0.3760918676295698,0.1268677658811232,-0.9178554654212916,-0.9217086262516837,-0.050236574240664106,-0.384615259260506],"GT_T":[-29.41333236237768,-51.541068991163534,974.005749087359],"R_pred":[-0.22526330730528654,0.9722021717539917,0.06387002128312214,0.442363543362639,0.16046544079519198,-0.8823634952864132,-0.868084637512688,-0.17051035026422118,-0.46621377346367393],"T_pred":[-62.42429348412785,-63.68444571952916,1063.2350735253535],"rotation_error":9.003221195740348,"translation_error":95.91171717892236,"ADD":0,"ADD_S":0}}
{"id_image":1042,"data":{"Best_template_id":105,"GT_R":[-0.0858075002873839,0.9917207449212683,0.09553872066948617,0.38101274884914615,0.12126662711166106,-0.9165825471412893,-0.9205785239123973,-0.042247497754143215,-0.3882636233323956],"GT_T":[-36.82444810686973,-54.79273746716856,973.098770697348],"R_pred":[-0.28649787878167565,0.9505838151293442,0.11962180347972184,0.21172488909477388,0.18458608140615873,-0.9597398344806392,-0.9343936733472706,-0.24963651368591866,-0.2541457736090336],"T_pred":[-65.09757231587199,-55.14581494225731,1038.0251168776333],"rotation_error":15.108769939970507,"translation_error":70.81613265749083,"ADD":0,"ADD_S":0}}
{"id_image":1063,"data":{"Best_template_id":105,"GT_R":[-0.03278711988688196,0.9962023893499761,0.08066510754807625,0.397258345520809,0.08704877652763314,-0.9135684913607884,-0.9171206822223744,0.002091724769591086,-0.3986036050679412],"GT_T":[-71.53875990881714,-65.84105262278166,969.1626336371945],"R_pred":[-0.2118535692860869,0.971980032838353,0.10184734137079426,0.42554675125185465,0.18555991803563787,-0.8857073327672067,-0.879788626705152,-0.1442994545456126,-0.45293447620831584],"T_pred":[-101.06836888318655,-71.97288587857498,1017.4772799087468],"rotation_error":10.74684628261518,"translation_error":56.95526516136357,"ADD":0,"ADD_S":0}}
{"id_image":1068,"data":{"Best_template_id":105,"GT_R":[-0.02353131254620952,0.9967947342912574,0.07646845511429819,0.40311881661731125,0.07945609091765686,-0.9116915176468758,-0.9148440293876129,0.009373530563155638,-0.40369627236218775],"GT_T":[-76.15135176108075,-71.1297395433556,967.0912140198013],"R_pred":[-0.16156751524712665,0.9802285019017012,0.114227939123562,0.4712196818332115,0.1783297380447687,-0.8638000439811817,-0.8670916615155958,-0.08573557364612999,-0.49071525546052935],"T_pred":[-111.76123469382446,-80.60457393798107,1049.3286414812471],"rotation_error":9.629630753083223,"translation_error":90.11565194107986,"ADD":0,"ADD_S":0}}
{"id_image":1080,"data":{"Best_template_id":126,"GT_R":[-0.005898669012692653,0.997198969760323,0.07457083167251508,0.40963636107578505,0.07043744728334533,-0.9095249247097843,-0.9122292231146891,0.025182358027600167,-0.40890523168382803],"GT_T":[-84.17551231514861,-76.94792217612277,965.638650868523],"R_pred":[-0.0005877007238752618,0.9988016212781895,0.04893849139398787,0.5675576636459886,0.040625864814142654,-0.8223307348900502,-0.8233334397706473,0.027292131469771275,-0.566901390468634],"T_pred":[-103.13648227181827,-82.69486959991526,884.2640667383768],"rotation_error":10.500602067018907,"translation_error":83.75182821135195,"ADD":0,"ADD_S":0}}
{"id_image":1083,"data":{"Best_template_id":105,"GT_R":[-0.00011124155446614464,0.9973367640910404,0.07294658761982384,0.41016998722413245,0.0665731341333992,-0.9095757519609466,-0.91200827770195,0.029819640684105767,-0.40908540836133966],"GT_T":[-85.34630143575019,-77.21529231992902,965.2956414690929],"R_pred":[0.43798456030870164,0.8908908974945718,0.12034506093940717,0.2723834523813936,-0.00393543970934751,-0.9621807351964012,-0.856724447999464,0.454200309418224,-0.24438760018544972],"T_pred":[-153.27881244232543,-84.50920378122028,1097.3656088281318],"rotation_error":27.20547679467699,"translation_error":148.69601028366984,"ADD":0,"ADD_S":0}}
{"id_image":1089,"data":{"Best_template_id":105,"GT_R":[-0.0013384891503945996,0.9970777995212764,0.07638725751580452,0.4129920959844876,0.070119251872992,-0.9080307857866158,-0.9107328261472365,0.03033230185048571,-0.4118791242531349],"GT_T":[-78.76358263499853,-78.72181125335695,965.3730058438359],"R_pred":[-0.3081458659882484,0.9511847893447081,0.01713539592819996,0.37586828148804236,0.13827323756525722,-0.9162988304829642,-0.8739388767216953,-0.27591304480304263,-0.4001285186811056],"T_pred":[-105.42655570518173,-82.27082454773996,1036.4278504022973],"rotation_error":18.246113420623093,"translation_error":75.975657703847,"ADD":0,"ADD_S":0}}
{"id_image":1096,"data":{"Best_template_id":105,"GT_R":[-0.00470122438392208,0.996708753274581,0.08093311867863406,0.4099808165989845,0.07574063464630479,-0.9089434507062443,-0.9120816716404879,0.028908079621062302,-0.4089872826699801],"GT_T":[-71.0118424593878,-74.82031699796683,965.8477903012207],"R_pred":[-0.06067434288238749,0.9973601657365774,-0.03989140155092863,0.49016255103364087,-0.0050430239906382734,-0.8716164531909798,-0.8695167035083249,-0.07243802669135058,-0.48856262097000347],"T_pred":[-111.25637157029517,-87.93536743619356,1048.933003991386],"rotation_error":9.113728288699502,"translation_error":93.24580100624543,"ADD":0,"ADD_S":0}}
{"id_image":1106,"data":{"Best_template_id":105,"GT_R":[-0.006374115557834236,0.9969446406969943,0.07785938520000413,0.4009267802155664,0.07387684179163666,-0.9131261844578632,-0.9160874162705547,0.025395925914040683,-0.4001729347899942],"GT_T":[-67.90221703406326,-58.784185360666456,968.6193585901509],"R_pred":[-0.10119290512922977,0.9883232831105387,0.11391700493391133,-0.4927385295020693,0.049684801762099495,-0.8687578270254603,-0.8642735316412539,-0.1440434258668788,0.48195721176146755],"T_pred":[-97.55941823061498,-20.852450532312144,1024.6197009754014],"rotation_error":53.50704487468959,"translation_error":73.85393988926131,"ADD":0,"ADD_S":0}}
{"id_image":1110,"data":{"Best_template_id":105,"GT_R":[-0.008897927401094931,0.9971035413660249,0.07553862626175728,0.3906366238725478,0.07300516617674298,-0.9176456728530313,-0.9205010701424967,0.021343849388575205,-0.39015486737489474],"GT_T":[-58.02875845355556,-43.68285317085911,970.1360168320579],"R_pred":[-0.25408708632699345,0.9649642025096286,0.06545105374870147,0.2646876362389281,0.13446488467917062,-0.954913425400683,-0.9302581404019572,-0.22530708524849746,-0.2895798845788816],"T_pred":[-84.23781849242006,-39.35652140101485,1052.315089028092],"rotation_error":15.915393902064404,"translation_error":86.36568694628991,"ADD":0,"ADD_S":0}}
{"id_image":1111,"data":{"Best_template_id":105,"GT_R":[-0.007725710155868745,0.9970761013670518,0.07603205950427723,0.3894565965859286,0.07303069464466919,-0.9181448183711111,-0.9210121916609101,0.02251806471065157,-0.3888819180326005],"GT_T":[-55.68685541839777,-41.420606373666956,970.5530837981207],"R_pred":[-0.14083878424141882,0.9856364314931243,0.09319475182057613,0.32849586117094937,0.13532350012236005,-0.9347609424383276,-0.933945879613458,-0.10103650443346407,-0.3428362856013219],"T_pred":[-81.33126634709217,-37.67717102487427,1002.1260523830102],"rotation_error":8.46436741692052,"translation_error":40.84729446796631,"ADD":0,"ADD_S":1}}
{"id_image":1134,"data":{"Best_template_id":105,"GT_R":[0.0899945843555507,0.9932776104174111,0.07281428081356017,0.40525339573596303,0.03026308776265978,-0.9137033574634309,-0.9097635024054903,0.11173638623619783,-0.3998053507436449],"GT_T":[-140.46962500588197,-65.37915006692882,993.6148990854124],"R_pred":[0.3291635321855205,0.937616690268809,0.11192100432231739,0.6998855618637196,-0.16268686830676926,-0.695480541190939,-0.6338860854868622,0.30725872649918373,-0.7097749682936433],"T_pred":[-151.97524267628395,-71.61046469315765,849.4541018751803],"rotation_error":27.249217924144002,"translation_error":144.75339019255534,"ADD":0,"ADD_S":0}}
{"id_image":1178,"data":{"Best_template_id":105,"GT_R":[0.13961056149165613,0.9884522364655933,0.05892601759785923,0.3738484924937272,0.002488253242768684,-0.9274864582457801,-0.9169216326536204,0.1515169292643489,-0.3691842524753331],"GT_T":[-157.1568393408449,-48.780438634257365,1047.3514212153398],"R_pred":[0.10496286837400703,0.9923343891982976,0.0652323254003897,0.4634425774282214,0.009227459524886683,-0.8860789081212821,-0.8798885007143733,0.12323682081731113,-0.4589214663811818],"T_pred":[-169.42142831854113,-36.62680666826816,996.9546382884032],"rotation_error":5.9106868717299825,"translation_error":53.27256932175609,"ADD":0,"ADD_S":0}}
{"id_image":1355,"data":{"Best_template_id":105,"GT_R":[0.20479602451239318,0.9771709206613812,0.05653879893542074,0.33986329265890636,-0.01682150964978773,-0.9403244269759663,-0.9179055773836783,0.2117899355036815,-0.33554917328869793],"GT_T":[-128.4574061625347,-28.664912914429234,1005.8175222267605],"R_pred":[0.10593776588716619,0.9895386884443496,0.09793045405118855,0.27245187624976713,0.0658306176970086,-0.9599147383500326,-0.9563195934868307,0.12837255877120435,-0.2626277237226038],"T_pred":[-152.71666581023115,-15.496430234278511,1009.8451204851538],"rotation_error":7.814936784308782,"translation_error":27.895199631527905,"ADD":0,"ADD_S":1}}
{"id_image":1531,"data":{"Best_template_id":126,"GT_R":[0.30375476519457395,0.9520592626034776,0.03628468915166196,0.3121876141417196,-0.06347795991536717,-0.94789718065426,-0.9001507976946298,0.29925681183392183,-0.31650256373792207],"GT_T":[-123.28391563630835,-18.210016803495797,966.930859500919],"R_pred":[0.6097378682699428,0.7499494857314399,0.25650633685890645,0.5066462055258905,-0.11990484161451254,-0.853775410388245,-0.6095320782566274,0.6505371609743348,-0.45306958380320494],"T_pred":[-173.8512420832541,-24.699088946743977,957.103668047279],"rotation_error":27.728054387404626,"translation_error":51.920480093492536,"ADD":0,"ADD_S":1}}
{"id_image":1539,"data":{"Best_template_id":126,"GT_R":[0.3083945958728027,0.950699853673574,0.032611819050941425,0.30765551888805304,-0.06724220255119377,-0.9491190513065874,-0.9001332794345289,0.3027368674672919,-0.3132244144217934],"GT_T":[-123.25969021374709,-15.30442148077837,965.9537525646459],"R_pred":[-0.2889750142315484,0.9565792026647387,-0.03807453452334153,0.21301317704706102,0.025473513425617322,-0.9767171988442059,-0.9333374671329732,-0.2903572439996075,-0.21112518396145585],"T_pred":[-116.11301640958587,-6.406659908922829,864.2950924626404],"rotation_error":35.49865915388237,"translation_error":102.29725451441878,"ADD":0,"ADD_S":0}}
{"id_image":1543,"data":{"Best_template_id":105,"GT_R":[0.306147372619545,0.9514635914018277,0.03149164247008014,0.305951544616027,-0.06701149898488121,-0.9496852079260489,-0.9014802305149803,0.3003793544800446,-0.311617521257954],"GT_T":[-115.50800694763369,-14.126355196882344,967.4388912992774],"R_pred":[0.14826281429472177,0.9810220661262088,0.12495536671497126,0.5052509050066714,0.033477283537120095,-0.86232290615344,-0.8501409653036067,0.1909842330152921,-0.49069885046962597],"T_pred":[-150.21743190780202,-14.628920827137707,1007.870561605427],"rotation_error":15.130274894589757,"translation_error":53.28899245644874,"ADD":0,"ADD_S":0}}
{"id_image":1547,"data":{"Best_template_id":105,"GT_R":[0.3078802580833198,0.9509974551165067,0.028524771652745817,0.2977273954731681,-0.06782526862981691,-0.952237960721099,-0.9036411976834373,0.3016682779219088,-0.30402041309120925],"GT_T":[-110.66132129401493,-6.4204580415528545,967.9327135475876],"R_pred":[-0.611544290624614,0.778545149246313,0.141000110600927,-0.3353930734869396,-0.09367848738086126,-0.9374091034649802,-0.7166066332803666,-0.62055764565999,0.3184071945661844],"T_pred":[-97.02491786847031,22.526380800609033,870.3043616249021],"rotation_error":68.93606213639463,"translation_error":102.7383379098476,"ADD":0,"ADD_S":0}}
{"id_image":1550,"data":{"Best_template_id":105,"GT_R":[0.30818472525685797,0.9508772417549168,0.0292538235676722,0.29759092751219585,-0.06715253981340503,-0.9523285656294601,-0.9035820376270409,0.30219930992741806,-0.30366722775050803],"GT_T":[-107.8342799018583,-4.617410117777055,967.404876791992],"R_pred":[-0.38004998326903616,0.9247591597982809,-0.019557775599059468,0.006531410414458039,-0.01846076660625684,-0.9998082520035068,-0.9249428906128224,-0.38010484930540844,0.00097603243266986],"T_pred":[-119.64919244328142,11.670309151683826,987.1163618330646],"rotation_error":44.04607081057104,"translation_error":28.167793663804648,"ADD":0,"ADD_S":1}}
{"id_image":1557,"data":{"Best_template_id":105,"GT_R":[0.3138311984849041,0.9489385701189624,0.03203232342815945,0.29954307301051425,-0.06693761919326571,-0.9517317610696162,-0.9009897911946785,0.30827820846012605,-0.30525535848026697],"GT_T":[-107.72635190804701,-8.333247982150901,964.9478629852753],"R_pred":[-0.22412565287642172,0.9745581162616741,-0.002041996869578566,-0.11282372829853776,-0.02802792639333984,-0.9932196341569712,-0.9680074886360828,-0.22237561325511224,0.11623505742192175],"T_pred":[-127.00807490192724,12.6133498016833,1003.554656327263],"rotation_error":39.83065295345197,"translation_error":47.96904514873535,"ADD":0,"ADD_S":0}}
{"id_image":1559,"data":{"Best_template_id":105,"GT_R":[0.3154612905485595,0.9483373262537477,0.033785820361403054,0.3009628130146273,-0.06622148195472287,-0.951333630141391,-0.8999473378794071,0.31027729272356336,-0.30630495231614097],"GT_T":[-107.83214073442932,-10.724792166323667,964.0825149728445],"R_pred":[0.08413657624257886,0.9938693426500231,0.07172702613790366,0.35843201461710117,0.03697809111433603,-0.9328231942201404,-0.9297567033561536,0.10419381228245123,-0.3531233807698756],"T_pred":[-139.72932269297286,-8.87712963429855,1023.0074815585878],"rotation_error":13.884232601795341,"translation_error":67.02981247817755,"ADD":0,"ADD_S":0}}
{"id_image":1568,"data":{"Best_template_id":105,"GT_R":[0.32540974047490673,0.944474370303774,0.045570325703075246,0.3017040615094231,-0.05803344289661089,-0.9516338835416207,-0.8961480347406764,0.3234205125661406,-0.30383607825532577],"GT_T":[-115.68992894725523,-12.167538332925151,957.2245151106725],"R_pred":[-0.35893829240611386,0.9258820383702366,-0.11792265799225599,0.2842891550497659,-0.01188709549827538,-0.958664891023816,-0.8890123613120761,-0.3776256717756228,-0.25895148860421013],"T_pred":[-125.99848551822637,-8.533758892665565,959.4838628588456],"rotation_error":41.22352906285645,"translation_error":11.16133252996882,"ADD":0,"ADD_S":1}}
{"id_image":1573,"data":{"Best_template_id":105,"GT_R":[0.3350316302225253,0.9407040016719926,0.05319822065152554,0.303995803455043,-0.054481091841918634,-0.9511141343894146,-0.891818029206341,0.33482642642905464,-0.30422226764893257],"GT_T":[-125.3878053354888,-13.947376079744172,951.7605157502607],"R_pred":[-0.02339990271058401,0.9996771818052084,0.009898319611531758,0.41831975622198714,0.01878342461006477,-0.9081055910599249,-0.9079983623925282,-0.017108919834836533,-0.41862424530188463],"T_pred":[-142.59734645328157,-15.441731393295449,934.6532038141532],"rotation_error":22.002197586161408,"translation_error":24.31175692884868,"ADD":0,"ADD_S":1}}
