{"id_image":1,"data":{"GT_R":[0.6381505337709384,0.7672913287861042,-0.06346896710444529,0.288806325545165,-0.31498383652594564,-0.9040888742220848,-0.7136906551061517,0.5586150989989447,-0.42260551347324427],"GT_T":[-81.08546256073582,-60.79220066202944,996.0085354126786],"R_pred":[0.5408033693449728,0.8410749667073522,-0.011163157409625812,0.47920096863443773,-0.31897457826045444,-0.8176928824952447,-0.6913017773483171,0.43686167009911964,-0.5755464653989858],"T_pred":[-150.23514088980394,-85.93918278451912,1220.7818988785625],"rotation_error":12.845090193360525,"translation_error":236.5102823275317,"ADD":0,"ADD_S":0}}
{"id_image":2,"data":{"GT_R":[0.6381640372456966,0.7672923219516811,-0.06331260055355639,0.28853692290890964,-0.31459678781992484,-0.904309867893624,-0.713788011082223,0.5588298438434325,-0.4221558084812793],"GT_T":[-81.47526970402015,-60.017745902821325,996.2425531297755],"R_pred":[0.522303098069567,0.8527597775832235,-0.0004852660542769005,0.5074880628115824,-0.31128635391723697,-0.8034654142952639,-0.6853140446909574,0.4194062083483313,-0.5953512346070986],"T_pred":[-149.56366971357812,-85.4529233980151,1219.567885835795],"rotation_error":14.818818040259725,"translation_error":234.85566354322378,"ADD":0,"ADD_S":0}}
{"id_image":3,"data":{"GT_R":[0.638239947016518,0.7673829327045121,-0.06141737260136104,0.2882746904122842,-0.3122102949537328,-0.9052195070615335,-0.7138246077398807,0.5600425883616156,-0.42048256288410824],"GT_T":[-81.66928129524285,-58.59660847543038,996.5558557939127],"R_pred":[-0.3872781129829378,0.9154745570651769,-0.10918790487363145,-0.43417021393145017,-0.28556925231592734,-0.8543690230026142,-0.8133338112602315,-0.2834722870018172,0.5080665054526482],"T_pred":[-111.76071423399526,-43.0455925379271,1236.9236959469617],"rotation_error":78.23997406261374,"translation_error":242.74271773389552,"ADD":0,"ADD_S":0}}
{"id_image":4,"data":{"GT_R":[0.6378096271530316,0.767496482831313,-0.06440232305740072,0.2871118321109534,-0.3145204576170878,-0.90478953569508,-0.7146780343565947,0.5585932041122819,-0.4209615256262778],"GT_T":[-81.42466386403278,-58.39010714004685,996.9482338871036],"R_pred":[0.5667123026786233,0.8238996011075324,0.005158806794319848,0.48706360926822523,-0.32995929409754904,-0.8086383028061784,-0.6645345788740431,0.4607779416741823,-0.588283504738321],"T_pred":[-148.63520198546564,-81.67347281239167,1196.7989065204733],"rotation_error":13.006263859754887,"translation_error":212.13123981067716,"ADD":0,"ADD_S":0}}
{"id_image":5,"data":{"GT_R":[0.6368633946694143,0.7683691554363709,-0.06334958698615645,0.2868075758034942,-0.31238671305279475,-0.9056245784979086,-0.7156437978448664,0.5585912235345641,-0.4193213932168254],"GT_T":[-80.4033653717737,-58.14840684153131,997.3416170206498],"R_pred":[0.4941662715406798,0.8652928713176462,-0.08407105874464865,0.4550897268918211,-0.33986564402730757,-0.8230338294914923,-0.7407381700365592,0.36845568370805015,-0.5617360346231339],"T_pred":[-153.41212640291664,-83.7807740268833,1268.0887408560077],"rotation_error":14.253969010952078,"translation_error":281.587113518971,"ADD":0,"ADD_S":0}}
{"id_image":6,"data":{"GT_R":[0.6369902227213049,0.7682690391342876,-0.0632984497265846,0.2880131189877576,-0.31335485361619864,-0.9049077935205055,-0.7150470328039503,0.558186603617444,-0.42087546466865383],"GT_T":[-81.1344312164905,-57.99208043457952,997.1037849246775],"R_pred":[0.575199853395596,0.8179901120564906,0.006107800872179381,0.49821809495994607,-0.34439888709162975,-0.7957186289289254,-0.6487864506200529,0.4607402556189947,-0.6056356646895696],"T_pred":[-146.0701227370125,-80.26125721915628,1163.4827424715788],"rotation_error":13.844194491816543,"translation_error":179.98477097328185,"ADD":0,"ADD_S":0}}
{"id_image":7,"data":{"GT_R":[0.6380475466420341,0.7674098690440365,-0.0630719053375284,0.28689981993170205,-0.3129503471018476,-0.9054009819779055,-0.714551317421935,0.559593426189237,-0.4198469732016047],"GT_T":[-81.27168535646908,-57.84317555396257,997.0425106323341],"R_pred":[0.5010336782463997,0.8638032419936319,-0.053002003586420154,0.49878507265341826,-0.33827499456034615,-0.7979871423483728,-0.7072331331046419,0.373381824914509,-0.6003393275994028],"T_pred":[-146.39267393010576,-81.063648727599,1204.6804205351716],"rotation_error":15.874385547552777,"translation_error":218.84568799963625,"ADD":0,"ADD_S":0}}
{"id_image":8,"data":{"GT_R":[0.6369184008449471,0.7680900953554729,-0.06612286758544583,0.2845754081853275,-0.3139538312347326,-0.905786856649662,-0.7164847585332765,0.5580962317934596,-0.418542059199298],"GT_T":[-80.43510703887429,-58.13725957784039,996.9730875496381],"R_pred":[0.5617473361774518,0.8226951443339271,-0.08725038559751991,0.3579857563383705,-0.33679700332179247,-0.8708696669492544,-0.7458459147547714,0.4579743202875457,-0.48370796292885104],"T_pred":[-154.48302965415095,-81.26122619394918,1275.5227749572714],"rotation_error":7.177312825317756,"translation_error":289.15003204321306,"ADD":0,"ADD_S":0}}
{"id_image":9,"data":{"GT_R":[0.6354584277018033,0.7694888062966719,-0.06386145217773682,0.2877088245125433,-0.3127221745166065,-0.9052231116244323,-0.7165303249068842,0.5568582718847828,-0.4201111195417107],"GT_T":[-79.67474286541511,-59.399935720430925,996.6433801744565],"R_pred":[0.5880238406019448,0.8079082126736858,0.03888808015509582,0.5195075216266292,-0.34039105232657924,-0.783738391601025,-0.6199515286351799,0.4810595091986172,-0.6198724471635186],"T_pred":[-140.99850105069163,-81.18794003165627,1123.9424251902724],"rotation_error":15.12236296331876,"translation_error":142.96981258913,"ADD":0,"ADD_S":0}}
{"id_image":10,"data":{"GT_R":[0.6353973114386393,0.7694552124872247,-0.0648788789821858,0.2869685796482764,-0.31330133141481864,-0.9052577702904164,-0.7168815537942784,0.5565799553632252,-0.41988053700161865],"GT_T":[-79.81213517024909,-59.5266859889455,996.472666397474],"R_pred":[-0.5197896504992946,0.847820115705144,-0.10497509532997473,-0.3155234907894059,-0.30471441748192446,-0.8986623673764909,-0.7938914573125779,-0.4339932893310304,0.42589456303379025],"T_pred":[-93.57192205757369,-45.481201985704345,1153.89989034816],"rotation_error":81.48635562188304,"translation_error":158.6503646289202,"ADD":0,"ADD_S":0}}
{"id_image":11,"data":{"GT_R":[0.635233011421747,0.7697119298993731,-0.06342020175922528,0.2872124222166065,-0.31166171259168757,-0.9057459614137146,-0.7169295189005523,0.5571452628125045,-0.41904824302284616],"GT_T":[-79.45854128221053,-59.13799076728337,996.4919998751852],"R_pred":[-0.4730858560994554,0.8745991126413628,-0.10614219201423447,-0.36366813994170083,-0.30359317112815404,-0.880668308976595,-0.802455766226394,-0.37803118735270075,0.46168946775805797],"T_pred":[-98.52298225354366,-44.99227630291453,1178.5796359282451],"rotation_error":80.25732281711198,"translation_error":183.62859622250696,"ADD":0,"ADD_S":0}}
{"id_image":12,"data":{"GT_R":[0.6346958445837584,0.7700711012871884,-0.06442533136035641,0.28682529972997056,-0.3121743649333644,-0.9056917734458856,-0.7175595290100529,0.5563611415166286,-0.4190124580401038],"GT_T":[-78.91410547124832,-59.62314451934586,996.3135949698234],"R_pred":[0.5484544309193108,0.8361736496074207,0.0033711877998741646,0.48922194174806133,-0.3176106077611354,-0.8122717485853235,-0.6781295074815961,0.44714329866364855,-0.5832694416330751],"T_pred":[-145.73358651761174,-84.87707082665655,1207.8413827298932],"rotation_error":13.256651171142796,"translation_error":223.26354121510647,"ADD":0,"ADD_S":0}}
{"id_image":13,"data":{"GT_R":[0.6335340151351161,0.7709523999550565,-0.06531539719631704,0.2885724905810978,-0.31377302903829085,-0.9045837868683752,-0.7178854344377076,0.5542369930195876,-0.4212620501143559],"GT_T":[-78.6347287819906,-61.12494314351195,996.0846231428808],"R_pred":[0.5844559109686083,0.8114058137928852,-0.0056474310053757915,0.4728631574711055,-0.3462429436377673,-0.8102569088181295,-0.6594025496161744,0.47088897770510596,-0.5860476501407792],"T_pred":[-144.74421923006946,-84.53121864133797,1178.2339157576844],"rotation_error":12.112045273254681,"translation_error":195.18371668778647,"ADD":0,"ADD_S":0}}
{"id_image":14,"data":{"GT_R":[0.6335923167905777,0.7709929801780315,-0.06426308427175928,0.2895080731351824,-0.31330019843236206,-0.9044486284794789,-0.7174576457378059,0.5544470464147098,-0.4217139313240728],"GT_T":[-79.08133101970486,-61.951696355813674,995.5647082624778],"R_pred":[0.5452340713132267,0.838155861300881,0.014647854661393733,0.5336177063077565,-0.33354490591799735,-0.7771743300257691,-0.6465075026587486,0.43155827868682184,-0.6291148552552353],"T_pred":[-143.84091508114514,-86.45000231204071,1159.0376762382675],"rotation_error":16.152208561147777,"translation_error":177.53135492455758,"ADD":0,"ADD_S":0}}
{"id_image":15,"data":{"GT_R":[0.632951019086056,0.7713256094555844,-0.0665485487110751,0.28936512317149965,-0.3154283329656975,-0.90375457138246,-0.7180806898853008,0.5527757637866874,-0.422845674194241],"GT_T":[-81.15560360805736,-62.496192525841934,994.819341876522],"R_pred":[0.5488111376393724,0.8359243286015035,0.006070589353865452,0.5325365813160472,-0.3440112254752661,-0.7733440801526981,-0.6443687800966111,0.4276526553163574,-0.6339574762061522],"T_pred":[-145.82922591388868,-87.37891439001108,1152.188450093667],"rotation_error":16.216249280951654,"translation_error":171.95017734967996,"ADD":0,"ADD_S":0}}
{"id_image":16,"data":{"GT_R":[0.6354559477989694,0.7697183752536163,-0.06106927204663148,0.29213093518379535,-0.31287814772729794,-0.9037514801748447,-0.7147413246348979,0.5564544430136121,-0.4236783624234289],"GT_T":[-83.81440680308586,-63.37565481439531,993.7953532793607],"R_pred":[0.5084110584042821,0.8610040695765682,-0.013790861641921337,0.5549441017161412,-0.33984874223641354,-0.7593022299261298,-0.658449116988324,0.37838449303970734,-0.6505919887028891],"T_pred":[-150.87888137273214,-89.27892508918238,1174.5562885462346],"rotation_error":18.36565933411369,"translation_error":194.53313054281102,"ADD":0,"ADD_S":0}}
{"id_image":17,"data":{"GT_R":[0.636756381603501,0.7687505354927405,-0.059700211789086695,0.29199007349996503,-0.3120653020740948,-0.9040781066856404,-0.7136402792163211,0.5582451317405609,-0.42317809601689804],"GT_T":[-86.40429851204638,-63.799453177545466,992.9774018634439],"R_pred":[-0.33278826083176366,0.9176560555368716,-0.21716200678083675,-0.3143317704441531,-0.32506504661319463,-0.8919239057003718,-0.8890711510008714,-0.22856088730767515,0.3966262841153041],"T_pred":[-130.30827806667514,-58.769542380816326,1298.530201360984],"rotation_error":70.68335210198114,"translation_error":308.73187834128856,"ADD":0,"ADD_S":0}}
{"id_image":18,"data":{"GT_R":[0.6385957943703695,0.7671238978307193,-0.06096274027770105,0.2912920791003264,-0.3142913721104521,-0.9035318161565877,-0.7122804593316993,0.5592335522321928,-0.4241630380977419],"GT_T":[-88.75937820062134,-63.849680189060706,992.2446440546063],"R_pred":[0.5526899594244388,0.8331928932002652,-0.01798364456897511,0.5163228002434022,-0.35927657086536113,-0.7773873626294929,-0.654174727958994,0.42036882418633076,-0.628765041133791],"T_pred":[-155.9137767439279,-87.66893106926743,1156.7182034023442],"rotation_error":15.5647571420322,"translation_error":179.2445861964075,"ADD":0,"ADD_S":0}}
{"id_image":19,"data":{"GT_R":[0.6382952063444054,0.7673241054745802,-0.06158329078911643,0.29160495363505884,-0.31505597429446064,-0.9031648633532813,-0.7124223982451058,0.5585281918083124,-0.42485449800737224],"GT_T":[-89.98619583542474,-63.84209858572086,991.8033644861816],"R_pred":[-0.4006737204804839,0.9078523199722486,-0.12355053556068885,-0.34395763699526455,-0.27402780717693087,-0.8981101852481335,-0.8492076976034549,-0.31735299906383224,0.4220584797350132],"T_pred":[-120.43340718421257,-56.214724839023646,1218.1160599111024],"rotation_error":75.69745951976941,"translation_error":228.47898288394606,"ADD":0,"ADD_S":0}}
{"id_image":20,"data":{"GT_R":[0.6388186277351039,0.766957859227801,-0.06071582296847575,0.29253836858199206,-0.3151354032145881,-0.902835136594544,-0.7115700313717342,0.5589868917179157,-0.42567857714311175],"GT_T":[-90.57371870533454,-64.39059523950266,991.4662969535015],"R_pred":[0.6203485399308813,0.7785390021807511,0.09510368599073857,0.5589739359048472,-0.3537888366595384,-0.7499210612018671,-0.550196172273734,0.5183729170572967,-0.6546553985699962],"T_pred":[-147.45985274235989,-85.6193109467612,1050.933407013171],"rotation_error":18.228801130946852,"translation_error":84.98839800294436,"ADD":0,"ADD_S":0}}
{"id_image":21,"data":{"GT_R":[0.6390535460222729,0.7667982752857919,-0.060247944486388,0.2918496763697218,-0.3142090663079901,-0.9033810143560009,-0.7116412326684121,0.5597262489801346,-0.4245865549107362],"GT_T":[-90.36381816206658,-64.57171923059339,991.4807257527874],"R_pred":[0.5766904060241568,0.8158614512344785,0.04240599001630935,0.5088431565361465,-0.31809691498313586,-0.7999331189071635,-0.6391453806811276,0.48289175295068154,-0.59858895519897],"T_pred":[-159.98920557073765,-90.77811423158488,1189.6406176568996],"rotation_error":13.836579982131731,"translation_error":211.6643864002751,"ADD":0,"ADD_S":0}}
{"id_image":22,"data":{"GT_R":[0.6377266199328275,0.767859452412931,-0.06079510860071835,0.2921368217978286,-0.3141465131840613,-0.9033098744922613,-0.712712919930096,0.5583049546613025,-0.424659788206487],"GT_T":[-89.3425328779539,-64.77957840961034,991.6997138875669],"R_pred":[0.5268541912193659,0.848771201745202,-0.04485652998832668,0.49254413849494627,-0.34789382416125747,-0.7977281233256901,-0.6926939676573337,0.3981925843087259,-0.6013465997016022],"T_pred":[-157.72507704228354,-90.41048836049116,1196.3428980805427],"rotation_error":14.579209681813133,"translation_error":217.28310732299667,"ADD":0,"ADD_S":0}}
{"id_image":23,"data":{"GT_R":[0.6364729637753607,0.7686472394254117,-0.06389768126793446,0.2894311045880026,-0.3148072574702926,-0.9039502201516048,-0.7149342004663852,0.5568465515832329,-0.42283685685121236],"GT_T":[-87.9182818158608,-64.63480722713197,992.275117423702],"R_pred":[0.5599357572918916,0.8278659231683314,-0.03331607663878772,0.4566528238459658,-0.3419144562111891,-0.8213176627269816,-0.6913321532949703,0.4446712469796681,-0.5694974415483237],"T_pred":[-161.51429341224411,-91.80069529654294,1239.2172964521635],"rotation_error":11.512586129627667,"translation_error":259.1038366771505,"ADD":0,"ADD_S":0}}
{"id_image":24,"data":{"GT_R":[0.6363807173931153,0.7688807271370908,-0.06198665482835476,0.29015431246760504,-0.313058556932186,-0.904325913191875,-0.7147238746718153,0.5575099389756613,-0.42231935075020954],"GT_T":[-86.462908275543,-64.37344682708624,992.7363143435082],"R_pred":[0.5179535681539799,0.8544153618928843,-0.04121274800364744,0.4932359970429125,-0.3376728788215758,-0.8016827789901897,-0.698886508996736,0.39490684505310986,-0.5963272853664793],"T_pred":[-154.34779829522273,-90.45709088632834,1218.7947502542954],"rotation_error":14.710984402899285,"translation_error":237.4681688707452,"ADD":0,"ADD_S":0}}
{"id_image":25,"data":{"GT_R":[0.6344874753859961,0.7701960673437549,-0.06498228629916261,0.2907651877334864,-0.3157365149308484,-0.9031978125346346,-0.716156432762471,0.5541733209272682,-0.4242774277597553],"GT_T":[-83.83060808399325,-64.27496806390276,993.2857181518464],"R_pred":[0.4249484881343397,0.9007203553864964,0.09012005229005543,0.6551931952364991,-0.23735297152710788,-0.7172066953278101,-0.6246124072960169,0.3638219458741808,-0.6910086340648712],"T_pred":[-140.62625242805936,-95.6318212958233,1136.0968717075102],"rotation_error":24.9842787707283,"translation_error":156.85669587545587,"ADD":0,"ADD_S":0}}
{"id_image":26,"data":{"GT_R":[0.6339646602060041,0.7707875762420495,-0.06304716688660343,0.2899713563689101,-0.3124897970777591,-0.904581450199835,-0.7169415591996894,0.5551903579913733,-0.4216136344182319],"GT_T":[-81.70783778209073,-64.59163561109312,994.1199427271386],"R_pred":[0.5607644040754375,0.827032921154533,0.03949468886469809,0.5344645242729736,-0.32513441745116883,-0.7801508077816448,-0.6323693188442835,0.45858931291002536,-0.6243435646093645],"T_pred":[-147.1212273931347,-90.36293849548503,1175.1357716705224],"rotation_error":15.84790606331337,"translation_error":194.19011797932902,"ADD":0,"ADD_S":0}}
{"id_image":27,"data":{"GT_R":[0.6321964160370167,0.7720629815695502,-0.06516299243422544,0.28975534381235424,-0.31358522335530564,-0.9042704427159525,-0.7185882063972335,0.5527954145001552,-0.42195710735528896],"GT_T":[-80.48576416330177,-64.73467270908881,994.6543348947481],"R_pred":[-0.4397193009739732,0.8771658096388918,-0.19294320084291083,-0.2745122937928576,-0.3358068521075722,-0.9010420404366197,-0.8551549198288835,-0.34324029553382945,0.3884535527116534],"T_pred":[-107.14585152475182,-57.370654599622696,1226.7481622009932],"rotation_error":75.13125379296974,"translation_error":233.73603422343294,"ADD":0,"ADD_S":0}}
{"id_image":28,"data":{"GT_R":[0.6308492917788949,0.7731218337435543,-0.06566570015955318,0.2899146777067443,-0.3133707010434997,-0.9042940829985344,-0.7197075762982709,0.5514366127051127,-0.4218293167299309],"GT_T":[-80.05087788197923,-64.6994935289092,995.2509727530835],"R_pred":[0.5583854314708471,0.8295550255442448,0.0066460150017267905,0.49694467543207765,-0.3280643013748949,-0.8033802360794725,-0.6642677919941797,0.451898521526337,-0.5954292793955365],"T_pred":[-147.3661626750744,-90.74918515885659,1194.4147485310664],"rotation_error":13.470679878985676,"translation_error":211.8399008282753,"ADD":0,"ADD_S":0}}
{"id_image":29,"data":{"GT_R":[0.6303848109412226,0.7734438393490835,-0.06632890792772232,0.2897083213690111,-0.3136700798008132,-0.9042572697593277,-0.7201970842269614,0.5508142349782793,-0.4218058853653146],"GT_T":[-80.50896014341856,-65.01974806920742,995.4007649419576],"R_pred":[0.49478277182997465,0.8684461682369238,-0.031484306802788464,0.49257095449146004,-0.31011352556668553,-0.8131441791293674,-0.7159356559716938,0.38682147579368625,-0.581210187774763],"T_pred":[-151.75466457866696,-93.89779868962115,1248.4883086656112],"rotation_error":14.670969817704894,"translation_error":264.50557082258626,"ADD":0,"ADD_S":0}}
{"id_image":30,"data":{"GT_R":[0.6302144379181245,0.7738016200118013,-0.0637238992058626,0.2908935720092053,-0.31141538745424846,-0.9046559832130345,-0.7198686943290938,0.5515908231178801,-0.42135246522057035],"GT_T":[-81.69757740579088,-64.94764550977399,995.41863945353],"R_pred":[-0.39115137483005774,0.9117145323206062,-0.12560737846151238,-0.389844430927263,-0.28777077773018256,-0.8747624244099446,-0.8336797476510713,-0.29319718798103045,0.467988768365718],"T_pred":[-112.37185215155286,-51.65389613537153,1221.6902275019718],"rotation_error":76.23795860662288,"translation_error":228.7279310918797,"ADD":0,"ADD_S":0}}
{"id_image":31,"data":{"GT_R":[0.6304830779427125,0.7735214976471552,-0.06446817399153831,0.2905652071055943,-0.3122173449310324,-0.9044845726686372,-0.7197652345507435,0.551530548817079,-0.42160648862588973],"GT_T":[-83.90930612331596,-64.32758174603121,995.3312875862032],"R_pred":[-0.386218600022283,0.9064270600296633,-0.17095373012253595,-0.3207671164513508,-0.30574781352229063,-0.8964523029865137,-0.8648373546513317,-0.2913902183881945,0.40883748681764387],"T_pred":[-117.4655988786259,-57.294907634009206,1250.4505911328956],"rotation_error":73.40702887143422,"translation_error":257.4127858727988,"ADD":0,"ADD_S":0}}
{"id_image":32,"data":{"GT_R":[0.63096461211585,0.7731371818583597,-0.06436011855421392,0.29016176252507303,-0.31211214187668634,-0.9046507197654646,-0.719506572444305,0.5521282678201002,-0.4212669814024036],"GT_T":[-85.81925574686807,-64.13775636472178,995.2446162140052],"R_pred":[0.566214446566508,0.8233764138570129,0.03811143664763944,0.5349079665554449,-0.3318773540775592,-0.7770012156785837,-0.6271161517732589,0.4603354243966491,-0.6283443556129519],"T_pred":[-152.34005269455062,-90.21643593076189,1155.399585919732],"rotation_error":15.931826637102112,"translation_error":175.37026052300118,"ADD":0,"ADD_S":0}}
{"id_image":33,"data":{"GT_R":[0.6313659719818623,0.7727256090292765,-0.06535940011939842,0.2906718416918293,-0.3139481018150029,-0.9038510205032938,-0.7189482364291371,0.5516623314638618,-0.42282571885429776],"GT_T":[-86.95965752716187,-65.13491817972722,995.2557582850241],"R_pred":[0.6586202693613908,0.7522198987023188,0.019610323368122018,0.45837992708498976,-0.3804029578175079,-0.8032318669781788,-0.5967471685998087,0.5380137671844138,-0.5953436008626841],"T_pred":[-151.09016936538072,-84.56790439702662,1113.6623107108942],"rotation_error":12.573646022554804,"translation_error":136.05320708948395,"ADD":0,"ADD_S":0}}
{"id_image":34,"data":{"GT_R":[0.6302043706233542,0.7740685893587113,-0.060494256107155316,0.29315864782991485,-0.3093716109936397,-0.9046254350682401,-0.7189572687938054,0.5523651962836381,-0.42189250433918957],"GT_T":[-87.89611260484135,-65.4869479449605,995.1380907870395],"R_pred":[0.4553524873341568,0.8892036717642517,-0.04439529704338474,0.518226534992674,-0.3052658342655051,-0.7989080227783875,-0.7239443146458742,0.34077793436658765,-0.5998124946520849],"T_pred":[-162.07894484128946,-94.70511926673926,1259.8328860295646],"rotation_error":17.36876648982465,"translation_error":276.4419084771557,"ADD":0,"ADD_S":0}}
{"id_image":35,"data":{"GT_R":[0.6316923402115827,0.7729098446663455,-0.059798190830570225,0.29390762882957133,-0.3101571772139804,-0.9041138066520987,-0.7173442610873907,0.553546763003453,-0.42308713525138764],"GT_T":[-90.53394660204137,-64.81842376795119,994.3839004513679],"R_pred":[0.48664759641850297,0.8734181212368834,-0.017745489430428363,0.5240522534334533,-0.3081211860852515,-0.7939965808218176,-0.6989587631408682,0.3770969638971521,-0.6076631692378083],"T_pred":[-161.69882769274844,-91.3689598882867,1213.684115438741],"rotation_error":16.440560028170413,"translation_error":232.08178636515132,"ADD":0,"ADD_S":0}}
{"id_image":36,"data":{"GT_R":[0.6336301990296893,0.771418013558559,-0.05854346134046781,0.29365896355065646,-0.3098350986417704,-0.9043044183719866,-0.7157357081676949,0.5558033566323416,-0.4228539734165032],"GT_T":[-93.74206170152162,-63.74949170609804,993.6441576167199],"R_pred":[-0.3529419749845399,0.9231725626234577,-0.1522641846044236,-0.37936667545298625,-0.2899562535249677,-0.8786388886212088,-0.855285266943001,-0.25234458714425057,0.45255863873009483],"T_pred":[-129.81857781913087,-51.423633049836134,1230.28239501745],"rotation_error":74.0093619241274,"translation_error":239.68958510315494,"ADD":0,"ADD_S":0}}
{"id_image":37,"data":{"GT_R":[0.6329025828288224,0.772047188319379,-0.05811838816155039,0.29327495789927066,-0.30853587111083897,-0.9048732151137211,-0.7165360661257801,0.5556525117726271,-0.42169564610783994],"GT_T":[-96.16964174638991,-63.05322359674131,993.09872086414],"R_pred":[0.5113348578193212,0.8587687429053653,-0.032448565263097084,0.495978339143787,-0.3257333908186871,-0.8049243723517949,-0.7018134725687912,0.39549210398502166,-0.5924895318960796],"T_pred":[-172.76327244063538,-90.66173792860349,1241.6353562325994],"rotation_error":14.611731950381396,"translation_error":261.5325475859815,"ADD":0,"ADD_S":0}}
{"id_image":38,"data":{"GT_R":[0.6341335701108194,0.771077692810902,-0.057568796081174586,0.2930151750727282,-0.30853957046537955,-0.9049557912662451,-0.7155531716203974,0.5569939069911735,-0.42159326223430643],"GT_T":[-97.96135789317111,-61.745103106181,992.3784665831699],"R_pred":[-0.31851628155386585,0.9407958375645085,-0.1159765942179421,-0.44139774532323206,-0.2554777549879693,-0.8601739051667832,-0.8388774694844685,-0.2227875865653242,0.49663898604895307],"T_pred":[-139.30705341783505,-46.694737839559515,1259.9641020543736],"rotation_error":74.7868881618138,"translation_error":271.1790042455441,"ADD":0,"ADD_S":0}}
{"id_image":39,"data":{"GT_R":[0.6351840113738472,0.7702440936167564,-0.057139521409188675,0.290826842755165,-0.3070541713885452,-0.9061661700300071,-0.7155140265653929,0.5589658449300927,-0.4190436316033467],"GT_T":[-99.49815235479878,-59.359466775906895,992.0316048668321],"R_pred":[0.5947951385711285,0.8014014282746295,0.06304358723562581,0.513986878001046,-0.3188321269238069,-0.7963438730121425,-0.61809079622244,0.5060650408797523,-0.6015496172590294],"T_pred":[-161.95819256211317,-78.96239786950105,1095.30460402366],"rotation_error":14.340957666890924,"translation_error":122.27364346009198,"ADD":0,"ADD_S":0}}
{"id_image":40,"data":{"GT_R":[0.6347581650275662,0.770335760932656,-0.0605325401597902,0.28860694290457567,-0.3090221867520154,-0.9062075142439777,-0.7167892093164719,0.5577533422213364,-0.4184794483590867],"GT_T":[-100.22085462815423,-57.05228767431901,991.7569432190903],"R_pred":[0.5028077535192856,0.8629749482171467,-0.04958428935158238,0.45551665553101106,-0.31328255184596543,-0.8332818366211528,-0.734635242507961,0.3963940986675919,-0.5506203583293815],"T_pred":[-173.72275611545967,-80.54687977461124,1240.0262850126699],"rotation_error":13.038408763235397,"translation_error":259.9849831333069,"ADD":0,"ADD_S":0}}
{"id_image":41,"data":{"GT_R":[0.6344005648856286,0.7706783075503919,-0.05992173367845007,0.28771224459933,-0.3073621817285396,-0.9070565451036329,-0.7174658859005744,0.5581972811945438,-0.41672400073051974],"GT_T":[-98.8303114044728,-55.729501279306305,991.7304605191954],"R_pred":[0.5016930737462261,0.865044580903873,-0.0013902531804868001,0.4992036315533327,-0.29083097060454466,-0.8162187701720556,-0.7064699526512276,0.40879728422050565,-0.5777412798259367],"T_pred":[-171.60027064919373,-82.60289954005698,1233.571420584961],"rotation_error":14.735681883980448,"translation_error":253.97774797822453,"ADD":0,"ADD_S":0}}
{"id_image":42,"data":{"GT_R":[0.63368662907474,0.7711858696504988,-0.060934976281425524,0.28768274429345086,-0.30804404305582556,-0.906834302255954,-0.7181080645382659,0.5571192903854904,-0.4170602320619177],"GT_T":[-96.36822942343913,-55.236122288972915,991.7819421541616],"R_pred":[-0.3388197809989844,0.9300910932156288,-0.1418862725028628,-0.32240109834029185,-0.25645124487749843,-0.9112026617551963,-0.8838883910272685,-0.26298919620725436,0.38675314463555244],"T_pred":[-132.89686045321417,-48.23510326431638,1271.7248322247813],"rotation_error":71.01370597349468,"translation_error":282.4028626862414,"ADD":0,"ADD_S":0}}
{"id_image":43,"data":{"GT_R":[0.6301260842789269,0.7742088729983098,-0.05951368241820358,0.2889195726250091,-0.30491080788092617,-0.9074994747435546,-0.7207397996333235,0.5546441745788615,-0.41581678164844044],"GT_T":[-92.40650920399246,-54.869803066596745,992.2488974346203],"R_pred":[0.5010426800067895,0.8652528408694542,-0.017139258413158387,0.47796313938315543,-0.2931760314088195,-0.8280090893211096,-0.7214620365636797,0.40667595942557755,-0.5604526686729877],"T_pred":[-162.19499949392898,-81.16190460050554,1241.357944050833],"rotation_error":13.57558174678262,"translation_error":260.03273848893804,"ADD":0,"ADD_S":0}}
{"id_image":44,"data":{"GT_R":[0.6256429894542536,0.7777912369948563,-0.06008915454422337,0.28976517885167496,-0.3032148870113119,-0.9077979406663226,-0.7242971305512523,0.5505454931982013,-0.41508106786371224],"GT_T":[-87.60536741220781,-54.901191514761884,992.5956868619418],"R_pred":[-0.3721933090941843,0.924818750267242,-0.07862836523581912,-0.4964634228925784,-0.26994493562702065,-0.8250174552451046,-0.7842169409004791,-0.26802986938671597,0.559610381177149],"T_pred":[-111.95228980184824,-34.31502557040725,1188.4349511712135],"rotation_error":79.4472051819063,"translation_error":198.41769150792086,"ADD":0,"ADD_S":0}}
{"id_image":45,"data":{"GT_R":[0.6218822678567895,0.780769668864855,-0.06050752739084335,0.29022621592714287,-0.3015485437082377,-0.9082051765625672,-0.7273450340525616,0.5472361699575251,-0.41412799339236506],"GT_T":[-83.45802106545321,-55.492772331899886,992.8528433740485],"R_pred":[0.5329287258679658,0.8461381794573195,-0.006095441690304737,0.46943468310963854,-0.3016451688569282,-0.8298441241576809,-0.7040014569860634,0.4393863600180693,-0.5579619836436633],"T_pred":[-150.01353916222095,-79.23112563861935,1217.1745293970898],"rotation_error":11.921072214213257,"translation_error":235.18793597262544,"ADD":0,"ADD_S":0}}
{"id_image":46,"data":{"GT_R":[0.6206530987698504,0.7819571619131693,-0.057730185229505376,0.2913604199848122,-0.29835981383749627,-0.9088949760248155,-0.7279409357219084,0.5472886910423351,-0.41300997011995455],"GT_T":[-79.91136318470507,-56.29727275210545,992.6247866051428],"R_pred":[-0.34906276549482934,0.9240380721133665,-0.1559128828227947,-0.39580451442747994,-0.2961883362423291,-0.8692590268917706,-0.8494080127382415,-0.24171493697952084,0.46912676020139576],"T_pred":[-113.76651596383736,-43.78502136801362,1267.2967958504028],"rotation_error":73.43208774215806,"translation_error":277.0332840422343,"ADD":0,"ADD_S":0}}
{"id_image":47,"data":{"GT_R":[0.6165518271858781,0.78502473515934,-0.05999365078463206,0.29234209731692595,-0.2990230336285809,-0.9083621459892671,-0.7310259441178913,0.5425132734332045,-0.41385993496665135],"GT_T":[-77.13208484782749,-56.18253008010889,992.3882457820899],"R_pred":[0.5528291529012587,0.832597578333002,-0.034076388548329783,0.5017944393385141,-0.3652726687255335,-0.7840779413623831,-0.6652685685882225,0.4163618018456387,-0.6197262150437324],"T_pred":[-139.9590076874676,-76.4755093965042,1151.919197970969],"rotation_error":14.834429971526871,"translation_error":172.6532708908932,"ADD":0,"ADD_S":0}}
{"id_image":48,"data":{"GT_R":[0.6142548071587738,0.7870315009893868,-0.057205238816125686,0.2934749491652527,-0.29513869400342185,-0.9092668078994527,-0.732504157561966,0.5417329324201369,-0.4122647152990694],"GT_T":[-75.07180372315302,-55.30161772967554,991.9387498315123],"R_pred":[0.5394407915734538,0.841973821055527,0.009149701839988422,0.47493569086575094,-0.2952758576745426,-0.829004377199804,-0.6952982970844075,0.4515442974191112,-0.5591672607903687],"T_pred":[-140.45303699656858,-77.81266758518383,1204.5429431531095],"rotation_error":11.72674752093815,"translation_error":223.56653606449478,"ADD":0,"ADD_S":0}}
{"id_image":49,"data":{"GT_R":[0.6117491048080783,0.7889615261272127,-0.057465154623259414,0.2934306411636665,-0.29378302140524715,-0.9097201220478076,-0.7346157294144277,0.5396587905535131,-0.41122664352377375],"GT_T":[-72.85059021993516,-54.1604376896353,991.6117384330051],"R_pred":[0.5165293043852776,0.8543958040328257,0.05661526086102381,0.5866194262515256,-0.3049286131211732,-0.75026407993741,-0.6237588688392264,0.42074499515870534,-0.6587097407760947],"T_pred":[-128.99377035668942,-76.7873592324562,1105.553447041929],"rotation_error":19.332689438472464,"translation_error":129.02227410448918,"ADD":0,"ADD_S":0}}
{"id_image":50,"data":{"GT_R":[0.6100014958652465,0.7903087789247163,-0.05753041108142023,0.29419596546408305,-0.2932924812652014,-0.9096305107022609,-0.7357621238366756,0.5379516744638829,-0.41141503554717146],"GT_T":[-71.04653634824972,-53.39658314905327,990.8886350414041],"R_pred":[0.49916546717575405,0.8664835067176105,0.006337899144410297,0.524981219460411,-0.29659694101663236,-0.7977624795598227,-0.689368229318027,0.4015427588264161,-0.6029385186244108],"T_pred":[-137.17414929286326,-79.57713750463023,1232.2113305029493],"rotation_error":15.49556338042598,"translation_error":251.58482856671552,"ADD":0,"ADD_S":0}}
{"id_image":51,"data":{"GT_R":[0.6063895042237368,0.7932004050435985,-0.05590356769177071,0.29548264384062617,-0.29004551394039557,-0.9102553968270478,-0.738228151724352,0.535450909331498,-0.4102569651309602],"GT_T":[-68.80433713441555,-52.77241076725641,990.3734956043265],"R_pred":[0.4868162042838068,0.8734497541208885,0.009772935734283505,0.5452139613560119,-0.2950951092771986,-0.7846404353735303,-0.6824600498118496,0.38730401948190196,-0.6198740814907251],"T_pred":[-129.56086649658047,-77.00906470682327,1178.6259156405927],"rotation_error":16.87395797218964,"translation_error":199.2931130366343,"ADD":0,"ADD_S":0}}
{"id_image":52,"data":{"GT_R":[0.6055741766692364,0.7939155422436153,-0.05456990235866813,0.2968433712773564,-0.288982549193127,-0.9101500053636528,-0.7383517161402618,0.5349648764973554,-0.41066844135465214],"GT_T":[-67.66675360096453,-52.353086209334336,989.2685709844218],"R_pred":[0.5180534457670329,0.8550477705650357,0.022670187045229218,0.5235795134239474,-0.29604336539691567,-0.7988884896699981,-0.6763764635553533,0.4257365803595343,-0.6010517812070134],"T_pred":[-128.04466570063823,-73.59488154867134,1142.2466383233477],"rotation_error":14.828762173449581,"translation_error":165.82820998101369,"ADD":0,"ADD_S":0}}
{"id_image":53,"data":{"GT_R":[0.6036639551624601,0.7954121488542322,-0.05393554560000941,0.2976241251384643,-0.2876049910570231,-0.9103320777745857,-0.7396009651032284,0.5334823831546998,-0.410350555154526],"GT_T":[-67.15908891851672,-50.934201600291466,988.085053276514],"R_pred":[0.5081722341509491,0.8612504049087505,-0.002953046316313157,0.5423993175455551,-0.32269694356962203,-0.7756736832824356,-0.6690022128245534,0.39257409829908235,-0.6311272586257969],"T_pred":[-128.79950558242678,-73.65998749700186,1144.454657391191],"rotation_error":16.710060191559247,"translation_error":169.60971494022488,"ADD":0,"ADD_S":0}}
{"id_image":54,"data":{"GT_R":[0.6049838917928019,0.7944890471799367,-0.052744469163090224,0.2964812126704776,-0.2862511559967644,-0.9111307870726412,-0.7389812364961156,0.5355814621827382,-0.40872910321999095],"GT_T":[-68.26463392960916,-50.61502901805395,986.4455004378802],"R_pred":[0.46328448374373365,0.8861633905662594,-0.009051648602003581,0.5485397765860514,-0.2947677184864283,-0.7824423976506072,-0.6960399418318087,0.35752823295289193,-0.6226571785632565],"T_pred":[-132.95193333524102,-77.96814200711692,1199.4414988716233],"rotation_error":17.724296443033143,"translation_error":224.2764696604915,"ADD":0,"ADD_S":0}}
{"id_image":55,"data":{"GT_R":[0.6043657440255873,0.7947266470936463,-0.05613518778068369,0.295816968841831,-0.28926588740461245,-0.9103944574949401,-0.73975252786956,0.5336056090021611,-0.40991586558480897],"GT_T":[-69.19433947318427,-51.7418162449172,984.8152937376566],"R_pred":[0.46192148643512576,0.8852663011958049,-0.05414901972023678,0.49824583049438687,-0.3095183106989211,-0.8099070982137673,-0.7337435742577395,0.3471339673802962,-0.5840534016049325],"T_pred":[-136.49526389802384,-78.26695055632894,1216.0518503901412],"rotation_error":15.480193630574345,"translation_error":242.28772629081757,"ADD":0,"ADD_S":0}}
{"id_image":56,"data":{"GT_R":[0.6046297708382339,0.794672063234998,-0.0540258097115161,0.29808020431235527,-0.2886521711366226,-0.9098509827967769,-0.7386274482303499,0.5340187644594621,-0.41140381219783456],"GT_T":[-70.42558537561335,-53.33591718535585,983.1124237557516],"R_pred":[0.48529749100176534,0.8735586102632276,-0.037171220888883916,0.5192718593545054,-0.3221588718572981,-0.7915619984348339,-0.7034508378770378,0.3648410828273203,-0.6099572960228298],"T_pred":[-135.73503863837738,-78.8909842751933,1179.217946982932],"rotation_error":15.954042132151548,"translation_error":208.26848628549993,"ADD":0,"ADD_S":0}}
{"id_image":57,"data":{"GT_R":[0.6049333714708235,0.7943736036648373,-0.05500777248489071,0.2988982620979849,-0.2905614546685723,-0.9089745238137439,-0.7380473436727717,0.5334274592589585,-0.4132078471857686],"GT_T":[-72.30145167089587,-54.796056171445635,981.2935457182713],"R_pred":[0.4976120207175109,0.8673828584989512,-0.005408661537231352,0.4967516279893217,-0.29008384125891024,-0.8179787192405645,-0.7110696850009812,0.4043492819613557,-0.5752230534757292],"T_pred":[-144.0089275347265,-83.72259996087254,1229.0373337706978],"rotation_error":13.490937749858128,"translation_error":259.5297507973395,"ADD":0,"ADD_S":0}}
{"id_image":58,"data":{"GT_R":[0.6043973490126444,0.794682079027634,-0.056427725997452514,0.30090419249194844,-0.29328785987593087,-0.907435810232358,-0.7376717451676873,0.5314723125088011,-0.41638536352606437],"GT_T":[-74.2570088774633,-56.68362073512684,979.4498515907445],"R_pred":[-0.35078089825089687,0.9212813908982143,-0.1679087853774952,-0.3087630390844626,-0.2830586582152042,-0.9080436012134743,-0.8840917074136714,-0.2666803232225055,0.38374921249211635],"T_pred":[-112.46865904659228,-52.66107575308038,1252.7257939445028],"rotation_error":69.68571220827023,"translation_error":275.9638594927153,"ADD":0,"ADD_S":0}}
{"id_image":59,"data":{"GT_R":[0.6051553005630115,0.7940351335871432,-0.057406345117230737,0.3028375150913231,-0.2962883512778477,-0.9058166024684303,-0.7362583283871167,0.5307753609160486,-0.41976399513877355],"GT_T":[-76.2946801465865,-58.797583981016125,977.723378370931],"R_pred":[-0.3958277555585564,0.9089792762847544,-0.1306792378854395,-0.35647429581577933,-0.2832313516316657,-0.8903404280810479,-0.8463134551406586,-0.3058376640274107,0.4361385776449228],"T_pred":[-107.48489720359458,-50.98498422308802,1191.186248924549],"rotation_error":74.04172536674362,"translation_error":215.87094167588094,"ADD":0,"ADD_S":0}}
{"id_image":60,"data":{"GT_R":[0.6065785537135343,0.7931229854123624,-0.05493527972458882,0.30391214050156007,-0.2951726221719789,-0.9058205001366597,-0.7346418816704927,0.5327568810606345,-0.420085386773396],"GT_T":[-78.06527921318137,-61.03999631314264,976.1865203745966],"R_pred":[0.4804690071965002,0.8766962207098371,-0.023521686093848304,0.5345602322285962,-0.31401456714302234,-0.7846274337172322,-0.6952660578823895,0.3644154061165209,-0.6195212026570301],"T_pred":[-146.6208628734194,-89.96445217665448,1177.1305818582748],"rotation_error":16.351023873953554,"translation_error":214.27787576778053,"ADD":0,"ADD_S":0}}
{"id_image":61,"data":{"GT_R":[0.6068315185244193,0.7929046462830949,-0.05529598228778396,0.30481597768696406,-0.2964055062205719,-0.9051141479640237,-0.7340585504434349,0.5323970144644763,-0.4215585384625938],"GT_T":[-80.56222332126147,-62.74947611467855,974.7815660857733],"R_pred":[0.5256248587156612,0.8505642772970499,0.016090931802963726,0.5299410642059033,-0.31257518155406583,-0.7883268512138585,-0.6654930325468892,0.422891435314774,-0.615046223928702],"T_pred":[-152.86298835413734,-93.08849855344816,1170.9522988364276],"rotation_error":14.857107384761985,"translation_error":211.26006081322598,"ADD":0,"ADD_S":0}}
{"id_image":62,"data":{"GT_R":[0.6071031062355269,0.7927547571535325,-0.05445243394468932,0.3075260795706243,-0.2975887760154858,-0.9038081259267929,-0.7327020065384549,0.5319592937105397,-0.4244609029998692],"GT_T":[-83.11160573925166,-63.997265878516856,973.2514388471438],"R_pred":[0.4459650561871302,0.8912926331457133,-0.0819305239833803,0.4757952355767815,-0.3136055614095099,-0.8217484077596142,-0.758112170105747,0.32748892187859946,-0.563929910170003],"T_pred":[-164.05613710263273,-97.59785458123298,1271.3404314429197],"rotation_error":14.852294884675313,"translation_error":310.7057518385699,"ADD":0,"ADD_S":0}}
{"id_image":63,"data":{"GT_R":[0.6076998870387964,0.792296607086306,-0.0544674314270297,0.3076092470964005,-0.29806078602415503,-0.903624390777249,-0.7321729532133149,0.5323778901612661,-0.42484916588228705],"GT_T":[-86.32473886917087,-65.42047801457691,971.8562862913677],"R_pred":[0.4615763931792066,0.886795334157473,-0.023265179479432296,0.5370872284393342,-0.30023435805418275,-0.7882871553508576,-0.7060343775674304,0.3513593111905938,-0.6148675403146946],"T_pred":[-157.77972560374616,-97.38435741604742,1199.8038492862295],"rotation_error":16.603543912706485,"translation_error":241.01368465488954,"ADD":0,"ADD_S":0}}
