{"id_image":1,"data":{"GT_R":[0.7716686220638413,-0.08766475940720786,0.629954211320417,0.3217836630403245,0.9081538156528892,-0.26779192207241964,-0.5486204621273257,0.40935599624520586,0.7290015232047917],"GT_T":[77.58822773656681,-8.33711726799249,1015.6685053746622],"R_pred":[-0.7483488356435134,0.6632821610122956,-0.0055493309377724065,0.5108080024835102,0.5709423266446696,-0.6427285929880338,-0.4231420621845622,-0.4838198368488322,-0.7660738611137737],"T_pred":[60.5940212342696,-80.63777780693444,697.5797997991141],"rotation_error":130.86311344843222,"translation_error":326.64447520773683,"ADD":0,"ADD_S":0}}
{"id_image":2,"data":{"GT_R":[0.7714297503745987,-0.08828226908281459,0.6301606448092254,0.32198910294204425,0.9083382933711454,-0.26691854956366584,-0.5488350513883558,0.4088137925302978,0.7291448989594963],"GT_T":[77.92114245919377,-7.761588130556026,1015.7562337810352],"R_pred":[-0.6735188894803423,-0.28097169729808213,-0.6836864857744385,0.7352362428040021,-0.1593565949202992,-0.6588119177146556,0.07615755235445115,-0.9463933542522596,0.313910251897794],"T_pred":[31.52479054102993,-47.31679129060295,147.44920986160818],"rotation_error":158.24644014753622,"translation_error":870.4448996669228,"ADD":0,"ADD_S":0}}
