{"id_image":30,"data":{"Best_template_id":19,"GT_R":[-0.2486723542651478,0.874845037109096,0.4157026603034119,0.9022101980675346,0.05306772546921873,0.428019258860045,0.35239061461279536,0.4814869989761804,-0.8024897081116419],"GT_T":[118.09099909944315,110.46354257863487,842.7504253642674],"R_pred":[-0.3237181688771923,0.6259856209503608,-0.7094706121483746,0.8482491718778221,-0.14016557001868324,-0.5107122040738084,-0.4191418489573514,-0.7671346787525182,-0.4856176429124911],"T_pred":[119.43346106099125,107.75034142233558,785.8492260428648],"rotation_error":97.32186917097687,"translation_error":56.98166502346817,"ADD":0,"ADD_S":0}}
{"id_image":77,"data":{"Best_template_id":19,"GT_R":[-0.24985198467425185,0.8939613565188768,0.3720308415907876,0.8956577872908423,0.0673769344274041,0.43961123825359694,0.3679299999673793,0.4430501688543492,-0.8175167474793135],"GT_T":[101.97065720853381,106.68821131294037,834.4476922243122],"R_pred":[-0.28414986916454565,0.7914114035532519,0.5412271631945718,0.9351165089705521,0.10411852229162877,0.3386981664646789,0.2116978188468156,0.6023514950937532,-0.7696471333369737],"T_pred":[82.00735814030696,90.07247358327646,797.5162810450955],"rotation_error":13.187645271745907,"translation_error":45.15025118066135,"ADD":0,"ADD_S":0}}
{"id_image":86,"data":{"Best_template_id":19,"GT_R":[-0.2559137318976708,0.897425739646236,0.35935290794041713,0.8925757249169591,0.07660462846351228,0.4443413657486367,0.37123596631925876,0.4344624490129863,-0.820624850102266],"GT_T":[98.38380510533968,108.71357129116656,831.1407942218763],"R_pred":[-0.23766662458695154,0.871271975280311,0.42941788580424833,0.8977644908109902,0.028245799694173845,0.4395692139339613,0.3708550857091337,0.4899870609422071,-0.788910125117487],"T_pred":[73.11984338259292,79.60966123214455,733.0747475713111],"rotation_error":4.513758703719679,"translation_error":105.36723802170611,"ADD":0,"ADD_S":0}}
{"id_image":94,"data":{"Best_template_id":19,"GT_R":[-0.27221447036527624,0.8943805844777789,0.3549410690924762,0.8887151234729289,0.09227099016334792,0.4490782649203848,0.3688966478681541,0.4376867173490944,-0.8199662484283197],"GT_T":[82.08639571005133,109.1521340230195,829.3633145404905],"R_pred":[-0.17379599151197778,0.9234794510456618,0.34202435122483843,0.9047369201169283,0.012572825675165267,0.4257851916540508,0.38890366250744346,0.3834418176867841,-0.8376910610346463],"T_pred":[62.88543484818232,85.37196491174566,770.6129726669764],"rotation_error":5.944386003305627,"translation_error":66.22519166627299,"ADD":0,"ADD_S":0}}
{"id_image":102,"data":{"Best_template_id":19,"GT_R":[-0.27747977539851204,0.8966808147162308,0.344917392769638,0.88621519669153,0.10026148894664665,0.452295404695869,0.37098318935736957,0.43117366959697107,-0.8224717920065863],"GT_T":[77.91145049678613,109.05245069743731,830.528381398941],"R_pred":[-0.29564078992072995,0.7398773211660746,0.6042996549388062,0.9392541218419411,0.10967643367806401,0.3252272659212101,0.17435084725337874,0.6637413875296422,-0.7273576510508803],"T_pred":[59.5778804275393,100.03512323468121,866.6502443349507],"rotation_error":18.7840215699714,"translation_error":41.49965021566366,"ADD":0,"ADD_S":0}}
{"id_image":103,"data":{"Best_template_id":19,"GT_R":[-0.2801459913650906,0.8961246052601285,0.34420899291496565,0.8860230492895963,0.10338411359118328,0.45196686503533606,0.3694333794885021,0.4315939131064333,-0.8229494105276697],"GT_T":[76.36846592534476,110.08028085296073,830.9153253784931],"R_pred":[-0.22074515745068557,0.8774700518375452,0.42581437691826196,0.9050308593611688,0.02153352849524326,0.4248004834678612,0.36358041623010473,0.4791478010789156,-0.7988908972163744],"T_pred":[57.75958031583491,88.3138372182149,781.4494207941822],"rotation_error":5.902826165735513,"translation_error":57.15719034799158,"ADD":0,"ADD_S":0}}
{"id_image":107,"data":{"Best_template_id":32,"GT_R":[-0.27632887229531244,0.8994742046793257,0.33850856230099785,0.8878575733561954,0.10408730538205122,0.44819177097034946,0.36790319749141964,0.4243960257779704,-0.8273668139189528],"GT_T":[76.6976235796874,113.33131952727376,831.608742475939],"R_pred":[-0.29808077452791293,0.8330418742386683,-0.46603550038786296,0.7704418330966365,-0.078268479069592,-0.6326874639178708,-0.563531040557247,-0.5476452144856734,-0.6184799797725122],"T_pred":[74.033161452013,107.20560827274538,764.0682355815054],"rotation_error":86.03747365690988,"translation_error":67.87005059936749,"ADD":0,"ADD_S":0}}
{"id_image":114,"data":{"Best_template_id":19,"GT_R":[-0.27484059793775134,0.9049846100851282,0.3247544526325034,0.8846056941229768,0.10565736088793586,0.45421172509875607,0.3767434731725061,0.4121159284984665,-0.829593009957386],"GT_T":[76.92990622656677,108.52852442874232,832.9082378562562],"R_pred":[-0.33749133800586484,0.7416231295095373,-0.5797367769492383,0.8218525503433353,-0.0681436188394412,-0.5656101419755664,-0.4589749255298883,-0.6673466722685779,-0.5865069792823344],"T_pred":[75.6354356968094,108.68644531396416,796.4298901681564],"rotation_error":87.78861767317355,"translation_error":36.50164986698952,"ADD":0,"ADD_S":0}}
{"id_image":116,"data":{"Best_template_id":32,"GT_R":[-0.27672816172742565,0.9041624810987429,0.3254404478044351,0.8853767001704536,0.1082540297856669,0.45209343539473573,0.373537133157971,0.4132448265282184,-0.8304810766098248],"GT_T":[72.86621154856454,112.71847235554499,833.9868449912519],"R_pred":[-0.29677228167414194,0.8481036462687981,-0.4389150464674151,0.7626300507921961,-0.06613604238528037,-0.6434449700839263,-0.574736129418202,-0.5256864360844608,-0.6271619826314426],"T_pred":[68.94371673189289,108.9862454188552,772.668081210375],"rotation_error":85.06100984183394,"translation_error":61.55734135835262,"ADD":0,"ADD_S":0}}
{"id_image":121,"data":{"Best_template_id":19,"GT_R":[-0.2690158666194111,0.9107169855850307,0.31340994854983056,0.8838749410628113,0.10417034898829108,0.45597558355857853,0.3826171062258622,0.3996796069632475,-0.8329824982637147],"GT_T":[78.34924814963085,107.30508549891474,836.3295350639183],"R_pred":[-0.2965134173426134,0.7949606020400809,-0.5292612157903485,0.8369731160695061,-0.050594660511044665,-0.5449001590242692,-0.4599519500042443,-0.6045476172576028,-0.6503586565545572],"T_pred":[82.1471021073367,104.9072350665882,806.503139763312],"rotation_error":82.87555500374017,"translation_error":30.16267955616515,"ADD":0,"ADD_S":0}}
{"id_image":124,"data":{"Best_template_id":19,"GT_R":[-0.26828702261403997,0.9136473808800607,0.30540325355828835,0.8838172924316365,0.10731676343751197,0.45535685719459396,0.3832610402482518,0.39208699877037684,-0.8362881479402409],"GT_T":[83.45685884950736,109.41784420023518,837.5064664659488],"R_pred":[-0.26040161090143443,0.9009580881186966,0.34708143784051715,0.9654760206315819,0.24043396822206076,0.10023752047211892,0.006859637406104985,0.36120081724505554,-0.9324628223131262],"T_pred":[72.74737218447792,102.94569670055347,851.5279520300608],"rotation_error":22.494704627300983,"translation_error":18.793186406532506,"ADD":0,"ADD_S":1}}
{"id_image":135,"data":{"Best_template_id":19,"GT_R":[-0.26514718341985316,0.9214885464530691,0.2838211638747203,0.8804125372954686,0.11135496983581965,0.4609495779011063,0.39315540346728356,0.37209886667041714,-0.8408155866629707],"GT_T":[92.87702155516737,102.59035735433896,837.5525767022467],"R_pred":[-0.4258840722096069,0.5535572261476682,0.7156795053778342,0.8882210649020221,0.10516454048823187,0.447217798492207,0.1722965376973078,0.826144549581729,-0.5364690916482721],"T_pred":[70.62820512939258,84.67096770148564,829.6481480254488],"rotation_error":34.2988938951515,"translation_error":29.641092263700376,"ADD":0,"ADD_S":0}}
{"id_image":137,"data":{"Best_template_id":19,"GT_R":[-0.26814521403967406,0.9223306177741454,0.2782168983896933,0.8788149798505284,0.11586850195099381,0.46287942624760603,0.3946920880279575,0.3686202633814388,-0.8416279001355723],"GT_T":[94.57950993351821,102.07641078944216,837.3452773349704],"R_pred":[-0.27683068192735993,0.8632588357619674,0.42207695509530624,0.9011574547841558,0.08074411334581533,0.4259056583880285,0.3335865933016117,0.4982615484250117,-0.8002845832143306],"T_pred":[76.29342531224803,84.73728643489099,817.3081095681544],"rotation_error":9.033341691506541,"translation_error":32.19494084905852,"ADD":0,"ADD_S":1}}
{"id_image":154,"data":{"Best_template_id":19,"GT_R":[-0.2785261231554012,0.9282736768811105,0.24643645326206928,0.8705585811376532,0.13563721372450555,0.47300258442162546,0.40565038127284186,0.3462808477016719,-0.8458947466734711],"GT_T":[93.21288274737188,95.28488026803062,834.0829667395514],"R_pred":[0.0772108874869597,0.8417028236737113,-0.5343920241481684,0.7195045594005133,0.32399986197624076,0.6142778511726181,0.6901823439174234,-0.4319264359344972,-0.5805927024046841],"T_pred":[139.47705464488368,106.97661670634494,1208.1921980830396],"rotation_error":52.75211659113827,"translation_error":377.1402753336232,"ADD":0,"ADD_S":0}}
{"id_image":163,"data":{"Best_template_id":32,"GT_R":[-0.2687594021683882,0.9335269848291483,0.23726869304516654,0.8746025049691796,0.13331669172754568,0.466151168969856,0.4035340290273361,0.3327976970922635,-0.8522943491650152],"GT_T":[96.27226025846562,102.96423493560606,834.8824560457188],"R_pred":[-0.3616535118175338,0.8207256697582789,-0.4422851030612142,0.7308851393212071,-0.04493306942561781,-0.6810197738622656,-0.5788036372635058,-0.5695528020050611,-0.5836059931312557],"T_pred":[86.62543101626635,95.29988890656183,736.055277371659],"rotation_error":85.74176395740325,"translation_error":99.59224246474021,"ADD":0,"ADD_S":0}}
{"id_image":215,"data":{"Best_template_id":32,"GT_R":[-0.2357256246487977,0.9491473947389856,0.20869257919811096,0.872030204466399,0.11180083166323738,0.47651309881345955,0.42894996006250014,0.29431271700031025,-0.8540386169346283],"GT_T":[99.91475450815774,90.1929971876784,823.2144624643324],"R_pred":[-0.23312457663033304,0.9445992603201002,0.23105230830625254,0.8210242164711244,0.06386046506582999,0.5673103885612816,0.5211258655439243,0.32195353454232417,-0.7904263114654018],"T_pred":[77.81495336471816,64.43995299589498,754.0041348949995],"rotation_error":6.6581521457068975,"translation_error":77.0823581500844,"ADD":0,"ADD_S":0}}
{"id_image":319,"data":{"Best_template_id":19,"GT_R":[-0.29256322827918646,0.9505336148086327,0.10436269119063872,0.8667729259975879,0.21751011198686898,0.4487694560479193,0.40387081463786734,0.2217523409242164,-0.8875327631848331],"GT_T":[47.057916209028704,124.77880469218199,827.4631497468832],"R_pred":[-0.3378685895181395,0.921431861636868,-0.19185447760591454,0.6470861709228626,0.07938966863644992,-0.7582722254666738,-0.6834649249357355,-0.380342746577623,-0.6230690904774359],"T_pred":[34.75527506821048,114.88271709594423,718.8289670877772],"rotation_error":78.89679689253431,"translation_error":109.77555816648886,"ADD":0,"ADD_S":0}}
{"id_image":444,"data":{"Best_template_id":19,"GT_R":[-0.2582409347408673,0.9650516817770743,-0.044575006224146244,0.8907935717136234,0.2557205009179382,0.3756248116214654,0.37389702921209883,0.05729488773565563,-0.9256985815410234],"GT_T":[100.57279641782188,135.0196482094508,841.7880855738481],"R_pred":[-0.18282342669861662,0.9765977412569511,0.11328038851450312,0.8979906199644854,0.11896933471933435,0.42362618409659014,0.40023548206771314,0.17917351692775405,-0.898725992572689],"T_pred":[81.29104938576226,108.81896151949572,787.9250220624369],"rotation_error":10.58546792367293,"translation_error":62.92448936994118,"ADD":0,"ADD_S":0}}
{"id_image":516,"data":{"Best_template_id":19,"GT_R":[-0.2756832739871129,0.9573784298220201,-0.08616611409647765,0.8967886574930058,0.2884341204220827,0.3355242184455879,0.3460772138481216,0.0152255336701333,-0.938081991235485],"GT_T":[74.15168735704081,132.87277733170887,837.7253217723986],"R_pred":[-0.2833828317057471,0.9409377181614663,-0.1852845952461376,0.8149168485378603,0.13441314030621465,-0.5637762301499983,-0.5055736352536139,-0.31075604298889303,-0.8048763762729846],"T_pred":[62.27966836165959,126.45275564645213,801.3432256698524],"rotation_error":54.87653041308114,"translation_error":38.80487637244539,"ADD":0,"ADD_S":0}}
{"id_image":519,"data":{"Best_template_id":19,"GT_R":[-0.2800997062894651,0.9557475732990984,-0.0899446446488811,0.8947224815865796,0.29386657358849,0.33632470864586944,0.3478740110850356,0.013728431855876858,-0.9374406525897927],"GT_T":[74.68152713366437,129.6013442344287,836.8187937984198],"R_pred":[-0.4135456606502651,0.5916995192317703,-0.6920055386326239,0.8262332473228448,-0.07542804952802318,-0.5582555242563616,-0.382516153352617,-0.8026221329400842,-0.4576888726406041],"T_pred":[72.45841884923219,126.6516275856217,819.6440624444095],"rotation_error":73.80274713182435,"translation_error":17.567425418512094,"ADD":0,"ADD_S":0}}
{"id_image":529,"data":{"Best_template_id":19,"GT_R":[-0.2793840842047564,0.9557102746636087,-0.09253110778949696,0.898318017272262,0.2941990397355092,0.3262994692359992,0.33907044901640376,0.008041219167558747,-0.9407262252831282],"GT_T":[69.50274748448709,134.2639217884811,834.6397787174302],"R_pred":[-0.28201915949951206,0.9239161871089128,0.25854220714095694,0.949503292732579,0.23015828680059547,0.2132385052165897,0.13750887522330826,0.305624021004802,-0.9421705084641935],"T_pred":[51.85884684293754,117.1376407405841,818.6247808620747],"rotation_error":21.289163600161352,"translation_error":29.344452434616517,"ADD":0,"ADD_S":0}}
{"id_image":531,"data":{"Best_template_id":19,"GT_R":[-0.2765047591551948,0.9561389417812752,-0.09665695096872892,0.8996910797215324,0.29290102260171746,0.3236731492188093,0.33778813863981033,0.0025360538163328034,-0.9412186817345682],"GT_T":[71.32748401349633,136.4333696736901,834.8054253261333],"R_pred":[-0.29883649246593,0.9498998463725666,-0.09158074378402162,0.853147904609861,0.22292751251798681,-0.47163754835927385,-0.4275925673236892,-0.21907443032886642,-0.8770239394370138],"T_pred":[60.12466046531316,131.64112832406605,815.1819571991946],"rotation_error":47.14046281624663,"translation_error":23.09868684435881,"ADD":0,"ADD_S":0}}
{"id_image":541,"data":{"Best_template_id":19,"GT_R":[-0.27138492868647907,0.9566540132567083,-0.10565500851172954,0.9020110703699032,0.29109373569726693,0.3188115038837503,0.3357489261809366,-0.008781972821515422,-0.94191053181873],"GT_T":[74.24962273910012,135.14197276840068,834.6515799121165],"R_pred":[-0.4906165643063809,0.5878347329541926,0.6432306845610491,0.8671254032762781,0.25653898464659,0.42694412321690167,0.0859588379467468,0.7672275256331526,-0.6355887051306648],"T_pred":[50.3091256837096,119.99222146208622,866.6873981297398],"rotation_error":51.637162912983065,"translation_error":42.76629528933903,"ADD":0,"ADD_S":0}}
{"id_image":553,"data":{"Best_template_id":19,"GT_R":[-0.2648103932552506,0.9565191813733772,-0.12225550440819949,0.8992621203260586,0.2907298617909849,0.32680824503635125,0.34814215645999136,-0.023398267828496497,-0.9371491664211444],"GT_T":[77.85675517907242,127.50767886208675,835.3626408086951],"R_pred":[-0.30304742461395984,0.9023563336353684,-0.3064560418444739,0.8591457611988953,0.11955209741796091,-0.4975699518830867,-0.4123479349394357,-0.41407770182793247,-0.8114855743635131],"T_pred":[71.15016065337267,122.39647616744159,822.2797790272533],"rotation_error":51.23710849833332,"translation_error":15.564834580239024,"ADD":0,"ADD_S":1}}
{"id_image":561,"data":{"Best_template_id":19,"GT_R":[-0.26308235375673383,0.9542006318558984,-0.14243634092502488,0.8906579127410335,0.29695811477101697,0.3443041085797041,0.3708333188023456,-0.03628165958758218,-0.9279901323804213],"GT_T":[86.17348841450729,110.99064530271085,840.9488009176855],"R_pred":[-0.23030927160544223,0.958926241475911,0.16558412611556,0.9118771950954869,0.15325782589233672,0.38077817672175196,0.3397611226690866,0.2386891329986293,-0.9097196696296088],"T_pred":[67.7239750959214,86.78250167464914,794.5439347147195],"rotation_error":17.978575277506224,"translation_error":55.49621939307864,"ADD":0,"ADD_S":0}}
{"id_image":562,"data":{"Best_template_id":19,"GT_R":[-0.261744880769164,0.9540753378017512,-0.14570061342996,0.889900607255181,0.2970101381156192,0.3462105153661613,0.3735861865448694,-0.03904047962347479,-0.9267729651873372],"GT_T":[87.32526703852737,109.55769491343585,841.7866058471672],"R_pred":[-0.2953170784431526,0.9496688629323714,0.10448384543333797,0.8669218149865504,0.31232411140267635,-0.3884587701892621,-0.4015400227626458,-0.024139184188069346,-0.9155232983963371],"T_pred":[72.42764707940708,100.9389826178069,814.7992709053038],"rotation_error":45.68144596315623,"translation_error":32.00839779410274,"ADD":0,"ADD_S":0}}
{"id_image":574,"data":{"Best_template_id":19,"GT_R":[-0.2622377631838647,0.9504471670959128,-0.16697708856743218,0.8830811252783214,0.3061252329326166,0.35560660106600706,0.3891018817524488,-0.05420131931525336,-0.9195987146525747],"GT_T":[94.61441729308979,101.72431700182018,847.726855641601],"R_pred":[-0.30962074951628515,0.8826273187498956,-0.3537004490601394,0.9325526247902998,0.20922679765117136,-0.2942273766007477,-0.1856895082272995,-0.4209431830318745,-0.8878773807194874],"T_pred":[87.31349111979976,97.30680321514717,845.015432152232],"rotation_error":40.131282123575694,"translation_error":8.953757221523212,"ADD":0,"ADD_S":1}}
{"id_image":576,"data":{"Best_template_id":32,"GT_R":[-0.259681794430678,0.9507540463991606,-0.16921003613327484,0.883429149425181,0.3046532313767876,0.3560048423636815,0.39002307652928025,-0.057037417756702916,-0.9190368055146317],"GT_T":[94.66440071056738,102.5409492995888,848.4140424190546],"R_pred":[-0.31646692934615495,0.9478470832049648,-0.03787597510370275,0.8123038997935437,0.25015841516932147,-0.5268615963421265,-0.4899092334406612,-0.19750107387002705,-0.8491067475940642],"T_pred":[74.40748885849213,94.07443339464284,780.5295492078644],"rotation_error":53.25291121066346,"translation_error":71.34654012558403,"ADD":0,"ADD_S":0}}
{"id_image":583,"data":{"Best_template_id":19,"GT_R":[-0.2697501072129615,0.9455958082691691,-0.1818857636473932,0.8759476759928404,0.31941858976694026,0.3615079047607089,0.3999394434404264,-0.06180587208862672,-0.9144558977759023],"GT_T":[93.12287398469947,96.03446763568765,851.2192408296428],"R_pred":[-0.30255045888021215,0.9527895756918825,-0.025597739827101312,0.8820346557186105,0.26970278974589135,-0.38636158105411567,-0.3612175050336369,-0.13947196727717884,-0.9219921281665631],"T_pred":[79.95919664554857,90.80826699418206,828.9631524795716],"rotation_error":45.02523992949717,"translation_error":26.3804670709357,"ADD":0,"ADD_S":0}}
{"id_image":588,"data":{"Best_template_id":19,"GT_R":[-0.2708640141769453,0.9434996231976723,-0.19089643124901698,0.8753136983374826,0.32392956331777734,0.35902129236546315,0.40057436018071635,-0.06984835669238955,-0.9135980826042418],"GT_T":[94.80961490555423,98.23346009566242,850.7329788114806],"R_pred":[-0.3147167997104475,0.9490987171907984,-0.01284371468053902,0.8988902042318393,0.2936670837981864,-0.3252015446296522,-0.3048765926010992,-0.11389147869902362,-0.9455575045250781],"T_pred":[82.9310700457941,92.19786981037524,851.4730612623306],"rotation_error":41.494244948466054,"translation_error":13.344508237894827,"ADD":0,"ADD_S":1}}
{"id_image":596,"data":{"Best_template_id":19,"GT_R":[-0.27910180514633665,0.9378721818129695,-0.20615146013208666,0.8707021901794932,0.33770329300102225,0.35753953292947016,0.4049443203690331,-0.07970683167667972,-0.9108605126992321],"GT_T":[97.57699634380945,97.7524929430161,850.8704948367074],"R_pred":[-0.3048724750887096,0.898009473830346,0.31722509176329217,0.9431052350497483,0.3310643121254375,-0.03080481875729263,-0.13268492587721867,0.2897851033919027,-0.9478498321448926],"T_pred":[79.3340009992478,88.60453921121616,858.9987828605318],"rotation_error":38.26106869631197,"translation_error":21.967271173705168,"ADD":0,"ADD_S":1}}
{"id_image":603,"data":{"Best_template_id":32,"GT_R":[-0.2888645179268932,0.9316434233410997,-0.22044901201170958,0.8645108808629713,0.3527657138711759,0.3580200231910844,0.4113138023415963,-0.08716092138373019,-0.9073164072362179],"GT_T":[99.32585619680556,93.84836241153099,851.3305389652289],"R_pred":[-0.31847506188501806,0.9477755725045615,-0.01717844931838844,0.8953963338122938,0.30672474451348086,0.322777534067417,0.31118971762067726,0.08741507459694876,-0.9463189548880298],"T_pred":[83.53223641696313,74.19728041350463,823.7463878686328],"rotation_error":12.095030942320756,"translation_error":37.36962457883714,"ADD":0,"ADD_S":0}}
{"id_image":610,"data":{"Best_template_id":19,"GT_R":[-0.29497390581286054,0.9271774431130178,-0.23093409990818564,0.8603074615934332,0.36287740332819424,0.35803915586139323,0.41576641650524704,-0.09306209314658842,-0.9046972608799906],"GT_T":[100.063739999887,92.0416447332052,852.1796845386331],"R_pred":[-0.31122732351136284,0.9491234503597391,0.04798154934115087,0.8826943280262857,0.30741397740894827,-0.35545375193382667,-0.3521196904039552,-0.06827387839308954,-0.9334615156282494],"T_pred":[86.0666614394825,88.03796337039599,863.1887976438661],"rotation_error":45.216519176090436,"translation_error":18.252349000741116,"ADD":0,"ADD_S":1}}
{"id_image":617,"data":{"Best_template_id":163,"GT_R":[-0.2947389442970464,0.9254175720413007,-0.23818123144470402,0.8579070099180948,0.3660399493295065,0.36056975224263915,0.4208615681427965,-0.09806397074524731,-0.901808073414856],"GT_T":[101.5190210841256,90.58271924312041,853.1282873935818],"R_pred":[-0.22157934412828273,0.9492366777769229,-0.22327633958552498,0.7841303754778043,0.30955693661251793,0.5378792218036607,0.5796914252502948,-0.055894834807021176,-0.8129167355474839],"T_pred":[75.75619861657614,56.47568380180866,715.1109872613084],"rotation_error":11.558865799286611,"translation_error":144.4845598113909,"ADD":0,"ADD_S":0}}
{"id_image":631,"data":{"Best_template_id":19,"GT_R":[-0.3037183016982571,0.9207719253733749,-0.24481365777344136,0.8511877959956667,0.37767233484358204,0.3644758096028711,0.42805939262230086,-0.09768426179282631,-0.8984553242239333],"GT_T":[98.08718738490373,78.71977455120538,852.1477326533117],"R_pred":[-0.29627099938066814,0.9055360368545338,0.3036906005851431,0.8394965763555617,0.3985326769076869,-0.3693469963653211,-0.4554876433156788,0.14552041573119012,-0.8782680771792577],"T_pred":[75.8678825761005,73.74515558961068,831.8095997265564],"rotation_error":54.55693881002483,"translation_error":30.53005062141122,"ADD":0,"ADD_S":0}}
{"id_image":635,"data":{"Best_template_id":19,"GT_R":[-0.30680417033557267,0.9178819943600564,-0.25171966103526144,0.8494143238326616,0.38337388911691905,0.3626570818724228,0.4293794762295236,-0.10255014478492747,-0.8972833506362758],"GT_T":[97.8291770736584,81.4978725732355,852.775210837515],"R_pred":[-0.482493073483508,0.47229458094073173,-0.7376572800796157,0.8754783521886311,0.23391865441605553,-0.42287080528840093,-0.027167791399323737,-0.8498352145740962,-0.5263478119839413],"T_pred":[96.66675691265361,79.87507735063463,870.6114018383546],"rotation_error":60.166646854860495,"translation_error":17.9475456367615,"ADD":0,"ADD_S":0}}
{"id_image":642,"data":{"Best_template_id":19,"GT_R":[-0.3078459995071192,0.9158351923857877,-0.2578301080061039,0.8478457385025392,0.3870296662482979,0.36244550512711227,0.43172843413336,-0.10702255403773162,-0.895631539921095],"GT_T":[95.79359068244345,81.30763717763836,852.8010670009663],"R_pred":[-0.4674418993333524,0.4519763868452318,-0.7597469423972416,0.8581265172289552,0.025493023946010163,-0.5128050176807865,-0.21240751205202624,-0.8916655491070727,-0.3997694302462995],"T_pred":[96.57798759070124,81.15708230284896,885.042740422775],"rotation_error":70.51696998788589,"translation_error":32.25156508324159,"ADD":0,"ADD_S":0}}
{"id_image":646,"data":{"Best_template_id":32,"GT_R":[-0.3069627883767344,0.9154098313768685,-0.26038182974549245,0.8482954388797497,0.387200089920078,0.36120743334006133,0.4314727509458255,-0.11000322508384659,-0.8953936233160431],"GT_T":[95.13712424408365,82.57191663955787,852.6109205088051],"R_pred":[-0.3741503308112586,0.9270221006291658,0.025328934026422334,0.8646433733485351,0.3585878727165164,-0.35186158424174346,-0.3352661135251989,-0.1097486331838936,-0.9357092874584368],"T_pred":[80.61073897637756,77.38077593815012,855.0311708263058],"rotation_error":45.2783656930435,"translation_error":15.614782173536815,"ADD":0,"ADD_S":1}}
{"id_image":653,"data":{"Best_template_id":19,"GT_R":[-0.30653872608703453,0.9175131325954929,-0.25338300033587524,0.849265554222016,0.3838474613668577,0.3625049429898086,0.42986360555368636,-0.10406732837868093,-0.8968759901289359],"GT_T":[83.99011472730895,86.30675776065904,852.3390334291676],"R_pred":[-0.33098357914818277,0.9434933347308314,0.016437690006621833,0.9105194970399795,0.3238935765867893,-0.2569964913299019,-0.24779853882604203,-0.07009478129156743,-0.9662725318414914],"T_pred":[71.88237793088473,83.02165721195055,892.8465313841585],"rotation_error":39.87904102140547,"translation_error":42.40573742455386,"ADD":0,"ADD_S":0}}
{"id_image":655,"data":{"Best_template_id":19,"GT_R":[-0.3058056585185807,0.9179648846978078,-0.25263191311065547,0.8492501099283726,0.38294922378617896,0.363488904694115,0.4304153048826324,-0.10339033160043014,-0.89668971031114],"GT_T":[80.34168839380166,87.00604719779572,852.4681710481908],"R_pred":[-0.42675848283471296,0.6294596240392548,0.6493518145296695,0.903481658001832,0.3284825062261365,0.27535456552898785,-0.03997613016382606,0.7041873506445261,-0.7088879207670055],"T_pred":[54.29712425326734,72.86191407542407,875.1911976176483],"rotation_error":57.21138498363343,"translation_error":37.34583992267476,"ADD":0,"ADD_S":0}}
{"id_image":660,"data":{"Best_template_id":19,"GT_R":[-0.30419979183874574,0.9185378467601868,-0.2524873267774768,0.851395914593881,0.3810463412335774,0.3604566859486891,0.42730281239644125,-0.10531565429212027,-0.8979537689013396],"GT_T":[74.09539902739724,91.88975137463008,852.4169768391968],"R_pred":[-0.3143584265615036,0.913412118558751,-0.2585673632146755,0.679802789986463,0.026486889494614307,-0.7329165105327626,-0.6626061774360368,-0.4061732959648064,-0.6292664835097204],"T_pred":[60.492697924262124,87.31572993369558,793.7629869760027],"rotation_error":71.05560168833718,"translation_error":60.38415087019965,"ADD":0,"ADD_S":0}}
{"id_image":662,"data":{"Best_template_id":19,"GT_R":[-0.3033946788614977,0.919004460364534,-0.2517585014128513,0.8515758062660985,0.38005109217915367,0.3610804778688646,0.42751618584045586,-0.10484171839273128,-0.8979077505805868],"GT_T":[71.4936758984203,91.42880311923474,852.4470293680365],"R_pred":[-0.36634072269952467,0.8345755795710815,-0.41143417076803873,0.9232895243971461,0.27117474161158595,-0.2720307218870355,-0.11545964243181234,-0.47952879110172664,-0.8698972407555015],"T_pred":[67.1765213311331,88.80159892998718,888.210658203757],"rotation_error":38.97713508996474,"translation_error":36.118930949143945,"ADD":0,"ADD_S":0}}
{"id_image":670,"data":{"Best_template_id":19,"GT_R":[-0.2992614829588074,0.9181867029800898,-0.25956583255521865,0.8533820349250789,0.379245487625437,0.3576493509686717,0.426829042405634,-0.11447740295552156,-0.8970573711920289],"GT_T":[71.13033632222805,95.6635113886884,851.5680171284013],"R_pred":[-0.3114311854676395,0.946499355054285,0.08455523401921018,0.9213012393750956,0.27893753505572005,0.27092042717918474,0.23284038104275168,0.1622739117013624,-0.9588808760930654],"T_pred":[57.199799680522055,82.09121207098589,873.4191328908723],"rotation_error":20.756132082122793,"translation_error":29.25300702423826,"ADD":0,"ADD_S":0}}
{"id_image":677,"data":{"Best_template_id":32,"GT_R":[-0.2948493316310977,0.9163750599176009,-0.2707754644423364,0.857218095317132,0.37887022005503557,0.34876203088511887,0.4221859401011523,-0.1292815434505563,-0.8972426361851444],"GT_T":[78.00958896873337,102.85103488389726,849.9827435020985],"R_pred":[-0.3620104740286352,0.9315428378447461,0.03429807507309682,0.7679336036903601,0.3188827525457487,-0.5555103693469491,-0.5284187704999699,-0.17476192774458546,-0.8308019448667032],"T_pred":[58.27978829121408,94.86897715547202,786.1569256270838],"rotation_error":57.269092407589135,"translation_error":67.2808539464914,"ADD":0,"ADD_S":0}}
{"id_image":691,"data":{"Best_template_id":19,"GT_R":[-0.2945323728319132,0.9140033732725721,-0.27901307659630775,0.857970462073022,0.3814933851656553,0.34401928130235604,0.4208763698394245,-0.1380606229011784,-0.8965501427890337],"GT_T":[75.72598462839609,104.99340700754308,847.5874733456591],"R_pred":[-0.2410275152365008,0.9310383200748374,0.2739952252342056,0.8776448669591849,0.32961377916185297,-0.34798598260107605,-0.41430088631224693,0.1565963062746566,-0.8965669927350776],"T_pred":[56.51944496667714,99.17302102868791,849.1917642723528],"rotation_error":52.68593502239647,"translation_error":20.133102296901704,"ADD":0,"ADD_S":0}}
{"id_image":826,"data":{"Best_template_id":19,"GT_R":[-0.2586293034408626,0.8926640734073429,-0.3691353975843755,0.866588351836787,0.38324059385826503,0.31961127537564404,0.426773502266222,-0.23722761307482917,-0.8726897819569961],"GT_T":[61.181220463183486,101.2266318821734,825.2488748912308],"R_pred":[-0.28667654440477564,0.9001142469990715,0.32804100542071074,0.8955577985924783,0.3734058926685516,-0.2419592294180891,-0.3402833940531487,0.22441564488621504,-0.9131510444948162],"T_pred":[40.53328840464549,98.12093789117606,872.9850261850668],"rotation_error":53.24323242258908,"translation_error":52.1029996622816,"ADD":0,"ADD_S":0}}
{"id_image":940,"data":{"Best_template_id":19,"GT_R":[-0.21322453521262114,0.8448986675081336,-0.4905934307972106,0.8651743261607185,0.396564971005686,0.306935987712518,0.45388191055650096,-0.3590023822138725,-0.8155409793483905],"GT_T":[73.12654651583442,89.42358200613836,810.0250475700142],"R_pred":[0.1593197973563789,0.2042189944596836,-0.9658735965291722,0.9835897838485993,0.051070814221120586,0.17304019487811928,0.08466604560854407,-0.9775921308176878,-0.1927311248458442],"T_pred":[78.90388728741506,77.29754793880787,820.4573493139902],"rotation_error":57.20284592067281,"translation_error":17.007389225580546,"ADD":0,"ADD_S":0}}
{"id_image":1035,"data":{"Best_template_id":32,"GT_R":[-0.21569323363731963,0.7951464408710033,-0.5667618841800253,0.8827078548691748,0.40694484920612617,0.23499556850993272,0.41749708908153393,-0.44959863722349985,-0.7896562952896877],"GT_T":[62.807493388485206,144.55375221813642,775.8720118640719],"R_pred":[0.1811338081781697,0.9724473402127445,-0.14675392345021904,0.5521122264423017,0.02293850144960441,0.8334542066389556,0.8138566415209736,-0.23199136980587287,-0.5327451279812856],"T_pred":[15.445547476302604,54.03520017043691,394.42340327925683],"rotation_error":46.58083111307002,"translation_error":394.892141193886,"ADD":0,"ADD_S":0}}
{"id_image":1036,"data":{"Best_template_id":163,"GT_R":[-0.215452837708278,0.7947913145632198,-0.5673496818475398,0.8835861429836595,0.40603434142049527,0.2332629929012577,0.4157595429098591,-0.45104455118135683,-0.7897481278689557],"GT_T":[62.79200420623074,145.32041146152986,775.2539254455804],"R_pred":[-0.02836064930139859,0.724387762674312,-0.6888091483559924,0.9007922770678536,0.3172380819620525,0.2965354496985968,0.4333231440231575,-0.612064023318429,-0.6615199802070557],"T_pred":[53.40150789986829,116.24223832790305,714.7068062872604],"rotation_error":13.441990271928532,"translation_error":67.82090542038483,"ADD":0,"ADD_S":0}}
{"id_image":1051,"data":{"Best_template_id":32,"GT_R":[-0.2141528080289421,0.7885479574269096,-0.5764801063997708,0.8814094247480369,0.41037307282579566,0.233905991552326,0.42101829331167184,-0.4580234993511031,-0.7829163776836883],"GT_T":[62.330204915690274,139.3146369353267,771.4446698410121],"R_pred":[-0.23667700214680065,0.8998779988705233,-0.3663380731013166,0.9261842842820293,0.3228810953470479,0.19475746408411496,0.29354159535539126,-0.2932019532954592,-0.9098713900216552],"T_pred":[50.557815945331896,120.41542188432656,762.6081846862127],"rotation_error":14.521664662213789,"translation_error":23.955227853317453,"ADD":0,"ADD_S":1}}
{"id_image":1068,"data":{"Best_template_id":32,"GT_R":[-0.22253187918060227,0.7825696411684464,-0.5814325224077619,0.8808296769941805,0.4170098466937386,0.2241468466977946,0.41787375500585594,-0.46226335752325715,-0.7821082584621702],"GT_T":[55.63723420494724,139.33508759766204,764.692846142005],"R_pred":[-0.2952319952540993,0.6744038471435161,0.6767699165420312,0.8485828463157006,0.5105815261649956,-0.1386133401868911,-0.43902758673803965,0.5333722490878652,-0.723027538884879],"T_pred":[25.820661474769448,135.84012971881037,806.5078894230522],"rotation_error":82.39330401880962,"translation_error":51.47563097762651,"ADD":0,"ADD_S":0}}
{"id_image":1072,"data":{"Best_template_id":163,"GT_R":[-0.2205961969529631,0.7843996098850419,-0.5797011978320177,0.8813658000134935,0.414879277323888,0.22598678818867338,0.4177698776837543,-0.4610768095297339,-0.7828637122884115],"GT_T":[52.38451868773281,138.11690607566877,763.4378097799632],"R_pred":[-0.25846964319492516,0.8620103587083143,0.4360408066067345,0.45696254999651886,0.5067857099973833,-0.7309948509005572,-0.8511043834027454,0.010314340599957728,-0.5248951732780756],"T_pred":[9.657212004928136,94.95724468309766,526.5158621919282],"rotation_error":90.60690508907628,"translation_error":244.58206875565395,"ADD":0,"ADD_S":0}}
{"id_image":1084,"data":{"Best_template_id":163,"GT_R":[-0.21737257189887166,0.7827710033455837,-0.5831098523111136,0.882751708029012,0.41258198572506455,0.22477911131566927,0.4165319578110877,-0.4658810327463201,-0.7806768458627457],"GT_T":[46.95603947541717,138.8969642196964,758.6749201365933],"R_pred":[-0.27714807474600045,0.8542207350025725,0.4398816665380024,0.46858877380266917,0.5198463967017789,-0.7142718564400308,-0.8388167295248089,0.008164540883710936,-0.5443526747812137],"T_pred":[7.758124268063301,99.75832808996807,544.8388387966456],"rotation_error":89.66357060520691,"translation_error":220.89404491186016,"ADD":0,"ADD_S":0}}
{"id_image":1094,"data":{"Best_template_id":32,"GT_R":[-0.20706949828218807,0.7819497001479091,-0.5879414913978366,0.8817576132551262,0.4095148094183826,0.23409639664258655,0.4238227701114872,-0.4699480355370327,-0.7742885741319008],"GT_T":[47.69089721663343,131.78225164578117,755.0229205735825],"R_pred":[-0.17838347813083855,0.7891066682451717,-0.5877839746547614,0.9320616876329735,0.32695710181723514,0.15607710920582757,0.31534163248248426,-0.5200093457835915,-0.7938198379487647],"T_pred":[41.24511546553814,116.14128908457535,759.2655408787227],"rotation_error":7.133868092829439,"translation_error":17.440975869411194,"ADD":0,"ADD_S":1}}
{"id_image":1097,"data":{"Best_template_id":19,"GT_R":[-0.2055262305836768,0.7820207842336356,-0.5883884387993038,0.8815344931357695,0.4090517823338248,0.23574200154039593,0.4250375782054137,-0.4702337756110794,-0.7734493385984936],"GT_T":[47.890781122919414,130.5073328804469,753.9654734980395],"R_pred":[-0.2525081719523343,0.7126232021915152,-0.6545286814155673,0.9634943755491233,0.2473907702432151,-0.10235426265512199,0.08898433223042868,-0.6564799909340571,-0.7490766383493248],"T_pred":[44.779579751524594,130.00526500736206,835.7358163126576],"rotation_error":22.58557639398686,"translation_error":81.83104918148558,"ADD":0,"ADD_S":0}}
{"id_image":1113,"data":{"Best_template_id":163,"GT_R":[-0.19403138469546577,0.7916220226241889,-0.579383314718069,0.8761861169823986,0.4054674135039874,0.2605677235880603,0.44119256952527863,-0.45708973080413656,-0.7722808696937176],"GT_T":[36.42386753432541,112.22856570876847,754.1760070723668],"R_pred":[-0.18675272131477616,0.8610865176979455,-0.47292010965949804,0.8133725386793517,0.40549747017927185,0.4171293744158011,0.5509523885090547,-0.30676018437378216,-0.7761118829647764],"T_pred":[23.887412293548927,85.15788755245059,740.0109646432588],"rotation_error":11.430080272744904,"translation_error":33.02472941396141,"ADD":0,"ADD_S":0}}
{"id_image":1129,"data":{"Best_template_id":32,"GT_R":[-0.175726476530177,0.7934511095081451,-0.5827124869626765,0.8766496510489805,0.3954346003927814,0.2740756538018122,0.4478912734495532,-0.4626724081096333,-0.7650664476796226],"GT_T":[35.675566673458974,105.4429897180604,752.2166726307028],"R_pred":[-0.14887668624531003,0.8365212393488147,-0.5273214848751554,0.8801032718577663,0.3552158641044195,0.3150236828459181,0.4508369585092492,-0.41719768216862596,-0.7891084404790356],"T_pred":[25.113697245665062,87.50157234179694,794.919808418626],"rotation_error":4.365899163431811,"translation_error":47.50795038097164,"ADD":0,"ADD_S":0}}
{"id_image":1144,"data":{"Best_template_id":163,"GT_R":[-0.15645967531848007,0.7962118381856291,-0.5844366993296998,0.8798561450444389,0.381204026973974,0.28378892136729167,0.448746344322904,-0.4698191417962242,-0.760195122422283],"GT_T":[34.949570010887264,103.66331670932405,750.9767961071635],"R_pred":[-0.12481735806247718,0.8491318842922277,-0.5132208785743564,0.8256348335717523,0.37574701560189305,0.42088157700143575,0.5502251800120095,-0.37119970816879894,-0.7479726117553706],"T_pred":[21.10697598660001,76.0454567223078,724.4784487693798],"rotation_error":9.142228872127673,"translation_error":40.70044239584496,"ADD":0,"ADD_S":0}}
{"id_image":1146,"data":{"Best_template_id":32,"GT_R":[-0.15633694846933158,0.7961858401206295,-0.5845058566926156,0.8795520170924342,0.38147320693153364,0.2843721005016409,0.4493859071260764,-0.4696450767949342,-0.7599247411824341],"GT_T":[33.713657807291874,104.27167389984507,751.0927774270511],"R_pred":[-0.22084504969678953,0.8521480176176784,0.4744167156569039,0.722347317148652,0.46974498816619226,-0.5074977827546534,-0.655318104001841,0.23061526871177732,-0.7192876895960524],"T_pred":[4.280496668501968,98.236008656151,759.3619034095248],"rotation_error":82.82731455242576,"translation_error":31.162777059657714,"ADD":0,"ADD_S":0}}
{"id_image":1164,"data":{"Best_template_id":163,"GT_R":[-0.14653421182470328,0.792116843881011,-0.5925182081293445,0.8826089795722221,0.3751734200865969,0.28327974982604837,0.4466878966251212,-0.4814519595894991,-0.7541047004079484],"GT_T":[35.20806948832263,105.3384913563877,747.5996491575685],"R_pred":[-0.11641396140748694,0.8584408880456009,-0.4995268074096687,0.7800076663956199,0.3903722376120464,0.4890782723305373,0.6148461839789489,-0.33269920022934235,-0.715035252426956],"T_pred":[21.445400769293638,76.16510912283822,717.9426353708781],"rotation_error":14.01054770370404,"translation_error":43.81821251441534,"ADD":0,"ADD_S":0}}
{"id_image":1167,"data":{"Best_template_id":19,"GT_R":[-0.14425929786177863,0.7922813875861834,-0.5928568672417095,0.882957773325268,0.3735423361672783,0.28434358210718597,0.4467384691408955,-0.48244874731688,-0.7534378061424617],"GT_T":[34.80831554119015,105.39462349660766,747.0114906708908],"R_pred":[0.5403023058681398,-0.8414709848078965,0.0,0.8414709848078965,0.5403023058681398,0.0,0.0,0.0,1.0],"T_pred":[35.20806948832263,105.3384913563877,747.5996491575685],"rotation_error":140.9527804958561,"translation_error":0.7133613676564327,"ADD":0,"ADD_S":1}}
{"id_image":1177,"data":{"Best_template_id":163,"GT_R":[-0.13194043218362808,0.7967103432261573,-0.5897822875759956,0.8835655975444849,0.3642310444232859,0.2943598196469056,0.4493363504372201,-0.48227411519027996,-0.7520028861469773],"GT_T":[27.86095093991584,101.94397683057781,746.4092948012665],"R_pred":[-0.11644775466365098,0.8503580492899394,-0.5131579761063862,0.8473402966742443,0.3545942851217363,0.3953192565395819,0.5181257975297093,-0.3887853919154022,-0.761834350083658],"T_pred":[15.140475720636452,78.54559263286487,742.9804116277936],"rotation_error":7.493064326346944,"translation_error":26.85241353557272,"ADD":0,"ADD_S":1}}
