{"id_image":1,"data":{"GT_R":[-0.22020158216713157,0.8691815224161369,0.4427586757792698,0.9017762162993465,0.008336946860379007,0.4321228809689788,0.37190214015966166,0.49442282527286535,-0.7856423015737306],"GT_T":[128.93163765177948,92.15552684589832,843.920424337257],"R_pred":[-0.30738269000693597,0.6880445930419125,-0.6573511389431748,0.8193546035118985,-0.15992479627689937,-0.550528921347146,-0.48391519462397503,-0.7078267425871825,-0.514594390651957],"T_pred":[124.50650593331423,88.23596783064562,761.8493414869855],"rotation_error":97.21912348915752,"translation_error":82.28370053550064,"ADD":0,"ADD_S":0}}
{"id_image":2,"data":{"GT_R":[-0.21865826209723205,0.8692902572255193,0.4433096248669305,0.9023015320766173,0.007143238315072964,0.4310450496929287,0.3715379214920985,0.494249947470962,-0.785923540956229],"GT_T":[128.2819875738241,92.81304488206015,843.89514811137],"R_pred":[-0.34943500022019436,0.6766719416133212,-0.6480819886822736,0.8042206699144775,-0.13829402054849993,-0.5780171952138102,-0.4807538816311542,-0.7231803698343788,-0.49586879109577897],"T_pred":[119.42807809156076,85.12277679042951,727.5026229792701],"rotation_error":98.43847991159957,"translation_error":116.98184407448775,"ADD":0,"ADD_S":0}}
{"id_image":3,"data":{"GT_R":[-0.21907694512954135,0.869254192295391,0.4431732707160362,0.9023830003019528,0.007757881339780591,0.430864922576739,0.3710941765229004,0.4943044151524465,-0.7860995717931065],"GT_T":[127.6645703216949,93.36879462704655,843.8543030048573],"R_pred":[-0.3038354556959666,0.6975560921960754,-0.6489218089278281,0.8093185549862311,-0.17040225240300888,-0.5621090187241083,-0.5026803083640965,-0.6959731105553729,-0.5127708425474827],"T_pred":[121.76877375287447,88.52987737539956,754.0071347795273],"rotation_error":97.33505754627726,"translation_error":90.17033423171924,"ADD":0,"ADD_S":0}}
{"id_image":4,"data":{"GT_R":[-0.22030859012334628,0.8684584907826952,0.4441226704625102,0.9019516706338795,0.00800484607848318,0.4317631040669034,0.37141413022084896,0.49569769566010047,-0.785069800362394],"GT_T":[127.16374577832637,93.47787681718789,844.0057239921933],"R_pred":[-0.3264738262523069,0.6671305130686795,-0.6695907102886802,0.8198792019952754,-0.15262813835805034,-0.551817674161445,-0.4703327916568962,-0.7291375246920685,-0.4971373403579278],"T_pred":[118.81072933057007,84.66111199217923,724.6903100692765],"rotation_error":98.39222742990167,"translation_error":119.93196498579088,"ADD":0,"ADD_S":0}}
{"id_image":5,"data":{"GT_R":[-0.22094116793967108,0.8685132517968321,0.44370000318235264,0.901930636813061,0.00885146055963779,0.43179133641198675,0.37108980951908055,0.49558644002518304,-0.7852935200568986],"GT_T":[126.6667216951708,93.6246762201273,843.8585426222485],"R_pred":[-0.22995739522918002,0.8522181301972143,0.46994026741978023,0.886136812908145,-0.01627910283950096,0.46313771129085984,0.40234456028186294,0.5229333125494156,-0.7514383577098587],"T_pred":[101.54305078308336,70.53872038145317,755.9280167799187],"rotation_error":3.07769823082636,"translation_error":94.31827803767784,"ADD":0,"ADD_S":0}}
{"id_image":6,"data":{"GT_R":[-0.21949424374287904,0.8685948293749761,0.4442570754397833,0.9025939193524571,0.007940764064266664,0.4304195518479521,0.37033354765978277,0.4954579597647859,-0.7857314489231486],"GT_T":[126.39683163002901,94.21662476472395,843.728719596379],"R_pred":[-0.3518853244808504,0.6582795583018991,-0.6654658079397191,0.8052907116943057,-0.14951132030714398,-0.5737187767180828,-0.47716201449181317,-0.7377766519902017,-0.4774955745389097],"T_pred":[119.6560632860625,87.26041725958407,731.1022798897266],"rotation_error":99.64140605897154,"translation_error":113.04221203478731,"ADD":0,"ADD_S":0}}
{"id_image":7,"data":{"GT_R":[-0.22033259958773704,0.8687092752725216,0.44361845522376475,0.9027535267246655,0.009353357053470051,0.43005628985161204,0.3694458904660433,0.49523350058034266,-0.7862911539130856],"GT_T":[125.94262361537811,95.20552411352242,843.6106955144307],"R_pred":[-0.3534376199546657,0.6780572499085264,-0.6444534231791055,0.794550890152657,-0.14601153780069853,-0.589380618774231,-0.4937314368747461,-0.7203603241958576,-0.4871450210830828],"T_pred":[119.17942402513033,89.5206755645524,743.6739182272181],"rotation_error":98.99358319213574,"translation_error":100.32655593747945,"ADD":0,"ADD_S":0}}
{"id_image":8,"data":{"GT_R":[-0.2204825248546352,0.8682342274934104,0.44447341144164115,0.9031817246824826,0.009663805700399033,0.42914917777762673,0.3683080975942282,0.4960604782115097,-0.7863039243781538],"GT_T":[124.57793793612716,95.72840797300833,843.4832431311304],"R_pred":[-0.32985523799847116,0.6530757588632015,-0.6816799653431408,0.8236515646078191,-0.15375364905412858,-0.5458552147975063,-0.46129559079191707,-0.7415199718064197,-0.4871904240932314],"T_pred":[115.75642169396205,86.26347372370051,724.4309247653639],"rotation_error":98.90892645401715,"translation_error":119.75332411844911,"ADD":0,"ADD_S":0}}
{"id_image":9,"data":{"GT_R":[-0.22242226509011667,0.8671334622101742,0.4456553398173018,0.9032885174085309,0.011274117394106137,0.4288857854964813,0.3668770601863017,0.4979484739525267,-0.7857781209281072],"GT_T":[123.26620282911117,96.08327345366949,843.4407293082965],"R_pred":[-0.2378310773533151,0.7890645188132719,0.5664040640699368,0.9057866893871915,-0.030369144403659676,0.42264428115991454,0.35069481315518863,0.6135592067748387,-0.7075014118769503],"T_pred":[91.66756124897174,68.198188595749,720.876189178505],"rotation_error":8.354411266237433,"translation_error":129.607556124135,"ADD":0,"ADD_S":0}}
{"id_image":10,"data":{"GT_R":[-0.2246754471416854,0.8667701053385017,0.445231165107777,0.9032670975557686,0.013847217728638648,0.4288556408623638,0.3655557286046759,0.4985149837968137,-0.786035083386644],"GT_T":[121.9277197207509,96.56088337647034,843.0636753434928],"R_pred":[-0.23073141174288103,0.7892654824614755,-0.5690544910902567,0.8456896977071924,-0.1265710826872356,-0.5184483544378344,-0.4812192336420632,-0.6008658412842545,-0.6382697626793161],"T_pred":[123.41494757754833,100.50917318926575,827.7116844594152],"rotation_error":88.60667317182931,"translation_error":15.921195408908865,"ADD":0,"ADD_S":0}}
{"id_image":11,"data":{"GT_R":[-0.22647275954106572,0.8666736825410916,0.44450831598691387,0.9039832341499476,0.01710261938588706,0.42722467479858206,0.3626625167408841,0.4985827531874171,-0.7873316351037203],"GT_T":[120.62983742153999,98.6563200622892,842.6245015356006],"R_pred":[-0.33675205120722385,0.6923559071203942,-0.6381546473099008,0.7997354538555907,-0.14742936966980513,-0.5819688864579932,-0.49701233370422504,-0.7063341127499511,-0.5040544229660324],"T_pred":[114.64623294977943,93.5889640421838,741.2048458915154],"rotation_error":97.7908427247404,"translation_error":101.72230910903366,"ADD":0,"ADD_S":0}}
{"id_image":12,"data":{"GT_R":[-0.2302393330228613,0.8657592926944148,0.4443537659895323,0.9039118790668731,0.021124948044482516,0.42719661347402355,0.36046315677281454,0.5000139263416046,-0.7874336099281908],"GT_T":[119.25993302085132,100.98095033425298,842.6403362975094],"R_pred":[-0.3377728109431172,0.6766567571213479,-0.6542516039182531,0.7942526427612419,-0.16807164061627733,-0.5838789798300126,-0.5050467974894688,-0.7168595097106367,-0.4806663870951008],"T_pred":[109.90813963808769,91.54656090323172,717.5130211190489],"rotation_error":99.32804129632704,"translation_error":125.83047622567385,"ADD":0,"ADD_S":0}}
{"id_image":13,"data":{"GT_R":[-0.23148543572688696,0.8647555792814074,0.44566017106878414,0.9042910319119248,0.022354096902096995,0.42633156369205466,0.3587107075261227,0.5016952930523003,-0.7871641020218942],"GT_T":[118.08927596979811,101.8721743050805,842.773906416576],"R_pred":[-0.1979106380189094,0.8813304682033964,0.4290547577819533,0.907120042726764,-0.0011887720220971065,0.4208703065131509,0.37143587258414107,0.47249888109651844,-0.7992372613437113],"T_pred":[102.51926838085743,86.21312478528425,815.9002298613077],"rotation_error":2.3728662744852445,"translation_error":34.78254533210986,"ADD":0,"ADD_S":0}}
{"id_image":14,"data":{"GT_R":[-0.232268074173149,0.8653487137394563,0.4440987874161938,0.9049099445599892,0.024839364569235994,0.4248765632958166,0.3566356355780005,0.5005549590440206,-0.7888314865298292],"GT_T":[118.33489944518062,102.90480348017275,842.5077763145028],"R_pred":[-0.24115125614407074,0.824501019237673,0.5119024720942214,0.8910750474484795,-0.020861791361759363,0.45337627361372645,0.3844884022630941,0.5654757774982203,-0.7296614376462254],"T_pred":[90.21254999191034,76.3172837383173,725.5283231528102],"rotation_error":5.426937492081585,"translation_error":123.21507702714,"ADD":0,"ADD_S":0}}
{"id_image":15,"data":{"GT_R":[-0.2353037021514715,0.865517306992972,0.4421678317326341,0.9045336930431918,0.028563699223571565,0.42544524574566395,0.3556003467466966,0.5000638930428548,-0.7896095711399823],"GT_T":[118.92216680099283,104.44498865660523,842.4278893664118],"R_pred":[-0.23450750727071568,0.8205079252452748,0.5213184953973622,0.9036500537390052,-0.01369757908689051,0.42805251629286234,0.3583612833596398,0.5714710149577603,-0.7382398456138624],"T_pred":[92.14803590188747,79.22881695069984,741.9757288975758],"rotation_error":5.411897491341919,"translation_error":106.97357591368495,"ADD":0,"ADD_S":0}}
{"id_image":16,"data":{"GT_R":[-0.23735230580645983,0.8655189165622016,0.4410684872554391,0.9044782636660256,0.03126660142681027,0.4253720907932616,0.3543775030691189,0.49989966483557857,-0.7902633556769522],"GT_T":[118.37517076428092,105.68468920089957,842.3833166221272],"R_pred":[-0.3121850175680978,0.7052834250569905,-0.636487081680286,0.8230215966168569,-0.1338647523493144,-0.5520105792289642,-0.4745270975489665,-0.6961720465648829,-0.5386729204938896],"T_pred":[118.36213453392288,102.87496153098229,773.4325019363736],"rotation_error":95.20028566544836,"translation_error":69.00804000514384,"ADD":0,"ADD_S":0}}
{"id_image":17,"data":{"GT_R":[-0.23813629535014455,0.8671067471129367,0.4375125781709005,0.9051075408722243,0.03475801274827414,0.4237597085892617,0.35223846922683755,0.49690874776236443,-0.7931014960281725],"GT_T":[120.22459187517241,107.34286145667258,841.8734851049909],"R_pred":[-0.35662487377848506,0.6732034689479549,-0.6477775766410255,0.7822933452697118,-0.16385956000111568,-0.6009718517060216,-0.5107208839955572,-0.7210735981802974,-0.468206198867674],"T_pred":[109.55869299672719,96.79153141232796,704.8535332456757],"rotation_error":99.61105597442581,"translation_error":137.83888846083659,"ADD":0,"ADD_S":0}}
{"id_image":18,"data":{"GT_R":[-0.2434565696387499,0.8668826977788215,0.4350218252178142,0.9045255220482595,0.04103409003985905,0.42444056035976246,0.35009068626663287,0.49682086279744814,-0.7941064601321108],"GT_T":[119.67265453237349,109.59192283961264,841.5710046337595],"R_pred":[-0.40660841658278535,0.6804463516907716,-0.6096411715384376,0.7394374908580404,-0.14679817351598867,-0.6570254891295578,-0.5365648075280425,-0.7179436319956382,-0.44345817006715094],"T_pred":[105.15641420890971,98.27152314799443,699.1542434573183],"rotation_error":101.09238791066134,"translation_error":143.60155481851166,"ADD":0,"ADD_S":0}}
{"id_image":19,"data":{"GT_R":[-0.2470959157004513,0.8650617752368599,0.4365909183685608,0.9043074342936194,0.04401062434029283,0.42460600983780167,0.34809639800812364,0.49973135167114807,-0.7931567277510739],"GT_T":[115.1408143903836,111.36761165465148,841.7793940831522],"R_pred":[-0.2031198581926572,0.8881102852094329,0.4123135269585688,0.9637248604164441,0.10687123958182687,0.2445668243354951,0.17313785439094465,0.4470331748936128,-0.8776016316766033],"T_pred":[117.154793511072,112.44719412882256,950.2392796084093],"rotation_error":11.725481683464423,"translation_error":108.48395447424008,"ADD":0,"ADD_S":0}}
{"id_image":20,"data":{"GT_R":[-0.2441472832107003,0.8649704796887007,0.4384268245699334,0.9055862033166405,0.041656321189011865,0.42211166439302167,0.3468515498445368,0.5000908794595506,-0.7934746228110177],"GT_T":[113.58723667769102,111.54833316355884,841.8303754648987],"R_pred":[-0.34696710761772387,0.6651643790104627,-0.6611884565893573,0.8014221024762624,-0.15592306876002315,-0.5774171891197771,-0.48717187921093935,-0.7302358150105231,-0.4789772589403375],"T_pred":[109.44765908393524,103.3890888896082,734.0921073302338],"rotation_error":98.87044046580127,"translation_error":108.12605509512339,"ADD":0,"ADD_S":0}}
{"id_image":21,"data":{"GT_R":[-0.2458791243556135,0.8659808540048876,0.4354545898380676,0.905950953005949,0.04556880590819587,0.4209238805872039,0.34466979148377186,0.4979964424189427,-0.7957396553845969],"GT_T":[114.52165485969154,113.15247105484991,841.3339043218684],"R_pred":[-0.21898536539068936,0.8791836119317199,0.4231803235683355,0.9180447590240491,0.03874058024952487,0.3945795076665862,0.33051358545933,0.4749056158360574,-0.8156135272751386],"T_pred":[103.18682069101727,101.95918959672244,851.8692246050563],"rotation_error":2.242651977986414,"translation_error":19.098716943856598,"ADD":0,"ADD_S":1}}
{"id_image":22,"data":{"GT_R":[-0.24681859594977626,0.866217320495616,0.4344518449607996,0.9058577915242388,0.046975608396900397,0.42096967371400995,0.3442430831088523,0.4974543684822178,-0.7962633920685257],"GT_T":[113.22508415038371,114.35374530963296,841.412301501673],"R_pred":[-0.33720384829610106,0.6730593924242386,-0.6582435863446104,0.8325420487104033,-0.11322555163915837,-0.542267195748639,-0.439508022478981,-0.7308700491370014,-0.5221701537344821],"T_pred":[113.5729142014355,108.85508385825742,773.6344727198385],"rotation_error":95.68880234187334,"translation_error":68.00139952884007,"ADD":0,"ADD_S":0}}
{"id_image":23,"data":{"GT_R":[-0.24501591508638967,0.8675430193424588,0.4328227293941184,0.9065314781264691,0.04671297118210183,0.4195454740431137,0.34375626539457016,0.49516258645843186,-0.7979003798257736],"GT_T":[113.68687643599829,114.752613887038,841.2899372608006],"R_pred":[-0.2361243187063642,0.7828169509544813,0.5757108018908316,0.9173766743860554,-0.015775712768849037,0.39770738512003506,0.320414330840299,0.622052046202698,-0.7144129816900024],"T_pred":[81.34204434548701,79.13747254520607,692.0744748006872],"rotation_error":9.580706382968469,"translation_error":156.77972028597173,"ADD":0,"ADD_S":0}}
{"id_image":24,"data":{"GT_R":[-0.24602179637724778,0.8689617653046412,0.4293925373109866,0.9051352588356216,0.04750670345009434,0.4224614034334278,0.3467047911532513,0.492593360220703,-0.7982151175934964],"GT_T":[115.34759555148617,113.3728468780744,841.4211968716918],"R_pred":[-0.34780270641839295,0.6883861015020978,-0.6365201117535757,0.7845163990558714,-0.15807240844297277,-0.5996224923245009,-0.5133880569515126,-0.7079107916593596,-0.4850721740439964],"T_pred":[106.39862966673836,100.85429638698284,717.3542878231755],"rotation_error":98.04253578221945,"translation_error":125.01758283400463,"ADD":0,"ADD_S":0}}
{"id_image":25,"data":{"GT_R":[-0.24629539092293076,0.8692464755511705,0.42866063101716306,0.904200110868411,0.04684553858860232,0.4245317135561835,0.34894247344785584,0.492155079857599,-0.7975102743092459],"GT_T":[114.4531783914341,111.63602088359653,841.8129733405211],"R_pred":[-0.328850128424678,0.7237781299825348,-0.6066323529074739,0.756540152417523,-0.18257375905049789,-0.6279441219457681,-0.5652473713473986,-0.6654412378754083,-0.48752781266272427],"T_pred":[104.93323939699972,100.66318689887066,716.0769717357047],"rotation_error":97.95832286429885,"translation_error":126.57240782919678,"ADD":0,"ADD_S":0}}
{"id_image":26,"data":{"GT_R":[-0.24767531496203168,0.8701334041514938,0.42605803041046814,0.9032994074277921,0.04839177220168425,0.4262737791398805,0.35029785240649003,0.4904351851787229,-0.7979755842046875],"GT_T":[114.46028288878118,110.78853653679474,842.0589900468364],"R_pred":[-0.2150142998009692,0.8519573560265368,0.4774280201175586,0.849781537580024,-0.07770839885320202,0.5213758175594667,0.4812901300351271,0.5178127733649922,-0.7072692149887663],"T_pred":[81.96187387734335,76.0722671422803,690.9743423402701],"rotation_error":9.767267988879636,"translation_error":158.39171923293347,"ADD":0,"ADD_S":0}}
{"id_image":27,"data":{"GT_R":[-0.24828219834554419,0.8713484078072099,0.42321183883340424,0.9026634629586504,0.04957836026390042,0.42748119258030187,0.3515039667252921,0.4881541714731414,-0.7988433481770794],"GT_T":[115.73203521784329,109.9923939488945,842.1619547875907],"R_pred":[-0.35078736497725993,0.6961583293944514,-0.6263479903272917,0.7781750610916344,-0.1553850200143958,-0.6085220372756907,-0.5209527798825357,-0.7008702276240962,-0.48722594877818826],"T_pred":[106.90449139720066,98.9342465050145,715.7901835206998],"rotation_error":97.8403037008041,"translation_error":127.16144355868,"ADD":0,"ADD_S":0}}
{"id_image":28,"data":{"GT_R":[-0.24862052838660262,0.8724295090195555,0.42077857699051696,0.9024479793203183,0.050849072612552185,0.4277880805017241,0.3518195576980636,0.4860877372803957,-0.799963902591511],"GT_T":[116.31221967014983,110.62338217506803,842.2765527417199],"R_pred":[-0.3591962853218338,0.6774939633873021,-0.6418566492486937,0.8016090536018767,-0.12822079550269871,-0.5839369424725227,-0.4779131236893366,-0.7242660817506366,-0.4970288613663003],"T_pred":[108.72812805805134,99.3145776030298,721.4990049088814],"rotation_error":97.04252132079493,"translation_error":121.54268207894236,"ADD":0,"ADD_S":0}}
{"id_image":29,"data":{"GT_R":[-0.25034686078998214,0.8724006598453131,0.41981415436026953,0.9022797072972472,0.05301889631305394,0.42787780519690494,0.3510237838638805,0.48590758652798544,-0.8004227441169279],"GT_T":[116.4959468235632,110.72188974320113,842.6728807786401],"R_pred":[-0.3866350693018592,0.7091828572777782,-0.5895532190814273,0.764680364232725,-0.11083229652458215,-0.6348071696223938,-0.5155358995674829,-0.6962584843220327,-0.49944655296310947],"T_pred":[112.1690392771708,102.55502746869318,744.6184548590521],"rotation_error":96.86535656750306,"translation_error":98.48903599257012,"ADD":0,"ADD_S":0}}
{"id_image":30,"data":{"GT_R":[-0.2486723542651478,0.874845037109096,0.4157026603034119,0.9022101980675346,0.05306772546921873,0.428019258860045,0.35239061461279536,0.4814869989761804,-0.8024897081116419],"GT_T":[118.09099909944315,110.46354257863487,842.7504253642674],"R_pred":[-0.38454385377818756,0.5991852931910479,-0.702212937039028,0.8169339055063077,-0.13330514136602933,-0.5611138327644347,-0.4298197512395527,-0.7894344328118332,-0.4382331088991659],"T_pred":[106.9658507670306,91.0195069289948,671.675341664718],"rotation_error":100.43316855410998,"translation_error":172.53557230487425,"ADD":0,"ADD_S":0}}
{"id_image":31,"data":{"GT_R":[-0.2512395407868315,0.876401088401717,0.41085312255588274,0.9010395496624176,0.05671512043942378,0.4300124235155348,0.35356282704986686,0.4782308838546228,-0.8039207218447489],"GT_T":[120.57459573921119,111.11985970337717,842.8636238555217],"R_pred":[-0.21150878140348106,0.8321320983110239,0.51265993245982,0.923358014963048,-0.0018387750148025628,0.3839356653268159,0.32042785707973986,0.5545744222977992,-0.7679669254208465],"T_pred":[92.91590527401081,83.31393813544298,735.0988778643579],"rotation_error":6.804065164647466,"translation_error":114.67960983118117,"ADD":0,"ADD_S":0}}
{"id_image":32,"data":{"GT_R":[-0.2544555959252884,0.8778099372978799,0.4058341042886073,0.9000036546158965,0.06137697444634636,0.4315392246543916,0.35390253765161855,0.47505958171564466,-0.8056497697713791],"GT_T":[122.16842537304439,112.28325532536807,842.9716656519465],"R_pred":[-0.35731570277528435,0.7140153607847055,-0.6020860014264502,0.7858352486790965,-0.11856022026827806,-0.6069649381170215,-0.5047657382228581,-0.6900185060803978,-0.5187350101765918],"T_pred":[118.85135255164109,106.16165587607564,759.6586556007412],"rotation_error":95.08096482834101,"translation_error":83.60343650659527,"ADD":0,"ADD_S":0}}
{"id_image":33,"data":{"GT_R":[-0.2551978494903104,0.8791737222944629,0.40240083335397014,0.9001321972182614,0.06406678801193658,0.4308795124211336,0.3530383465084341,0.4721740236200806,-0.8077225435851499],"GT_T":[123.63086083890153,112.77719475683917,842.8450227149156],"R_pred":[-0.38247920503440513,0.6294793724043346,-0.6763618687017287,0.794899011641542,-0.14898201092215535,-0.5881665765009862,-0.4710044787552971,-0.7626008655509353,-0.44339000987101074],"T_pred":[111.77085920153138,94.53789101532682,680.9285955617207],"rotation_error":99.69554212762782,"translation_error":163.37154348866702,"ADD":0,"ADD_S":0}}
{"id_image":34,"data":{"GT_R":[-0.2554700147549936,0.8814288666263247,0.3972623480867215,0.8990356133625806,0.06543666167880594,0.4329588820930172,0.355627629350915,0.4677614167018366,-0.8091520335904668],"GT_T":[126.76920989861569,112.69333317357537,842.8119502555551],"R_pred":[-0.23563235629074908,0.867780470111258,0.43753222551299437,0.8834740078869329,0.003694784834613274,0.4684656080794255,0.4049087181786402,0.49693400392658804,-0.7675321007517669],"T_pred":[102.52057479387611,85.72841106956535,760.3665283114779],"rotation_error":4.536247731375656,"translation_error":90.06859013027275,"ADD":0,"ADD_S":0}}
{"id_image":35,"data":{"GT_R":[-0.25696539859950474,0.8824462926713035,0.394026323580415,0.8981534386808226,0.06754422505530445,0.43446314162490807,0.35677656799144597,0.4655382198950015,-0.809928342539947],"GT_T":[127.70333370558622,111.77566873309469,842.8670072107767],"R_pred":[-0.2612181965262611,0.7725277014294986,-0.5787624766064425,0.8602126540299607,-0.08572863683487053,-0.5026776210188453,-0.43794890529638103,-0.6291673476512352,-0.6421442244536746],"T_pred":[135.83526794419643,117.04025241155608,878.0528507958734],"rotation_error":85.9817731807215,"translation_error":36.495037807399136,"ADD":0,"ADD_S":0}}
{"id_image":36,"data":{"GT_R":[-0.2582812275402115,0.8818981692178735,0.3943923549114522,0.8979988813154595,0.06863489100928144,0.4346105132073022,0.3562146712230134,0.46641553925912965,-0.8096710712929064],"GT_T":[126.59492579221418,110.78912806737206,842.9621085698634],"R_pred":[-0.3692952594291472,0.6836322590976616,-0.6294981697226661,0.8055718202290469,-0.10223146264397265,-0.5836118320412413,-0.46333039379693075,-0.7226310693339317,-0.5129612888096717],"T_pred":[121.13029691158091,101.88111451781465,751.0138110310759],"rotation_error":94.99140526170116,"translation_error":92.54028471148958,"ADD":0,"ADD_S":0}}
{"id_image":37,"data":{"GT_R":[-0.2575872807484703,0.8836721503501138,0.3908612632394819,0.8973002530708445,0.0686913634224421,0.4360432050976869,0.3584707602487553,0.4630390335864807,-0.8106131774038667],"GT_T":[127.78825284118257,109.88063419462254,842.7317849180432],"R_pred":[-0.4645768857831115,0.6271689348446604,-0.625161934511275,0.735768171294889,-0.11945911144657828,-0.6666143703834837,-0.4927611138324942,-0.7696678815295646,-0.4059529983093506],"T_pred":[109.4721758911755,88.86221382628516,653.966503517813],"rotation_error":101.92025398371797,"translation_error":190.81295588016772,"ADD":0,"ADD_S":0}}
{"id_image":38,"data":{"GT_R":[-0.25898345534615036,0.884956910558285,0.38701238219761586,0.8954430073945373,0.06977258067397939,0.43967305164046006,0.3620899360194878,0.4604156680720622,-0.8104980962580467],"GT_T":[128.80180410687117,107.07234188396113,842.525491276564],"R_pred":[-0.25405803906494007,0.8992048010906581,0.35620954294065105,0.8195974525410767,0.004609965781341652,0.5729212546272591,0.5135314290037711,0.4375036844542055,-0.7381571631531729],"T_pred":[101.28306344192632,73.79051163391138,730.2210556885574],"rotation_error":9.737253769861647,"translation_error":120.32143435530656,"ADD":0,"ADD_S":0}}
{"id_image":39,"data":{"GT_R":[-0.25760754894294147,0.8860500237849565,0.3854275521107405,0.8944177211083073,0.06774063025046441,0.44207236286494733,0.3655892406097515,0.45861421852396883,-0.8099488898015959],"GT_T":[129.6275296181622,103.34810819534373,842.4429062912005],"R_pred":[-0.389967399188206,0.7119284197918448,-0.5840234179063996,0.7565992317859062,-0.11378303160202186,-0.6439029617733015,-0.5248647730905199,-0.6929728326652783,-0.4942728225954741],"T_pred":[121.83283521031402,96.97897957365848,754.2292655532225],"rotation_error":96.28176802780993,"translation_error":88.78608828279557,"ADD":0,"ADD_S":0}}
{"id_image":40,"data":{"GT_R":[-0.25815971094342255,0.8858845454251325,0.385437044943404,0.8943079592380913,0.06820891884386517,0.4422234956050452,0.36547005518576103,0.45886349681001465,-0.8098617899948941],"GT_T":[128.67597082034354,101.8679759464998,842.1409459798623],"R_pred":[-0.3730741070750372,0.7356145169473126,-0.5654086956233835,0.7497074314233622,-0.11999641970621922,-0.6507992213626823,-0.5465843739979661,-0.6666874392952524,-0.506728112884208],"T_pred":[116.0944263363017,95.12325104906219,731.0565381599434],"rotation_error":95.4732043417639,"translation_error":111.99791174949686,"ADD":0,"ADD_S":0}}
{"id_image":41,"data":{"GT_R":[-0.2592569717048811,0.8861892353021513,0.3839966949532947,0.8938138031374412,0.06952410026584742,0.44301554344074134,0.36590016149554305,0.4580762665822589,-0.810113133919105],"GT_T":[128.14182103065158,101.58256422859105,842.0220191030951],"R_pred":[-0.24321559670569604,0.8094522100441671,0.534446716870546,0.9139405715943864,0.0066833609834765495,0.40579300669145424,0.32489814575158527,0.5871477261648705,-0.7414167131557016],"T_pred":[91.84898773422675,67.74718981160916,698.3387794827839],"rotation_error":9.733589151405415,"translation_error":152.00945910833045,"ADD":0,"ADD_S":0}}
{"id_image":42,"data":{"GT_R":[-0.2609051942431314,0.8871234262750485,0.38070920350580606,0.8918767296580912,0.07058650884980718,0.44673599660799096,0.36943786916740534,0.45610209670734003,-0.8096215401894505],"GT_T":[127.77869992821039,100.5638705035464,842.0476943851179],"R_pred":[-0.34890815503769257,0.664104390440394,-0.6612325294070054,0.8382535319298843,-0.09433349510696132,-0.5370588495760772,-0.4190395155057194,-0.741664715554608,-0.5237741251207759],"T_pred":[122.05788637975358,91.23842689203656,756.7185044723666],"rotation_error":94.00110010496961,"translation_error":86.02768308732972,"ADD":0,"ADD_S":0}}
{"id_image":43,"data":{"GT_R":[-0.2589981834852616,0.8874812935380002,0.3811771768725766,0.8917740325997097,0.068123180392651,0.44732281083960956,0.3710245911783878,0.45577944686206945,-0.8090767982330904],"GT_T":[127.27054251461645,98.91561041821976,842.0108175383212],"R_pred":[-0.2378510635506994,0.8365280093557,0.4936068892663381,0.9098377437005413,0.013977929699866665,0.414728703635538,0.3400325744773719,0.5477458416498434,-0.7644294220198455],"T_pred":[97.29036526740961,70.9953597535027,740.1182548617528],"rotation_error":7.185908832433593,"translation_error":109.82006079834868,"ADD":0,"ADD_S":0}}
{"id_image":44,"data":{"GT_R":[-0.25810224475369914,0.887243584374737,0.38233736804937246,0.8922549648634486,0.06714607225087997,0.44651152587444054,0.3704926637261168,0.4563877382391364,-0.8089782279979738],"GT_T":[125.88673372221253,98.00608411145211,841.8832716023616],"R_pred":[-0.3778140986468279,0.6943380590611711,-0.6124958502739839,0.7869548210104226,-0.10771478257669143,-0.6075357070188627,-0.4878100209632213,-0.7115421177650845,-0.5057165194990568],"T_pred":[115.16069476997666,91.31238761100454,739.2282192762277],"rotation_error":95.54669350112547,"translation_error":103.4307171614229,"ADD":0,"ADD_S":0}}
{"id_image":45,"data":{"GT_R":[-0.2585974902515072,0.8865136925113126,0.38369360197242197,0.892613207434757,0.06745153323283862,0.4457485732254723,0.36928280946348235,0.4577590652691618,-0.8087556027124314],"GT_T":[122.74065880039838,98.97033275726821,841.7616740208151],"R_pred":[-0.34970294424647286,0.7309465046306888,-0.5860247931218674,0.7812967765244597,-0.11764851158926704,-0.6129715937246352,-0.5169943885361206,-0.6722172528944861,-0.5299441169907955],"T_pred":[114.69596518571986,93.40913370012649,751.6440281780368],"rotation_error":94.02070582000783,"translation_error":90.64675461676288,"ADD":0,"ADD_S":0}}
{"id_image":46,"data":{"GT_R":[-0.2574260068914536,0.8864733156633213,0.3845730558055399,0.8932611762098932,0.06652331193596513,0.4445899074663571,0.368534505884207,0.45797266162303185,-0.8089763694216969],"GT_T":[121.60016823694423,99.45416309377384,841.791121270706],"R_pred":[-0.3751496679095029,0.6939600697422097,-0.6145584986563747,0.7842662651884671,-0.1158110733729043,-0.609519663810405,-0.4941549877869523,-0.7106385979438519,-0.5008029863705625],"T_pred":[111.04807437070839,88.43956359244011,717.0172262307284],"rotation_error":95.8876578350729,"translation_error":125.70279619238376,"ADD":0,"ADD_S":0}}
{"id_image":47,"data":{"GT_R":[-0.2530989984423184,0.8874592048356059,0.3851716258497583,0.8938769647612572,0.062238095659254276,0.44397131743796875,0.3700345846828058,0.4566644304052886,-0.8090307228575315],"GT_T":[121.58967122345264,98.15465666741844,841.729339502492],"R_pred":[-0.3377298315159034,0.7205868840641033,-0.6055518998558472,0.7828160861849159,-0.1421858492685777,-0.6057905244206976,-0.522625617545074,-0.6786292999735275,-0.5160666014218227],"T_pred":[111.08796778704708,89.89446560958832,728.8192315682003],"rotation_error":94.93681705329595,"translation_error":113.69788478732349,"ADD":0,"ADD_S":0}}
{"id_image":48,"data":{"GT_R":[-0.2545485627692476,0.8871513930481661,0.38492407154454306,0.8931079634556242,0.06299970945039876,0.4454091544811683,0.3708964993219921,0.45715762510630176,-0.8083583079539032],"GT_T":[119.88745422720206,98.12363951869231,841.6790412084778],"R_pred":[-0.1865533632639652,0.905489934619056,0.38116377183368394,0.8479278423205944,-0.047555344241387854,0.5279743018856359,0.4962017904768628,0.4216947563554244,-0.7589185170951456],"T_pred":[89.78940143236784,72.39943465553921,738.9652392284204],"rotation_error":8.646203033632537,"translation_error":110.0806641289947,"ADD":0,"ADD_S":0}}
{"id_image":49,"data":{"GT_R":[-0.25393271609063245,0.8866398016176219,0.3865073950333134,0.8936913191789919,0.06225258162415571,0.44434298762041263,0.36991260083987926,0.45825120598384406,-0.8081893866130522],"GT_T":[117.73382025234453,99.32018442730063,841.7319356258647],"R_pred":[-0.30951313896213184,0.7498597126223853,-0.584732441545432,0.8312533465230959,-0.0852437031999751,-0.549319019294716,-0.4617569606448419,-0.6560822528087683,-0.5969393493860238],"T_pred":[118.53510518936511,98.72083554220148,805.6238468841215],"rotation_error":89.3720653367434,"translation_error":36.12195107158486,"ADD":0,"ADD_S":0}}
{"id_image":50,"data":{"GT_R":[-0.25126499734482044,0.8875239312175012,0.3862208431340304,0.8948190375301065,0.06087303941646078,0.4422602815861404,0.36900688906560614,0.4567227799966198,-0.809467776608705],"GT_T":[117.55068689938045,100.12668713427612,841.5741059342251],"R_pred":[-0.39024049080240397,0.7804887125233978,-0.4884155289933643,0.6835989205337306,-0.10974301278068688,-0.7215601062911784,-0.6167697100080527,-0.6154622984142791,-0.49071507420008587],"T_pred":[98.17336244204215,87.8670546317268,677.340398506847],"rotation_error":96.41477516446191,"translation_error":165.826686475863,"ADD":0,"ADD_S":0}}
{"id_image":51,"data":{"GT_R":[-0.24958290910313838,0.888422303498006,0.38524596848568504,0.8946293198204738,0.059290215292612934,0.4428588825230351,0.3706047542570884,0.4551817611928151,-0.8096063774621765],"GT_T":[118.39929805343084,100.05235145293408,841.4523913127199],"R_pred":[-0.30694210973291824,0.7614297676325466,-0.5709739488240694,0.8031630388760858,-0.11462967264701285,-0.5846273780213935,-0.51060324544213,-0.638031932674129,-0.5763675725022006],"T_pred":[112.73478049700924,95.72034678557777,772.2188576390336],"rotation_error":90.77577956309985,"translation_error":69.59982190013467,"ADD":0,"ADD_S":0}}
{"id_image":52,"data":{"GT_R":[-0.25171870159856724,0.8878883046525279,0.3850876756326639,0.8938783397735557,0.06077545059649271,0.44417010532025847,0.3709700286071677,0.45602737457736314,-0.808962478780704],"GT_T":[117.18823388061934,99.6091980104506,841.473590053853],"R_pred":[-0.3428368768053063,0.7072503109562974,-0.6182716826400864,0.8033856667426748,-0.12036166903580348,-0.5831676766585606,-0.48686173229656393,-0.6966419929053488,-0.5269303439222803],"T_pred":[107.52440081859994,91.19135145325606,736.7289699698543],"rotation_error":94.13101606542254,"translation_error":105.52575631878813,"ADD":0,"ADD_S":0}}
{"id_image":53,"data":{"GT_R":[-0.25225324123459436,0.8873643467075961,0.3859431396165328,0.8934925455142694,0.06045401930181045,0.44499087813457444,0.3715380841802183,0.457088612101619,-0.8081024240479752],"GT_T":[114.86098246362805,99.42462085229963,841.4713658957986],"R_pred":[-0.18100678736453557,0.8951725069788807,0.40731158303823745,0.9395489670158776,0.03499388275548487,0.3406217355793552,0.29066179918827784,0.4443440231609293,-0.847392534528003],"T_pred":[106.48729489729394,89.86007885703371,877.7668209600326],"rotation_error":6.722774024446721,"translation_error":38.45723814001229,"ADD":0,"ADD_S":0}}
{"id_image":54,"data":{"GT_R":[-0.2500370597049417,0.8878765253182738,0.3862072209987699,0.8944959789180381,0.05914151603410011,0.44314699104605704,0.3706202819624503,0.45626438021297266,-0.8089886713899421],"GT_T":[114.75580774916388,99.35576400308513,841.2036994554625],"R_pred":[-0.3615002379577883,0.6884880637175244,-0.6287302792732007,0.8047627657874625,-0.11011454958727085,-0.5832938168464559,-0.47082318205306806,-0.716839572071525,-0.514263122490556],"T_pred":[107.70991910531072,87.70761345220008,711.4148786404962],"rotation_error":94.92810972664226,"translation_error":130.50081212995218,"ADD":0,"ADD_S":0}}
{"id_image":55,"data":{"GT_R":[-0.2487727483143636,0.8903986884384817,0.3811854031267854,0.89346272411318,0.059017431801959064,0.44524372090806136,0.37394863673222506,0.451339375749013,-0.8102195685101913],"GT_T":[117.56484083604522,98.40307856997636,840.576791950508],"R_pred":[-0.26374494560575545,0.8012904370723684,0.5370030159354693,0.8967062844839107,-0.0014831710731356695,0.44262358677619945,0.35546651464586226,0.5982737129942621,-0.7181309917456442],"T_pred":[91.23013131881942,67.38180070867281,722.5638264606612],"rotation_error":10.464669750245722,"translation_error":124.83147291133209,"ADD":0,"ADD_S":0}}
{"id_image":56,"data":{"GT_R":[-0.24637665291546357,0.8929905899086183,0.3766510199794711,0.8926454954286093,0.05772306533364985,0.4470480937124218,0.37746960908905,0.44635845390284745,-0.8113454987318418],"GT_T":[122.33275602705615,95.6586852616721,839.874116726979],"R_pred":[-0.23914911400605343,0.8320793036124652,0.500451529890672,0.9065566088569732,0.006725704171397062,0.42203066220494334,0.34779709056842906,0.5546159007846719,-0.7559354379766454],"T_pred":[100.19995480319402,69.863382378454,763.3379398352239],"rotation_error":7.922593974017713,"translation_error":83.7439246396894,"ADD":0,"ADD_S":0}}
{"id_image":57,"data":{"GT_R":[-0.2468362633834882,0.8947712977225248,0.3720969151750633,0.8903484129620779,0.05781825731889701,0.4515925788654069,0.38255888824260315,0.44276563247465617,-0.8109295308976452],"GT_T":[125.86624677942145,92.70222115954711,839.3031445442621],"R_pred":[-0.3258894261613995,0.777143176482319,-0.5383721437473938,0.843626067579598,-0.01798604207081822,-0.5366298169043626,-0.42672138453137887,-0.6290667576160716,-0.649756780992723],"T_pred":[134.47970245498666,95.77250442739862,858.5413672231006],"rotation_error":85.17126895022129,"translation_error":21.30087955602659,"ADD":0,"ADD_S":0}}
{"id_image":58,"data":{"GT_R":[-0.24789433237682418,0.8951302965493102,0.3705266462979853,0.8899968405464072,0.0593370371444099,0.45208951442953144,0.38269367576496827,0.4418379415814684,-0.8113721327974044],"GT_T":[126.73336744474526,91.32224460609288,838.7027486112843],"R_pred":[-0.35909380074324104,0.688832447886758,-0.6297312927003946,0.8163393371546022,-0.09522709467399726,-0.5696682254206691,-0.4523734396289842,-0.7186387542975163,-0.5281255645582361],"T_pred":[122.99265265419425,83.79937412848885,752.986597362035],"rotation_error":93.6266130616419,"translation_error":86.12691282259703,"ADD":0,"ADD_S":0}}
{"id_image":59,"data":{"GT_R":[-0.24819429687588493,0.8973235803132369,0.36498031799428055,0.8884808512997067,0.06073038730881486,0.45487774483221494,0.3860072363356702,0.43717624723634846,-0.8123270871065597],"GT_T":[130.05358315658356,89.36178289163466,837.766323874071],"R_pred":[-0.33790585740582646,0.7241878051856074,-0.6011419585682621,0.8304048308452869,-0.07123200659805717,-0.5525882899092461,-0.44299824879974864,-0.6859140063130854,-0.5772993396011197],"T_pred":[131.85583325283494,84.79789682292227,791.4510776773817],"rotation_error":90.15770980569927,"translation_error":46.574447841252656,"ADD":0,"ADD_S":0}}
{"id_image":60,"data":{"GT_R":[-0.2480067930525468,0.8989473811731828,0.36108945839172657,0.8870256742899378,0.0608727493534151,0.4576899450382365,0.3894602656582644,0.4338053936741493,-0.8124861349264351],"GT_T":[133.5081750710924,86.41380501416573,836.8685901332412],"R_pred":[-0.3567824653197338,0.7240229315381682,-0.590336401594252,0.7815435656998587,-0.11484033706220953,-0.6131894910193657,-0.5117576842154141,-0.6801488745784375,-0.5248824449876004],"T_pred":[123.48042213978965,81.06887018592893,747.2097522178585],"rotation_error":93.90242938398264,"translation_error":90.37605531060879,"ADD":0,"ADD_S":0}}
{"id_image":61,"data":{"GT_R":[-0.25110367213936796,0.898363961197962,0.36040238841825517,0.8863361679369576,0.06374914695329906,0.45863312457115285,0.38904537500655045,0.4346022083496008,-0.8122591366007444],"GT_T":[131.49497500770647,85.41708047413567,836.26614776331],"R_pred":[-0.386765442047485,0.7165455311797495,-0.5804954733537069,0.7683025247490984,-0.09776741888981055,-0.6325762896819525,-0.5100232576088806,-0.6906547860906742,-0.512710681718326],"T_pred":[120.21468261923373,80.70694471188415,738.3939946772884],"rotation_error":94.75763798574322,"translation_error":98.6325946376851,"ADD":0,"ADD_S":0}}
{"id_image":62,"data":{"GT_R":[-0.25428875635492126,0.897610994812323,0.36004430850181895,0.8858915807455504,0.06683612066956542,0.45905223763781927,0.38798724805491897,0.43569212244224403,-0.8121808985062606],"GT_T":[128.44995602638843,85.83428352217051,835.8125621326939],"R_pred":[-0.40603927968855,0.6651562473987612,-0.6266572188177532,0.7807779312081343,-0.10383911330554807,-0.6161195181831715,-0.4748872766124076,-0.7394488522503199,-0.47717656000408815],"T_pred":[111.18328347293932,75.6027559262686,689.4058239242364],"rotation_error":96.95780719297379,"translation_error":147.776030298738,"ADD":0,"ADD_S":0}}
{"id_image":63,"data":{"GT_R":[-0.2558282121790501,0.8954733588624936,0.3642503973612079,0.8865886821551033,0.06712678950573782,0.45766268834160734,0.3853743251879064,0.44002310934987837,-0.811089033631047],"GT_T":[124.17634839371108,87.67121130092613,835.8354560689936],"R_pred":[-0.2668868213856963,0.8329798773007531,-0.48468128557090107,0.8514668564056307,-0.031764237752732294,-0.5234455326418409,-0.4514151271428021,-0.5523907649590186,-0.7007773011268544],"T_pred":[130.2302242786201,96.32317514948649,889.4933961674056],"rotation_error":81.30889964048876,"translation_error":54.68711390511894,"ADD":0,"ADD_S":0}}
{"id_image":64,"data":{"GT_R":[-0.2565877524190655,0.8942276247983616,0.36676990461974346,0.8876544764237263,0.06788674332564903,0.45547782183724983,0.38240234166074705,0.44243451941722745,-0.811184242923829],"GT_T":[120.0137298013809,89.44969617464838,835.7437103160904],"R_pred":[-0.3675982991554456,0.6844620032193814,-0.6295897526222411,0.8205837467440346,-0.07984796020880836,-0.5659210349775087,-0.4376229027799454,-0.7246627280324301,-0.532306420741898],"T_pred":[111.61231736126784,84.51577492398094,748.3315293700024],"rotation_error":93.31021497372039,"translation_error":87.95349161715133,"ADD":0,"ADD_S":0}}
