{"id_image":1,"data":{"GT_R":[-0.22509298072912012,-0.9602367403863958,0.1651653755676953,-0.6213204744133984,0.010883795245738707,-0.7834805351331321,0.7505294106614706,-0.2789761167440212,-0.5990641770966754],"GT_T":[-31.781134605612156,121.76700161436155,938.2564545139057],"R_pred":[-0.2617655687104331,-0.9496324089198241,0.1722703542889345,-0.6735416932913262,0.05190520979864932,-0.7373245124055017,0.6912455239898168,-0.3090374364456345,-0.6532040174701577],"T_pred":[-16.118194362622773,109.81739633593321,763.9985365931735],"rotation_error":5.028815251072695,"translation_error":175.368020806059,"ADD":0,"ADD_S":0}}
{"id_image":2,"data":{"GT_R":[-0.22884731049957638,-0.959639889259284,0.1634624193753394,-0.6212121179905955,0.014680890495466302,-0.783505009491852,0.7494829692627656,-0.28084790349668226,-0.5994988556482679],"GT_T":[-31.78322278898545,119.88666872687686,937.4747358474042],"R_pred":[-0.33259645039876307,-0.9265076486289161,0.1759635707021764,-0.5746900232393743,0.051179529379138944,-0.816769265436486,0.7477372388555155,-0.37277906701509744,-0.549476831926591],"T_pred":[-18.42630904393685,108.75481567786423,749.4683129690908],"rotation_error":6.731970502905882,"translation_error":188.808740106481,"ADD":0,"ADD_S":0}}
{"id_image":3,"data":{"GT_R":[-0.2327347827730288,-0.958416003583433,0.16514721513317498,-0.6202972311014563,0.015498547049663533,-0.7842135336018758,0.7490439017365857,-0.284954513131992,-0.5981089938701855],"GT_T":[-35.41066223111885,119.14073096622958,935.7137568486822],"R_pred":[-0.25433835201416066,-0.9648179886019705,0.06662020387816947,-0.5596320435799735,0.0906453160098557,-0.8237690225323939,0.788748361959138,-0.2467988564712595,-0.5629976429357899],"T_pred":[-16.157260549890236,106.99184329700115,744.0951658723159],"rotation_error":6.456770391697275,"translation_error":192.96624926568444,"ADD":0,"ADD_S":0}}
{"id_image":4,"data":{"GT_R":[-0.22973976295367207,-0.9591232604389065,0.16523328630872,-0.6215410685110307,0.013942910918055898,-0.783257360088035,0.7489375930204076,-0.2826442897341245,-0.5993375799046377],"GT_T":[-34.438266092066286,118.51172966399972,935.3092665600738],"R_pred":[-0.3507286322144926,-0.9066630335494343,0.2344175124428391,-0.6376349256692431,0.047873346760711644,-0.7688496889748395,0.6858652404895076,-0.4191303929147421,-0.5949105694332585],"T_pred":[-21.694299023640163,104.98956229294322,738.5942326482318],"rotation_error":8.737416377013556,"translation_error":197.5906431843095,"ADD":0,"ADD_S":0}}
{"id_image":5,"data":{"GT_R":[-0.2320128814330642,-0.9584333653785404,0.16606041219242026,-0.6190707026270843,0.013813828216701476,-0.7852136444261627,0.7502814495389832,-0.2849823773796454,-0.5965424412595297],"GT_T":[-34.219569562839254,119.40157555530767,934.3743176914973],"R_pred":[-0.41746331086084215,-0.904374508155096,0.0884936895170057,-0.23821943417480207,0.014940677305500749,-0.9710964305068217,0.8769127010521294,-0.42647804768930536,-0.2216767682292794],"T_pred":[-20.023997413769415,119.3782742250275,732.1106276940307],"rotation_error":25.825907801872763,"translation_error":202.76122682352934,"ADD":0,"ADD_S":0}}
{"id_image":6,"data":{"GT_R":[-0.23062110267767275,-0.9586998205343757,0.16646273448972645,-0.6201451138954254,0.01298437637353557,-0.7843794028123507,0.7498234233250998,-0.2841250031918045,-0.5975261613835989],"GT_T":[-33.70512814725149,119.1242174794866,934.2193373608152],"R_pred":[-0.287226053541084,-0.9500354743275954,0.12220389390831704,-0.571099416259478,0.0674277756425351,-0.8181069317760261,0.7689906702394365,-0.30477219786430787,-0.561931718711145],"T_pred":[-17.56386494058,107.83474832831803,743.2921690916984],"rotation_error":4.761614956920512,"translation_error":191.94055349218382,"ADD":0,"ADD_S":0}}
{"id_image":7,"data":{"GT_R":[-0.23042052557422682,-0.9587707664342304,0.16633092917803483,-0.6194069178847934,0.012682179595439607,-0.7849672897563647,0.7504948438277544,-0.28389841877476013,-0.596790519670213],"GT_T":[-33.85974529683463,118.87257908433368,933.8753182878182],"R_pred":[0.47252235421138844,-0.8558193178528846,0.21046595914862465,0.779158544728491,0.29405970801090475,-0.5535709984284956,0.41186719576473574,0.42556102184571,0.8057687197568095],"T_pred":[4.763704185241495,151.48354303673915,747.2782431766298],"rotation_error":107.1658151310883,"translation_error":193.3228239496053,"ADD":0,"ADD_S":0}}
{"id_image":8,"data":{"GT_R":[-0.23170537797082694,-0.9579828217243905,0.1690622271550668,-0.6178556589646507,0.010688923861586033,-0.7862191475973972,0.7513779670226517,-0.28662757638591635,-0.5943712907536566],"GT_T":[-34.337466070000815,119.55595386096641,932.421412911213],"R_pred":[-0.28210981783270883,-0.9481186228950126,0.14657805975677557,-0.6661092233099822,0.08361748711412509,-0.7411522235479643,0.6904437365229468,-0.30672331631029326,-0.6551398735597211],"T_pred":[-19.19283856789311,109.76514902154044,765.5075254360077],"rotation_error":5.821443267168521,"translation_error":167.88527461831438,"ADD":0,"ADD_S":0}}
{"id_image":9,"data":{"GT_R":[-0.22975023847123455,-0.9589731705160477,0.16609035038186365,-0.618147482387444,0.011968701174978332,-0.7859712245135848,0.7517377575528883,-0.2832453553339996,-0.5955354252685849],"GT_T":[-33.91720558672928,120.92853151036185,932.8910429507293],"R_pred":[-0.25323170657014926,-0.9633827930386989,0.08813226914431121,-0.6140575558602319,0.08967347315605856,-0.7841504870259839,0.7475339596824535,-0.2526900518205754,-0.6142806498925284],"T_pred":[-14.903960792562112,109.49699721228112,753.511257930669],"rotation_error":4.7964733586077255,"translation_error":180.74648192386536,"ADD":0,"ADD_S":0}}
{"id_image":10,"data":{"GT_R":[-0.2304611189277584,-0.958972630936756,0.16510364869077626,-0.6180842087997063,0.01321487974124983,-0.7860004263717941,0.7515711679215767,-0.2831911151028723,-0.5957712791320613],"GT_T":[-32.02845906437975,121.1640400377331,933.0364929635344],"R_pred":[-0.3430145742166357,-0.9199349097985494,0.18989671826788998,-0.6447118428111687,0.08354190602329226,-0.7598469514823507,0.6831454029809515,-0.38306724171081186,-0.6217490222863753],"T_pred":[-18.701907393965996,108.48631761897238,755.7451959829344],"rotation_error":7.743870578117981,"translation_error":178.24288375757016,"ADD":0,"ADD_S":0}}
{"id_image":11,"data":{"GT_R":[-0.22823311132625576,-0.9593694376300235,0.16589123940395745,-0.6176962413481675,0.010977370592866841,-0.7863397971680796,0.7525697923471062,-0.28193887378090376,-0.5951044990340012],"GT_T":[-30.941482740349684,120.89726324310291,932.8548684974933],"R_pred":[-0.2807035206777334,-0.9388363952003352,0.19947871196286854,-0.6539812504012666,0.03496704664483552,-0.7557022097179109,0.702505556990634,-0.34258360832967116,-0.6237967727562411],"T_pred":[-17.592124680416735,109.63422078264914,754.2081985267553],"rotation_error":4.819295275753877,"translation_error":179.4984517418244,"ADD":0,"ADD_S":0}}
{"id_image":12,"data":{"GT_R":[-0.2267531434202077,-0.9594677738929027,0.16734436107541312,-0.6165904074671396,0.008414351475783125,-0.7872391783478347,0.7539229933162916,-0.2816918843084357,-0.5935065813334633],"GT_T":[-31.712196011912226,121.56009831019269,932.6063042411167],"R_pred":[-0.3072033260525888,-0.9430344976011429,0.12771864701909114,-0.5333321237729958,0.0594576902232693,-0.8438137405998434,0.7881516111853182,-0.32733884494125376,-0.5212161915928102],"T_pred":[-17.96931431450336,114.42468515728677,752.4367436684493],"rotation_error":6.966591137210477,"translation_error":180.83376751912164,"ADD":0,"ADD_S":0}}
{"id_image":13,"data":{"GT_R":[-0.2259489936029742,-0.9589100338810822,0.1715762279786779,-0.6174316052334027,0.004738830595685294,-0.7866099003522605,0.7534752422227402,-0.283670788243866,-0.5931320600011923],"GT_T":[-33.34802102006212,122.61251483576416,932.3174842740341],"R_pred":[-0.4072904109242298,-0.886617544903202,0.21914344671696345,-0.4534892248581751,-0.011949690235444677,-0.8911816469389439,0.792755980177194,-0.46234893097431884,-0.3972045089374],"T_pred":[-24.2016987187414,116.86612701021978,740.248076309048],"rotation_error":15.757541301671075,"translation_error":192.37290261547096,"ADD":0,"ADD_S":0}}
{"id_image":14,"data":{"GT_R":[-0.22716097876814337,-0.9581969295640069,0.17394297885151938,-0.61692157673501,0.0033857224403440454,-0.7870169019703122,0.7535285695724742,-0.28608916047423893,-0.5919013335523462],"GT_T":[-35.81157152627801,124.03955433394958,931.9933297527307],"R_pred":[-0.23554278983470944,-0.936277342894907,0.26058459535923156,-0.7173977008575275,-0.013381210537336874,-0.6965353415361555,0.6556371961391569,-0.35100666715349993,-0.6685313654964715],"T_pred":[-22.857307741588492,113.77963187116309,768.7974331784038],"rotation_error":8.72527354967122,"translation_error":164.0304228423621,"ADD":0,"ADD_S":0}}
{"id_image":15,"data":{"GT_R":[-0.22894051223898843,-0.9574961321320907,0.17546463212155486,-0.6158167035410109,0.002860599167013334,-0.7878847136042232,0.7538946951668729,-0.2884324119348299,-0.5902961306985983],"GT_T":[-37.15462357842098,125.50534700893438,931.5383429153623],"R_pred":[-0.33029636540419416,-0.9407552866866911,0.07670594221975668,-0.39009724793075806,0.06205596551739989,-0.9186801370991711,0.8594931344447305,-0.33335948721274583,-0.38748290817483483],"T_pred":[-21.68005936250993,121.83797320779715,759.272979622576],"rotation_error":15.536978083951015,"translation_error":172.9978819484945,"ADD":0,"ADD_S":0}}
{"id_image":16,"data":{"GT_R":[-0.2298474643755032,-0.9569048009067597,0.17749338117279936,-0.6142781506379313,0.0011830572022058878,-0.7890887762854202,0.7548733627887397,-0.2904007532226902,-0.5880769323448923],"GT_T":[-37.3917898564263,126.8945518404481,931.3732992635059],"R_pred":[-0.3408825977424922,-0.9245479286187583,0.17032375713062936,-0.6440263994927249,0.09767540558857635,-0.7587420588708289,0.6848569568258525,-0.36833496009728767,-0.6287291196193812],"T_pred":[-23.358007570723554,111.36730724569851,738.8370861721976],"rotation_error":7.817106752551375,"translation_error":193.67043068442166,"ADD":0,"ADD_S":0}}
{"id_image":17,"data":{"GT_R":[-0.22852210804448056,-0.9567179383153923,0.180192004826034,-0.6133947622144141,-0.0022334636814095163,-0.7897733309462375,0.7559923926229637,-0.2910090578365577,-0.586335375316904],"GT_T":[-40.06154835984316,128.98927732980667,931.1420078566462],"R_pred":[-0.33392578519032445,-0.9233970327228522,0.1892920757550538,-0.5494666677136226,0.027518394575356542,-0.8350623443981187,0.7658850769251955,-0.382858535125739,-0.5165649920626258],"T_pred":[-24.982496930732704,115.40141864270086,737.1816014546142],"rotation_error":7.334331776113215,"translation_error":195.01960657160578,"ADD":0,"ADD_S":0}}
{"id_image":18,"data":{"GT_R":[-0.22668564980954517,-0.957024597118975,0.18088185433482987,-0.6156334716117153,-0.003118918678029907,-0.7880262784890505,0.7547252597117197,-0.2899906445883693,-0.588468449040347],"GT_T":[-39.19363650715543,126.72365820268769,931.0698981479304],"R_pred":[-0.3620799246881674,-0.9098409949086324,0.20270049857235495,-0.5702628149334776,0.04419570207767698,-0.8202725533760153,0.7373591052139775,-0.41259678125444893,-0.5348508633782982],"T_pred":[-26.146219987280094,113.97817320416497,747.838625650481],"rotation_error":8.5620641999471,"translation_error":184.13685586195183,"ADD":0,"ADD_S":0}}
{"id_image":19,"data":{"GT_R":[-0.22924902581195492,-0.9563581107481842,0.18117348249409276,-0.6160406253664065,-0.0015538188911014164,-0.7877132486764535,0.7536183299414533,-0.2921925054354118,-0.5887982299114258],"GT_T":[-39.1494444523793,124.40617521042445,930.6172206805928],"R_pred":[-0.23998559770872274,-0.9606459442542529,0.13987952916793078,-0.6208014582427511,0.041090153167472,-0.7828902533282347,0.7463326753774492,-0.27471980107107075,-0.6062314480158634],"T_pred":[-22.26367056016508,113.86840537382349,763.70850010208],"rotation_error":2.6768715535598737,"translation_error":168.09132921785172,"ADD":0,"ADD_S":0}}
{"id_image":20,"data":{"GT_R":[-0.22685262022216057,-0.9571461397269335,0.18002856020730687,-0.6157425712607676,-0.002267753695866903,-0.7879440370563557,0.7545866832975692,-0.2895987990683385,-0.5888403085698558],"GT_T":[-39.37301607737143,124.33100720480401,930.845056877729],"R_pred":[-0.22923856769904294,-0.9545921371235491,0.1902722544702366,-0.7188127093016319,0.0342155659214054,-0.6943612777186856,0.6563215431674774,-0.2959444995105892,-0.6940164876886484],"T_pred":[-24.90546873194655,118.54626942454932,807.5664594123488],"rotation_error":8.269026988106328,"translation_error":124.25934858355596,"ADD":0,"ADD_S":0}}
{"id_image":21,"data":{"GT_R":[-0.23129720708487048,-0.9561443655779928,0.17969637094124766,-0.6124814323218237,-0.00039988924312424785,-0.7904847793600622,0.755889420477037,-0.29289684304688857,-0.5855273626246725],"GT_T":[-42.07786950490529,125.5445974691645,930.4259856255183],"R_pred":[-0.30358140948159895,-0.9500393100297839,0.07255092842478378,-0.5533118840910463,0.11379395619460209,-0.8251647680658682,0.7756831097431365,-0.29064797424326483,-0.5602137702051815],"T_pred":[-23.72689162259056,111.93757738993773,737.8900261556006],"rotation_error":7.64163035577144,"translation_error":193.88657785848784,"ADD":0,"ADD_S":0}}
{"id_image":22,"data":{"GT_R":[-0.23258375351981847,-0.9561313134115144,0.17809273056196231,-0.6110606945345819,0.00120062427777376,-0.7915832141143231,0.7566442470059721,-0.2929350150225202,-0.5845325740139274],"GT_T":[-41.9930452177422,125.53053315272683,930.2461085961437],"R_pred":[-0.31240969149194275,-0.9323116163692305,0.18219559447171607,-0.5132949138115516,0.00428800772862481,-0.8582015756481174,0.7993300420459005,-0.3616305614473314,-0.47989042594136716],"T_pred":[-25.223941566924275,112.99507603206655,728.3207978926814],"rotation_error":7.951046405907927,"translation_error":203.00781173434083,"ADD":0,"ADD_S":0}}
{"id_image":23,"data":{"GT_R":[-0.232307888586338,-0.9562296566929595,0.17792518137697583,-0.6127268914271333,0.0018068509920419154,-0.7902927990995973,0.7553806465328906,-0.292611193169674,-0.5863267138810142],"GT_T":[-41.904944738524826,125.30830449139395,930.5965360362744],"R_pred":[-0.26744474705725396,-0.9508631301459833,0.15598915026521604,-0.6247296068878758,0.04785851661723928,-0.7793731331428594,0.7336117675918248,-0.30589029098057374,-0.6068318583715084],"T_pred":[-24.18655541659313,111.68036094702208,747.6771013718993],"rotation_error":2.9216660479542136,"translation_error":184.2801718670425,"ADD":0,"ADD_S":0}}
{"id_image":24,"data":{"GT_R":[-0.23148699636889639,-0.9566826430940066,0.1765546986057298,-0.6124968140366205,0.002324155146150405,-0.7904692935920316,0.7558191442021526,-0.29112228075487784,-0.5865027374801037],"GT_T":[-41.40033552070566,124.93041214723182,930.6978365912839],"R_pred":[-0.34101571440795087,-0.9303926758068565,0.13445352852116854,-0.6908492761760884,0.15103900843058093,-0.7070463178174975,0.6375229879257764,-0.3340010280482153,-0.6942677820041239],"T_pred":[-24.654900264408326,104.30893250256035,730.5063151164483],"rotation_error":11.26926934457097,"translation_error":201.94628071610538,"ADD":0,"ADD_S":0}}
{"id_image":26,"data":{"GT_R":[-0.23054309289324357,-0.9572663144438248,0.174620104752497,-0.6138185731000517,0.003823343051264489,-0.7894384284346431,0.7550347059335661,-0.28918425618754473,-0.5884679605280992],"GT_T":[-41.47024074045856,123.93512016228586,930.9240489330781],"R_pred":[-0.301354043038372,-0.9451662062657195,0.12588321285101683,-0.6012107395026739,0.0858767283952594,-0.7944626071922923,0.740088769980382,-0.31509685820933553,-0.5941233731267698],"T_pred":[-25.000814462895747,112.77641216235745,757.9499249675418],"rotation_error":5.025736319977169,"translation_error":174.1143484259251,"ADD":0,"ADD_S":0}}
{"id_image":27,"data":{"GT_R":[-0.22719584506091234,-0.9580233644751024,0.17485230351095257,-0.6135302099132405,0.0013733401419527148,-0.7896698906040251,0.7562822657138737,-0.2866866035451223,-0.5880888604681599],"GT_T":[-39.29355647897236,122.7139987432959,931.7200834801923],"R_pred":[-0.333986165712009,-0.932300573810313,0.13881239564949277,-0.6284452017284359,0.11049131795490452,-0.7699664259440755,0.7025025761785474,-0.3443941183143942,-0.6228023938079841],"T_pred":[-22.76988923562394,105.67798607023656,731.4515126858498],"rotation_error":7.399315752991727,"translation_error":201.6699227821891,"ADD":0,"ADD_S":0}}
{"id_image":28,"data":{"GT_R":[-0.22535257570552913,-0.9586080397568483,0.17403097107298363,-0.6137093509318188,0.0009362137371642367,-0.7895311775504419,0.7566890689460387,-0.28472707943448006,-0.5885169864804372],"GT_T":[-37.914871505682974,118.83121865818894,932.3165278403113],"R_pred":[-0.2623547864907084,-0.9614311133885696,0.08258438238450377,-0.6105710171441856,0.09911979170829677,-0.7857342425497428,0.7472436008618133,-0.25656476979530696,-0.6130265246063598],"T_pred":[-19.923989335378128,107.57199308246227,758.9020222618072],"rotation_error":5.857857561176783,"translation_error":174.70842208338988,"ADD":0,"ADD_S":0}}
{"id_image":29,"data":{"GT_R":[-0.22381239013832344,-0.9594182840561168,0.17153537811407543,-0.61613536265873,0.002909208471651974,-0.7876342254247273,0.7551726849732278,-0.281971509641114,-0.5917825152913773],"GT_T":[-37.83733865382217,118.58218532139924,933.2133641659692],"R_pred":[-0.2523028807380787,-0.9521257454524397,0.1726262471871029,-0.6363130746901726,0.028848654173659116,-0.7708913192731562,0.7290054371193713,-0.30434243870844646,-0.6131286591339454],"T_pred":[-21.085240642754034,108.10504925766367,765.9756249196856],"rotation_error":2.5199933921786495,"translation_error":168.40090438022713,"ADD":0,"ADD_S":0}}
{"id_image":30,"data":{"GT_R":[-0.2258973930578925,-0.9593129659746688,0.16937918929257234,-0.6146051199233575,0.005450090172359846,-0.7888163103470586,0.7557991552751043,-0.28229321643099686,-0.5908295190677817],"GT_T":[-36.06044783565426,116.30837849028936,932.8624649525458],"R_pred":[-0.27904923512646107,-0.9564243910559768,0.08592967222409831,-0.5874942612234363,0.09925313126829405,-0.8031184899894708,0.7595933236968752,-0.2745927896479488,-0.5895903514038299],"T_pred":[-18.10430756527079,105.772421326298,752.0677867783568],"rotation_error":5.675628521568142,"translation_error":181.98940909536392,"ADD":0,"ADD_S":0}}
{"id_image":31,"data":{"GT_R":[-0.22389819506455927,-0.9600700236252192,0.1677339157392746,-0.6162587191066097,0.006130286710770774,-0.7875197223207836,0.7550461121239602,-0.2796920952651186,-0.5930238562218028],"GT_T":[-34.792766590988606,116.60780915527882,933.4848156554527],"R_pred":[-0.3277003733880247,-0.9334646847034237,0.14579488225890136,-0.6359203891371871,0.10380240559691545,-0.7647419952323149,0.698725785956807,-0.3433201756434236,-0.6276253126151072],"T_pred":[-20.11144455841861,105.26533774855356,751.4209366521212],"rotation_error":7.118057558969668,"translation_error":183.00669089401114,"ADD":0,"ADD_S":0}}
{"id_image":32,"data":{"GT_R":[-0.2249933246412143,-0.9600796285775133,0.16620922546387898,-0.614964513253521,0.007608005171457496,-0.7885173918595526,0.7557760488960447,-0.2796244207470172,-0.5921259519912773],"GT_T":[-34.93703807524358,117.781177731672,933.5074155751491],"R_pred":[-0.336389920359494,-0.9152148412695366,0.2218639578672263,-0.6180177597914088,0.0367831429948805,-0.7853031573690676,0.7105602508323567,-0.40128393278499863,-0.5779925044718685],"T_pred":[-21.154727045985346,106.45303076527755,737.2318490638343],"rotation_error":7.6322132775460965,"translation_error":197.08469504336716,"ADD":0,"ADD_S":0}}
{"id_image":33,"data":{"GT_R":[-0.22268581705781257,-0.9610843966009713,0.16348884636557395,-0.6127961544683912,0.007565232232626984,-0.7902050360932924,0.7582170559546528,-0.2761524798814142,-0.5906326791381884],"GT_T":[-33.2610274849623,121.42715011979924,934.426761369404],"R_pred":[-0.3025068717602015,-0.9479571641079941,0.09933180535048297,-0.5809508177607478,0.10075716532695378,-0.8076782409960017,0.7556359837123794,-0.3020351116204972,-0.5811962245811809],"T_pred":[-17.132220123411482,114.6346023855234,771.4456342839934],"rotation_error":5.9332808253426705,"translation_error":163.9180432949929,"ADD":0,"ADD_S":0}}
{"id_image":34,"data":{"GT_R":[-0.22079968463747046,-0.9617389175642627,0.16219154752265585,-0.6114774778685048,0.006948870381247845,-0.7912312572893262,0.7598312253611149,-0.2738801047728459,-0.5896163069875262],"GT_T":[-32.63668131546503,122.6376351844459,934.4488567976555],"R_pred":[-0.28867378536671906,-0.9389582564098035,0.18714924087986767,-0.6498468833349841,0.048606322959329984,-0.758509362887618,0.7031119924036686,-0.3405801199251572,-0.6242104677509892],"T_pred":[-17.736268831280437,108.80729878125122,738.9099910351073],"rotation_error":5.570255941765514,"translation_error":196.59284961800674,"ADD":0,"ADD_S":0}}
{"id_image":35,"data":{"GT_R":[-0.21735407696384462,-0.9634617346826807,0.156519425303581,-0.6103498623870693,0.009015917185752587,-0.7920802276101055,0.7617283452303079,-0.2676932844677184,-0.5900081422719313],"GT_T":[-29.5071070426015,124.13953783681023,935.297482568889],"R_pred":[-0.24769024901739756,-0.9635506304398767,0.10109264622422276,-0.6464774706750807,0.08665696852766547,-0.7579956792193117,0.7216068323202393,-0.25310225677482895,-0.6443778605478611],"T_pred":[-12.965829038476377,113.00809822636077,767.9436009185647],"rotation_error":5.32578200189856,"translation_error":168.53736834673072,"ADD":0,"ADD_S":0}}
{"id_image":36,"data":{"GT_R":[-0.2157189641625742,-0.963805832070914,0.15666453383435497,-0.6117989498541094,0.008362265912020782,-0.7909692164429836,0.7610308844044238,-0.26647352174899097,-0.5914587268640144],"GT_T":[-29.018768812224245,123.72900360045293,935.6039273944423],"R_pred":[-0.353682627457342,-0.9215561598636302,0.16013382919380337,-0.4590139851838797,0.02183339026912756,-0.8881607199572432,0.8149937180374361,-0.3876306841398846,-0.4307292563464443],"T_pred":[-16.009098384778955,116.7050067761462,748.5316427096864],"rotation_error":12.658576685524443,"translation_error":187.6556094370562,"ADD":0,"ADD_S":0}}
{"id_image":37,"data":{"GT_R":[-0.2148876869855941,-0.9635045109390475,0.15963470708554944,-0.6124770873114406,0.005632891661691776,-0.7904685761069816,0.7607205603589519,-0.2676350284733357,-0.5913339888725634],"GT_T":[-28.86495143864255,123.44396959395488,935.4261941434858],"R_pred":[-0.30098146521514635,-0.9433890373252094,0.1393817845041378,-0.5356213226578055,0.04630867900240743,-0.8431875858688591,0.7889993386000056,-0.3284396908165426,-0.5192373380113253],"T_pred":[-13.48326115825162,113.29462094509162,749.455268343846],"rotation_error":6.814849523668709,"translation_error":186.88175651104407,"ADD":0,"ADD_S":0}}
{"id_image":38,"data":{"GT_R":[-0.2098625299102221,-0.9653510036852615,0.15509867251156972,-0.6122819417470065,0.006082690665420653,-0.7906158123212754,0.762279094209245,-0.26088475589333815,-0.5923426938615156],"GT_T":[-26.8579101643331,123.58673243693849,935.5617711661325],"R_pred":[-0.29549552214106023,-0.9479649509750621,0.11851096201377614,-0.6607119592158903,0.1131851094540478,-0.7420571662257396,0.6900305089948429,-0.29757617969307243,-0.6597774730434454],"T_pred":[-12.43555296958126,111.05979749701132,759.5177471285366],"rotation_error":7.720768633070766,"translation_error":177.07746012802372,"ADD":0,"ADD_S":0}}
{"id_image":39,"data":{"GT_R":[-0.20749738259267603,-0.9663567930324797,0.15198349785874743,-0.6117880767143388,0.0069607775546367025,-0.7909909326469907,0.7633228551356759,-0.25710981570698654,-0.592649387052715],"GT_T":[-26.177869497514905,124.85657806285987,935.790907181891],"R_pred":[-0.30467454313510434,-0.9414099915677476,0.14463972670683772,-0.5826862170385427,0.06410341476477577,-0.8101651218664054,0.7534256401521837,-0.3311162635569391,-0.5680773052757555],"T_pred":[-11.690128964666343,111.64490303309222,734.2408982951072],"rotation_error":5.842532075077419,"translation_error":202.501479167689,"ADD":0,"ADD_S":0}}
{"id_image":40,"data":{"GT_R":[-0.2062778375903191,-0.9664102205136417,0.15329808878949383,-0.6115687191066425,0.005037063971510386,-0.7911747928087322,0.7638279231062343,-0.25695511672438176,-0.5920651721295179],"GT_T":[-25.794015437255034,125.9858571010014,935.5047603216739],"R_pred":[-0.22786795352054745,-0.9675869079424027,0.10886584100083002,-0.6545598392041545,0.06944856840005953,-0.7528135979432184,0.7208520046856977,-0.24280130132608974,-0.6491686340350775],"T_pred":[-10.829332615705228,115.40097627115578,764.1566479161881],"rotation_error":4.999716643265761,"translation_error":172.32572953292433,"ADD":0,"ADD_S":0}}
{"id_image":41,"data":{"GT_R":[-0.207592284095677,-0.9666174438529794,0.15018462123468404,-0.609086764320166,0.007588765043750865,-0.7930668422101309,0.7654537216787703,-0.2561102636094348,-0.5903294560616255],"GT_T":[-26.164007691572916,127.79535421777827,935.0668636892801],"R_pred":[-0.323804925699651,-0.9363724923634403,0.13548773242520007,-0.4690260403031635,0.03449868958038427,-0.8825102911211697,0.8216842116106277,-0.349308453894714,-0.45035392795834006],"T_pred":[-13.909446678836243,118.66339883140739,734.2091877608914],"rotation_error":11.069431772815875,"translation_error":201.43826065111662,"ADD":0,"ADD_S":0}}
{"id_image":42,"data":{"GT_R":[-0.2058759011792762,-0.9675014611904988,0.14681959483038273,-0.6077044176275922,0.008806795688291714,-0.794114318658143,0.7670144052177656,-0.2527119457478446,-0.5897677661669468],"GT_T":[-26.859588380440805,130.15226431203405,934.7026972904418],"R_pred":[-0.28658376607960667,-0.9435002440113047,0.16636416251776692,-0.5166359074911375,0.005957658100682273,-0.8561844692592621,0.8068191148643158,-0.3313182697355582,-0.48915347287839817],"T_pred":[-13.864651725662382,122.60572806908225,749.8044574947421],"rotation_error":7.853004459506242,"translation_error":185.5078911191542,"ADD":0,"ADD_S":0}}
{"id_image":43,"data":{"GT_R":[-0.20750015829525803,-0.966471714156713,0.15124714861122723,-0.6052924433284191,0.005388655454565762,-0.7959847252661069,0.7684828617545536,-0.25671599805742296,-0.5861154902802261],"GT_T":[-27.59465060927091,131.94122862736864,933.5185936988624],"R_pred":[-0.2817277346475757,-0.9420897940743207,0.18192389461351355,-0.5885309274215909,0.01992303010689045,-0.8082291880027851,0.7577999940608516,-0.33476841662911305,-0.5600618503603058],"T_pred":[-15.207758158176322,121.21502115969845,739.337195285929],"rotation_error":4.892287557271487,"translation_error":194.8715015615081,"ADD":0,"ADD_S":0}}
{"id_image":44,"data":{"GT_R":[-0.20702658390130863,-0.9663945104319163,0.1523886176588234,-0.602728501337936,0.003294325199462892,-0.7979394719413531,0.7706223895473875,-0.2570433014574023,-0.5831550021376477],"GT_T":[-29.106077547401185,136.24509176507246,933.1348347021151],"R_pred":[-0.3055305828029138,-0.9438225004262468,0.12589738147101842,-0.45931053161245633,0.030267090062287783,-0.8877599556237283,0.8340772737114917,-0.32906380984287603,-0.4427551360850565],"T_pred":[-15.922922571886545,131.57468649503002,752.7497556985008],"rotation_error":10.67332284958745,"translation_error":180.92646292799466,"ADD":0,"ADD_S":0}}
{"id_image":45,"data":{"GT_R":[-0.2068645225171989,-0.9665130252731118,0.15185205258305323,-0.5992734170636358,0.002487596455128018,-0.8005407576690609,0.773356057120944,-0.2566043589607855,-0.5797193565324458],"GT_T":[-29.74857480412013,140.61605495947134,932.6841728737404],"R_pred":[-0.30488024498106625,-0.9423133734600595,0.13817938492628845,-0.5586516288488259,0.059439048597850874,-0.8272698212109132,0.7713341648111011,-0.3294123642186263,-0.5445466926674484],"T_pred":[-15.160829621120708,127.40148331570892,734.6217773577225],"rotation_error":6.084077104047484,"translation_error":199.0380358896152,"ADD":0,"ADD_S":0}}
{"id_image":46,"data":{"GT_R":[-0.2056892497633946,-0.9667022911410712,0.1522439315028618,-0.5971073371461686,0.0007186101514570383,-0.8021608110299734,0.7753421935880258,-0.25590125860928603,-0.5773725839170759],"GT_T":[-29.77602670896574,144.07177206482487,932.4759149576928],"R_pred":[-0.2953820204050924,-0.9484580373680545,0.11479030173905697,-0.6134456377213182,0.0961787000979909,-0.7838584739658975,0.7324164877868948,-0.3019553096062376,-0.6102369043400362],"T_pred":[-14.240536360312369,130.41736453670217,750.9412487923755],"rotation_error":6.349812724224705,"translation_error":182.7091385921086,"ADD":0,"ADD_S":0}}
{"id_image":47,"data":{"GT_R":[-0.204091935991446,-0.9670418098061226,0.152242179052075,-0.594860846140002,-0.0010031503979982955,-0.8038278850996776,0.7774883238360394,-0.2546169404185526,-0.5750497192463093],"GT_T":[-28.744617833494093,146.97336154992354,932.193536912073],"R_pred":[-0.3166294700575084,-0.9427958154543804,0.10431600573646876,-0.6066275457705145,0.11672209372807496,-0.7863707608680375,0.7292110801431526,-0.31226911982686323,-0.6088835663729253],"T_pred":[-12.923886710286604,128.88557988385912,736.6353263809834],"rotation_error":7.762087540622143,"translation_error":197.02912750401651,"ADD":0,"ADD_S":0}}
{"id_image":48,"data":{"GT_R":[-0.19068530604890935,-0.9708486665648087,0.1452323782979528,-0.5905694870679626,-0.004722879523771775,-0.8069728130975882,0.78413501370789,-0.23964805058011202,-0.5724527327849851],"GT_T":[-22.515464319189586,152.01394143154764,932.8981852655324],"R_pred":[-0.20441248382503174,-0.9649147150554379,0.16478813405692977,-0.5965062291796212,-0.010690370387215542,-0.8025372480644708,0.7761416462259907,-0.26234578069880926,-0.5733923929937872],"T_pred":[-5.744428035331664,147.3621598148918,815.2304100292637],"rotation_error":1.4468679550410264,"translation_error":118.94793844071701,"ADD":0,"ADD_S":0}}
{"id_image":49,"data":{"GT_R":[-0.18688496202794197,-0.9717500062723391,0.14414014590056215,-0.5916986868307346,-0.005780371442798191,-0.8061380478742283,0.784198001046554,-0.23594214198881974,-0.5739027521722427],"GT_T":[-20.82075267586051,152.30539125424892,933.2719413741006],"R_pred":[-0.29963160176793857,-0.9306648083507889,0.20996170536402248,-0.56121920307345,-0.006033098830983685,-0.8276452185689815,0.771526998441131,-0.3658232034957387,-0.5204992550047831],"T_pred":[-9.827819553130162,132.90422067602177,730.0246947328188],"rotation_error":8.110239981040634,"translation_error":204.46685126373984,"ADD":0,"ADD_S":0}}
{"id_image":50,"data":{"GT_R":[-0.1836642394341438,-0.9715835860944575,0.14930632861452486,-0.5897624019631018,-0.012601057515301141,-0.8074781832721688,0.7864151073296759,-0.23635979842828944,-0.5706886512413841],"GT_T":[-21.02453733192748,151.82031780648316,932.0997909571244],"R_pred":[-0.12242747241449348,-0.9915504426597639,0.04288628754537516,-0.594569582963286,0.03867589175873187,-0.8031134330911984,0.7946688146725417,-0.12382202977617901,-0.5942807248506757],"T_pred":[-6.387242446404502,140.55255836462106,773.1573562601743],"rotation_error":7.1879084834655185,"translation_error":160.0122193827698,"ADD":0,"ADD_S":0}}
{"id_image":51,"data":{"GT_R":[-0.18230683892097183,-0.9710599019273966,0.15429695950591207,-0.5876864993517226,-0.018196071663356468,-0.8088844661781839,0.7882826946689369,-0.23814403510293233,-0.567360740141417],"GT_T":[-23.828992164954954,152.41777138581796,930.8493169454258],"R_pred":[-0.23189396110517035,-0.9711044602188671,0.05640317496361641,-0.5216248537737339,0.07520011665156556,-0.8498543724551408,0.821055846290911,-0.2264973946839421,-0.52399067498659],"T_pred":[-11.948822997648591,141.81782742700176,771.7031738366827],"rotation_error":7.009540757033947,"translation_error":159.94058927540064,"ADD":0,"ADD_S":0}}
{"id_image":52,"data":{"GT_R":[-0.16967997945772625,-0.970197113805411,0.17299417597091904,-0.5900307405079211,-0.040589104902376966,-0.8063600503364525,0.7893495002566256,-0.2388947593878125,-0.5655591118215667],"GT_T":[-34.67658242423544,144.99574606423204,926.113451308591],"R_pred":[-0.2739609705378606,-0.9447456241658139,0.18000303397859807,-0.5264103527585808,-0.009334765939786105,-0.8501793943947571,0.80488354880103,-0.32767143263396675,-0.49476651574764424],"T_pred":[-20.82942471857252,130.06874569602138,754.4338384893942],"rotation_error":7.212275617887132,"translation_error":172.8827596212745,"ADD":0,"ADD_S":0}}
{"id_image":53,"data":{"GT_R":[-0.1653014547032804,-0.9713459668507015,0.1707699578736856,-0.5919111948150172,-0.04079000111394675,-0.8049700362731954,0.7888703985343163,-0.2341428966229203,-0.56820776849153],"GT_T":[-34.09034462146131,142.01488024587937,925.9893632777034],"R_pred":[-0.21823016036757958,-0.9703914092298156,0.10351864565822488,-0.4523233553411543,0.006584554347776939,-0.891829706758505,0.8647422617860541,-0.24144804107098033,-0.4403676465683256],"T_pred":[-16.328135487953265,129.85355108860995,754.8088719622266],"rotation_error":9.832309545033993,"translation_error":172.52870661771615,"ADD":0,"ADD_S":0}}
{"id_image":54,"data":{"GT_R":[-0.16383339096294833,-0.9715256106466932,0.17116453111047217,-0.5935386272694536,-0.041512186454816975,-0.8037337714722778,0.7879537052692029,-0.2332713300347783,-0.5698361965231993],"GT_T":[-31.93329611152681,137.99263176039452,925.6414864075197],"R_pred":[-0.1927729518166803,-0.978955009218722,0.06697521163427289,-0.5462928709922747,0.05037410583171731,-0.8360780756392747,0.8151090038460511,-0.19776131923919488,-0.5445069076346705],"T_pred":[-13.402971840763248,121.11539782480803,752.3150913786609],"rotation_error":6.550042751894086,"translation_error":175.12924700516518,"ADD":0,"ADD_S":0}}
{"id_image":55,"data":{"GT_R":[-0.15789905431641849,-0.9720708262356382,0.17362478598792744,-0.59675424221191,-0.046151244974049335,-0.8010958068196212,0.786735344072915,-0.23010415051710953,-0.5728000414137946],"GT_T":[-30.020980420197926,133.07313240053705,925.5662900258849],"R_pred":[-0.2930438875262511,-0.934238790375971,0.20328099404603456,-0.5858778367654978,0.007445719506786408,-0.810365177958682,0.7555610103562003,-0.35657039111214517,-0.5495317241175885],"T_pred":[-17.598262662581885,114.45374579662057,732.4006782973619],"rotation_error":8.226459176525752,"translation_error":194.4581163861411,"ADD":0,"ADD_S":0}}
{"id_image":56,"data":{"GT_R":[-0.15028907256588425,-0.9731642450621311,0.17425331452296156,-0.5992050326590731,-0.05053057408598981,-0.798999583063402,0.7863631894590033,-0.22449510819745025,-0.5755303709667964],"GT_T":[-28.76932293812953,129.5644629350993,925.4412157473655],"R_pred":[-0.2957578640727432,-0.9450970326683482,0.13899239072917635,-0.5627410184895133,0.054800832321241444,-0.8248147761081177,0.771913098702512,-0.3221621759586039,-0.548052643851942],"T_pred":[-17.0141426474684,117.48711305742503,758.4003586828783],"rotation_error":8.771762806037692,"translation_error":167.88893522972904,"ADD":0,"ADD_S":0}}
{"id_image":57,"data":{"GT_R":[-0.146516342426683,-0.9735507849713676,0.1753053229373615,-0.6009798253166508,-0.05315713314402324,-0.7974945425948472,0.7857205384865681,-0.2222016112841732,-0.57729524941809],"GT_T":[-28.910125025245968,127.93805726936985,925.2742190641428],"R_pred":[-0.22084136235453733,-0.9612194226640287,0.16518569601155852,-0.5853077554551813,-0.004860333473678646,-0.8107966505619904,0.7801563459188225,-0.275741905868433,-0.5615358201135834],"T_pred":[-15.04907468816376,116.77953891078815,760.277650382287],"rotation_error":4.379504708466541,"translation_error":165.95333357661815,"ADD":0,"ADD_S":0}}
{"id_image":58,"data":{"GT_R":[-0.14428996994995633,-0.9741275767886669,0.17394020915315694,-0.6013316313164135,-0.053280791818544886,-0.7972212684689131,0.7858632379641878,-0.21962689794199677,-0.578086162171311],"GT_T":[-26.479778187001184,124.2530833905589,924.0794808191663],"R_pred":[-0.22568529456601827,-0.9565714902765086,0.184491549418474,-0.5939636306218772,-0.014998671878767245,-0.8043520655411729,0.7721873822558407,-0.29111170335809716,-0.5647836956329559],"T_pred":[-11.431176074262963,112.57186087613064,752.8218083597783],"rotation_error":4.810368333909186,"translation_error":172.31396275747974,"ADD":0,"ADD_S":0}}
{"id_image":59,"data":{"GT_R":[-0.1392539624202647,-0.9753171636415987,0.171359488593811,-0.6032764218559287,-0.05367136924363825,-0.7957240854742373,0.7852818118330824,-0.2141846261910381,-0.5809109589083237],"GT_T":[-23.974389877360874,122.55268628774544,924.4989524743572],"R_pred":[-0.20447024001371383,-0.961873714488853,0.18163391292418685,-0.6134787757673308,-0.018671977783705773,-0.7894904362490165,0.7627815628551543,-0.27285584952692826,-0.5862712450284312],"T_pred":[-10.33839946672037,112.00229312772507,758.8569600161151],"rotation_error":4.028962844982084,"translation_error":166.536844859768,"ADD":0,"ADD_S":0}}
{"id_image":60,"data":{"GT_R":[-0.13842176821223584,-0.9755471570854595,0.17072836716540352,-0.6036913360774329,-0.05354626492116729,-0.7954180472417397,0.7851095677747404,-0.21317045464047793,-0.5815158544638527],"GT_T":[-22.711334590654467,121.41928879292281,924.1768719074591],"R_pred":[-0.2301603894741071,-0.9656636884551606,0.12049828179813038,-0.5564262000296318,0.02900245367032095,-0.830390716230429,0.7983834160587953,-0.2581714517143118,-0.5439957927061692],"T_pred":[-10.20369362183303,110.3291175008229,740.6607882399235],"rotation_error":6.39847365590544,"translation_error":184.27584200475928,"ADD":0,"ADD_S":0}}
{"id_image":61,"data":{"GT_R":[-0.13580463613794966,-0.9762797316492939,0.16862953272634057,-0.6007324765384854,-0.05420431677887665,-0.7976096918888919,0.787831306006013,-0.209621097272492,-0.5791210323806],"GT_T":[-25.470869116598298,122.82848888503793,922.9065120008023],"R_pred":[-0.18889939767488517,-0.9676108182541179,0.16747036142452748,-0.6327400196349127,-0.01048662155566149,-0.7742932896007547,0.750970761821308,-0.25222873580530936,-0.6102651716455558],"T_pred":[-12.07638661946258,109.68019531473583,732.8454678131488],"rotation_error":4.15611517685676,"translation_error":190.9855761644792,"ADD":0,"ADD_S":0}}
{"id_image":62,"data":{"GT_R":[-0.13635796381964718,-0.9765075877510245,0.1668504764127685,-0.600241287477918,-0.05254916183222119,-0.7980904393549264,0.7881103728252062,-0.20897612741008403,-0.5789738881829698],"GT_T":[-26.317377534306562,124.3660315711042,922.8803258113555],"R_pred":[-0.1936287460028131,-0.9685163202799798,0.15647378717442006,-0.6366925224708018,0.002708265538939658,-0.7711130248721898,0.7464117768036259,-0.24893533828907893,-0.6171714970733468],"T_pred":[-12.683405257387836,111.85357622891593,740.4561258537605],"rotation_error":4.683660665973458,"translation_error":183.36039776600256,"ADD":0,"ADD_S":0}}
{"id_image":63,"data":{"GT_R":[-0.13596448666048455,-0.9768204049069634,0.16533454911873308,-0.5977089327378778,-0.05221252656946858,-0.8000113026476312,0.7901000615792994,-0.20759524218587627,-0.5767547914843318],"GT_T":[-26.843555843383072,124.96489931033773,922.3922294626717],"R_pred":[-0.20606438283033324,-0.9682597564898592,0.14145852427815092,-0.6053478691076932,0.012557763060680904,-0.7958619603635334,0.7688247053103383,-0.2496304199193481,-0.5887216880286994],"T_pred":[-13.624347646614018,112.70491503080098,737.761849312759],"rotation_error":4.4743870095431575,"translation_error":185.50857649765229,"ADD":0,"ADD_S":0}}
{"id_image":64,"data":{"GT_R":[-0.1359225725006674,-0.9774618834612602,0.1615318763099689,-0.5967385659134302,-0.049376207173814614,-0.8009149230295795,0.7908406091029643,-0.20525492268712361,-0.5765771444069643],"GT_T":[-28.80198730874798,125.69302848478102,922.6420055300404],"R_pred":[-0.24190230468004525,-0.9525365584828637,0.1848171521913064,-0.5485887916576434,-0.02284595528102662,-0.8357801146204089,0.8003334384230669,-0.3035657541306649,-0.5170243903927468],"T_pred":[-16.20058823683759,109.99047748801496,715.3089328558718],"rotation_error":7.014179813675786,"translation_error":208.30834930671318,"ADD":0,"ADD_S":0}}
