{"id_image":1,"data":{"Best_template_id":173,"GT_R":[-0.888800154374123,0.45524946687574985,-0.05275501966907288,0.15161264602174085,0.18344755196788856,-0.9712669209190921,-0.4324911950904046,-0.8712604167821704,-0.2320697374100931],"GT_T":[19.826959191155,56.52491050704691,810.7227026810766],"R_pred":[-0.8390841383187216,0.543566465856895,-0.021755597389482295,0.13237168482387146,0.1652208576842633,-0.9773330063202439,-0.5276509697506658,-0.8229444485394632,-0.2105870099015149],"T_pred":[16.511802325852802,48.34791480468853,613.1168483824091],"rotation_error":6.256445654861593,"translation_error":197.80274815296212,"ADD":0,"ADD_S":0}}
{"id_image":36,"data":{"Best_template_id":173,"GT_R":[-0.885654032823929,0.46297766711836735,-0.03563597970836668,0.13642613789028796,0.18608279820967355,-0.9730156842215326,-0.4438532397201184,-0.8666167711437901,-0.22796686931874305],"GT_T":[3.517734961917874,53.76740226064,803.2989808314162],"R_pred":[-0.8508550552302659,0.5222002826985696,-0.057901120357340186,0.1552691758059892,0.14463616671824597,-0.977226617689869,-0.5019334199210389,-0.840468467003127,-0.20414602112160796],"T_pred":[5.32483415044678,47.42775255967522,630.9442219786778],"rotation_error":4.426279404962957,"translation_error":172.48078056697722,"ADD":0,"ADD_S":0}}
{"id_image":47,"data":{"Best_template_id":173,"GT_R":[-0.894520458378818,0.4455202651911757,-0.03668433387925216,0.13243670002639793,0.18573890794853912,-0.9736329537290823,-0.42695875163671215,-0.8757921280786526,-0.22515068766577487],"GT_T":[25.357235475837868,52.66179328072182,809.873745451658],"R_pred":[-0.8477868229381031,0.5294423216231804,-0.03079498216875784,0.1320083181993318,0.15443072103383926,-0.9791450129205338,-0.5136451175458608,-0.8341714335046634,-0.20081512081034503],"T_pred":[21.800621758638744,46.61962837838822,628.3476486599418],"rotation_error":5.748082696463207,"translation_error":181.66144630679312,"ADD":0,"ADD_S":0}}
{"id_image":112,"data":{"Best_template_id":173,"GT_R":[-0.9164409834258465,0.3975651734102653,-0.045588733607644205,0.12901204313969786,0.1856895576876478,-0.9741022379218828,-0.3788031962736472,-0.8985881514318583,-0.22146426682502685],"GT_T":[53.92454489616582,50.30051928831908,820.916944720947],"R_pred":[-0.8646664172175835,0.50187680922182,-0.021717626514712207,0.13535736040709742,0.19113332296556396,-0.9721864213389138,-0.4837668569876721,-0.8435565904060414,-0.23319928572532778],"T_pred":[43.701984741404885,44.34583534107266,644.2965023214318],"rotation_error":6.830320836521952,"translation_error":177.01621301572843,"ADD":0,"ADD_S":0}}
{"id_image":1024,"data":{"Best_template_id":173,"GT_R":[-0.9818049404650917,-0.1895412287960604,-0.011535627356135513,-0.03769862638683262,0.25409208731971417,-0.9664445035770324,0.18611318695445572,-0.9484256537221011,-0.2566141917897591],"GT_T":[67.01964196225809,72.7948380863339,934.7868376282179],"R_pred":[-0.9120927101294551,0.38273955007332194,0.1469602835407472,0.03856092352536497,0.4369505552745129,-0.8986585933613312,-0.4081665631890695,-0.81399302764518,-0.4132982066734101],"T_pred":[70.69231450208711,79.69733238677837,978.4044314537691],"rotation_error":36.801209886519,"translation_error":44.312836089368595,"ADD":0,"ADD_S":0}}
{"id_image":1027,"data":{"Best_template_id":173,"GT_R":[-0.9791725627289203,-0.20273762671433873,-0.010923135997289196,-0.0410220439845687,0.2502411897729927,-0.9673135255248978,0.19884576291409187,-0.9467190984057884,-0.2533455910721295],"GT_T":[77.26279404150836,78.21354304065359,931.9933078713171],"R_pred":[-0.9163979584523021,0.3844809005156923,0.111306868085914,-0.04715243474954156,0.17244871651718674,-0.9838892661619828,-0.3974813576026465,-0.9068825046885717,-0.13990244118005857],"T_pred":[38.965908956854264,52.314386872741025,509.16170053526037],"rotation_error":35.41591092152865,"translation_error":425.3516026298601,"ADD":0,"ADD_S":0}}
{"id_image":1059,"data":{"Best_template_id":173,"GT_R":[-0.9742128751147976,-0.22526372153623223,0.012885668716460606,-0.07208852214553628,0.25663206687277745,-0.9638163225739518,0.21380719264399567,-0.9398914255637064,-0.26625313092092107],"GT_T":[82.90533755190265,63.01687304404585,936.714193434043],"R_pred":[-0.9994505750435626,-0.024047723611337342,-0.02280909981136072,0.021661878375289108,0.04693294050525687,-0.998663137459666,0.02508607323488611,-0.998608534954835,-0.046386235512393514],"T_pred":[63.24634003813968,53.59519577498607,578.4238439887292],"rotation_error":17.435549390390435,"translation_error":358.95294774030407,"ADD":0,"ADD_S":0}}
{"id_image":1074,"data":{"Best_template_id":173,"GT_R":[-0.9802336651181838,-0.1975496812437919,0.010757454131869067,-0.057788460402474505,0.23389250508486825,-0.9705429117892568,0.189215200515514,-0.9519811911331966,-0.24068519550902137],"GT_T":[64.47134608951643,89.87639123754575,954.2760662179987],"R_pred":[-0.9818881016665951,-0.18350229694979486,-0.04714512508965865,0.05311131784847055,-0.027732323436439943,-0.9982034392613641,0.1818651800702075,-0.9826280197770498,0.03697608723303547],"T_pred":[55.38755942341275,68.50782608671571,568.7270131003265],"rotation_error":16.420827792143413,"translation_error":386.2475930238714,"ADD":0,"ADD_S":0}}
{"id_image":1083,"data":{"Best_template_id":173,"GT_R":[-0.9741413608452151,-0.22516940274450653,0.018662943850309588,-0.07376002484353994,0.23885155818007528,-0.9682504360043166,0.2135630539354643,-0.9445890071587865,-0.24928370568429162],"GT_T":[69.84474697787208,84.65782339621131,959.2746440907174],"R_pred":[-0.8676409080692624,0.49710971076819954,-0.009010555182818791,0.13268685169220562,0.21404610417336267,-0.9677698407556501,-0.47915911139490636,-0.8408722856344848,-0.25167507866111993],"T_pred":[52.164360994924365,66.11485023665645,629.1851894036844],"rotation_error":42.85430180471925,"translation_error":331.082294902166,"ADD":0,"ADD_S":0}}
{"id_image":1090,"data":{"Best_template_id":173,"GT_R":[-0.9742853645050693,-0.22463357888736457,0.017551962951286117,-0.0714506886541465,0.23413761725540178,-0.9695745268086527,0.21369030185597893,-0.9458961510474997,-0.2441670226871707],"GT_T":[63.65664604784015,89.08351029423412,968.9636507385985],"R_pred":[-0.9363608535650503,0.21463961341135082,0.277773627735889,0.3504310782716923,0.5249906632743373,0.7756177298489964,0.02064972862459491,0.8235985914445201,-0.5667970967447992],"T_pred":[51.512413918829786,46.28389235137704,775.4910287822333],"rotation_error":135.29302666626407,"translation_error":198.5219008490711,"ADD":0,"ADD_S":0}}
{"id_image":1094,"data":{"Best_template_id":173,"GT_R":[-0.9778685164522464,-0.20878963852143215,0.013433727611354786,-0.06314900355873282,0.2333244140980155,-0.9703459733513929,0.1994651748742735,-0.9497190886595013,-0.24134520518682603],"GT_T":[54.774460931290136,88.1408591545464,974.2960585100208],"R_pred":[-0.7872747265508757,0.33456925779352253,0.5179400705426598,-0.18948637421715575,0.6680691721532764,-0.7195682700095054,-0.5867652161812933,-0.6646404990353265,-0.4625576592402209],"T_pred":[42.171398749682545,113.00644577862424,1112.6361678517694],"rotation_error":53.171417438332135,"translation_error":141.1209425535415,"ADD":0,"ADD_S":0}}
{"id_image":1097,"data":{"Best_template_id":173,"GT_R":[-0.9754834758678902,-0.22005403063259754,0.0030251684192529283,-0.05547909688502124,0.23258406172967805,-0.9709921462455957,0.21296863490810183,-0.9473548223980344,-0.23908967953691962],"GT_T":[57.36982964423899,85.00638741578753,974.7055099861964],"R_pred":[-0.997926870093388,0.0617970488123203,-0.017974612755274066,0.018509818322049162,0.008099114643498329,-0.999795874650259,-0.06163885601874107,-0.9980558747385234,-0.009226176273068432],"T_pred":[44.845930731764525,66.80691826913939,586.1087251190446],"rotation_error":21.088571058560678,"translation_error":389.2242668825739,"ADD":0,"ADD_S":0}}
{"id_image":1107,"data":{"Best_template_id":173,"GT_R":[-0.9693420398878956,-0.24554585434148968,0.009122368494162926,-0.0700562105185003,0.24059393502598334,-0.9680942847361479,0.235517682835939,-0.9390541849657124,-0.25041902214166534],"GT_T":[63.80904753907481,76.40668658524355,978.3887793393246],"R_pred":[-0.9715241669811914,0.10509487102527239,0.2123578608285636,-0.16544531870574353,0.3406856992923417,-0.9255058621186808,-0.16961320552910134,-0.9342849256955122,-0.3135969357762822],"T_pred":[59.95141130248298,93.04514206984238,934.5511022411482],"rotation_error":24.26332266634836,"translation_error":47.047438735927216,"ADD":0,"ADD_S":0}}
{"id_image":1119,"data":{"Best_template_id":173,"GT_R":[-0.9618062850016059,-0.2726982047398282,0.023757309460153975,-0.08987054417146169,0.23260554925386645,-0.9684100757904115,0.25855774436767137,-0.9335580404949213,-0.2482293025563678],"GT_T":[78.77799114337932,79.93817155204952,988.5737252875092],"R_pred":[-0.9877096780973643,-0.15616384159673524,0.0065150879158218655,0.003043383666179303,-0.06089084321180127,-0.9981397913262533,0.15627005346086478,-0.9858525040748771,0.06061774163256872],"T_pred":[62.503116950724014,64.09233962205917,566.1063218092515],"rotation_error":19.037937810946573,"translation_error":423.077615717496,"ADD":0,"ADD_S":0}}
{"id_image":1120,"data":{"Best_template_id":173,"GT_R":[-0.960295204602849,-0.2781631556603874,0.021409497866618207,-0.08848249095916196,0.23088718788077672,-0.968948428664241,0.26458384365117305,-0.9323712148046251,-0.2463323671141155],"GT_T":[78.78885224913603,79.83497961064093,989.562444688434],"R_pred":[-0.9707280407481247,0.13406412632647086,0.1992834186218891,-0.16467177307832603,0.23251438766440724,-0.9585511288816505,-0.17484358168530903,-0.9633088131857647,-0.203631658594843],"T_pred":[65.21805559696949,86.96443129195856,832.2028362680013],"rotation_error":25.95580693313995,"translation_error":158.10452860459944,"ADD":0,"ADD_S":0}}
{"id_image":1122,"data":{"Best_template_id":173,"GT_R":[-0.95971993963114,-0.2801122525796626,0.02180476593838132,-0.08989524897977881,0.23261382247251927,-0.9684059216581672,0.26619154755220337,-0.9313581493345287,-0.24842427515671672],"GT_T":[79.25717610280033,79.68358952847345,992.2633461179165],"R_pred":[-0.9787005953894506,0.056952834198803745,0.19723468067522598,-0.15672045752866925,0.4132993590040489,-0.8970074347734509,-0.13260408280418579,-0.9088124198774827,-0.39557065449815],"T_pred":[81.0998051928306,102.98865629227491,1036.6221732550705],"rotation_error":24.774923370235122,"translation_error":50.14206780551215,"ADD":0,"ADD_S":0}}
{"id_image":1124,"data":{"Best_template_id":173,"GT_R":[-0.95864868553904,-0.28419919152902584,0.014961525343818022,-0.08413120639250121,0.23277994330891366,-0.9688835046277107,0.27187422985242743,-0.9300773828360586,-0.24706347182009147],"GT_T":[78.38633650570083,76.96918394745919,995.6063570868383],"R_pred":[-0.9848996609767371,0.10675130092482783,0.13629679951768942,-0.0861543751588842,0.38064852519899894,-0.920697628923204,-0.1501668453717085,-0.9185373481871514,-0.3657035117912124],"T_pred":[72.83084348241324,89.87615865215395,953.7201271829738],"rotation_error":25.336918013343517,"translation_error":44.180422749435344,"ADD":0,"ADD_S":0}}
{"id_image":1132,"data":{"Best_template_id":173,"GT_R":[-0.9574971881596861,-0.2884400521685605,0.0007734174040445259,-0.06954431335437296,0.2282519381203134,-0.9711146478560567,0.27993323067113746,-0.9298947963179368,-0.23860979503462673],"GT_T":[76.1380372220443,83.52155153448325,1006.8326754770252],"R_pred":[-0.6902004599365069,0.3224257890608007,0.6478155105058494,-0.449323100767329,0.5107842987152038,-0.7329448487456954,-0.5672143124254421,-0.7969573456180309,-0.20767020259342805],"T_pred":[58.12581669439308,110.96426053430089,1054.1328659638807],"rotation_error":58.00025872798946,"translation_error":57.5747373913093,"ADD":0,"ADD_S":0}}
{"id_image":1133,"data":{"Best_template_id":173,"GT_R":[-0.9606022371265914,-0.2778965395101111,-0.004195975570144569,-0.06186372764641281,0.2285130346185267,-0.9715728668248448,0.2709558217810372,-0.9330359467963639,-0.23670129651066701],"GT_T":[75.47246394067442,83.47032337514183,1007.8419157935039],"R_pred":[-0.52338755054253,0.4905811490237594,0.6967033860687193,-0.20966217564376644,0.7183541016007212,-0.6633318602462444,-0.8258978411652456,-0.49325198523264824,-0.2731212826248411],"T_pred":[54.0932651208018,115.64897364050198,1202.4357115350476],"rotation_error":75.93041490157894,"translation_error":198.39173625980914,"ADD":0,"ADD_S":0}}
{"id_image":1137,"data":{"Best_template_id":173,"GT_R":[-0.9564387014144601,-0.29186756452237717,-0.006227928069800531,-0.06191541572677453,0.22364945261344318,-0.9727010258371745,0.285293717978196,-0.9299430087146915,-0.23197831240592884],"GT_T":[69.11659541050219,85.94162813110124,1012.3519076941662],"R_pred":[-0.7684690054312251,0.25170262725143133,0.5883036419454419,-0.18203441372492268,0.7954071957642639,-0.5780924365067008,-0.6134483351606452,-0.5513376282833935,-0.5654272364570665],"T_pred":[60.89412728442388,111.65116571118375,1156.942171156465],"rotation_error":63.953322608191876,"translation_error":147.0881830493634,"ADD":0,"ADD_S":0}}
{"id_image":1540,"data":{"Best_template_id":173,"GT_R":[-0.8972557366174281,-0.4336854493797329,0.08275911415791282,-0.17749433541855789,0.18268563603011304,-0.9670168708620294,0.4042633706736966,-0.8823512216606182,-0.24089197534316034],"GT_T":[56.477379017232025,94.48642659576377,964.6284413050266],"R_pred":[-0.9033239900542726,0.4270383312745766,0.040546672053984656,0.07367486554969005,0.24757252523740259,-0.9660641070518098,-0.4225846461700466,-0.869681613218194,-0.2551001929664809],"T_pred":[51.808966889462695,85.93410149315072,771.4270777234279],"rotation_error":51.207630886610374,"translation_error":193.44690027561717,"ADD":0,"ADD_S":0}}
{"id_image":1571,"data":{"Best_template_id":173,"GT_R":[-0.9007356320272116,-0.41994362030516635,0.1110102377265601,-0.19106716902779916,0.15353728480429712,-0.9694946081854944,0.39008974753400444,-0.8944686277136593,-0.21853360255522916],"GT_T":[46.52586141831578,119.08475917290421,970.0370619779434],"R_pred":[-0.680081037329132,0.6781426484142195,-0.2785898976400256,0.275482980388514,0.5885274554402637,0.7600951004376162,0.6794107080268851,0.4401794890663995,-0.5870631203061986],"T_pred":[48.470658302473616,107.58073982081575,1150.7887055947883],"rotation_error":134.5362314323404,"translation_error":181.12780395721907,"ADD":0,"ADD_S":0}}
{"id_image":1572,"data":{"Best_template_id":173,"GT_R":[-0.8949024364311278,-0.43318471256614943,0.10723493756262076,-0.1906232749957176,0.15379190829603162,-0.9695411925873816,0.40349985045768694,-0.8880871875187087,-0.2202035118276967],"GT_T":[47.2696119110062,117.30181346530136,970.3190952695335],"R_pred":[-0.9308392359185023,0.24632982566856546,0.26992579324835353,-0.16989314463182667,0.3622551647527267,-0.9164646829076853,-0.32353459827624,-0.8989398270162855,-0.29535157206651697],"T_pred":[47.59958527377877,132.2933837521342,952.147891122667],"rotation_error":42.91516262455357,"translation_error":23.55947202787627,"ADD":0,"ADD_S":0}}
{"id_image":1577,"data":{"Best_template_id":173,"GT_R":[-0.8896372270293401,-0.44311976572968204,0.11041325545206954,-0.1907976240938362,0.14099890394600167,-0.9714498452019364,0.41490153885299963,-0.8853049882664829,-0.2099841404447788],"GT_T":[52.43449106997589,127.91059589488344,971.1851339116731],"R_pred":[-0.844030013289638,0.4072030313820183,0.3489971746298076,-0.27964557511852994,0.2211114053655967,-0.9342955093191219,-0.4576152193523726,-0.8861689667611621,-0.07275213650838197],"T_pred":[32.6153803167227,85.77234759861443,489.95988313102265],"rotation_error":52.732669147597036,"translation_error":483.47303038476474,"ADD":0,"ADD_S":0}}
{"id_image":1580,"data":{"Best_template_id":173,"GT_R":[-0.8891172404118828,-0.4453597903905,0.10547376411428289,-0.1866622729792304,0.14244543841346877,-0.9720419805337797,0.4178853079117346,-0.8839477450553777,-0.2097823443877773],"GT_T":[52.07685058495222,127.21156782928459,971.570469141626],"R_pred":[-0.7308606677133551,0.5681773932126137,0.3781760624784539,0.08085723024300626,0.6222578000296107,-0.7786252876831949,-0.6777202909069627,-0.5384883286984292,-0.5007250015213482],"T_pred":[52.59269058203953,213.9085998009836,1649.683835372564],"rotation_error":73.59364184691178,"translation_error":683.6332195736679,"ADD":0,"ADD_S":0}}
{"id_image":1583,"data":{"Best_template_id":173,"GT_R":[-0.8892513256109997,-0.446608597494948,0.09885944780786636,-0.179025426423214,0.14092662946436493,-0.9736987044756429,0.4209311625542412,-0.8835610387007481,-0.20527320463876242],"GT_T":[53.696729871324635,128.85183876498758,970.94339300902],"R_pred":[-0.5451052207588085,0.6561264991017582,-0.5218795986412584,0.33985916394809523,0.7419930691608072,0.5778771789903347,0.7663915754899661,0.13763830314921838,-0.6274548991953218],"T_pred":[83.05402937111366,247.33234347623687,2102.1876123372717],"rotation_error":121.63654459484854,"translation_error":1137.8106014597238,"ADD":0,"ADD_S":0}}
{"id_image":1586,"data":{"Best_template_id":173,"GT_R":[-0.895340607386794,-0.4334652636437975,0.10234097398483744,-0.17947528370286533,0.1408397479933116,-0.9736284835819073,0.40762142411912816,-0.8900968178147413,-0.20389534592203318],"GT_T":[55.82939519062262,128.626429030124,970.0008436281825],"R_pred":[-0.7096018801763262,0.7041896544954329,0.024126793235438704,0.44474283413189664,0.47419419329463597,-0.7598313487439019,-0.5465061602018324,-0.5284475352835434,-0.6496723938372302],"T_pred":[56.49701400309208,156.29326386981268,1281.621770096524],"rotation_error":77.30893041820158,"translation_error":312.8474089359106,"ADD":0,"ADD_S":0}}
{"id_image":1608,"data":{"Best_template_id":173,"GT_R":[-0.8846769123638156,-0.4555115880308759,0.09927522767300054,-0.17827985877383767,0.13378854681428526,-0.9748419424419824,0.43077074334879906,-0.8801188490070562,-0.19956822169509947],"GT_T":[61.682525296884904,129.4776440814081,972.7916910634101],"R_pred":[-0.8938610905706563,0.41747205914478047,0.1634913777459041,-0.10430486986413409,0.1610176255674547,-0.9814243824051065,-0.43604225126295165,-0.8943100156489558,-0.10038302158981449],"T_pred":[45.14586569915382,90.39600324509077,564.4149772074821],"rotation_error":51.9384568200098,"translation_error":410.5756643797543,"ADD":0,"ADD_S":0}}
{"id_image":1609,"data":{"Best_template_id":173,"GT_R":[-0.8807848083640407,-0.46414533094639826,0.09374293375299395,-0.17472417959854308,0.1345685785852093,-0.975377719406088,0.4401033065470625,-0.8754775786039788,-0.19962318739370954],"GT_T":[61.0019011946599,127.54193348831768,973.1464486231464],"R_pred":[-0.8522963002358336,0.4275615364926163,0.30130076189147437,-0.230296442955792,0.210454528551123,-0.9500907534410774,-0.4696323721446589,-0.8791473277695825,-0.08090371505303617],"T_pred":[37.88139074704451,83.92306440725113,487.22201929192505],"rotation_error":54.72940789541859,"translation_error":488.4257515366513,"ADD":0,"ADD_S":0}}
{"id_image":1611,"data":{"Best_template_id":173,"GT_R":[-0.8766653940151825,-0.4722415523163524,0.09189833331546172,-0.17216801423091455,0.12958231239331283,-0.9765066960144473,0.44923972134501544,-0.8718920053634528,-0.19490590122351634],"GT_T":[58.082782256216,127.26614304078399,972.7193479487285],"R_pred":[-0.8888666166105392,0.4469380134122898,0.10080947397149004,-0.045801615514438565,0.1322460717337821,-0.9901581633896933,-0.45587097943562954,-0.8847357733685571,-0.09707863529294536],"T_pred":[44.08794896274417,87.88070421466314,559.8266288608633],"rotation_error":54.72936884142496,"translation_error":415.0029706233546,"ADD":0,"ADD_S":0}}
{"id_image":1622,"data":{"Best_template_id":173,"GT_R":[-0.8852894743784614,-0.4590197575543123,0.07459117972477976,-0.155270493133366,0.14056559610875932,-0.9778199223631173,0.4383546488191121,-0.877235677794219,-0.19571291870420351],"GT_T":[55.93750305297542,121.22754103052861,971.3681015649648],"R_pred":[-0.8329980149789138,0.5512225784660694,-0.0476232719414279,0.23780698023970162,0.43442584707691845,0.86874738764544,0.4995619553073105,0.7123397029372435,-0.4929604450955638],"T_pred":[50.68375400706793,74.60050979425105,837.9385702339797],"rotation_error":145.78635120901535,"translation_error":141.43946320653413,"ADD":0,"ADD_S":0}}
{"id_image":1631,"data":{"Best_template_id":173,"GT_R":[-0.8784535938171282,-0.47056917622393707,0.0829650249126772,-0.16634755424237668,0.13840521837632697,-0.9763054707929114,0.44793750473452854,-0.871440757789489,-0.1998613987554593],"GT_T":[60.791366062673596,119.30732118101112,970.8127865053208],"R_pred":[0.5403023058681398,-0.8414709848078965,0.0,0.8414709848078965,0.5403023058681398,0.0,0.0,0.0,1.0],"T_pred":[0.0,0.0,0.0],"rotation_error":132.21068950036403,"translation_error":980.0037211752721,"ADD":0,"ADD_S":0}}
{"id_image":1874,"data":{"Best_template_id":173,"GT_R":[-0.8362802764248759,-0.5481878294956933,-0.011152776805207008,-0.09309048288890731,0.1619990947409466,-0.982390214467982,0.5403421349487962,-0.8205157659452221,-0.1865078453763217],"GT_T":[14.234659359129184,72.90182510420833,891.5011659731917],"R_pred":[-0.9200603225506511,0.3831388838181125,0.08181441544497442,0.18951029306281802,0.25246721557202145,0.9488657196276801,0.34289189505037415,0.8885183739056391,-0.30489382994879044],"T_pred":[16.311662021617625,18.623610204983454,587.3750144301147],"rotation_error":156.73053308383155,"translation_error":308.9387554275266,"ADD":0,"ADD_S":0}}
{"id_image":2066,"data":{"Best_template_id":173,"GT_R":[-0.7831159016295569,-0.6217013287871733,-0.014706590270008452,-0.09860840696130156,0.14749003386762202,-0.9841351047991613,0.6140086321039346,-0.7692422317295321,-0.1768071954022968],"GT_T":[25.52352881886325,74.94907076179182,797.8556232621224],"R_pred":[-0.7176339907930436,0.6963825447917924,-0.007266812764700981,0.09031502908999617,0.08271462862407153,-0.9924724105646743,-0.6905393911855594,-0.7128882391517548,-0.12225263882709303],"T_pred":[18.607090184179548,68.59129654334149,704.9063143086498],"rotation_error":82.6697095469364,"translation_error":93.42286899538165,"ADD":0,"ADD_S":0}}
{"id_image":2070,"data":{"Best_template_id":173,"GT_R":[-0.7793900848015834,-0.6263242368310387,-0.016413930146455914,-0.09985025676641837,0.1500299416014686,-0.9836258519715898,0.6185323140803484,-0.7649895838913412,-0.17947028827776476],"GT_T":[23.693838793524886,72.27756262225869,796.405161517727],"R_pred":[-0.9098857485913028,0.4143980695724304,-0.01954902670435746,0.14887772829448973,0.2821787620098135,-0.9477397154749193,-0.38722518839599873,-0.8652452751707184,-0.3184450773154316],"T_pred":[19.6859609335786,71.57152371002667,783.5303009077172],"rotation_error":63.603399017638424,"translation_error":13.50272608079627,"ADD":0,"ADD_S":1}}
{"id_image":2083,"data":{"Best_template_id":173,"GT_R":[-0.775078001775339,-0.6316826895235824,-0.015198499651106211,-0.10002070417016022,0.14640452155504632,-0.9841545473049585,0.6239003307768674,-0.7612770066085769,-0.17665595842045606],"GT_T":[26.966501046692272,71.65127031447385,787.1865111581704],"R_pred":[-0.5290114356673861,0.8470003855076857,0.05231871446205971,0.21171250969768002,0.19142925384008147,-0.9584010924512444,-0.8217814272485358,-0.49592861151990497,-0.28058884173341303],"T_pred":[19.86368864198093,65.17694630321965,732.3186928461084],"rotation_error":97.50840375490822,"translation_error":55.703180356104184,"ADD":0,"ADD_S":0}}
