{"id_image":1,"data":{"GT_R":[0.6418819717487884,0.7582765724039574,0.11403544242068454,-0.5586369169004002,0.3605552659979696,0.7469431135987115,0.5252732680735938,-0.5431539474511037,0.6550358024234259],"GT_T":[148.56392182698585,-98.46635542658328,937.2246781734016],"R_pred":[-0.049314985428991265,-0.9932220894652493,-0.10525166606958186,-0.6821768348425041,0.11046560849580855,-0.7227946564162699,0.7295223082376585,0.03615564047192632,-0.6830007111604376],"T_pred":[130.25158038346834,-74.40717737616058,800.0863165332671],"rotation_error":178.84218482483965,"translation_error":140.43189143120665,"ADD":0,"ADD_S":0}}
{"id_image":2,"data":{"GT_R":[0.6428242653734874,0.7574658658621498,0.11411728513171829,-0.5578352078650181,0.3608028011749221,0.7474226051364238,0.5249728744653942,-0.5441198845964741,0.6544746606368428],"GT_T":[148.92808098997224,-97.54309652505631,937.2509721557491],"R_pred":[0.040807057529059554,-0.9892872716222498,-0.14016232825557945,-0.7046195579919836,0.07096527655290585,-0.7060277671727588,0.7084109418628439,0.12757203349470597,-0.6941752759347051],"T_pred":[129.7968070430661,-72.06107902258577,779.9134994560166],"rotation_error":179.7985833521973,"translation_error":160.5316765450572,"ADD":0,"ADD_S":0}}
{"id_image":3,"data":{"GT_R":[0.6417682102074855,0.7585793508888488,0.11265802591956188,-0.558299072665664,0.3614236437517879,0.7467759567319379,0.5257717049336786,-0.5421534507112437,0.6554637833078754],"GT_T":[147.60488390131863,-96.74776311461729,937.5367630942528],"R_pred":[0.13380581190430874,-0.9829050768857323,-0.126465863112863,-0.6212813691852747,0.01622209611794323,-0.7834196218507746,0.7720786650360825,0.18339698315346653,-0.6084900012048742],"T_pred":[123.72261133084778,-62.71371193767749,726.9977255492848],"rotation_error":177.88458596587654,"translation_error":214.60513953073504,"ADD":0,"ADD_S":0}}
{"id_image":4,"data":{"GT_R":[0.6419216027524847,0.7586210399826342,0.11149330485167074,-0.5571046876769667,0.36152886188047045,0.7476170359317136,0.5268493212570026,-0.5420250113455921,0.6547049655650204],"GT_T":[147.23200223139264,-96.24101744998016,937.8654637577498],"R_pred":[-0.14938805082632922,-0.9861503633478678,0.07204631246065873,-0.6855304983704901,0.050788372018383265,-0.7262702507136239,0.7125525567101826,-0.1578860416141693,-0.683623325954572],"T_pred":[111.5573067105866,-66.04880847803632,716.6128290282687],"rotation_error":169.30546721374967,"translation_error":226.1348751472115,"ADD":0,"ADD_S":0}}
{"id_image":5,"data":{"GT_R":[0.6412882185074273,0.7588058747800944,0.11385735741182884,-0.5589142682785287,0.3602888208251109,0.7468645378021458,0.5257025687488107,-0.5425920806260651,0.6551568253120594],"GT_T":[148.32273884970814,-97.32563177662874,937.6584447416267],"R_pred":[-0.07238149135428529,-0.992828226303947,-0.09514742646802743,-0.6326172317628491,0.11945299206522997,-0.7651969816742448,0.7710748068676864,0.004805802828182992,-0.6367264298528348],"T_pred":[124.42545284619136,-69.18823617408749,762.079702719673],"rotation_error":179.4382898875974,"translation_error":179.4176355870279,"ADD":0,"ADD_S":0}}
{"id_image":6,"data":{"GT_R":[0.6418385303083358,0.7582125157063625,0.1147112435878913,-0.5591056686524313,0.3603203770068781,0.7467063606632011,0.5248281529863557,-0.5433999451925002,0.6551878135940213],"GT_T":[148.84845058326906,-97.49290836453626,937.4999809592559],"R_pred":[-0.14586417654168937,-0.9889080744913774,0.028008252490496988,-0.6822526175632082,0.08004993971325414,-0.7267209732628166,0.7164181794384937,-0.12511125991556865,-0.6863615408896199],"T_pred":[111.04070054945693,-65.57166587384835,710.7884114716117],"rotation_error":171.54765988970334,"translation_error":232.04854540444651,"ADD":0,"ADD_S":0}}
{"id_image":7,"data":{"GT_R":[0.6420137641255055,0.7580818956499826,0.11459523069142304,-0.5588980126303413,0.36043573289108993,0.7468054302670969,0.5248346894102018,-0.5435063851780026,0.6550951716866713],"GT_T":[147.37637510660946,-96.42990378981592,937.6897526103861],"R_pred":[-0.006812523970636253,-0.9954073270858317,-0.09548739550845908,-0.7123960788984995,0.071842019940634,-0.6980906466504844,0.7017445520181766,0.06326908688047334,-0.7096137022057278],"T_pred":[127.73510490515226,-72.51891413074935,792.7636532291812],"rotation_error":177.53868418889897,"translation_error":148.19274342373697,"ADD":0,"ADD_S":0}}
{"id_image":8,"data":{"GT_R":[0.6403837119818241,0.759584666363392,0.11375955374616592,-0.5585942848977675,0.3589477415755074,0.7477486721777336,0.527143988041352,-0.5423914717945817,0.6541637279904879],"GT_T":[145.72384569598097,-95.516328217217,938.2877000580979],"R_pred":[-0.09049435209718826,-0.9954237863573651,-0.030696217885552712,-0.6307469255995758,0.08113968778659364,-0.7717348423601059,0.7706939003814637,-0.05047609949135645,-0.6352031763892128],"T_pred":[117.28803426662674,-66.0023383845221,745.3588143846546],"rotation_error":175.96452004394314,"translation_error":197.23393697507228,"ADD":0,"ADD_S":0}}
{"id_image":9,"data":{"GT_R":[0.6391677956458942,0.7604328645213845,0.11492445521773033,-0.5594930415523914,0.3572415925197025,0.7478943920263226,0.5276659661547172,-0.5423286066531094,0.6537947213547594],"GT_T":[145.19931755048597,-95.3623672572904,938.5873455202674],"R_pred":[0.0180981812344031,-0.9820804229560698,-0.18759130758762305,-0.7115985395914597,0.1191465155787812,-0.6924100131257039,0.7023531692014415,0.1460210624254692,-0.6966906595045096],"T_pred":[122.92667004027919,-69.97431031877919,749.3324257413851],"rotation_error":177.45321260525301,"translation_error":192.24476305672974,"ADD":0,"ADD_S":0}}
{"id_image":10,"data":{"GT_R":[0.6397263487476641,0.759654641212261,0.11694327549530063,-0.5603362530691113,0.3568082487746246,0.747469014017726,0.5260917456660986,-0.5437034780349433,0.6539221761443373],"GT_T":[144.70806846996922,-95.44109069480812,938.3997535898329],"R_pred":[0.052090108894320086,-0.98387247100209,-0.1711186178053673,-0.6880641981526049,0.0888295754677636,-0.7201923116382384,0.7237777834225022,0.15525549048732012,-0.6723402805853231],"T_pred":[129.8411479412211,-72.80222427402086,796.6145935149801],"rotation_error":177.7570322497508,"translation_error":144.3487970725007,"ADD":0,"ADD_S":0}}
{"id_image":11,"data":{"GT_R":[0.6390805915825484,0.7603341804986076,0.11605236466659481,-0.5596427906772986,0.3561810546755512,0.7482883203041082,0.5276125795535542,-0.5431641394574362,0.6531436662104891],"GT_T":[144.4152571915241,-94.9781317110542,938.9997131922922],"R_pred":[-0.014304537454094768,-0.9967928085205903,-0.0787367581873829,-0.7025837324816445,0.06604925839378717,-0.7085291767582984,0.7114572925062934,0.045183983304538045,-0.7012752160117665],"T_pred":[124.71794202309754,-70.68048956107482,786.8931104290318],"rotation_error":176.77857555751348,"translation_error":155.28933718408706,"ADD":0,"ADD_S":0}}
{"id_image":12,"data":{"GT_R":[0.6384366081569662,0.7608350344033062,0.11631658839011559,-0.5604605480178626,0.3559770726568036,0.7477731505379801,0.52752534310799,-0.5425956664080975,0.6536863840918289],"GT_T":[144.2784179815392,-94.60658868512859,939.2627440956848],"R_pred":[0.1425201986430803,-0.9790196689588049,-0.14563131795918272,-0.6159017366181221,0.027459660344667958,-0.7873442816738663,0.7748245245276623,0.20190704506169949,-0.5990663580480335],"T_pred":[123.29327305760623,-62.01788247180447,737.8943899966258],"rotation_error":176.87649656627525,"translation_error":205.06490219611157,"ADD":0,"ADD_S":0}}
{"id_image":13,"data":{"GT_R":[0.6384797251620545,0.7605000105119979,0.11825404998214624,-0.5610732387769335,0.3547563229526904,0.7478937566672746,0.5268217420139769,-0.5438637768553405,0.6532006156851472],"GT_T":[144.083935456826,-93.91688234297354,939.5834528188456],"R_pred":[-0.006035164469144094,-0.9921885919702503,-0.12460086177038454,-0.7672945575261293,0.08450000418667114,-0.6357033988293865,0.6412664335364919,0.09176898853395227,-0.7618108780811963],"T_pred":[131.1089777805547,-75.04717487466952,826.0363885792318],"rotation_error":177.30784736985413,"translation_error":115.83329048281142,"ADD":0,"ADD_S":0}}
{"id_image":14,"data":{"GT_R":[0.6383174922086794,0.7608029694364031,0.11717645236519804,-0.5604495307937473,0.3549761737089899,0.7482566949408239,0.5276802856214908,-0.543296871281018,0.6529796823895434],"GT_T":[143.63741775065847,-92.65395097068388,940.1722678826616],"R_pred":[-0.10537626308517922,-0.9918473740539087,-0.07165633091757795,-0.6442203343290691,0.12298065232845234,-0.7548880181787305,0.7575460408550401,-0.03338481294293505,-0.6519274884905678],"T_pred":[118.99326503681021,-66.11815192795761,768.9495162935154],"rotation_error":177.580900548384,"translation_error":175.01060983716923,"ADD":0,"ADD_S":0}}
{"id_image":15,"data":{"GT_R":[0.6385963487348315,0.7607354257710037,0.11609267100748444,-0.5589989214565364,0.35488937249283775,0.7493826755231396,0.5288814452299321,-0.5434483438718162,0.6518804239286712],"GT_T":[143.88749966210722,-91.90355682152982,940.8902809681446],"R_pred":[0.024754487012099258,-0.9922168460511329,-0.12203665754645215,-0.6463313806341722,0.0772441517089072,-0.759137067619739,0.7626552050437292,0.0976681700407741,-0.6393887446464739],"T_pred":[116.8182430447835,-60.93552325362047,715.0636702259441],"rotation_error":179.35904939724483,"translation_error":229.541764993186,"ADD":0,"ADD_S":0}}
{"id_image":16,"data":{"GT_R":[0.6381329463309944,0.7604978305885771,0.120125924937395,-0.5609341633503672,0.35234899722492924,0.7491347188355181,0.5273879334948457,-0.5454301978679351,0.6514348824877361],"GT_T":[144.48357051618734,-91.95425201310033,941.1870677549358],"R_pred":[-0.06285200259805956,-0.9965693631630962,-0.05384357133506851,-0.7739964503082958,0.08273198909084489,-0.6277618281571686,0.6300627910609955,0.0022186450309674144,-0.7765410207675156],"T_pred":[125.80653774989968,-71.25780625874933,802.9266998792842],"rotation_error":173.2702539555608,"translation_error":141.04291455059445,"ADD":0,"ADD_S":0}}
{"id_image":17,"data":{"GT_R":[0.6390858240025388,0.7596284049919854,0.1205570970547539,-0.5601169246377459,0.35223750377969376,0.7497981994192511,0.5271030841726382,-0.5467119382741099,0.6505910727865911],"GT_T":[144.86136376894657,-90.87205336813452,941.6598040974274],"R_pred":[-0.046813307212400956,-0.9975929754014545,-0.05115437124538319,-0.6681755196839507,0.06933979983644378,-0.7407654602191738,0.7425294533975872,-0.0004975824705861775,-0.6698132301237153],"T_pred":[122.87902571333628,-64.78725645709298,782.0169651471874],"rotation_error":175.84434547208204,"translation_error":163.24667177119926,"ADD":0,"ADD_S":0}}
{"id_image":18,"data":{"GT_R":[0.639088784734437,0.75961726383363,0.12061781686870614,-0.5598222480438123,0.3518746181368842,0.75018813213994,0.527412683254256,-0.5469610956738522,0.6501294211630653],"GT_T":[145.36311188369066,-90.19929977814412,942.2886533186366],"R_pred":[-0.11780716802983504,-0.9929176451229039,0.015362980322097097,-0.7288832013308607,0.07595243148548603,-0.6804120126578589,0.6744262376112498,-0.09135523058385575,-0.732668732693367],"T_pred":[114.10988661640067,-64.03978331904536,743.6524097877187],"rotation_error":170.75140530327403,"translation_error":202.77436138490478,"ADD":0,"ADD_S":0}}
{"id_image":19,"data":{"GT_R":[0.6374879276211766,0.7608295690927817,0.12144503244724345,-0.5607389003197518,0.35006293411416056,0.7503514073377445,0.5283752575186484,-0.5464382207465196,0.6497881453949979],"GT_T":[145.25001587519526,-89.34406493244029,943.107537304883],"R_pred":[-0.06442327098610867,-0.9941245400521168,-0.08698299271477078,-0.6534585011767162,0.10790237931721625,-0.7492323162928595,0.7542159037008769,0.00857177950317456,-0.6565705561482473],"T_pred":[119.30878295648127,-61.5471711067082,756.0877305921317],"rotation_error":178.01019569309148,"translation_error":190.84554743188752,"ADD":0,"ADD_S":0}}
{"id_image":20,"data":{"GT_R":[0.6377165528137709,0.7606976760528384,0.121069730430731,-0.5601375322945653,0.3500879986564256,0.7507893097219568,0.5287375970746687,-0.5466062563357574,0.6493526149423782],"GT_T":[145.5483155743357,-88.15527398551535,943.8411653502492],"R_pred":[-0.05167127510182412,-0.9958902037461108,-0.07438266876014887,-0.7806576582692619,0.08673031135917708,-0.6189115233028812,0.6228191550642163,0.026087452425843594,-0.7819307801276436],"T_pred":[127.48826361287672,-68.86716942077732,806.7005664989633],"rotation_error":174.06015909232292,"translation_error":139.66295252442637,"ADD":0,"ADD_S":0}}
{"id_image":21,"data":{"GT_R":[0.6374643490255766,0.7611286133706473,0.11968289718362185,-0.5587460550000263,0.3497174496650425,0.751997834761703,0.5305107310289884,-0.5462438099978102,0.6482100312276986],"GT_T":[146.04147578074372,-87.11003690725866,944.864752770904],"R_pred":[-0.07784997404039573,-0.9904193515862115,-0.1140565190835593,-0.6192356331218299,0.13769665908074702,-0.773037425193766,0.7813364270364695,0.010446917322790739,-0.624022635570485],"T_pred":[121.93540626701845,-60.50682936920523,767.575362598141],"rotation_error":179.76183053302432,"translation_error":180.88770302744044,"ADD":0,"ADD_S":0}}
{"id_image":22,"data":{"GT_R":[0.6376879015074823,0.7607741632993741,0.12073347282004006,-0.5573890705634978,0.3475496044864544,0.7540070378832577,0.5316677724873191,-0.5481169563687162,0.645675241357117],"GT_T":[146.0816705702879,-86.23599567738819,945.5414919090318],"R_pred":[-0.009738562463415645,-0.9894911178282146,-0.14426533935847435,-0.666756239176443,0.11394411316676156,-0.7365139894081616,0.7452122368295031,0.08901722762313913,-0.6608590282850485],"T_pred":[126.88351433704824,-63.22561123551636,788.6122985859406],"rotation_error":179.16337652176412,"translation_error":159.76488572885705,"ADD":0,"ADD_S":0}}
{"id_image":23,"data":{"GT_R":[0.6361743380785031,0.761867065952858,0.12182546884802373,-0.558797847571929,0.3460994499270517,0.7536311919032526,0.5320023590733068,-0.5475166739933105,0.6459091424187208],"GT_T":[145.6893550123474,-87.08218037250272,945.8485860378663],"R_pred":[-0.13292219151791407,-0.9905043917018368,-0.035110411866696944,-0.6321046983132035,0.11200504486477547,-0.7667454077431528,0.7633972369431585,-0.07972402363286563,-0.640990435719081],"T_pred":[116.05277594137748,-60.22983074204747,744.6173028871518],"rotation_error":175.40564490197247,"translation_error":205.16677318266983,"ADD":0,"ADD_S":0}}
{"id_image":24,"data":{"GT_R":[0.635396492676879,0.7622280557186248,0.12361631723489369,-0.56035613916156,0.3449983196272857,0.752978498547179,0.5312928414485296,-0.5477085767747072,0.6463302267314167],"GT_T":[146.54179821747192,-88.45744246648329,945.748835014627],"R_pred":[0.03890585916775069,-0.9885990960434532,-0.1454584525714681,-0.6873949666462427,0.07917348488324383,-0.7219554827832899,0.7252409902589827,0.12807570649233074,-0.6764777301986079],"T_pred":[131.91062721095003,-67.24429416822015,808.4536568967442],"rotation_error":179.7159746548816,"translation_error":139.6926439014144,"ADD":0,"ADD_S":0}}
{"id_image":25,"data":{"GT_R":[0.6344293247549816,0.7629712235169737,0.1239997628909719,-0.5613579952183562,0.344491696907257,0.7524634500545576,0.5313903312818347,-0.5469933612432208,0.6468554516950671],"GT_T":[146.83885133936354,-89.66239027054927,945.858806750863],"R_pred":[0.0037824305680077552,-0.9846075254501592,-0.17473898833950102,-0.6814314596101942,0.12535060066945047,-0.7210675368960442,0.7318721603343838,0.12180003176814863,-0.6704684132669934],"T_pred":[131.57710240097666,-68.46729388920018,808.7916404452326],"rotation_error":177.99291801310358,"translation_error":139.5333693792577,"ADD":0,"ADD_S":0}}
{"id_image":26,"data":{"GT_R":[0.6358816138657118,0.7614961479995397,0.1256150011358345,-0.5615803792421815,0.34487426413107425,0.7521228672338994,0.5294165235820135,-0.5488042216933546,0.646940781688275],"GT_T":[147.5034049644248,-90.03390499478293,945.4572004912673],"R_pred":[0.052027286210934,-0.9866719495481953,-0.15418049638099146,-0.6254467479620709,0.0881662514567435,-0.7752696805420265,0.7785303635396599,0.13676686762088847,-0.6125237113516302],"T_pred":[123.33372634062542,-59.98904447586032,743.0082487228609],"rotation_error":177.59763659388813,"translation_error":206.0884399487409,"ADD":0,"ADD_S":0}}
{"id_image":27,"data":{"GT_R":[0.6345537675098614,0.7625554654880073,0.12590368058275034,-0.562663343753029,0.34411106425331617,0.7516623817950646,0.5298594179719575,-0.5478118363847245,0.6474194781923531],"GT_T":[146.4721475564993,-89.96230141340342,945.5309030993686],"R_pred":[-0.07292270460854788,-0.9950455701394743,-0.06757656767240477,-0.6710974271207955,0.09907888904872719,-0.7347187332964356,0.7377740321158119,-0.008227216459937292,-0.6749976225475895],"T_pred":[118.36102587052669,-63.4935235707015,751.934522518231],"rotation_error":176.2450092193704,"translation_error":197.40919415530408,"ADD":0,"ADD_S":0}}
{"id_image":28,"data":{"GT_R":[0.633641567898941,0.7629784916388284,0.127914995662678,-0.5645439137074746,0.3429760443537259,0.7507714763794319,0.52895025313338,-0.5479337228219622,0.6480588643277502],"GT_T":[145.27360267203335,-90.48440177258189,945.4479224995702],"R_pred":[-0.07330038455929877,-0.9931973282904845,-0.09047718331216403,-0.6658159096962153,0.11627722866736112,-0.7369998510778955,0.7425067191742177,0.006218775609583893,-0.6698097482203862],"T_pred":[119.02127610166706,-63.95464885784363,759.1887291216457],"rotation_error":177.50109233060388,"translation_error":189.96183710911328,"ADD":0,"ADD_S":0}}
{"id_image":29,"data":{"GT_R":[0.631368103779522,0.7647498405269357,0.12857881319777578,-0.565597916264161,0.34067973789335265,0.7510230763047088,0.5305396370217157,-0.5468964124052641,0.6476355274571833],"GT_T":[144.09315614770526,-91.20478359815735,945.8092544096492],"R_pred":[0.04165834502340959,-0.9797256194775432,-0.19596502960797604,-0.7665383496737765,0.09446202508695223,-0.6352132589106396,0.6408459571295694,0.17667664349261442,-0.747062127854752],"T_pred":[133.69590472254416,-74.20095503076979,825.8017125324654],"rotation_error":179.48705755278965,"translation_error":121.65131783318716,"ADD":0,"ADD_S":0}}
{"id_image":30,"data":{"GT_R":[0.6330745746065825,0.7631094616336284,0.1299286104178475,-0.5657015109095352,0.3415123106457215,0.7505672584779853,0.5283921780895126,-0.5486657959613076,0.647895196220624],"GT_T":[144.13627876507877,-91.9566919214203,945.3178825408472],"R_pred":[-0.07493743543762899,-0.9923556978535848,-0.09805381026536653,-0.635719578464996,0.12329962703352959,-0.7620090678789071,0.7682740385606683,0.0052317216017218615,-0.6400997037671263],"T_pred":[118.4475748042116,-64.33561696962458,752.0322976015545],"rotation_error":178.4820936347552,"translation_error":196.93184262075627,"ADD":0,"ADD_S":0}}
{"id_image":31,"data":{"GT_R":[0.6327762701080254,0.7632215503115334,0.13071914915692828,-0.5662533155585872,0.3409486453837738,0.7504070466966709,0.5281579265011113,-0.5488595301581461,0.6479217328086199],"GT_T":[144.8706821213905,-92.50879533898978,945.2036380158296],"R_pred":[-0.03798490473498206,-0.9880542938947487,-0.1493514624247903,-0.6522407429169954,0.13774604203245688,-0.7453912000979608,0.7570595487089242,0.06909949508167007,-0.6496815369764621],"T_pred":[124.06790288765697,-66.93033839811284,781.6237308862579],"rotation_error":179.06565372709616,"translation_error":166.86940732154304,"ADD":0,"ADD_S":0}}
{"id_image":32,"data":{"GT_R":[0.6324330353981461,0.7635232714179603,0.1306193577539933,-0.5666491617778943,0.34104399494624626,0.7500646285135444,0.5281440608581833,-0.5483809714204292,0.6483375240037206],"GT_T":[143.9344075765501,-91.98517373617915,945.3499423876846],"R_pred":[-0.024323138468989924,-0.9880622789145826,-0.15212270679007817,-0.6740725907308814,0.12858270656973747,-0.7273875376967622,0.7382645375205126,0.0848493992749661,-0.6691532351280244],"T_pred":[125.70145549571522,-68.61405543080575,801.9492880856036],"rotation_error":179.40187140003434,"translation_error":146.43222789635726,"ADD":0,"ADD_S":0}}
{"id_image":33,"data":{"GT_R":[0.6318938818324941,0.7639918538028394,0.13049026447431375,-0.5661600688597485,0.3400139133082304,0.7509017197361725,0.5293139827560122,-0.5483679158586215,0.64739455894756],"GT_T":[142.61641753166253,-91.52366367029839,945.7813708460111],"R_pred":[-0.06879572868782846,-0.991254627897388,-0.11261176841840853,-0.6420110021317379,0.13038911069301762,-0.7555266725632428,0.7636026590158733,0.020320986312051037,-0.6453665909072093],"T_pred":[119.35645152399154,-65.32494018694663,767.0211365532442],"rotation_error":179.09879665235226,"translation_error":182.16097412794005,"ADD":0,"ADD_S":0}}
{"id_image":34,"data":{"GT_R":[0.6312479645259964,0.7643315898669015,0.13161794376083435,-0.5675216299088026,0.3395414246218763,0.750087074412309,0.5286249378461786,-0.5481869354690895,0.6481102671269671],"GT_T":[143.07525148018735,-92.42932022251583,945.8084241196846],"R_pred":[-0.06902183173701171,-0.9974794149531525,-0.016456107935469533,-0.56021531936319,0.05240323777341982,-0.8266877866653535,0.825466403128841,-0.047840541547714444,-0.5624202164662602],"T_pred":[113.0302226801391,-58.599357599739264,725.6020200238818],"rotation_error":175.7205448965346,"translation_error":224.80665143953854,"ADD":0,"ADD_S":0}}
{"id_image":35,"data":{"GT_R":[0.6309796445283724,0.7643277540188623,0.13292308535633204,-0.5681670372779379,0.33860745964194155,0.7500200897280412,0.5282517866778582,-0.5487698677954203,0.6479206677379369],"GT_T":[144.6529414885707,-93.74863831050268,945.8510602822794],"R_pred":[-0.0924888359907815,-0.9937767600853589,-0.06207709989455207,-0.6275944611907844,0.10658326813604557,-0.7712102172793677,0.7730271712557844,-0.03236909123975873,-0.6335465526956898],"T_pred":[116.28006073299547,-64.39981015550055,745.3351323023908],"rotation_error":176.51794128865544,"translation_error":204.6289604383451,"ADD":0,"ADD_S":0}}
{"id_image":36,"data":{"GT_R":[0.6310180827759202,0.7636991088914716,0.13630983807883323,-0.570188310524971,0.33743850937644737,0.749012803711823,0.52602354732053,-0.5503628738226851,0.6483830372582221],"GT_T":[145.40931557119868,-94.97304924980526,945.6640686270447],"R_pred":[-0.09059983786027159,-0.9945254680527147,-0.052064986067621666,-0.6682164905505932,0.09947170345099254,-0.7372869875216889,0.738429679208482,-0.03200739925528151,-0.6735704382297157],"T_pred":[119.834683636535,-67.73560359569666,764.2804462233221],"rotation_error":174.91624568598232,"translation_error":185.19168102441927,"ADD":0,"ADD_S":0}}
{"id_image":37,"data":{"GT_R":[0.6295787961127988,0.764298491929501,0.13956564183982925,-0.5725993128832717,0.33503442195298355,0.7482526968390815,0.5251290168975674,-0.5509990194261155,0.6485676944595952],"GT_T":[145.96080037541805,-95.70743110244392,945.9715540637418],"R_pred":[-0.10350929209979587,-0.9869400768273479,-0.12343059264634426,-0.6271927472624746,0.16108118329203247,-0.7620250062633038,0.7719553641437752,-0.001461896462561063,-0.635675057421938],"T_pred":[121.42149467895543,-67.69916234700575,767.9685961455423],"rotation_error":179.41785407758198,"translation_error":181.85624451849213,"ADD":0,"ADD_S":0}}
{"id_image":38,"data":{"GT_R":[0.6283524826916229,0.76490179907513,0.14177063836730086,-0.5739221644527999,0.33278314986310104,0.748244040281899,0.5251538763337197,-0.5515257432556068,0.6480994544778562],"GT_T":[146.06671944467797,-95.38316402657591,946.5346243313364],"R_pred":[-0.0531848716179375,-0.9942762977562603,-0.09266074223255233,-0.7067275112420146,0.10303418541271525,-0.6999429844565953,0.70548394332164,0.02825951797964965,-0.7081622733236407],"T_pred":[127.45038749036902,-72.17829809286405,808.845676296128],"rotation_error":175.93578953510382,"translation_error":140.86617773431954,"ADD":0,"ADD_S":0}}
{"id_image":39,"data":{"GT_R":[0.6269747005839343,0.7658833010818303,0.14257083514315902,-0.5750523678749052,0.3315252118256669,0.7479341808542446,0.5255638377079905,-0.5509215582997244,0.6482810838575835],"GT_T":[145.18736804639346,-94.8998156684912,947.4515446706729],"R_pred":[-0.05332092550307299,-0.9920522772122151,-0.11396998807385,-0.7016086520419247,0.11843286318455104,-0.7026513760733856,0.7105646897245941,0.042496308027487495,-0.7023474108449635],"T_pred":[124.46084465288202,-71.24326575516706,788.2702972715608],"rotation_error":177.17606851343993,"translation_error":162.2587151721617,"ADD":0,"ADD_S":0}}
{"id_image":40,"data":{"GT_R":[0.6252224084087471,0.7669635646915205,0.14444933363996582,-0.5762298727000263,0.32881828321652773,0.7482231578927625,0.5263614952724132,-0.5510406914112974,0.6475313920248458],"GT_T":[145.02474842232814,-95.1862953232981,948.3818020486765],"R_pred":[-0.1268610796688283,-0.9904677035431948,-0.053665582109292065,-0.6501035363330565,0.12388568023840096,-0.7496784179093878,0.7491806581276064,-0.06021682879178131,-0.6596228278476632],"T_pred":[115.25886733339502,-65.30773469198095,743.7187937350667],"rotation_error":174.84402821080153,"translation_error":208.96335332870336,"ADD":0,"ADD_S":0}}
{"id_image":41,"data":{"GT_R":[0.6261712302851671,0.7659524283291181,0.14569717196777243,-0.5758470634584744,0.3283380470646755,0.7487280771655668,0.5256514341975312,-0.5527310310468311,0.6466673860210664],"GT_T":[144.94042520498155,-94.763568102412,949.0430016300124],"R_pred":[-0.0663844055460262,-0.9822067553886875,-0.17567868501650247,-0.6260477899736985,0.17809942053366812,-0.7591737357644952,0.7769538437831096,0.059585955345184904,-0.6267313926685443],"T_pred":[122.25368508948938,-67.06038143453586,766.7014399419508],"rotation_error":177.9600430995125,"translation_error":185.82410997355612,"ADD":0,"ADD_S":0}}
{"id_image":42,"data":{"GT_R":[0.6254661556276002,0.7664242548820502,0.14624063866708467,-0.5758146005927423,0.32692569482909467,0.7493712940403703,0.5265252198034027,-0.5529135768430943,0.6457995726099589],"GT_T":[144.67948496225938,-94.21948509876934,950.061692446693],"R_pred":[0.004773611359297103,-0.9829602675325055,-0.18375615659622163,-0.6664467665107929,0.13387297778936447,-0.7334348868339415,0.7455373364506293,0.12596482949709814,-0.6544516343381442],"T_pred":[129.14204635559778,-71.14782924357927,803.6246156425578],"rotation_error":178.27941215759213,"translation_error":149.0554620444896,"ADD":0,"ADD_S":0}}
{"id_image":43,"data":{"GT_R":[0.62466812424322,0.766418545904848,0.14964318878392913,-0.5776678475087529,0.3245939090086858,0.7489582043238524,0.5254410715066523,-0.5542945216341089,0.6454995260416588],"GT_T":[145.00016883373328,-95.25531729451498,950.6140294535005],"R_pred":[0.16645169106512492,-0.946578132334013,-0.2761949925842475,-0.7035489622715096,0.08224494803493476,-0.705871536619386,0.6908782036135187,0.31181021136226955,-0.65227425203052],"T_pred":[134.19970711971257,-72.38977739427807,805.374030554233],"rotation_error":174.05533154466917,"translation_error":147.4250323670461,"ADD":0,"ADD_S":0}}
{"id_image":44,"data":{"GT_R":[0.6219742875947933,0.7683659054501195,0.15087306689757013,-0.5795403592894801,0.32213738480851156,0.7485720930699937,0.5265750847443638,-0.5530292401794862,0.6456600486584748],"GT_T":[144.71862703961594,-96.10570204681218,951.6097827990621],"R_pred":[-0.12380804583003047,-0.9922854862132855,-0.006409495940624621,-0.6902042564129167,0.09075434892589396,-0.7179009211447844,0.7129443542221525,-0.08445804876683422,-0.6961157847522618],"T_pred":[112.30648798708411,-65.31408190069726,730.0152649408178],"rotation_error":171.09679654191336,"translation_error":226.05928641400922,"ADD":0,"ADD_S":0}}
{"id_image":45,"data":{"GT_R":[0.6231768398562689,0.7668984448779649,0.15335729800505365,-0.5794319032606161,0.3210387207840389,0.7491283467546583,0.5252709862124673,-0.5556986949157654,0.6444293582808376],"GT_T":[145.12705303106594,-96.20510114985376,952.0846015616496],"R_pred":[-0.0787527237072424,-0.9900826788430013,-0.11633699997746849,-0.7289882454491199,0.1367958132236402,-0.6707183041199167,0.6799809898119982,0.03198741220464291,-0.7325316777824326],"T_pred":[122.52589069409972,-72.29055108228481,787.6234818617187],"rotation_error":175.9538825957638,"translation_error":167.72053582334863,"ADD":0,"ADD_S":0}}
{"id_image":46,"data":{"GT_R":[0.6222585045742357,0.7672188105026521,0.1554678127634912,-0.5804774741836941,0.31898524749151963,0.7491959790295118,0.525204739475264,-0.5564392789955296,0.6438440921106653],"GT_T":[144.2251809057977,-95.51658610356034,952.9283119949629],"R_pred":[0.06479171156629959,-0.9624744897317512,-0.2635239851093535,-0.6765628185673092,0.15174881294566223,-0.7205796627034659,0.7335289950946504,0.22497811979209825,-0.6413423882531425],"T_pred":[126.81747729095427,-70.648575706255,790.3530675973042],"rotation_error":174.4603841063411,"translation_error":165.384872879055,"ADD":0,"ADD_S":0}}
{"id_image":47,"data":{"GT_R":[0.620505803431956,0.7682213228802137,0.1575094078105412,-0.5818326845593581,0.3163326270364371,0.7492694703124712,0.5257788393353613,-0.5565702104642718,0.643262303594355],"GT_T":[141.91775727060755,-94.82632933307914,953.9654826644843],"R_pred":[-0.08057325102365198,-0.9919676537026673,-0.09750961607505482,-0.7159704831166177,0.12566003189667618,-0.6867283478126437,0.6934653693770415,0.014482071376407002,-0.7203443975512075],"T_pred":[119.5637669035807,-70.895116133232,790.257095866305],"rotation_error":175.0186445273645,"translation_error":166.95160903270127,"ADD":0,"ADD_S":0}}
{"id_image":48,"data":{"GT_R":[0.6178979413238811,0.7702057582137399,0.1580698874462756,-0.5822458543586893,0.3131238269939886,0.7502953871036399,0.5283857959205084,-0.5556415617493421,0.6419273001944964],"GT_T":[140.2630530755297,-94.12494929231366,955.3137759594971],"R_pred":[-0.07321228773979382,-0.9907671506327751,-0.11410702936680811,-0.6768528024429683,0.1333912158184446,-0.7239316731346802,0.7324685964251341,0.024232968647879605,-0.6803693985486892],"T_pred":[119.60082937330128,-69.59694049395412,797.3890071198078],"rotation_error":176.7867177431767,"translation_error":161.14832706858184,"ADD":0,"ADD_S":0}}
{"id_image":49,"data":{"GT_R":[0.61517164568615,0.7719618453633005,0.16012465779069138,-0.5830323483534806,0.3087345152363181,0.7515024082151478,0.5306938752109661,-0.5556607736856977,0.6400039011798146],"GT_T":[139.27307448947104,-93.27593763127702,956.495181926312],"R_pred":[-0.09737184101296847,-0.9917624335661204,-0.08322259275432248,-0.6951673993629468,0.12761509489932854,-0.7074296250630111,0.7122225856013711,-0.01103009160623536,-0.7018670284594196],"T_pred":[115.54281226488268,-68.80343088486784,785.1508492589485],"rotation_error":174.51917181665507,"translation_error":174.70234477225796,"ADD":0,"ADD_S":0}}
{"id_image":50,"data":{"GT_R":[0.6152961864698012,0.7718324166011258,0.1602694093501993,-0.5824254129010542,0.3081035157200973,0.7522317536537901,0.5312165691604713,-0.556190595836402,0.6391097845639234],"GT_T":[137.93705760436586,-93.00003902721924,957.2885668195884],"R_pred":[0.006471615170692169,-0.9863421925246759,-0.16458188673939123,-0.6741565490509093,0.11725523616898104,-0.7292216103234501,0.7385601299615704,0.11567319843668122,-0.6641902179305086],"T_pred":[120.7252236668501,-68.728419482403,799.8176048698969],"rotation_error":179.58997339379783,"translation_error":160.2574884371464,"ADD":0,"ADD_S":0}}
{"id_image":51,"data":{"GT_R":[0.6140560932970003,0.7725667214807861,0.16148206899227008,-0.5836293073455446,0.3067299777496252,0.7518592926650535,0.5313298561340606,-0.5559291324300665,0.6392428607584549],"GT_T":[137.14346930405875,-93.40505913133988,957.6903568746227],"R_pred":[-0.11943732780325278,-0.9891855934066942,-0.08512688484764863,-0.6974715857440101,0.14461597045411623,-0.7018686544997935,0.7065890685589147,-0.024455733198182616,-0.7072013894972102],"T_pred":[113.02716378495921,-69.29329478869879,777.3064431228996],"rotation_error":174.45138460920117,"translation_error":183.57921917252693,"ADD":0,"ADD_S":0}}
{"id_image":52,"data":{"GT_R":[0.6119777387837838,0.7734861725974774,0.164933793039282,-0.5856160112089643,0.303022468493788,0.751818562503759,0.5315417937963516,-0.5566842477036648,0.6384091073986127],"GT_T":[136.39218595838398,-94.18052004943033,958.2225753485674],"R_pred":[-0.12442564231809738,-0.9908890548264471,-0.05154745928636301,-0.7190590720527099,0.12584656145052275,-0.6834593578770981,0.6837194676418279,-0.04797420136104524,-0.7281663035126972],"T_pred":[113.04524350066269,-70.12458441362052,782.3346076103793],"rotation_error":171.9788510520796,"translation_error":179.054028037652,"ADD":0,"ADD_S":0}}
{"id_image":53,"data":{"GT_R":[0.6126799645956958,0.773130304388743,0.1639954565529066,-0.5849286992225999,0.3040347091846343,0.7519450299532644,0.5314902003565812,-0.5566268486423239,0.6385013829374372],"GT_T":[137.1760068553422,-94.50877645905146,958.5656339547344],"R_pred":[-0.1687095180357785,-0.9838849506824234,-0.05922417027515581,-0.6015348197100607,0.15037318960329105,-0.7845659720666691,0.7808283801198059,-0.09673834642569595,-0.6172104447676676],"T_pred":[106.651906297859,-63.38818963236913,734.9646984380493],"rotation_error":174.674035043732,"translation_error":227.81042558060682,"ADD":0,"ADD_S":0}}
{"id_image":54,"data":{"GT_R":[0.6101215362379067,0.7739592426438491,0.16952662140637975,-0.5883645942092807,0.29928043556973627,0.7511709791998176,0.5306391551022646,-0.5580492269940551,0.6379681374540164],"GT_T":[136.21319652288648,-93.78564280632594,959.629466598714],"R_pred":[-0.04336625549983264,-0.9827630213762762,-0.17971146791258452,-0.7009831512751542,0.15810142640877012,-0.695432642745411,0.7118581245671621,0.09581640142942605,-0.6957565865335648],"T_pred":[116.74571230271839,-69.78938342325286,783.223444491568],"rotation_error":179.15516584227328,"translation_error":179.0918424772862,"ADD":0,"ADD_S":0}}
{"id_image":55,"data":{"GT_R":[0.6081866326940065,0.7757951089671815,0.1680847784791818,-0.5872614756121759,0.2972767740962322,0.7528282632230643,0.5340711379150015,-0.5565691615302286,0.6363947068181451],"GT_T":[132.75705903479508,-91.4405031525457,961.2656368001735],"R_pred":[-0.09927642430549832,-0.9849537580800353,-0.14145771813913338,-0.6553109623777008,0.17169476929844274,-0.7355871456076204,0.7488068737429743,0.019672331828496425,-0.6624962378728676],"T_pred":[109.72142749569231,-65.42742722889098,763.976522460518],"rotation_error":178.02407645690795,"translation_error":200.32552277815424,"ADD":0,"ADD_S":0}}
{"id_image":56,"data":{"GT_R":[0.6066492500125843,0.7768331323047967,0.1688415807090518,-0.5866876653209177,0.29417393853359425,0.7544922464424512,0.5364452682539261,-0.5567699112143435,0.634219395374537],"GT_T":[130.72645856976501,-89.4502056080862,962.5692931893242],"R_pred":[-0.08472384446177061,-0.9903856656167271,-0.10935311390412883,-0.6782242831717034,0.13772069561011124,-0.7218343519928209,0.7299545820774375,0.013009355924819,-0.6833718349204735],"T_pred":[109.81463647620843,-63.81227460789286,783.2766918666658],"rotation_error":175.7476840572224,"translation_error":182.3196223621828,"ADD":0,"ADD_S":0}}
{"id_image":57,"data":{"GT_R":[0.6053368772143293,0.7778280495526533,0.16897376820243226,-0.5861147121722274,0.2919491448522638,0.7558011643279693,0.538550714959164,-0.5565517221161438,0.6326234000230795],"GT_T":[130.76944432585026,-88.3373332572509,964.1240550659307],"R_pred":[0.00561163308371726,-0.9789758921245272,-0.20389877933209888,-0.6935036697746929,0.14308968723725313,-0.7061005604128769,0.7204312386225125,0.14536692899463505,-0.6781204069864741],"T_pred":[119.4217044784976,-68.16979261413323,832.2028893695751],"rotation_error":179.33632651020946,"translation_error":133.93541299417535,"ADD":0,"ADD_S":0}}
{"id_image":58,"data":{"GT_R":[0.6066880051779151,0.7767161290174062,0.16923963205904627,-0.5853663498603938,0.29246098610366705,0.7561829312895536,0.5378434293227353,-0.5578345685986186,0.6320964665710274],"GT_T":[131.86149487063759,-87.34844344383697,964.8317914210193],"R_pred":[-0.04297181590796639,-0.9863278071810431,-0.15909393394786292,-0.7122707393206098,0.14191047493122688,-0.6874094929606848,0.7005881935525633,0.08377871976957352,-0.7086305872374741],"T_pred":[113.94071584905899,-64.95991043579798,795.1216036353362],"rotation_error":177.64284204962757,"translation_error":172.11609038449632,"ADD":0,"ADD_S":0}}
{"id_image":59,"data":{"GT_R":[0.6075300593320045,0.7762281882844312,0.16845964536069072,-0.5833130072720346,0.2920534904402272,0.7579250830023669,0.5391218400973073,-0.5587262185566692,0.6302155689622758],"GT_T":[132.73258207724191,-86.26057841757287,966.21199253337],"R_pred":[-0.14323949773914568,-0.9888522456065747,-0.04066549700018113,-0.6951227733303589,0.12976949485830858,-0.7070814721103431,0.704476242526991,-0.07301448187211795,-0.705961832645362],"T_pred":[106.5049297632424,-61.03100441106016,767.9330874869956],"rotation_error":171.55279453649499,"translation_error":201.59103486227576,"ADD":0,"ADD_S":0}}
{"id_image":60,"data":{"GT_R":[0.6062605758781763,0.7768051488190882,0.17036249178590773,-0.5838274202456536,0.28928318346784254,0.7585907433843632,0.5399934395717139,-0.5593661279931393,0.6289016452776859],"GT_T":[134.25235372576057,-85.89360097189265,967.6736039587288],"R_pred":[-0.11762817633992861,-0.9921616312160092,-0.042177122634556474,-0.7186712598131689,0.11436089373684177,-0.685881335438036,0.6853285580285529,-0.05036748481409975,-0.7264901128191671],"T_pred":[111.98109350410722,-62.637837872217894,795.0656233539886],"rotation_error":171.02253581651746,"translation_error":175.58574690918155,"ADD":0,"ADD_S":0}}
{"id_image":61,"data":{"GT_R":[0.6072446412065555,0.7755857287213263,0.17239910081662413,-0.5834220931460075,0.2879901731986343,0.7593945235995654,0.5393257232715004,-0.561719113163373,0.6273742543220305],"GT_T":[135.89079133072804,-85.13530559587302,968.8386023900589],"R_pred":[-0.026987710817824473,-0.9876536541395959,-0.15431112380355816,-0.688953126297905,0.13022661199423724,-0.713010953136658,0.724303288152937,0.08707059775381093,-0.6839615908643097],"T_pred":[119.45987137808504,-63.359369069863114,815.2760353067941],"rotation_error":177.69173521411412,"translation_error":155.9667546346886,"ADD":0,"ADD_S":0}}
{"id_image":62,"data":{"GT_R":[0.6081551507821942,0.7743020753513568,0.17494155869087247,-0.5844052727106607,0.2875669179733623,0.7587993185016148,0.5372311838905067,-0.5637044967945634,0.6273909973362727],"GT_T":[137.02578442249748,-84.25934714954087,969.7551398270118],"R_pred":[-0.12729894043255396,-0.9870934546254382,-0.0971673381356461,-0.6651185775141115,0.15762688258880453,-0.7299116684441617,0.7358072149757393,-0.028289180280685722,-0.6765999295512032],"T_pred":[113.89397199830562,-60.043007096836355,792.0395008117453],"rotation_error":174.8103167320827,"translation_error":180.84346884026735,"ADD":0,"ADD_S":0}}
{"id_image":63,"data":{"GT_R":[0.6081383375662577,0.7744711653683922,0.17424883935120317,-0.5824172218579629,0.2861450136678272,0.7608621989577513,0.5394053043553639,-0.5641946390173967,0.6250812489661022],"GT_T":[137.34688330969837,-81.83970790585025,971.5333247056861],"R_pred":[0.026222059598092096,-0.9835412574521043,-0.1787707987339316,-0.6503868581405061,0.11902197584288376,-0.7502204369547509,0.7591504056170659,0.13594250312536466,-0.6365613069418018],"T_pred":[119.89017712705132,-57.277432151602646,795.4726168569211],"rotation_error":179.95713849626748,"translation_error":178.62086896324055,"ADD":0,"ADD_S":0}}
{"id_image":64,"data":{"GT_R":[0.609013233518447,0.773506407953246,0.17547298963025798,-0.5811159322434589,0.28457255438449813,0.7624453823948539,0.5398209369032135,-0.5663093626690349,0.6228053363503502],"GT_T":[137.75926869564003,-80.31423663229282,972.9022247324343],"R_pred":[-0.04785344180127604,-0.9884226137268908,-0.1439818904622172,-0.717480305352513,0.134301735958672,-0.6835093672728649,0.6949331331423455,0.0705958950066446,-0.7156005590196071],"T_pred":[122.59767661465365,-61.88391091537666,838.2001898273213],"rotation_error":176.13861437862957,"translation_error":136.79981355265122,"ADD":0,"ADD_S":0}}
