{"id_image":1,"data":{"Best_template_id":132,"GT_R":[0.6418819717487884,0.7582765724039574,0.11403544242068454,-0.5586369169004002,0.3605552659979696,0.7469431135987115,0.5252732680735938,-0.5431539474511037,0.6550358024234259],"GT_T":[148.56392182698585,-98.46635542658328,937.2246781734016],"R_pred":[-0.18008356334809072,-0.9836502964902214,-0.0014157777203155641,-0.9725295153607578,0.17826306380946,-0.14969509622373506,0.14750000665770588,-0.02558074072350843,-0.9887311938742569],"T_pred":[122.04782839296959,-80.50431832645113,743.840093763426],"rotation_error":163.96271051496845,"translation_error":196.01871205373982,"ADD":0,"ADD_S":0}}
{"id_image":36,"data":{"Best_template_id":132,"GT_R":[0.6310180827759202,0.7636991088914716,0.13630983807883323,-0.570188310524971,0.33743850937644737,0.749012803711823,0.52602354732053,-0.5503628738226851,0.6483830372582221],"GT_T":[145.40931557119868,-94.97304924980526,945.6640686270447],"R_pred":[0.3260899473065503,-0.5825289069164459,-0.7445303344205276,-0.6987677759994007,0.38191920473870755,-0.6048647090685695,0.6367016110317794,0.7174941070548835,-0.28251241539276184],"T_pred":[101.19890769971543,-51.36359130356356,485.6809125760959],"rotation_error":139.00271116453223,"translation_error":464.1560608643599,"ADD":0,"ADD_S":0}}
{"id_image":47,"data":{"Best_template_id":132,"GT_R":[0.620505803431956,0.7682213228802137,0.1575094078105412,-0.5818326845593581,0.3163326270364371,0.7492694703124712,0.5257788393353613,-0.5565702104642718,0.643262303594355],"GT_T":[141.91775727060755,-94.82632933307914,953.9654826644843],"R_pred":[-0.2275714275078412,-0.9389390331462149,0.25807893640608304,-0.937303043919715,0.2830604346935184,0.20332189791056474,-0.2639588021659457,-0.19562791811387334,-0.9444868810171748],"T_pred":[112.66364458216083,-82.85323020954412,757.2864626305575],"rotation_error":146.72485592495593,"translation_error":199.2028994099135,"ADD":0,"ADD_S":0}}
{"id_image":58,"data":{"Best_template_id":166,"GT_R":[0.6066880051779151,0.7767161290174062,0.16923963205904627,-0.5853663498603938,0.29246098610366705,0.7561829312895536,0.5378434293227353,-0.5578345685986186,0.6320964665710274],"GT_T":[131.86149487063759,-87.34844344383697,964.8317914210193],"R_pred":[-0.6429655222960515,0.6430799192157559,0.41598504136569925,-0.22323996348066244,0.36219486467048156,-0.9049744740662491,-0.7326385574372388,-0.674731870825581,-0.08931767265493118],"T_pred":[78.5147934741016,-61.87343349138966,1009.9991219202907],"rotation_error":132.14515958123306,"translation_error":74.39713990738407,"ADD":0,"ADD_S":0}}
{"id_image":65,"data":{"Best_template_id":132,"GT_R":[0.6073922696309018,0.774432896976652,0.17699926093010424,-0.5820022193259049,0.2821576144888201,0.7626661689933546,0.5406915645962294,-0.5662507617230238,0.6221024243641334],"GT_T":[138.50110597429287,-80.11233973715967,974.1699641056447],"R_pred":[0.273810389169407,-0.9135107832307304,-0.3008752560515323,-0.3759209940319773,0.18629557961404292,-0.9077319886741229,0.8852746901549303,0.3616517744148991,-0.2923982165363651],"T_pred":[110.87929073758778,-31.24958897014929,625.2869540207842],"rotation_error":164.08809919500425,"translation_error":353.36933626923906,"ADD":0,"ADD_S":0}}
{"id_image":73,"data":{"Best_template_id":132,"GT_R":[0.5987610580614058,0.7777244629170504,0.19139150146838096,-0.5887763755252566,0.26540615191696404,0.7634806181172477,0.5429803303176335,-0.5698285916023589,0.6168207316330427],"GT_T":[129.6441001157465,-74.52883559115949,979.6632237519617],"R_pred":[0.21059313873527896,-0.871371522763816,-0.4431277459535705,-0.430933401778273,0.3241260634870373,-0.8421631066487079,0.8774662005738052,0.3683123189423152,-0.30724436946167943],"T_pred":[113.1986265518996,-36.49169041703288,701.4238557671246],"rotation_error":158.6361991708049,"translation_error":281.30841421887544,"ADD":0,"ADD_S":0}}
{"id_image":91,"data":{"Best_template_id":132,"GT_R":[0.5890370568758863,0.7799904523348049,0.21130823411135682,-0.600266191451409,0.2472505179569239,0.7606228287410163,0.5410321219895926,-0.5748758349830164,0.6138415127797915],"GT_T":[124.11153625385727,-78.8627310848216,983.1473252581287],"R_pred":[-0.006545346376243044,-0.900280625678451,-0.4352607878833462,-0.5690966589892477,0.3612597877317346,-0.7386611933053594,0.8222445811120257,0.24287066680856753,-0.5147112666688685],"T_pred":[108.43611301287865,-45.746175595234064,735.9601390685233],"rotation_error":165.8903844164186,"translation_error":249.88783515332113,"ADD":0,"ADD_S":0}}
{"id_image":109,"data":{"Best_template_id":132,"GT_R":[0.5874829848070667,0.7778935703317688,0.22303814337796998,-0.5940665956353528,0.22741962763380602,0.7715990549840606,0.5494986356144904,-0.5858004135141277,0.5957257941820087],"GT_T":[122.68074001135429,-65.34027089892962,985.8588035699215],"R_pred":[-0.7305579275731368,0.11320860930818391,-0.6734010136898744,0.37680971340232206,-0.755588163201057,-0.5358180358257013,-0.5694730497097323,-0.6451901567824477,0.5093428189788642],"T_pred":[50.26465210570203,18.077296863607508,529.6798979116875],"rotation_error":165.01486605038585,"translation_error":469.36315829698503,"ADD":0,"ADD_S":0}}
{"id_image":125,"data":{"Best_template_id":132,"GT_R":[0.5942568889166079,0.7784498939099895,0.20217546620792876,-0.5762671102242157,0.2367604482187708,0.7822152121846935,0.5610476869999671,-0.5813431310516515,0.5892920358687792],"GT_T":[104.36881264443105,-53.19528469804431,986.9487854819711],"R_pred":[-0.0473790592076484,-0.911778760213956,-0.4079395999057944,-0.5077630221314713,0.37368056956395024,-0.7762342077532252,0.8601929656213851,0.17035939760712726,-0.4806721726316424],"T_pred":[92.00609732949684,-25.183140686837373,718.8294308716374],"rotation_error":166.67929626280332,"translation_error":269.86201151463416,"ADD":0,"ADD_S":0}}
{"id_image":148,"data":{"Best_template_id":132,"GT_R":[0.6082593570537944,0.7707725438502662,0.18955303052569594,-0.5696428638557507,0.25759657960099236,0.7804811963227516,0.552744965057797,-0.5827128476403519,0.5957510688357371],"GT_T":[109.93571564917447,-67.45402690337656,978.7963992919687],"R_pred":[0.2001786384522819,-0.8446437580818028,-0.4964931365495795,-0.5870516523345711,0.3023096413378126,-0.7509855113418984,0.7844098866017946,0.44179837334201655,-0.43533358142200324],"T_pred":[96.49387815270225,-35.01443763260766,674.7054868001455],"rotation_error":160.0884716791973,"translation_error":306.11156954196844,"ADD":0,"ADD_S":0}}
{"id_image":231,"data":{"Best_template_id":132,"GT_R":[0.6951930540418677,0.7086455993483173,0.12054107261551074,-0.47386093993978107,0.32569713435784803,0.8181551400274937,0.5405205065407597,-0.6258941793513377,0.5622217815558377],"GT_T":[123.35713646645851,-42.07735572758702,950.4953519449991],"R_pred":[0.44094470656091483,-0.8559663950006513,-0.2699801777640306,-0.35033632095022255,0.11279711989170998,-0.9298071154638461,0.8263366311491772,0.5045773878937938,-0.2501388247499867],"T_pred":[99.28330132194777,-5.62643839289428,587.5282150897789],"rotation_error":161.83731669939425,"translation_error":365.58632544172366,"ADD":0,"ADD_S":0}}
{"id_image":357,"data":{"Best_template_id":179,"GT_R":[0.830042750696347,0.5568361822521445,-0.031043282632668125,-0.2547197887612686,0.4280382726241484,0.8671219971906472,0.49613173369520125,-0.7118409834457397,0.49712734494412586],"GT_T":[132.27206926586413,4.149243237829481,924.4512316960275],"R_pred":[-0.5610454748745388,-0.6819193098625551,0.4692696772212966,-0.4166240758783937,0.7224796909841651,0.5517675919387616,-0.7152987868864855,0.11405766502958839,-0.6894479636105401],"T_pred":[125.33706746498251,-17.094640164063577,938.0450417420933],"rotation_error":150.74884752330001,"translation_error":26.15699721948177,"ADD":0,"ADD_S":0}}
{"id_image":521,"data":{"Best_template_id":179,"GT_R":[0.8931335169317708,0.44913358191938224,-0.024344946875507218,-0.1889639803369353,0.4237838556075088,0.8858326267871037,0.4081735081801909,-0.7865661945516873,0.46336586434661553],"GT_T":[182.9188263273062,2.629766717017655,911.7627574432053],"R_pred":[-0.6496196922459945,-0.7413085356032596,-0.1686887977548312,-0.28967236669586366,0.4464929676123064,-0.846601411436086,0.7029112144638443,-0.5011044650714129,-0.5047872221703482],"T_pred":[152.49520853668838,7.577552464229906,690.2461215036302],"rotation_error":169.71595085931932,"translation_error":223.6508374705003,"ADD":0,"ADD_S":0}}
{"id_image":526,"data":{"Best_template_id":179,"GT_R":[0.891898665297791,0.4514865073103387,-0.026016458583931656,-0.18561313276536973,0.4179205135815652,0.8893198059918195,0.41238785898297986,-0.7883548405167381,0.45654529800521776],"GT_T":[178.0338308109392,7.378732382797452,911.9229469098533],"R_pred":[-0.7732033223602105,-0.6337800173461661,-0.021897760246787357,-0.25544727474292106,0.342875839118287,-0.9039816639596981,0.5804337275844219,-0.6933679027483343,-0.42701011618090434],"T_pred":[142.69119017750782,14.445658127932562,690.6092509218593],"rotation_error":177.06566206311314,"translation_error":224.22933732742774,"ADD":0,"ADD_S":0}}
{"id_image":537,"data":{"Best_template_id":132,"GT_R":[0.8952467571566637,0.4447556997951205,-0.02695564360405276,-0.17835553834828866,0.4131372885928532,0.8930325346228498,0.40831651678708286,-0.7946763774109998,0.44918453831350064],"GT_T":[177.79638886198518,12.060139938317718,911.1286027451964],"R_pred":[-0.24462258670427717,-0.962924406294945,0.11373819866534035,-0.5076751037984003,0.027257451706485525,-0.8611173092614923,0.8260906603136198,-0.26839079546064326,-0.49552053625920617],"T_pred":[126.25362299253243,17.352058009932517,637.9423731237168],"rotation_error":174.13125807811446,"translation_error":278.05642802343135,"ADD":0,"ADD_S":0}}
{"id_image":542,"data":{"Best_template_id":132,"GT_R":[0.8974281465250099,0.44021693026125175,-0.028860615046330945,-0.17321713272698533,0.4117769424002473,0.8946702232210927,0.40573196321820626,-0.797903243117505,0.44579364871678306],"GT_T":[178.34163813082625,14.078813604501399,909.7173163689971],"R_pred":[-0.11811869577312728,-0.9923621612186215,-0.035571262141820104,-0.39485911123801776,0.07980706583779551,-0.9152688755304008,0.9111170374771718,-0.09406472890445405,-0.40126994753526385],"T_pred":[139.37765581334347,21.41182870941702,668.2932362608714],"rotation_error":175.41351346735306,"translation_error":244.65802967534245,"ADD":0,"ADD_S":0}}
{"id_image":552,"data":{"Best_template_id":179,"GT_R":[0.9029936748637759,0.4283639587312345,-0.03326704536038063,-0.16238911102315293,0.41195047780384986,0.8966197573160921,0.39778342396558103,-0.8042397036254273,0.4415504057004069],"GT_T":[183.23875077126263,14.929619897154684,907.2517123748902],"R_pred":[-0.7478512089100424,-0.6605857725616626,-0.06591666269540053,-0.07361236908756019,0.18119494305886485,-0.9806883356740872,0.6597725278072016,-0.7285566756944897,-0.18413414091875868],"T_pred":[145.28129217912698,24.502513051382962,671.6899856789119],"rotation_error":172.24627725176975,"translation_error":238.7922444932137,"ADD":0,"ADD_S":0}}
{"id_image":558,"data":{"Best_template_id":132,"GT_R":[0.9041668380087107,0.42580546182175594,-0.0342384425118263,-0.15758790761224284,0.40697332157532873,0.8997439286525696,0.39704948501326914,-0.8081228751000127,0.4350735625884497],"GT_T":[182.95271199612836,19.77512709328215,907.4470980412501],"R_pred":[-0.09888094698346839,-0.9950161576289266,-0.012860963456111485,-0.3936132871110133,0.0509795111868826,-0.9178614653905073,0.9139426341589034,-0.08569676479607252,-0.3966924828758054],"T_pred":[141.83402491840826,25.535920917886656,664.7210966882145],"rotation_error":176.45291157719652,"translation_error":246.25158863511706,"ADD":0,"ADD_S":0}}
{"id_image":564,"data":{"Best_template_id":166,"GT_R":[0.9049417620493071,0.4242472512761847,-0.03308973097374034,-0.15673454698656844,0.4045949341621968,0.9009646507349736,0.3956192688024703,-0.810134856633536,0.4326291558576621],"GT_T":[181.59475686536743,19.615186945166734,907.4552930420258],"R_pred":[-0.5617908636958545,-0.8251201261187513,-0.05973108856903542,-0.37315400740378535,0.31718059663701026,-0.8718672811130641,0.7383407832609288,-0.4675181778185387,-0.48608604298300073],"T_pred":[149.33475778080498,22.198276313132116,698.6634845847707],"rotation_error":175.7936346322341,"translation_error":211.28511346157347,"ADD":0,"ADD_S":0}}
{"id_image":570,"data":{"Best_template_id":132,"GT_R":[0.9055347712452245,0.4229158279894361,-0.0339054785592108,-0.15570052545439533,0.40559187346894726,0.9006957215560405,0.39466930823083946,-0.8103316458981319,0.43312606083267213],"GT_T":[179.85564327700297,17.659229777321904,906.975140677104],"R_pred":[-0.07471972949434869,-0.9953394837410722,-0.060961251056282695,-0.40946476322771874,0.08636437118257512,-0.90822893758408,0.9092610019676195,-0.04290113630539588,-0.41400956849394954],"T_pred":[140.58603723153965,23.64388855584403,659.4596448336042],"rotation_error":174.7130248704578,"translation_error":250.68274528238837,"ADD":0,"ADD_S":0}}
{"id_image":576,"data":{"Best_template_id":132,"GT_R":[0.9079455703842656,0.41780859392119346,-0.03272158174110647,-0.1538383263093365,0.40489682237657876,0.9013282008627288,0.38983091399431,-0.8133231207360848,0.43189923482593834],"GT_T":[182.66568380567267,18.20819701703951,905.5149053396008],"R_pred":[0.031040191264475214,-0.9956390087052808,-0.08797426254667196,-0.3985379581541092,0.06838867983296792,-0.9145985372725333,0.9166264246881706,0.06345039649261286,-0.3946771398856436],"T_pred":[144.81390714011008,24.215137421858334,658.0645507624672],"rotation_error":172.98182070850544,"translation_error":250.40071547444867,"ADD":0,"ADD_S":0}}
{"id_image":591,"data":{"Best_template_id":166,"GT_R":[0.9103638817279999,0.41209950381030036,-0.03756607710146762,-0.1430715548942951,0.3986353727775789,0.9058807754209128,0.3882879160206005,-0.8193070801732386,0.42186308204191714],"GT_T":[181.2022923755349,24.115528918167612,904.311141636671],"R_pred":[-0.47809689105927117,-0.8759858829811509,-0.06381297342384917,-0.31029378625588194,0.23642805721797278,-0.9207711659099258,0.8216697201250929,-0.4204170626626238,-0.3848484954520195],"T_pred":[146.74371849598526,27.423289928784744,671.4544870057715],"rotation_error":173.76316569609136,"translation_error":235.4157093369296,"ADD":0,"ADD_S":0}}
{"id_image":594,"data":{"Best_template_id":179,"GT_R":[0.913486368335718,0.40515997559220224,-0.03727201220637656,-0.1396444276491282,0.3982483597559153,0.9065859317144563,0.38215476089658973,-0.8229486418074607,0.42037228437955515],"GT_T":[186.51862253770625,26.23787416252897,902.933252543758],"R_pred":[-0.7078447505392826,-0.7055769968478675,-0.03342021324177219,-0.23980764140978886,0.2845426208587427,-0.9281852142952464,0.664415611086506,-0.6489966089541476,-0.37061475592663917],"T_pred":[152.6069840449398,29.10853777658499,686.177497971097],"rotation_error":175.4515923269055,"translation_error":219.4112510223959,"ADD":0,"ADD_S":0}}
{"id_image":617,"data":{"Best_template_id":166,"GT_R":[0.9151065892067218,0.40045264017090604,-0.047091236563075775,-0.12487785104706135,0.3925242159717115,0.9112244191104346,0.3833862506306957,-0.8279876009855125,0.4092089234264012],"GT_T":[180.93586539965273,31.025153250337958,900.3767287424009],"R_pred":[-0.5013888884560889,-0.863925233782861,-0.04735370065788569,-0.3235186990088149,0.2379555440139649,-0.9158126503082723,0.8024617336199973,-0.4438584791419974,-0.3988042333894434],"T_pred":[155.66321400099392,33.067831927524026,711.2534680990198],"rotation_error":174.6522761085642,"translation_error":190.81532213446764,"ADD":0,"ADD_S":0}}
{"id_image":629,"data":{"Best_template_id":132,"GT_R":[0.915090897301947,0.40016504065200004,-0.049763933608604885,-0.12186309141511294,0.3920691519698703,0.9118282767622744,0.38439193923574355,-0.8283422677412069,0.4075441013120128],"GT_T":[173.59348702355078,27.306613256973446,896.7750515890536],"R_pred":[0.23499986341567874,-0.9489916228788063,-0.21021409063253033,-0.3838620142007888,0.10808094163777354,-0.9170433272797995,0.8929865722665296,0.2961982609006027,-0.3388828292952193],"T_pred":[148.0489104987517,31.260985500620464,661.7090222830759],"rotation_error":166.10615612846144,"translation_error":236.48298159349952,"ADD":0,"ADD_S":0}}
{"id_image":631,"data":{"Best_template_id":132,"GT_R":[0.9140424047420854,0.40218510634624066,-0.05267410508872146,-0.11933059514906828,0.3907426381471528,0.9127320991643338,0.3876683640132283,-0.8279902966451673,0.4051483535194384],"GT_T":[171.41042694892158,28.516991290739192,896.7892213548593],"R_pred":[-0.11856344951634834,-0.9928576979960875,-0.013277799843883054,-0.40065683198857077,0.06007162460151605,-0.9142568035834444,0.9085245243908755,-0.10307759915541531,-0.4049175189253844],"T_pred":[130.19620515663843,30.572059514580822,640.8748597093704],"rotation_error":176.69410105987598,"translation_error":259.2199758501767,"ADD":0,"ADD_S":0}}
{"id_image":651,"data":{"Best_template_id":132,"GT_R":[0.9180879931581555,0.39258463729458754,-0.05470020910489025,-0.10775260167120052,0.3799927043311642,0.918691657054355,0.3814492230870072,-0.8375461834954218,0.39116881520188723],"GT_T":[172.02693089614144,36.2440382683327,892.0787564819357],"R_pred":[-0.0859731591750813,-0.9958905523845143,-0.02847145188997796,-0.3625121943957499,0.057887766420579134,-0.930179507091623,0.9280051318908933,-0.0696492223223178,-0.3659992636796721],"T_pred":[140.24667490617435,38.845672447860615,691.0589125200453],"rotation_error":175.09667502799888,"translation_error":203.5331197561092,"ADD":0,"ADD_S":0}}
{"id_image":669,"data":{"Best_template_id":132,"GT_R":[0.9211724676795101,0.38519358590341474,-0.05538692824844313,-0.1051554875117626,0.3834125172451193,0.9175711358947828,0.37467839275514847,-0.8394168729634146,0.39369403968536454],"GT_T":[171.502015870562,29.985142065160108,884.8507526568336],"R_pred":[-0.0582665088497879,-0.9982239656609245,-0.012406785507756535,-0.3216378127874536,0.030536358777156436,-0.9463702489923995,0.9450683209862455,-0.0511511991336539,-0.3228458200061271],"T_pred":[130.12910879626875,33.11461318304394,627.0441927600946],"rotation_error":174.3828918312745,"translation_error":261.12398081188684,"ADD":0,"ADD_S":0}}
{"id_image":762,"data":{"Best_template_id":132,"GT_R":[0.9402600458631604,0.33792661041071015,-0.04143513441184343,-0.084934176559756,0.35068068520234175,0.9326354616100891,0.32969281958024677,-0.8734004198056701,0.35843258959533086],"GT_T":[175.04461204705254,44.24818539659216,864.7153981032959],"R_pred":[0.1290658644090139,-0.9901905511623448,-0.053522659062921474,-0.21082314524145146,0.025340618817721317,-0.9771957093993182,0.9689662553850138,0.13740642425573352,-0.2054844775120434],"T_pred":[132.32402416729724,42.50344457322132,588.5541034635178],"rotation_error":170.0330158408963,"translation_error":279.451522462217,"ADD":0,"ADD_S":0}}
{"id_image":1024,"data":{"Best_template_id":179,"GT_R":[0.9735786002574941,0.22817421366675933,-0.00898101598711446,-0.06756421905072496,0.32540778711572416,0.9431565054287923,0.21812618796847938,-0.9176312227523166,0.332227155701901],"GT_T":[181.69041291295258,37.75796539628948,830.82645016124],"R_pred":[-0.7479018812944697,-0.66038402556564,-0.06734771513505933,-0.19550569082850175,0.31609242935754256,-0.9283658228072149,0.6343660621517069,-0.6811596838338034,-0.36551495770976283],"T_pred":[168.27859180576482,38.50274321064914,726.6309180613549],"rotation_error":176.2658298126513,"translation_error":105.05779623132285,"ADD":0,"ADD_S":0}}
{"id_image":1036,"data":{"Best_template_id":166,"GT_R":[0.9717732882091932,0.23588920107228684,-0.003671071712220809,-0.07271065124093977,0.3142745412252338,0.9465435194282801,0.22443234234625276,-0.9195585274887506,0.322555526568721],"GT_T":[174.79112963588997,41.66035871926125,832.041403205812],"R_pred":[-0.5830831486913353,-0.5402493947706789,0.6067492341668949,-0.7052374641121549,-0.034161922669215916,-0.7081476415636783,0.4033040551802763,-0.8408112478371457,-0.36108487172088355],"T_pred":[222.6986547593247,41.80588450906986,1017.8460538075361],"rotation_error":142.1304955137043,"translation_error":191.88152679827417,"ADD":0,"ADD_S":0}}
{"id_image":1052,"data":{"Best_template_id":132,"GT_R":[0.9715738105448434,0.2367368913105256,0.0001496768500083639,-0.076493197363597,0.31333266628696677,0.9465577929022057,0.22403734137606007,-0.9196625059929836,0.3225340753036611],"GT_T":[170.66897769758663,40.372039234434226,830.2848765307208],"R_pred":[-0.06893033604914478,-0.9967090400643983,-0.04265792102361943,-0.26648169026423,0.05960154288629582,-0.9619954079097734,0.9613719974734393,-0.054943111847422565,-0.2697130640781991],"T_pred":[131.1662071117563,38.40993966717199,599.5152584005813],"rotation_error":176.17267858791817,"translation_error":234.13443866846887,"ADD":0,"ADD_S":0}}
{"id_image":1067,"data":{"Best_template_id":179,"GT_R":[0.9707134542801349,0.24022337232159752,0.002767501679594974,-0.07943758327886478,0.3100847022410957,0.9473841214744555,0.22672510015616804,-0.9198587199353565,0.32008713135906414],"GT_T":[162.95291788480583,42.342469528711035,829.5868580464769],"R_pred":[-0.7480048426963898,-0.41586542633786916,0.5172472353522748,-0.6328824240623043,0.21223555664711213,-0.7445910997371052,0.19987144022038433,-0.8843144325812582,-0.4219471432688182],"T_pred":[190.15914321033486,40.199904901018314,942.062442351505],"rotation_error":147.68239703538623,"translation_error":115.73904416576444,"ADD":0,"ADD_S":0}}
{"id_image":1095,"data":{"Best_template_id":132,"GT_R":[0.9693296155933919,0.24572116253118376,-0.004574544894854762,-0.07506360596106662,0.3137371579830227,0.9465382159445267,0.23401874296421715,-0.9171650295150819,0.3225592513612359],"GT_T":[151.7482495553347,41.02491459389825,831.7344355794554],"R_pred":[0.11950936299073212,-0.9897773185459973,-0.07783554361244699,-0.305571251469066,0.03792285175887711,-0.9514137205181052,0.9446394669042675,0.13748715215019153,-0.2979153580473012],"T_pred":[118.7961844858052,36.62077361759464,591.2716121526994],"rotation_error":175.50705947881005,"translation_error":242.75008650967132,"ADD":0,"ADD_S":0}}
{"id_image":1102,"data":{"Best_template_id":166,"GT_R":[0.9693365736411567,0.2457340082583567,-0.0012671848203841972,-0.07757998805206054,0.310910096236072,0.9472681435569179,0.23316927034528126,-0.9181231386160785,0.3204403232340764],"GT_T":[149.66344900228717,41.19180572613037,832.051756367125],"R_pred":[-0.5502103806623986,-0.8343472797353659,-0.03366235002987128,-0.22983967694512297,0.19007724556424033,-0.9544864397258209,0.8027716113024301,-0.5174314036825624,-0.2963485828715793],"T_pred":[136.24357749942152,41.33194920421549,702.9113049001733],"rotation_error":177.61341474644618,"translation_error":129.83593029834228,"ADD":0,"ADD_S":0}}
{"id_image":1130,"data":{"Best_template_id":166,"GT_R":[0.972059194548132,0.234729026698373,-0.0016529134060622925,-0.07442676662364893,0.3148809447358729,0.9462082150258706,0.22262194214950423,-0.9196476889068387,0.32355343926958385],"GT_T":[151.83871202599906,43.29772005503514,827.5226763579998],"R_pred":[-0.5837928978155886,-0.657741544586946,-0.4759852024847582,0.67690527238903,-0.07058815573763733,-0.7326776675192795,0.4483136231166869,-0.7499289118269393,0.4864375833897413],"T_pred":[0.0,0.0,1.0],"rotation_error":140.3581318261981,"translation_error":841.4686099704904,"ADD":0,"ADD_S":0}}
{"id_image":1144,"data":{"Best_template_id":132,"GT_R":[0.9746186933407752,0.2238691700086402,-0.0008270082303388797,-0.0717968653362151,0.31606596384505903,0.9460163533365156,0.21204450397709862,-0.9219462828564695,0.3241170965446438],"GT_T":[155.43124779543,46.44640840033954,820.1898869257817],"R_pred":[0.08058084090618767,-0.9937162325824569,-0.07768382831053117,-0.2378133238495706,0.05651925300785621,-0.9696650952978833,0.9679625773130234,0.09661067819636882,-0.2317645912989445],"T_pred":[119.97399904713848,43.182161098415186,582.4129832636006],"rotation_error":173.02091414726777,"translation_error":240.42821738394287,"ADD":0,"ADD_S":0}}
{"id_image":1150,"data":{"Best_template_id":132,"GT_R":[0.9748270570352017,0.22295828023092212,0.0012020257838226982,-0.07280167612767911,0.31320412953743354,0.9468911285317723,0.21074023201431885,-0.9231430356757745,0.32155169231977054],"GT_T":[154.60230949533425,48.28100986119859,818.5153220241154],"R_pred":[0.05577475936073817,-0.9912921705304312,-0.11928540926416142,-0.2782295714614975,0.09930792123396204,-0.9553670720432752,0.9588938845266474,0.08647409684556367,-0.27026792039038017],"T_pred":[127.12706421413066,45.636266678026054,626.472622565265],"rotation_error":172.9117105947967,"translation_error":194.0161905233931,"ADD":0,"ADD_S":0}}
{"id_image":1157,"data":{"Best_template_id":132,"GT_R":[0.9747452452299831,0.2233094703009644,0.0021931791558942293,-0.07323731879140756,0.3103721012236942,0.9477894459086315,0.2109687074514937,-0.924014210326997,0.3188878419710681],"GT_T":[151.79013795087243,49.20587889129283,815.8164937046703],"R_pred":[-0.13601163335471167,-0.9901372766933672,-0.03360072758774807,-0.27004301050587065,0.06968382651858984,-0.9603233501267443,0.9531933739116685,-0.12154150576642414,-0.27685746207556083],"T_pred":[121.56581596971773,45.68961303269915,615.4186562652629],"rotation_error":177.09113600242964,"translation_error":202.69476316668852,"ADD":0,"ADD_S":0}}
{"id_image":1168,"data":{"Best_template_id":132,"GT_R":[0.9746566116837395,0.22362237402051674,0.0060568818731699114,-0.07399636377479084,0.29672623773156637,0.9520916964358557,0.21111126382318723,-0.9284111651703291,0.30575390657985774],"GT_T":[147.60990380767467,56.59032676314522,812.7957568604089],"R_pred":[-0.018198405570348797,-0.9985133652120958,-0.05137973849206495,-0.24627861322664935,0.05428160804122817,-0.9676778139936953,0.9690282053180164,-0.004956462576712117,-0.24690032559085479],"T_pred":[120.60121654692814,52.364959442832294,632.7633752979224],"rotation_error":175.80517401618908,"translation_error":182.096077188942,"ADD":0,"ADD_S":0}}
{"id_image":1172,"data":{"Best_template_id":166,"GT_R":[0.9748025183238552,0.22296459382664272,0.006878194391596704,-0.07531772265199341,0.2999549900737483,0.9509758034332673,0.20996984777554323,-0.9275319981902592,0.3091898233222339],"GT_T":[145.07728164567615,55.5733270736009,812.4389085632661],"R_pred":[-0.4737967300896565,-0.8621493351506526,-0.17948588372247187,-0.23307218843121413,0.3193112639693113,-0.9185410560678302,0.8492314251935297,-0.3933685811063308,-0.35223166504753395],"T_pred":[177.5465803530289,64.3561449898369,873.0208418357947],"rotation_error":172.1440987780159,"translation_error":69.29331777404059,"ADD":0,"ADD_S":0}}
{"id_image":1179,"data":{"Best_template_id":179,"GT_R":[0.9765897145657315,0.21486785810595738,0.010232584355626644,-0.0757681517481628,0.2990714422960248,0.9512174210355269,0.20132489953281943,-0.9297242821696974,0.3083509109175529],"GT_T":[145.92412915163268,56.70419745218909,809.6297511565165],"R_pred":[-0.6423985077252281,-0.7485501051190204,-0.1643073260652227,-0.1643790465032262,0.3439909848044228,-0.9244726774999752,0.7485343588260263,-0.5668711868666341,-0.34402524784864746],"T_pred":[144.76343179855073,54.174651976370235,729.4060000564356],"rotation_error":172.36526283672487,"translation_error":80.27201292622117,"ADD":0,"ADD_S":0}}
{"id_image":1269,"data":{"Best_template_id":132,"GT_R":[0.9878824985627461,0.15518897380105806,0.0022251957506538044,-0.055903165070806476,0.3424145060016608,0.9378850220799692,0.1447864464460437,-0.9266443135552166,0.34694031132270625],"GT_T":[148.97340655466016,49.63175042137645,781.7233630143111],"R_pred":[-0.19178285438267317,-0.9807812003308967,0.0358827791889097,-0.20337649723211282,0.0039474245323603,-0.9790926504744879,0.9601340204046677,-0.19507089715548798,-0.2002248934186811],"T_pred":[91.71149677744519,40.701930048214635,478.26053211384414],"rotation_error":176.77424921234322,"translation_error":308.9471762961368,"ADD":0,"ADD_S":0}}
{"id_image":1491,"data":{"Best_template_id":132,"GT_R":[0.9999723011818219,0.005139693084488676,-0.0052638104003690026,0.003116417096370205,0.35225408588370755,0.9358995164159656,0.006663678635615664,-0.9358907772465874,0.35222884269398863],"GT_T":[153.84468474659988,66.54343080179873,773.9920323472327],"R_pred":[-0.19577401180992937,-0.9797981211978832,-0.04084333479214641,-0.3508792647218477,0.10887974947319401,-0.9300693209341493,0.9157271852948894,-0.1677523229399583,-0.36510666970098876],"T_pred":[140.93942692270952,64.45955306642908,672.1055277521012],"rotation_error":178.4648682168124,"translation_error":102.72170191605468,"ADD":0,"ADD_S":0}}
{"id_image":1554,"data":{"Best_template_id":132,"GT_R":[0.9996125274392264,-0.027274689506959646,-0.005592763378006885,0.015181729733417207,0.3655715343933581,0.930659877434881,-0.023339503236239716,-0.9303840668125078,0.3658435299997805],"GT_T":[153.75165815991645,55.30491638397927,768.4980793962717],"R_pred":[-0.17654103677133504,-0.9815909467669726,-0.07288673103398646,-0.31550143135793124,0.12657506977975763,-0.9404454255943542,0.9323583587584758,-0.14303134249306332,-0.33203904276128926],"T_pred":[134.35175443662686,53.173196817508014,652.7750364983591],"rotation_error":175.27597395635817,"translation_error":117.35724583652728,"ADD":0,"ADD_S":0}}
{"id_image":1557,"data":{"Best_template_id":166,"GT_R":[0.9996750938165607,-0.024853206945014868,-0.005670111501435206,0.014550967056267475,0.37370327315845436,0.9274342652867108,-0.020931297624547388,-0.9272158248425512,0.37394388134586176],"GT_T":[148.74502862606664,50.69954800238399,769.4497440976634],"R_pred":[-0.8028367818124384,-0.5895498435044908,-0.08879236337026597,-0.4026226676804713,0.42628140262945524,0.8100488585524483,-0.43971364459032625,0.686086836920877,-0.5796005201559069],"T_pred":[138.18942457469987,13.8464095414246,672.9517710707132],"rotation_error":149.67745145213343,"translation_error":103.83368138336363,"ADD":0,"ADD_S":0}}
{"id_image":1565,"data":{"Best_template_id":132,"GT_R":[0.9996599161399349,-0.025127852119344856,-0.006892601178784659,0.01595235054374349,0.38104434370716367,0.9244192848812472,-0.020603260574011704,-0.9242153715233751,0.3813158902060384],"GT_T":[141.41854303209007,44.82646006082681,771.5494583571004],"R_pred":[-0.1636634825217319,-0.9863368631731682,-0.01881108275919713,-0.3796534027701506,0.0805728220419073,-0.9216134298681028,0.9105369614979417,-0.14369277189169127,-0.3876529750333123],"T_pred":[161.3776008178913,51.39453589071393,821.4624733943609],"rotation_error":179.15134506774456,"translation_error":54.15544919870846,"ADD":0,"ADD_S":0}}
{"id_image":1568,"data":{"Best_template_id":179,"GT_R":[0.9996761531520493,-0.024120141480297348,-0.008082435350642209,0.01672508830150258,0.38380188903971346,0.9232641317063667,-0.019167522723394063,-0.923100517824601,0.38408151259604545],"GT_T":[136.98016880976513,43.42318005406496,772.7316962457567],"R_pred":[-0.827681489102593,-0.546418266196606,-0.1279469849727196,-0.10881179217381334,0.37991669409382756,-0.9185985518346633,0.550548223574318,-0.7463848765318821,-0.3739067659238734],"T_pred":[136.0058220242024,44.253477525035855,716.59989386762],"rotation_error":172.41297494228002,"translation_error":56.146397780864106,"ADD":0,"ADD_S":0}}
{"id_image":1575,"data":{"Best_template_id":166,"GT_R":[0.9996694869830871,-0.024054413322295364,-0.009014439629016413,0.017585856068781085,0.3850432510160099,0.9227307699220567,-0.018725446418801032,-0.9225850560144022,0.38533990344556296],"GT_T":[130.86300032120053,45.22916013062303,774.9054828344731],"R_pred":[-0.5902829747395055,-0.8013177015608871,-0.09724171377478485,-0.23132298794531836,0.2833445985054359,-0.9307016244456885,0.7733406008873,-0.5268830796893844,-0.35261669750069896],"T_pred":[125.60722243653808,45.921000282297214,692.2839751845291],"rotation_error":173.70868675436327,"translation_error":82.79139671679737,"ADD":0,"ADD_S":0}}
{"id_image":1582,"data":{"Best_template_id":166,"GT_R":[0.9994216596872976,-0.03201182076288577,-0.011440940996092736,0.022837885021201303,0.38294949017509045,0.9234870748641629,-0.02518212934087147,-0.923214029177608,0.3834591941339139],"GT_T":[132.3263225330695,50.18998328619614,775.2684991374889],"R_pred":[-0.6062887763878205,-0.795222377827813,0.0059404905553368526,-0.40398886963753344,0.3015553085138265,-0.8636303544434494,0.6849867975626589,-0.5260092829114416,-0.5040905885412299],"T_pred":[122.55335925114859,47.44303316596613,677.8765723080033],"rotation_error":176.74593958519168,"translation_error":97.91957903214593,"ADD":0,"ADD_S":0}}
{"id_image":1587,"data":{"Best_template_id":166,"GT_R":[0.999388381947412,-0.03495885696749002,-0.00040936072418206425,0.013697009214848526,0.3807266035382862,0.924585975507769,-0.03216714256097477,-0.9240266976402561,0.380972905189831],"GT_T":[133.99523267412246,50.56687715075025,774.3703144627791],"R_pred":[-0.5681207675361029,-0.8186770159120617,-0.08370625491270917,-0.18091247926792708,0.2234724973939084,-0.9577738343438192,0.8028134704520853,-0.5289876997869155,-0.27506825541095603],"T_pred":[122.45156382464599,50.38860236039245,658.5695247091172],"rotation_error":172.72019082167088,"translation_error":116.37487263141927,"ADD":0,"ADD_S":0}}
{"id_image":1592,"data":{"Best_template_id":132,"GT_R":[0.9992105919746973,-0.03972205386083695,-0.0008291202136563453,0.01595331134757215,0.3820074052633192,0.9240213598525209,-0.03638808082677871,-0.9233055117785646,0.38233889294529266],"GT_T":[134.03643485702852,50.799739194492815,774.710582643344],"R_pred":[-0.20893623774561731,-0.9777436494405324,-0.019052677906689852,-0.3297495803985623,0.08877987418992206,-0.9398847525977817,0.9206578424060041,-0.19009337157705064,-0.3409598910411463],"T_pred":[118.93600715310852,50.13670340167227,657.0578893295434],"rotation_error":177.49320041186667,"translation_error":118.61963908769529,"ADD":0,"ADD_S":0}}
{"id_image":1595,"data":{"Best_template_id":166,"GT_R":[0.9990813412078129,-0.04279834804727452,-0.002220154075964867,0.018481041511327432,0.38351779435525996,0.9233485796358267,-0.0386666533795595,-0.9225418589586549,0.38395726392651097],"GT_T":[132.77389326922224,50.603414219262845,776.1937890967479],"R_pred":[-0.5999111022607632,-0.7945995697924371,-0.09337126469075119,-0.2540898070031928,0.2998838586941127,-0.9195151120410203,0.7586468475920509,-0.5279026377850407,-0.38180330755277614],"T_pred":[124.93060339318268,47.92038992065384,672.6056204690988],"rotation_error":175.13054048361462,"translation_error":103.91931723744521,"ADD":0,"ADD_S":0}}
{"id_image":1614,"data":{"Best_template_id":166,"GT_R":[0.9975166486044831,-0.06993904479501005,0.008297526074405372,0.019968759827667156,0.3938325571364301,0.9189655789690925,-0.0675405142668503,-0.9165175845430235,0.39425107235190976],"GT_T":[148.4190814965707,41.093475261045484,769.018841563748],"R_pred":[-0.5413553032149399,-0.830464552680465,-0.13138897374702269,-0.1415047201710155,0.24402895899404786,-0.9593884934381921,0.8288008505367155,-0.5007778888025275,-0.24962102522844576],"T_pred":[148.33990354484982,45.287915757596636,713.4342230499466],"rotation_error":169.5461286614574,"translation_error":55.74270728581434,"ADD":0,"ADD_S":0}}
{"id_image":1615,"data":{"Best_template_id":166,"GT_R":[0.9974073363848726,-0.07153405375812943,0.0077557943096808486,0.021117969403029357,0.39406734767739304,0.918839298408652,-0.06878484762189943,-0.9162936223800328,0.3945561177278889],"GT_T":[148.55178006425442,40.94385536202236,768.7503943006157],"R_pred":[-0.5414249011202006,-0.835544155316607,-0.09340792773228046,-0.24085807599010378,0.2605914969680696,-0.9349221673157002,0.8055100642930084,-0.48369208823816695,-0.3423382831330363],"T_pred":[137.75891406951934,40.02851117133716,671.6946110973159],"rotation_error":174.17961914100817,"translation_error":97.65832716452624,"ADD":0,"ADD_S":0}}
{"id_image":1618,"data":{"Best_template_id":132,"GT_R":[0.9973250034223224,-0.07270419664975751,0.00750636317950515,0.021784404827651874,0.39371342709583396,0.9189748869895279,-0.06976839509526393,-0.9163537221235111,0.39424463062429127],"GT_T":[148.7538931227707,41.70662604301508,768.6689234653716],"R_pred":[-0.1258181683449029,-0.9906083167786166,-0.05352523931165043,-0.3740052592386236,0.09733738498925859,-0.9223044505722082,0.9188524661642823,-0.09602393562278394,-0.38273953181155446],"T_pred":[135.7701414358358,42.48432206749628,674.8183288495402],"rotation_error":177.6160580805753,"translation_error":94.74764761575663,"ADD":0,"ADD_S":0}}
{"id_image":1631,"data":{"Best_template_id":132,"GT_R":[0.9969154725990067,-0.07848007073447819,0.0005307938370435498,0.03037097803439513,0.3920098579816093,0.9194595135843734,-0.07236793320369223,-0.9166075538525513,0.393184409428233],"GT_T":[147.7047732533664,47.89028134702098,769.9989027207808],"R_pred":[-0.18096282452782197,-0.9830755551443152,-0.028546611298174762,-0.3449314814108303,0.09062298706998173,-0.9342428738536055,0.92101831103982,-0.15921660432319945,-0.35549309928203526],"T_pred":[133.9685783900187,48.26818275210092,670.0372290429856],"rotation_error":177.25470575209522,"translation_error":100.90174459969386,"ADD":0,"ADD_S":0}}
{"id_image":1641,"data":{"Best_template_id":132,"GT_R":[0.9962426282693406,-0.08639754089968191,0.005915293250794812,0.02775869528310705,0.3832876355867095,0.9232115873473423,-0.08203126045980857,-0.9195791062310635,0.3842464259941819],"GT_T":[150.34103152140457,54.396487838573904,772.2501524777066],"R_pred":[-0.21148527369378234,-0.9773208145647877,-0.010862984354477356,-0.3454557333168421,0.08514191129269955,-0.9345647068341221,0.9142944357969092,-0.1938939925831782,-0.3556273390938408],"T_pred":[133.28223684503783,53.336206566455175,654.8787381935394],"rotation_error":178.62213405719845,"translation_error":118.60934011810386,"ADD":0,"ADD_S":0}}
{"id_image":1644,"data":{"Best_template_id":132,"GT_R":[0.9958376200319835,-0.09066799554692317,0.00926145514536486,0.025980825787543956,0.37981111461263245,0.924699266616173,-0.08735933678818836,-0.9206106389638432,0.3805859039356539],"GT_T":[151.54238744030494,56.289633906916954,772.9197070532061],"R_pred":[-0.49463594892316204,-0.8576151913385323,-0.14082422241310505,-0.5048599915976831,0.15164466800554577,0.8497766080267655,-0.7074260858329089,0.49142657462825556,-0.5079845025512779],"T_pred":[133.54670176463887,21.302303290465478,643.6936056401416],"rotation_error":125.79591222843999,"translation_error":135.08272758951043,"ADD":0,"ADD_S":0}}
{"id_image":1655,"data":{"Best_template_id":132,"GT_R":[0.9954848590182434,-0.09472321111956063,-0.0061037739284981254,0.043143676958217275,0.3942621715112476,0.9179850410551371,-0.0845486867022471,-0.9141036064045664,0.39656883671485577],"GT_T":[144.96262078710168,50.48637755904949,779.0603642654222],"R_pred":[-0.1954512437967002,-0.9806061916103896,-0.014502009298397456,-0.3312069754449994,0.07991906786563696,-0.9401674755106472,0.9230930347017565,-0.1789537358281622,-0.34040389204332827],"T_pred":[129.4325302031758,49.84877912336198,660.1695174875755],"rotation_error":176.80527254499248,"translation_error":119.9025591589419,"ADD":0,"ADD_S":0}}
{"id_image":1671,"data":{"Best_template_id":132,"GT_R":[0.9943705299758431,-0.10571810039242899,-0.007087054306567558,0.0482475471513327,0.3922259418601976,0.9186029291435802,-0.09433367697064188,-0.9137736296232387,0.3951186491596392],"GT_T":[148.22329580111506,55.981361564490406,777.4088396265093],"R_pred":[-0.1755460517288281,-0.9844063802115891,-0.011298775205103473,-0.3066674880790704,0.06558578826782846,-0.9495543987221378,0.9354884475383395,-0.16322555858689342,-0.3133987580484388],"T_pred":[127.441082482712,53.74462976180277,637.7609090180545],"rotation_error":175.81596023258814,"translation_error":141.20356894495478,"ADD":0,"ADD_S":0}}
