{"id_image":1,"data":{"Best_template_id":77,"GT_R":[0.13451612974560634,-0.9908022316438067,0.014731968487084995,-0.4646092952161092,-0.0761943225173886,-0.8822318002153817,0.8752395926023576,0.1118288810904088,-0.4705850926047265],"GT_T":[48.85764800902369,70.36723266785137,936.591582924212],"R_pred":[0.024498082603402804,-0.9985141552400827,0.04867572016869259,-0.40147661552032576,-0.0544180981430219,-0.9142511677787679,0.9155415725891978,0.002855237237160635,-0.4022132226583534],"T_pred":[45.644722303956364,74.28633563918983,756.8778090517703],"rotation_error":7.796305612098806,"translation_error":179.78521290462504,"ADD":0,"ADD_S":0}}
{"id_image":29,"data":{"Best_template_id":35,"GT_R":[0.1441668278594961,-0.9894884687642391,0.011344178123596754,-0.4642531598776757,-0.07775586933903886,-0.8822832800790275,0.8738908813401135,0.12192875767400724,-0.4705828751018982],"GT_T":[48.61266771496605,66.33713387874757,934.643991307783],"R_pred":[0.6985831965303697,-0.7152312832902358,0.02063319966493965,-0.33498185724914686,-0.3523935971403157,-0.8738454714698825,0.6322726254072075,0.6035420151882644,-0.485765749166371],"T_pred":[37.23466023857944,68.291417534427,751.2783728154395],"rotation_error":36.036953532152026,"translation_error":183.72868127709194,"ADD":0,"ADD_S":0}}
{"id_image":37,"data":{"Best_template_id":77,"GT_R":[0.14178279218276074,-0.9897018556419516,0.01970918103049454,-0.4628876147468263,-0.08388543006536762,-0.8824387387474065,0.8750045998654629,0.11599067153071144,-0.4700146291049092],"GT_T":[32.49256078282678,69.07779741632471,933.0501672063696],"R_pred":[-0.028078136698961975,-0.9972200789283124,0.0690197973173261,-0.29969757571609057,-0.057472480692980055,-0.9523015683452869,0.9536209841175962,-0.047423919547053384,-0.2972507199408977],"T_pred":[28.76117418798936,75.59058619865452,737.9095348117443],"rotation_error":14.435326641466936,"translation_error":195.28493560696805,"ADD":0,"ADD_S":0}}
{"id_image":55,"data":{"Best_template_id":77,"GT_R":[0.1778186691631982,-0.9838660085261645,0.019698981188666018,-0.45059774983095996,-0.09920154840266497,-0.8871983648600589,0.8748382979917603,0.1488837792010191,-0.460967569896466],"GT_T":[55.180207980447236,81.85129054952561,919.2238314947211],"R_pred":[0.21883768215747512,-0.9755210951899436,-0.02164859596732721,-0.5400010451106652,-0.10259912461184284,-0.8353875094279737,0.8127170111098532,0.1945045307140591,-0.5492349655515121],"T_pred":[58.058823199159825,84.49938447846739,804.3909766950018],"rotation_error":6.769026906441766,"translation_error":114.89944894770964,"ADD":0,"ADD_S":0}}
{"id_image":61,"data":{"Best_template_id":77,"GT_R":[0.174848653094565,-0.9843776074147297,0.020709557773752968,-0.4617066378319109,-0.10055103492568368,-0.8813153857773426,0.8696291057619446,0.14453419617881838,-0.4720751937554956],"GT_T":[44.083483171086705,71.59532773118381,911.2732123777065],"R_pred":[0.2517116632381372,-0.967257502000569,-0.03246788279991902,-0.5248908218958687,-0.10825441032848704,-0.8442574297771449,0.8130995410645425,0.22955153553842844,-0.534953482886671],"T_pred":[46.24837167100132,75.0033789340749,788.8301728579961],"rotation_error":6.883271830504169,"translation_error":122.50958934729947,"ADD":0,"ADD_S":0}}
{"id_image":68,"data":{"Best_template_id":77,"GT_R":[0.17418292976772382,-0.9844183636206539,0.02411917938891856,-0.4698826546279248,-0.10461618870684496,-0.8765074838998533,0.8653724535723215,0.1413393395283069,-0.48078361687005705],"GT_T":[32.86723645690363,63.71508644462904,906.0065046479473],"R_pred":[0.2429975835804289,-0.9686446422463522,-0.05176612233410072,-0.4904856733141792,-0.07665364350528059,-0.8680714390019416,0.8368846865892628,0.2363298034205631,-0.493732969698793],"T_pred":[40.056998109003615,68.02165113476133,774.7311698620472],"rotation_error":6.015145531617072,"translation_error":131.5425889025849,"ADD":0,"ADD_S":0}}
{"id_image":80,"data":{"Best_template_id":77,"GT_R":[0.19713613086062362,-0.9801573319110441,0.020705070811974254,-0.46798446446633774,-0.11263987046694757,-0.8765290260810653,0.8614682907129148,0.16310550826508866,-0.4809040897576365],"GT_T":[41.78992236691062,62.51675312058545,905.4242307688071],"R_pred":[0.02921135398528918,-0.9980463043585912,0.05522925994891087,-0.3106208013227947,-0.0615809630028058,-0.9485370328992073,0.9500849512459035,0.010552694054379086,-0.3118128061261494],"T_pred":[37.792966765822534,70.70369723055992,744.6449838712321],"rotation_error":14.186262073826951,"translation_error":161.03716322913883,"ADD":0,"ADD_S":0}}
{"id_image":88,"data":{"Best_template_id":35,"GT_R":[0.20954962903163912,-0.9776462618698685,0.017211078527752506,-0.46815753635888896,-0.11576757335961116,-0.8760282543185733,0.8584391061722183,0.17551352936664819,-0.4819521444694591],"GT_T":[41.72555693250809,59.58299086579121,906.6330228592635],"R_pred":[0.6006293204293451,-0.7972003555018689,0.060959106196506685,-0.18685261250637464,-0.2140932886629039,-0.9587753464441213,0.7773869825512424,0.5644782165302717,-0.2775496755946184],"T_pred":[60.22466316190029,79.68080705839961,998.780110734229],"rotation_error":28.439243578733883,"translation_error":96.1104830433955,"ADD":0,"ADD_S":0}}
{"id_image":99,"data":{"Best_template_id":35,"GT_R":[0.25503489684333547,-0.9665990545195834,0.02537243293092912,-0.4856138510785542,-0.15072983946063967,-0.8610806240272796,0.836144245770708,0.20728326809509479,-0.5078355604455577],"GT_T":[68.88294182675139,30.86641727082432,912.646432660841],"R_pred":[0.7948517412653285,-0.6062580842108634,-0.02572634323894274,-0.351237345400389,-0.42509980543158393,-0.8342196848661131,0.49481616445257937,0.6721170216197495,-0.5508318006845964],"T_pred":[56.67354716403871,38.675989517427475,732.4287537334714],"rotation_error":38.10184461188918,"translation_error":180.7995313452811,"ADD":0,"ADD_S":0}}
{"id_image":114,"data":{"Best_template_id":77,"GT_R":[0.256361210286464,-0.96635820600147,0.020747154323177943,-0.4745451237591938,-0.14453192110726334,-0.868284045212603,0.8420724354224313,0.21274862059982286,-0.4956335820279342],"GT_T":[61.73223655789862,43.03163068743928,916.4705565478621],"R_pred":[0.15756567054971282,-0.986990465500468,0.03198250264424202,-0.3546337986109657,-0.08678183065537493,-0.9309692705728041,0.9216332938576908,0.135346720977168,-0.363694015311982],"T_pred":[56.450398561459615,55.96772148686806,753.7067879415],"rotation_error":10.075256198361364,"translation_error":163.362433346033,"ADD":0,"ADD_S":0}}
{"id_image":120,"data":{"Best_template_id":35,"GT_R":[0.26280509629748033,-0.9646727143934924,0.018463008043488674,-0.464948126809936,-0.14338644103096493,-0.8736495328139079,0.845432796170477,0.2210144668069729,-0.4862053136862068],"GT_T":[59.91511323953758,52.967035876059455,921.7270174232206],"R_pred":[0.7859571699350792,-0.618147842922045,-0.012828535320287549,-0.33372208671338843,-0.4066686557061875,-0.8504411639295124,0.5204814078017608,0.6726914959748971,-0.525913733777463],"T_pred":[48.11581718493507,52.84715872445881,721.215902557104],"rotation_error":36.702579971587376,"translation_error":200.8580218531703,"ADD":0,"ADD_S":0}}
{"id_image":126,"data":{"Best_template_id":77,"GT_R":[0.26467042616439307,-0.9642691861295024,0.011581203669469187,-0.46512318178545875,-0.13816774181670974,-0.8743971201665299,0.8447543987859584,0.22604022698333798,-0.4850725187869941],"GT_T":[55.63862892618623,50.99349100077179,927.2249866335817],"R_pred":[0.11209055821770308,-0.9906141884582235,0.0782255481521158,-0.4478424565573461,-0.12063407531076586,-0.8859371049790148,0.887058532940823,0.0642724629928852,-0.4571610325013528],"T_pred":[47.71805265109131,54.480230545366574,727.3137890221469],"rotation_error":9.75995305303656,"translation_error":200.0984253101947,"ADD":0,"ADD_S":0}}
{"id_image":127,"data":{"Best_template_id":77,"GT_R":[0.2645083462842043,-0.9643091853183084,0.011940972928470895,-0.46511046249980725,-0.1384060248047839,-0.8743660572675552,0.84481211450497,0.22572284677722657,-0.4851205189666821],"GT_T":[54.67138566175971,49.602493558084625,928.3127997847691],"R_pred":[0.10663535974963134,-0.9937890141645798,0.031816589648468285,-0.3945792424088885,-0.07166721735141834,-0.9160627879229305,0.9126533413685034,0.08513051910388503,-0.39977077582785964],"T_pred":[46.68382665664085,52.77712417349594,702.1622407168255],"rotation_error":10.658263795554584,"translation_error":226.3138412584348,"ADD":0,"ADD_S":0}}
{"id_image":132,"data":{"Best_template_id":77,"GT_R":[0.2677499692424561,-0.963429232624602,0.010705514042671746,-0.47090959467208243,-0.1405492519306306,-0.8709126388408187,0.8405673814778136,0.2281448049855696,-0.4913201064574649],"GT_T":[48.52914722362517,44.16575745465506,933.6085587898582],"R_pred":[0.013355468685811611,-0.9951108922347249,0.0978567504671577,-0.3232603824639652,-0.09690707565165901,-0.941335085831764,0.9462158086744445,-0.01906123932101228,-0.32297416703215426],"T_pred":[39.37019466686246,53.106189984308806,716.4214839921636],"rotation_error":18.313509151240684,"translation_error":217.56388304342633,"ADD":0,"ADD_S":0}}
{"id_image":164,"data":{"Best_template_id":77,"GT_R":[0.3335574100614503,-0.9425805237537642,0.016772252160781466,-0.4423310986200249,-0.1721919051548643,-0.8801657976766131,0.8325153263550433,0.2861661471716474,-0.47436887468028993],"GT_T":[43.93606349618851,29.553670918339556,990.5104302143577],"R_pred":[0.12872598286539005,-0.9894647876411846,0.06624994606431178,-0.4154167137276282,-0.11446482396514857,-0.9024005529865132,0.9004768599420402,0.08864106324279175,-0.4257748073995344],"T_pred":[37.61169727310353,39.052179192720445,727.6280683655272],"rotation_error":12.653691101703984,"translation_error":263.12992121532216,"ADD":0,"ADD_S":0}}
{"id_image":242,"data":{"Best_template_id":77,"GT_R":[0.5402791740326955,-0.8414074690706904,0.011532039756389563,-0.36349809216759776,-0.24572270712236513,-0.8986043368057364,0.7589248153747843,0.48130461384576884,-0.4386090920347478],"GT_T":[139.52845081913017,98.95997570244214,945.464220126735],"R_pred":[0.3583144157598731,-0.9327000063025652,0.04100582521856205,-0.3520586217238659,-0.17566868115052175,-0.9193450066937481,0.8646765327731245,0.3149781146461305,-0.39130969955447903],"T_pred":[111.47860954915375,90.37512820923762,717.140716395542],"rotation_error":12.100041451338122,"translation_error":230.20016411340927,"ADD":0,"ADD_S":0}}
{"id_image":274,"data":{"Best_template_id":35,"GT_R":[0.6523729194038729,-0.7570810768076088,0.035199609115693434,-0.3100706026420323,-0.3089889538289617,-0.8991007700909038,0.6915679049464521,0.5756339900161549,-0.4363249081309885],"GT_T":[139.625972366847,104.3380496458098,934.4437907511675],"R_pred":[0.9364322795350916,-0.17293744614134782,-0.3052658277089324,-0.3380070675516627,-0.21144209490199567,-0.9170842179367068,0.09405215643374107,0.9619692719757548,-0.2564552819588617],"T_pred":[139.96727528379964,107.27790675107818,800.1161111044896],"rotation_error":43.26181043265275,"translation_error":134.36027972113277,"ADD":0,"ADD_S":0}}
{"id_image":320,"data":{"Best_template_id":35,"GT_R":[0.7393502387549189,-0.6706729387546707,0.059660859059539675,-0.2584378678548604,-0.36448530805953405,-0.8946288498714476,0.6217482586670815,0.64602446555908,-0.44280926578404384],"GT_T":[123.23665892084259,103.71705088293663,913.30619896971],"R_pred":[0.781607226987739,-0.6237595461737229,0.0037644757522292682,-0.3327834136982127,-0.42208632948577596,-0.8432664644278163,0.527584440907711,0.657850407781569,-0.5374825566413496],"T_pred":[123.3687270028314,110.91920785173274,865.3691342773211],"rotation_error":7.7529809092013195,"translation_error":48.475258413996436,"ADD":0,"ADD_S":0}}
{"id_image":422,"data":{"Best_template_id":35,"GT_R":[0.8142762205003229,-0.5802263390163324,0.01709384499821413,-0.26925679036945904,-0.4036294622074661,-0.8744047962757551,0.5142522538024712,0.7074033338471941,-0.48489611377904107],"GT_T":[162.84805654252648,92.95530207692818,822.2620641072001],"R_pred":[0.8538201812347425,-0.5086155393762705,-0.11091136651064007,-0.3544795729796042,-0.41202794049429803,-0.8393909748098468,0.3812287114796964,0.7560047680782264,-0.5320915900355104],"T_pred":[163.19722905719829,104.6533329397712,832.7809663694322],"rotation_error":9.418455214029784,"translation_error":15.735728528270386,"ADD":0,"ADD_S":1}}
{"id_image":455,"data":{"Best_template_id":35,"GT_R":[0.8647717222230079,-0.5018369127872548,0.018176138061685224,-0.23202113770207575,-0.43139778584130606,-0.8718153454478775,0.4453504730266203,0.7497031390874574,-0.48949741167874],"GT_T":[121.98670692455022,95.72811064407418,796.9441999798846],"R_pred":[0.8347824898834025,-0.5504869930644722,-0.010112618399929246,-0.3302842801846759,-0.4859931603273925,-0.8091495179371263,0.4405116216934094,0.6788038881605122,-0.5875157806997302],"T_pred":[117.41981579385377,104.80112124851375,796.2062635611425],"rotation_error":7.616165999040507,"translation_error":10.184329442138683,"ADD":0,"ADD_S":1}}
{"id_image":492,"data":{"Best_template_id":35,"GT_R":[0.9247424764121359,-0.38025786103023135,0.015976071351857538,-0.17295941851720678,-0.4572689498995937,-0.8723474724337935,0.339021717907846,0.8039329064479214,-0.4886251626591975],"GT_T":[109.02942458927214,107.84127198274211,795.0090374534827],"R_pred":[0.8413297687619278,-0.5397668075175455,0.028565953464191413,-0.2841384000170448,-0.4866047990227054,-0.8261241669409183,0.45981473424712604,0.6869261700287663,-0.5627635801105606],"T_pred":[102.42586006412452,111.00249473405975,776.5203233735625],"rotation_error":11.599856918295355,"translation_error":19.885495770794257,"ADD":0,"ADD_S":1}}
{"id_image":510,"data":{"Best_template_id":35,"GT_R":[0.9447529842353456,-0.3273513966548267,0.01680602961556265,-0.14505759710993238,-0.46352216055036766,-0.874131616321835,0.29393738279303205,0.8234007650052652,-0.48539866990504854],"GT_T":[87.36959210207121,115.82684006717619,788.0124981556226],"R_pred":[0.9150885362440762,-0.3948243876332876,-0.08201630182270815,-0.24516343103803834,-0.3832310113375829,-0.8905216920608,0.32016849144837956,0.8350135896374219,-0.4474868067379149],"T_pred":[75.71973166376381,110.60661082591567,705.1064883777848],"rotation_error":7.49720827386944,"translation_error":83.8831121194623,"ADD":0,"ADD_S":0}}
{"id_image":514,"data":{"Best_template_id":77,"GT_R":[0.9469519456310548,-0.321004921944813,0.015442748183553234,-0.14516029107647294,-0.4700992694684842,-0.870594892967978,0.2867240561725699,0.8221692370608806,-0.49175850855748554],"GT_T":[83.89842859784535,111.27442947358917,784.5693851443245],"R_pred":[0.3338101899120266,-0.9411967771939064,0.052147710502964406,-0.4859121233332483,-0.21921350456349065,-0.8460702381095595,0.8077500637627155,0.2570876621248026,-0.5305146260703208],"T_pred":[81.38398561241674,111.79810187950287,740.0529809828357],"rotation_error":51.93667675969392,"translation_error":44.590435025739616,"ADD":0,"ADD_S":0}}
{"id_image":515,"data":{"Best_template_id":29,"GT_R":[0.9477682522463918,-0.318697020508176,0.01297606860494287,-0.14652549709510443,-0.47116557926473285,-0.8697894696221355,0.28331222519717314,0.8224573696183904,-0.49325286148099845],"GT_T":[85.57524149207003,110.60416433226517,783.8424068102915],"R_pred":[0.679407275466601,0.6958955320441098,0.2326696424635088,0.6316110548711924,-0.3932543712485132,-0.6681455491570955,-0.3734611484579771,0.6008996654808375,-0.7067151920098128],"T_pred":[62.85772348927693,98.62050064320049,736.8939115485673],"rotation_error":65.2902210869946,"translation_error":53.514998149677446,"ADD":0,"ADD_S":0}}
{"id_image":523,"data":{"Best_template_id":29,"GT_R":[0.9539631731238719,-0.2991864054472274,0.021029325495862193,-0.131343069718883,-0.47976674322949464,-0.8675092242116343,0.2696363481069897,0.8248100628045045,-0.4969755940110719],"GT_T":[85.88719502939999,110.63456283013667,779.6955209030516],"R_pred":[0.6910781614030163,0.7226563728222614,0.013369429726039828,0.24783294719260576,-0.2195463416207,-0.9435985556192814,-0.6789623002182475,0.6554137400912037,-0.33082174079405136],"T_pred":[79.06005835831725,126.82088251279475,799.9568025417425],"rotation_error":64.63948806733967,"translation_error":26.816529858227362,"ADD":0,"ADD_S":0}}
{"id_image":525,"data":{"Best_template_id":29,"GT_R":[0.9560929680334672,-0.29224963204466436,0.021820553095988446,-0.12685454172662053,-0.4798241550581346,-0.8681455476393869,0.2641841259816614,0.8272596837336545,-0.49582992486358496],"GT_T":[87.1219214688451,114.2085423874031,779.5259696405909],"R_pred":[0.695075081678818,0.7169630468228351,0.053241152501627864,0.5121682997799325,-0.44183900810460786,-0.7365201447466793,-0.5045337090123093,0.5392052303229758,-0.6743170293434898],"T_pred":[77.06405025690391,120.04679849177678,816.3335586560131],"rotation_error":63.584776320772065,"translation_error":38.60109605677643,"ADD":0,"ADD_S":0}}
{"id_image":530,"data":{"Best_template_id":29,"GT_R":[0.9591640741167011,-0.28197222623657836,0.022275795036585822,-0.12052272137022632,-0.4786793615787203,-0.8696784804246839,0.2558870161571544,0.8314792700007967,-0.4931156456282655],"GT_T":[82.53963872280387,117.28042750000193,778.8143172980655],"R_pred":[0.6991077773880903,0.7130431948337665,0.053082180595185324,0.4637687714034506,-0.39569421981692554,-0.7926819103993789,-0.5442121298413135,0.5787879462331001,-0.6073200729671723],"T_pred":[66.812897406096,113.59886696490551,749.0927719436886],"rotation_error":62.12624451666123,"translation_error":33.82683163804301,"ADD":0,"ADD_S":0}}
{"id_image":535,"data":{"Best_template_id":29,"GT_R":[0.9599784455225666,-0.2796335348342842,0.015681125133283808,-0.12466301043074207,-0.4767634100313373,-0.8701467028841184,0.2507977806219688,0.8333676182371449,-0.4925431615953454],"GT_T":[76.32286121218678,117.47901141943491,780.0676652278723],"R_pred":[0.7753724682552017,0.5994950008666795,0.1985025929495535,0.42961487323946934,-0.27036803971935847,-0.8615870146362153,-0.46284835115107725,0.7533305164628413,-0.4671879030995535],"T_pred":[54.75475699072107,111.74590449998206,723.6261853264525],"rotation_error":55.015961591658666,"translation_error":60.6934287062468,"ADD":0,"ADD_S":0}}
{"id_image":545,"data":{"Best_template_id":29,"GT_R":[0.9638918828859091,-0.26619334882033946,0.0073631388118286425,-0.1248863899099689,-0.4762926250058634,-0.8703721099115588,0.23519416743758143,0.8380252256173452,-0.49233871782823635],"GT_T":[94.98674437053486,116.68457588564458,787.1895647174564],"R_pred":[0.2739104795373859,0.19086209164400844,-0.9426264961122581,0.6701439849785186,-0.7408827693080786,0.04471869340111967,-0.6898406255046956,-0.6439443952047929,-0.33084063729781377],"T_pred":[83.69007865184528,98.59093813882288,769.2436950034289],"rotation_error":123.45164558462429,"translation_error":27.87559188727436,"ADD":0,"ADD_S":0}}
{"id_image":561,"data":{"Best_template_id":77,"GT_R":[0.9605561786684511,-0.27786808645884437,0.010974529304658684,-0.13060755112864925,-0.48563340608405464,-0.8643503490596329,0.2455044181897686,0.8288237683265288,-0.5027704762791618],"GT_T":[91.3747121467581,101.18601788837455,783.3326975936586],"R_pred":[0.27153765075649894,-0.9568015434251076,0.10391395825861705,-0.3977024311603914,-0.20987213323770343,-0.893188929588455,0.876413190493363,0.20120758979120956,-0.43751048597680103],"T_pred":[80.72669983812771,101.28684814891761,706.9473421378702],"rotation_error":58.14237836752234,"translation_error":77.12400962717982,"ADD":0,"ADD_S":0}}
{"id_image":567,"data":{"Best_template_id":35,"GT_R":[0.9602037164684024,-0.2791319917894136,0.009765000827665822,-0.13429199776041553,-0.4920519807917264,-0.8601460019059045,0.2448981756832554,0.8246029454907389,-0.5099550116545414],"GT_T":[98.16607227531914,97.36031899117395,777.0929292558649],"R_pred":[0.832590706798068,-0.5506191892218528,0.06009345566834218,-0.24628041827939287,-0.4651958004567014,-0.8502580918812688,0.4961236443928276,0.6931171442823487,-0.5229244245359561],"T_pred":[82.40061645142686,93.4538742079015,697.0320575855678],"rotation_error":17.562836649817836,"translation_error":81.69181771014541,"ADD":0,"ADD_S":0}}
{"id_image":615,"data":{"Best_template_id":29,"GT_R":[0.9679115089729857,-0.25128809930092205,0.0014982006346548876,-0.1289185556549924,-0.5016693974957931,-0.8553989000090135,0.21570237596912734,0.8277568551765282,-0.5179674214740057],"GT_T":[109.9931486070604,88.84011834875837,773.2128039788329],"R_pred":[0.8138356910769733,0.5451285124085263,0.20126195092101415,0.4101408698204098,-0.2935025249450169,-0.8635049129876782,-0.4116502579037491,0.785296869222186,-0.4624423124646034],"T_pred":[80.85711353866162,83.37379338410467,695.9794368949882],"rotation_error":50.028358559981484,"translation_error":82.72715539189088,"ADD":0,"ADD_S":0}}
{"id_image":629,"data":{"Best_template_id":35,"GT_R":[0.9671810738432203,-0.2540854708999062,-0.0010028459540763705,-0.13188225555431862,-0.49863314737137565,-0.8567218494979404,0.21717982139919167,0.8287368801719464,-0.5157783830998913],"GT_T":[97.94241391167962,88.97362068170544,776.0448587802175],"R_pred":[0.85934899410158,-0.5113484935674926,-0.006482627774171468,-0.2685006343396415,-0.44036875931336505,-0.8567279411692008,0.43523179536404794,0.7379688841320233,-0.515727845241193],"T_pred":[82.13859304410823,87.53686903523904,702.7595756689858],"rotation_error":16.038124289487364,"translation_error":74.98371643231144,"ADD":0,"ADD_S":0}}
{"id_image":636,"data":{"Best_template_id":77,"GT_R":[0.9661126421742237,-0.2580753474272762,-0.00494430183338084,-0.13658514773067743,-0.49487136957900235,-0.8581642733340445,0.21902393449970298,0.8297579559661421,-0.5133507159884193],"GT_T":[88.5863044747956,90.97279324511909,777.1535146637972],"R_pred":[0.31234565161196537,-0.9494278444522521,0.03204624935692646,-0.4167581771828435,-0.1672647389074528,-0.8934960150271823,0.8536702031055844,0.2657240585588204,-0.44792623168631085],"T_pred":[78.18723203146895,89.61333729939923,691.1349810703459],"rotation_error":56.95843740892836,"translation_error":86.65550732479505,"ADD":0,"ADD_S":0}}
{"id_image":637,"data":{"Best_template_id":29,"GT_R":[0.9662824370410925,-0.25742570111944485,-0.0054715394780680045,-0.13673305619798495,-0.49501003480888167,-0.8580615836906582,0.2181776728715364,0.829877862833833,-0.5135185301878483],"GT_T":[88.00935929293898,90.6697134064395,777.2638958027514],"R_pred":[0.5808840967169953,0.7989143054690269,-0.15591535748034094,0.48920617826059853,-0.4957398325562321,-0.7175787995535948,-0.6505774214749077,0.3405553566368632,-0.6788011989772846],"T_pred":[80.24648849511718,87.32247449959758,756.3438811031633],"rotation_error":71.33776038874578,"translation_error":22.56353665439296,"ADD":0,"ADD_S":0}}
{"id_image":648,"data":{"Best_template_id":29,"GT_R":[0.9674721899248372,-0.2529674101933666,-0.0021427652896415564,-0.13216849476248563,-0.4982197203156018,-0.8569186014363838,0.21570410744519478,0.8293278826818873,-0.5154482788478535],"GT_T":[79.94067284516821,90.88393631696209,776.194085940938],"R_pred":[0.7667853224605021,0.6369169824316767,0.07985628810100656,0.3739735516954929,-0.34214773400808696,-0.8620201336079046,-0.5217126142728412,0.6908485258023341,-0.5005439666056711],"T_pred":[60.00054790724716,87.50771840960239,707.1822350565276],"rotation_error":54.59585242532495,"translation_error":71.91413624865399,"ADD":0,"ADD_S":0}}
{"id_image":710,"data":{"Best_template_id":35,"GT_R":[0.9885247267000818,-0.1510396580827334,0.002553013025099537,-0.07468932641691092,-0.503379368058339,-0.8608316719268511,0.13130431558403763,0.8507624408423067,-0.5088835741001428],"GT_T":[62.69984391666107,102.91904906382379,770.786868670987],"R_pred":[0.8648032365645753,-0.5014634192499224,-0.025491198120395714,-0.2542589859779286,-0.3935766388651919,-0.8834306975587016,0.4329754381912585,0.7704750927147193,-0.46786793161033474],"T_pred":[48.9282145462842,97.78182665370619,679.9157299173271],"rotation_error":21.675421026514844,"translation_error":92.05222804469729,"ADD":0,"ADD_S":0}}
{"id_image":801,"data":{"Best_template_id":35,"GT_R":[0.9994976261798031,-0.03128457370875628,0.00510971452573894,-0.011500694016102498,-0.5081046880242114,-0.8612186600440762,0.029538514467725062,0.8607265063781366,-0.5082097889884888],"GT_T":[33.61636929593504,108.02241571497774,767.088492845596],"R_pred":[0.8643886080063133,-0.497099296883371,-0.0756612409822009,-0.3658000133131,-0.5184329970002034,-0.7729279254118866,0.34499664434461447,0.6957869764945628,-0.6299665060394167],"T_pred":[24.960305256793013,99.44631036825653,690.7969110834799],"rotation_error":29.446364314123787,"translation_error":77.25854305727894,"ADD":0,"ADD_S":0}}
{"id_image":908,"data":{"Best_template_id":29,"GT_R":[0.9953046831282617,0.09556517018870962,0.01535903658400794,0.06397391759125982,-0.5304224384498,-0.8453161875017452,-0.07263667866590096,0.8423294984160625,-0.5340459383231617],"GT_T":[5.738945698145985,92.24489587014757,743.3821917341413],"R_pred":[0.897530960486605,0.06364757895614748,0.43633377208395563,0.4274144551834309,-0.36887803520348195,-0.8253762043121122,0.10842074740677299,0.9272960588924337,-0.35828335252187904],"T_pred":[-5.718449387987912,102.91672250953064,807.2356480962219],"rotation_error":26.40392310172271,"translation_error":65.74514183850347,"ADD":0,"ADD_S":0}}
{"id_image":1026,"data":{"Best_template_id":35,"GT_R":[0.9900751230549941,0.13989095620306102,0.013438305508858706,0.08463733226504176,-0.5172021723627921,-0.8516674415898761,-0.11219057420871761,0.8443530493858019,-0.5239097913756282],"GT_T":[0.20567821571403644,101.10777384013636,766.8613584089298],"R_pred":[0.8482269591911755,-0.5021441282710077,-0.16841110457520667,-0.3900145406325558,-0.3770730957251945,-0.8400622230379096,0.3583290161241034,0.7782462045671459,-0.515687076898737],"T_pred":[-3.198612757662196,105.43797409600283,739.1149156927492],"rotation_error":40.01048363033478,"translation_error":28.287893429692033,"ADD":0,"ADD_S":0}}
{"id_image":1027,"data":{"Best_template_id":29,"GT_R":[0.9906535949446107,0.13588858929872455,0.011805236845394886,0.08111469504156262,-0.5173304702830512,-0.851932958288561,-0.10966073013844195,0.8449279414916672,-0.5235176991039312],"GT_T":[-2.9893939750652674,100.89990806615191,767.1034178071642],"R_pred":[0.9784229654072533,0.17155608566013852,-0.11513909082778274,-0.06410210806438638,-0.2777185679191335,-0.958521422178267,-0.19641644662649543,0.9452200307367153,-0.2607291180300049],"T_pred":[-10.599483909806318,130.76445248179812,843.1234669095558],"rotation_error":17.919597701498724,"translation_error":82.02958214875275,"ADD":0,"ADD_S":0}}
{"id_image":1032,"data":{"Best_template_id":29,"GT_R":[0.9917534681339035,0.12789742035859786,0.008209161229950988,0.07370244755661944,-0.5167646041011178,-0.8529492856694202,-0.10484841400614905,0.8465199961217139,-0.521929088686725],"GT_T":[-15.119203408866277,101.6246518527436,770.6299819921421],"R_pred":[0.9939396352252474,0.10237623646799082,-0.04003882784188625,-0.01839141991122014,-0.20422773252331047,-0.978750626534684,-0.1083778446083486,0.9735554116099593,-0.2011071936132854],"T_pred":[-24.954290844904378,128.952483051964,822.0734894610745],"rotation_error":20.117712726868074,"translation_error":59.07599989533565,"ADD":0,"ADD_S":0}}
{"id_image":1034,"data":{"Best_template_id":29,"GT_R":[0.9915462285297049,0.12959720737151267,0.006348964482630061,0.07262103983379176,-0.5137378979435291,-0.8548680945736102,-0.10752753800850968,0.8481026126427094,-0.5188065707588818],"GT_T":[-15.34184889381331,102.58156645642588,772.7911723416154],"R_pred":[0.9812967257223428,0.15824574554064147,0.10961304714720375,0.16985569020547708,-0.44382847177931684,-0.8798666558876163,-0.09058576373486928,0.8820286682734992,-0.46240636647028094],"T_pred":[-23.39557240664726,116.8776794743075,814.4418839134256],"rotation_error":7.158031292999877,"translation_error":44.76631640284183,"ADD":0,"ADD_S":0}}
{"id_image":1039,"data":{"Best_template_id":29,"GT_R":[0.9901755079682618,0.13979566963689102,0.0031771227599341582,0.07480489703755423,-0.5103711984252924,-0.8566943015570346,-0.11814092307579482,0.84851526009068,-0.515814790034524],"GT_T":[-9.694475077920238,105.1582644296232,779.0260051907425],"R_pred":[0.9801206606646264,0.1775274889994808,0.08858601011376058,0.1541499185003366,-0.40029441159532797,-0.903328393593321,-0.1249051366624914,0.8990263481651077,-0.4197026711140101],"T_pred":[-17.45353271858162,119.30297669518554,808.860061023071],"rotation_error":8.234663770376153,"translation_error":33.9167620499533,"ADD":0,"ADD_S":0}}
{"id_image":1044,"data":{"Best_template_id":29,"GT_R":[0.9886342472749782,0.15034098401230261,7.412620254236167e-05,0.07744379074789384,-0.5088388046792849,-0.8573716671253029,-0.12886081076916397,0.8476321043873067,-0.5146988119406143],"GT_T":[-5.659728600404806,104.98193302599942,782.7905026046803],"R_pred":[0.9587568557142424,0.2808342535071667,0.043788282428207884,0.15784035958965603,-0.39794957622607524,-0.903727036038037,-0.23637197910401336,0.8733660497400615,-0.4258638639939908],"T_pred":[-9.616708338697592,125.6593587115524,862.1899946799152],"rotation_error":10.0068919296329,"translation_error":82.14312487016862,"ADD":0,"ADD_S":0}}
{"id_image":1048,"data":{"Best_template_id":29,"GT_R":[0.988052032426878,0.15411443575303618,-0.0011044285823739023,0.07849568882126073,-0.5093865294740141,-0.8569502978721647,-0.13263078161722466,0.8466245716515582,-0.5153976986565489],"GT_T":[-10.029089157246114,103.66840643060111,783.6792715850057],"R_pred":[0.973191827188596,0.21825716307790538,-0.07253604799343916,0.037656986778918586,-0.462333514991219,-0.885906130615765,-0.22689120485389963,0.8594251169712512,-0.4581581053292595],"T_pred":[-16.74016660757266,126.4346610895473,860.4198715443349],"rotation_error":6.597000170687783,"translation_error":80.32720954855873,"ADD":0,"ADD_S":0}}
{"id_image":1054,"data":{"Best_template_id":29,"GT_R":[0.9877408397149013,0.15607428168903928,-0.0028653571184794743,0.07721592260843473,-0.5044610106442449,-0.8599744858222722,-0.1356662126821179,0.8492113363119224,-0.5103278679353651],"GT_T":[-17.09798934720598,103.76930844914155,782.6402279879856],"R_pred":[0.9651399703779983,0.2595138323319216,0.034020705565228945,0.12554809665619854,-0.34497666799666543,-0.9301767434009112,-0.22965738177720857,0.9020219894028736,-0.3655322388366308],"T_pred":[-23.32464686430403,104.97834211832948,716.8171516422415],"rotation_error":11.32336965743965,"translation_error":66.1279850431428,"ADD":0,"ADD_S":0}}
{"id_image":1060,"data":{"Best_template_id":29,"GT_R":[0.9872291260325872,0.1592815426251467,-0.0028433097207054793,0.08033476010220754,-0.5131690526744461,-0.8545193523439465,-0.13756865367734486,0.8433776981365276,-0.5194113537805032],"GT_T":[-23.810777672973018,101.98390277790173,781.6382433194296],"R_pred":[0.9713618452680117,0.20836509039444423,-0.11419349658556806,-0.0007839271888912397,-0.47778908991276164,-0.87847422900077,-0.23760376894250979,0.85340586748935,-0.4639427489670082],"T_pred":[-29.40033030506014,112.42774864875868,779.3829495555541],"rotation_error":7.762189571259538,"translation_error":12.058331773610469,"ADD":0,"ADD_S":1}}
{"id_image":1063,"data":{"Best_template_id":29,"GT_R":[0.9865373644654538,0.1635178800001698,-0.00258042151214433,0.08293673531405259,-0.5138482272537396,-0.8538624253555724,-0.14094802742414833,0.8421530051659337,-0.5204922723939756],"GT_T":[-24.283967568274537,101.07018102295895,779.9097187201926],"R_pred":[0.9797410524161019,0.16970574684989623,-0.10633639873866393,-0.07014266108722114,-0.2065567752235809,-0.9759171612923089,-0.18758325433308917,0.9636048246534231,-0.19046853965538132],"T_pred":[-32.74306772806115,132.8455598374306,855.3666541958694],"rotation_error":21.150203146534814,"translation_error":82.3102678023643,"ADD":0,"ADD_S":0}}
{"id_image":1064,"data":{"Best_template_id":29,"GT_R":[0.9862539438542113,0.1652222112020867,-0.0019894802516106282,0.08443394634442951,-0.5142799526658196,-0.853455867833268,-0.14203372367860015,0.8415559066193075,-0.5211611769248328],"GT_T":[-24.973063921513347,100.03470084691025,779.4986192994845],"R_pred":[0.9785143585825371,0.20261811918121664,-0.03815164252390944,0.05485735855221856,-0.43422610096013603,-0.8991320055796207,-0.19874687484456005,0.8777206793874827,-0.4360115694739037],"T_pred":[-33.08995541421063,114.73022973231438,806.0038092721275],"rotation_error":6.2681161951571,"translation_error":31.37463294146818,"ADD":0,"ADD_S":0}}
{"id_image":1068,"data":{"Best_template_id":29,"GT_R":[0.9853004762398291,0.17082463284666277,-0.0013977916202672475,0.08773692670123322,-0.5130445522666872,-0.8538659249676239,-0.14657882403521477,0.8411921631558665,-0.5204904310942614],"GT_T":[-27.90614065968133,102.27320251096428,778.2943172779208],"R_pred":[0.9283665535475298,0.34098358926349803,-0.14787066682497774,0.01983190882356764,-0.4427400263440622,-0.8964306802342682,-0.3711364137978045,0.8292837035212023,-0.4177873878271861],"T_pred":[-30.93974857515984,114.30297806396828,774.8729734882731],"rotation_error":14.426728167457878,"translation_error":12.86949378054424,"ADD":0,"ADD_S":1}}
{"id_image":1070,"data":{"Best_template_id":29,"GT_R":[0.9843931539052503,0.17595719835084464,-0.002991466537544982,0.08871498196037136,-0.5108524138912385,-0.8550786278864673,-0.15198594760515868,0.8414681915261389,-0.5184900561556626],"GT_T":[-28.05813159080236,105.39460267563346,778.2080915090913],"R_pred":[0.9862138370545307,0.1308978986051575,-0.10123244412209942,-0.06362844537032855,-0.2647560781713567,-0.9622139263235997,-0.15275368585384508,0.9553899513874303,-0.2527772779463938],"T_pred":[-36.90297240905976,133.28588129068922,821.4265921824572],"rotation_error":17.754694707638127,"translation_error":52.19189048441053,"ADD":0,"ADD_S":0}}
{"id_image":1071,"data":{"Best_template_id":29,"GT_R":[0.9839768557932136,0.1781572090581358,-0.007055212659529752,0.08632884206813068,-0.5106776479550276,-0.8554272521232413,-0.15600366397803295,0.8411114498348656,-0.5178750522666477],"GT_T":[-27.152870662809235,107.02450702661407,778.3384445304598],"R_pred":[0.9631699217019056,0.25959885638086444,-0.07008662992677119,0.04604486229917286,-0.41602896590633287,-0.9081848766538438,-0.26492182353402877,0.8715092273135463,-0.4126597801128071],"T_pred":[-31.853125761551894,112.3998964621112,740.5736816397317],"rotation_error":8.909213017307973,"translation_error":38.43389813393151,"ADD":0,"ADD_S":0}}
{"id_image":1073,"data":{"Best_template_id":29,"GT_R":[0.9834405215841555,0.18094483724455956,-0.010175085523660008,0.08483356811062959,-0.5092306180331451,-0.8564388818471513,-0.16015037840845694,0.8413934964920947,-0.5161486021879057],"GT_T":[-29.194788089473224,106.96642363970936,777.6696108685239],"R_pred":[0.9843225363507204,0.1514923966446707,-0.09032828012830893,-0.05328406990650902,-0.2327906735856306,-0.9710660689086744,-0.16813670725419463,0.9606552743052016,-0.22106897480948137],"T_pred":[-40.0762302501056,129.51206721696377,802.2716322066443],"rotation_error":18.971850035531205,"translation_error":35.09944845334626,"ADD":0,"ADD_S":0}}
{"id_image":1074,"data":{"Best_template_id":29,"GT_R":[0.9834050613050844,0.1810467186357706,-0.011641038843393615,0.0838500727694601,-0.5104754742829264,-0.8557942862579482,-0.16088154335545626,0.8406162866201308,-0.5171855495584149],"GT_T":[-30.98252776930649,105.70021952309538,777.3009451450635],"R_pred":[0.9348787657455095,0.32696097390541834,-0.13819629119832696,0.03765461033691994,-0.478471384343819,-0.877295426116245,-0.35296433768658153,0.8149611376666556,-0.45962432530768327],"T_pred":[-38.286659104444816,138.0948104180447,937.5984891223527],"rotation_error":11.773428190139722,"translation_error":163.7011376226905,"ADD":0,"ADD_S":0}}
{"id_image":1075,"data":{"Best_template_id":29,"GT_R":[0.9832111123781342,0.18202101218246897,-0.01277584191138662,0.08376236782080743,-0.5124379906008131,-0.854628992549724,-0.16210827309074144,0.8392113497187355,-0.5190811993929223],"GT_T":[-32.097674107163385,102.52205597687457,777.0330715383311],"R_pred":[0.9724611354597553,0.224649905543865,0.06206254876699659,0.16280883093684068,-0.4642455281758342,-0.8706143659150819,-0.16677117433568225,0.8567429658350708,-0.4880357219536539],"T_pred":[-43.464393860092436,111.99058971685363,803.8185451884635],"rotation_error":5.385087434225573,"translation_error":30.5992981584331,"ADD":0,"ADD_S":0}}
{"id_image":1076,"data":{"Best_template_id":29,"GT_R":[0.9832401775072118,0.18187591189238725,-0.01260529989392112,0.08428097284284687,-0.5147630210048519,-0.8531796307253939,-0.16166188070772425,0.8378185342758229,-0.5214648175030332],"GT_T":[-34.300538782015835,99.77629552977999,776.5682546084396],"R_pred":[0.9832474540693317,0.18132133640068404,0.01862839316870904,0.08754215115214814,-0.380114150935244,-0.9207874912434645,-0.15987750260068637,0.90699272611452,-0.38961953100110236],"T_pred":[-44.545812765868206,107.60931031589875,754.2641236687529],"rotation_error":8.684443688880064,"translation_error":25.76423910420116,"ADD":0,"ADD_S":1}}
{"id_image":1078,"data":{"Best_template_id":29,"GT_R":[0.9835015280845001,0.1804277530923039,-0.013059416165541269,0.08374655612475583,-0.5181047611189453,-0.8512070928103752,-0.16034849116898656,0.8360703968602544,-0.5246666045574819],"GT_T":[-38.328035782589644,96.27233451849459,775.7708564515868],"R_pred":[0.9756028993876886,0.21039586963965048,-0.06271013271322916,0.03188731272126899,-0.4184079194205196,-0.9076992961623404,-0.2172145989425011,0.8835544074955245,-0.41490893820389213],"T_pred":[-48.89325126203807,117.82170021942113,854.7282888888896],"rotation_error":7.775958054058092,"translation_error":82.52439080254194,"ADD":0,"ADD_S":0}}
{"id_image":1081,"data":{"Best_template_id":29,"GT_R":[0.9833146002685376,0.18138379538619723,-0.013866298773898163,0.08399172545622217,-0.5202996982373465,-0.8498439958468599,-0.16136329651127612,0.8344988933349414,-0.5268524751316482],"GT_T":[-41.58664063530308,92.56721062375478,774.6185103769614],"R_pred":[0.9649161374694033,0.18282591520278813,0.18844503809172086,0.25640348827103726,-0.5016524950229705,-0.826197328390544,-0.056516359167689226,0.8455291000122299,-0.5309297902537936],"T_pred":[-56.15850098930156,108.70564325466778,858.2391720406613],"rotation_error":11.694656162977301,"translation_error":86.40140727461518,"ADD":0,"ADD_S":0}}
{"id_image":1090,"data":{"Best_template_id":29,"GT_R":[0.981532358064277,0.19076756769554318,-0.014223296109860246,0.08928693871780628,-0.5226110615784594,-0.84788335042127,-0.16918173248088986,0.8309545356124113,-0.5299925117633416],"GT_T":[-41.80097308344037,91.21507836468766,774.4761707658449],"R_pred":[0.9810596443150152,0.1750912900621582,-0.08285538269095943,-0.03938377491625267,-0.23850554592067705,-0.9703422194455036,-0.18965993928566494,0.9552267504155487,-0.22709241009049358],"T_pred":[-51.41543001186092,112.60316510713712,786.6873562133359],"rotation_error":19.30168442536047,"translation_error":26.438628681609245,"ADD":0,"ADD_S":0}}
{"id_image":1093,"data":{"Best_template_id":29,"GT_R":[0.9808304858642176,0.19426481432355974,-0.015229615035182414,0.0910074885114569,-0.5257903284371913,-0.8457322352993162,-0.17230422090189365,0.8281341377816417,-0.5333903152573408],"GT_T":[-42.43906527823794,88.74134971660621,774.5507512483293],"R_pred":[0.9628732149174332,0.2633908424646334,-0.05916448343675072,0.059248547030138946,-0.4200114527829808,-0.9055826793871155,-0.2633719454865766,0.8684558961955987,-0.4200233025603641],"T_pred":[-51.764580057778986,112.31408897363971,860.42481147952],"rotation_error":8.658010363809677,"translation_error":89.53766516150449,"ADD":0,"ADD_S":0}}
