{"id_image":1,"data":{"GT_R":[0.13451612974560634,-0.9908022316438067,0.014731968487084995,-0.4646092952161092,-0.0761943225173886,-0.8822318002153817,0.8752395926023576,0.1118288810904088,-0.4705850926047265],"GT_T":[48.85764800902369,70.36723266785137,936.591582924212],"R_pred":[-0.08836946709690241,-0.9911667905156005,-0.09888999273947369,-0.40971251023870076,0.12665999419088203,-0.9033786054725164,0.907924278912571,-0.039314618789572375,-0.4172863099965282],"T_pred":[44.663739104412066,67.38200141047922,727.2679597036297],"rotation_error":14.869617425960257,"translation_error":209.38691390760908,"ADD":0,"ADD_S":0}}
{"id_image":2,"data":{"GT_R":[0.13451428489070022,-0.9907995987443934,0.014888887219480236,-0.4641513625025685,-0.07627601069803243,-0.8824659952590379,0.8754824175610499,0.11179366833287799,-0.47014054322413795],"GT_T":[48.45416460315951,71.1299511362971,936.7693801529437],"R_pred":[-0.17404836367289667,-0.9833584143268952,-0.05209026852763893,-0.3190164507843037,0.10635083797418743,-0.941763241686133,0.9316306517240474,-0.14729469859666539,-0.33221770051209554],"T_pred":[37.18161277522404,56.26265311388465,584.9950045635785],"rotation_error":20.23977692267801,"translation_error":352.26881539030455,"ADD":0,"ADD_S":0}}
{"id_image":3,"data":{"GT_R":[0.13460900937476414,-0.9907562036870508,0.016784937080510653,-0.46225037735630875,-0.07776831485162977,-0.8833325066645452,0.876472288082245,0.11114484068982897,-0.4684461354040268],"GT_T":[48.08204819618139,72.66095552493654,936.9370731686258],"R_pred":[-0.14119730258055052,-0.9894779836936838,-0.031569629859384496,-0.3431716030649062,0.07883224927139854,-0.9359587209512363,0.9285992529578293,-0.12132104623804585,-0.35069164681507176],"T_pred":[41.75059142358213,60.56021722834653,617.157937959691],"rotation_error":17.75429451503801,"translation_error":320.07063365319857,"ADD":0,"ADD_S":0}}
{"id_image":4,"data":{"GT_R":[0.13485820362551518,-0.9907690783811569,0.013777324563143617,-0.46315588934168916,-0.07532182061619111,-0.8830704333120444,0.8759563590783143,0.112707403974748,-0.469038310254569],"GT_T":[48.56291613659706,72.57571714237902,937.20235921903],"R_pred":[-0.04975530633899039,-0.9986614682899251,-0.014130861407707418,-0.5489798167720994,0.03916518642582012,-0.8349175102661955,0.8343533845247979,-0.03378401878464654,-0.5501936657275993],"T_pred":[47.86485126522694,75.44635840509028,803.9448990842881],"rotation_error":12.005694138196558,"translation_error":133.29020428143303,"ADD":0,"ADD_S":0}}
{"id_image":5,"data":{"GT_R":[0.13618328379289668,-0.990573456695642,0.014762748495219613,-0.4614101662393876,-0.07660667816815608,-0.8838731329278324,0.876673124123533,0.1135563153930655,-0.4674928867848777],"GT_T":[49.34469150037003,72.9064687815125,937.2712420505742],"R_pred":[0.0919030521780081,-0.9794978906551209,-0.17926993948382686,-0.39168938237688045,0.1299591762278619,-0.9108732295151687,0.9154961806220625,0.15393016181484426,-0.3717152788762814],"T_pred":[47.6203258257804,62.77261616240156,650.6487546601089],"rotation_error":12.85805505412132,"translation_error":286.806761921303,"ADD":0,"ADD_S":0}}
{"id_image":6,"data":{"GT_R":[0.13602612477432047,-0.9905947844520692,0.01482249638415161,-0.4629065972310945,-0.07677878978502868,-0.8830759613991334,0.8759080087961346,0.1132595110098835,-0.46899671147736594],"GT_T":[48.62660058853796,73.16224344792785,937.2786864216267],"R_pred":[-0.010434304317944565,-0.9967152073021601,-0.08031139910381413,-0.47355395114141036,0.07566370348186602,-0.8775087802032334,0.8807030036577365,0.02887558671299717,-0.4727879226886206],"T_pred":[47.851163727517395,72.43798016426565,757.9414223330484],"rotation_error":10.025432651715123,"translation_error":179.3404030061435,"ADD":0,"ADD_S":0}}
{"id_image":7,"data":{"GT_R":[0.13468950793920106,-0.9907729404219704,0.015121067659449332,-0.46187916893172215,-0.07627574145468888,-0.8836570192497298,0.8766561198559849,0.11203466148012019,-0.467890930303497],"GT_T":[48.61721604385397,73.18980790930497,937.229153618276],"R_pred":[-0.1121157410069763,-0.9936854804902437,-0.0043848011733859105,-0.5211756622654227,0.06255916550453988,-0.8511534995954455,0.846053183718763,-0.093142453662383,-0.5248985555753569],"T_pred":[45.74413725303542,75.48052954021531,803.735815649451],"rotation_error":14.728416495342683,"translation_error":133.54390015791626,"ADD":0,"ADD_S":0}}
{"id_image":8,"data":{"GT_R":[0.13582473564243278,-0.9906601930262182,0.011999434546261248,-0.4610719755936418,-0.07392589493759799,-0.8842778496111643,0.87690598563497,0.11457303414504665,-0.46680611777232456],"GT_T":[49.59698538313552,72.53032276190102,936.6737152927702],"R_pred":[-0.3709206917185447,-0.9007961028548065,0.22579685900523344,-0.7253489737093314,0.12919064171438233,-0.6761498683222869,0.5799023252185287,-0.4145794968097422,-0.7013110109153604],"T_pred":[25.3008998485994,34.3321750395571,511.6155475687157],"rotation_error":38.92671962044079,"translation_error":427.46209681169387,"ADD":0,"ADD_S":0}}
{"id_image":9,"data":{"GT_R":[0.13793434288895068,-0.9903397123123802,0.014155532816835405,-0.4622477166221503,-0.07700833240866796,-0.8834007535890738,0.8759571262365742,0.1153079716990993,-0.4684048996813293],"GT_T":[49.924292299920204,71.75274152703386,936.4649750103224],"R_pred":[-0.09887889032996466,-0.994576894621402,-0.03224539862311704,-0.34320220248409,0.06450061180057776,-0.9370442461737978,0.9340424044213328,-0.0815872034243123,-0.3477187296942967],"T_pred":[40.589360352952745,58.787421091299564,609.4109390745007],"rotation_error":15.847560079520338,"translation_error":327.44401492524725,"ADD":0,"ADD_S":0}}
{"id_image":10,"data":{"GT_R":[0.1379083105208694,-0.990358198005932,0.013136218609093718,-0.46217867602115625,-0.07607763410988852,-0.8835174611354075,0.8759975684374496,0.11577281491458548,-0.46821443874814644],"GT_T":[49.879568569914845,71.494107749205,936.2064699576466],"R_pred":[-0.351049998873751,-0.9156947171868018,0.1956197413527645,-0.7316644620482723,0.13788456486865364,-0.6675739372882935,0.5843209847903392,-0.3774798427560936,-0.7183856589927746],"T_pred":[27.539976198539556,34.87908551652876,519.7006405703418],"rotation_error":37.67286276336072,"translation_error":418.7085181292892,"ADD":0,"ADD_S":0}}
{"id_image":11,"data":{"GT_R":[0.13826918684504638,-0.9902872760559633,0.014580301509263977,-0.4611522803435503,-0.07740261266680802,-0.8839382747296934,0.8764819635028338,0.11549748156533572,-0.467375308701024],"GT_T":[50.06444400111946,72.01357589796407,936.1475622284437],"R_pred":[0.058385731114988015,-0.9834837937562331,-0.1713205586642056,-0.42574105457334893,0.1306943743940927,-0.8953566523751914,0.9029593904782988,0.12521424807338788,-0.4110787409079617],"T_pred":[48.07336889746713,61.759305367485,667.0672883256087],"rotation_error":12.152770433855153,"translation_error":269.28295201851404,"ADD":0,"ADD_S":0}}
{"id_image":12,"data":{"GT_R":[0.13885409262354792,-0.9902198856152044,0.013540502790701386,-0.4612680771268271,-0.0767684405736936,-0.8839328375412354,0.8763283879143015,0.11649130770596455,-0.4674173080494822],"GT_T":[50.63249977925569,71.44680984505212,935.8429346211898],"R_pred":[0.08000125919753931,-0.991115883586649,0.10625019448953466,-0.1806797300145523,-0.11924463173338051,-0.9762866141480373,0.9802829355286546,0.058906902015182394,-0.1886142709507876],"T_pred":[48.7202711128087,80.12098556670048,738.4973701987705],"rotation_error":17.869932331688954,"translation_error":197.54536122148266,"ADD":0,"ADD_S":0}}
{"id_image":13,"data":{"GT_R":[0.1402497602682994,-0.9900359976475552,0.012572490058390784,-0.46357837446875094,-0.07688028934249984,-0.8827138003588565,0.8748854332462275,0.11797161002182001,-0.46974227518662137],"GT_T":[50.83499989076367,70.07717980530471,935.7360660796362],"R_pred":[-0.04489744774978721,-0.9973556479133201,-0.05714832246843138,-0.5283207965785939,0.07225678510772093,-0.8459645931766032,0.847856918995248,-0.0077890038706641684,-0.530167875611667],"T_pred":[49.160865081769124,72.21455986536316,802.6703412433486],"rotation_error":11.983994322387943,"translation_error":133.09341924785923,"ADD":0,"ADD_S":0}}
{"id_image":14,"data":{"GT_R":[0.1402842984400573,-0.9900172046338357,0.013626464473103903,-0.4638532114716375,-0.07787425238391528,-0.8824821681137633,0.8747338436517401,0.11747785510153722,-0.47014792142046413],"GT_T":[50.29189724898865,69.40128887772988,935.3372273338218],"R_pred":[0.057479541355033414,-0.9764376713726867,-0.20800378902774785,-0.41449990332554687,0.1662009876324324,-0.8947441320584986,0.908232311949276,0.137647032784179,-0.3951801638455351],"T_pred":[46.55561433874559,61.94100941525258,693.005930258023],"rotation_error":14.388692730449705,"translation_error":242.4748917353768,"ADD":0,"ADD_S":0}}
{"id_image":15,"data":{"GT_R":[0.1408663831367128,-0.989963693150927,0.011301907353565212,-0.46529969505089536,-0.07627679641942438,-0.881860133369884,0.8738718274581906,0.11896563403450611,-0.47137497237919024],"GT_T":[48.353812835438156,68.70923560587948,934.5631763997781],"R_pred":[0.3359622343014153,-0.9378554383003312,-0.08692844168449376,-0.03720454604489082,0.07900686214025465,-0.996179570904937,0.9411403715051196,0.3379128476179092,-0.008349163907912072],"T_pred":[46.80214820114935,58.95899609090893,520.5034656093352],"rotation_error":30.052502259453846,"translation_error":414.1774003173058,"ADD":0,"ADD_S":0}}
{"id_image":16,"data":{"GT_R":[0.13822177999674615,-0.9902565928449725,0.01694111130028424,-0.4652776769058455,-0.08002513537052158,-0.8815397521147785,0.8743064246325895,0.11396527839138096,-0.47180507259388965],"GT_T":[45.50599595749384,68.34512714120191,934.2616014836824],"R_pred":[-0.1904228094654884,-0.9742006222066731,0.1211292752698584,-0.3459792072841895,-0.048872863188892945,-0.9369684260265783,0.9187151581215335,-0.22032837070121175,-0.32774665109177736],"T_pred":[30.678498689125046,55.801465573401615,586.87053999151],"rotation_error":21.24620390714097,"translation_error":347.9335392362014,"ADD":0,"ADD_S":0}}
{"id_image":17,"data":{"GT_R":[0.1366888643769888,-0.9904434407211766,0.018396248637795317,-0.46459620679574387,-0.08049699912250048,-0.8818562771498815,0.8749086411582758,0.11199278040137506,-0.47116030764858835],"GT_T":[42.96469940539736,67.952046193232,933.6175894832924],"R_pred":[-0.06914443332678277,-0.9971928337003649,-0.02873151156055409,-0.4731219427234309,0.05813414654084137,-0.879076815937933,0.8782793830288427,-0.04718975972183065,-0.4758134633697026],"T_pred":[37.79051234201823,64.56898001255551,722.0236307540422],"rotation_error":12.129897403476436,"translation_error":211.68424768807267,"ADD":0,"ADD_S":0}}
{"id_image":18,"data":{"GT_R":[0.1341971617726725,-0.990804480112804,0.017262920167719457,-0.4657476251333003,-0.07843858877489937,-0.8814341378392384,0.8746824191025705,0.11024533714145254,-0.4719918495910694],"GT_T":[40.997256953633375,67.6762366140355,933.2318593929596],"R_pred":[-0.003976222599947676,-0.9812394407866188,-0.192752041490095,-0.457121135129393,0.17321906393620068,-0.8723734428024972,0.8893955573713257,0.08464228100559462,-0.44923404456287486],"T_pred":[41.55350421887242,68.92295615088325,786.2165765609624],"rotation_error":14.543331597276953,"translation_error":147.02162122217186,"ADD":0,"ADD_S":0}}
{"id_image":19,"data":{"GT_R":[0.1345214706682458,-0.9907711559655914,0.016623207442420917,-0.46650755283550244,-0.07812209597171152,-0.8810606361669279,0.8742282644953376,0.11076634356286004,-0.47271163614537715],"GT_T":[39.78954673321884,67.67828859499917,932.8199725259648],"R_pred":[-0.06725359323244462,-0.9939503155141285,-0.08683158691794701,-0.5163720813310897,0.10914124706024408,-0.8493809874325733,0.853719408130753,-0.012286516166060746,-0.5205883341963953],"T_pred":[38.60130454853046,68.59711310070385,789.0045286463994],"rotation_error":13.334421037480125,"translation_error":143.82328760057658,"ADD":0,"ADD_S":0}}
{"id_image":20,"data":{"GT_R":[0.13393486005920446,-0.9908353232612936,0.01752452707105336,-0.46718066287258336,-0.07872593180193936,-0.8806500303493745,0.8739590632941666,0.1097619221518882,-0.47344287453313433],"GT_T":[39.18998481111857,67.2465925807747,932.7174006610117],"R_pred":[-0.06330181888872155,-0.9970059099324999,-0.04440827946506298,-0.5721657097815365,0.07271433156054208,-0.8169082118181294,0.8176914334121215,-0.02630288093291594,-0.5750555435599756],"T_pred":[39.69681506473402,69.5858463825971,807.5708466617804],"rotation_error":13.639132694868836,"translation_error":125.16944101152579,"ADD":0,"ADD_S":0}}
{"id_image":21,"data":{"GT_R":[0.13367839038739768,-0.9908607128561382,0.018007375437972005,-0.46605582424560354,-0.07889062994586209,-0.8812314010596602,0.8745984403848089,0.1094083282697174,-0.47234269302086834],"GT_T":[39.386613178672036,67.03193707883858,932.6277631264215],"R_pred":[0.22944271825442514,-0.9703103454411572,0.07651060429693474,0.20330956857530785,-0.029095494741682548,-0.9786821095286551,0.9518514896588344,0.24010682146827578,0.1905976283133105],"T_pred":[40.39021119589426,66.37756098464381,526.4830792138707],"rotation_error":39.994647955036314,"translation_error":406.14645103395725,"ADD":0,"ADD_S":0}}
{"id_image":22,"data":{"GT_R":[0.13533227763819236,-0.9906478438532008,0.017370538535723984,-0.46619991490661405,-0.07913755670475217,-0.8811329565402987,0.8742670328523818,0.11114647954354645,-0.47254994740819095],"GT_T":[40.27373065286112,66.86528262518371,932.6434754488175],"R_pred":[-0.0021379414407456387,-0.9957626026804458,-0.09193621870329866,-0.43117409374459653,0.08386924661936512,-0.8983623157473972,0.9022662190783395,0.037719869758059243,-0.4295263453334536],"T_pred":[40.26937557175275,63.94870464411091,708.6658187682498],"rotation_error":10.501037361692495,"translation_error":223.99664537265883,"ADD":0,"ADD_S":0}}
{"id_image":23,"data":{"GT_R":[0.13662858240279424,-0.9905205258690104,0.0141890920424146,-0.46489359402378094,-0.07676022625189172,-0.8820325990282172,0.8747608231995179,0.11391379738154073,-0.4709744383381188],"GT_T":[41.828811797493636,66.61694155288026,932.6341721943147],"R_pred":[-0.013082177957742247,-0.9889689446060512,0.1475441738079657,-0.187922661551217,-0.14249571499214053,-0.9717921817366024,0.9820967008881503,-0.04044005209778906,-0.18398552196012435],"T_pred":[41.20259224860368,84.1450776565392,791.3445141591652],"rotation_error":20.240278092297615,"translation_error":142.37413800926518,"ADD":0,"ADD_S":0}}
{"id_image":24,"data":{"GT_R":[0.13694264364019731,-0.9904486178462659,0.01608941884812486,-0.4641045691907361,-0.07850109382840023,-0.8822951813487047,0.8751307163146425,0.11335616690816025,-0.4704227502593546],"GT_T":[43.08062954616108,67.0786171754397,933.093774102705],"R_pred":[-0.002730785341386044,-0.9949924511834127,-0.09991278646621399,-0.3544893780327725,0.09438794661969707,-0.9302839332133257,0.9350560537600714,0.03287761580378362,-0.3529720083883443],"T_pred":[41.70758869291708,56.70056918156855,618.3501904442318],"rotation_error":12.906434771031854,"translation_error":314.91762823876036,"ADD":0,"ADD_S":0}}
{"id_image":25,"data":{"GT_R":[0.13906342225771703,-0.9901981894563765,0.012970464745795269,-0.46644633398137164,-0.07704988628958594,-0.8811873124403861,0.8735492822480034,0.11649041576605593,-0.47258951317689957],"GT_T":[45.741790615719395,67.094564190416,933.5244599262447],"R_pred":[-0.049969652949843235,-0.997798683462116,-0.04359840668350967,-0.5125539042237119,0.06308582977026833,-0.8563344401267692,0.8571998186240491,-0.02044420121856716,-0.5145779878574601],"T_pred":[45.46950932093975,67.62688209858808,765.9232140910991],"rotation_error":11.632498593484396,"translation_error":167.60231234965633,"ADD":0,"ADD_S":0}}
{"id_image":26,"data":{"GT_R":[0.13993264617625448,-0.9900493872399948,0.014865250256940096,-0.46357206252819133,-0.07877159200379633,-0.8825511642820546,0.8749396166837737,0.11660665678719577,-0.46998182480385914],"GT_T":[47.59730414441419,66.87089366585268,933.9852209452418],"R_pred":[-0.2487639482777737,-0.961192365390551,0.11927168462032767,-0.7026816799810576,0.09435051126663196,-0.7052208431709347,0.666599545946629,-0.25924354907816516,-0.6988832718023127],"T_pred":[31.941746951251965,37.18056598095012,546.1765072994731],"rotation_error":29.49700248525565,"translation_error":389.2585392880304,"ADD":0,"ADD_S":0}}
{"id_image":27,"data":{"GT_R":[0.14197643705306615,-0.9897894582221933,0.012632445248366549,-0.4642226893118777,-0.07784867491492974,-0.8822899077461885,0.8742648835182367,0.11940005608326003,-0.4705357499244047],"GT_T":[48.77814156700117,66.63336199118616,934.2254511252758],"R_pred":[-0.04850122213980346,-0.9973257347232739,-0.054671842017873507,-0.4982611468128103,0.07159781110231078,-0.8640657284154609,0.8656693716585615,-0.014667389135074982,-0.5004012456701439],"T_pred":[45.50634377473792,64.29806817132439,743.8641936345153],"rotation_error":11.737133514920389,"translation_error":190.40369379684347,"ADD":0,"ADD_S":0}}
{"id_image":28,"data":{"GT_R":[0.1436440512501601,-0.9895564381885938,0.012037978716777939,-0.464172483682834,-0.07811217691669736,-0.8822933842901969,0.8740200838158833,0.12114809493462524,-0.4705455432423896],"GT_T":[49.070982959252134,66.7023563752472,934.5921581807729],"R_pred":[-0.0931160515746503,-0.9907966146002545,-0.09824189246865145,-0.3652112973720645,0.12578179641443443,-0.9223880137786764,0.9262559631176259,-0.0500100808580915,-0.3735624212920867],"T_pred":[41.494286135958546,57.52525662365651,643.0684967011821],"rotation_error":16.39374578751056,"translation_error":291.7664660256038,"ADD":0,"ADD_S":0}}
{"id_image":29,"data":{"GT_R":[0.1441668278594961,-0.9894884687642391,0.011344178123596754,-0.4642531598776757,-0.07775586933903886,-0.8822832800790275,0.8738908813401135,0.12192875767400724,-0.4705828751018982],"GT_T":[48.61266771496605,66.33713387874757,934.643991307783],"R_pred":[0.05592411983815193,-0.9932676366314601,-0.10144897653934931,-0.42599660231824465,0.06815795366384869,-0.9021537497376306,0.9029946775223201,0.09366907372719174,-0.4193169648290548],"T_pred":[47.54652241291265,68.3842223258083,749.7798319500764],"rotation_error":8.880053881958792,"translation_error":184.87856731364707,"ADD":0,"ADD_S":0}}
{"id_image":30,"data":{"GT_R":[0.14465414523866704,-0.989384302007803,0.013931604258419154,-0.46340238010223544,-0.08017878616950741,-0.8825136687186522,0.8742622467996748,0.12120276991859963,-0.4700813289714311],"GT_T":[47.140285970342745,66.70005345538263,934.6889111579692],"R_pred":[0.07167768387732021,-0.9974276161855522,-0.0006783099511269985,-0.264435208794261,-0.018347253412157483,-0.9642289140251736,0.9617361020487474,0.0692930643184217,-0.2650700685732822],"T_pred":[46.08312611229732,78.26227879704132,782.1881247818507],"rotation_error":13.348574728906726,"translation_error":152.94212136344683,"ADD":0,"ADD_S":0}}
{"id_image":31,"data":{"GT_R":[0.14423550506371596,-0.989455674390332,0.01320756894185621,-0.4637664858166826,-0.0793829177900492,-0.8823938285612043,0.8741375332371849,0.12114596276532387,-0.4703264498783789],"GT_T":[45.04104804046064,67.22888061435353,934.6427644363459],"R_pred":[0.009625798885275927,-0.9863786691021836,-0.1642086025031108,-0.4366967895753245,0.14358204627247906,-0.8880766351857321,0.8995572566381889,0.08025781661876968,-0.4293663062015499],"T_pred":[42.019091563543874,60.513455163601854,690.3662022310926],"rotation_error":13.098945767690658,"translation_error":244.38753651270756,"ADD":0,"ADD_S":0}}
{"id_image":32,"data":{"GT_R":[0.14363212640456594,-0.989541097622596,0.0133485892018236,-0.46342419770103965,-0.07917167338736744,-0.8825929633687843,0.8744189918158748,0.12058205054302992,-0.4699493246790361],"GT_T":[43.189012982797365,67.37241159605973,934.5788376529492],"R_pred":[-0.03144205793947563,-0.9835520149074974,-0.1778674533576427,-0.4468033354684225,0.1730160385546763,-0.8777426899821721,0.8940795134700399,0.05187373491709801,-0.44489430117605183],"T_pred":[42.269029115312875,67.04913830398861,767.9502506372927],"rotation_error":15.032389041684974,"translation_error":166.6314402709525,"ADD":0,"ADD_S":0}}
{"id_image":33,"data":{"GT_R":[0.1430164779348682,-0.9896428840984643,0.012379227733273084,-0.4650900016308769,-0.07824153351147753,-0.8817989950116968,0.8736342637860028,0.12035437530250956,-0.47146288448460477],"GT_T":[42.20538901241038,66.3308896627911,934.8279136927262],"R_pred":[0.17410874123342457,-0.9798285729784149,0.09809237381771796,-0.07612260944532395,-0.11270798801156834,-0.9907079578612552,0.9817797586818271,0.16502386801146907,-0.09421055370385129],"T_pred":[43.31688201026349,80.19716898545924,727.5243459527868],"rotation_error":23.392208089204352,"translation_error":207.76977238435373,"ADD":0,"ADD_S":0}}
{"id_image":34,"data":{"GT_R":[0.14499251923926695,-0.9892838405732831,0.017152997905544566,-0.46341619980390286,-0.0832160152086728,-0.8822245754971908,0.8741982418241824,0.11996630936541687,-0.47051614096313965],"GT_T":[40.618325013369834,66.57882617904116,934.631560221901],"R_pred":[-0.15192372799992848,-0.9878114785316838,-0.03387718630070369,-0.3307987535945464,0.08311493809087722,-0.9400340907043979,0.9313921652509745,-0.13160695250327203,-0.33939393713191623],"T_pred":[30.552849211602798,54.716142379155514,594.8234802506522],"rotation_error":19.22700390732555,"translation_error":340.1640314374797,"ADD":0,"ADD_S":0}}
{"id_image":35,"data":{"GT_R":[0.14316439831306746,-0.9895366098007197,0.017950073948122626,-0.46447908194828164,-0.08319331565321415,-0.8816681435936862,0.8739355317127769,0.11788514510329769,-0.47152845311463976],"GT_T":[38.12333796229955,67.29775266611301,934.29191621945],"R_pred":[0.12878487135830707,-0.9895391317225092,0.06501356550048881,-0.13496407204005634,-0.08243908862448712,-0.9874150575746401,0.9824454978102297,0.11838962562921673,-0.14416913808365245],"T_pred":[37.769994987062134,80.15647642516008,735.3984190988855],"rotation_error":19.995527482567876,"translation_error":199.3090435098659,"ADD":0,"ADD_S":0}}
{"id_image":36,"data":{"GT_R":[0.14081078578700576,-0.989848006172177,0.019335260456869886,-0.4640818195294613,-0.0832438849063286,-0.8818719256962195,0.8745291414664363,0.11520360321212146,-0.4710914352768509],"GT_T":[35.06627596270335,68.35360533489936,933.8478521940693],"R_pred":[-0.09565329915156284,-0.9941748561434195,-0.04966690823508463,-0.523505997027197,0.09268114729895127,-0.8469661598977315,0.8466356462126914,-0.055014183149081575,-0.5293217567930281],"T_pred":[32.36700416132931,72.02967400158813,805.5380340335897],"rotation_error":14.621222445100315,"translation_error":128.39084463261096,"ADD":0,"ADD_S":0}}
{"id_image":37,"data":{"GT_R":[0.14178279218276074,-0.9897018556419516,0.01970918103049454,-0.4628876147468263,-0.08388543006536762,-0.8824387387474065,0.8750045998654629,0.11599067153071144,-0.4700146291049092],"GT_T":[32.49256078282678,69.07779741632471,933.0501672063696],"R_pred":[-0.34115558754560105,-0.909783758034753,0.23644529748459345,-0.7876741397553595,0.13940162638922082,-0.6001138526318939,0.5130129770747228,-0.3909740402842652,-0.7641707827290493],"T_pred":[16.046497278889078,26.955362466463168,468.2766529133737],"rotation_error":41.327688409394554,"translation_error":466.9680846901023,"ADD":0,"ADD_S":0}}
{"id_image":38,"data":{"GT_R":[0.14026127682255746,-0.9899058627083401,0.020342169272720402,-0.4627189527346711,-0.08369921019481752,-0.8825445446911975,0.8753379739028734,0.11437399957277775,-0.4697884885373504],"GT_T":[30.821417836962826,70.35182536754084,932.5137184464444],"R_pred":[0.09203649389391444,-0.9957033509606257,0.010203954012876937,-0.24865777941034023,-0.03290472761839458,-0.968032327786153,0.9642087909423116,0.08655700887935469,-0.25061781996383503],"T_pred":[33.84510082129899,83.2081232282289,767.3603714053693],"rotation_error":13.765010244145929,"translation_error":165.6805815186025,"ADD":0,"ADD_S":0}}
{"id_image":39,"data":{"GT_R":[0.13895661502055076,-0.9900790616257397,0.020842619482807797,-0.4601996774336017,-0.0831958598210888,-0.8839084045939484,0.8768740019411012,0.11323211851764244,-0.4671947629836089],"GT_T":[29.3913928886814,72.54085590642704,931.963596963403],"R_pred":[-0.5501715703094737,-0.7971078247151415,-0.2488581101774721,0.7384006174248645,-0.6035606349399253,0.30079742043025093,-0.38996893646774816,-0.018266793063080294,0.9206468122257325],"T_pred":[21.510762958116864,91.40962936951594,593.1935864140253],"rotation_error":144.19648162755362,"translation_error":339.386586340311,"ADD":0,"ADD_S":0}}
{"id_image":40,"data":{"GT_R":[0.13916965105989254,-0.990114963362539,0.01742858242178047,-0.4601607622736823,-0.08024375187140556,-0.8842021655514704,0.8768602682672195,0.11503284891158247,-0.46678034926737805],"GT_T":[28.946627365364275,74.4403402687693,931.3928726401019],"R_pred":[0.01920237867296193,-0.9869998717244315,-0.15956980249801656,-0.37804906820100914,0.14058240735157979,-0.9150494460823323,0.9255863928805614,0.07789634111555122,-0.3704348651992152],"T_pred":[33.1496548260106,66.69012438695889,673.043403555527],"rotation_error":13.785632194611102,"translation_error":258.4998635634676,"ADD":0,"ADD_S":0}}
{"id_image":41,"data":{"GT_R":[0.13968870333977507,-0.9900316244709978,0.018013338573961927,-0.4583681056325613,-0.08077716061535686,-0.8850846688356778,0.8777165827514022,0.1153788432668447,-0.4650822380492774],"GT_T":[30.225309878953496,75.74529753385002,931.0885786547783],"R_pred":[-0.06715689280048287,-0.9976461618984951,-0.013859559826553458,-0.3137569598079262,0.03430279331515962,-0.9488834957690351,0.9471253992589743,-0.05937553385005284,-0.31532209573474146],"T_pred":[30.855447633315837,58.52978215150286,560.0742270956409],"rotation_error":15.196418424843493,"translation_error":371.41408172862333,"ADD":0,"ADD_S":0}}
{"id_image":42,"data":{"GT_R":[0.14050181858893865,-0.9899351341980004,0.016953377654370484,-0.45884254002914504,-0.08027730867015051,-0.8848840269823486,0.8773386934959903,0.11654816091351437,-0.4655034333737002],"GT_T":[32.68672632350088,76.19407302210367,931.0422865452205],"R_pred":[-0.1159620236453921,-0.9929471364308453,-0.024673737573580656,-0.3517713749795244,0.06428773926240716,-0.9338757874179755,0.9288755077065389,-0.09961461155028006,-0.35674531580471586],"T_pred":[32.61116405619962,67.04487200697355,648.5203612073531],"rotation_error":16.437762190033975,"translation_error":282.67004065780833,"ADD":0,"ADD_S":0}}
{"id_image":43,"data":{"GT_R":[0.14518962223355222,-0.9892380179811563,0.018125820344770196,-0.457388779447678,-0.08335253812292746,-0.885351904004046,0.8773337725872014,0.12025284357530212,-0.4645687132003227],"GT_T":[35.99894534302538,76.90886989214289,930.8908674791403],"R_pred":[0.044130660782256914,-0.9952146365730451,0.08717976789200349,-0.25032583944205233,-0.09549653992784968,-0.9634403899408831,0.9671553437202081,0.020693912452477092,-0.2533422647345994],"T_pred":[41.467911162426795,87.5535108227456,767.9976256009361],"rotation_error":14.461307956314952,"translation_error":163.33225712414063,"ADD":0,"ADD_S":0}}
{"id_image":44,"data":{"GT_R":[0.15082824530953662,-0.9884092882252346,0.017241645206614628,-0.45671788931261514,-0.08514117041013146,-0.8855279196058435,0.8767316649686144,0.12568799413126838,-0.4642659259269652],"GT_T":[40.2172193951707,77.0885877281905,930.4789493349939],"R_pred":[0.04494284082139288,-0.9973694545680074,-0.05687101329868105,-0.24435133015709493,0.0442241779189364,-0.9686777841665686,0.9686447070569074,0.057431639207931984,-0.24172099269308095],"T_pred":[42.120007672862755,71.47300604764325,659.1051173197912],"rotation_error":15.643562134728027,"translation_error":271.43859722496364,"ADD":0,"ADD_S":0}}
{"id_image":45,"data":{"GT_R":[0.15554126702922405,-0.987690666842356,0.01656332265815674,-0.4558145580208745,-0.08663675531569,-0.885847787539164,0.8763786895722164,0.13023570366953668,-0.46367988952674527],"GT_T":[43.868396591082906,76.65566671558412,930.0583235677295],"R_pred":[-0.4597549758093131,-0.7825420463893239,0.4198253301688541,-0.8351780843563997,0.22033451625399791,-0.5039149415902363,0.30183261856425064,-0.5823063167954871,-0.7548618574220859],"T_pred":[10.613215169328212,15.69263649681879,374.6977697743183],"rotation_error":58.1620111451937,"translation_error":559.6853963206224,"ADD":0,"ADD_S":0}}
{"id_image":46,"data":{"GT_R":[0.15736104311878218,-0.9873537057025519,0.019248372888419952,-0.4542517758183182,-0.08967612008437761,-0.8863480048915426,0.8768650542038698,0.1307322541797085,-0.4626193614009556],"GT_T":[46.96186505230198,76.18679825406046,929.6206119707058],"R_pred":[0.1410958128510773,-0.9816444020001817,-0.12832084638748154,-0.25616763162194,0.08900168619455517,-0.9625262824275147,0.9562793086254141,0.16868007551643965,-0.23890775629658473],"T_pred":[46.764773171757014,64.61473273204842,607.3168800835908],"rotation_error":16.097452292796326,"translation_error":322.5114682209245,"ADD":0,"ADD_S":0}}
{"id_image":47,"data":{"GT_R":[0.16229227092942713,-0.9866010809072383,0.016704704016397152,-0.4553800277233188,-0.08990488328174782,-0.8857461964888613,0.8753793122287841,0.13614262431080887,-0.46387028342707576],"GT_T":[49.379317685079094,76.39084778163945,928.8466876552941],"R_pred":[-0.02101345950520528,-0.999683241260541,-0.013851052755733784,-0.5702158408131761,0.023363574781062768,-0.8211626137734063,0.8212261134458314,-0.009357377638457565,-0.5705261694947792],"T_pred":[50.14572644046799,81.17830423921016,816.8456905056017],"rotation_error":12.86259288504336,"translation_error":112.10588960549248,"ADD":0,"ADD_S":0}}
{"id_image":48,"data":{"GT_R":[0.16543617686799678,-0.9860312731876099,0.01932573813104821,-0.45331158750745865,-0.09343009067733983,-0.8864421372042373,0.8758642796448782,0.13788835974564007,-0.46243641212942377],"GT_T":[50.83164683162187,77.64655595020088,927.9740090235986],"R_pred":[-0.20688799219481147,-0.9732080214591687,0.10031702573905321,-0.6256939865846831,0.05278809046422295,-0.7782804460198828,0.7521332287815545,-0.22378463859852238,-0.6198516287709201],"T_pred":[35.23298527008394,49.36463261590884,559.3624952218214],"rotation_error":25.144393655821887,"translation_error":370.0238283370896,"ADD":0,"ADD_S":0}}
{"id_image":49,"data":{"GT_R":[0.16853695304401287,-0.985514188978986,0.018891105692055626,-0.45229950526473434,-0.09434927818086182,-0.8868617671441732,0.8757968542793733,0.1409236727002564,-0.46164855157272927],"GT_T":[52.718983210720154,78.86077730833941,927.1445133471381],"R_pred":[-0.022548487571389608,-0.9991066568171753,-0.035741488663039334,-0.4778154471898063,0.04217296485966138,-0.8774473428427207,0.8781708057861228,-0.002707275115878427,-0.47833953059139755],"T_pred":[52.46378301011685,81.97358186325833,784.4382330867342],"rotation_error":11.476613131331456,"translation_error":142.74045363911543,"ADD":0,"ADD_S":0}}
{"id_image":50,"data":{"GT_R":[0.1707052781433043,-0.9851445176651332,0.018703506915557454,-0.45244857799192045,-0.09523403628879938,-0.8866904147188874,0.8752998568974225,0.14289951038587123,-0.4619847321668096],"GT_T":[54.27840109971248,79.75278575938202,926.2104522360017],"R_pred":[0.3162100152084104,-0.9476330957280502,-0.044752007360215285,0.06339497418475692,0.0681738403184663,-0.9956572727321116,0.9465686998469847,0.31199974900166866,0.081632426724219],"T_pred":[52.72464807293019,71.28052771970307,561.1826748675006],"rotation_error":33.39641052793789,"translation_error":365.1293901555271,"ADD":0,"ADD_S":0}}
{"id_image":51,"data":{"GT_R":[0.17533924272800477,-0.984303745671379,0.02007247374095214,-0.4509427002457903,-0.0984190844776106,-0.8871106821781396,0.8751609207623915,0.1464926135965703,-0.4611206975224034],"GT_T":[55.83848393034503,80.732339962927,925.1120215095818],"R_pred":[0.03271062940923586,-0.991793137760527,-0.12359768045873604,-0.4100197148790269,0.09946252906035447,-0.906637214503927,0.9114899056677332,0.08033415963365975,-0.4034012576353481],"T_pred":[53.920002791036204,78.8194236461963,743.111302426479],"rotation_error":12.263851536597775,"translation_error":182.02088222367016,"ADD":0,"ADD_S":0}}
{"id_image":52,"data":{"GT_R":[0.17647158350660938,-0.9840743373480323,0.0213452732668577,-0.4510690939515936,-0.10012527233544967,-0.8868546962033715,0.8748680244295276,0.14687601846350698,-0.46155431166844313],"GT_T":[56.725363886292286,81.38981317789582,924.0165363489228],"R_pred":[-0.36392156347750004,-0.8927315810479602,0.26569045868397456,-0.7702831925401726,0.12808335359980116,-0.6247066974354823,0.5236648727251151,-0.4320011327881411,-0.7342684266285401],"T_pred":[28.881496056353335,39.03670895973341,512.7863043489592],"rotation_error":43.85437471694823,"translation_error":414.34209311074045,"ADD":0,"ADD_S":0}}
{"id_image":53,"data":{"GT_R":[0.17888876431900033,-0.9836267955566961,0.021843396697779138,-0.4505848172837245,-0.1016419586050811,-0.8869290805370132,0.8746272022092498,0.1488188056518334,-0.46138985871594035],"GT_T":[56.89445385531779,82.98935766846944,922.5594374724277],"R_pred":[-0.19288000942111383,-0.9742231903015669,0.1169892193509646,-0.7674884230249855,0.07550398728786911,-0.6366008705823879,0.6113581785568358,-0.21257545338601613,-0.7622682297783359],"T_pred":[36.46701974279052,42.95345278289772,529.2836540649358],"rotation_error":32.65521558239092,"translation_error":395.83581894417364,"ADD":0,"ADD_S":0}}
{"id_image":54,"data":{"GT_R":[0.1773683522283338,-0.9838731451925964,0.023124283368745325,-0.44884911971461977,-0.1017826147265524,-0.887791996505966,0.8758277542463518,0.14708661345730148,-0.4596643187239665],"GT_T":[55.859918442700156,83.23735644998568,920.9089966686026],"R_pred":[0.33105295105679056,-0.9321459496197828,-0.14665562452229286,-0.0675440621425647,0.13161178367329146,-0.9889975419927071,0.9411916612815222,0.3373162714808882,-0.019390454568167514],"T_pred":[52.77265581400151,68.82151351111729,568.8543953463061],"rotation_error":28.94109343295895,"translation_error":352.3631507839289,"ADD":0,"ADD_S":0}}
{"id_image":55,"data":{"GT_R":[0.1778186691631982,-0.9838660085261645,0.019698981188666018,-0.45059774983095996,-0.09920154840266497,-0.8871983648600589,0.8748382979917603,0.1488837792010191,-0.460967569896466],"GT_T":[55.180207980447236,81.85129054952561,919.2238314947211],"R_pred":[-0.2954227765066183,-0.9379650274673952,0.18151305839858822,-0.6146852652272221,0.041168556025813485,-0.7876973877748288,0.7313599714461138,-0.34427715178739077,-0.5887154108085686],"T_pred":[31.977387746572585,47.548603123681985,535.1910501602747],"rotation_error":31.484956997529807,"translation_error":386.2592683301093,"ADD":0,"ADD_S":0}}
{"id_image":56,"data":{"GT_R":[0.1776884844606601,-0.9838447845946409,0.02182142462600106,-0.4516450463378996,-0.10123055484906356,-0.8864364265610125,0.8743242936463134,0.14765374092311337,-0.4623362523144264],"GT_T":[53.776117885375136,80.58675347978252,917.8663452210147],"R_pred":[0.1731785891436463,-0.9707871370244805,-0.1660768221336985,-0.27990501285066777,0.1131590432413529,-0.9533353107452638,0.944278751239952,0.2115829991292157,-0.25213146260671804],"T_pred":[47.78269863552742,60.77351156730165,574.8238737818839],"rotation_error":16.69433896828533,"translation_error":343.66644124856566,"ADD":0,"ADD_S":0}}
{"id_image":57,"data":{"GT_R":[0.17722287970320708,-0.9839495541655902,0.020863438417909632,-0.4535690695057162,-0.10047061157002483,-0.88554011002342,0.8734221218744501,0.14747382371274173,-0.4640953487171821],"GT_T":[52.042163105442505,79.12286352727472,916.3107456530535],"R_pred":[-0.11205548722212844,-0.9918067424565664,-0.06134291647049367,-0.46783151434982334,0.10711701754742176,-0.877302467073299,0.8766853722770573,-0.06960840588204814,-0.476001499856878],"T_pred":[48.03961729015681,84.087352145392,843.3128760220642],"rotation_error":17.30896077718232,"translation_error":73.27588614889473,"ADD":0,"ADD_S":0}}
{"id_image":58,"data":{"GT_R":[0.1777523085907187,-0.9838839044859641,0.019409430182172165,-0.4568683774492585,-0.0999761675393511,-0.8838985340317461,0.8715932366533625,0.14824686476246612,-0.46727620816242876],"GT_T":[50.15132983436842,77.33746461972125,914.8022908380275],"R_pred":[-0.03358199304594767,-0.9990219056886119,-0.028765981599038537,-0.5199449483085227,0.042044023057622226,-0.8531644336548365,0.8535393959692251,-0.013694235262490584,-0.5208483152022918],"T_pred":[46.37932271987176,76.96527158145737,798.4148872555178],"rotation_error":12.949383330649574,"translation_error":116.44910595623969,"ADD":0,"ADD_S":0}}
{"id_image":59,"data":{"GT_R":[0.1767237197902798,-0.9840871324739447,0.01848670210718576,-0.46031787673655844,-0.09923695011992313,-0.8821906027938792,0.8699866863893868,0.14739332212427506,-0.4705302974752992],"GT_T":[48.32060201556652,75.29872222341567,913.6326009208947],"R_pred":[0.11203986161810386,-0.9936572367287944,0.009610687025017883,-0.1618348532619745,-0.02778844667559799,-0.9864265215924766,0.9804369177454872,0.10896374685120808,-0.16392178681881964],"T_pred":[46.63720090304039,83.19670107332936,748.8894615049834],"rotation_error":18.963624605650274,"translation_error":164.94094062369635,"ADD":0,"ADD_S":0}}
{"id_image":60,"data":{"GT_R":[0.17519515058285834,-0.984308531530757,0.021051518937876185,-0.46021731067442434,-0.10077789802127007,-0.8820679118342758,0.8703487622739237,0.14484445325893117,-0.47065189144624037],"GT_T":[46.50795378144274,73.2602105486747,912.4421858613887],"R_pred":[-0.1460387274506303,-0.9883550967421724,0.04274216686565424,-0.7404359596453098,0.0805491975311643,-0.667282860892751,0.656069569290277,-0.12909697719488394,-0.7435769568312443],"T_pred":[31.262311209026056,37.12535993422179,532.6951770371868],"rotation_error":27.64556054748787,"translation_error":381.766876191876,"ADD":0,"ADD_S":0}}
{"id_image":61,"data":{"GT_R":[0.174848653094565,-0.9843776074147297,0.020709557773752968,-0.4617066378319109,-0.10055103492568368,-0.8813153857773426,0.8696291057619446,0.14453419617881838,-0.4720751937554956],"GT_T":[44.083483171086705,71.59532773118381,911.2732123777065],"R_pred":[0.18545618145064935,-0.9805057899530389,0.06491841518637714,-0.10075938065818901,-0.08469103641576048,-0.9912996396449473,0.9774730441148349,0.1773015065344662,-0.11450163234420135],"T_pred":[42.63139542045302,78.91196624925277,697.4109621553375],"rotation_error":21.769842816499725,"translation_error":213.99229852547214,"ADD":0,"ADD_S":0}}
{"id_image":62,"data":{"GT_R":[0.17459030351299193,-0.9844046991661821,0.02156997735878031,-0.46434996191296285,-0.10163289612091263,-0.8798011583288686,0.868272093389385,0.14358799398694574,-0.4748534569805639],"GT_T":[41.488845550376006,70.62718599967779,910.2486743585685],"R_pred":[0.1890260042538457,-0.9819381823655167,0.00815939510814001,-0.13143472704389042,-0.03353425248888431,-0.9907574710477383,0.973136209501385,0.1862064980679174,-0.13539962272679884],"T_pred":[41.72890849274438,80.75699521586965,739.5873834095576],"rotation_error":20.618550720289715,"translation_error":170.96182876114685,"ADD":0,"ADD_S":0}}
{"id_image":63,"data":{"GT_R":[0.17384971731030985,-0.9845353773866707,0.021596974065470353,-0.46474685318872655,-0.10136039804253312,-0.8796231386003955,0.8682090064820944,0.14288476866324043,-0.4751811194881599],"GT_T":[38.36309218062643,69.1869638365699,908.9899093703466],"R_pred":[0.11359766352142742,-0.9803088068671193,-0.16152465453062131,-0.4019025427483495,0.10334007953648694,-0.9098324978224304,0.9086087810355361,0.16827201532089808,-0.38224941057503303],"T_pred":[39.79874815784495,66.77500464277936,728.0680854393149],"rotation_error":12.502809625984693,"translation_error":180.94359626626374,"ADD":0,"ADD_S":0}}
