{"id_image":1,"data":{"Best_template_id":119,"GT_R":[-0.22509298072912012,-0.9602367403863958,0.1651653755676953,-0.6213204744133984,0.010883795245738707,-0.7834805351331321,0.7505294106614706,-0.2789761167440212,-0.5990641770966754],"GT_T":[-31.781134605612156,121.76700161436155,938.2564545139057],"R_pred":[-0.33755162588835375,-0.9361008616020985,0.0988639305709495,-0.5959872423351498,0.13124318289845238,-0.7921959567660177,0.728600100764385,-0.32632867457594306,-0.602205520827928],"T_pred":[-17.03301712006581,108.27698624972875,752.8828322626873],"rotation_error":7.645819056743841,"translation_error":186.44802844343226,"ADD":0,"ADD_S":0}}
{"id_image":21,"data":{"Best_template_id":119,"GT_R":[-0.23129720708487048,-0.9561443655779928,0.17969637094124766,-0.6124814323218237,-0.00039988924312424785,-0.7904847793600622,0.755889420477037,-0.29289684304688857,-0.5855273626246725],"GT_T":[-42.07786950490529,125.5445974691645,930.4259856255183],"R_pred":[-0.27350922844549186,-0.9568422515651913,0.09821205412171319,-0.4666457937024115,0.04271362038814852,-0.8834122762635706,0.8410911990830707,-0.28745165202689593,-0.45818898128611774],"T_pred":[-23.217608213797952,118.07222703018887,747.1274186846231],"rotation_error":10.237955364889471,"translation_error":184.4177605832257,"ADD":0,"ADD_S":0}}
{"id_image":34,"data":{"Best_template_id":153,"GT_R":[-0.22079968463747046,-0.9617389175642627,0.16219154752265585,-0.6114774778685048,0.006948870381247845,-0.7912312572893262,0.7598312253611149,-0.2738801047728459,-0.5896163069875262],"GT_T":[-32.63668131546503,122.6376351844459,934.4488567976555],"R_pred":[-0.11696623540641338,-0.9766264832244282,0.18033194958059262,-0.021538909315198806,-0.17904104615145555,-0.9836058047706431,0.9929022988997274,-0.11893282161656732,-9.371210543052122e-05],"T_pred":[-17.84587480681338,155.40386072815943,871.5206272202975],"rotation_error":38.20587471169734,"translation_error":72.47313689429039,"ADD":0,"ADD_S":0}}
{"id_image":39,"data":{"Best_template_id":119,"GT_R":[-0.20749738259267603,-0.9663567930324797,0.15198349785874743,-0.6117880767143388,0.0069607775546367025,-0.7909909326469907,0.7633228551356759,-0.25710981570698654,-0.592649387052715],"GT_T":[-26.177869497514905,124.85657806285987,935.790907181891],"R_pred":[-0.30164447819472084,-0.9205291446132556,0.2482674015899435,-0.6671514021341302,0.017767239712298877,-0.7447102334622975,0.6811164477569884,-0.39026967485393144,-0.6194916992860422],"T_pred":[-14.911581706261797,110.54909395011906,736.6323245676405],"rotation_error":9.13827594691589,"translation_error":199.98943564885855,"ADD":0,"ADD_S":0}}
{"id_image":52,"data":{"Best_template_id":119,"GT_R":[-0.16967997945772625,-0.970197113805411,0.17299417597091904,-0.5900307405079211,-0.040589104902376966,-0.8063600503364525,0.7893495002566256,-0.2388947593878125,-0.5655591118215667],"GT_T":[-34.67658242423544,144.99574606423204,926.113451308591],"R_pred":[-0.340268660943724,-0.8469567353431899,0.4085113545990747,-0.6593480695857905,-0.0948400149373343,-0.7458320821070772,0.6704307283478709,-0.5231344569262211,-0.5261682035846058],"T_pred":[-24.572559883739434,118.90058954658126,703.2176494156814],"rotation_error":18.542721087502894,"translation_error":224.64546949952665,"ADD":0,"ADD_S":0}}
{"id_image":61,"data":{"Best_template_id":119,"GT_R":[-0.13580463613794966,-0.9762797316492939,0.16862953272634057,-0.6007324765384854,-0.05420431677887665,-0.7976096918888919,0.787831306006013,-0.209621097272492,-0.5791210323806],"GT_T":[-25.470869116598298,122.82848888503793,922.9065120008023],"R_pred":[-0.21440575480513901,-0.948937658717975,0.23140331063596883,-0.6839945689498654,-0.023255018200189714,-0.7291163376139618,0.6972672385488411,-0.31460534641890137,-0.6440821951048769],"T_pred":[-14.229905135172375,113.30667585916862,761.8307334938975],"rotation_error":8.781719426455844,"translation_error":161.74804671505865,"ADD":0,"ADD_S":0}}
{"id_image":65,"data":{"Best_template_id":119,"GT_R":[-0.1374770185720791,-0.9778663041519917,0.15772877493309959,-0.5962854499475975,-0.04544787525840175,-0.8014853445267937,0.7909135772713186,-0.20423736416642596,-0.5768380688318572],"GT_T":[-30.666828488215724,124.66172074244389,923.0739892079828],"R_pred":[-0.17388759812540777,-0.9798692570416669,0.09807824592022535,-0.26790551744479174,-0.048768172556026834,-0.962210111705434,0.947623204095813,-0.19359210843977365,-0.2540321999452586],"T_pred":[-17.23470412413259,130.08787524994554,786.8123749327234],"rotation_error":21.07025850069303,"translation_error":137.02953200887407,"ADD":0,"ADD_S":0}}
{"id_image":71,"data":{"Best_template_id":119,"GT_R":[-0.13040550114436406,-0.9805190157270522,0.14689178718185406,-0.5988160612639762,-0.04018954810314589,-0.7998774059968135,0.7901987759638076,-0.1922693627339435,-0.5819091679268741],"GT_T":[-30.557694229250394,116.2549915624065,924.718714323131],"R_pred":[-0.2519902417231171,-0.9269107824361915,0.27809588181030664,-0.665715003406643,-0.04253457743692446,-0.7449928482620188,0.7023705947116652,-0.37286352882226137,-0.6063401162372422],"T_pred":[-21.752334316302132,107.56913431631284,750.8105318463985],"rotation_error":11.712755514300747,"translation_error":174.34745312638378,"ADD":0,"ADD_S":0}}
{"id_image":80,"data":{"Best_template_id":119,"GT_R":[-0.1401159049789833,-0.9784596879663198,0.1516038008269484,-0.5817360598933892,-0.04254884792726572,-0.8122636269280696,0.8012186684536889,-0.2020041378575736,-0.5632435251294129],"GT_T":[-49.74806537343579,127.52960068886684,920.1827670149848],"R_pred":[-0.23026413719241112,-0.9674795504041325,0.1046983604114789,-0.3260367503989387,-0.024671379963413287,-0.9450351106704983,0.9168851970188714,-0.25174320757573254,-0.3097529546705681],"T_pred":[-33.39002539990651,126.04578321700816,762.646339160619],"rotation_error":16.95621119102076,"translation_error":158.39038255897728,"ADD":0,"ADD_S":0}}
{"id_image":81,"data":{"Best_template_id":119,"GT_R":[-0.13774173134889656,-0.9785631384418136,0.1531053801618529,-0.5812551159733891,-0.04530007760652837,-0.8124593902511347,0.8019791742388488,-0.20090261042290522,-0.5625545413272739],"GT_T":[-50.53776752367227,126.49525688176813,919.9070179388682],"R_pred":[-0.22185348627313817,-0.9672516949440393,0.12330932347692969,-0.3307921758972366,-0.044302592810897656,-0.9426631512026997,0.9172554535098859,-0.24992286589689122,-0.3101306081447917],"T_pred":[-34.782113566753445,123.90199987430543,754.7897209389168],"rotation_error":16.623858887311407,"translation_error":165.88757452590315,"ADD":0,"ADD_S":0}}
{"id_image":84,"data":{"Best_template_id":119,"GT_R":[-0.13209671487708072,-0.9787482204089877,0.15685085630627021,-0.5814076436608728,-0.05165404507977115,-0.811971339308601,0.8028173806987929,-0.19845371364141826,-0.5622277595109114],"GT_T":[-54.28661415459767,120.52027367318051,919.1873220217375],"R_pred":[-0.20509710291036953,-0.9651758756920512,0.16239060120541204,-0.4909394507542053,-0.04208378196848328,-0.8701766550467716,0.8467075256964073,-0.2581946635337591,-0.46521165253221736],"T_pred":[-35.23737315949517,109.83162693393112,731.5560813772382],"rotation_error":7.265330939714486,"translation_error":188.89839389841288,"ADD":0,"ADD_S":0}}
{"id_image":88,"data":{"Best_template_id":119,"GT_R":[-0.13705272465140328,-0.9781725939175705,0.1561906002605137,-0.5807965538383703,-0.048377690297359735,-0.8126098372680218,0.8024295009854642,-0.20208581132111827,-0.5614883098494328],"GT_T":[-55.033628454871035,115.43755182071303,918.7892394930237],"R_pred":[-0.15016376584000124,-0.9827893593910845,0.10759144248689823,-0.6497894206533957,0.016088244656714434,-0.7599439960883898,0.7451339156391111,-0.18402783336095668,-0.6410219998664618],"T_pred":[-36.908408185103305,108.87266995170039,771.3066559850485],"rotation_error":6.302831468133904,"translation_error":148.7371296010804,"ADD":0,"ADD_S":0}}
{"id_image":92,"data":{"Best_template_id":119,"GT_R":[-0.14504210151039915,-0.9764489324364627,0.15972004640075693,-0.5695801546504531,-0.049594872354625556,-0.8204377918270966,0.8090375790458292,-0.20997156678867288,-0.5489724280659998],"GT_T":[-66.14196388975898,121.02729813087083,915.9579856436502],"R_pred":[-0.2024863462256018,-0.9387954061528392,0.2786798610924929,-0.7521391588803359,-0.03314973694127743,-0.658170024096741,0.6271251591755719,-0.3428764796935617,-0.699392418032941],"T_pred":[-50.961090395069014,113.45054543996233,772.0307726637428],"rotation_error":15.85524532430789,"translation_error":144.92380321246262,"ADD":0,"ADD_S":0}}
{"id_image":97,"data":{"Best_template_id":119,"GT_R":[-0.1623380407607802,-0.9756056398859629,0.14778593567393902,-0.5499500438643439,-0.03489579740995079,-0.8344680806832168,0.8192697207768936,-0.2167403407103197,-0.5308688218424403],"GT_T":[-77.41759248485691,133.7345711483543,911.0458198545048],"R_pred":[-0.22617779147359207,-0.9642850687125606,0.13783291661334196,-0.6269916907287911,0.03582945135299642,-0.7782015614047527,0.7454696683307646,-0.26243200390530774,-0.6127025517533483],"T_pred":[-54.78079134060055,121.08009968590216,753.1623067378276],"rotation_error":7.324022371606744,"translation_error":159.9992628986227,"ADD":0,"ADD_S":0}}
{"id_image":98,"data":{"Best_template_id":119,"GT_R":[-0.1656283609608725,-0.9757487362695824,0.14311354807223767,-0.547984534027099,-0.029593666825546372,-0.8359643239858594,0.8199277581725632,-0.2168840063284754,-0.5297929837429746],"GT_T":[-78.2344483342984,133.59333779430406,910.2816364646729],"R_pred":[-0.2636941583894217,-0.861249716158784,0.43441261175029083,-0.7923446832092218,-0.06345385330171582,-0.6067647909126259,0.5501411580870611,-0.5042048541194133,-0.6656742230709016],"T_pred":[-60.58554565714677,111.37760632724631,710.3180792503198],"rotation_error":25.669692362636972,"translation_error":201.96644945173907,"ADD":0,"ADD_S":0}}
{"id_image":114,"data":{"Best_template_id":119,"GT_R":[-0.18629471999114974,-0.9705174488781453,0.152936489966851,-0.5321758255315725,-0.031170737671516905,-0.8460596783520018,0.8258832767308555,-0.23900573798571262,-0.510679090695621],"GT_T":[-105.57916487506111,141.91273196999663,905.2177756661804],"R_pred":[-0.22830768406067148,-0.9719811841443329,0.05593012666026498,-0.5913608438417022,0.09280990516759502,-0.8010484840966945,0.773413184377977,-0.21596041112241565,-0.5959808277605536],"T_pred":[-81.90392640706251,129.1308054671202,765.4867614117909],"rotation_error":8.373314625252204,"translation_error":142.29775439620238,"ADD":0,"ADD_S":0}}
{"id_image":116,"data":{"Best_template_id":119,"GT_R":[-0.19582515796828856,-0.9687410384152221,0.1522924868661698,-0.529154272799333,-0.026364375952293163,-0.8481159891666061,0.8256200349017503,-0.24666900637960376,-0.5074501851446975],"GT_T":[-112.24418910886257,140.7031885280224,903.5421106203136],"R_pred":[-0.1574556032230474,-0.9827662704218678,0.09684105913690877,-0.6057693587899817,0.018674181836349057,-0.7954211204663333,0.7799046204279343,-0.18390685863728656,-0.5982700480396161],"T_pred":[-84.72899009099119,132.189735826144,768.4924918425171],"rotation_error":6.986027969954115,"translation_error":138.08680091134107,"ADD":0,"ADD_S":0}}
{"id_image":121,"data":{"Best_template_id":119,"GT_R":[-0.2195897284443583,-0.9660337060162643,0.1362341346718295,-0.5245094925685898,-0.0008419343222120504,-0.8514039402216338,0.8225995644712671,-0.25841559867228864,-0.5065084602493596],"GT_T":[-113.85770607004658,137.40019010461666,905.2950114067119],"R_pred":[-0.3801340338289253,-0.9101272911652225,0.16482242020187587,-0.3560666404701646,-0.02046971491574745,-0.9342363396462154,0.8536478570635787,-0.41382279377472947,-0.31628473166316096],"T_pred":[-90.53802725824157,129.5497053355785,742.7238464755674],"rotation_error":14.45577922075436,"translation_error":164.42269064233207,"ADD":0,"ADD_S":0}}
{"id_image":127,"data":{"Best_template_id":119,"GT_R":[-0.2528677977284735,-0.9594363240747674,0.12465623642387541,-0.5252962297353563,0.0279486407095117,-0.8504601085544522,0.812479547925317,-0.28053552688089906,-0.511055475237179],"GT_T":[-124.00523952934091,124.86919733624636,907.3711260898594],"R_pred":[-0.3197684997396995,-0.9450715775830922,0.06773344682523658,-0.37875440900529217,0.06197128891490056,-0.9234200869643663,0.8685005493569211,-0.32093499746028215,-0.37776649291843634],"T_pred":[-93.68111357504233,116.49394673269074,736.338189798115],"rotation_error":9.803833869066516,"translation_error":173.9021642595067,"ADD":0,"ADD_S":0}}
{"id_image":132,"data":{"Best_template_id":119,"GT_R":[-0.28578324827250284,-0.952101073982455,0.10876863315523495,-0.5177768381819117,0.05790613508709201,-0.8535533870856736,0.8063715850170762,-0.30024953498712675,-0.5095242165055779],"GT_T":[-130.12454923340937,120.10738701096939,911.4548757518496],"R_pred":[-0.26369930947761466,-0.9617649779954373,0.07396486518925965,-0.6106772349464932,0.1070968812881774,-0.7846040866172261,0.7466833257138763,-0.2520682152112444,-0.615569351073527],"T_pred":[-103.90270429461327,116.57758649048807,787.1383310240324],"rotation_error":7.555480076383415,"translation_error":127.10093601847329,"ADD":0,"ADD_S":0}}
{"id_image":136,"data":{"Best_template_id":119,"GT_R":[-0.31344992599573196,-0.9437076543482232,0.10566261843763816,-0.5108105714574495,0.07376324771165063,-0.8565230089042417,0.8005136066642052,-0.3224504656266513,-0.5051767755021865],"GT_T":[-139.46893599488854,120.51925329227662,915.9848199128846],"R_pred":[-0.4890412098808081,-0.8722604670075206,0.0006105195636056382,-0.027886655194293786,0.014935343379629096,-0.9994995097448558,0.8718147908245133,-0.48881347486945853,-0.031628425279411565],"T_pred":[-102.08672453247483,119.39957343703333,711.1607488183812],"rotation_error":30.714290983677973,"translation_error":208.21043085428033,"ADD":0,"ADD_S":0}}
{"id_image":143,"data":{"Best_template_id":119,"GT_R":[-0.3343854469415939,-0.936210572871899,0.10815097704645794,-0.5130941682070221,0.08458922599439758,-0.8541538550928628,0.7905202209226228,-0.3411087253634367,-0.508648780890392],"GT_T":[-148.43662834451627,112.2419315077442,918.2123200689882],"R_pred":[-0.3733218738335897,-0.9226688812926052,0.09650344041343784,-0.499366931308427,0.11219510900131746,-0.8590954111341695,0.7818333878985869,-0.3689097355864106,-0.502635216192203],"T_pred":[-112.02365620381016,106.11843992419954,761.5734425171395],"rotation_error":2.462347149532809,"translation_error":160.93209639471127,"ADD":0,"ADD_S":0}}
{"id_image":150,"data":{"Best_template_id":119,"GT_R":[-0.3278353303357576,-0.9397848560994841,0.0965800834780715,-0.5136962352864548,0.0915292067939011,-0.8530755649049931,0.792868474234818,-0.32928176790954194,-0.512770229687688],"GT_T":[-130.52118521975953,102.78004141978221,925.3211731737202],"R_pred":[-0.42017191193241676,-0.8861650917130959,0.19536374958568437,-0.4605717431498078,0.02275767677247431,-0.8873306923350883,0.7818754592868388,-0.46281045620971023,-0.41770473756944027],"T_pred":[-99.98116703352814,102.40717965297652,774.6891590436825],"rotation_error":9.673416455233045,"translation_error":153.6972199409748,"ADD":0,"ADD_S":0}}
{"id_image":156,"data":{"Best_template_id":119,"GT_R":[-0.33457825170668554,-0.9372432368627454,0.09814539249975003,-0.5155032123775167,0.09484507921202358,-0.85162221666365,0.7888694589743788,-0.33552842024943325,-0.5148848974305079],"GT_T":[-125.91579253379736,95.15410978505822,927.0994096800907],"R_pred":[-0.40325748695203034,-0.906515294967544,0.12495366824163118,-0.5034490898432388,0.10575474766190773,-0.8575283944470762,0.7641481617809123,-0.4087125558835605,-0.4990306939557725],"T_pred":[-88.54751709031542,86.09390514072881,723.7689678446902],"rotation_error":4.6022321419776056,"translation_error":206.93415352424608,"ADD":0,"ADD_S":0}}
{"id_image":164,"data":{"Best_template_id":119,"GT_R":[-0.34110435267075534,-0.9357672791855335,0.08937400889232515,-0.5154248446735609,0.10667326615303126,-0.8502689578391738,0.7861210586286305,-0.3360966598253572,-0.5187040658619066],"GT_T":[-120.5420792976522,85.17181963603333,930.0719618194634],"R_pred":[-0.3036339738371284,-0.9487911325274143,0.08718828344003904,-0.6102876355945968,0.12339738629961017,-0.7825101193561537,0.7316798560656368,-0.29080658846004753,-0.6165031357065409],"T_pred":[-89.40291207985759,83.61203242962522,787.6501809050156],"rotation_error":7.024860690282854,"translation_error":145.79452784652102,"ADD":0,"ADD_S":0}}
{"id_image":165,"data":{"Best_template_id":119,"GT_R":[-0.34326837202069344,-0.934850536171468,0.09067237920978727,-0.5157606097131443,0.10693599740755126,-0.8500326250682989,0.7849581050066687,-0.33855412253921946,-0.5188659807303164],"GT_T":[-119.63060379919585,84.54802662981152,930.264275049657],"R_pred":[-0.5040494904354609,-0.8564158304334883,0.11174093508947724,-0.3502095125105656,0.08440313397254484,-0.9328608729723444,0.7894855340909447,-0.50934078607405,-0.34246832715246034],"T_pred":[-81.34913191943005,77.78394898236724,679.7444936856099],"rotation_error":14.506701098728938,"translation_error":253.5180165005871,"ADD":0,"ADD_S":0}}
{"id_image":167,"data":{"Best_template_id":119,"GT_R":[-0.34330893798948203,-0.9348899634015976,0.09010881657518116,-0.5158429240366599,0.10750857368900986,-0.8499105993422049,0.7848858780184093,-0.33826344846729794,-0.5191653363645266],"GT_T":[-117.66673791121295,82.6904807196945,930.7848567301479],"R_pred":[-0.41008485100959985,-0.9098846333977698,0.06277235760300942,-0.34464921124003756,0.09087502678959214,-0.9343225624470439,0.8444213025285743,-0.40478597235155817,-0.3508574930414758],"T_pred":[-85.73347178545004,87.26750779729495,760.8912667161242],"rotation_error":11.394367370520747,"translation_error":172.92921843974509,"ADD":0,"ADD_S":0}}
{"id_image":169,"data":{"Best_template_id":153,"GT_R":[-0.3444022700266899,-0.9346060648415114,0.0888760430310116,-0.5162755345776479,0.10947436125076287,-0.8493961779869114,0.7841217142689211,-0.33841876144786576,-0.5202175635313085],"GT_T":[-115.92709589722254,81.29127906132051,931.7380353074975],"R_pred":[-0.3383626910899173,-0.9402789669103933,-0.037231084651304036,-0.230198370139653,0.12107071161017968,-0.9655830327710051,0.9124250104328773,-0.3181467384338994,-0.25741649745196105],"T_pred":[-71.95397625941968,81.9488254979533,702.6395681354123],"rotation_error":18.07443780918555,"translation_error":233.28132218117213,"ADD":0,"ADD_S":0}}
{"id_image":170,"data":{"Best_template_id":119,"GT_R":[-0.3451772815407902,-0.9346370134409144,0.08548120553819058,-0.5146546110796889,0.1123299483847643,-0.8500074815116642,0.7848464643604559,-0.33739680476937,-0.5197884231216694],"GT_T":[-114.09283944587523,79.37039127435185,932.3747458994636],"R_pred":[-0.3564929375377167,-0.9321108525903903,0.06389165805443964,-0.4863932215082693,0.12676789641656638,-0.8644949592154525,0.7977057224042821,-0.33926281688586896,-0.498564260173278],"T_pred":[-77.96193529060376,76.14305966804264,733.4166184486738],"rotation_error":1.9994960389105145,"translation_error":202.23796474227882,"ADD":0,"ADD_S":0}}
{"id_image":171,"data":{"Best_template_id":119,"GT_R":[-0.3485800990489846,-0.9332879492582314,0.086400083805869,-0.5137157683819408,0.11313795992663392,-0.8504676917783932,0.7839574730156424,-0.34084122354172686,-0.5188821622654542],"GT_T":[-113.4343237665803,78.6271197892198,932.1455174328441],"R_pred":[-0.3060278388605152,-0.9443430090423898,0.12067826281119459,-0.620163275820501,0.10156823481942723,-0.7778697866604996,0.7223188168433299,-0.3128900365119205,-0.6167295613845839],"T_pred":[-87.51765756437291,83.12038609936876,826.220240442777],"rotation_error":7.475581040088471,"translation_error":109.14223442184516,"ADD":0,"ADD_S":0}}
{"id_image":173,"data":{"Best_template_id":119,"GT_R":[-0.3517893930301961,-0.9321471456498103,0.08571320225970447,-0.511395111609069,0.11468709938015699,-0.8516580927238763,0.7840406055322615,-0.34343794936147454,-0.5170406629879268],"GT_T":[-112.28467553189945,78.09496546313243,932.4221655288311],"R_pred":[-0.4338520212353924,-0.8966260263780192,0.08851097384803863,-0.42265938131544273,0.11578119545498455,-0.8988624823436907,0.7956955894410951,-0.4273832982237117,-0.4291993072494527],"T_pred":[-78.37593247626454,77.37409048408549,730.4922173477681],"rotation_error":7.365440429628791,"translation_error":204.75845889426705,"ADD":0,"ADD_S":0}}
{"id_image":175,"data":{"Best_template_id":119,"GT_R":[-0.35305633129827985,-0.9317664861492088,0.08463326362499313,-0.5094251021237678,0.11557361525721246,-0.8527185792794865,0.7847534926384518,-0.34417240648672787,-0.5154689608727204],"GT_T":[-111.30045764938689,79.31746916925272,932.7353678129094],"R_pred":[-0.37564424111299455,-0.9085583932167276,0.1827923691899666,-0.6058461224295266,0.09148673223498593,-0.7903041526919061,0.7013143945875844,-0.4076172517698471,-0.5848130436334739],"T_pred":[-83.53897939974556,80.66700400587958,788.4171422436591],"rotation_error":8.135088335084635,"translation_error":146.97030703627723,"ADD":0,"ADD_S":0}}
{"id_image":259,"data":{"Best_template_id":119,"GT_R":[-0.45076102218236536,-0.8894586408798455,0.0753547714689776,-0.4364504247123076,0.1459694795449912,-0.887808740830148,0.7786694233736542,-0.4330778824889822,-0.45400138151743047],"GT_T":[-109.84715636644543,105.10376725074212,880.1526425592126],"R_pred":[-0.4477400076107493,-0.8920506080090531,0.06143775985015176,-0.3816479277278009,0.12851652362411836,-0.9153296468577027,0.8086246006929306,-0.433277296781461,-0.3979912552405495],"T_pred":[-87.50173245258217,111.63304796322679,799.5071162774931],"rotation_error":3.6935780246093453,"translation_error":83.93837254657842,"ADD":0,"ADD_S":0}}
{"id_image":388,"data":{"Best_template_id":153,"GT_R":[-0.44609752648475326,-0.8858907259564607,0.12726009843516253,-0.39151016814097,0.06529699103265327,-0.9178536889404351,0.8048091234701661,-0.45927587987642693,-0.3759639460442529],"GT_T":[-52.36356511484714,132.1433797408679,824.1902034188364],"R_pred":[-0.45679574807085255,-0.8895705083544522,0.0013982883793505207,-0.27106940781898425,0.13769707797360264,-0.9526599030410574,0.8472656140131355,-0.43555002626969647,-0.3040347906529963],"T_pred":[-37.4761260096937,125.07570527063329,719.0418263394724],"rotation_error":8.55124401573852,"translation_error":106.4319926899378,"ADD":0,"ADD_S":0}}
{"id_image":516,"data":{"Best_template_id":119,"GT_R":[-0.603441820142597,-0.7897372488594024,0.1103326245646796,-0.38437863428408314,0.16685333862671023,-0.9079721759988035,0.698650555872183,-0.5903181688745589,-0.4042439637342512],"GT_T":[-90.82351688177566,78.13212112854588,803.8971850144333],"R_pred":[-0.5640310783980221,-0.7512230507509976,0.34283067339654505,-0.5791321965490885,0.0639251074379823,-0.8127234951441177,0.5886211358092677,-0.6569455903340907,-0.47111320276468693],"T_pred":[-84.05123865192996,83.242640627716,804.0730974300934],"rotation_error":14.967082692652228,"translation_error":8.485994765012727,"ADD":0,"ADD_S":1}}
{"id_image":520,"data":{"Best_template_id":153,"GT_R":[-0.6043117993872151,-0.7893371946653022,0.10842004577056076,-0.3842784886474994,0.1695482590723707,-0.9075144927163064,0.6979529066769978,-0.5900853887448849,-0.40578496112429363],"GT_T":[-86.5673411702025,76.50301248374302,803.6951082249209],"R_pred":[-0.6409600088109493,-0.7585323576987026,0.11746884450404393,-0.40755269065757777,0.2066317158062535,-0.8894965645581394,0.6504391373855332,-0.618006469502554,-0.44158456971474036],"T_pred":[-71.25742361594955,73.95824243244702,722.9441317240503],"rotation_error":3.830055350101312,"translation_error":82.22888565447151,"ADD":0,"ADD_S":0}}
{"id_image":524,"data":{"Best_template_id":119,"GT_R":[-0.5970340101081002,-0.7945999946435793,0.11028065652227277,-0.38721320571565476,0.16504368171977563,-0.9070978033341659,0.7025790569395243,-0.5842706312900232,-0.40621592246539356],"GT_T":[-75.38561670292732,74.71181142341818,805.0266827288651],"R_pred":[-0.39719695062901994,-0.8603668343053541,-0.31937985665722735,-0.8469827661581355,0.20967021640873773,0.4885269636184126,-0.35334795349926806,0.4645506546960148,-0.8119962518259447],"T_pred":[-60.0697122209885,57.635758031942075,843.8749633737013],"rotation_error":101.0940551582543,"translation_error":45.114935870378595,"ADD":0,"ADD_S":0}}
{"id_image":526,"data":{"Best_template_id":119,"GT_R":[-0.5874953299001758,-0.8010627397285744,0.11466342834438178,-0.3903222702768699,0.15638959926974055,-0.9072980845517887,0.7088715658973905,-0.5777894354186954,-0.4045505153354319],"GT_T":[-66.36265839952841,76.42804480329387,805.9460288976115],"R_pred":[-0.561972328052243,-0.8224053665549363,0.08852409595801047,-0.34458700539276477,0.13547565041792797,-0.9289274158179885,0.751962032431152,-0.5525357555900616,-0.3595237691398593],"T_pred":[-50.42841443312425,80.3980348275226,726.9376941364551],"rotation_error":3.909795394668002,"translation_error":80.69682715760469,"ADD":0,"ADD_S":0}}
{"id_image":527,"data":{"Best_template_id":119,"GT_R":[-0.5871319250221319,-0.8009858362067027,0.11704073408029221,-0.3895160643686297,0.15280476709101798,-0.9082548836576642,0.7096151872005846,-0.5788547393878025,-0.40171279891163886],"GT_T":[-64.78470307735269,78.26009255601313,805.4249923553169],"R_pred":[-0.6281719034158322,-0.7717252008147896,0.09919815616382777,-0.2331382928718576,0.06505216676810122,-0.9702652997997874,0.7423251283337553,-0.6326202889776362,-0.22078263930419362],"T_pred":[-59.69275804290852,96.26361161607772,809.4179859745448],"rotation_error":11.15390580599488,"translation_error":19.13108990160006,"ADD":0,"ADD_S":0}}
{"id_image":532,"data":{"Best_template_id":119,"GT_R":[-0.5917703809132321,-0.7978411914220299,0.11514201827461591,-0.3840175106086163,0.15343288450309153,-0.9104880279923326,0.7087583501455913,-0.5830168513192681,-0.39718184609833407],"GT_T":[-62.865056798684634,86.52856254133714,805.7715642263503],"R_pred":[-0.797034244948521,-0.5104496242632354,0.32276553946922953,-0.3874959639106585,0.022306515599423538,-0.9216014850871078,0.4632313572420272,-0.8596182876436115,-0.21557622599993442],"T_pred":[-64.8265373046035,91.07228833714038,742.732840510372],"rotation_error":24.319121397505814,"translation_error":63.232693581896356,"ADD":0,"ADD_S":0}}
{"id_image":537,"data":{"Best_template_id":119,"GT_R":[-0.601507554877081,-0.7894153815757873,0.1225271412048519,-0.3866439810964748,0.15346394753036544,-0.9093701344916244,0.6990678530014911,-0.594367614893529,-0.39753221762666524],"GT_T":[-69.53189904020405,87.40809371111638,811.5010271995416],"R_pred":[-0.5966415141061489,-0.7130519362573536,0.36820624634131477,-0.5125428117451986,-0.014466544008041704,-0.8585397982812383,0.6175101373851672,-0.7009619499688283,-0.35683830360886115],"T_pred":[-61.46096723838811,89.43598460208935,758.2587574199802],"rotation_error":14.789424200258201,"translation_error":53.88869615137161,"ADD":0,"ADD_S":0}}
{"id_image":539,"data":{"Best_template_id":153,"GT_R":[-0.6031605621285974,-0.7870654601133483,0.12932781384241868,-0.38924985570051596,0.14893339975355716,-0.909012139420796,0.6961917267708362,-0.5986207791821149,-0.39619586805544665],"GT_T":[-72.72980607208343,85.93325515284644,813.8338002213765],"R_pred":[-0.6257423796354364,-0.7799373310307309,0.012009745744249234,-0.33087183426478317,0.25145221512807947,-0.9095579216286561,0.706378300642396,-0.5731226248996305,-0.41540360278856314],"T_pred":[-59.48278330779109,83.8015011535441,728.0546836695713],"rotation_error":6.946808820268469,"translation_error":86.82214477677566,"ADD":0,"ADD_S":0}}
{"id_image":543,"data":{"Best_template_id":119,"GT_R":[-0.6235703345357795,-0.772252770162991,0.12159976256254437,-0.3814175994657555,0.1647551995221862,-0.9096022788265865,0.6824089485183485,-0.6135804045715346,-0.3972870142710794],"GT_T":[-82.48477953239835,83.06262084117968,821.1962793832134],"R_pred":[-0.5523704840187806,-0.8332880518370246,0.022756780319593217,-0.27859665016882185,0.15880899162016915,-0.947187209951283,0.7856658035701751,-0.5295382203828551,-0.3198726594352661],"T_pred":[-68.40569617596907,94.85386057151268,804.6706297884149],"rotation_error":9.451678365715415,"translation_error":24.705283181245527,"ADD":0,"ADD_S":1}}
{"id_image":544,"data":{"Best_template_id":153,"GT_R":[-0.6254147825150612,-0.7711057946664418,0.11938422620158924,-0.3789122791087679,0.1663775261869467,-0.910353554967029,0.6821164523777362,-0.6145849075126535,-0.39623623914174444],"GT_T":[-82.87926387020613,83.21464599709276,822.8232113576145],"R_pred":[-0.6646150835470237,-0.7383850803440322,0.11434274724318927,-0.4185878158100608,0.24118198005714697,-0.8755658130323938,0.6189273230171256,-0.6297767268016905,-0.46937217983366186],"T_pred":[-69.49388435518334,82.24753482757072,751.0981366613806],"rotation_error":5.81522068314754,"translation_error":72.96978846725355,"ADD":0,"ADD_S":0}}
{"id_image":550,"data":{"Best_template_id":119,"GT_R":[-0.6394542193339302,-0.7604401381393404,0.11326660322776558,-0.3651052480004489,0.17070211543592226,-0.9151820379252077,0.6766067321434293,-0.6265715400610316,-0.3867960664091329],"GT_T":[-87.86737767397854,92.93432653515417,832.5799501097748],"R_pred":[-0.5205706378329993,-0.8524552418347646,0.04823143886073794,-0.3725311696672589,0.1759398223185369,-0.9111891716591375,0.7682621549005832,-0.49230604261064503,-0.40915525385427653],"T_pred":[-75.76359483402729,108.18657935864736,855.6155720969043],"rotation_error":9.412751514450951,"translation_error":30.162437825255083,"ADD":0,"ADD_S":0}}
{"id_image":556,"data":{"Best_template_id":153,"GT_R":[-0.6455389223645307,-0.7558761564836616,0.10923380883599726,-0.35726824208575614,0.17246235480513128,-0.9179415889021398,0.6750109601427822,-0.6315920105762671,-0.38138043348045003],"GT_T":[-87.9886807108573,95.23946837161536,841.93786857733],"R_pred":[-0.6795813387168047,-0.728002831917682,0.09044932718218818,-0.35743481250647846,0.22091849218715331,-0.9074333995496378,0.6406321556683943,-0.6490045427649864,-0.4103456403985264],"T_pred":[-67.53485629987584,89.1428376309599,721.096371329628],"rotation_error":3.407068326151299,"translation_error":122.71183845289558,"ADD":0,"ADD_S":0}}
{"id_image":561,"data":{"Best_template_id":153,"GT_R":[-0.6548510868819527,-0.7486564582634835,0.10336664058009198,-0.35402757967792897,0.18303811175741178,-0.9171485617230416,0.6677088561262163,-0.6371901359667252,-0.3849068781107175],"GT_T":[-88.78155846857479,94.42044121572144,851.8010216731484],"R_pred":[-0.6699896947404402,-0.7411389607581071,0.04274166337433144,-0.37262631223273557,0.2859412552166374,-0.8828291057713071,0.6420774411030523,-0.6074130714855641,-0.46774557209558865],"T_pred":[-67.4842270595471,88.20945730137097,734.9498280938936],"rotation_error":6.342000982673436,"translation_error":118.93844663197324,"ADD":0,"ADD_S":0}}
{"id_image":567,"data":{"Best_template_id":119,"GT_R":[-0.6596518229276065,-0.7443465245359507,0.1039635557997624,-0.35088961557122944,0.18268662212530845,-0.9184236584666678,0.6646325876495871,-0.642319394860877,-0.3816927333004324],"GT_T":[-88.00501056123728,96.01221105247602,859.3252537409043],"R_pred":[-0.6350378154319161,-0.6801733179452905,0.3661846945555675,-0.555540312419206,0.07274287281513758,-0.8283015367194313,0.5367512778267328,-0.7294331580137381,-0.42405817259130163],"T_pred":[-73.57313604488789,99.52083716435159,809.9208841315716],"rotation_error":16.32719418282626,"translation_error":51.58857621357797,"ADD":0,"ADD_S":0}}
{"id_image":574,"data":{"Best_template_id":119,"GT_R":[-0.6600532726193902,-0.744433512228389,0.10074300896733188,-0.3460915995234649,0.18231725166489043,-0.9203149767639865,0.6667470823389992,-0.6423232987051897,-0.37798080150208146],"GT_T":[-80.50140087327867,99.70792643616696,866.2987189267637],"R_pred":[-0.679836850489419,-0.6531803446340673,0.3334325930384557,-0.4506093671453294,0.01333738824917452,-0.8926215952549974,0.5785957612681871,-0.7570849037316829,-0.303396429748399],"T_pred":[-64.21738330985059,99.07410185277347,761.4226688912155],"rotation_error":14.625476129170274,"translation_error":106.13461656155059,"ADD":0,"ADD_S":0}}
{"id_image":575,"data":{"Best_template_id":119,"GT_R":[-0.6614327097334776,-0.7433666912851763,0.09956103043933362,-0.343804488157851,0.18254129296900976,-0.9211279611680511,0.666562028862144,-0.6434941315797236,-0.3763115610788726],"GT_T":[-79.38844749923379,99.62154492595945,866.7196710471028],"R_pred":[-0.6452380251031444,-0.758244171843026,0.09345408940799615,-0.29402575198078096,0.13355824998895738,-0.9464201239576555,0.7051359784702028,-0.6381441606141762,-0.3091201742702968],"T_pred":[-64.04225476932397,113.198189936759,841.4686555274864],"rotation_error":4.452129542458728,"translation_error":32.518374895199095,"ADD":0,"ADD_S":0}}
{"id_image":582,"data":{"Best_template_id":119,"GT_R":[-0.6665134729057721,-0.7384775536571387,0.10203083416704353,-0.33428659734448,0.17372654724713096,-0.9263215355368385,0.6663427470706627,-0.651513880793456,-0.362653938241091],"GT_T":[-73.99056407400701,106.90854384215044,872.4636094986222],"R_pred":[-0.5158269095994519,-0.8565432484356991,0.016008213276290262,-0.42699023376662437,0.24085234595896032,-0.8715902062976549,0.7426990908847286,-0.4564250332806973,-0.4899737231665716],"T_pred":[-63.567977522958394,140.26484649462373,1011.113489978951],"rotation_error":14.084059055360356,"translation_error":142.98623218431538,"ADD":0,"ADD_S":0}}
{"id_image":587,"data":{"Best_template_id":119,"GT_R":[-0.664772079149302,-0.7412027174400696,0.09326210892299637,-0.3383707870770504,0.187448004055373,-0.922153856318557,0.6660209880982199,-0.6445797105772959,-0.37541095758741794],"GT_T":[-67.71967843206173,101.528612979695,876.8849385337095],"R_pred":[-0.5229597700957096,-0.8477031032520497,-0.08895238950296641,-0.31399510583612494,0.2886193757588791,-0.904492083684272,0.7924141293366767,-0.4450823571805562,-0.41711094801526927],"T_pred":[-50.11537453953026,123.939710651124,942.1201098172029],"rotation_error":14.833773842800696,"translation_error":71.18845683652407,"ADD":0,"ADD_S":0}}
{"id_image":589,"data":{"Best_template_id":119,"GT_R":[-0.6627564549526133,-0.7429962456810306,0.09333326598935954,-0.33909500037966234,0.18664851075825822,-0.9220499027012243,0.667660027303572,-0.6427430811601161,-0.37564841917322367],"GT_T":[-64.19722055528226,101.05405713270798,878.0678252357422],"R_pred":[-0.6995467519952111,-0.6083934359316189,0.37482231642242136,-0.5257755080656522,0.08299422998943551,-0.8465648663314382,0.48393641823204003,-0.7892840964467609,-0.3779367119042081],"T_pred":[-54.03895267488853,104.39085947985667,825.3915389087948],"rotation_error":18.433424098955093,"translation_error":53.750495787781574,"ADD":0,"ADD_S":0}}
{"id_image":593,"data":{"Best_template_id":119,"GT_R":[-0.6655595230580347,-0.7406743147554127,0.09182561701577906,-0.335039770442327,0.18656462414063807,-0.9235481000392936,0.6669174327409552,-0.645441928001811,-0.3723251862939537],"GT_T":[-62.36124162309147,104.31509765888266,880.2651752869838],"R_pred":[-0.6104831636928574,-0.7183354265763066,0.3336233231849889,-0.5529381944818611,0.08495439010045314,-0.8288800303335817,0.5670711242257883,-0.6904903811988228,-0.4490583186415824],"T_pred":[-52.19129665465996,119.09723128785933,910.8335560291324],"rotation_error":15.56281557513013,"translation_error":35.4452416620738,"ADD":0,"ADD_S":0}}
{"id_image":594,"data":{"Best_template_id":119,"GT_R":[-0.668915894033163,-0.7377418408421546,0.09103951101506012,-0.33275335306386067,0.1876670193884841,-0.9241516412282147,0.6647009237040229,-0.6484736137018987,-0.3710188329571822],"GT_T":[-64.78304165317542,105.00841801997967,881.0875150198078],"R_pred":[-0.6295592958727231,-0.7760296789511154,0.037855387559368125,-0.2723062480915954,0.1747534192627077,-0.9462085128058566,0.7276705300000266,-0.6060026236271763,-0.32133536986528466],"T_pred":[-48.9811571927213,118.26724097740487,853.1406320004542],"rotation_error":5.495933075099848,"translation_error":34.735057351547944,"ADD":0,"ADD_S":0}}
{"id_image":604,"data":{"Best_template_id":119,"GT_R":[-0.6842535380973384,-0.7249512519713713,0.07901781516081291,-0.31870827938712937,0.1998254079028583,-0.926549352837749,0.6559135939249077,-0.6591789435808633,-0.3677789497818289],"GT_T":[-69.94830259811873,104.72652428747818,889.8265699721447],"R_pred":[-0.7647733325382011,-0.5516593757508008,0.33285685058993564,-0.4085661484060079,0.015766652057881636,-0.9125925241089616,0.4981921840164636,-0.8339204673283434,-0.23744726141984374],"T_pred":[-56.56597850916055,107.01622645913038,782.6910347510118],"rotation_error":18.892581443109272,"translation_error":107.99237121748646,"ADD":0,"ADD_S":0}}
{"id_image":608,"data":{"Best_template_id":119,"GT_R":[-0.7004673618524164,-0.7089766204415915,0.08184038290900497,-0.3026708239697023,0.1912563843062794,-0.9337079045705478,0.6463248328710847,-0.6788033020047873,-0.34855451971812346],"GT_T":[-78.09211786551329,120.92719337795343,906.7557524002874],"R_pred":[-0.5584371247171969,-0.8291995790819597,-0.02400074556947629,-0.2843944977031008,0.21854846386842397,-0.9334646959671014,0.7792738590596959,-0.5144556608601494,-0.3578653735626794],"T_pred":[-52.93777076367411,130.7522853757336,869.6894554635163],"rotation_error":12.290767589633628,"translation_error":45.86048385581573,"ADD":0,"ADD_S":0}}
{"id_image":622,"data":{"Best_template_id":119,"GT_R":[-0.7069203618238195,-0.7035842618263859,0.0723446013468457,-0.2941075387681355,0.1993890208811994,-0.9347428597173748,0.6432462982373728,-0.6820658893064108,-0.3478812608510015],"GT_T":[-71.10205932215385,126.47868037024747,909.5230310253223],"R_pred":[-0.583723299639224,-0.8109899702786787,0.03952692203656266,-0.44333848000003173,0.2775598971446578,-0.8522977740486644,0.6802338580293972,-0.5150298744776216,-0.5215612397274236],"T_pred":[-51.90215217111254,151.44562262396684,971.926286408559],"rotation_error":14.210626742597844,"translation_error":69.90100802230697,"ADD":0,"ADD_S":0}}
{"id_image":625,"data":{"Best_template_id":119,"GT_R":[-0.7057624736724093,-0.7045514898414532,0.0742093190069053,-0.29202051022156045,0.19387637336032928,-0.9365548969383268,0.6454641058604703,-0.6826563603072522,-0.3425738889951545],"GT_T":[-67.73965202655009,131.96708205755752,910.041848090186],"R_pred":[-0.6226966886175356,-0.7176737057274829,0.3117583777417032,-0.5368242933281175,0.10196556726711392,-0.8375098215451944,0.5692701573747947,-0.6888740633811659,-0.4487583010075673],"T_pred":[-54.56008346149462,162.07680632345077,1014.0552489917935],"rotation_error":16.199078611126183,"translation_error":109.08292299919195,"ADD":0,"ADD_S":0}}
{"id_image":632,"data":{"Best_template_id":119,"GT_R":[-0.7006168709330999,-0.709690248003184,0.07399851399412943,-0.2939888930502406,0.19261336103198717,-0.9362001253966049,0.6501593173355331,-0.6776720168185657,-0.34358929104003555],"GT_T":[-60.13368714110908,139.85510393079434,910.8679325173873],"R_pred":[-0.5964189575023603,-0.8026623037923476,0.004201571439249985,-0.27871732055356724,0.20218671342330607,-0.938848863310023,0.7527290896167345,-0.5611183110413022,-0.34430387546311303],"T_pred":[-35.295015686562074,146.42356665669928,847.6396273507046],"rotation_error":8.959945679068046,"translation_error":68.24897710925556,"ADD":0,"ADD_S":0}}
{"id_image":638,"data":{"Best_template_id":119,"GT_R":[-0.7066143120235288,-0.7036685119321163,0.07448631101626677,-0.2851311649739939,0.1868097879151508,-0.9401068054900388,0.647609067627265,-0.6855318362590181,-0.3326400993068037],"GT_T":[-55.834493142874315,154.15533648080225,904.5156133188639],"R_pred":[-0.6501407762711927,-0.7570459781908612,0.06479473693544296,-0.25630182206442004,0.13822886161771009,-0.9566619872359988,0.7152806071996844,-0.638571976147493,-0.28390048299208026],"T_pred":[-35.305648687030484,155.1731241525536,818.124494966152],"rotation_error":5.550871847196782,"translation_error":88.80256007947779,"ADD":0,"ADD_S":0}}
