{"id_image":1,"data":{"Best_template_id":92,"GT_R":[0.3315376299902481,0.9414756839672996,0.06089301579263751,0.49412922370459145,-0.11829878528307897,-0.8613025373123365,-0.8036911100074678,0.315643354741768,-0.5044304275710608],"GT_T":[-123.10773748052749,95.08070802210196,951.3431917703285],"R_pred":[0.3122842614566119,0.9457524294837691,0.08961518940473512,0.5053775684892632,-0.08551213250719736,-0.8586507954121696,-0.8044078898881949,0.3134326360154916,-0.5046661563509108],"T_pred":[-76.9333102732771,92.0973815074669,671.582271047707],"rotation_error":1.9955098483030178,"translation_error":283.56154663243666,"ADD":0,"ADD_S":0}}
{"id_image":35,"data":{"Best_template_id":92,"GT_R":[0.32637067643219797,0.9439413201691922,0.04956919674172892,0.4837135221599744,-0.12173092414888773,-0.866719337918639,-0.812098057684774,0.3068485844009452,-0.4963265524616922],"GT_T":[-115.73468299095693,111.95696641735965,958.9566823820085],"R_pred":[0.2696383730434426,0.9620047662074304,0.0429182662356275,0.44284895459901785,-0.08430227394497913,-0.8926241818471323,-0.8550906099315101,0.2596920414681449,-0.4487539330246201],"T_pred":[-63.726202022768604,97.4954570880841,614.271121342768],"rotation_error":4.737723988206971,"translation_error":348.8870208729971,"ADD":0,"ADD_S":0}}
{"id_image":56,"data":{"Best_template_id":92,"GT_R":[0.32976829525718787,0.942969111942446,0.04542562294757597,0.483699233886978,-0.12744255165703375,-0.8659062511696121,-0.8107329636387993,0.30752010167664906,-0.49813937770581757],"GT_T":[-125.02224016944861,115.38073106382677,961.2570953695366],"R_pred":[0.30898946267777094,0.947906760819927,0.07744859421562361,0.5030245722088824,-0.09377271390774233,-0.8591699237522503,-0.8071504145499606,0.3044329990626025,-0.5057951733395408],"T_pred":[-208.65128195062823,134.5881893003984,1219.930038141724],"rotation_error":2.2610262629190396,"translation_error":272.53336383564357,"ADD":0,"ADD_S":0}}
{"id_image":83,"data":{"Best_template_id":92,"GT_R":[0.32902848609388846,0.9433204017677228,0.04345056296517023,0.49576537799216663,-0.13339467141861075,-0.8581505958208331,-0.803714477935367,0.3038971970746362,-0.5115560450873766],"GT_T":[-132.97668737732138,103.50350118624415,960.8950797610662],"R_pred":[0.22593108045963994,0.9741414881875201,-0.0018729319644353315,0.48173276270323506,-0.11339819672486062,-0.8689501679140516,-0.8466927968399449,0.1954205976128246,-0.4948960474766374],"T_pred":[-203.50518287789183,112.60268970235329,1145.92368326533],"rotation_error":6.812027471680041,"translation_error":198.2237322420395,"ADD":0,"ADD_S":0}}
{"id_image":100,"data":{"Best_template_id":92,"GT_R":[0.3205876284951727,0.9465485606133676,0.03564769980045143,0.5058108144764057,-0.13925179944011457,-0.8513305711669857,-0.8008614925646675,0.29095692541852974,-0.5234172817786605],"GT_T":[-130.95132199658116,94.35091765030359,964.346404336692],"R_pred":[0.31196920741552814,0.9480135562190664,0.06281330153244868,0.60683282349995,-0.14795131679062656,-0.7809381103410167,-0.7310466044976924,0.28174581644595675,-0.6214419980719003],"T_pred":[-228.571568043229,109.64149639956348,1281.1974027063766],"rotation_error":7.093590490534799,"translation_error":331.9006920820763,"ADD":0,"ADD_S":0}}
{"id_image":116,"data":{"Best_template_id":92,"GT_R":[0.30212678691791023,0.9526824700454571,0.033410421215889025,0.5198034740978774,-0.13526536093661273,-0.8435088837375844,-0.7990768213190788,0.27221340373523883,-0.5360748798554003],"GT_T":[-123.37706547474102,83.4881721224964,972.7330107402377],"R_pred":[0.27069121144896446,0.9624241065872605,0.021589513751011702,0.5613338323959915,-0.13958175299030917,-0.8157335734415871,-0.7820681534571784,0.2329308337079175,-0.5780247659540323],"T_pred":[-202.53454840044367,93.02943055003963,1219.1046887628709],"rotation_error":3.4690261314063813,"translation_error":258.9516295511618,"ADD":0,"ADD_S":0}}
{"id_image":138,"data":{"Best_template_id":92,"GT_R":[0.27977952727205624,0.9597299720416949,0.025345284008319667,0.5385345562730375,-0.13502913042109177,-0.8317138852721473,-0.7947980340893231,0.24634609778698913,-0.5546256769244493],"GT_T":[-111.69797298988128,61.1832970232334,974.8761470136483],"R_pred":[0.23604523671217004,0.9717022512185756,0.008796658584246886,0.6075375139605403,-0.14050540375887,-0.7817649267172344,-0.758406761148753,0.1898761872676749,-0.6235112013047954],"T_pred":[-184.09633360751147,63.636419560643915,1208.9163844195748],"rotation_error":5.568101114867121,"translation_error":244.99463903384992,"ADD":0,"ADD_S":0}}
{"id_image":169,"data":{"Best_template_id":92,"GT_R":[0.26391920033661703,0.9641522685044743,0.027535064941135508,0.5408785527269875,-0.12429869617956572,-0.831865126120782,-0.7986217967222009,0.23443823005032366,-0.5542938496530778],"GT_T":[-110.3255434963492,64.74881695927195,970.6302009266957],"R_pred":[0.24793672363432684,0.9680687657048729,0.03701683319950022,0.610139338359848,-0.12635787580385005,-0.7821532298777176,-0.7525007434277274,0.21650993531240764,-0.6219855939262056],"T_pred":[-179.7785205639896,67.78132305730317,1187.6575184825438],"rotation_error":4.90753555073383,"translation_error":227.88981697802933,"ADD":0,"ADD_S":0}}
{"id_image":240,"data":{"Best_template_id":92,"GT_R":[0.17362440754712524,0.9826881321101828,0.06465164460288163,0.5304669190901292,-0.03800959553264073,-0.8468525915365394,-0.8297343700081021,0.18132985074331634,-0.5278833512840576],"GT_T":[-92.1001095390694,83.2767899388578,993.2572939318899],"R_pred":[0.20884329345692365,0.9718503862367549,0.1090472629162973,0.5923285033356369,-0.03697834126691457,-0.8048475299168857,-0.7781589959090816,0.2326788109145702,-0.583377363322534],"T_pred":[-151.88926407947704,88.48131297808071,1186.1916945795438],"rotation_error":5.330207844180112,"translation_error":202.05324301775505,"ADD":0,"ADD_S":0}}
{"id_image":407,"data":{"Best_template_id":92,"GT_R":[0.05714886451823967,0.9946166436056924,0.08644258753830565,0.5420334854055392,0.04180122427897898,-0.8393166811252891,-0.8384115177231509,0.09482077103396716,-0.5367266359762543],"GT_T":[-110.56705034384449,64.28305370471716,1021.2025816305862],"R_pred":[0.061385064396656475,0.9933633853251925,0.09726797296279821,0.6053268350695834,0.040433431821606636,-0.7949494074063891,-0.7936065124566835,0.1076769347929295,-0.5988275052967584],"T_pred":[-162.8078933958918,65.80462540811995,1189.5535449420106],"rotation_error":4.465298303493137,"translation_error":176.27667943072274,"ADD":0,"ADD_S":0}}
{"id_image":515,"data":{"Best_template_id":92,"GT_R":[-0.0055637826951486485,0.997948317772652,0.06379319747497757,0.5256791303771114,0.05718716364917121,-0.8487587104578415,-0.8506649774476778,0.028812525988569836,-0.524918815158774],"GT_T":[-103.85343029383395,76.17566842500389,1039.170593885009],"R_pred":[-0.2130087696838362,0.9630150107816813,0.1650131905240817,0.6099300612101737,-0.0008774907428616974,0.7924547623947692,0.7632906290987282,0.2694463193646458,-0.5871848912488408],"T_pred":[-138.68495231331485,50.041180507149036,1140.387378535293],"rotation_error":110.8728719192233,"translation_error":110.18658666037365,"ADD":0,"ADD_S":0}}
{"id_image":520,"data":{"Best_template_id":147,"GT_R":[-0.015537234678866602,0.9977281037637731,0.06556145609097216,0.5240656293184347,0.0639673203084916,-0.8492721549143,-0.8515358701850625,0.021163554460337308,-0.5238691149815093],"GT_T":[-99.32307429193384,74.20177543056177,1038.88351907175],"R_pred":[-0.20085326111963875,0.9769908731805641,0.07174121005032891,0.43321901988094996,0.15426836140441313,-0.8879879241763298,-0.8786234963344628,-0.14727561370259773,-0.4542363319875765],"T_pred":[-124.59277528267197,77.16620477213274,1061.0250825128478],"rotation_error":11.948925470930666,"translation_error":33.728244263504685,"ADD":0,"ADD_S":1}}
{"id_image":532,"data":{"Best_template_id":147,"GT_R":[-0.028209033709660113,0.9970946058351209,0.0707689156122337,0.5196986846712561,0.07510584601281237,-0.8510422815551116,-0.8538835471315473,0.012771646060159625,-0.5203069376121223],"GT_T":[-97.13774104676975,75.5520237345138,1037.5847691705155],"R_pred":[-0.2546417108408413,0.9662220625985154,0.03965507341967334,0.4259764565022171,0.1488886794515275,-0.8923991369544204,-0.8681599262842439,-0.21034991532931596,-0.44950111848034996],"T_pred":[-116.90139641277693,78.71646881568482,1047.7390269705693],"rotation_error":14.311175171450087,"translation_error":22.443812901733178,"ADD":0,"ADD_S":1}}
{"id_image":546,"data":{"Best_template_id":92,"GT_R":[-0.048179106650747844,0.9960905837779822,0.07404241501403104,0.5174414554176714,0.08829646610172565,-0.8511513554904625,-0.8543616509888411,-0.002694990802666973,-0.5196728884964323],"GT_T":[-88.65294072847067,73.09840616530973,1037.3214366938246],"R_pred":[-0.04628193182091955,0.9985010772267182,0.029216118222776533,0.6052355378627641,0.051297408947883594,-0.7943919181003823,-0.7946998971277741,-0.019083359565787217,-0.6067024797153777],"T_pred":[-97.44677469777048,76.48259421363055,1011.5749437584312],"rotation_error":6.500674447043276,"translation_error":27.416530471565295,"ADD":0,"ADD_S":1}}
{"id_image":553,"data":{"Best_template_id":92,"GT_R":[-0.04772921706810987,0.9959183785539073,0.07661442196556456,0.5157009771833003,0.0902582010271094,-0.8520009686368207,-0.8554380757077924,-0.0011556413427004954,-0.5179040770335177],"GT_T":[-93.64775903862679,74.83368949725764,1035.7199222802562],"R_pred":[-0.04773298210235055,0.9978664848961524,0.0445425722271775,0.6021001808076428,0.06432537411241412,-0.7958251180483695,-0.7969924307614346,-0.011168015324782676,-0.6038860329090955],"T_pred":[-100.15526623708833,77.78165080106626,996.3519605949764],"rotation_error":6.178360514567602,"translation_error":40.01093016964795,"ADD":0,"ADD_S":0}}
{"id_image":571,"data":{"Best_template_id":92,"GT_R":[-0.06062623439516293,0.9951600802508606,0.07733488749445419,0.5080604799457693,0.0974559736166303,-0.8557901205298234,-0.8591853833598073,-0.012592794519121297,-0.5115098277572246],"GT_T":[-90.86083523986086,79.46097495403991,1031.3708612585572],"R_pred":[-0.08878985626783298,0.9956020419384556,-0.02988202656976019,0.6545997426777793,0.035714024260321,-0.7551315682431234,-0.7507433238531818,-0.08660879031086605,-0.654891883543204],"T_pred":[-101.26850347589804,82.92563627917352,1035.635717273459],"rotation_error":11.867945090752118,"translation_error":11.769130513217124,"ADD":1,"ADD_S":1}}
{"id_image":582,"data":{"Best_template_id":92,"GT_R":[-0.06649824827752952,0.9944325722999686,0.08174934454278555,0.4940712119388907,0.10399828165315636,-0.8631786610072772,-0.8668743694678622,-0.01700999874517149,-0.4982366368437753],"GT_T":[-90.90668692125946,97.43751950612481,1029.7045045726418],"R_pred":[-0.06339550955405315,0.9963395327670085,0.0573458351931605,0.5757485792478804,0.08344798367437867,-0.8133572447053803,-0.8151653714814124,-0.01854641383933303,-0.5789312978853977],"T_pred":[-98.22156341857783,99.83564060121972,996.1324651996894],"rotation_error":5.641112516486162,"translation_error":34.443290066670855,"ADD":0,"ADD_S":1}}
{"id_image":601,"data":{"Best_template_id":92,"GT_R":[-0.08802560702810404,0.9919137480842058,0.09142877219060155,0.4951634487692858,0.12321375956297731,-0.8600177907355886,-0.8643292451172234,-0.03043104194488522,-0.5020059058080608],"GT_T":[-87.55095423984488,88.03253323419037,1026.9178756515148],"R_pred":[-0.28534284574958835,0.9432007275024745,0.1701524258373332,0.675012346672591,0.07174003746958635,0.7343103559554529,0.6803953205446731,0.3243851948882143,-0.6571426429004945],"T_pred":[-97.33250733557894,61.50179763760058,1001.9820339271292],"rotation_error":106.86569601277255,"translation_error":37.70086092869006,"ADD":0,"ADD_S":0}}
{"id_image":611,"data":{"Best_template_id":92,"GT_R":[-0.09005999926105493,0.9913551904032039,0.09541793208340259,0.4955477036419817,0.1277099666413232,-0.8591404045482061,-0.8638997233494683,-0.03009001676214327,-0.5027651199960765],"GT_T":[-89.46384457201017,84.24249907627521,1022.7749325161656],"R_pred":[-0.23824109844464392,0.9612585959795685,0.1386473608377688,0.6653963177007678,0.05756414076913363,0.7442674990134734,0.7074524149383821,0.2695705498619989,-0.653332074250875],"T_pred":[-100.63225593652291,57.959128006886395,1013.4410751960415],"rotation_error":107.6233233801517,"translation_error":30.044465374684155,"ADD":0,"ADD_S":0}}
{"id_image":618,"data":{"Best_template_id":92,"GT_R":[-0.09791607627573061,0.9896516761210394,0.10488935665252382,0.49694663899474634,0.13993697970540098,-0.8564242632239334,-0.8622389827820893,-0.031733138777362016,-0.5055060087266344],"GT_T":[-92.48340910850433,76.66497172463274,1019.5119993342438],"R_pred":[-0.3265348659315762,0.9164411117370307,-0.23132373429728909,0.6507996785143965,0.04051166249191285,-0.7581679125679877,-0.6854449356269297,-0.3981136695974363,-0.6096480511762976],"T_pred":[-75.52976529473949,66.05741641597623,850.8676708017429],"rotation_error":25.518412436770344,"translation_error":169.82595742220423,"ADD":0,"ADD_S":0}}
{"id_image":636,"data":{"Best_template_id":92,"GT_R":[-0.1110915765937625,0.98729056503493,0.11364993687228736,0.4858338655367878,0.1537138489017235,-0.8604288683199202,-0.8669627644194459,-0.04037115103550915,-0.49673559186878513],"GT_T":[-88.9592720129554,85.78296738680271,1010.0959554775923],"R_pred":[-0.16626053956631837,0.9860557315790855,-0.007178245130318228,0.5998041278413245,0.09535062991272392,-0.794445256515359,-0.7826828484179429,-0.1363904380639675,-0.6072933452600106],"T_pred":[-90.78463442612481,84.46445664600557,957.2024777174796],"rotation_error":10.496715352091334,"translation_error":52.941386533340264,"ADD":0,"ADD_S":0}}
{"id_image":637,"data":{"Best_template_id":92,"GT_R":[-0.11229418295410094,0.9874014525138046,0.11148921125944272,0.4855275919745299,0.15241640634683223,-0.8608318914392447,-0.8669789403468401,-0.04253611838521558,-0.49652597693863443],"GT_T":[-88.02269469170662,86.0117968451012,1009.8762694217135],"R_pred":[-0.07614647497933402,0.9915177877963883,0.10532896482724002,0.6047517711872288,0.12991354895677654,-0.7857466290372268,-0.7927654190201108,0.0038660420085114278,-0.6095145971386222],"T_pred":[-125.57251690885344,91.23941739028328,1164.213307282947],"rotation_error":8.324756683645965,"translation_error":158.92526048707163,"ADD":0,"ADD_S":0}}
{"id_image":649,"data":{"Best_template_id":147,"GT_R":[-0.10944836534233453,0.9864484545638069,0.12223585774133759,0.4864673089009993,0.16039857206596467,-0.8588488977401149,-0.8668167009111054,-0.034535938504106134,-0.49743019820803436],"GT_T":[-102.76137873460677,78.5844648355874,1006.2946084036641],"R_pred":[-0.24668235919020998,0.968956248772159,0.016480340704547958,0.5208214947905014,0.14689653804554792,-0.8409318507907882,-0.8172470766105804,-0.19885973719086192,-0.540890026434063],"T_pred":[-104.0285402501986,79.49135265091209,937.6414747983724],"rotation_error":10.211007395010292,"translation_error":68.67081547238402,"ADD":0,"ADD_S":0}}
{"id_image":654,"data":{"Best_template_id":92,"GT_R":[-0.11083433495282477,0.9867732770759822,0.11830351850866827,0.4865696575970867,0.15767212351394472,-0.8592965542804689,-0.8665829163259734,-0.03767657999975724,-0.497608802879648],"GT_T":[-100.6144909509117,78.73360982445946,1005.1084476644381],"R_pred":[-0.17777162769550103,0.984057528335071,-0.005294271768886527,0.6474255596741694,0.11290346036351107,-0.7537194128576848,-0.7411055208720823,-0.13741757371244634,-0.6571750279551893],"T_pred":[-106.45658689375612,77.98568250579306,980.2562664022264],"rotation_error":13.464434254981866,"translation_error":25.540563693255372,"ADD":0,"ADD_S":1}}
{"id_image":669,"data":{"Best_template_id":92,"GT_R":[-0.1255948581317821,0.9844543784735493,0.12278621798660919,0.4740526370839932,0.16827489791900668,-0.8642668729503133,-0.8714924955306198,-0.050340780699563256,-0.48781808741578353],"GT_T":[-97.75104695996382,87.97156832696102,1000.4412827179259],"R_pred":[-0.18281981410518044,0.982739937364673,0.0282689065764149,0.5549731788138677,0.1268910549997132,-0.8221334629841379,-0.8115304592976029,-0.13461380192810307,-0.5685925060732714],"T_pred":[-100.88017967362151,88.00028901250417,958.5965472979274],"rotation_error":8.055483202635491,"translation_error":41.96157979374871,"ADD":0,"ADD_S":0}}
{"id_image":672,"data":{"Best_template_id":92,"GT_R":[-0.13021209087413094,0.9843096966462254,0.11908364549055356,0.4723926078288617,0.1671877093424948,-0.8653860170634693,-0.8717168214440154,-0.05642925147597909,-0.4867504227167891],"GT_T":[-93.65078388476384,88.6777287870941,999.231506491118],"R_pred":[-0.17351808908822697,0.9843995990707588,0.02913592470644194,0.534335736433116,0.11895536213550628,-0.8368601690782578,-0.827270689393532,-0.1296420115878334,-0.5466407918384891],"T_pred":[-96.19441963151688,87.65371853952875,945.0904263628358],"rotation_error":6.766760098042546,"translation_error":54.210471656833505,"ADD":0,"ADD_S":0}}
{"id_image":675,"data":{"Best_template_id":92,"GT_R":[-0.13611266727458285,0.9834385933373299,0.1196818774026201,0.4728425589331251,0.1706468712326907,-0.8644644707461597,-0.8705707579114276,-0.061074175345615676,-0.4882385725164156],"GT_T":[-90.98079333214008,85.47394862121504,998.0950549594147],"R_pred":[-0.08682846247064291,0.9938117907814517,0.06927440081839914,0.6557622330351265,0.10936386886842309,-0.7470043091648902,-0.7499578066996626,-0.019433699850888497,-0.6612001357231688],"T_pred":[-107.47017513317226,90.76994157095615,1058.9895361554993],"rotation_error":12.98505232766531,"translation_error":63.309439214419044,"ADD":0,"ADD_S":0}}
{"id_image":681,"data":{"Best_template_id":92,"GT_R":[-0.1401234437932961,0.9831352905198867,0.11751995399821834,0.4712083544794589,0.1706020871079167,-0.8653652703343501,-0.8708199007966168,-0.06588156727943871,-0.4871671696890215],"GT_T":[-90.21459785326343,84.56261940525943,995.4905474695985],"R_pred":[-0.05187428594219878,0.9949059073784575,0.08643664686598596,0.7000309882175247,0.09795462799704835,-0.7073623586176718,-0.7122258588349505,0.023814414068124012,-0.7015462919076754],"T_pred":[-119.87297495357461,95.13007679709725,1146.2635607060613],"rotation_error":16.796498590796347,"translation_error":154.02529665076176,"ADD":0,"ADD_S":0}}
{"id_image":685,"data":{"Best_template_id":92,"GT_R":[-0.1388169706307513,0.9831403037634461,0.11902200073582074,0.4703726560539702,0.17122027654617006,-0.8656985662372698,-0.871481709970468,-0.06418973687970059,-0.4862096607142334],"GT_T":[-92.41186074783576,84.74149340813351,992.8364772694428],"R_pred":[-0.30143546191416937,0.9389459868235143,-0.16588277827613118,0.6288233168931142,0.06498678025470339,-0.7748276934413667,-0.716741165576621,-0.33787150252743053,-0.6100204499422319],"T_pred":[-89.43534237274811,79.35598186708793,925.7042786190931],"rotation_error":21.108168184300187,"translation_error":67.41361503306271,"ADD":0,"ADD_S":0}}
{"id_image":694,"data":{"Best_template_id":92,"GT_R":[-0.1410105423706478,0.9831475876538744,0.11635273597621867,0.4671690666918445,0.16969886886732807,-0.8677304925269791,-0.8728511996956518,-0.06800279870242994,-0.4832255967820626],"GT_T":[-96.08880643809952,85.39714061594103,989.2633605517834],"R_pred":[-0.0956714709177604,0.9909604741133817,0.09404418321945057,0.6193231231015797,0.1332226039646508,-0.7737509980507832,-0.7792854668503304,-0.015782158846596173,-0.6264703381789143],"T_pred":[-117.05421177420281,92.23828631140464,1064.8031086051367],"rotation_error":10.574063592472125,"translation_error":78.6930939237857,"ADD":0,"ADD_S":0}}
{"id_image":698,"data":{"Best_template_id":92,"GT_R":[-0.14076612164195615,0.9832584128087425,0.11571053742458656,0.46956554614390233,0.16919839649980917,-0.8665330681401051,-0.8716042331887291,-0.06764551399169298,-0.48552152519732317],"GT_T":[-96.8635210531308,80.7889356854418,988.0819007741494],"R_pred":[-0.11400231999417854,0.9902333984728181,0.08025763256487417,0.5923067405067503,0.13260224087955697,-0.7947259721841169,-0.7976065422162826,-0.043063467843329484,-0.6016388796870529],"T_pred":[-110.93529063938479,83.27121987836476,1007.0497042015468],"rotation_error":8.422884701353883,"translation_error":23.747715699903548,"ADD":0,"ADD_S":1}}
{"id_image":780,"data":{"Best_template_id":92,"GT_R":[-0.1695153675129953,0.9783646149059182,0.11860408655275134,0.44854776049597334,0.1837502057386508,-0.874666091417927,-0.8775362794797718,-0.09506983455263572,-0.46999157009580955],"GT_T":[-104.4112620883378,78.62804457156301,964.4340912587579],"R_pred":[-0.3081610938950109,0.944838257667915,-0.11098381438970661,0.6162833779418947,0.10939378863361104,-0.7798896057012892,-0.7247285962910238,-0.3087291140392226,-0.6159990226149703],"T_pred":[-105.50069686566908,74.52838396955364,929.2447911291353],"rotation_error":18.469153844487046,"translation_error":35.44405350405606,"ADD":0,"ADD_S":1}}
{"id_image":946,"data":{"Best_template_id":92,"GT_R":[-0.25837965468932794,0.958754518416839,0.11845245620185821,0.3966463535622391,0.21709144339896233,-0.8919323059260612,-0.8808585492864599,-0.18347388457163802,-0.4363781349482806],"GT_T":[-92.7180817452831,61.75134153718736,914.449894764448],"R_pred":[-0.31421892791054284,0.9491899836314025,0.017459676874643948,0.4904247968876131,0.17804197048587045,-0.8531029101715994,-0.8128652926164903,-0.25949842334651346,-0.5214504620193381],"T_pred":[-99.41546543405691,63.82090857454302,918.7672322233369],"rotation_error":8.396432594032994,"translation_error":8.232706646704228,"ADD":1,"ADD_S":1}}
{"id_image":1038,"data":{"Best_template_id":92,"GT_R":[-0.3052874706225843,0.9465561086021752,0.10407907274307146,0.3701914986497321,0.2186697028547939,-0.9028519921603974,-0.8773590666427056,-0.2370998094042962,-0.41716355975765435],"GT_T":[-80.79191038182648,61.9434043699118,896.8486675918235],"R_pred":[-0.3295724282422298,0.9440630236340757,0.011270401474979652,0.4146080079676587,0.1554437517380841,-0.8966255850546978,-0.8482229743832752,-0.2908302725860497,-0.4426460643402513],"T_pred":[-80.19158066576418,62.6186861847616,847.5060043726193],"rotation_error":5.674575187723486,"translation_error":49.350935298748574,"ADD":0,"ADD_S":0}}
{"id_image":1045,"data":{"Best_template_id":92,"GT_R":[-0.30549230969688895,0.947074356685123,0.09861996488224045,0.370697533104314,0.21369168665614838,-0.903835978262794,-0.8770734778523898,-0.23955666611280607,-0.4163590397152104],"GT_T":[-81.81790417804181,61.67510161356899,895.4974186479997],"R_pred":[-0.23716052799576182,0.9692255148131619,0.06600594970101603,0.4165998806964075,0.16284735009504403,-0.8943854202583813,-0.8776100633906329,-0.18461484772949277,-0.4424001973703285],"T_pred":[-86.1164080980087,63.48416941709297,866.6885498926097],"rotation_error":4.9136635332330325,"translation_error":29.183913055534614,"ADD":0,"ADD_S":1}}
{"id_image":1057,"data":{"Best_template_id":92,"GT_R":[-0.31135077128894445,0.9452544389714903,0.09775491247987836,0.3729629421950205,0.21616242190525978,-0.9023156257990063,-0.8740479355407796,-0.24447741695440273,-0.41984652092367364],"GT_T":[-81.70700966095336,54.837652591749595,894.5987327127508],"R_pred":[-0.16510776611010214,0.9786472625996054,0.1224294122195751,0.4749792881083161,0.18768894919372714,-0.8597485296403081,-0.864369192786421,-0.08379972408578285,-0.49582608322364163],"T_pred":[-96.26559618152419,60.2781551765692,942.7740971029426],"rotation_error":10.565982235699728,"translation_error":50.62032441599063,"ADD":0,"ADD_S":0}}
{"id_image":1063,"data":{"Best_template_id":147,"GT_R":[-0.3148977586867185,0.9443058283886038,0.09553380239360065,0.37025675900914456,0.21489836663978365,-0.9037302242594863,-0.8739277939098413,-0.24921133880713398,-0.4173063911346982],"GT_T":[-80.89995476114768,55.58515611487283,893.1704878545409],"R_pred":[-0.4553356676815109,0.8883727743659621,0.05884932881822985,0.34618136998147164,0.23755788016440138,-0.9075928121407458,-0.8202608663192363,-0.39288683782626166,-0.4157066800619117],"T_pred":[-89.9697254091658,61.688289476412855,881.2618405953322],"rotation_error":8.961697021075066,"translation_error":16.165545335083895,"ADD":1,"ADD_S":1}}
{"id_image":1076,"data":{"Best_template_id":92,"GT_R":[-0.31767861400200936,0.9444381175179993,0.08436812045851205,0.35910742208965646,0.2021850539111663,-0.911132606492227,-0.8775654814575818,-0.2591503192654758,-0.40338538036485205],"GT_T":[-78.72583127445907,67.25625687132886,889.3743903624695],"R_pred":[-0.2750787740216064,0.9610373007327143,0.027184088786428084,0.41738288626703535,0.1448438813128896,-0.8971130231456995,-0.8660965271458886,-0.23543057712751725,-0.440963999686182],"T_pred":[-92.03967381752379,73.6018652581317,939.0539904281483],"rotation_error":4.854165171633925,"translation_error":51.82265732038422,"ADD":0,"ADD_S":0}}
{"id_image":1080,"data":{"Best_template_id":92,"GT_R":[-0.31699740178470465,0.9448272765230057,0.08255016360712496,0.36107976885061677,0.20071247808791115,-0.9106787878273527,-0.8770028374131075,-0.2588753599141552,-0.40478314532851484],"GT_T":[-79.49090791455419,64.05508247270922,888.8771975757332],"R_pred":[-0.6349291154626626,0.7411907183389826,0.21794801532921465,0.4064271975995378,0.0805354243082429,0.9101269024058555,0.6570250766821515,0.6664460701959568,-0.3523743522607439],"T_pred":[-87.20147317885802,29.717095774447067,869.5073416017265],"rotation_error":132.54976126787204,"translation_error":40.1714011162031,"ADD":0,"ADD_S":0}}
{"id_image":1091,"data":{"Best_template_id":92,"GT_R":[-0.3086809939549445,0.9479963052155759,0.07759043101189593,0.3637274786005315,0.19302049026473922,-0.9112875198551424,-0.8788729847454199,-0.25307519313506144,-0.40439395934147876],"GT_T":[-91.2690351596282,59.365456276939035,887.8802331560867],"R_pred":[-0.24142063397485258,0.9695179417775854,0.04184540670771725,0.41373207326117384,0.14183778097346744,-0.899281833155509,-0.8778051315902582,-0.19979240340882948,-0.4353632351197477],"T_pred":[-90.13261836261597,65.94726568427116,856.7084582285154],"rotation_error":5.017584853283758,"translation_error":31.87932261429246,"ADD":0,"ADD_S":1}}
{"id_image":1092,"data":{"Best_template_id":92,"GT_R":[-0.30884767457790163,0.9479156235049443,0.07791202219094888,0.3640123185312874,0.1934861817923395,-0.9110753956985068,-0.8786971837627684,-0.25302286510484934,-0.40481095763574876],"GT_T":[-91.40126664494166,57.92244784227731,887.6285886030911],"R_pred":[-0.21687326131329288,0.974201670126951,0.06242671262525018,0.47996880396089636,0.1620973047971197,-0.8621800339846988,-0.8500564309219023,-0.15702092121551553,-0.5027409815689866],"T_pred":[-103.9974768485741,70.13016593610986,955.8161432800877],"rotation_error":8.682160139409898,"translation_error":70.40763811818273,"ADD":0,"ADD_S":0}}
{"id_image":1110,"data":{"Best_template_id":92,"GT_R":[-0.3109257518707861,0.9465657773723795,0.08567027715454133,0.3595683034874986,0.20058867901694877,-0.9113034599662897,-0.8797933557562548,-0.2525431742614673,-0.4027237576643442],"GT_T":[-100.185604209073,54.568850463730605,884.580383607782],"R_pred":[-0.24879011759963188,0.9654011382111463,0.0781288661467997,0.465440407239395,0.1899072515225474,-0.8644654204350672,-0.8493931390667029,-0.17870612233433686,-0.49658374635768904],"T_pred":[-115.47372956308541,59.496342495831314,927.8022605505295],"rotation_error":7.3619462882731845,"translation_error":46.1100596510178,"ADD":0,"ADD_S":0}}
{"id_image":1111,"data":{"Best_template_id":92,"GT_R":[-0.3114819470054092,0.9464402489122126,0.08503531709171952,0.35920711736835825,0.20011852131401084,-0.9115499855579519,-0.8797436735610735,-0.25338649283113757,-0.40230164814869573],"GT_T":[-99.94900900651213,53.68970825477775,884.5471484111176],"R_pred":[-0.5548999098350973,0.8134975688529609,0.17409134250537303,0.5216177098298731,0.17720206131322436,0.8345743791048118,0.648074883679995,0.5539143750948029,-0.5226641466625529],"T_pred":[-110.00086657613286,22.482983651254123,891.8075481214925],"rotation_error":122.70336721481307,"translation_error":33.57994796056896,"ADD":0,"ADD_S":0}}
{"id_image":1149,"data":{"Best_template_id":92,"GT_R":[-0.31695596547931654,0.9433367911710302,0.09825917914077203,0.3555337465500902,0.21422165735990042,-0.9097831572034096,-0.8792807243669594,-0.2534265674745638,-0.4032869463571885],"GT_T":[-107.29054980389829,45.78075544002122,884.558456114862],"R_pred":[-0.4337211652499913,0.8961292215713852,-0.09401260053872107,0.5702268132459802,0.19219631615260746,-0.7986876470264836,-0.6976584639130552,-0.40001624254926255,-0.5943565204717164],"T_pred":[-122.2036643126965,48.33272143031415,956.2402557399776],"rotation_error":18.319853320903153,"translation_error":73.26113507353921,"ADD":0,"ADD_S":0}}
{"id_image":1150,"data":{"Best_template_id":92,"GT_R":[-0.3178961482438054,0.9429904653735527,0.0985503304420795,0.3545968252838238,0.2146477883660897,-0.910048329427355,-0.8793200486282797,-0.2543555739348118,-0.4026168245276784],"GT_T":[-107.42528562636016,45.88616612842229,884.5422038083001],"R_pred":[-0.37231528233616906,0.9275575130185908,-0.03191223247761904,0.44405634229762614,0.14783723401712123,-0.8837183471578604,-0.814981776117842,-0.3431926751562945,-0.4669298580246008],"T_pred":[-113.80539265799065,49.231510456341844,894.8357175125516],"rotation_error":9.027290348543481,"translation_error":12.563977029070758,"ADD":1,"ADD_S":1}}
{"id_image":1160,"data":{"Best_template_id":147,"GT_R":[-0.3235315307798676,0.9401395116298847,0.10707315542456043,0.3492917919617624,0.22383067792093544,-0.9098876466048441,-0.8793875587157918,-0.2569778438012784,-0.400799575976537],"GT_T":[-108.74820845378925,44.693327948010875,884.4858165393553],"R_pred":[-0.4985295749238135,0.8631737979912475,0.07999535853814926,0.3404706362023378,0.2798306353473513,-0.8976494646603836,-0.7972126496802827,-0.42026873543301213,-0.4333891798456438],"T_pred":[-119.40192578299487,52.12984376457293,883.0985181498943],"rotation_error":11.121832940788295,"translation_error":13.066294702094957,"ADD":1,"ADD_S":1}}
{"id_image":1182,"data":{"Best_template_id":92,"GT_R":[-0.3449328238480548,0.9343898004595899,0.08909201344176074,0.3436271845581752,0.21403611015419174,-0.9143901009692397,-0.8734650100037032,-0.2847885462663048,-0.3949102441856827],"GT_T":[-88.18390249929158,50.19739798853782,883.6048447382734],"R_pred":[-0.2545377955181737,0.9569497698238596,0.1394906759852083,0.4047941070550323,0.23642773776106607,-0.8833140187445817,-0.8782666118817606,-0.16837179945360925,-0.44754742274141873],"T_pred":[-111.80926868332536,64.15468156199977,989.3239083464758],"rotation_error":7.339648271055177,"translation_error":109.22217770340814,"ADD":0,"ADD_S":0}}
{"id_image":1220,"data":{"Best_template_id":92,"GT_R":[-0.35576995719067106,0.9297773619557047,0.09456131562640488,0.321553865220746,0.21678310545433427,-0.9217420216189995,-0.8775142548003486,-0.2975218647216935,-0.37609840398665995],"GT_T":[-89.10661318630329,62.639852937815505,881.490557860421],"R_pred":[-0.2748198450878645,0.9609839602732333,0.031366874939261435,0.4228327715744298,0.15009111795999286,-0.8936918392780624,-0.8635314122998472,-0.23234131016048948,-0.4475835291477322],"T_pred":[-116.69454976044337,75.35264849682132,1040.866912469893],"rotation_error":7.753117570461711,"translation_error":162.2452829019938,"ADD":0,"ADD_S":0}}
{"id_image":1528,"data":{"Best_template_id":147,"GT_R":[-0.4233908051205563,0.9048484459037789,0.044608821162803715,0.35419959905168813,0.21065403327104623,-0.9111351344115268,-0.83383631572624,-0.36996653618019126,-0.4096859002611134],"GT_T":[-100.1797688854037,48.87340056738071,885.8833123184303],"R_pred":[-0.5593917409282143,0.8235499533552266,0.09405506105418088,0.44121427868854973,0.3918927426285439,-0.8073103731257396,-0.7017199159655114,-0.4101043191721858,-0.5825835621897287],"T_pred":[-110.99084078095049,66.03906553900136,927.7864639144377],"rotation_error":14.51705358727081,"translation_error":46.55548778744119,"ADD":0,"ADD_S":0}}
{"id_image":1536,"data":{"Best_template_id":147,"GT_R":[-0.42444840920526694,0.9047435656832017,0.0358200495614073,0.35720225267607225,0.20366688094513435,-0.9115520455618212,-0.8320153982928068,-0.3741122293146105,-0.40962234617074084],"GT_T":[-99.31737471232672,49.99950989496223,881.2247421948535],"R_pred":[-0.6387796314189456,0.7630275718153811,-0.0987395925340987,0.3953712112192448,0.21544542633958352,-0.8928968997641233,-0.6600319596983949,-0.6094031448219472,-0.43930128529042295],"T_pred":[-94.83479520769922,58.037627660134355,821.8313937057742],"rotation_error":16.857831222991756,"translation_error":60.10220213076479,"ADD":0,"ADD_S":0}}
{"id_image":1545,"data":{"Best_template_id":147,"GT_R":[-0.4245924387699824,0.9048444193941475,0.03127146898458018,0.35484238726308454,0.19808529732285174,-0.9137005157911218,-0.8329516066564016,-0.37685483016090854,-0.4051830464784174],"GT_T":[-96.78352128407732,61.5799848649674,877.8367239533296],"R_pred":[-0.5561752444896628,0.8310400014134474,-0.006450850145626352,0.46583323362642526,0.3053129508914447,-0.8305319984606896,-0.6882357850809648,-0.46492635768333906,-0.5569335562392447],"T_pred":[-104.60338471257525,75.69515080960892,911.4027260869489],"rotation_error":13.260089622272822,"translation_error":37.243317157837296,"ADD":0,"ADD_S":0}}
{"id_image":1566,"data":{"Best_template_id":92,"GT_R":[-0.4361571969955514,0.8990463208485854,0.03851539772006031,0.3613277338266422,0.2141694657879866,-0.9075097449866322,-0.8241415734746033,-0.38189962925676857,-0.41826167885314797],"GT_T":[-91.20438483755474,56.86445237675758,873.7603571700672],"R_pred":[-0.40261931987386385,0.9133070191427549,-0.06138380933831783,0.4391164625869356,0.13386883885177392,-0.8884007351807035,-0.8031652479717009,-0.3846419409906485,-0.45494632835259013],"T_pred":[-97.78561456089504,65.79450794895759,907.1227838349919],"rotation_error":6.531885433588116,"translation_error":35.15835590818255,"ADD":0,"ADD_S":0}}
{"id_image":1571,"data":{"Best_template_id":147,"GT_R":[-0.44006557297469984,0.8970158240623964,0.04129562904485081,0.3596747579358364,0.21821688806049988,-0.9072024440242535,-0.8227862488959293,-0.38437536322395865,-0.41866382921213763],"GT_T":[-89.59300379472293,58.655584550883844,872.3920442759568],"R_pred":[-0.5893710297591649,0.8051970347809986,-0.0655707591881392,0.38570859980206407,0.2091455871153386,-0.898602804040201,-0.7098384783310587,-0.5549016656760619,-0.43383577089790476],"T_pred":[-85.51076648520123,65.20419620989632,834.0383989437289],"rotation_error":11.835748334901044,"translation_error":39.12225819635326,"ADD":0,"ADD_S":1}}
{"id_image":1584,"data":{"Best_template_id":147,"GT_R":[-0.4448795068404607,0.8943505819056006,0.04712098489920874,0.36553885234681877,0.22936063561309503,-0.902094468853285,-0.8175961387688986,-0.3840991342065197,-0.42895745121787743],"GT_T":[-87.50249767435409,51.49103035335948,869.005079193984],"R_pred":[-0.5785380156813337,0.8121500837474752,-0.07553810879598372,0.38604990978699816,0.19106487533302874,-0.902474199391553,-0.7185118172757881,-0.5512771126057594,-0.4240687604057878],"T_pred":[-81.37619047242704,56.45539053067226,814.5077955578885],"rotation_error":11.431001437744852,"translation_error":55.06478398773137,"ADD":0,"ADD_S":0}}
{"id_image":1588,"data":{"Best_template_id":92,"GT_R":[-0.4433567430059613,0.8950247696670146,0.04864268697754395,0.3718378934634802,0.23302823406987916,-0.8985736935820451,-0.815580604748806,-0.38030175995335735,-0.43611789024667197],"GT_T":[-88.58575910413605,45.04588651040471,866.7583034038877],"R_pred":[-0.4622613097520406,0.8867197937957136,0.006518343134201465,0.3086839230519988,0.16780431216734415,-0.9362456667281687,-0.8312813706294373,-0.43077804042097156,-0.3512855857212366],"T_pred":[-103.69877163595514,59.8628044896378,989.1305106365529],"rotation_error":5.9917958385909085,"translation_error":124.18897418524966,"ADD":0,"ADD_S":0}}
{"id_image":1603,"data":{"Best_template_id":147,"GT_R":[-0.4556303670046818,0.8884190640671566,0.055792033801963375,0.3816093387865566,0.25156658496753675,-0.8894321282093652,-0.8042234767752574,-0.38396185402727406,-0.45365011971222857],"GT_T":[-78.92816521202752,30.360232777752287,858.5141918423382],"R_pred":[-0.5333116599103899,0.8459042466462476,-0.004967787180303607,0.4976213112774521,0.30897215631042607,-0.8104993751924765,-0.6840699554622565,-0.4347208439110435,-0.5857184339792769],"T_pred":[-86.06944223507787,37.27463850267647,898.1714737930641],"rotation_error":10.655399289635278,"translation_error":40.884066037616506,"ADD":0,"ADD_S":0}}
{"id_image":1611,"data":{"Best_template_id":147,"GT_R":[-0.45167017184925595,0.8895982665198287,0.06789768067124051,0.38567047621925143,0.2633047245164248,-0.88426741641974,-0.804519936936604,-0.3732113874633264,-0.4620183817294715],"GT_T":[-84.5026849868247,25.206937902179753,853.8819910100956],"R_pred":[-0.5511710385413007,0.8336611121708584,-0.03492329204631084,0.5271478660805724,0.31546692212891736,-0.7890473676080586,-0.6467809625831632,-0.45330979594153453,-0.6133389074104474],"T_pred":[-94.47776648502962,31.452651197341087,910.5644832439528],"rotation_error":13.44336821296103,"translation_error":57.8914165598189,"ADD":0,"ADD_S":0}}
{"id_image":1617,"data":{"Best_template_id":92,"GT_R":[-0.4495658362596697,0.8904360550759499,0.07081760500943124,0.3899075306368649,0.2669496949095808,-0.8813115162278562,-0.8036560449207896,-0.368594955425234,-0.4671993613960108],"GT_T":[-86.36253520061072,22.61435445152791,851.4831011439916],"R_pred":[-0.37742173827845876,0.9257837278800748,-0.02184766960886303,0.39230872762285596,0.13847581137752285,-0.9093504890273454,-0.8388365119055097,-0.3517796737388448,-0.4154568177782012],"T_pred":[-77.08062307104099,25.404317808101183,786.9542181844945],"rotation_error":7.749829365848604,"translation_error":65.25269744855417,"ADD":0,"ADD_S":0}}
{"id_image":1628,"data":{"Best_template_id":92,"GT_R":[-0.4572604919108989,0.8864840557624766,0.07112919999859198,0.3855883527000879,0.269690855683899,-0.8823766307882703,-0.801395534750946,-0.37604961144602755,-0.4651370514031021],"GT_T":[-75.44461374011624,32.286603849385436,849.5293951960475],"R_pred":[-0.37818625263913136,0.9257295052601582,-0.0002034835469813534,0.4724630627105107,0.1928252677253698,-0.8599982968011296,-0.7960865610528638,-0.32533567160307275,-0.5102968627118949],"T_pred":[-81.3512350365707,38.41581209170781,904.3722976040262],"rotation_error":7.192541585972136,"translation_error":55.499543361622,"ADD":0,"ADD_S":0}}
{"id_image":1629,"data":{"Best_template_id":147,"GT_R":[-0.4570481477987626,0.8865568568866402,0.07158755715716367,0.3847801983207601,0.26964619027903475,-0.8827427727677453,-0.801904597545581,-0.37591090458182075,-0.4643707043062963],"GT_T":[-74.82619144955376,33.91682647246377,849.5049051542087],"R_pred":[-0.5224954828737127,0.8525256029031026,0.014091372227973242,0.5097178066215516,0.3255587215831529,-0.7963662953779862,-0.6835102252267193,-0.40891516870354033,-0.6046504418378231],"T_pred":[-80.26873864532537,40.98969608865871,882.5565803737557],"rotation_error":10.713819406152682,"translation_error":34.2353624108802,"ADD":0,"ADD_S":1}}
{"id_image":1645,"data":{"Best_template_id":92,"GT_R":[-0.4610456188031783,0.8849881625548237,0.06507420171811577,0.3916236947698715,0.2687299634485908,-0.8800083684811209,-0.796283580022988,-0.38023948806630187,-0.47047912076177484],"GT_T":[-65.97086163247361,34.12790055174411,845.2397128071323],"R_pred":[-0.4049195441469645,0.9143100966046731,-0.008786922929434449,0.48302715741850943,0.20573836269062273,-0.8510913530952928,-0.7763536101313686,-0.34886784512782953,-0.5249440909962277],"T_pred":[-80.83937464327404,40.063455829305695,956.6520079340154],"rotation_error":6.65725087799691,"translation_error":112.55666573350969,"ADD":0,"ADD_S":0}}
