{"id_image":1,"data":{"GT_R":[0.3315376299902481,0.9414756839672996,0.06089301579263751,0.49412922370459145,-0.11829878528307897,-0.8613025373123365,-0.8036911100074678,0.315643354741768,-0.5044304275710608],"GT_T":[-123.10773748052749,95.08070802210196,951.3431917703285],"R_pred":[0.3122842614566119,0.9457524294837691,0.08961518940473512,0.5053775684892632,-0.08551213250719736,-0.8586507954121696,-0.8044078898881949,0.3134326360154916,-0.5046661563509108],"T_pred":[-76.9333102732771,92.0973815074669,671.582271047707],"rotation_error":1.9955098483030178,"translation_error":283.56154663243666,"ADD":0,"ADD_S":0}}
{"id_image":2,"data":{"GT_R":[0.330580425217375,0.9417129565741984,0.06240888009303372,0.4958026284875042,-0.11701942168336882,-0.8605144844177952,-0.8030540586802867,0.315411702823073,-0.5055878866737754],"GT_T":[-122.54734557072099,94.78717807307609,951.6648344168665],"R_pred":[0.2240158313230063,0.9745545164906395,0.007771853341299373,0.46048981470681655,-0.09881549384422283,-0.8821477363387634,-0.8589330811349302,0.20119391781069973,-0.47090866372157253],"T_pred":[-65.88881830934527,85.14992604188981,609.3893850802998],"rotation_error":7.5673431427616675,"translation_error":347.067066367135,"ADD":0,"ADD_S":0}}
{"id_image":3,"data":{"GT_R":[0.33021057166803713,0.9419380456935144,0.060953364503921435,0.49493667012938036,-0.11779784782650843,-0.8609071758838716,-0.80374069037405,0.3144482711185689,-0.5050979401220694],"GT_T":[-121.92808747732434,94.53948531059046,951.9964145521878],"R_pred":[0.3876934047642768,0.9086147852351163,0.15528359847203965,0.5126906891787055,-0.07255141704378865,-0.8555025126289239,-0.766056186667627,0.4112851370242808,-0.49396604633433283],"T_pred":[-78.33749687655063,89.3150426191374,652.7785303077766],"rotation_error":6.614301645981275,"translation_error":302.42152145980356,"ADD":0,"ADD_S":0}}
{"id_image":4,"data":{"GT_R":[0.32884508644951715,0.9425042595419356,0.05956199038921525,0.49361312482846925,-0.11777043793634898,-0.8616706796722156,-0.8051128925642164,0.31275648875519924,-0.5039601503063609],"GT_T":[-121.27909687188924,94.62183905468608,952.3913897452759],"R_pred":[0.3317276579590054,0.9406717150886212,0.07136865822800115,0.5385796021478033,-0.12673116167216525,-0.8329893305508405,-0.7745248692555633,0.3147633032827292,-0.5486668295160528],"T_pred":[-213.19909584406187,108.75553318062731,1252.452086888333],"rotation_error":3.142252840844762,"translation_error":314.14243503650914,"ADD":0,"ADD_S":0}}
{"id_image":5,"data":{"GT_R":[0.32843013615983496,0.9426807650520082,0.059057591860312744,0.4953263886680272,-0.11865905565016924,-0.8605644120434365,-0.8042297542575013,0.3118876926311046,-0.5059054839505372],"GT_T":[-120.40213488823882,93.92842152969844,952.8788603293996],"R_pred":[0.35399014479660784,0.9258516358446374,0.13224872699079543,0.5074426232125067,-0.0713551265419764,-0.858726050649093,-0.785616294086424,0.37108919995061546,-0.4950755943751676],"T_pred":[-199.5528556347682,103.1131428278107,1171.3972939575135],"rotation_error":4.557857023265812,"translation_error":232.5929954562336,"ADD":0,"ADD_S":0}}
{"id_image":6,"data":{"GT_R":[0.3281200869938827,0.942698670434391,0.06048135956911238,0.4946092022569827,-0.11690267793014564,-0.8612172581223048,-0.8047973394202333,0.312497315389782,-0.5046249204114129],"GT_T":[-120.03070870849066,93.51429067899402,952.7387878616973],"R_pred":[0.3755077425343074,0.9166231745083054,0.1370981081237257,0.532142812498173,-0.09211866141724778,-0.8416282904734302,-0.7588267011665591,0.3889937122538243,-0.5223657046779263],"T_pred":[-204.20641217831854,105.1474050944113,1201.770494012449],"rotation_error":5.657082459776099,"translation_error":263.13051718490755,"ADD":0,"ADD_S":0}}
{"id_image":7,"data":{"GT_R":[0.32842774626626775,0.9426818036652227,0.0590576722447955,0.49464047299274555,-0.11839114430418993,-0.8609963086726217,-0.8046529019118074,0.31198740052412893,-0.5051707383331407],"GT_T":[-119.36136859295331,93.78152571578691,953.0645581560289],"R_pred":[0.35114902396072123,0.9312560012040856,0.0972451705371965,0.5087051875614961,-0.10255516186673652,-0.8548107807711075,-0.7860746752818434,0.3496350940564509,-0.5097469037519317],"T_pred":[-69.90596294384649,84.94246173329987,630.8760687938517],"rotation_error":2.679580288352288,"translation_error":326.08187450008006,"ADD":0,"ADD_S":0}}
{"id_image":8,"data":{"GT_R":[0.32773980684556286,0.9429053185977697,0.0592968223573494,0.4958568322343608,-0.1182496845962769,-0.8603150937554372,-0.8041843953606982,0.31136303356586503,-0.5063011727026718],"GT_T":[-118.21179402698398,93.38064964862588,953.4838036972468],"R_pred":[0.3234525017326042,0.941333664770623,0.0962777788091706,0.5432982891162281,-0.10144589609846144,-0.8333880843929551,-0.7747292741121241,0.3218690133179773,-0.5442378984409418],"T_pred":[-68.1484067314396,83.63992452642896,625.930410374174],"rotation_error":3.405722566726534,"translation_error":331.5003015848847,"ADD":0,"ADD_S":0}}
{"id_image":9,"data":{"GT_R":[0.3252717688125968,0.9439567287641614,0.05608230923132314,0.49527873013259666,-0.11954243179401045,-0.8604704017032839,-0.8055420844179894,0.3076636489274595,-0.5064050408723336],"GT_T":[-117.16912498297471,93.48405646636316,954.0260714525775],"R_pred":[0.36852431797917806,0.9188717084936182,0.14094186882541515,0.4900102660805763,-0.06316693668031537,-0.8694250268114369,-0.7899871936896345,0.38946722768474895,-0.47353512263181874],"T_pred":[-68.10948354892982,84.77529092774539,618.3877829537902],"rotation_error":5.8734347417947435,"translation_error":339.3165951161818,"ADD":0,"ADD_S":0}}
{"id_image":10,"data":{"GT_R":[0.32514980810750127,0.9439937012449235,0.056166780519649545,0.49568736423754267,-0.1195525379674761,-0.8602331917000542,-0.8053395834135206,0.30754612638676315,-0.5067980990581228],"GT_T":[-116.3783814423487,93.35599619433789,954.374221472946],"R_pred":[0.26898677959374506,0.9605889298165522,0.07010720588981795,0.44893666259020165,-0.0606474158155379,-0.8915030925001151,-0.8521161806855668,0.2712762408851694,-0.4475569413438406],"T_pred":[-61.458474154902774,85.12877952409559,607.0377351048019],"rotation_error":5.32586886843894,"translation_error":351.74780464584103,"ADD":0,"ADD_S":0}}
{"id_image":11,"data":{"GT_R":[0.324624179488091,0.9441974059788119,0.05578397833552433,0.4957042533805957,-0.11960589270796783,-0.8602160247102072,-0.8055417288912158,0.3068989207152959,-0.5068689154402705],"GT_T":[-115.56329629389593,93.52017681026764,954.6478526788487],"R_pred":[0.34393549433436665,0.9300667114265158,0.1291676741032401,0.5273748017517599,-0.07751651854429198,-0.8460892434194305,-0.7769068117955118,0.3591198987093844,-0.5171544296790802],"T_pred":[-73.16133637880111,91.27655352414942,673.5781419729852],"rotation_error":4.5457980764688966,"translation_error":284.25893535009436,"ADD":0,"ADD_S":0}}
{"id_image":12,"data":{"GT_R":[0.3238858462614482,0.9444085643637986,0.05649539509794548,0.4946483679902746,-0.11813233072397367,-0.8610271220808559,-0.8064866051077577,0.3068197490203418,-0.5054111520014063],"GT_T":[-115.44191514644778,94.18043048890351,954.8265504112056],"R_pred":[0.27953178046864646,0.9579561223015927,0.06466878267699822,0.49197146311955553,-0.08506619534820936,-0.8664455100495265,-0.8245156536925375,0.2740142517349719,-0.4950657801364288],"T_pred":[-193.14788079222632,105.21379063005999,1183.603244861468],"rotation_error":2.823255297897473,"translation_error":241.86510301516444,"ADD":0,"ADD_S":0}}
{"id_image":13,"data":{"GT_R":[0.3247965561036217,0.9441893925565417,0.054902077156016936,0.49451651535092195,-0.1200562080358052,-0.8608370629246912,-0.8062020013426678,0.3067470321478392,-0.5059103006066211],"GT_T":[-115.20326560271658,94.78449160271364,955.1720062841736],"R_pred":[0.2863086572995408,0.9560036480931475,0.06390913540275006,0.482224833915607,-0.0861388042155149,-0.871802337667998,-0.8279411587247001,0.28042312893360694,-0.4856709858007648],"T_pred":[-192.90050953375928,107.65407353787967,1185.9994186781794],"rotation_error":2.776926849885336,"translation_error":243.89297276916022,"ADD":0,"ADD_S":0}}
{"id_image":14,"data":{"GT_R":[0.3244366507778071,0.944225376872521,0.05639093105296253,0.493640238811907,-0.11815912239154551,-0.8616018443958826,-0.8068836240228998,0.3073719774508802,-0.5044422218449195],"GT_T":[-115.73291874109759,95.80582185272756,955.0991218683979],"R_pred":[0.30235030055419354,0.9485762514044518,0.09374108504955297,0.49103696397406577,-0.07070927162636609,-0.8682643024547313,-0.8169865334054909,0.30855031061003235,-0.48716497211574183],"T_pred":[-203.32509813249715,111.97489969129029,1234.3433953455974],"rotation_error":2.749587723958514,"translation_error":293.10611259148726,"ADD":0,"ADD_S":0}}
{"id_image":15,"data":{"GT_R":[0.3258577670558739,0.9436967522488867,0.057045570040378815,0.49343546071502925,-0.11829388506834757,-0.861700608891036,-0.8064357511911344,0.3089405718986999,-0.5041995353792064],"GT_T":[-116.23618846361742,96.51981454360903,954.9172168033921],"R_pred":[0.08268289367511672,0.9916417479498181,0.09904636700322894,0.6024818144578852,-0.12890663600615393,0.7876539484069836,0.7938382721568944,-0.0054518727613536155,-0.6081044932759093],"T_pred":[-200.14000691177333,79.05454057223244,1210.0290138900098],"rotation_error":111.50124466108016,"translation_error":269.1224917353434,"ADD":0,"ADD_S":0}}
{"id_image":16,"data":{"GT_R":[0.3278946316344052,0.9430470365938829,0.05611285001785316,0.4934006969892382,-0.12029653688415166,-0.8614432174596328,-0.8056306447287175,0.31014870885695456,-0.5047440850901596],"GT_T":[-116.15958801143789,97.06839557109677,955.0974911736087],"R_pred":[0.26896169951157467,0.962664077225958,0.030618272559701232,0.5207942998516097,-0.11861769772630248,-0.8454011704677153,-0.8102054686546598,0.24332635739846653,-0.5332535816638053],"T_pred":[-193.51198970713813,108.37936387413168,1182.6283906102608],"rotation_error":4.214564803174281,"translation_error":240.58603918452363,"ADD":0,"ADD_S":0}}
{"id_image":17,"data":{"GT_R":[0.32814546601984523,0.9429839565179645,0.05569870045041227,0.49169628922164255,-0.12016278729270119,-0.8624361637488729,-0.8065706711877066,0.31039142469923237,-0.5030924409138496],"GT_T":[-116.44313185067978,98.26029648462611,955.0755949673902],"R_pred":[0.310594216764162,0.9479182790183478,0.07058447999064982,0.5540356772476778,-0.12019482525348724,-0.8237704002445042,-0.7723831308679416,0.29496464243223686,-0.5625123633000957],"T_pred":[-67.5077265895268,88.8432584856623,639.1262468627717],"rotation_error":4.225064465201492,"translation_error":319.8551938932376,"ADD":0,"ADD_S":0}}
{"id_image":18,"data":{"GT_R":[0.32767259116190545,0.9432134739615574,0.05458151442204065,0.4926222376419045,-0.12126921913102906,-0.8617517937069116,-0.806197603518573,0.30926072937959814,-0.5043846044502999],"GT_T":[-116.50455478701517,99.07868227613363,955.3886223470554],"R_pred":[0.2992014662770063,0.9514854644472761,0.07179062280855963,0.5068762467935997,-0.09474466911096635,-0.8567963107480607,-0.808427456865564,0.292743673920727,-0.5106331250176311],"T_pred":[-69.79221930441217,91.5650527024534,649.8945980742378],"rotation_error":1.9945874501981717,"translation_error":309.1360473675152,"ADD":0,"ADD_S":0}}
{"id_image":19,"data":{"GT_R":[0.32725914178864646,0.9433737086458315,0.05430509750002528,0.4907335502917524,-0.12056238213412702,-0.8629284397523681,-0.8075165313460351,0.3090508285568675,-0.5023990540191868],"GT_T":[-116.06478328850574,99.57063105873128,955.5267947345599],"R_pred":[0.3057909360133808,0.9499762936212217,0.06353695782572327,0.5074349453038167,-0.10614667103714381,-0.8551272773758567,-0.8056064049748946,0.29373104327840344,-0.5145098584847594],"T_pred":[-69.33802348153493,92.76317924353256,653.7296915828903],"rotation_error":1.579801294873017,"translation_error":305.4688575829197,"ADD":0,"ADD_S":0}}
{"id_image":20,"data":{"GT_R":[0.3279573128733435,0.9432688245396602,0.05185107560848365,0.48945061381022026,-0.122714500965981,-0.8633531609949016,-0.8080117668371843,0.30852154785474833,-0.5019290380967227],"GT_T":[-115.6857824165568,100.57451611519853,955.69799658816],"R_pred":[0.2328965149657264,0.9715731309438961,-0.04248369739905167,0.6819788939034611,-0.19430883804878252,-0.7050878411420408,-0.6932993592864708,0.1352395159855544,-0.7078462203960421],"T_pred":[-263.5282309808676,1.6632988243706026,1530.2581196530964],"rotation_error":16.841660713598998,"translation_error":601.4650060642258,"ADD":0,"ADD_S":0}}
{"id_image":21,"data":{"GT_R":[0.3269207729802933,0.9437023586387309,0.050492755639033965,0.4888080594027317,-0.12312460863441872,-0.8636586452269311,-0.8088203939329099,0.3070288205546207,-0.5015410321926268],"GT_T":[-114.41390630562627,100.81590689913584,956.2432819988527],"R_pred":[0.3340689086311859,0.9385806369656904,0.08639648256177146,0.5518730735473445,-0.12047013090386172,-0.8251806215934867,-0.7640903578631095,0.3233470820543845,-0.5582227060479895],"T_pred":[-203.9700739922249,117.10384624894174,1256.7704099906055],"rotation_error":4.496308123980845,"translation_error":314.0098068499525,"ADD":0,"ADD_S":0}}
{"id_image":22,"data":{"GT_R":[0.3250405343240038,0.9442866951265064,0.05168396966618314,0.4897614498675167,-0.12132957684972318,-0.8633730605825748,-0.809000719894113,0.30594404551930426,-0.5019120897377841],"GT_T":[-113.6110650343749,100.39614988943754,956.7037024165712],"R_pred":[0.3565385064745641,0.9277694403284282,0.11010975884798974,0.5497216407852212,-0.11302681603986431,-0.8276660295724929,-0.7554378935778185,0.3556245273438909,-0.5503133511901585],"T_pred":[-196.53675089026356,112.01947110853611,1206.2528387989908],"rotation_error":5.330379721165367,"translation_error":263.2233698592192,"ADD":0,"ADD_S":0}}
{"id_image":23,"data":{"GT_R":[0.32418826401753736,0.9444829794385768,0.0534262472399608,0.49043744376678233,-0.11950937562248065,-0.8632430245215974,-0.80893385945362,0.3060552645209468,-0.5019527500912986],"GT_T":[-113.72022195249542,100.09019918527315,956.8383075710957],"R_pred":[0.3388752411510304,0.9343178663244098,0.11051558985877574,0.5233569872787107,-0.08958707167759516,-0.847391067013799,-0.7818318456045278,0.3449989583393487,-0.5193406241989761],"T_pred":[-200.59457949448839,116.07850601115918,1234.9258759593379],"rotation_error":3.7052635320135474,"translation_error":291.7798410541379,"ADD":0,"ADD_S":0}}
{"id_image":24,"data":{"GT_R":[0.32493206977648714,0.9442310901747442,0.053368996103804744,0.490026123285537,-0.11982730900298834,-0.8634328179633912,-0.8088848040899932,0.30670956224408624,-0.5016330574904461],"GT_T":[-113.89899564605099,100.96893771929835,956.8633228259444],"R_pred":[0.3392813607965136,0.9349797262463871,0.10344597490621471,0.5143787854945566,-0.09232639537196574,-0.8525786191025228,-0.7875929299131699,0.34247444901167545,-0.5122583611078869],"T_pred":[-195.04041004636719,115.26249154892017,1201.3626757913025],"rotation_error":3.166935554432704,"translation_error":258.00807819222047,"ADD":0,"ADD_S":0}}
{"id_image":25,"data":{"GT_R":[0.3228460910972936,0.9448972695952348,0.05422621175704684,0.4891786210691095,-0.11754205828639379,-0.8642267282477188,-0.8102317760622533,0.3055387149955984,-0.5001713883568115],"GT_T":[-114.44208740144273,101.58463161308943,957.1249277838638],"R_pred":[0.3240635277671169,0.9419929476826527,0.08736198536707973,0.5210498430280179,-0.10064589188653916,-0.8475715105681884,-0.789613760677718,0.3201869625117645,-0.523440940303566],"T_pred":[-199.0508319356418,117.27666967264057,1222.4846522930302],"rotation_error":2.5193321968683215,"translation_error":278.963551564889,"ADD":0,"ADD_S":0}}
{"id_image":26,"data":{"GT_R":[0.3234142186796294,0.9447516947292283,0.05336187628242241,0.4887259614691525,-0.11848401584506743,-0.8643541067984989,-0.8102772502648419,0.3056243284715979,-0.5000444326978107],"GT_T":[-114.40345094205878,102.05555809697633,957.2825554329421],"R_pred":[0.317803992566038,0.9447528569587196,0.08026619199527951,0.5277159615401261,-0.10591399319913708,-0.8427918426161902,-0.7877286882200406,0.3102003631734664,-0.5322210522350499],"T_pred":[-194.3782019275857,116.00511410166753,1201.6460941620235],"rotation_error":2.707056972986456,"translation_error":257.4958057291891,"ADD":0,"ADD_S":0}}
{"id_image":27,"data":{"GT_R":[0.32561508249569915,0.9439607468822413,0.05398165645015764,0.4886115677755713,-0.1191165214117189,-0.8643323378841883,-0.8094651464294117,0.3078158997101272,-0.5000154468423135],"GT_T":[-114.15952990306266,102.96074522239566,957.3537913121481],"R_pred":[0.33895296926468843,0.9375100302863275,0.0786500333069296,0.522781404928865,-0.11818458358450645,-0.8442345686262552,-0.7821831545662778,0.3272725887016611,-0.530171826295268],"T_pred":[-192.63898581781834,115.50133264896112,1191.494535212418],"rotation_error":2.6971985616903753,"translation_error":247.26135825852603,"ADD":0,"ADD_S":0}}
{"id_image":28,"data":{"GT_R":[0.3252290072113997,0.9442149046187364,0.0518116393693958,0.4878238757959141,-0.12058658754602691,-0.8645734241765537,-0.810095021210659,0.306459335538131,-0.4998287403301478],"GT_T":[-112.71556021106596,103.41664445593936,958.1045504836865],"R_pred":[0.31965028897215664,0.9434043991846254,0.08838457082043488,0.49297890642645303,-0.08592129235006085,-0.8657882705023636,-0.809194346605681,0.32032119992281377,-0.4925432349564999],"T_pred":[-183.16165991108548,115.82118631316771,1157.180851825552],"rotation_error":2.1609049170830508,"translation_error":211.53699292934581,"ADD":0,"ADD_S":0}}
{"id_image":29,"data":{"GT_R":[0.32345426475766653,0.9447262237019761,0.053568522430465566,0.48825415328753125,-0.11813906795474008,-0.8646680021925246,-0.8105462891822433,0.30583585557036075,-0.49947971671278996],"GT_T":[-112.12960669374448,103.77372825006931,958.5737831279874],"R_pred":[0.29453614410054896,0.9530448900381456,0.07038392849621261,0.5143548711099055,-0.0960248713413101,-0.8521844229093827,-0.8054114019455483,0.2872014304561592,-0.518486076920145],"T_pred":[-64.84286082289027,93.80701600903133,639.4568550460267],"rotation_error":2.3093785058444576,"translation_error":322.7553027858996,"ADD":0,"ADD_S":0}}
{"id_image":30,"data":{"GT_R":[0.3222963955942186,0.9452310357420163,0.051610812349345996,0.4872202322016069,-0.11888971402807953,-0.8651481840879042,-0.8116288434902237,0.3039796144168884,-0.49885331607954864],"GT_T":[-112.24093013621184,104.70779013785466,958.8883480383579],"R_pred":[0.31534357007085956,0.9458891165497925,0.07649975168337053,0.5241509396781241,-0.1064067987603583,-0.8449517060827274,-0.7910905291112413,0.30654750426357286,-0.5293433690717875],"T_pred":[-179.71339507388504,116.48123256056131,1142.119715036445],"rotation_error":2.5478507398327905,"translation_error":195.61411330278304,"ADD":0,"ADD_S":0}}
{"id_image":31,"data":{"GT_R":[0.32380367223724993,0.9447228995976387,0.0514796294580666,0.485418900994262,-0.1191808407409106,-0.8661202593673208,-0.8121083994961914,0.30544235414623866,-0.4971778307618547],"GT_T":[-112.86762052115316,106.07641230016736,958.8555545577173],"R_pred":[0.04094004424203501,0.991093395381447,0.1267193529368536,0.5919353028839972,-0.12623170548272833,0.7960390403306563,0.8049450353763856,0.042419785032416335,-0.5918311007886565],"T_pred":[-187.32900693981804,89.7759585443682,1174.518571218585],"rotation_error":112.87663268432057,"translation_error":228.73727202906923,"ADD":0,"ADD_S":0}}
{"id_image":32,"data":{"GT_R":[0.3243262185752957,0.9444273252973148,0.053579658793907484,0.4857640419053185,-0.11767822743175083,-0.8661318022216615,-0.8116930537446891,0.3069360148112528,-0.49693496476400834],"GT_T":[-113.585095668528,106.99084579421843,958.7735945278552],"R_pred":[0.13850751874353595,0.9848923350029568,0.10393630599522308,0.6395901966699198,-0.16908331564692258,0.7498901337486557,0.7561349400571584,-0.03738877936315477,-0.6533467927544228],"T_pred":[-197.39511229187016,94.3904066344137,1219.2299199531756],"rotation_error":108.62728421847046,"translation_error":273.89849836661256,"ADD":0,"ADD_S":0}}
{"id_image":33,"data":{"GT_R":[0.3245568121235223,0.9443563074898154,0.05343233677202978,0.48553661256986586,-0.11785734074621468,-0.8662356217621777,-0.8117368771289548,0.30708611112111606,-0.49677107512146684],"GT_T":[-114.33106365150154,108.38950856816072,958.6545781095804],"R_pred":[0.24728201321757315,0.9687448689346053,0.019621030858185784,0.47065295550399455,-0.10238916186965175,-0.8763573785887724,-0.8469577329562665,0.22594211303894718,-0.4812616337721895],"T_pred":[-63.724217223410115,97.07736276723216,627.4658597790693],"rotation_error":5.1800820411476165,"translation_error":335.2237830128174,"ADD":0,"ADD_S":0}}
{"id_image":34,"data":{"GT_R":[0.32473441471594205,0.9443969464966386,0.0516042827539898,0.4847270697765844,-0.1193286289943395,-0.8664873121751097,-0.812149644282873,0.3063925943675364,-0.49652452352847654],"GT_T":[-115.16094755641177,110.15563026731212,958.8584570105855],"R_pred":[0.31978689020683293,0.9425607085589084,0.0965176436345796,0.46649957697445077,-0.06796476744555191,-0.8819064208116021,-0.8246905416788176,0.3270475516908829,-0.46143841344051295],"T_pred":[-66.0851815256184,96.87072425931694,615.6573751542207],"rotation_error":3.406400391618274,"translation_error":346.9465407329055,"ADD":0,"ADD_S":0}}
{"id_image":35,"data":{"GT_R":[0.32637067643219797,0.9439413201691922,0.04956919674172892,0.4837135221599744,-0.12173092414888773,-0.866719337918639,-0.812098057684774,0.3068485844009452,-0.4963265524616922],"GT_T":[-115.73468299095693,111.95696641735965,958.9566823820085],"R_pred":[0.2696383730434426,0.9620047662074304,0.0429182662356275,0.44284895459901785,-0.08430227394497913,-0.8926241818471323,-0.8550906099315101,0.2596920414681449,-0.4487539330246201],"T_pred":[-63.726202022768604,97.4954570880841,614.271121342768],"rotation_error":4.737723988206971,"translation_error":348.8870208729971,"ADD":0,"ADD_S":0}}
{"id_image":36,"data":{"GT_R":[0.32792735208010115,0.9434303950776564,0.04902138870838291,0.48382644725457996,-0.1231514302865354,-0.8664557797200468,-0.8114036839125065,0.30785202958396696,-0.4968410711843041],"GT_T":[-116.0914030351643,113.14852669134152,958.9066885927521],"R_pred":[0.2656562900364885,0.963239977574207,0.039943474647191834,0.4392770919095311,-0.0840609589031408,-0.8944100802829706,-0.858173858893147,0.25515191708299206,-0.4454605786389175],"T_pred":[-66.24179015535682,101.99512057890755,636.5089145870539],"rotation_error":5.16651788215975,"translation_error":326.41952615614883,"ADD":0,"ADD_S":0}}
{"id_image":37,"data":{"GT_R":[0.32783757945903785,0.9435703303991219,0.04688315400517527,0.4831139172295041,-0.12479551561925149,-0.8666181361436769,-0.8118642037883078,0.3067597604893882,-0.49676412281662735],"GT_T":[-117.1967137568042,114.15437559484903,959.1373106633699],"R_pred":[0.32091985409887025,0.9441149508572461,0.0752157351421866,0.5348526692556733,-0.11511761135116083,-0.8370666387730934,-0.7816284727639091,0.3088606402969192,-0.541905928589212],"T_pred":[-205.06664570436553,135.77386717381415,1243.409245071525],"rotation_error":3.4977113501624655,"translation_error":298.327102437503,"ADD":0,"ADD_S":0}}
{"id_image":38,"data":{"GT_R":[0.329565738893046,0.9429869366177246,0.04650728112710488,0.4821844517458408,-0.12576016340821747,-0.8669964618093587,-0.8117172320592455,0.30815810429695234,-0.49613901339403677],"GT_T":[-117.84914884485909,114.75156200270659,959.0358683287807],"R_pred":[0.33798118732032534,0.9373159121091722,0.08489757313665403,0.5164018658504389,-0.10927665406402043,-0.8493454690658904,-0.7868277003027588,0.3309040552539706,-0.5209651391914327],"T_pred":[-200.34001004575074,133.8373251378712,1209.884403640249],"rotation_error":2.8886883341040646,"translation_error":264.75270764248165,"ADD":0,"ADD_S":0}}
{"id_image":39,"data":{"GT_R":[0.32939370577039523,0.9431099488695514,0.04521933036870419,0.4816791831008148,-0.1266556296259184,-0.8671465974907324,-0.8120864369323869,0.3074140120512373,-0.4959954680728546],"GT_T":[-118.76865002544137,115.55247988131887,959.03945615954],"R_pred":[0.3863296842123404,0.9084935629375708,0.15933869962250774,0.5564845677037813,-0.09181069463179614,-0.8257697755783768,-0.7355775288872883,0.40768890400920327,-0.5410318442973994],"T_pred":[-75.72443520236743,102.66804865992195,657.1630636861888],"rotation_error":8.498579180343224,"translation_error":305.20185014242395,"ADD":0,"ADD_S":0}}
{"id_image":40,"data":{"GT_R":[0.3302310258638471,0.9428533617841766,0.04445759305340583,0.48119607496222616,-0.12764378312959296,-0.8672705678347343,-0.8120333884512194,0.3077919386428559,-0.49584869391253844],"GT_T":[-119.32550802472971,115.83014200090254,958.964430945802],"R_pred":[0.3367287523266236,0.9372153676908032,0.09078051509408924,0.5153565370339485,-0.10275106447620608,-0.850793663872377,-0.7880491019555395,0.3332710208121901,-0.5175993040894362],"T_pred":[-210.74337515326079,138.41856924402342,1251.677819606083],"rotation_error":3.131560312222595,"translation_error":307.4875467017034,"ADD":0,"ADD_S":0}}
{"id_image":41,"data":{"GT_R":[0.3309705630772421,0.9426055757139127,0.044198978330407576,0.4813163983705286,-0.12834257888255696,-0.8670998449295912,-0.8116605000263578,0.3082580764077244,-0.4961694010154093],"GT_T":[-120.08390515025098,116.52617922846805,958.9642475579002],"R_pred":[0.3749231618303823,0.9215768063903923,0.10064200239658444,0.5716274874554018,-0.14434625946908364,-0.8077166415041283,-0.7298456263543225,0.3603614120581854,-0.5809173903326509],"T_pred":[-228.28116151283447,145.8014264631763,1344.2311270973362],"rotation_error":7.48559677708339,"translation_error":401.2408937971031,"ADD":0,"ADD_S":0}}
{"id_image":42,"data":{"GT_R":[0.3311952302994659,0.9425453130263494,0.04381388051796534,0.48072594329964546,-0.12859902805071563,-0.8673893863041078,-0.8119188521934156,0.30833768019868224,-0.4956968857315034],"GT_T":[-119.94331575741455,116.39946653607879,959.025329135578],"R_pred":[0.3850239998749645,0.9130684663450289,0.13439678302184288,0.5159032907031845,-0.09218712968289333,-0.8516720775993861,-0.7652452640571576,0.39724993252002727,-0.5065492838322099],"T_pred":[-218.23030340860802,141.22934559818316,1281.4602650504194],"rotation_error":6.406987813865429,"translation_error":337.9957732490045,"ADD":0,"ADD_S":0}}
{"id_image":43,"data":{"GT_R":[0.32999816803207976,0.9429726624459895,0.04363921298419462,0.4818612115842219,-0.12851689804023742,-0.8667710778070451,-0.8117335780951008,0.30706106982251474,-0.49679263591224104],"GT_T":[-119.92087616903986,116.02061532716715,959.4717221323077],"R_pred":[0.3363466068093447,0.937752836932356,0.08654811906193494,0.5431968439711405,-0.1181108094598523,-0.8312562934429617,-0.7692906789943794,0.32660289881453436,-0.5491105514359653],"T_pred":[-75.89240623319124,104.15699669331009,673.1834682176643],"rotation_error":4.4318981953798415,"translation_error":289.896905712146,"ADD":0,"ADD_S":0}}
{"id_image":44,"data":{"GT_R":[0.329101354800788,0.9432211108504102,0.045026328995261024,0.4821761005412887,-0.12685708583629102,-0.8668411513423235,-0.811910549345421,0.3069891068617518,-0.49654652007205824],"GT_T":[-120.14193382427237,115.31551357023174,959.7467778128048],"R_pred":[0.28947801926817385,0.9560490646140511,0.046611826945230805,0.5098595935208183,-0.1127987755555604,-0.8528303648017888,-0.8100899155373806,0.2706411319141342,-0.5201035535937777],"T_pred":[-69.27653126256855,100.48103176184505,633.9391602102882],"rotation_error":2.8001870242443814,"translation_error":330.08779849627166,"ADD":0,"ADD_S":0}}
{"id_image":45,"data":{"GT_R":[0.32946370008765224,0.9430727376833562,0.04548757985834384,0.4823594950132452,-0.1267063870119273,-0.866761553629546,-0.8116552842335971,0.30750763016203647,-0.49664436742071616],"GT_T":[-120.83715549279586,115.6262067362044,959.8200484366042],"R_pred":[0.295696005828033,0.9538453005638283,0.0523737981212648,0.49307962887451096,-0.10543971996595158,-0.8635710422672103,-0.8181909017621265,0.28117896088754774,-0.5014997908552674],"T_pred":[-198.14969304951575,131.67851535893,1182.237846185433],"rotation_error":2.0807065052857707,"translation_error":236.0181811450494,"ADD":0,"ADD_S":0}}
{"id_image":46,"data":{"GT_R":[0.32854139644324243,0.943508211722978,0.043053189094911744,0.48059117118639016,-0.12775895167239465,-0.8675886066303763,-0.8130758942349964,0.30572926907948345,-0.49541528490946424],"GT_T":[-121.38603764223984,116.36886913563072,960.0305124032669],"R_pred":[0.3156380288618551,0.9458130868869741,0.07622492643181855,0.4720010430387085,-0.08681243542206751,-0.8773132943404316,-0.8231571235836899,0.3128916837012814,-0.4738260695276308],"T_pred":[-73.1496790617425,105.1847851478645,652.0232639889946],"rotation_error":2.4765671833050606,"translation_error":311.9620090643779,"ADD":0,"ADD_S":0}}
{"id_image":47,"data":{"GT_R":[0.3275780566672276,0.9437688268394488,0.04465125901145177,0.48184324281537966,-0.12622058451966336,-0.8671192940525181,-0.8127238091925268,0.305563393882629,-0.49609524233091273],"GT_T":[-122.09517103252374,116.67210051078173,960.0478946976141],"R_pred":[0.3604083449194784,0.9253975306214625,0.11724007519658641,0.5350356400342503,-0.10212889425539107,-0.8386337417796346,-0.7640959944964649,0.36497821753889687,-0.5319287658292111],"T_pred":[-216.0547882205766,141.95248060016914,1270.513153940644],"rotation_error":5.450272148741532,"translation_error":325.35547402253917,"ADD":0,"ADD_S":0}}
{"id_image":48,"data":{"GT_R":[0.32864298212364684,0.9433382261112809,0.04590689556532956,0.4826042061679949,-0.12595258669875659,-0.8667352957973476,-0.8118415028119316,0.3070009751947012,-0.4966522274846541],"GT_T":[-122.34446460023509,116.5207089418772,960.0944515823851],"R_pred":[0.2984148520101493,0.9541415503014062,0.023716620505244757,0.5024073840623121,-0.1359070961637011,-0.8538829437645508,-0.8115019387157525,0.26672675756432757,-0.5199244563009086],"T_pred":[-71.7593735152638,102.17145731125443,644.8304536511233],"rotation_error":2.669806036411476,"translation_error":319.6187429642329,"ADD":0,"ADD_S":0}}
{"id_image":49,"data":{"GT_R":[0.3298718536294819,0.9429538783525089,0.044982863465537336,0.48261078171488137,-0.12749520623368402,-0.8665051475467707,-0.8113394151148592,0.3075449050598793,-0.49713739473561874],"GT_T":[-122.59143143481926,116.48558796208033,960.1911404674385],"R_pred":[0.36658889616705503,0.9211871454820171,0.13048687369123863,0.5352390129714952,-0.09409193477061117,-0.8394438080088641,-0.7610070828844628,0.3775724444524734,-0.527548357015605],"T_pred":[-76.31843267051063,104.08459742940288,657.2359031832742],"rotation_error":6.027196985496733,"translation_error":306.71949853039587,"ADD":0,"ADD_S":0}}
{"id_image":50,"data":{"GT_R":[0.329873618145194,0.9429463197365465,0.0451170753200782,0.4813285744736035,-0.1268868613851291,-0.8673072520977967,-0.8120996201194194,0.30781811631985484,-0.49572439183308115],"GT_T":[-123.37995304179611,117.12525625985513,960.2375478037409],"R_pred":[0.0682374406977242,0.9915423357129021,0.110396776112471,0.5908843545141802,-0.12932573648189738,0.7963231338305922,0.8038652444765757,0.010892675172673005,-0.5947117102850739],"T_pred":[-208.57885519898838,105.17845594202451,1209.678987948434],"rotation_error":113.01762238074876,"translation_error":263.8609691259461,"ADD":0,"ADD_S":0}}
{"id_image":51,"data":{"GT_R":[0.33072248060885573,0.9426804501419841,0.04445615414573756,0.4811183579349798,-0.1278916009927046,-0.8672764568604974,-0.8118796399860004,0.30821686331084824,-0.49583706478495276],"GT_T":[-123.71702745090917,117.58390424990803,960.180655858671],"R_pred":[0.4652585099764871,0.8587094834599486,0.21483142672897537,0.5510420033741182,-0.09103779121964634,-0.8294967336206249,-0.6927389330851104,0.5043115540871499,-0.5155411011765276],"T_pred":[-220.62668263662331,139.37033053216754,1249.0918465269347],"rotation_error":13.765508429007337,"translation_error":305.5090927152908,"ADD":0,"ADD_S":0}}
{"id_image":52,"data":{"GT_R":[0.33301272193561016,0.9418412236305445,0.04515687513626307,0.4810878239367164,-0.1285227547318673,-0.867200854124462,-0.8109608319148072,0.31051273955420367,-0.49590734518573915],"GT_T":[-124.0855043890848,117.83193456286604,960.1330475181985],"R_pred":[0.3527472118791227,0.9306575377132199,0.09719028762727205,0.46690942672795266,-0.08505122566757684,-0.8802055874879557,-0.8109038116472753,0.35586912834637613,-0.46453436013486726],"T_pred":[-75.7256948847076,104.09984191045919,648.4438572018881],"rotation_error":3.7405572893108223,"translation_error":315.71726735158325,"ADD":0,"ADD_S":0}}
{"id_image":53,"data":{"GT_R":[0.33131971119836096,0.9424436641598407,0.04503497006602156,0.480643826984431,-0.12751358253531073,-0.8675951232343687,-0.8119167228960343,0.309097232471192,-0.4952274983067125],"GT_T":[-124.55258394626335,117.49628658288819,960.4559599347577],"R_pred":[0.41875684902153354,0.8931489309591137,0.16409658291429702,0.5230506223622967,-0.0895087648048492,-0.8475884776644407,-0.7423346602739027,0.4407642999945689,-0.5046445125098727],"T_pred":[-80.71027234680736,103.97340536053368,662.6124391861144],"rotation_error":9.083234109094752,"translation_error":301.35656530907903,"ADD":0,"ADD_S":0}}
{"id_image":54,"data":{"GT_R":[0.33140685166319245,0.9423331890685435,0.04668212551976718,0.48153459171565516,-0.12638619282598548,-0.8672660488068787,-0.8113533940151407,0.3098974122618524,-0.4956513399133072],"GT_T":[-124.90107292447182,117.0367714828255,960.602008102283],"R_pred":[0.3497210120044545,0.9306183747150454,0.10791039989411522,0.564510263527825,-0.11739998030075627,-0.8170345200768006,-0.7476786583381434,0.3466506674854523,-0.5664008638743097],"T_pred":[-217.46369524534276,139.5028589051289,1258.4698592613527],"rotation_error":6.295178598684262,"translation_error":312.7264313886891,"ADD":0,"ADD_S":0}}
{"id_image":55,"data":{"GT_R":[0.3313446497192044,0.9424022922733066,0.045714919528139976,0.48209550955800906,-0.12745488553873782,-0.8667978333956905,-0.8110457382233683,0.3092475326112793,-0.49655895632055336],"GT_T":[-125.01731365875972,116.51903080345971,960.8663005078814],"R_pred":[0.37850579572789,0.9192392294631807,0.1083171344540449,0.5671253906806132,-0.1378368210587052,-0.8120158877791696,-0.7315067695146502,0.36878211694219776,-0.5734959427736798],"T_pred":[-231.20278910498521,145.5277116922458,1333.977911803768],"rotation_error":7.343385793269167,"translation_error":389.0104539038265,"ADD":0,"ADD_S":0}}
{"id_image":56,"data":{"GT_R":[0.32976829525718787,0.942969111942446,0.04542562294757597,0.483699233886978,-0.12744255165703375,-0.8659062511696121,-0.8107329636387993,0.30752010167664906,-0.49813937770581757],"GT_T":[-125.02224016944861,115.38073106382677,961.2570953695366],"R_pred":[0.30898946267777094,0.947906760819927,0.07744859421562361,0.5030245722088824,-0.09377271390774233,-0.8591699237522503,-0.8071504145499606,0.3044329990626025,-0.5057951733395408],"T_pred":[-208.65128195062823,134.5881893003984,1219.930038141724],"rotation_error":2.2610262629190396,"translation_error":272.53336383564357,"ADD":0,"ADD_S":0}}
{"id_image":57,"data":{"GT_R":[0.3291605691822598,0.9432163350361744,0.04468608081552161,0.4846633816267869,-0.12814367884164862,-0.8652633429580053,-0.8104040828211101,0.3064689306777143,-0.4993221721101791],"GT_T":[-124.96445031682129,114.26891120852765,961.3750858806349],"R_pred":[0.2732790273467577,0.9618725600890875,0.010943096457330048,0.5058305247704639,-0.13401735518560087,-0.8521589222202002,-0.8182017192739495,0.23841251363282273,-0.5231686343048789],"T_pred":[-189.01888111642427,123.39342343306645,1116.9479832418135],"rotation_error":4.157038978673774,"translation_error":168.49081049644434,"ADD":0,"ADD_S":0}}
{"id_image":58,"data":{"GT_R":[0.3301721511976455,0.9428223255954075,0.045534668743128316,0.4856612875233127,-0.1283163902536782,-0.8646776571847574,-0.8093948344412076,0.3076077629104731,-0.5002586483928609],"GT_T":[-125.36172677137266,113.66344369290586,961.1798935677949],"R_pred":[0.3258936488710492,0.9416103632428638,0.0846360056899863,0.4704935885604115,-0.08388394591995929,-0.8784072328598187,-0.8200177514841125,0.32608803634990857,-0.47035888404536486],"T_pred":[-191.18884609918805,126.03638973211945,1119.007329401217],"rotation_error":2.94651437033982,"translation_error":171.45203100121242,"ADD":0,"ADD_S":0}}
{"id_image":59,"data":{"GT_R":[0.33144731024994223,0.9423840756603336,0.04533583713988102,0.48589645996644426,-0.1293114175113271,-0.8643977051785128,-0.8087323289062632,0.30853106198251007,-0.5007608394556932],"GT_T":[-125.61680068983398,113.42614505874874,961.0024788548639],"R_pred":[0.4395404660630936,0.8829466648938875,0.16495261636542768,0.5292603387357107,-0.10620865458017725,-0.8417857301793785,-0.7257325075634959,0.45730176978121334,-0.5139916524814101],"T_pred":[-212.65431462208753,130.3040899390762,1198.1703365343033],"rotation_error":10.072077900178472,"translation_error":253.19752481243853,"ADD":0,"ADD_S":0}}
{"id_image":60,"data":{"GT_R":[0.332775218655815,0.9418751536776929,0.04617402999531469,0.48586229489911925,-0.12928420904056978,-0.8644214962372512,-0.8082070193029358,0.31009205632781317,-0.5006435565897304],"GT_T":[-126.94098690187747,113.01814365066814,960.6964779121013],"R_pred":[0.36686984926505894,0.9251649614262228,0.09734632940922194,0.563090355154566,-0.13755006694723193,-0.8148676156374831,-0.7404969720614244,0.3537651385199335,-0.5714144390333817],"T_pred":[-220.77461013961755,133.47767570656572,1254.8664080915803],"rotation_error":6.285855246402871,"translation_error":309.44997838692444,"ADD":0,"ADD_S":0}}
{"id_image":61,"data":{"GT_R":[0.33393568975520804,0.9414883537989717,0.045689145944478884,0.4859318467070267,-0.13041558762062086,-0.8642116951540442,-0.8076863059746234,0.3107932143087743,-0.5010494339174727],"GT_T":[-127.46721660458188,112.60365349652757,960.4335816051735],"R_pred":[0.453777262248531,0.8689697723974269,0.1974277866101742,0.5623749517427042,-0.10739875156372874,-0.8198779920298775,-0.6912456943219389,0.48307043256870613,-0.5374219452713704],"T_pred":[-230.3833116602921,136.81308496873208,1282.2982236740568],"rotation_error":12.548112839392795,"translation_error":338.7841008782049,"ADD":0,"ADD_S":0}}
{"id_image":62,"data":{"GT_R":[0.33347307198422554,0.9415503501043722,0.04775193700126069,0.4860758686916825,-0.12831434780481474,-0.8644459875291232,-0.8077909058890456,0.31148079752049534,-0.5004530760380091],"GT_T":[-128.11963015226297,112.47468628759448,960.0166582752396],"R_pred":[0.050479009235905314,0.971058993032543,0.23344442952699793,0.6945236795112592,-0.2021015345418744,0.6905011428911336,0.7176968219413429,0.12727687058709275,-0.6846253500921894],"T_pred":[-217.0031315680313,102.03674459804496,1222.3611221191202],"rotation_error":104.13979813168486,"translation_error":277.18918658593896,"ADD":0,"ADD_S":0}}
{"id_image":63,"data":{"GT_R":[0.33474578099210445,0.9410654501631905,0.04839215511905984,0.4862760782743838,-0.12852827537172815,-0.8643009615176082,-0.8071435600135208,0.3128529867926493,-0.5006419133798762],"GT_T":[-129.50561216693936,112.00426160045,959.6082190852562],"R_pred":[0.33479106274193293,0.9393042696896557,0.07498288638689621,0.5289099864353445,-0.12146560397763106,-0.8399406724878331,-0.7798520183708518,0.3208638278041515,-0.5374730071824786],"T_pred":[-229.28064821690535,134.4574298897477,1278.6687813402173],"rotation_error":2.9597545258232283,"translation_error":335.0505110747504,"ADD":0,"ADD_S":0}}
{"id_image":64,"data":{"GT_R":[0.3354454340776396,0.9408384825112713,0.04796097569086855,0.48598016494184704,-0.12920849818524283,-0.8643661171396845,-0.8070315729721593,0.3132558897275829,-0.5005713542550694],"GT_T":[-130.57965445323202,111.4743806547874,959.393253643204],"R_pred":[0.26971774935832027,0.962513487248833,0.02863778177814741,0.49955092836182513,-0.11443652417184957,-0.8586926993449426,-0.8232260963149314,0.24591069273123572,-0.5116900678599526],"T_pred":[-202.98488844337552,123.44657165509359,1148.6029860380243],"rotation_error":4.155737927504058,"translation_error":202.94377078253652,"ADD":0,"ADD_S":0}}
