{"id_image":1,"data":{"Best_template_id":35,"GT_R":[0.7156034313035415,-0.6905271425286577,0.10528439216194085,-0.36956131073920656,-0.5021849746335921,-0.7818152935374744,0.5927367974791282,0.5205605945455828,-0.6145570298991582],"GT_T":[64.59990016132299,9.812737488074465,1059.6191854368428],"R_pred":[0.7539070151583627,-0.6518164112798804,-0.08221665574095832,-0.45735573273843333,-0.43086450055615133,-0.7779341333890609,0.47164599672455626,0.6240922593228636,-0.6229437419438321],"T_pred":[77.38729250908517,23.981703509118642,1063.8460766859419],"rotation_error":11.21494198141964,"translation_error":19.548493824149755,"ADD":0,"ADD_S":1}}
{"id_image":24,"data":{"Best_template_id":35,"GT_R":[0.7189865307158819,-0.6883082986576844,0.09638844962798679,-0.37018746680189857,-0.4966236497566989,-0.785064407135463,0.5882349560658625,0.5287683775392097,-0.6118693051186346],"GT_T":[64.49262216635441,14.406239777765823,1062.449434877295],"R_pred":[0.756307709640038,-0.6540303562623178,0.015586578406621365,-0.37416837773105227,-0.45197876909388757,-0.8097612101073296,0.5366532152565124,0.6065966414148366,-0.5865525050488553],"T_pred":[60.365485825057114,28.054785897329374,881.270216668639],"rotation_error":5.883930801393535,"translation_error":181.7394430943853,"ADD":0,"ADD_S":0}}
{"id_image":38,"data":{"Best_template_id":35,"GT_R":[0.7245177548876391,-0.6833447517897654,0.09008365873946958,-0.3691409669219383,-0.4950693029674306,-0.7865375814418096,0.5820741082515477,0.5366067225965419,-0.610937166724834],"GT_T":[64.74014154948217,18.89155816986809,1064.7441500856216],"R_pred":[0.7751474334901391,-0.6289434041178723,0.05980510655682081,-0.2978395868433034,-0.4472681520585633,-0.8433521095385534,0.5571696661365013,0.6359098950093012,-0.5340230037803607],"T_pred":[60.402557961891176,31.90335598151823,877.5678930536274],"rotation_error":7.412866050813045,"translation_error":187.6781092993474,"ADD":0,"ADD_S":0}}
{"id_image":49,"data":{"Best_template_id":35,"GT_R":[0.7263127444537475,-0.6809625562280001,0.09359773348394736,-0.36107197209283404,-0.4938455602047201,-0.7910399101322396,0.5848908858289594,0.540746745975256,-0.6045626203585448],"GT_T":[54.07707326664848,29.23475135353249,1065.1931224734542],"R_pred":[0.7377613370609173,-0.6585855033533116,-0.1482340861979886,-0.5357102074426284,-0.43756473957029624,-0.722185344857229,0.4107587895345194,0.6122109386948619,-0.6756293239362042],"T_pred":[64.12435191347205,46.012238027250994,1058.305235390126],"rotation_error":15.09394513311187,"translation_error":20.73342363832849,"ADD":0,"ADD_S":1}}
{"id_image":61,"data":{"Best_template_id":35,"GT_R":[0.7355812418712607,-0.6709734962029694,0.09335570413561153,-0.3509559461309823,-0.49531385698188285,-0.7946655564315502,0.5794403161210592,0.5517776692468152,-0.5998259324595543],"GT_T":[54.752247139650194,35.97069534817034,1066.0640309452162],"R_pred":[0.6585791483823088,-0.7515589020842638,-0.037851314560112426,-0.5967027160117134,-0.49091097206966383,-0.6347852284086816,0.458496863697318,0.44064229733369176,-0.7717609680336324],"T_pred":[82.77669495341121,53.77227418618229,1272.9589063307517],"rotation_error":16.870658711086303,"translation_error":209.5417747018203,"ADD":0,"ADD_S":0}}
{"id_image":74,"data":{"Best_template_id":35,"GT_R":[0.7428113812293435,-0.662959249748028,0.09335923277489944,-0.34110522126672876,-0.4947485202150796,-0.7992939909024881,0.5760893358413108,0.561879700178615,-0.5936435371293736],"GT_T":[52.945355969831425,46.90600789363663,1064.5939080524981],"R_pred":[0.750430162551413,-0.6022090325560913,-0.27239466265130075,-0.5642331847908898,-0.36904505103031593,-0.7385436097420118,0.3442317305446855,0.7079195091377889,-0.6167288579824387],"T_pred":[69.98928753623814,61.83990770670991,1055.3672986270283],"rotation_error":21.6593494132422,"translation_error":24.46726973647519,"ADD":0,"ADD_S":1}}
{"id_image":81,"data":{"Best_template_id":35,"GT_R":[0.7397584209609047,-0.6673012502475496,0.0864073693612422,-0.3538522143164945,-0.4950294836238771,-0.7935585750738163,0.5723168222419124,0.5564661908934196,-0.6023281069908857],"GT_T":[42.78769260448346,29.9592921409593,1060.198935600481],"R_pred":[0.8173193532192323,-0.5399929276658023,-0.2009893353494433,-0.4329437777526496,-0.34538189685683585,-0.8326289873820382,0.3801956866648538,0.767540867572854,-0.5160738866160065],"T_pred":[59.131232863917205,46.17920113231725,1100.0075264435195],"rotation_error":19.26105185229707,"translation_error":45.9882665558087,"ADD":0,"ADD_S":0}}
{"id_image":88,"data":{"Best_template_id":35,"GT_R":[0.7343435581511,-0.6749089985577762,0.07237493436867348,-0.36950957812378116,-0.48692081545294996,-0.7914363536187123,0.569388004960223,0.5544425557416934,-0.6069520983532601],"GT_T":[31.345881157883156,24.441528456607397,1060.6376872227477],"R_pred":[0.7495548824327074,-0.6565110133747217,-0.0846213184663637,-0.3901874724253983,-0.33493901439802853,-0.8576535390216472,0.5347160130233326,0.6758765759750615,-0.5072175464873608],"T_pred":[34.79129048962604,39.76707162025322,892.3507780784938],"rotation_error":11.407747411227591,"translation_error":169.018421800851,"ADD":0,"ADD_S":0}}
{"id_image":119,"data":{"Best_template_id":35,"GT_R":[0.7510337531077802,-0.656764281260967,0.06788575685680304,-0.36217730959435607,-0.49575188801345377,-0.7893396180245708,0.5520650441304029,0.568234833586156,-0.6101923377746343],"GT_T":[27.96429830425398,18.755348094630236,1053.7425816463008],"R_pred":[0.7101054202782119,-0.7040661440708501,-0.006415361619505511,-0.46410968247141093,-0.461199930922751,-0.7562386041145585,0.5294832336606988,0.5399865632495447,-0.6542644853437752],"T_pred":[38.04408280694445,33.57004721991122,1081.4937680642563],"rotation_error":6.455620792221456,"translation_error":33.033402994505416,"ADD":0,"ADD_S":0}}
{"id_image":246,"data":{"Best_template_id":35,"GT_R":[0.8202245457618806,-0.5670759692337112,0.07520724920076952,-0.29963372028115437,-0.5378956361671987,-0.7879644308979863,0.4872891187918041,0.6237739226391994,-0.6111100961108792],"GT_T":[28.711605383481242,-5.470721976204709,1013.4972930811864],"R_pred":[0.7666370606206668,-0.6414363847527645,-0.028757287740798165,-0.457511543571674,-0.5142912410830329,-0.7253879698781459,0.45050061573938827,0.5692660921402021,-0.6877392758581227],"T_pred":[38.435604758833854,6.607842333851817,1120.6942982373544],"rotation_error":9.836662914285542,"translation_error":108.31272221717784,"ADD":0,"ADD_S":0}}
{"id_image":483,"data":{"Best_template_id":35,"GT_R":[0.871160128072036,-0.48640188155323966,0.06702679680303048,-0.20580654637486623,-0.48567656488383937,-0.8495661620413824,0.44578411793367684,0.7263137921024184,-0.5232068217079524],"GT_T":[37.4158082604434,54.81998329773196,964.5723284768035],"R_pred":[0.8495424508277847,-0.527233971191894,-0.0173771074332581,-0.3001514781633382,-0.4560261205716332,-0.8378241268385327,0.43380492666391535,0.716982926559351,-0.5456636039030858],"T_pred":[41.1284551435748,66.28281487446596,949.8853206120187],"rotation_error":5.719162025951966,"translation_error":18.997064369413604,"ADD":0,"ADD_S":1}}
{"id_image":518,"data":{"Best_template_id":35,"GT_R":[0.8725756606264715,-0.48430736699525667,0.06369929643129645,-0.20104751047414118,-0.4749135150341013,-0.8567601962568269,0.4451867466506116,0.7347812838669379,-0.5117663810321448],"GT_T":[22.202711230768955,62.819282814072444,954.2989780220043],"R_pred":[0.8385025090960928,-0.5020333588077318,-0.21183967731230882,-0.4419136887651952,-0.39908708092423084,-0.8033939217602497,0.3187880705445141,0.7672626724164309,-0.5564909321767089],"T_pred":[36.68700702685899,83.34824117040344,1098.7337181252203],"rotation_error":16.41515183312178,"translation_error":146.60363946569726,"ADD":0,"ADD_S":0}}
{"id_image":526,"data":{"Best_template_id":35,"GT_R":[0.8718051750167126,-0.48597652868801766,0.06149862846250642,-0.20253756077564644,-0.4719215386517214,-0.8580609695717968,0.44602018600337817,0.7356069038742302,-0.5098518317451787],"GT_T":[14.513013138664759,64.97108263751714,950.1859507245649],"R_pred":[0.8564904586178078,-0.5159547703207931,0.014655008695869137,-0.2328199707792721,-0.41151198655843957,-0.8811655611319963,0.4606722864499201,0.7512979168758188,-0.4725806646436759],"T_pred":[13.37846913386343,71.06609446397812,844.884033732821],"rotation_error":4.108187830126221,"translation_error":105.48426461515321,"ADD":0,"ADD_S":0}}
{"id_image":528,"data":{"Best_template_id":35,"GT_R":[0.8718777004795158,-0.4855952257228834,0.0634498780628766,-0.20110519706389135,-0.4731538618459835,-0.8577189905440673,0.4465262861162133,0.735066706651893,-0.5101877551285598],"GT_T":[12.488020467920013,66.34094280462477,949.052603883641],"R_pred":[0.8451422662613401,-0.5345337524410235,0.0028665798375484275,-0.24651676198081016,-0.39451063569755557,-0.8852066676115852,0.47430373795822345,0.7474189091953919,-0.4651891425388471],"T_pred":[12.578026452799646,71.93192075860868,833.9586248843358],"rotation_error":5.54718205738417,"translation_error":115.2297320028636,"ADD":0,"ADD_S":0}}
{"id_image":537,"data":{"Best_template_id":35,"GT_R":[0.8732654435198447,-0.48358123125403596,0.05964021157995129,-0.20303231980139805,-0.47241841156308145,-0.8576711563183057,0.44292842057180215,0.7368649229920975,-0.5107289274270569],"GT_T":[10.152943706819851,61.84186672553934,944.6996230023742],"R_pred":[0.866587431204825,-0.49871216644852606,-0.017674815813463196,-0.23305115980966767,-0.3731344531518732,-0.8980299754364669,0.4412633918525204,0.78234062588317,-0.43957907605292007],"T_pred":[8.683612553839186,65.10571666271876,779.0883878064834],"rotation_error":6.507339133025866,"translation_error":165.64991057515908,"ADD":0,"ADD_S":0}}
{"id_image":541,"data":{"Best_template_id":35,"GT_R":[0.875887072487947,-0.47908553872170034,0.0574367017141343,-0.20295283814837556,-0.4737844032752393,-0.8569352262716557,0.43775812847656015,0.7389220135436841,-0.5122138341203558],"GT_T":[13.638871416416361,58.56893575954189,943.6128337289151],"R_pred":[0.8422675391957689,-0.4923129019886907,-0.21957549715889874,-0.4118462250592624,-0.32488362642939805,-0.8513714325619098,0.34780465684280176,0.8075138610658997,-0.47639614278969955],"T_pred":[28.544971176557937,79.94153793597039,1099.559971974836],"rotation_error":16.15544924139766,"translation_error":158.10910745729828,"ADD":0,"ADD_S":0}}
{"id_image":553,"data":{"Best_template_id":35,"GT_R":[0.8801902611360283,-0.4725100429495735,0.04470743720274912,-0.21332741026571483,-0.47800441550517014,-0.852058809800272,0.42397676293412456,0.7404367140619535,-0.5215335583860735],"GT_T":[17.53264598351477,47.354498581569615,940.2531360367793],"R_pred":[0.8193094870188754,-0.5177550525955543,-0.2462958992607091,-0.47098580578702276,-0.3627985349517055,-0.804083076419374,0.32696228410631006,0.7747947654370613,-0.5410995622095011],"T_pred":[34.576375886640314,68.91730566568232,1196.3793554934366],"rotation_error":17.41600934598705,"translation_error":257.59674623627745,"ADD":0,"ADD_S":0}}
{"id_image":554,"data":{"Best_template_id":35,"GT_R":[0.8802151547772288,-0.472532657073966,0.043975841682758726,-0.21424629996502426,-0.47834602674386484,-0.8516363642672744,0.4234617132300637,0.740201717953747,-0.5222859162236935],"GT_T":[17.122274974396973,46.86647843755239,939.6338440235661],"R_pred":[0.8765693211633625,-0.48083970812803434,0.02047926469746228,-0.20572488213466486,-0.41282532558023827,-0.8872725192578933,0.43509021830636485,0.773542775576708,-0.46079070768322006],"T_pred":[14.019876080909754,53.033877669384054,796.6266675022929],"rotation_error":4.3071311616348265,"translation_error":143.17372045443852,"ADD":0,"ADD_S":0}}
{"id_image":565,"data":{"Best_template_id":35,"GT_R":[0.8817978325693291,-0.4692427004744292,0.047366881755128175,-0.2123015141369155,-0.4846132506910188,-0.8485740923394721,0.42114167791060225,0.7382144673357358,-0.526952109869827],"GT_T":[14.10456397715595,46.60710654483047,931.7899750861661],"R_pred":[0.8799715665189622,-0.47167151521375067,-0.056356222851864285,-0.26705705034963384,-0.393106661750658,-0.8798566271534285,0.3928493018661451,0.7892991411519581,-0.4718858885366928],"T_pred":[13.566462308370621,53.112387085822604,794.054215828044],"rotation_error":6.970061246815217,"translation_error":137.89034631450576,"ADD":0,"ADD_S":0}}
{"id_image":574,"data":{"Best_template_id":35,"GT_R":[0.8863531845063943,-0.46038383314931836,0.04925116191578466,-0.20916969847942538,-0.4930451380990212,-0.8444849077126,0.4130699322239616,0.7382093596859554,-0.5333108922053589],"GT_T":[18.667824588492348,41.944714243372594,923.3673204702337],"R_pred":[0.9215197223016223,-0.3746641548621743,-0.10211842375670417,-0.22351458058149842,-0.29669674650090455,-0.9284461604655677,0.3175572919594478,0.8784064046198609,-0.35715480487624884],"T_pred":[28.336280943734508,60.555735335823734,1040.4532938715752],"rotation_error":15.045089777692137,"translation_error":118.9494612082649,"ADD":0,"ADD_S":0}}
{"id_image":575,"data":{"Best_template_id":35,"GT_R":[0.8862481252903275,-0.4603731838707627,0.05118915388124211,-0.20887595108247453,-0.49582494546263256,-0.8429289540555402,0.4134425935235279,0.7363518058110435,-0.5355851648628284],"GT_T":[19.140519488700683,41.28295259467644,922.5625024157467],"R_pred":[0.8472275177376003,-0.5308385454251416,0.020395388672541426,-0.2473861530075608,-0.4282262802013279,-0.8691503576741216,0.47011235304797505,0.7313225633301995,-0.4941271940258322],"T_pred":[17.710351529488722,49.613315317986256,862.0926750998269],"rotation_error":5.606014909496775,"translation_error":61.057680426876914,"ADD":0,"ADD_S":0}}
{"id_image":584,"data":{"Best_template_id":35,"GT_R":[0.888498512412246,-0.4553050799247194,0.057161112159824085,-0.20366275757249325,-0.5028934762313703,-0.8400121316775003,0.41120779995565004,0.7347080783885367,-0.5395482503177174],"GT_T":[16.607855723261277,42.82762823691568,913.9017399706897],"R_pred":[0.8271061093190244,-0.5577992607136857,0.06895990628192133,-0.22478551919039083,-0.44074930969737336,-0.8690290653157668,0.5151378012623924,0.7032780607615701,-0.48993164315238236],"T_pred":[14.264865183188027,52.43031003648483,888.9430685891342],"rotation_error":7.45523566434773,"translation_error":26.84467134362289,"ADD":0,"ADD_S":1}}
{"id_image":592,"data":{"Best_template_id":35,"GT_R":[0.8887534968986205,-0.4543557561400409,0.06065440397854729,-0.19918985052320246,-0.5019832864694874,-0.8416274086128228,0.41284537833564705,0.7359168721779276,-0.5366424950045796],"GT_T":[14.06961984099197,55.20246995920823,909.6971566794354],"R_pred":[0.8548745746741219,-0.5152849247722732,0.06058801761216842,-0.22392851983135373,-0.47177919327962375,-0.8528073702745342,0.4680229477086339,0.7154759528389898,-0.5186990276906841],"T_pred":[13.237325400381748,64.10944630844597,893.8653173624921],"rotation_error":4.111085772706653,"translation_error":18.184446042683344,"ADD":0,"ADD_S":1}}
{"id_image":597,"data":{"Best_template_id":35,"GT_R":[0.8900808984267424,-0.4517181394493682,0.06089016821933593,-0.19785828911730222,-0.5032553516129111,-0.8411818429166693,0.4106201474544395,0.7366719629026863,-0.5373141545932822],"GT_T":[15.962729213328233,55.515111699906875,907.4452383984794],"R_pred":[0.840629555701835,-0.5367607133306084,0.07231795562204157,-0.20930009550024342,-0.4450952518851087,-0.8706800139964856,0.49953520406886653,0.7167831983062576,-0.4865042923980505],"T_pred":[12.368637033840605,63.0943500963363,865.0266050391862],"rotation_error":6.418485991946629,"translation_error":43.24006023740846,"ADD":0,"ADD_S":0}}
{"id_image":606,"data":{"Best_template_id":35,"GT_R":[0.8915982119462293,-0.44927660225614313,0.05660727276465568,-0.20270730212056753,-0.507773661381121,-0.8373022589510326,0.40492419684180986,0.7350627165875508,-0.543801878210341],"GT_T":[16.31686266892088,51.64530645981329,900.584494732032],"R_pred":[0.8866998248930242,-0.46229675367140155,0.006718041348786313,-0.2102637757618225,-0.4161482482561823,-0.8846523498390162,0.4117676105973642,0.783008522953738,-0.46620283980767757],"T_pred":[13.48823758063587,57.58379198113566,805.2904748140829],"rotation_error":5.976618656742303,"translation_error":95.52076717813516,"ADD":0,"ADD_S":0}}
{"id_image":610,"data":{"Best_template_id":35,"GT_R":[0.8931928908233574,-0.44601155811878634,0.05727439812411342,-0.20275104921087442,-0.5131337850205147,-0.834017995259279,0.4013709636630103,0.7333262559414153,-0.548756462687729],"GT_T":[20.087092243511027,48.01043034871044,895.5661536116754],"R_pred":[0.8837017602642526,-0.4678779599740055,0.01270486034651011,-0.2236332491378804,-0.445920152911309,-0.8666852872338318,0.41116829739888283,0.7630500847245334,-0.4986934924540184],"T_pred":[16.424517160929728,54.23467417829825,829.8674404503548],"rotation_error":4.450525095882738,"translation_error":66.09445194976041,"ADD":0,"ADD_S":0}}
{"id_image":613,"data":{"Best_template_id":35,"GT_R":[0.8935872580153283,-0.44466638369423767,0.06142418889875936,-0.19925001939830914,-0.5155261923177655,-0.833385708869961,0.40224467168384953,0.7324646187456443,-0.5492677569854524],"GT_T":[20.185008221333792,48.728860002299726,891.4171202094449],"R_pred":[0.8870995387007303,-0.3732008826045073,-0.27161647531062716,-0.41749344612289335,-0.39777520878528533,-0.8169908847228674,0.1968594190822033,0.8381503352615446,-0.5086751267946743],"T_pred":[30.686651290563844,66.25244909573651,1029.9784998386945],"rotation_error":19.64524551089209,"translation_error":140.05933245103714,"ADD":0,"ADD_S":0}}
{"id_image":621,"data":{"Best_template_id":35,"GT_R":[0.8963961850427975,-0.43857888125656813,0.06420963102157738,-0.19511245852755962,-0.5204859566261658,-0.8312801912270966,0.39800189981559303,0.7326279382419983,-0.5521335674972787],"GT_T":[24.127014147813245,50.51233585268656,882.595183870108],"R_pred":[0.8660296132207699,-0.4378736190926245,-0.24136984635080325,-0.4107565809474338,-0.3478238720012596,-0.8427915431910938,0.28508198861565687,0.8290266870063824,-0.48108524400376695],"T_pred":[34.83018430147731,67.33813717974283,1032.9741529893236],"rotation_error":18.095415496776276,"translation_error":151.69541784442214,"ADD":0,"ADD_S":0}}
{"id_image":790,"data":{"Best_template_id":35,"GT_R":[0.9456232961542598,-0.3228700135577776,0.03939122016326642,-0.14018335701079768,-0.5138284887429738,-0.8463622039927671,0.29350548506685303,0.7948184112697831,-0.5311492991868939],"GT_T":[63.13109043231335,55.76085164003709,794.1333536234323],"R_pred":[0.9488671708222816,-0.2862317297831109,-0.13312583896857755,-0.22412132803277413,-0.3138503501810772,-0.9226416357459926,0.2223077201910566,0.9053006984182568,-0.36195292924201],"T_pred":[62.651788183697306,67.17652073882371,841.9404430004746],"rotation_error":14.640201394819114,"translation_error":49.15348437621723,"ADD":0,"ADD_S":0}}
{"id_image":844,"data":{"Best_template_id":35,"GT_R":[0.9688372204916933,-0.24629329163956032,0.026363648102180864,-0.1077675115487916,-0.5149545644604046,-0.8504160119790086,0.2230272929144855,0.8210737615569188,-0.5254500020752606],"GT_T":[20.583059094451855,67.72452431004534,795.0817859146305],"R_pred":[0.891276868826124,-0.34206462116034386,-0.2976866440503021,-0.42788338824365124,-0.4170524364762968,-0.8018622520697163,0.150137767269377,0.8420564471456857,-0.5180729588192685],"T_pred":[23.19297514783956,93.08263534950571,1037.8020628789477],"rotation_error":19.96602639055844,"translation_error":244.05527715443932,"ADD":0,"ADD_S":0}}
{"id_image":978,"data":{"Best_template_id":35,"GT_R":[0.9992202604060709,-0.03758834030781168,0.012097899046780044,-0.009740762453774641,-0.5315404883795483,-0.8469767434801284,0.03826705436134098,0.8461982913258596,-0.5314925199436366],"GT_T":[68.25206255900764,43.7343161465636,794.9045713372724],"R_pred":[0.9797617208326573,-0.19630848523681263,0.0391145626980368,-0.04617610116633902,-0.41180021349888396,-0.9101034841397706,0.19476842165019093,0.8898783977523568,-0.41253084629102793],"T_pred":[80.7118507090226,65.17496341855308,1038.5408599767277],"rotation_error":11.93738084210021,"translation_error":244.895056745115,"ADD":0,"ADD_S":0}}
{"id_image":1026,"data":{"Best_template_id":35,"GT_R":[0.9990132788359418,-0.037492732213927835,-0.023813921625848222,-0.03984736954070423,-0.5196837978265904,-0.8534295344014078,0.0196222460439126,0.8535360251392138,-0.5206643088334538],"GT_T":[45.95820008053945,56.32556316687909,788.5260957331566],"R_pred":[0.9297285072601658,-0.17962288335619936,-0.3214662074971324,-0.3645045631205127,-0.32477606153519134,-0.872729587740678,0.052357676152674504,0.9285774763736707,-0.3674269235091474],"T_pred":[46.851469803254574,70.44494034652062,836.8734567168018],"rotation_error":21.85733749201135,"translation_error":50.37481570012343,"ADD":0,"ADD_S":0}}
{"id_image":1028,"data":{"Best_template_id":35,"GT_R":[0.9989682793509512,-0.03641897846144523,-0.027131330027490186,-0.0421266448498248,-0.5199103460863705,-0.8531815337124647,0.016966988281072407,0.8534444066015374,-0.5209082860578836],"GT_T":[45.80720311271444,56.17409507987584,787.2342887999464],"R_pred":[0.8172915161880538,-0.1401949219185553,-0.5589096183062898,-0.5733048916025741,-0.2953545196036435,-0.7642559839571175,-0.05793167382005332,0.945045550022829,-0.32176517765360474],"T_pred":[56.56103660408489,69.51451782054662,871.1223146737661],"rotation_error":34.9328480969874,"translation_error":85.62016525717863,"ADD":0,"ADD_S":0}}
{"id_image":1035,"data":{"Best_template_id":35,"GT_R":[0.9984507990417854,-0.04223114388799655,-0.03624466434215233,-0.05301966560238277,-0.523881881322274,-0.8501397536169373,0.016914296373662176,0.8507435455055432,-0.525308716832836],"GT_T":[36.523553438489124,52.905277583408065,784.0745277912933],"R_pred":[0.982849329934592,-0.11050990770219726,-0.14763046754235612,-0.1735640987817052,-0.2838383693411713,-0.943033023654972,0.06231130123193793,0.9524827244571927,-0.29815090365347885],"T_pred":[25.751272726741853,60.86222734020481,740.2579959506822],"rotation_error":16.367476516200046,"translation_error":45.817502591304084,"ADD":0,"ADD_S":0}}
{"id_image":1040,"data":{"Best_template_id":35,"GT_R":[0.9980361232627765,-0.0452483858581476,-0.04331442456560221,-0.06067168752372743,-0.5264371977507813,-0.8480467930694947,0.015570290000346586,0.8490089140930194,-0.5281489456045055],"GT_T":[31.77188160119567,50.29012520696333,783.1548017599844],"R_pred":[0.9620636500574421,-0.19004232579153532,-0.19574842948513438,-0.2689708960157685,-0.540504293272963,-0.7971886640250032,0.045696721267803456,0.8195968663686062,-0.5711153879069745],"T_pred":[28.667004534925418,58.61657080207104,854.3423937654542],"rotation_error":12.531143024403855,"translation_error":71.74010881914084,"ADD":0,"ADD_S":0}}
{"id_image":1046,"data":{"Best_template_id":35,"GT_R":[0.9980404154523874,-0.04079891356464318,-0.04743872595523124,-0.061862293686100016,-0.5297141549785077,-0.8459178669957926,0.009383689588947555,0.8471947061240047,-0.5312002300953659],"GT_T":[32.87375598737351,48.14747265576241,779.4940731284269],"R_pred":[0.9399525210453257,-0.1981097088598373,-0.2779240929390726,-0.33953662073994256,-0.45997550733502107,-0.8204495205851425,0.03470074000704024,0.8655490026031802,-0.49962063882069896],"T_pred":[37.71871312795596,64.0647260746582,961.3418562168459],"rotation_error":16.55600273962056,"translation_error":182.60736233862025,"ADD":0,"ADD_S":0}}
{"id_image":1054,"data":{"Best_template_id":35,"GT_R":[0.9983849633930388,-0.028318805116339767,-0.04925768696424691,-0.05677020572798386,-0.5328906126637152,-0.8442775152351085,-0.002339596722613567,0.8457103364336975,-0.5336372106646671],"GT_T":[37.59362923749158,47.55513138107228,773.5629441955218],"R_pred":[0.9745470568108118,-0.2064984659069098,-0.08727208969353822,-0.18018504837587757,-0.4898749997127058,-0.8529688347168725,0.1333843409218894,0.84698339312797,-0.5146141752441958],"T_pred":[28.149754086105244,54.384839122862715,783.8979353679101],"rotation_error":10.711827721330835,"translation_error":15.577025654680952,"ADD":0,"ADD_S":1}}
{"id_image":1057,"data":{"Best_template_id":35,"GT_R":[0.9982271147841473,-0.027361457162457158,-0.052856307320086816,-0.059284106125973964,-0.5358473778912994,-0.8422309732846887,-0.005277748946982877,0.8438717571242766,-0.5365193887375022],"GT_T":[37.013789149909755,46.453401680725804,770.7885537866944],"R_pred":[0.7441784089884796,-0.13474483438011692,0.6542494365326189,-0.6513799639980751,-0.3633864982279174,0.6660738663297922,0.1479953989056444,-0.9218427645284885,-0.3581944714665939],"T_pred":[11.951700151210325,16.308909420762795,776.5183819211256],"rotation_error":126.9489732871474,"translation_error":39.61855182915979,"ADD":0,"ADD_S":0}}
{"id_image":1066,"data":{"Best_template_id":35,"GT_R":[0.9985443257881218,0.0062798979666936405,-0.05357496135969224,-0.041817911405016436,-0.5372466766733384,-0.8423874454366881,-0.03407306139420124,0.8434021090933868,-0.5362026492345705],"GT_T":[54.06776515489989,46.31856240215601,769.7327923342006],"R_pred":[0.9842233769110535,-0.17643635207097944,-0.013212040330233557,-0.06171845070953016,-0.4123503573811713,0.9089323493030906,-0.16581669754224881,-0.8937770395548913,-0.41673423951083827],"T_pred":[65.95622785471093,27.52502878785818,1104.1950299490723],"rotation_error":122.81571429614131,"translation_error":335.20071724479266,"ADD":0,"ADD_S":0}}
{"id_image":1071,"data":{"Best_template_id":35,"GT_R":[0.998537486624856,0.025055316274205357,-0.04791634225852317,-0.027107538123716676,-0.5348000640285583,-0.8445432841196849,-0.04678599463191129,0.8446068945712849,-0.5333393031279693],"GT_T":[58.283611252875815,49.18385087103718,771.8750158141477],"R_pred":[0.9723136302704064,-0.2283068279653775,-0.04982164885640462,-0.17215697053468032,-0.5556864893906285,-0.8133723028263503,0.15801323326451042,0.7994301206566502,-0.5796061596465215],"T_pred":[60.71261832555715,64.27611686446608,967.8892362452281],"rotation_error":14.84188888720764,"translation_error":196.609387312457,"ADD":0,"ADD_S":0}}
{"id_image":1073,"data":{"Best_template_id":35,"GT_R":[0.9983958266978263,0.03001216017459923,-0.04800346652350194,-0.024661210017921327,-0.532682265560688,-0.8459561216236687,-0.05095972431849195,0.8457827964932972,-0.5310875195808331],"GT_T":[57.22031520665536,52.12693677005833,772.7818697525249],"R_pred":[0.9176012413026878,-0.17201074726721846,0.3583577329768957,-0.3971895378568946,-0.3610132442836322,0.8437475383483102,-0.01576175678005215,-0.916559730883034,-0.39958707029485685],"T_pred":[45.121780225470246,27.968992448923487,892.4256253053101],"rotation_error":126.16055561254333,"translation_error":122.65646768633367,"ADD":0,"ADD_S":0}}
{"id_image":1076,"data":{"Best_template_id":35,"GT_R":[0.9980059018225513,0.03738645459440588,-0.05086684521476804,-0.02340403914820418,-0.5292307690125505,-0.848155044017623,-0.05862950201357216,0.8476543353938438,-0.5272998986645914],"GT_T":[57.09664929659669,56.33763580659044,775.1044089430989],"R_pred":[0.9476925918335398,-0.11957667186145737,-0.2959394717342801,-0.3191512437861177,-0.3683846168606658,-0.8731753876800435,-0.0046081420986631705,0.9219512967651587,-0.38727841589667855],"T_pred":[58.74728115711309,71.2466169903292,854.1235921140461],"rotation_error":19.49151517670511,"translation_error":80.43030283717539,"ADD":0,"ADD_S":0}}
{"id_image":1078,"data":{"Best_template_id":35,"GT_R":[0.9979034530471778,0.03990644289606797,-0.0509570360427113,-0.022294976398430484,-0.5271708549548755,-0.8494666076618267,-0.0607627374745723,0.8488221935243991,-0.525175500407884],"GT_T":[54.95267709763166,58.48650292899105,776.2832869476786],"R_pred":[0.9039466208217034,-0.06504883029659891,-0.4226690861443134,-0.42005574083656844,-0.3204384414468103,-0.8490420365525968,-0.08021023186144291,0.9450332559863615,-0.31698338092800726],"T_pred":[60.12152944271419,76.59199625320858,878.2815490045263],"rotation_error":26.23167873396093,"translation_error":103.72160520207893,"ADD":0,"ADD_S":0}}
{"id_image":1081,"data":{"Best_template_id":35,"GT_R":[0.9978828524941227,0.04192044697501617,-0.04972099704362931,-0.02025782539833793,-0.5261410334096197,-0.85015654684385,-0.061798664466716405,0.8493633167612642,-0.5241783294999347],"GT_T":[48.96153336753414,60.932757287522826,777.7130303402284],"R_pred":[0.9249048787313945,-0.051398805313098955,-0.37670827985491756,-0.3735190799822765,-0.307750722101415,-0.8750845615911935,-0.07095394413320855,0.9500777104313329,-0.30383857877744513],"T_pred":[49.72685532305733,77.59504795742774,859.5222752445502],"rotation_error":24.246112422161094,"translation_error":83.49233617452144,"ADD":0,"ADD_S":0}}
{"id_image":1082,"data":{"Best_template_id":35,"GT_R":[0.9978460837300711,0.04351052015119786,-0.049097020560440865,-0.018909483351885754,-0.5258658847036196,-0.8503576495790816,-0.06281868856619018,0.8494536003981021,-0.5239107900853163],"GT_T":[47.011213246751375,60.6868785302718,777.977487913131],"R_pred":[0.9852657918819764,-0.13671828656247773,-0.10275908459402679,-0.15728124791949163,-0.4882665574853334,-0.8584045537474211,0.06718577528070609,0.8619187194630605,-0.5025755591342347],"T_pred":[45.39529937134418,77.61155585903185,937.0030225117501],"rotation_error":11.012359703103058,"translation_error":159.9317871303638,"ADD":0,"ADD_S":0}}
{"id_image":1083,"data":{"Best_template_id":35,"GT_R":[0.9978739436788411,0.04407365192485421,-0.04800764549606006,-0.01772345572924915,-0.5253532387192259,-0.850699692001965,-0.06271416158734644,0.8497423521106974,-0.5234549502611056],"GT_T":[44.51742464730281,60.66457981040306,778.0156681884265],"R_pred":[0.9543801678534519,-0.03201020102146096,-0.2968734448188022,-0.29102156854278544,-0.32221078938063374,-0.9008255401850047,-0.06682022037462612,0.9461266058183093,-0.31682724616391794],"T_pred":[46.116751718523396,79.90046743400967,899.3794812255722],"rotation_error":19.9521293406763,"translation_error":122.88918721622349,"ADD":0,"ADD_S":0}}
{"id_image":1086,"data":{"Best_template_id":35,"GT_R":[0.9978855673395386,0.04684864955112261,-0.04505551400344757,-0.013770768319542027,-0.5250689101604071,-0.8509479261098096,-0.063522600051725,0.8497692830388882,-0.5233141934919517],"GT_T":[38.2836946330842,61.01987072621229,778.6450035102779],"R_pred":[0.9443655364295989,0.03461797217744508,-0.3270708327050228,-0.2803438308935765,-0.4353033751514693,-0.8555222428795483,-0.17199148259128758,0.8996180120384766,-0.40138057044654013],"T_pred":[47.952531088771465,95.74653873610845,1146.7562407123094],"rotation_error":17.76819890284362,"translation_error":369.87201952011276,"ADD":0,"ADD_S":0}}
{"id_image":1087,"data":{"Best_template_id":35,"GT_R":[0.9978827695501373,0.047911968405264446,-0.04398123880728394,-0.01234253316081073,-0.5244479397718227,-0.8513532823274833,-0.06385583966431828,0.8500934659852342,-0.5227459977089937],"GT_T":[36.53004141644595,61.26390315079359,778.8753991923733],"R_pred":[0.9008056325720194,-0.13089241420385106,-0.4140246227344587,-0.43135736589311474,-0.37910081351770497,-0.8186656192121224,-0.04979995197062878,0.9160511716569668,-0.39795755513574727],"T_pred":[38.57374201011206,74.78675923888909,856.4949591445843],"rotation_error":25.717264412944594,"translation_error":78.81522972161393,"ADD":0,"ADD_S":0}}
{"id_image":1092,"data":{"Best_template_id":35,"GT_R":[0.997274247619756,0.05812734775768381,-0.045441395001222684,-0.008232085778000848,-0.5243836501845934,-0.8514421507565453,-0.07332091256045488,0.8494957790773756,-0.5224767935262589],"GT_T":[34.1416754228805,61.127318109497196,780.3744205279802],"R_pred":[0.9749464800489362,-0.09711013214436587,-0.20012242072064995,-0.22081730848864323,-0.3140694199401381,-0.923363479746896,0.026815616942751808,0.9444204686967393,-0.3276444734687442],"T_pred":[22.7724757355447,65.70650322454678,673.6401126527721],"rotation_error":18.20028111672328,"translation_error":107.43574877780723,"ADD":0,"ADD_S":0}}
{"id_image":1093,"data":{"Best_template_id":35,"GT_R":[0.9971321113513412,0.06017874495063433,-0.0459065741386953,-0.007577649353512701,-0.5240899938467539,-0.8516290307214969,-0.07530901524435289,0.8495341180802262,-0.522131272784761],"GT_T":[34.15654657545252,61.4494872180443,780.6916763291246],"R_pred":[0.9522823089030302,-0.23550296872089854,-0.19415652416016632,-0.2943756725145333,-0.5406190252793736,-0.7880825038900409,0.08063105842000345,0.8076319837832225,-0.5841482784263311],"T_pred":[48.47141989635779,105.68002390334924,1343.5641618194059],"rotation_error":19.434026708364637,"translation_error":564.7890676134504,"ADD":0,"ADD_S":0}}
{"id_image":1099,"data":{"Best_template_id":35,"GT_R":[0.995832445093758,0.07732106175299139,-0.04836176210652708,-0.001098434510631086,-0.5200754167500434,-0.8541198509967822,-0.09119324373742013,0.8506129752405616,-0.5178238113081365],"GT_T":[37.808239672027305,65.67846738300896,783.0247196061295],"R_pred":[0.9683410901877966,-0.14975381919386127,-0.19972312507759576,-0.24963075249564354,-0.5804504433445551,-0.7750882338350699,0.0001430467315758771,0.8004068193474875,-0.5994571736827168],"T_pred":[51.85785874397143,104.98114285820188,1239.4539935390799],"rotation_error":16.48457244951352,"translation_error":458.33369306492773,"ADD":0,"ADD_S":0}}
{"id_image":1101,"data":{"Best_template_id":35,"GT_R":[0.9951562359040098,0.08480397641077064,-0.04972162237926819,0.0014959537309846204,-0.5187935599008925,-0.854898606093357,-0.09829396908979265,0.8506832609487065,-0.5164073982129139],"GT_T":[40.90820113786676,66.95808423560263,783.8799348079369],"R_pred":[0.9958762976109985,-0.08951917494611623,0.014721316978324316,-0.04545087086336065,-0.6327507485219037,-0.7730205098072965,0.07851508259163825,0.7691637066073368,-0.6342101972088521],"T_pred":[42.67715998566375,93.54407518931103,1078.1403219789875],"rotation_error":13.358110318292868,"translation_error":295.4642441793125,"ADD":0,"ADD_S":0}}
{"id_image":1108,"data":{"Best_template_id":35,"GT_R":[0.9933976426846667,0.10568853005383366,-0.044622432770783683,0.016232588063654758,-0.5145396875233498,-0.8573135093570603,-0.11356809256433952,0.8509282636664737,-0.5128576090369515],"GT_T":[44.509868636081094,71.65645868116546,785.1331455839847],"R_pred":[0.9938295172168808,-0.10998766229225504,-0.014338927852042417,-0.07098519449349122,-0.5313569288832737,-0.8441687723971177,0.08522906118914161,0.8399776951034,-0.5358856957016086],"T_pred":[33.57781072077302,82.85242476066173,850.4259878886531],"rotation_error":12.556121940684227,"translation_error":67.14175156293717,"ADD":0,"ADD_S":0}}
{"id_image":1116,"data":{"Best_template_id":35,"GT_R":[0.9916613953769648,0.122669182550831,-0.03950208743214399,0.02930168615577536,-0.5131146155244908,-0.857820548282658,-0.1254970078749889,0.8495093038669475,-0.5124302180030672],"GT_T":[43.75686783282837,72.69877451075304,783.7548414571053],"R_pred":[0.9450990818975198,-0.21068174979000892,-0.24980177281573923,-0.31600508015259116,-0.3945066427516344,-0.8628472044009814,0.0832377000776724,0.8944147299381058,-0.4394243690961222],"T_pred":[47.199913439247695,89.54773542892829,907.5100669277792],"rotation_error":23.85672490954497,"translation_error":124.94437913874889,"ADD":0,"ADD_S":0}}
{"id_image":1118,"data":{"Best_template_id":35,"GT_R":[0.991229146646728,0.12632983009321286,-0.03880881220520931,0.03188100792364144,-0.5135653226307705,-0.8574583613636807,-0.12825329575748928,0.8487003918370538,-0.5130883441745661],"GT_T":[44.395668871320474,72.00470828105155,782.9637615983414],"R_pred":[0.9750071945380918,-0.05702521903193318,-0.21473028429478763,-0.21840127883119603,-0.42334594538875253,-0.879249163734491,-0.04076581906276905,0.904171629126497,-0.4252197232947669],"T_pred":[37.464629712619605,79.83875652991418,774.5163424463116],"rotation_error":15.97831142117597,"translation_error":13.44509226874376,"ADD":0,"ADD_S":1}}
{"id_image":1159,"data":{"Best_template_id":35,"GT_R":[0.976783792247743,0.21228948278674345,-0.028755479915216275,0.08267677242552716,-0.4973848871392916,-0.8635813199184992,-0.19763156789430225,0.8411549207494525,-0.503388931165937],"GT_T":[47.39263561747341,81.01691076116803,787.0323843080762],"R_pred":[0.9654723486574847,-0.012934702925919347,-0.2601842374895496,-0.24124219398584618,-0.42131881240110336,-0.8742383325831803,-0.09831250082616914,0.9068203525379998,-0.4098920594548794],"T_pred":[40.29935605094427,85.47508737376309,759.913206532775],"rotation_error":19.870785474347702,"translation_error":28.38379391354191,"ADD":0,"ADD_S":0}}
{"id_image":1290,"data":{"Best_template_id":35,"GT_R":[0.9445190162404514,0.3280576988389369,-0.01618689707003223,0.15704364762432754,-0.494335703721495,-0.854967586138502,-0.28848017418127664,0.8049918688334193,-0.5184291107650435],"GT_T":[18.927519368084823,57.27593507170587,791.2761607288921],"R_pred":[0.9384020957976689,0.003330282263863865,-0.34552918230242846,-0.30740531262951865,-0.44862674981033535,-0.83918771030191,-0.15780836596863224,0.8937130124232596,-0.41996853579244775],"T_pred":[12.859442114800542,68.0036771509061,852.2517496050039],"rotation_error":27.952141284577607,"translation_error":62.20874898644296,"ADD":0,"ADD_S":0}}
{"id_image":1440,"data":{"Best_template_id":35,"GT_R":[0.9051497240945006,0.4241110098107533,-0.028882851943395883,0.20115683479732965,-0.4871895001583045,-0.8498129152302736,-0.3744868140223858,0.7633979944109979,-0.5262921207025537],"GT_T":[-6.408393372619767,36.73980877635796,798.4665374881162],"R_pred":[0.6340344131190405,0.5931261694804841,-0.4961871724039245,-0.1063513293480021,-0.5686671837963642,-0.8156635512385146,-0.7659567596977696,0.5699289264026877,-0.2974748075430475],"T_pred":[-12.96578486692631,45.673271746227336,916.2728855352063],"rotation_error":33.536013441193234,"translation_error":118.32642048180017,"ADD":0,"ADD_S":0}}
{"id_image":1527,"data":{"Best_template_id":35,"GT_R":[0.8030473597864191,0.5952409590485792,-0.02834982648240023,0.27090994729689755,-0.4070344454750263,-0.8723133610934563,-0.5307760849631744,0.6928283019367587,-0.488124955202775],"GT_T":[30.966137138364832,62.37676803194531,818.6986804521027],"R_pred":[0.9921632647660291,0.051155436428727025,-0.11399639192799439,0.12328392264885968,-0.2523801503166649,0.9597423269515875,0.020325611063985824,-0.9662750028071327,-0.25670895676807126],"T_pred":[9.858692693616712,1.621771301148464,493.5472134607511],"rotation_error":135.46233601262514,"translation_error":331.45161083539074,"ADD":0,"ADD_S":0}}
{"id_image":1538,"data":{"Best_template_id":35,"GT_R":[0.7984112932976993,0.6009876399765358,-0.036796764989468544,0.27332965651301455,-0.41621455273396796,-0.8672119059129239,-0.5364985339268689,0.6823342975576521,-0.49657850564390515],"GT_T":[26.926425338567817,53.26692878029274,817.1942648565761],"R_pred":[0.6721657456078705,-0.6533826096970997,-0.3482590641703707,-0.4195848403228542,0.05139810402419909,-0.906259784319023,0.6100342385494932,0.7552810074721359,-0.23960139304523084],"T_pred":[3.1774977574215306,43.7496960256051,370.4395576500513],"rotation_error":86.74101012045172,"translation_error":447.4867123074707,"ADD":0,"ADD_S":0}}
{"id_image":1539,"data":{"Best_template_id":35,"GT_R":[0.7981055603612955,0.6013245243302443,-0.037907769299244824,0.2722914900975181,-0.4160907695639502,-0.8675975197511892,-0.5374806983572447,0.6821126679037994,-0.495820365098729],"GT_T":[26.368673357062146,53.72374784495257,817.5156764563766],"R_pred":[0.9105498162264121,0.2707140589120413,0.31243068107568256,0.4091989257990581,-0.6976759159154662,-0.5880514904975688,0.058781555737697166,0.6632964756870664,-0.7460445791279318],"T_pred":[6.7592673782040436,59.7215174464754,1059.0328372640913],"rotation_error":37.79947274156467,"translation_error":242.38614029613197,"ADD":0,"ADD_S":0}}
