{"id_image":1,"data":{"GT_R":[0.7156034313035415,-0.6905271425286577,0.10528439216194085,-0.36956131073920656,-0.5021849746335921,-0.7818152935374744,0.5927367974791282,0.5205605945455828,-0.6145570298991582],"GT_T":[64.59990016132299,9.812737488074465,1059.6191854368428],"R_pred":[0.7539070151583627,-0.6518164112798804,-0.08221665574095832,-0.45735573273843333,-0.43086450055615133,-0.7779341333890609,0.47164599672455626,0.6240922593228636,-0.6229437419438321],"T_pred":[77.38729250908517,23.981703509118642,1063.8460766859419],"rotation_error":11.21494198141964,"translation_error":19.548493824149755,"ADD":0,"ADD_S":1}}
{"id_image":2,"data":{"GT_R":[0.7173507520857049,-0.6888768104313846,0.10419881123887552,-0.36968421015111125,-0.5031211103223805,-0.78115549855336,0.5905444870161666,0.5218412845481969,-0.6155806658769106],"GT_T":[64.45999427474631,9.77188678847805,1059.8439581734228],"R_pred":[0.7316219671274715,-0.6816846117569804,-0.005948723414649637,-0.41525414296449176,-0.4387195522745728,-0.7969248090019683,0.5406415577509323,0.5855179284579877,-0.6040492210796337],"T_pred":[63.29592653775842,24.021185253698064,926.1812242604549],"rotation_error":6.477632702486688,"translation_error":134.42516132605567,"ADD":0,"ADD_S":0}}
{"id_image":3,"data":{"GT_R":[0.7182798072007562,-0.6879769501565057,0.10374435214721205,-0.36859231617904364,-0.502737672867054,-0.7819173341033905,0.590097090689111,0.5233958448522947,-0.6146889570472329],"GT_T":[64.12306549550931,10.197157059453993,1060.0986215600537],"R_pred":[0.7630864124333827,-0.6459382722054131,0.02151454530860275,-0.3631127432945359,-0.4560301964610806,-0.8125180586133363,0.5346477932402478,0.6122092848168461,-0.5825388645982166],"T_pred":[63.0978728988832,23.86109070473589,908.1848364874603],"rotation_error":6.495773356785761,"translation_error":152.5304959593489,"ADD":0,"ADD_S":0}}
{"id_image":4,"data":{"GT_R":[0.7171205402528555,-0.6884687186086569,0.10839110401529366,-0.36859519759211756,-0.5066406402013112,-0.77939335984442,0.5915026509304017,0.5189664191152207,-0.6170887865283907],"GT_T":[65.24083914022374,9.68271810137683,1060.2398542404926],"R_pred":[0.7267171899862733,-0.6867438130323895,0.01628069532263715,-0.3500205048924539,-0.39057912186128124,-0.8514303234680463,0.5910734065522536,0.6130504749429728,-0.5242149780757027],"T_pred":[58.008084352246115,24.00916017000689,848.308245882551],"rotation_error":8.6082469032864,"translation_error":212.53838783935663,"ADD":0,"ADD_S":0}}
{"id_image":5,"data":{"GT_R":[0.7177820916551896,-0.687881875394518,0.1077356336368988,-0.36823838901922773,-0.5063667202721597,-0.7797393085404523,0.5909220010079879,0.5200105384172352,-0.616765313523645],"GT_T":[64.96174446530367,9.710774598215018,1060.1655612530976],"R_pred":[0.7286298103937999,-0.6622945781058669,-0.1745408010095843,-0.574076897575013,-0.45157332475075734,-0.6830206790750887,0.37354292266906014,0.597869069433366,-0.7092378026718102],"T_pred":[92.38180446146427,25.15587317116081,1231.5504728852356],"rotation_error":18.058894106978066,"translation_error":174.2503908037994,"ADD":0,"ADD_S":0}}
{"id_image":6,"data":{"GT_R":[0.7163076456126716,-0.6899735147257664,0.10411444599130597,-0.36972283282012547,-0.5018302191921845,-0.7819671104752446,0.5917838520524523,0.5216354302207955,-0.6145634203741068],"GT_T":[62.572277059348636,11.094113267562744,1060.4123454222608],"R_pred":[0.7225384485922915,-0.6900478352442572,0.04209721345360706,-0.35805798722502646,-0.42561626383092616,-0.8310507046787015,0.5913819984495696,0.5853928433430988,-0.5546012539405905],"T_pred":[56.27023953040507,26.592856310676474,880.4780559350389],"rotation_error":5.717402235199209,"translation_error":180.71047353765653,"ADD":0,"ADD_S":0}}
{"id_image":7,"data":{"GT_R":[0.7146998602264354,-0.69063347733526,0.1105905364655411,-0.3667943270805211,-0.5047153272044135,-0.7814887556767726,0.5955390902012684,0.5179657125114392,-0.6140396425583786],"GT_T":[60.02563896263649,12.956030435006106,1060.7680198766232],"R_pred":[0.7075294211465566,-0.6386402516090957,-0.30255701485288666,-0.64990166230031,-0.4198820297409721,-0.6335036783159947,0.277542695006215,0.6448547977066407,-0.7121322505851105],"T_pred":[85.4041366140131,27.58690036052004,1157.379398397351],"rotation_error":26.153528340775143,"translation_error":100.95488575345716,"ADD":0,"ADD_S":0}}
{"id_image":8,"data":{"GT_R":[0.7145576777914845,-0.6907305847498499,0.11089512259388715,-0.3654091608441379,-0.5036903636988715,-0.7827979644217454,0.5965593195969412,0.5188321983493659,-0.6123151901814847],"GT_T":[58.95421075064159,14.02261976412819,1060.666917986228],"R_pred":[0.7431308527960042,-0.6665356060120179,0.05904931448268774,-0.33822190875327107,-0.4502955534398786,-0.8263412460912062,0.5773755069813555,0.5941079030533641,-0.5600654635554287],"T_pred":[54.75224716054784,26.39534787355194,875.0346304363227],"rotation_error":5.48890886737,"translation_error":186.09160937531001,"ADD":0,"ADD_S":0}}
{"id_image":9,"data":{"GT_R":[0.7163140262673188,-0.6889208833731799,0.1108272136381256,-0.3650982937299947,-0.5053918193479796,-0.7818459488724665,0.5946409315318385,0.5195841226862595,-0.6135429827191724],"GT_T":[59.950057871657485,13.459605535326535,1060.599235869476],"R_pred":[0.7544398849935775,-0.6502073530500095,-0.08972657338034082,-0.44395820626970417,-0.4048141330656346,-0.7993914114850781,0.4834475886967109,0.6429276131183191,-0.5940728181572666],"T_pred":[69.5720402436142,27.09036374520265,996.6118362122099],"rotation_error":12.02492354717535,"translation_error":66.12690397289923,"ADD":0,"ADD_S":0}}
{"id_image":10,"data":{"GT_R":[0.7159784983186568,-0.6894647851324787,0.10960446380950048,-0.36685703882564646,-0.5051487497925238,-0.7811793610360604,0.5939613624747045,0.5190985556717078,-0.6146105411726268],"GT_T":[61.21165593441355,12.728947756484693,1060.3925717724285],"R_pred":[0.7266762440139085,-0.6238495520829048,-0.287668859544786,-0.6144475712065205,-0.40294919639856097,-0.6782964892730626,0.3072390252299449,0.6696593772118128,-0.6761364506429455],"T_pred":[89.0277116504583,26.86901692803723,1175.4816262665072],"rotation_error":24.260054837240773,"translation_error":119.24414021710004,"ADD":0,"ADD_S":0}}
{"id_image":11,"data":{"GT_R":[0.7160751757256155,-0.6890948364181444,0.11128584144934882,-0.36570131172852843,-0.5061581973920458,-0.7810675931731766,0.594557784556107,0.5186059094394057,-0.6144507625653114],"GT_T":[60.916517907041715,12.899295924746163,1060.1611480973127],"R_pred":[0.7471212952016634,-0.6642053328243176,-0.02531888828376566,-0.4052645825650965,-0.4250020151416308,-0.8094034255202351,0.5268494930950645,0.6149833843066741,-0.5867069529604905],"T_pred":[55.28418166265387,26.142260247076198,875.0244220325234],"rotation_error":8.490698433989474,"translation_error":185.69519825133113,"ADD":0,"ADD_S":0}}
{"id_image":12,"data":{"GT_R":[0.7135458829944226,-0.6917326835962749,0.1111643884130276,-0.3676395200726378,-0.5047532158560676,-0.7810669682216077,0.5964001217005556,0.51645930096982,-0.6144728337306399],"GT_T":[58.64093392444056,12.985280733450132,1060.1947356083676],"R_pred":[0.7366558618476718,-0.6067225577324222,-0.2987070122111155,-0.6136959865930998,-0.41418978883161384,-0.6721785885217896,0.2841045181706653,0.678479592004248,-0.6774585345161455],"T_pred":[83.2580955423834,26.253765373485678,1162.1404223832283],"rotation_error":25.31455289316378,"translation_error":105.71177977295042,"ADD":0,"ADD_S":0}}
{"id_image":13,"data":{"GT_R":[0.7141697798484218,-0.690980960530768,0.11183769113984256,-0.3652342992888677,-0.5041549164799313,-0.7825807661509839,0.5971315256795191,0.518048291767617,-0.6124215580348704],"GT_T":[56.7656854357008,12.630625564285097,1059.9425188021428],"R_pred":[0.7604020952649251,-0.6465975284674765,-0.060830006546630844,-0.4287652589242424,-0.429456530759796,-0.7948128338970049,0.4878001704144225,0.6304591377460647,-0.6037982025280872],"T_pred":[69.63558197221313,26.759266144901655,1057.1606069086713],"rotation_error":10.607036262117132,"translation_error":19.312994467451574,"ADD":0,"ADD_S":1}}
{"id_image":14,"data":{"GT_R":[0.7140787209100472,-0.6916233343613384,0.10838865679874488,-0.36831521064005324,-0.5028243825459995,-0.7819920247027292,0.5953443422290124,0.5184830531956724,-0.6137921725746425],"GT_T":[56.834862087639806,11.938013962671725,1059.8156667178876],"R_pred":[0.8083510181373678,-0.5658910411494661,-0.1622835821118519,-0.4303978602220152,-0.3800074679566189,-0.8187502709700376,0.4016544701513872,0.7316841216289804,-0.5507377168520746],"T_pred":[79.6495195676847,27.604776444255236,1129.6313844323076],"rotation_error":18.431711784277024,"translation_error":75.1012016053386,"ADD":0,"ADD_S":0}}
{"id_image":15,"data":{"GT_R":[0.7136688795850061,-0.6919752428463449,0.10884787545584408,-0.3684308394398319,-0.502965688144607,-0.7818466334647388,0.5957655132571246,0.5178760145519306,-0.6138960628781892],"GT_T":[57.74348458448855,11.171239303500245,1059.3879172240283],"R_pred":[0.7249881288340352,-0.6887499654815881,-0.003962082638686915,-0.37117004729699227,-0.38584027700293194,-0.8446064625799694,0.5801939408846607,0.6138002653073815,-0.5353729777167642],"T_pred":[54.24140975942125,24.161354707760704,861.0321263463102],"rotation_error":8.710727614989285,"translation_error":198.81153739413978,"ADD":0,"ADD_S":0}}
{"id_image":16,"data":{"GT_R":[0.7139887994642412,-0.6919456488249957,0.10692097685662524,-0.3702947503528988,-0.5027862616070343,-0.7810817344014128,0.5942245229566875,0.518091125699911,-0.6152069446338957],"GT_T":[58.99477615392349,9.588540111080993,1059.2654225351969],"R_pred":[0.7699857348704052,-0.6225506847626848,-0.13983065828920901,-0.44862731790440635,-0.37239165745099934,-0.8124395258053341,0.4537130125155989,0.6882986985040793,-0.5660295079866511],"T_pred":[77.38219719185803,25.51041920546571,1080.7000851404348],"rotation_error":15.425401973494447,"translation_error":32.41987426445185,"ADD":0,"ADD_S":0}}
{"id_image":17,"data":{"GT_R":[0.7149740658040898,-0.6910991938497617,0.10580189187010473,-0.3691479772524057,-0.5016713865223082,-0.7823401182935961,0.5937523941778067,0.5202961802696063,-0.6137996305862066],"GT_T":[60.030449351515564,9.193965194316222,1059.3505778604788],"R_pred":[0.7540396612715317,-0.6567894636683987,0.007196502184492692,-0.3402613294239436,-0.3999682889087334,-0.851027376507989,0.561824186848666,0.6392597033143863,-0.5250720091475436],"T_pred":[52.957083874340505,24.646993077278395,825.239666750714],"rotation_error":9.192027661781692,"translation_error":234.72696323722477,"ADD":0,"ADD_S":0}}
{"id_image":18,"data":{"GT_R":[0.7159436963610368,-0.6900799882764793,0.10589546835418435,-0.368803881513869,-0.5026116373868278,-0.7818991019811079,0.5927969085538812,0.5207408203373075,-0.6143463965439744],"GT_T":[60.90012509883221,9.806815104660263,1059.8479458398263],"R_pred":[0.7572068388447705,-0.6531503609492066,-0.0056929077482811286,-0.36588852898272567,-0.4169278077761146,-0.832043741315239,0.5410761384182141,0.6321121807835411,-0.5546808121248735],"T_pred":[57.524745085783124,24.67753538561097,865.2492881774294],"rotation_error":8.50812780150089,"translation_error":195.19520761512942,"ADD":0,"ADD_S":0}}
{"id_image":19,"data":{"GT_R":[0.7163111462085388,-0.6900506781226818,0.1035797570263811,-0.3712107755007939,-0.5025400510805278,-0.7808053917527832,0.59084848652888,0.5208497832860993,-0.6161290937798185],"GT_T":[62.36210370374254,10.82840018918885,1060.3143809981796],"R_pred":[0.7660373120111866,-0.6378147639360371,-0.07986966578053206,-0.42585428942611314,-0.4104958175471447,-0.806313405540105,0.4814924306612273,0.6516789935861972,-0.5860712657471141],"T_pred":[68.81593722443665,26.424797737496803,980.440649525395],"rotation_error":11.545759279091415,"translation_error":81.63769082344379,"ADD":0,"ADD_S":0}}
{"id_image":20,"data":{"GT_R":[0.717096442666357,-0.6893015764048751,0.10313469597246223,-0.3699124970328413,-0.5018154102301768,-0.7818858318175963,0.5907092267969989,0.5225370160690946,-0.6148318915520425],"GT_T":[62.565597188629546,11.965850786301957,1061.110768993732],"R_pred":[0.7458673668537444,-0.6628264058065116,-0.06590164511059671,-0.3900552140242963,-0.35442640713367424,-0.8498463696096931,0.539943331355358,0.659577954219163,-0.5228939866100408],"T_pred":[58.05829690080293,28.151088719040715,846.827273159607],"rotation_error":11.948185412515953,"translation_error":214.94114140786897,"ADD":0,"ADD_S":0}}
{"id_image":21,"data":{"GT_R":[0.71641744291302,-0.6902388414978832,0.10156653382592348,-0.370784244527035,-0.5000086941246236,-0.7826304921849816,0.590986480733134,0.5230309400023331,-0.6141442343505562],"GT_T":[62.30583442409576,13.270640886827197,1061.5824842095155],"R_pred":[0.7011308323375453,-0.6872495406221256,-0.19000953886670363,-0.6151460109980466,-0.44825033323545144,-0.6485884857962695,0.36057029980137206,0.5716289947763179,-0.737040942710895],"T_pred":[87.46453721683945,27.72386096533149,1179.5781936274136],"rotation_error":19.787272686811438,"translation_error":121.51067170369987,"ADD":0,"ADD_S":0}}
{"id_image":22,"data":{"GT_R":[0.7159107689163774,-0.6910561821573633,0.09956440700079518,-0.37064495312748574,-0.4970167462638619,-0.784600031064251,0.5916876888428274,0.5248004821360971,-0.6119557533506043],"GT_T":[62.64469386503263,14.202237586389273,1061.883950396766],"R_pred":[0.7443587483888282,-0.6661007587370529,0.047326872989238045,-0.3230349692396385,-0.4212018968995259,-0.847488861694705,0.5844471424734343,0.6155475134042566,-0.5286991549042551],"T_pred":[55.93474823716989,27.713297475159735,845.1831152630326],"rotation_error":7.178040617471566,"translation_error":217.22528411145962,"ADD":0,"ADD_S":0}}
{"id_image":23,"data":{"GT_R":[0.7166148333556132,-0.6907900325627367,0.09628995437571201,-0.3723167442607643,-0.49561475172310576,-0.7846955798973427,0.5897823118315257,0.5264740696011554,-0.6123576379356855],"GT_T":[63.40568313799317,14.184111913027845,1062.3785283095503],"R_pred":[0.6664882615469477,-0.7409440082837312,-0.08243405733412451,-0.3979244842730828,-0.44706654690054903,0.8011164755879263,-0.6304359618836228,-0.5011321973599954,-0.5928043680110783],"T_pred":[65.60894129157835,-13.241582043326735,921.6460093787566],"rotation_error":105.96308978800494,"translation_error":143.39687904583272,"ADD":0,"ADD_S":0}}
{"id_image":24,"data":{"GT_R":[0.7189865307158819,-0.6883082986576844,0.09638844962798679,-0.37018746680189857,-0.4966236497566989,-0.785064407135463,0.5882349560658625,0.5287683775392097,-0.6118693051186346],"GT_T":[64.49262216635441,14.406239777765823,1062.449434877295],"R_pred":[0.756307709640038,-0.6540303562623178,0.015586578406621365,-0.37416837773105227,-0.45197876909388757,-0.8097612101073296,0.5366532152565124,0.6065966414148366,-0.5865525050488553],"T_pred":[60.365485825057114,28.054785897329374,881.270216668639],"rotation_error":5.883930801393535,"translation_error":181.7394430943853,"ADD":0,"ADD_S":0}}
{"id_image":25,"data":{"GT_R":[0.7182842551545734,-0.6894387271052074,0.09349787209962308,-0.3727905544361935,-0.4948384156179959,-0.784959736739675,0.5874480977960508,0.5289698685611836,-0.6124510736662083],"GT_T":[64.63869450564059,14.487006507615234,1062.4031976416],"R_pred":[0.7610461694415633,-0.6486904631733155,-0.003067729830430299,-0.3353234749708137,-0.3893457644814228,-0.857885798235333,0.5553079281910362,0.6539193823923297,-0.5138312429385867],"T_pred":[58.59476160108873,27.97197469498478,835.6361707573275],"rotation_error":9.687196732761839,"translation_error":227.24800983485298,"ADD":0,"ADD_S":0}}
{"id_image":26,"data":{"GT_R":[0.7196480661832921,-0.6885141066213811,0.08975590646963108,-0.3741430680382504,-0.4934221006822596,-0.7852078587225089,0.584913702269769,0.5314915949494683,-0.6126923529376096],"GT_T":[66.89795485699393,14.217132705626504,1062.5355285628254],"R_pred":[0.668172536941806,-0.7440000321530122,-0.0030680666660402034,-0.4945052369121743,-0.4410173246778556,-0.7489781639009385,0.555886707471212,0.5019638149212586,-0.6625875768277816],"T_pred":[76.87247271111427,28.620608076857916,1034.20919420547],"rotation_error":7.809046803012821,"translation_error":33.30664088911586,"ADD":0,"ADD_S":0}}
{"id_image":27,"data":{"GT_R":[0.7198212663068912,-0.6881320675026581,0.09127355058542125,-0.3732422152588132,-0.49454310256178574,-0.7849316901273364,0.5852756435408436,0.5309433986607753,-0.6128225374237044],"GT_T":[67.61598734926523,14.399229170669763,1062.8997391809785],"R_pred":[0.779836366252147,-0.6072811592865859,-0.15187111458795366,-0.495134452950274,-0.44995568804908626,-0.7432238910946728,0.3830105943342559,0.6547896397835059,-0.6515776333330561],"T_pred":[83.15332886052536,31.42292705099762,1079.6234153551843],"rotation_error":15.506245030137586,"translation_error":28.476246514207347,"ADD":0,"ADD_S":0}}
{"id_image":28,"data":{"GT_R":[0.7191910422639346,-0.6887975726183172,0.09122792734422905,-0.37236158270379566,-0.49293987611742685,-0.7863568558340827,0.5866104203850674,0.5315711518330074,-0.6109997916537409],"GT_T":[65.66532312977489,15.6951453923691,1063.108388191339],"R_pred":[0.7611393566452839,-0.6438032665154246,0.07863989947649003,-0.28783018381262493,-0.44394046583315483,-0.848569766184391,0.5812234209424065,0.6232449091809018,-0.5232065730933582],"T_pred":[53.32137077821865,29.568233842071702,824.0157928288845],"rotation_error":7.420454114430939,"translation_error":239.8126454129246,"ADD":0,"ADD_S":0}}
{"id_image":29,"data":{"GT_R":[0.7182351971937481,-0.6893385162736373,0.09460922466178817,-0.37270650866608934,-0.49597089223730856,-0.7842850024895095,0.5875608512874945,0.5280394975396374,-0.6131450974999237],"GT_T":[63.793883628295504,16.928628718932902,1063.6278947121048],"R_pred":[0.7562616337529304,-0.653951203486768,-0.020400116949567615,-0.3402216073957212,-0.36643378892543194,-0.8660112794847556,0.5588538263038199,0.6618716656512496,-0.4996081454836583],"T_pred":[57.050360867064434,32.217529845623886,831.3966062901408],"rotation_error":10.892381893362382,"translation_error":232.8316922564847,"ADD":0,"ADD_S":0}}
{"id_image":30,"data":{"GT_R":[0.7198305515663981,-0.6879938764464516,0.09223859749998704,-0.3702669149192684,-0.4929589310650971,-0.7873331244754003,0.5871507013371101,0.5325942293205782,-0.6095885164866542],"GT_T":[64.81488253796098,18.494551315359466,1063.564441426449],"R_pred":[0.7199783900703225,-0.6914202697233723,0.05974218314898122,-0.3457154992294357,-0.43196984461134824,-0.8329963066778808,0.6017573526134012,0.5790855411440586,-0.5500436570069723],"T_pred":[64.06525983826326,32.52104144191228,919.0111813228468],"rotation_error":4.690456078034773,"translation_error":145.23411915263534,"ADD":0,"ADD_S":0}}
{"id_image":31,"data":{"GT_R":[0.7217155952748578,-0.6858158518363424,0.0937254810049448,-0.3678078483017925,-0.49467100372626743,-0.7874127640251498,0.5863824965112666,0.5338147132805621,-0.6092594955561382],"GT_T":[66.24647184174457,19.78982084483916,1063.77829739042],"R_pred":[0.7483667685023656,-0.6620522591394551,0.040422592317544304,-0.32920128382129626,-0.423645614545073,-0.8438903412216174,0.5758243608356085,0.6182323183440601,-0.5349907532127932],"T_pred":[56.82807635064176,32.067411570769565,833.4994870947799],"rotation_error":6.610442414026943,"translation_error":230.79812797948708,"ADD":0,"ADD_S":0}}
{"id_image":32,"data":{"GT_R":[0.7226411622257259,-0.6850342828239138,0.0922926393405375,-0.36669562582949283,-0.49311267562737465,-0.7889071157808946,0.5859393566234392,0.5362534241419754,-0.6075425544203982],"GT_T":[66.79453142542579,20.3089023228535,1063.8650992904043],"R_pred":[0.7574422605893377,-0.6524016229768468,-0.025560598789735878,-0.3572369055947256,-0.3813493697185405,-0.8526162392872757,0.54650070004934,0.6549387609177274,-0.5219120656711561],"T_pred":[57.015522110560575,32.55638083462013,810.96986250692],"rotation_error":9.579544521208112,"translation_error":253.3804067816827,"ADD":0,"ADD_S":0}}
{"id_image":33,"data":{"GT_R":[0.7219237870156214,-0.6858357303375269,0.0919506147779221,-0.36838327978861785,-0.49340572682787953,-0.7879374183500534,0.5857647611489813,0.5349578855494195,-0.6088511573186763],"GT_T":[66.97300574016326,20.77875185953838,1064.0969502953583],"R_pred":[0.7537993074257194,-0.6570897124474441,0.004440036063045938,-0.3448201926322164,-0.40130419658856287,-0.8485599428169405,0.5593618139251078,0.6381128831140642,-0.5290806266782687],"T_pred":[58.21841290037904,32.57702531970716,820.2667337813731],"rotation_error":8.100930139779676,"translation_error":244.2724229987663,"ADD":0,"ADD_S":0}}
{"id_image":34,"data":{"GT_R":[0.7214779868572349,-0.6863366442611457,0.09171635521906542,-0.3708397094038599,-0.4948447764316362,-0.7858794643716679,0.5847630946000111,0.5329824502883964,-0.6115410117629075],"GT_T":[67.45633010496374,19.833529041983574,1064.1006308255778],"R_pred":[0.7865847631446878,-0.6139336507937336,-0.06610508915124311,-0.38570763713750245,-0.4049122372371816,-0.8290209278355916,0.4821970852695199,0.6775924679028378,-0.5552966940284455],"T_pred":[66.92010313632538,32.83743863999495,884.6693195614698],"rotation_error":11.417223371349916,"translation_error":179.90270889053437,"ADD":0,"ADD_S":0}}
{"id_image":35,"data":{"GT_R":[0.7229343921680604,-0.6849478485607582,0.0906181775092533,-0.36973244146833006,-0.4943212890272219,-0.7867304832552643,0.5836639139865355,0.5352502253124585,-0.6106090312091329],"GT_T":[68.7288131220871,19.306013326058363,1064.065614029625],"R_pred":[0.7391697454205204,-0.6710257931384876,-0.0579005388388284,-0.43251641179006894,-0.40701931437257605,-0.8045277069560262,0.5162922050420735,0.6197254736337225,-0.5910860312528555],"T_pred":[73.5883149571617,33.21353135101432,968.1884077651116],"rotation_error":8.740395737655733,"translation_error":97.00243551987562,"ADD":0,"ADD_S":0}}
{"id_image":36,"data":{"GT_R":[0.723085923836221,-0.6848407037693065,0.09022535882810498,-0.37020696322046587,-0.49448730096244836,-0.7864030045546763,0.5831761691948081,0.5352348950345472,-0.6110889049819702],"GT_T":[68.7536987495001,18.98261311647734,1064.0728227241275],"R_pred":[0.8229736240389924,-0.5506102445836761,-0.1397954673643984,-0.37339921612771754,-0.33885041919039477,-0.8635701585914718,0.4281208235198708,0.7628949809600257,-0.48446239120768664],"T_pred":[70.01535001160475,33.848755512549744,926.8444189720806],"rotation_error":18.331837534789592,"translation_error":138.0370557132478,"ADD":0,"ADD_S":0}}
{"id_image":37,"data":{"GT_R":[0.72302065711635,-0.684722280535693,0.09163633797155436,-0.3699328016240542,-0.4957760531332539,-0.7857200295935582,0.5834308576595522,0.5341922170723661,-0.6117572153678991],"GT_T":[66.5300115346331,18.894014175067877,1064.6669024221508],"R_pred":[0.7866822136643208,-0.6170757618655932,0.01867080132726534,-0.2974033829389462,-0.4053019500178493,-0.8644544852843321,0.541001222291295,0.6744982086186195,-0.5023642543509623],"T_pred":[54.213680990508884,31.4348279535933,806.5218818860274],"rotation_error":10.505492464892978,"translation_error":258.74275958158785,"ADD":0,"ADD_S":0}}
{"id_image":38,"data":{"GT_R":[0.7245177548876391,-0.6833447517897654,0.09008365873946958,-0.3691409669219383,-0.4950693029674306,-0.7865375814418096,0.5820741082515477,0.5366067225965419,-0.610937166724834],"GT_T":[64.74014154948217,18.89155816986809,1064.7441500856216],"R_pred":[0.7751474334901391,-0.6289434041178723,0.05980510655682081,-0.2978395868433034,-0.4472681520585633,-0.8433521095385534,0.5571696661365013,0.6359098950093012,-0.5340230037803607],"T_pred":[60.402557961891176,31.90335598151823,877.5678930536274],"rotation_error":7.412866050813045,"translation_error":187.6781092993474,"ADD":0,"ADD_S":0}}
{"id_image":39,"data":{"GT_R":[0.7234693177850514,-0.684668624778377,0.08843877719352386,-0.37121782192861164,-0.49382597420974417,-0.7863417565319877,0.5820573440731777,0.5360638230275432,-0.6114296458947156],"GT_T":[65.95615506340424,19.36183944073939,1064.838812243839],"R_pred":[0.7691127607989351,-0.5949773470369192,-0.23338277076328806,-0.5249967887709012,-0.3799051890619925,-0.7616104116305222,0.3644776165369855,0.708289491547546,-0.6045511253871231],"T_pred":[93.63447181506737,34.92285299813307,1139.8584468446927],"rotation_error":19.437619184583117,"translation_error":81.4627518365566,"ADD":0,"ADD_S":0}}
{"id_image":40,"data":{"GT_R":[0.7249206926318462,-0.6837972695376827,0.08313143177001102,-0.3730840339352871,-0.4912115256559603,-0.7870962280391438,0.5790486351473377,0.5395673856938819,-0.6112030040443713],"GT_T":[68.96483542544925,18.739452629523754,1064.5218680476698],"R_pred":[0.7746410450085872,-0.6232089598750683,-0.10743297314809822,-0.4128008259502838,-0.36960116637940177,-0.8324604830895875,0.47908947962021464,0.6892064785987008,-0.5435694071365778],"T_pred":[64.08862184333951,31.69544956818675,840.8046287601866],"rotation_error":12.698602839599488,"translation_error":224.1451281424293,"ADD":0,"ADD_S":0}}
{"id_image":41,"data":{"GT_R":[0.7250735705111107,-0.6833623801582349,0.08534989859661464,-0.37073438911407514,-0.4917648520552267,-0.7878603256322267,0.5803659851075417,0.5396141711791425,-0.6099115811348949],"GT_T":[69.77841941119613,18.746446756464785,1064.289775591313],"R_pred":[0.7834556168532296,-0.5885489565728176,-0.19951797447391365,-0.47919350848293946,-0.36771291843546616,-0.7969697554132674,0.39569038129443657,0.7199981495342332,-0.570115590751861],"T_pred":[95.16037309921411,38.146077140190094,1162.1406482089833],"rotation_error":17.683731908911835,"translation_error":102.93387442472665,"ADD":0,"ADD_S":0}}
{"id_image":42,"data":{"GT_R":[0.7274643014856195,-0.6806125882533494,0.08696300609893928,-0.36828207079449715,-0.49424854559387726,-0.7874555381995798,0.578933283195422,0.5408191640781784,-0.6102058477254257],"GT_T":[69.33899530901138,19.952166621209066,1064.3749501751054],"R_pred":[0.7190968411378028,-0.6032135285343891,-0.3450118433600879,-0.6458440702929711,-0.3968863729768018,-0.6522013828663099,0.25648619832856906,0.69181980741983,-0.6749816176226929],"T_pred":[94.68934524848578,36.84063958669575,1144.6561373341851],"rotation_error":26.761500154431207,"translation_error":85.86576601202006,"ADD":0,"ADD_S":0}}
{"id_image":43,"data":{"GT_R":[0.7274119571042671,-0.6806211099722712,0.08733297803430011,-0.3681922142622735,-0.49452793964876085,-0.7873233067567235,0.5790572451256083,0.5405522128237696,-0.6103243537850261],"GT_T":[67.99563623098187,21.59862505004271,1064.2139221257016],"R_pred":[0.6794535963588128,-0.6889855463332478,-0.2522731205240679,-0.6704973178329051,-0.44342895782424285,-0.5948143459448384,0.29795328018660105,0.5732971971907604,-0.7632523609654038],"T_pred":[94.31578146784753,38.38218043588361,1224.312517533716],"rotation_error":24.225114626378,"translation_error":163.11345140207882,"ADD":0,"ADD_S":0}}
{"id_image":44,"data":{"GT_R":[0.727761153110968,-0.6799719914708728,0.08945373244296212,-0.36437485531025443,-0.4938487600964059,-0.7895221732484332,0.581029168811174,0.5419885651828794,-0.6071682185944793],"GT_T":[64.7177077916556,23.577534572280356,1064.399385530821],"R_pred":[0.6395739245123769,-0.11356578688612001,-0.7602946844038653,-0.7659923034532659,-0.01075963781376052,-0.6427596916768169,0.06481501472804452,0.9934722151338976,-0.09387210247326028],"T_pred":[114.06310353724884,47.8669558599578,1267.1964787243796],"rotation_error":63.26694788561307,"translation_error":210.12283330360927,"ADD":0,"ADD_S":0}}
{"id_image":45,"data":{"GT_R":[0.7251128133705289,-0.6824727040325308,0.09187943929139634,-0.3656813305875465,-0.49466845273132937,-0.7884035106066479,0.5835146152471998,0.5380832855381126,-0.6082576401690989],"GT_T":[59.64628206925958,23.990992703135984,1064.9004248418796],"R_pred":[0.774210819954135,-0.6247889318558277,0.1011750804121232,-0.24142997045576156,-0.4392907124930605,-0.8652948857372667,0.5850719405608816,0.6454939663140107,-0.49094639607652796],"T_pred":[46.09387627548805,34.879023313746025,794.7335742695702],"rotation_error":9.55936263177147,"translation_error":270.7255881174463,"ADD":0,"ADD_S":0}}
{"id_image":46,"data":{"GT_R":[0.7249203469048657,-0.6831899680912683,0.08798544654687196,-0.3672924150516415,-0.49142768740760273,-0.7896807874955041,0.5827405093086232,0.5401396854753487,-0.6071765867476341],"GT_T":[58.33479706145058,24.669462580749503,1064.7544946077228],"R_pred":[0.7735905126542191,-0.6319678857265265,-0.04662949862186269,-0.3768337601694465,-0.39962389493006995,-0.8356417053962042,0.5094644599262429,0.6640160645731881,-0.5472920884324907],"T_pred":[52.689465871508034,37.755311855528646,827.1999337804825],"rotation_error":9.772749189816153,"translation_error":237.98167699490935,"ADD":0,"ADD_S":0}}
{"id_image":47,"data":{"GT_R":[0.7249833379404622,-0.6830049502738511,0.0889007796645544,-0.3656478628243615,-0.491037731610293,-0.7906860068393847,0.5836957556436498,0.5407271880498948,-0.6057333583215122],"GT_T":[57.704942237929735,25.933417234775114,1064.6333590550926],"R_pred":[0.7327820009941304,-0.6790847042851254,-0.04329553585559204,-0.4546713075621967,-0.44129915556923743,-0.7736465972093205,0.5062652872740943,0.5865995394644137,-0.6321364086978511],"T_pred":[63.78760015843776,41.51012860301935,1016.22688007358],"rotation_error":7.803110093360037,"translation_error":51.21347353787992,"ADD":0,"ADD_S":0}}
{"id_image":48,"data":{"GT_R":[0.7255796730625881,-0.6818784012503224,0.09261292702616525,-0.3630585105019431,-0.4936581014279908,-0.7902471098980084,0.5845712626073556,0.539763341886291,-0.605750032546133],"GT_T":[55.95715214711543,27.77177763375136,1064.8981801249324],"R_pred":[0.846826234782915,-0.5315618777557448,-0.01809138469488461,-0.21747073898348027,-0.31500833595582306,-0.9238377703711418,0.4853780029722924,0.7862644074324681,-0.38235647743368933],"T_pred":[45.12296284190949,40.248233385572334,782.9406782253935],"rotation_error":19.99094677142144,"translation_error":282.4412761680854,"ADD":0,"ADD_S":0}}
{"id_image":49,"data":{"GT_R":[0.7263127444537475,-0.6809625562280001,0.09359773348394736,-0.36107197209283404,-0.4938455602047201,-0.7910399101322396,0.5848908858289594,0.540746745975256,-0.6045626203585448],"GT_T":[54.07707326664848,29.23475135353249,1065.1931224734542],"R_pred":[0.7377613370609173,-0.6585855033533116,-0.1482340861979886,-0.5357102074426284,-0.43756473957029624,-0.722185344857229,0.4107587895345194,0.6122109386948619,-0.6756293239362042],"T_pred":[64.12435191347205,46.012238027250994,1058.305235390126],"rotation_error":15.09394513311187,"translation_error":20.73342363832849,"ADD":0,"ADD_S":1}}
{"id_image":50,"data":{"GT_R":[0.7258694146698506,-0.6808002021010708,0.09810966840552585,-0.3582848965692139,-0.49598895412279376,-0.790966689151735,0.5871510714860071,0.538986453951328,-0.6039426922872516],"GT_T":[50.999948867294734,31.74167729506382,1065.7064589794509],"R_pred":[0.7472260256364246,-0.5653544544283556,-0.34932450167374485,-0.6077193660451402,-0.36857220706404914,-0.7034427484263581,0.26894318869472544,0.7379219938705934,-0.618983596080511],"T_pred":[75.88597819612293,51.53225669234308,1187.5950008647762],"rotation_error":27.162865005740766,"translation_error":125.96744869832852,"ADD":0,"ADD_S":0}}
{"id_image":51,"data":{"GT_R":[0.7259292893297455,-0.680993472683158,0.0963028779164066,-0.3578873164834618,-0.4935946613292163,-0.7926415418777059,0.5873186079146604,0.5409367250996797,-0.6020338689846486],"GT_T":[47.96453870766779,32.75760064085265,1065.755402644637],"R_pred":[0.792128391708063,-0.5872627938816719,-0.16629799148603777,-0.44258577339955835,-0.36504364865414485,-0.8190610281057108,0.4202980421490352,0.7224026200807706,-0.5490755961305562],"T_pred":[58.24745595077403,47.588327613045514,976.7006809062148],"rotation_error":16.771861586540236,"translation_error":90.86491244402372,"ADD":0,"ADD_S":0}}
{"id_image":52,"data":{"GT_R":[0.7256843734516646,-0.6811191345167076,0.09725622427757136,-0.3582290511616317,-0.49472501134899294,-0.7917821017543959,0.5874131900701246,0.5397439821261535,-0.6030112977967087],"GT_T":[48.525169475412326,33.46816438098794,1066.1698698110158],"R_pred":[0.6150093932373374,-0.7841100256771022,-0.08327613020845995,-0.6549831945339003,-0.4491963609892367,-0.6076344659021525,0.4390449420139231,0.4282453699769345,-0.7898388709004573],"T_pred":[82.00271407296123,52.64103750047969,1290.837897302079],"rotation_error":20.316487880257178,"translation_error":227.9562844772263,"ADD":0,"ADD_S":0}}
{"id_image":53,"data":{"GT_R":[0.7287729987395328,-0.6781557296912737,0.09484340969875812,-0.3560950090167401,-0.4936372030076878,-0.7934225357896316,0.5848828134452712,0.5444515234510154,-0.6012367191918545],"GT_T":[51.591071244054646,34.05599770845195,1066.1251806583125],"R_pred":[0.7737468872746771,-0.6310215432351194,-0.05592464935889774,-0.3444962961818122,-0.34503759941538603,-0.8730815293583299,0.5316371472628304,0.6948099502474295,-0.4843563529958121],"T_pred":[44.014506366946776,45.15412170760314,786.6417263715307],"rotation_error":12.488270840510001,"translation_error":279.8063149961223,"ADD":0,"ADD_S":0}}
{"id_image":54,"data":{"GT_R":[0.7286812505502755,-0.6779684953814411,0.09686906468949408,-0.35472478838362376,-0.4946240330936781,-0.7934217180629142,0.5858278824921164,0.5437896657647822,-0.6009145204391356],"GT_T":[51.055092501496304,36.18390608080449,1066.3804399147173],"R_pred":[0.7458031494730983,-0.6647301902651708,-0.04371997696747784,-0.39725908838099033,-0.3911076627616143,-0.830192756429404,0.5347549709303425,0.6365285306089405,-0.5557594360747384],"T_pred":[63.47492964013171,57.62777861082976,1102.451298561165],"rotation_error":8.825280325875411,"translation_error":43.76298512585964,"ADD":0,"ADD_S":0}}
{"id_image":55,"data":{"GT_R":[0.7294442226508678,-0.6774320883517446,0.09485133921333654,-0.3536347114653079,-0.4921596578086165,-0.7954378836799346,0.5855377438145631,0.5466852611535882,-0.5985667182441339],"GT_T":[48.76940300718501,38.59126825274494,1066.5858057341625],"R_pred":[0.7631968299126072,-0.6461566044978311,0.003498753375197061,-0.33715122058803476,-0.4028278712197104,-0.8509164239950917,0.5512346626141587,0.6482371083426417,-0.5252894422127907],"T_pred":[42.09259725526458,48.286086197775475,827.9565429690095],"rotation_error":7.971383679424716,"translation_error":238.91943051555384,"ADD":0,"ADD_S":0}}
{"id_image":56,"data":{"GT_R":[0.729947028909485,-0.6765745142312719,0.09707943142516368,-0.35147206188434255,-0.4933633907292707,-0.7956505564811882,0.5862122483463181,0.5466620241855099,-0.5979261847259342],"GT_T":[47.1580727742232,40.15060286180326,1066.9578153580285],"R_pred":[0.7455711775067698,-0.6651802081906462,0.04072971768398015,-0.3366334375075663,-0.4286544243234387,-0.8384111838828133,0.5751534995312187,0.6113842287296832,-0.5435142839315289],"T_pred":[47.08517639859201,48.43628947604395,881.4141890542811],"rotation_error":5.29316460929429,"translation_error":185.7285524051045,"ADD":0,"ADD_S":0}}
{"id_image":57,"data":{"GT_R":[0.7298753964908183,-0.676724554085638,0.09657449927036617,-0.3518204140558609,-0.49300738499835506,-0.7957171309146284,0.5860928160734727,0.5467975540144386,-0.5979198087605262],"GT_T":[48.795908128657175,39.2269184556128,1066.5780442804728],"R_pred":[0.7568551008714072,-0.6533177019158398,0.018610122201038304,-0.32460625396228504,-0.40045870479128354,-0.8568918284389577,0.5672751855788373,0.6425019891955928,-0.5151602252757895],"T_pred":[47.27904014437752,46.14877772533683,814.511280535172],"rotation_error":7.774147111595558,"translation_error":252.16634670245134,"ADD":0,"ADD_S":0}}
{"id_image":58,"data":{"GT_R":[0.7326842672601512,-0.6743192065363041,0.09202307641838282,-0.3534327187500506,-0.4925553764402394,-0.7952830263911383,0.5816009272872876,0.5501669498238851,-0.5992140188750141],"GT_T":[53.688759747415574,37.52716330632768,1066.433176362022],"R_pred":[0.7308111459964065,-0.6730464020527538,-0.11368205474595328,-0.505043348026524,-0.4211390925659241,-0.7533744628847658,0.45918001426627697,0.6079888201246737,-0.6476907511319183],"T_pred":[72.69272853839905,51.49553803854896,1080.194131714761],"rotation_error":12.368561177753541,"translation_error":27.306230327317316,"ADD":0,"ADD_S":0}}
{"id_image":59,"data":{"GT_R":[0.7335192966035099,-0.6733030295986923,0.09280420452626988,-0.35340367792430144,-0.49446479242666874,-0.7941096981201794,0.5805641924381925,0.5496977754852072,-0.6006470312187766],"GT_T":[55.971765987644176,36.38325892462008,1066.3394822713674],"R_pred":[0.7698652788450373,-0.6355758823666544,0.05788566474267365,-0.30679586685380755,-0.44809409327958083,-0.8396951706716973,0.5596282234754367,0.6286930740208603,-0.5399641378535501],"T_pred":[58.77647015496153,49.085246672929955,990.0452087139345],"rotation_error":5.8351627470285035,"translation_error":77.39523910345383,"ADD":0,"ADD_S":0}}
{"id_image":60,"data":{"GT_R":[0.7349304004176095,-0.6715914880062392,0.09402979288246135,-0.350534166547984,-0.4949156316239456,-0.7950997539427408,0.580518844702882,0.551382902930401,-0.5991446506671434],"GT_T":[55.56984963352737,36.43822803375504,1066.1695205180392],"R_pred":[0.7628088105368164,-0.6439553965301714,-0.05868701600078971,-0.34437216690609795,-0.32775468749233494,-0.8797639885146473,0.5472938234877184,0.6913018965014284,-0.47177447860786476],"T_pred":[46.64482631490705,45.23950089601017,786.6105924481108],"rotation_error":12.638377044366909,"translation_error":279.83979829331145,"ADD":0,"ADD_S":0}}
{"id_image":61,"data":{"GT_R":[0.7355812418712607,-0.6709734962029694,0.09335570413561153,-0.3509559461309823,-0.49531385698188285,-0.7946655564315502,0.5794403161210592,0.5517776692468152,-0.5998259324595543],"GT_T":[54.752247139650194,35.97069534817034,1066.0640309452162],"R_pred":[0.6585791483823088,-0.7515589020842638,-0.037851314560112426,-0.5967027160117134,-0.49091097206966383,-0.6347852284086816,0.458496863697318,0.44064229733369176,-0.7717609680336324],"T_pred":[82.77669495341121,53.77227418618229,1272.9589063307517],"rotation_error":16.870658711086303,"translation_error":209.5417747018203,"ADD":0,"ADD_S":0}}
{"id_image":62,"data":{"GT_R":[0.736152655733801,-0.6709809351449544,0.08868394346957667,-0.3531259584220698,-0.49255480630711673,-0.7954199760454473,0.5773932933481148,0.5542328300703762,-0.5995354135546143],"GT_T":[55.754081769435196,35.49935761153647,1065.8851429935412],"R_pred":[0.732292160015067,-0.6760337800528541,0.08201536812035226,-0.31355777107805605,-0.44163414263523326,-0.8406193004299889,0.6045078300378159,0.5898623672402672,-0.5353808654936029],"T_pred":[53.99287359885181,45.837644592880295,866.2988474249771],"rotation_error":4.513558303346832,"translation_error":199.86163066159293,"ADD":0,"ADD_S":0}}
{"id_image":63,"data":{"GT_R":[0.7379400901653217,-0.6690543468061365,0.08837675294973159,-0.353585844347649,-0.494845243444516,-0.7937916510124988,0.5748221047912505,0.5545218327266637,-0.6017347289289132],"GT_T":[59.276474862222464,35.982484667366116,1065.7730051018657],"R_pred":[0.781712091881367,-0.6232225130129618,0.022801418382743244,-0.2814246990561132,-0.38514847346553416,-0.8788974867118148,0.556530631832276,0.6806279105803531,-0.4764654270473256],"T_pred":[54.58603901652512,45.395843150162754,827.5843522381134],"rotation_error":10.32167626104454,"translation_error":238.42073286398005,"ADD":0,"ADD_S":0}}
{"id_image":64,"data":{"GT_R":[0.740673168361326,-0.6657906635777154,0.0901474963471066,-0.3493799219189567,-0.49628324840269855,-0.7947559013960988,0.573879728122111,0.557158676851841,-0.6001977115743546],"GT_T":[62.51798330097877,36.03831125911719,1065.5430767262826],"R_pred":[0.76468530932646,-0.6426155490725575,0.04797534565244216,-0.3157508476623905,-0.43854707884205457,-0.8414142034928949,0.5617452980673516,0.6282688244129866,-0.5382569129792445],"T_pred":[52.369322993311386,44.66289639935365,835.3103292377256],"rotation_error":5.523414638316379,"translation_error":230.6176419769556,"ADD":0,"ADD_S":0}}
