{"id_image":1,"data":{"GT_R":[-0.09489741249029623,0.3561386300696222,-0.9296019480411393,-0.34937416104044705,0.8625018988232865,0.36609704814610067,0.932165006412512,0.3595205652274382,0.04257586846391211],"GT_T":[52.33599371521044,-13.031296641365195,861.5899289137005],"R_pred":[-0.2194797225182444,-0.005166535404598993,0.9756033816645099,-0.8246241165229532,0.5353722522703281,-0.18267900248177144,-0.5213671622302783,-0.8446004134565108,-0.12176380306576112],"T_pred":[12.39883252775175,7.229541120217697,468.9908752783433],"rotation_error":179.16318292105683,"translation_error":395.1449041881881,"ADD":0,"ADD_S":0}}
{"id_image":2,"data":{"GT_R":[-0.0942088044700669,0.3569088303168321,-0.9293762079650104,-0.3487578723609449,0.8625401638288959,0.36659474063891656,0.9324656699013796,0.35866342206071194,0.04321633121057268],"GT_T":[52.354688755493015,-13.192790317313282,861.42139865964],"R_pred":[-0.14332889717170352,0.045634736157048494,0.9886224244328164,-0.7666310466793784,0.6266237121696294,-0.1400698454844384,-0.6258863039744712,-0.7779847004939302,-0.05482828006189652],"T_pred":[17.934110161402838,1.0152625579154544,569.3075475879494],"rotation_error":177.14964329610433,"translation_error":294.477752954601,"ADD":0,"ADD_S":0}}
