{"id_image":1,"data":{"Best_template_id":53,"GT_R":[-0.9078519116941933,-0.4175345487208392,0.038330959211728285,0.3050982069800776,-0.5951250307633585,0.743466715795677,-0.28761117420744436,0.6866522290644125,0.6676740178175343],"GT_T":[104.54312464515644,71.49346046440272,955.3250389603148],"R_pred":[0.9304183563444008,-0.2665185023300529,-0.2515741840752526,-0.0025711005093277395,-0.6911545369709675,0.7227024252530349,-0.366490206717116,-0.6717687801172313,-0.6437481141255891],"T_pred":[67.12130621607899,46.3791891227371,990.6975636978649],"rotation_error":142.22660695223234,"translation_error":57.291662795473464,"ADD":0,"ADD_S":0}}
{"id_image":22,"data":{"Best_template_id":53,"GT_R":[-0.9242499571640853,-0.37968977255453973,0.03994910857637804,0.2805086647758495,-0.6043613464632938,0.745696562728413,-0.25898850685765024,0.700416614134716,0.6650875385781654],"GT_T":[123.98908347351863,71.49950539158314,950.4484723300701],"R_pred":[0.9986148974930062,-0.04738162371287343,-0.022875057144509076,-0.042347563761048944,-0.46579519738076147,-0.8838786782927402,0.031224515184975724,0.8836231186605233,-0.4671565196164066],"T_pred":[72.13888474251101,77.65978270979133,908.1221495052787],"rotation_error":176.05091634829375,"translation_error":67.21539800485209,"ADD":0,"ADD_S":0}}
{"id_image":32,"data":{"Best_template_id":53,"GT_R":[-0.9367940568580914,-0.3496535271291371,0.012625083983733553,0.2350284228427296,-0.6021372681762739,0.7630157248432052,-0.25918827502571584,0.7177559334853718,0.6462566797032786],"GT_T":[124.76872583176615,96.68065901698803,956.1195163517577],"R_pred":[0.9391816907272074,-0.18002479367385388,-0.2924531166964576,0.05668489902093038,-0.7586441645688097,0.6490345551576433,-0.33871016227118494,-0.626139046241631,-0.7023000218893978],"T_pred":[93.78208086905653,76.6328242944475,1036.1012749708668],"rotation_error":146.65246183533054,"translation_error":88.08614848495051,"ADD":0,"ADD_S":0}}
{"id_image":38,"data":{"Best_template_id":53,"GT_R":[-0.9324727068479728,-0.3609123408717184,0.015351998345137018,0.2472433122808263,-0.6066500058269286,0.7555439178370134,-0.26337126367146285,0.7083205664774254,0.6549182091744814],"GT_T":[116.44478155080068,76.06093749691298,964.1446169266125],"R_pred":[0.9642727252954426,-0.16639010850627087,-0.20613695215213534,-0.003044497204862051,-0.7850442370888306,0.6194322213530593,-0.2648940208613058,-0.5966740128452782,-0.7575033201953922],"T_pred":[75.68770443428765,53.79367423218136,976.3481494280119],"rotation_error":150.91160862416686,"translation_error":48.019751705886286,"ADD":0,"ADD_S":0}}
{"id_image":43,"data":{"Best_template_id":53,"GT_R":[-0.9335844718292643,-0.35787015932803196,0.018669405482307774,0.25229389948972736,-0.6193770659845115,0.7434514927393518,-0.25449572950333477,0.6987855602274037,0.6685288866265732],"GT_T":[112.7084881159286,49.609068355442055,963.475840659434],"R_pred":[0.9978081293133274,-0.052305301040884544,0.04053507813314758,0.0069378597376918184,-0.526491912294713,-0.850151829022626,0.06580883814882353,0.8485696328359145,-0.5249750232632246],"T_pred":[66.34874816791738,58.37397130092778,965.4716734587136],"rotation_error":174.56330679445003,"translation_error":47.223218444465346,"ADD":0,"ADD_S":1}}
{"id_image":50,"data":{"Best_template_id":69,"GT_R":[-0.9345591734753598,-0.3550979116552319,0.02246297793999881,0.253286986869169,-0.6196122414447496,0.7429178167856897,-0.24988983434217368,0.699990771412548,0.66900601911256],"GT_T":[106.03223506395744,48.34500361314049,963.1185017032775],"R_pred":[0.8989969558829619,-0.4141738877649621,0.14235330697536794,-0.3789055538663506,-0.898552632138341,-0.2214356532415074,0.2196248040691233,0.14513151956386197,-0.9647288673335548],"T_pred":[103.96889702546811,69.81587900683658,1477.2310624351378],"rotation_error":174.9781309140608,"translation_error":514.564846211149,"ADD":0,"ADD_S":0}}
{"id_image":56,"data":{"Best_template_id":53,"GT_R":[-0.9342878127958872,-0.3556338687831649,0.025095341249940888,0.25271142629260657,-0.6109556267358403,0.7502467903904741,-0.25148076405061004,0.7072887675745063,0.660681213016178],"GT_T":[97.20609431228834,57.155582365316825,960.9933443111212],"R_pred":[0.9963709134973631,-0.06130280823848778,0.059050558325086384,0.004008430716724055,-0.6591892476993004,-0.7519664009786737,0.0850231451995188,0.7494741499342759,-0.6565512648382272],"T_pred":[66.17071012981867,72.855899608744,1142.8974133617817],"rotation_error":175.23380023814215,"translation_error":185.19931255294983,"ADD":0,"ADD_S":0}}
{"id_image":63,"data":{"Best_template_id":53,"GT_R":[-0.9405761395540377,-0.338059402776082,0.03209715747296722,0.2466331204303716,-0.6150983620218489,0.7488834568151594,-0.23342419508665888,0.7122988650797489,0.6619244593901389],"GT_T":[107.14607263448465,49.35366563762366,955.5192579328943],"R_pred":[0.9517686042221292,-0.1931332131896126,-0.23840320044017022,0.037704630428274655,-0.6975069486142508,0.7155853670101873,-0.30449119012104037,-0.6900605905265804,-0.6565831984910822],"T_pred":[62.38796581658003,20.07094071302478,906.2012261671659],"rotation_error":149.22743794288226,"translation_error":72.75324296674395,"ADD":0,"ADD_S":0}}
{"id_image":69,"data":{"Best_template_id":53,"GT_R":[-0.9518967631465172,-0.3057179116176165,0.020710862338929763,0.217713136487433,-0.6272205122252704,0.7477940132135924,-0.21562246685940545,0.7163313281542856,0.6636083783178629],"GT_T":[112.14275434620414,49.74657917317627,950.2943134030004],"R_pred":[0.9691500296062522,-0.003937883436249692,-0.2464400803202308,-0.19115327906461665,-0.6432030916377591,-0.7414514190494702,-0.15559127230357134,0.7656854941695518,-0.6241130346349809],"T_pred":[95.45079589784928,72.11455562930621,1159.4663196222084],"rotation_error":167.3175111463457,"translation_error":211.0257710170774,"ADD":0,"ADD_S":0}}
{"id_image":81,"data":{"Best_template_id":53,"GT_R":[-0.9709809999854994,-0.23873224807332322,0.014182015584906105,0.16348719540696777,-0.6193208870857507,0.7679288713018537,-0.1745458005955434,0.7479629201950851,0.6403784945613787],"GT_T":[145.50205726425648,80.76563401809256,940.748840442851],"R_pred":[0.9672002036627928,0.03725310352626714,-0.2512687252968677,-0.1874612790216057,-0.5628312158512784,-0.8050337206173137,-0.17141188670052973,0.8257319351587613,-0.5373869521645755],"T_pred":[144.85448269709678,116.71791444808598,1207.207306427803],"rotation_error":166.9653910676683,"translation_error":268.8737620445526,"ADD":0,"ADD_S":0}}
{"id_image":86,"data":{"Best_template_id":53,"GT_R":[-0.9733309180468512,-0.22906667579874188,0.012413608545247732,0.15369620153880464,-0.6109845599902598,0.7765801415497247,-0.17030336285954223,0.7577777320273127,0.6298964105296617],"GT_T":[139.2085441755907,91.48107425271498,936.7020683538467],"R_pred":[0.9929532449772243,0.06028517534874491,-0.10202720677531016,-0.05920499536540135,-0.49344400303110697,-0.8677602113466714,-0.10265778983098955,0.8676858380230763,-0.48639764049716405],"T_pred":[91.88586720888107,103.95611107599588,930.6241600025915],"rotation_error":175.7230226789364,"translation_error":49.31534516724002,"ADD":0,"ADD_S":1}}
{"id_image":90,"data":{"Best_template_id":53,"GT_R":[-0.9741702438396225,-0.22539793302363267,0.013647800935993241,0.15317840251807174,-0.6152091058358129,0.773340543829989,-0.16591288141999144,0.7554560047824471,0.6338449920842414],"GT_T":[135.62531445953155,83.79367446604077,933.9310531883168],"R_pred":[0.900086542715332,-0.20278829316426172,-0.38564377834769537,0.12004327817605419,-0.7354191253447365,0.6668945354716361,-0.4188482147359679,-0.6465567401494693,-0.6375974864911126],"T_pred":[116.29974689372405,63.80445829249133,1078.4391208514346],"rotation_error":146.76829225479847,"translation_error":147.1585129875323,"ADD":0,"ADD_S":0}}
{"id_image":135,"data":{"Best_template_id":53,"GT_R":[-0.974121039322669,-0.22469814783049882,0.024460822011529458,0.15794064163440835,-0.5992741914191817,0.7848097751436189,-0.1616862942603908,0.7683635294414292,0.6192543678750372],"GT_T":[137.61943013376003,76.43787728485106,1030.5131748853669],"R_pred":[0.8682018835477228,-0.05178301713066097,-0.4935017816999583,0.2497963450366037,-0.8137213063024479,0.5248422826676524,-0.42875083138174985,-0.5789439997152432,-0.6935391624004913],"T_pred":[118.86844871598105,54.03845214270629,1068.378669969658],"rotation_error":148.87961900691204,"translation_error":47.82394033124949,"ADD":0,"ADD_S":0}}
{"id_image":202,"data":{"Best_template_id":53,"GT_R":[-0.9766154320139048,-0.2127533553282775,0.030929967822010573,0.14300386907149454,-0.5354235661811351,0.8323887441358936,-0.16053299865391188,0.8173477642601081,0.5533281970740979],"GT_T":[138.96288809403828,89.272885172258,1088.6336363773516],"R_pred":[0.9553822445314021,-0.12956153081145783,-0.26544034465003835,0.13994841759420518,-0.5928353388725524,0.7930704265049503,-0.26011383517032965,-0.7948333603452095,-0.5482524254714473],"T_pred":[93.82436234066584,50.085942326410155,900.7654744449136],"rotation_error":156.01996927309767,"translation_error":197.14854618957852,"ADD":0,"ADD_S":0}}
{"id_image":390,"data":{"Best_template_id":53,"GT_R":[-0.9864007112672478,-0.15840223169335332,0.043844997483992884,0.11795600981674946,-0.4964907813412468,0.8599904974813597,-0.11445524304271085,0.8534675077232695,0.5084233453974198],"GT_T":[130.51571124220973,91.93984801688616,1017.1869201779303],"R_pred":[0.9794735848419356,-0.05716000595603147,-0.19329829361894116,0.07544553401082384,-0.7852914448456676,0.6145122602926856,-0.18692102074060465,-0.6164820195036593,-0.7648597594552744],"T_pred":[87.07714648340006,62.95428541709726,907.3677927444787],"rotation_error":165.0093666180922,"translation_error":121.60309411267573,"ADD":0,"ADD_S":0}}
{"id_image":479,"data":{"Best_template_id":53,"GT_R":[-0.9976239723018916,-0.057647975180784496,0.03771889631338715,0.06297752192433602,-0.5411790833577212,0.8385455382622706,-0.027927517881509326,0.8389290284554569,0.5435238342251991],"GT_T":[145.54102579603207,72.39779372274857,929.1186226839693],"R_pred":[0.9725680562125061,0.2129055522956182,0.09371553679473421,0.18358160496348036,-0.45508150464494884,-0.8713200436401781,-0.1428606676242976,0.8646224898369156,-0.4816832773868663],"T_pred":[88.00759746518972,76.70116011705076,832.5161955565463],"rotation_error":172.80586616425788,"translation_error":112.51952392688501,"ADD":0,"ADD_S":0}}
{"id_image":514,"data":{"Best_template_id":53,"GT_R":[-0.9993801681956027,-0.011962569992325964,0.033099699201283264,0.034208062302428566,-0.5513998445096503,0.8335392428865566,0.008280437318325907,0.8341550154812362,0.5514672522635115],"GT_T":[157.37399686345807,69.95275585300463,891.2772014827138],"R_pred":[0.966889312559803,0.054526898795745224,-0.24930277689057215,0.20557187378914377,-0.7452704873643965,0.6342807780237828,-0.15121263824314476,-0.664528944419544,-0.7318032659562229],"T_pred":[120.76819451855923,42.31312584522173,908.8743234047349],"rotation_error":173.63192804540768,"translation_error":49.12832800146377,"ADD":0,"ADD_S":0}}
{"id_image":520,"data":{"Best_template_id":53,"GT_R":[-0.9994067985138069,-0.004291933510027223,0.034156247762223285,0.030883214559021717,-0.5501695201687178,0.8344821500415959,0.015210846730283185,0.8350422006085116,0.5499760523439653],"GT_T":[159.8729920268969,73.35742923048814,883.8387579637847],"R_pred":[0.9917458297224595,0.047955503330110866,-0.11891374575071566,0.11146015226825629,-0.7808654747136586,0.61467531661565,-0.06337857433271314,-0.622855826095067,-0.7797652058247948],"T_pred":[117.27805745280548,45.623935878813604,895.1449809045101],"rotation_error":178.55719295581298,"translation_error":52.07020051856809,"ADD":0,"ADD_S":0}}
{"id_image":524,"data":{"Best_template_id":53,"GT_R":[-0.9994213502493046,-0.005080341416551246,0.03363229400826989,0.030874503061191293,-0.5504625550432511,0.8342889340914851,0.014274718978306813,0.8348442774922724,0.5503003318320263],"GT_T":[155.8617026678114,73.40281832510907,880.24653747496],"R_pred":[0.9306049175510999,0.1747191015665532,0.321632900956177,0.3652825240486909,-0.49926563643937777,-0.7856860071907863,0.02330590170594235,0.8486501398212101,-0.5284408908545151],"T_pred":[112.15206959811566,77.03602668288066,945.6257703025245],"rotation_error":159.34955412818942,"translation_error":78.72849745282402,"ADD":0,"ADD_S":0}}
{"id_image":530,"data":{"Best_template_id":53,"GT_R":[-0.9993096037489388,-0.009869169480768124,0.03581532493071227,0.03537651861982414,-0.547207486036233,0.8362494616501654,0.011344677214104662,0.836938882974155,0.547178344418491],"GT_T":[151.266580186732,77.21198957314483,875.8790779319614],"R_pred":[0.982276187174707,0.11288131784475507,-0.14963722862694065,0.04260738775815774,-0.9118930412427084,-0.40821035244289194,-0.18253247003737696,0.39459965713968304,-0.9005403977430988],"T_pred":[155.76544662405672,97.78104874639428,1243.073698549095],"rotation_error":175.381636198151,"translation_error":367.7977914624478,"ADD":0,"ADD_S":0}}
{"id_image":537,"data":{"Best_template_id":53,"GT_R":[-0.9990253837053726,-0.014414390040414112,0.041704773194154145,0.0429079299555946,-0.537901948742936,0.8419152504968196,0.010297959742634467,0.8428844746026798,0.5379964685675782],"GT_T":[152.11300868109012,89.68371507109677,869.4211130586959],"R_pred":[0.985262344645159,0.13219870269195022,-0.10854314916608031,0.038075800041150965,-0.7881528406320046,-0.6143006863539453,-0.16675834514515575,0.6011144673107338,-0.7815708870692292],"T_pred":[141.25445602894314,107.67223290840614,1140.2428082313816],"rotation_error":177.35572342225416,"translation_error":271.63557483490575,"ADD":0,"ADD_S":0}}
{"id_image":543,"data":{"Best_template_id":53,"GT_R":[-0.9991114100394841,-0.009977879358775817,0.04094888181495987,0.039971511121984916,-0.5324995780681665,0.8454857450814043,0.013368903583072283,0.8463710824702696,0.5324250985439577],"GT_T":[154.506937978391,96.29018689757713,863.7857797343705],"R_pred":[0.9997612305547445,-0.0030971966073996436,-0.02163074785666545,0.011349609291442856,-0.7723016259231118,0.6351546150075976,-0.018672660458411348,-0.6352484600293754,-0.7720820719209273],"T_pred":[108.68448296317169,68.06418316712957,874.0306949086024],"rotation_error":179.82823994836605,"translation_error":54.78469637718405,"ADD":0,"ADD_S":0}}
{"id_image":560,"data":{"Best_template_id":53,"GT_R":[-0.9995130887288264,-0.0009108048317732617,0.031171574569667886,0.026923294458695336,-0.5296438949024938,0.8477928549945672,0.015738357847907124,0.8482200823701006,0.5294107448519916],"GT_T":[158.44929704663667,103.04871375297166,853.7397124716497],"R_pred":[0.989165470279888,0.03462011105197301,-0.14266436246210096,0.10770466070269077,-0.831492746346247,0.5449949713864286,-0.09975659611718374,-0.5544558239249768,-0.826212660788243],"T_pred":[78.8945496866227,56.78447167900571,479.6545664578189],"rotation_error":176.91479646299902,"translation_error":385.2389315611589,"ADD":0,"ADD_S":0}}
{"id_image":561,"data":{"Best_template_id":69,"GT_R":[-0.999511735953381,-0.0028577475649355175,0.03109996258262867,0.027903199723173837,-0.5290452269685809,0.8481348116142925,0.014030122426914308,0.8485892587355487,0.5288666239780199],"GT_T":[158.42507022909496,103.3942466376271,853.3643982762609],"R_pred":[-0.565487386646115,-0.2361074768350268,0.79023874552362,-0.3695584677475577,-0.7840390251795925,-0.4987076758096989,0.7373266267131715,-0.5740523202444456,0.35610866201448077],"T_pred":[145.588316564768,124.91440796651948,642.0065931554695],"rotation_error":110.99228741682234,"translation_error":212.83801674921372,"ADD":0,"ADD_S":0}}
{"id_image":568,"data":{"Best_template_id":69,"GT_R":[-0.9993447563539622,-0.0252909646219211,0.025883432518563343,0.03537010121393055,-0.5313055166812927,0.8464422887654168,-0.0076550929524267135,0.8468031522828605,0.5318521260302969],"GT_T":[150.80382137761993,102.19772671204146,852.8789824470855],"R_pred":[-0.9475690636847331,-0.00901305795976181,-0.3194239100847839,-0.12708913057023283,-0.9065160304440624,0.4025879275870578,-0.29319144332422187,0.42207517261046495,0.8578410844831955],"T_pred":[218.95564823779483,121.41726828271445,867.8811172258787],"rotation_error":38.15330740731568,"translation_error":72.38180938942575,"ADD":0,"ADD_S":0}}
{"id_image":577,"data":{"Best_template_id":69,"GT_R":[-0.9988451140066149,-0.042172413085492785,0.023013770046926344,0.041967628982909205,-0.532717662009728,0.8452522868914676,-0.023386478982468782,0.8452424400982617,0.5338722237885173],"GT_T":[146.06714449337136,103.13309008730712,850.9299755912804],"R_pred":[-0.28840706656470083,-0.3337255599996554,0.8974678905445368,-0.6487467895156407,-0.6212644148616379,-0.43949758807048717,0.7042364425735814,-0.7089836228218132,-0.037326338177805396],"T_pred":[76.74508780551605,94.14478562081213,420.88626256551515],"rotation_error":133.65434467798653,"translation_error":435.6878840105648,"ADD":0,"ADD_S":0}}
{"id_image":583,"data":{"Best_template_id":69,"GT_R":[-0.9977811923474671,-0.06099746746327024,0.02666210918659386,0.05522568493840361,-0.5347988251764912,0.8431724273114655,-0.03717291134475183,0.8427746807443767,0.5369808577461502],"GT_T":[145.972819353373,101.22455514804369,851.5275898768675],"R_pred":[0.9701939677348477,0.22259124732669408,-0.0957956240360667,-0.015870522256444003,-0.336098540521225,-0.941693101590327,-0.2418094115087762,0.915145293203789,-0.32254813723339093],"T_pred":[94.24113386371535,108.47606102633887,576.5015043789383],"rotation_error":174.9596213407704,"translation_error":279.94302871373327,"ADD":0,"ADD_S":0}}
{"id_image":588,"data":{"Best_template_id":53,"GT_R":[-0.996840508470009,-0.07465257372237168,0.027121784985079358,0.06299080338877071,-0.5350204791348409,0.8424879443174524,-0.04838321692134381,0.841534228804149,0.5380325959148975],"GT_T":[148.24804883135457,102.82845667132389,852.6527610615725],"R_pred":[0.9596368134835929,-0.05697465797084888,-0.27541073791005455,0.13148609689443536,-0.7747656595977542,0.6184250795622086,-0.24861333940583943,-0.6296761557000246,-0.7360022733744206],"T_pred":[65.97891412738765,43.40730768171331,420.0427077692314],"rotation_error":164.78177900640534,"translation_error":444.35407242624336,"ADD":0,"ADD_S":0}}
{"id_image":589,"data":{"Best_template_id":69,"GT_R":[-0.9966363512248839,-0.07724285455165428,0.027358225031471877,0.06453119508067662,-0.5340341213656152,0.8429970727464194,-0.05050502759195414,0.8419271358793096,0.5372223137482627],"GT_T":[148.41071599431052,103.68525733423098,852.478260326147],"R_pred":[0.8330824708103569,-0.4881835534381147,0.26009693381707955,-0.1083196974847184,-0.6050852918163795,-0.7887576514775029,0.5424393421990424,0.6289265519756836,-0.5569658447828267],"T_pred":[66.08795639100887,101.47745213367047,588.500365953483],"rotation_error":164.94237400536298,"translation_error":276.5252969800991,"ADD":0,"ADD_S":0}}
{"id_image":595,"data":{"Best_template_id":53,"GT_R":[-0.9955099398358781,-0.08963928182876106,0.03038533705912879,0.07377315324649301,-0.5337306222730384,0.8424310067241702,-0.059296995490221154,0.8408901562800984,0.5379477349834324],"GT_T":[150.5583620154225,105.85275668358491,852.5252085682093],"R_pred":[0.993569652361555,-0.016110243095229675,-0.11207054016801703,0.03981192064448008,-0.8769053642456681,0.47901147494790736,-0.10599224915405907,-0.4803930080929412,-0.8706251781878808],"T_pred":[79.52412938959888,65.97220802253743,502.7814069308424],"rotation_error":172.43467788870026,"translation_error":359.1058996312977,"ADD":0,"ADD_S":0}}
{"id_image":598,"data":{"Best_template_id":53,"GT_R":[-0.9948060788474299,-0.09765466746627328,0.028712262714790875,0.07660027780774797,-0.5324605744008065,0.8429816824328922,-0.067032723589769,0.8408029270420179,0.5371751138744734],"GT_T":[150.29905460324446,107.38238109130465,853.3452481905412],"R_pred":[0.9486717496967452,-0.056403583614987124,-0.3111921385297245,0.14159321256911164,-0.8040966736251235,0.5773905970998922,-0.2827954622720712,-0.5918168426298788,-0.7548374336888221],"T_pred":[79.68183700788659,57.28495734646527,473.87788443963376],"rotation_error":162.32333899349797,"translation_error":389.21976239503,"ADD":0,"ADD_S":0}}
{"id_image":604,"data":{"Best_template_id":69,"GT_R":[-0.9937743349390437,-0.10821243451273975,0.02650597685198608,0.080406312748096,-0.5319248206111196,0.8429659380778344,-0.07712003993981979,0.8398495717391982,0.5373137307598103],"GT_T":[148.59961596375234,111.02944176102127,853.7998176440095],"R_pred":[0.8057493306251617,-0.3467929847323007,0.480106906779695,0.07090229835912928,-0.7483278769267763,-0.6595288111232568,0.5879973471747109,0.5654555812393453,-0.5783762662495555],"T_pred":[126.19845345268119,145.7568339926762,827.4623128260491],"rotation_error":153.11953107681703,"translation_error":49.0047754111241,"ADD":0,"ADD_S":0}}
{"id_image":681,"data":{"Best_template_id":69,"GT_R":[-0.958096604850652,-0.28615131675557093,0.012947253065971926,0.16860561452545997,-0.5268336086457606,0.8330782889912715,-0.23156463892532636,0.8003529437342701,0.5530039879821369],"GT_T":[117.60583274170554,99.24294003512811,887.0374295343302],"R_pred":[-0.20987821723011618,-0.9584776810083049,-0.19305871889466825,0.47829300335276215,-0.2728658867720486,0.8347334968598652,-0.8527525648604659,0.08285374369964177,0.515701774554685],"T_pred":[111.51094676551939,56.567062187602865,924.3516721529293],"rotation_error":61.91328866529917,"translation_error":57.01518120044244,"ADD":0,"ADD_S":0}}
{"id_image":741,"data":{"Best_template_id":69,"GT_R":[-0.9235127946475559,-0.383314941884511,-0.013892372477034488,0.19971214808145057,-0.5114521381376118,0.8357828099308225,-0.3274720425597544,0.7690819689506596,0.5488848309346479],"GT_T":[130.40272228890527,103.18725666884806,910.280261646602],"R_pred":[-0.24127244091463895,-0.6401062720520888,0.7294186518966109,-0.39135079229911274,-0.6236223002709933,-0.6767124825001914,0.8880496419806433,-0.44873063978771544,-0.10004322212803185],"T_pred":[109.47553852878819,128.46489282453732,1028.5449413319277],"rotation_error":141.14975586221607,"translation_error":122.73320810123809,"ADD":0,"ADD_S":0}}
{"id_image":866,"data":{"Best_template_id":53,"GT_R":[-0.8757959282606772,-0.4826806473879949,-9.330577649469202e-05,0.2629518444272778,-0.47727133180034087,0.8384925112572036,-0.4047685529494658,0.7343235850245495,0.5449143021814162],"GT_T":[159.804624112562,96.00951268587951,930.5752976760383],"R_pred":[0.4548885055292885,-0.3814839948024584,-0.8047026837577271,0.05708054629557072,-0.8892557286796118,0.4538348380689742,-0.888717198422496,-0.2523771200407252,-0.38273689462608596],"T_pred":[159.3661338550308,80.9071332274772,721.0859445295526],"rotation_error":102.36792764831877,"translation_error":210.0334811898915,"ADD":0,"ADD_S":0}}
{"id_image":1012,"data":{"Best_template_id":53,"GT_R":[-0.8355774562115278,-0.548069258738747,-0.037812683165177934,0.27536871691163695,-0.47739203591959817,0.8344273656613486,-0.47537422907128235,0.6868169725637747,0.5498189896795641],"GT_T":[182.44617377919215,95.50657424675873,932.7842589334745],"R_pred":[0.8333426398962474,-0.4498715978813953,-0.3211784394233115,-0.008644189436358057,-0.5915837604830648,0.8061972043623721,-0.5526891735141389,-0.6690621792870645,-0.49688074799483034],"T_pred":[102.3806015642677,48.09170201860399,539.7979705824022],"rotation_error":118.51737259222085,"translation_error":403.8525582368739,"ADD":0,"ADD_S":0}}
{"id_image":1024,"data":{"Best_template_id":53,"GT_R":[-0.8392671607511395,-0.5419047704716013,-0.044384633203809684,0.26898387929344697,-0.48474997794020214,0.8322658695582151,-0.4725230925548336,0.6865551769928144,0.5525978305090807],"GT_T":[214.00036005080423,94.17833096909263,928.8007879127736],"R_pred":[0.3807972915201737,-0.7931855853264943,-0.4752368356947577,0.018634020143068697,-0.5072720745948975,0.8615844796823446,-0.9244707653918577,-0.3369446090479194,-0.178387595895391],"T_pred":[157.7345426099607,50.171221564329805,599.3438266350421],"rotation_error":84.08115309688411,"translation_error":337.111787430825,"ADD":0,"ADD_S":0}}
{"id_image":1025,"data":{"Best_template_id":53,"GT_R":[-0.8384077900030449,-0.5433808420992108,-0.04252619736046272,0.27083999825177807,-0.4830559573827154,0.8326486578844684,-0.47298736068689434,0.6865820729576539,0.5521668780741675],"GT_T":[216.73640407263866,94.94686794179333,928.1746194575961],"R_pred":[0.6218472042140586,-0.6468745741733393,-0.44142874838327056,0.005086134741327075,-0.5603183943695208,0.8282616906295712,-0.7831220759527551,-0.5172973827685807,-0.3451423357634123],"T_pred":[153.44541936968338,55.33855226638679,612.790783592791],"rotation_error":100.50762584863313,"translation_error":324.1011128338049,"ADD":0,"ADD_S":0}}
{"id_image":1028,"data":{"Best_template_id":53,"GT_R":[-0.8355378677752366,-0.5480218157713134,-0.03933627182991553,0.2750141436040288,-0.4791293001583858,0.8335485298266248,-0.47564979767999305,0.6856443182086536,0.5510437821907979],"GT_T":[221.76874422918186,98.89997547449204,926.8673865195727],"R_pred":[0.8333923240298974,-0.42330241411584646,0.355348139789338,-0.03388531251572388,-0.6808774956099644,-0.7316130271992254,0.5516421121014585,0.5976795982594683,-0.5817818130370204],"T_pred":[176.21133668648125,118.36497867622674,753.7372891651203],"rotation_error":166.46271396861903,"translation_error":180.07885589823545,"ADD":0,"ADD_S":0}}
{"id_image":1029,"data":{"Best_template_id":53,"GT_R":[-0.8333361227652204,-0.5512593863965476,-0.04078104049162533,0.27557031410841715,-0.4782648256787123,0.8338609266291522,-0.47917712158099635,0.6836493429222557,0.5504655913549721],"GT_T":[221.51310421266618,100.03279985018258,926.8609575583224],"R_pred":[0.6027372854385917,-0.6567994559920753,-0.45312497100759264,0.012233605768103784,-0.5601956143772454,0.8282700118454194,-0.7978459147178911,-0.5047725708088884,-0.32961575831103285],"T_pred":[155.44594373026317,58.374086374612126,617.3570142024931],"rotation_error":98.7429042506553,"translation_error":319.2068436851811,"ADD":0,"ADD_S":0}}
{"id_image":1032,"data":{"Best_template_id":53,"GT_R":[-0.829884354021073,-0.5563796996165062,-0.041620808239842634,0.27894795805395706,-0.47836239805577135,0.8326812889365773,-0.48319659113834745,0.6794204376475155,0.5521861287251454],"GT_T":[222.75169087793725,101.00263092385117,925.5963747214943],"R_pred":[0.971830286905483,-0.10808284260899671,-0.2094373237671965,0.06341295418458114,-0.7359590542117433,0.6740497516988939,-0.22699050793984946,-0.6683430029986961,-0.7083734464587829],"T_pred":[129.59519414072554,67.95276878413512,631.9655267665926],"rotation_error":140.45281043465553,"translation_error":309.8217247749405,"ADD":0,"ADD_S":0}}
{"id_image":1033,"data":{"Best_template_id":53,"GT_R":[-0.8290426259285927,-0.5574770679523643,-0.043665768600422886,0.2783981533099606,-0.47921234941387875,0.83237596735449,-0.48495570051274944,0.677919841649411,0.5524883744798895],"GT_T":[222.92289068133596,100.63191084197307,925.2675280577931],"R_pred":[0.826557582729125,-0.4863611869293182,0.2832937667540355,-0.046763796384343664,-0.5609188241544019,-0.8265489822490659,0.5609061505998207,0.6699424367495672,-0.4863758029151361],"T_pred":[130.98312837462728,99.58136686766395,557.4576141045451],"rotation_error":166.5652240968628,"translation_error":379.1281529218739,"ADD":0,"ADD_S":0}}
{"id_image":1039,"data":{"Best_template_id":53,"GT_R":[-0.8199094468203123,-0.5701451794719662,-0.05178742402738633,0.28480006664903673,-0.4846835420199111,0.8270254363450181,-0.4966250165075411,0.6633373800132344,0.5597743118698203],"GT_T":[214.4945689674938,91.79518044309955,926.692880661248],"R_pred":[0.7351578774535452,-0.5443910325089021,-0.40395705086294803,-0.05569344379991828,-0.642386974843433,0.7643541161459184,-0.6756042743616297,-0.5394231903388973,-0.5025748563039159],"T_pred":[122.2578228041893,48.29775548142876,539.6486074317716],"rotation_error":108.88846706540417,"translation_error":400.25356058481685,"ADD":0,"ADD_S":0}}
{"id_image":1042,"data":{"Best_template_id":53,"GT_R":[-0.8144915548048712,-0.5779172398805426,-0.05112892416849863,0.2919779793799791,-0.4844578965458305,0.824651683792238,-0.5013496992137534,0.6567434611618632,0.5633254458476159],"GT_T":[208.26541758944055,87.32705331913635,928.2909387526067],"R_pred":[0.7195544521964675,-0.6070912637200128,-0.3371670028918594,-0.034691186640104954,-0.5163449406933422,0.8556777569797466,-0.6935689669338894,-0.6040100162540575,-0.3925990172823036],"T_pred":[115.62192125597463,39.47895350631286,527.5189625001304],"rotation_error":105.73714945120238,"translation_error":414.11403624835305,"ADD":0,"ADD_S":0}}
{"id_image":1063,"data":{"Best_template_id":53,"GT_R":[-0.7815407717161816,-0.622077014567215,-0.04705032795960959,0.3276671137248051,-0.4734983925916315,0.8175779851796049,-0.5308741969271707,0.6235548271070684,0.5738920989786908],"GT_T":[179.99964574177193,68.24577212581957,937.1620984903936],"R_pred":[0.8126533511161284,-0.5551840359410352,0.1771022787994271,-0.06271561042468726,-0.3854656142547738,-0.920588405551715,0.579362825118065,0.7370121752477453,-0.34806862887626233],"T_pred":[88.73193988383784,67.87030635746291,466.7415742176848],"rotation_error":165.52660977260507,"translation_error":479.1924506543523,"ADD":0,"ADD_S":0}}
{"id_image":1068,"data":{"Best_template_id":69,"GT_R":[-0.7754045209666469,-0.6298748460231233,-0.04477587371318252,0.3368537603898481,-0.47257312298579607,0.8143738870028663,-0.534112980410733,0.6163861678889454,0.5786105382515722],"GT_T":[176.60609612257562,61.23430872608383,937.6247398230373],"R_pred":[0.45790846193112056,-0.8149456635553298,0.3552230368996895,-0.11240607828618565,-0.44944482591863044,-0.8862077758738588,0.8818643399390832,0.365872811106995,-0.2974094350158884],"T_pred":[91.71513792433124,66.15833281997786,577.0260219605109],"rotation_error":155.67239163189504,"translation_error":370.4890769256109,"ADD":0,"ADD_S":0}}
{"id_image":1080,"data":{"Best_template_id":53,"GT_R":[-0.7640900884582361,-0.6434362330764062,-0.04643336798417705,0.3474901401889822,-0.4711544481327896,0.8107183459814855,-0.543522060433206,0.6033271972432386,0.5835926731012582],"GT_T":[170.16897696422845,53.34243897993665,940.9774711971933],"R_pred":[0.7820204946051884,-0.5360827235447948,-0.3178981905174227,-0.07856352179088158,-0.590784074540725,0.802995610394523,-0.6182812620978175,-0.6029838229885227,-0.5041218009101329],"T_pred":[94.10453886152385,26.205444093659242,537.751865051134],"rotation_error":109.19999207571777,"translation_error":411.2336375920566,"ADD":0,"ADD_S":0}}
{"id_image":1083,"data":{"Best_template_id":53,"GT_R":[-0.760229288703736,-0.6480247872660523,-0.04599642618963769,0.3507434638006585,-0.46900690464816147,0.8105628746660752,-0.5468362365574116,0.6000807975493704,0.5838432025279594],"GT_T":[169.61000849286964,52.10612358348813,941.8828503251029],"R_pred":[0.5422706417123409,-0.556172810733859,-0.6297732574008561,-0.248609090350261,-0.8221965496009761,0.512041359676604,-0.802580881489275,-0.12109764004574405,-0.5841226671198865],"T_pred":[168.1579012350008,56.304807503530874,816.1794095691411],"rotation_error":98.1703515599064,"translation_error":125.78192469522955,"ADD":0,"ADD_S":0}}
{"id_image":1089,"data":{"Best_template_id":53,"GT_R":[-0.7613422675390182,-0.6464858115686575,-0.04912760089652097,0.3496604939241851,-0.4732264150473184,0.8085756422711783,-0.5459803936580767,0.5984254157974599,0.5863375364675325],"GT_T":[175.7257878195209,51.60102999334731,942.4393841110477],"R_pred":[0.6804486304882147,-0.5829942480704925,-0.4439677555672639,-0.0986203732100164,-0.6731981398683581,0.7328562522525817,-0.726129246935165,-0.4548867674427379,-0.5155718626446428],"T_pred":[126.49603018807089,36.39318903983116,647.9934203167318],"rotation_error":102.14424473142569,"translation_error":298.9201784050089,"ADD":0,"ADD_S":0}}
{"id_image":1096,"data":{"Best_template_id":53,"GT_R":[-0.7639116111481566,-0.6431469365555619,-0.052916989875657836,0.34364029697018017,-0.47482950123509415,0.8102151427481753,-0.5462134724781699,0.6007495020655441,0.5837385274573207],"GT_T":[182.7240525730754,56.834079242652,942.1817630505456],"R_pred":[0.03367905992507336,-0.5132906553881881,-0.8575537440963845,0.07905076310073791,-0.8539841839469469,0.5142586804533864,-0.9963015094717833,-0.08511002678669297,0.0118146334946998],"T_pred":[195.64410393275375,47.637251479431875,786.828808829408],"rotation_error":69.54158572524672,"translation_error":156.16033348221924,"ADD":0,"ADD_S":0}}
{"id_image":1106,"data":{"Best_template_id":53,"GT_R":[-0.7647004538404762,-0.642476692119406,-0.04956578898634048,0.33985223271073123,-0.46746373047716094,0.816075232567227,-0.5474786916377048,0.607208517415534,0.5758167612677313],"GT_T":[186.04606539200307,72.08236577780895,942.9461278571958],"R_pred":[0.6060057519437525,-0.6228553585639851,-0.4947809928839392,-0.1754198311935999,-0.7113346995919291,0.6806106287595494,-0.7758768661553818,-0.3256595576128384,-0.5403341013672136],"T_pred":[144.3912043266492,56.16139641497264,677.9051534686739],"rotation_error":98.46711335539015,"translation_error":268.7662977767924,"ADD":0,"ADD_S":0}}
{"id_image":1110,"data":{"Best_template_id":69,"GT_R":[-0.7660918619344335,-0.64102556091159,-0.04678388271467176,0.3345752907691745,-0.4598832489264487,0.8225376776936822,-0.5487819916950529,0.6144864708486174,0.5667838070721302],"GT_T":[195.98108997816374,86.59416925203445,942.1760110428393],"R_pred":[0.8211897050412694,-0.5206113680862618,-0.23369054699234942,-0.5265770592340011,-0.533490275008442,-0.6618948006744638,0.21991832352649443,0.6665972771402293,-0.7122387247872222],"T_pred":[185.55101296746676,118.06795622557081,823.6380995358886],"rotation_error":159.5927731779201,"translation_error":123.08786389134504,"ADD":0,"ADD_S":0}}
{"id_image":1111,"data":{"Best_template_id":53,"GT_R":[-0.7653923030512826,-0.6418083675660229,-0.04750232174611254,0.3338730097839246,-0.4590941697637444,0.8232632249366311,-0.5501844333323724,0.6142603165583114,0.5656691597970342],"GT_T":[198.35883596596724,88.82000206900386,942.7490645190051],"R_pred":[0.6543295125683263,-0.3073138564333699,-0.6909494067051118,0.46006169336071595,-0.5633813795909304,0.6862540778984781,-0.6001634171491683,-0.7669156503646734,-0.22725373031385682],"T_pred":[138.47489171890678,35.91974760736637,521.6470078200828],"rotation_error":106.34918674197884,"translation_error":428.6157554929046,"ADD":0,"ADD_S":0}}
{"id_image":1134,"data":{"Best_template_id":53,"GT_R":[-0.6992520559746351,-0.7120054831734319,-0.06399113698430196,0.3754807191670675,-0.4419720453918373,0.8146631898569604,-0.6083253761190647,0.5456281610188923,0.5763934663417906],"GT_T":[120.13527730095636,54.42578832536826,991.0165228179167],"R_pred":[-0.0317902870513429,-0.667135670497556,-0.7442575997589609,0.10360820887801547,-0.742822012142249,0.6614233117527912,-0.9941100123740243,-0.05608435991180577,0.09273525689294382],"T_pred":[179.19745369696864,50.23948491578408,988.196808218324],"rotation_error":57.36742340861471,"translation_error":59.27745446030828,"ADD":0,"ADD_S":0}}
{"id_image":1178,"data":{"Best_template_id":53,"GT_R":[-0.6616466956107979,-0.7473763840118517,-0.0604340989351984,0.3782393242536426,-0.4022693173207686,0.8337359110886926,-0.6474242984415467,0.5287802474102913,0.548847084381115],"GT_T":[107.11509299232631,62.63966184385006,1051.9115808760819],"R_pred":[0.907511460436807,-0.1399833315306171,-0.39601466648274963,-0.4182951153439601,-0.38673925780664037,-0.8218649177027524,-0.03810702894791518,0.9115028323405026,-0.4095246524691822],"T_pred":[55.06232843835738,64.1254816974313,495.79466187417086],"rotation_error":159.87345387501787,"translation_error":558.5496625713117,"ADD":0,"ADD_S":0}}
{"id_image":1355,"data":{"Best_template_id":53,"GT_R":[-0.6109200121478687,-0.7884643328604178,-0.07142038010908869,0.372838527193258,-0.36611554444329014,0.8526147986268182,-0.6984028206183994,0.49425203955408475,0.5176363152488952],"GT_T":[137.91797411308912,76.31335426678575,1023.0986548473547],"R_pred":[0.9223805094556402,-0.3607043588939581,0.1382264853465242,-0.32745511376663344,-0.5403156763161319,0.7751336132533038,-0.20490813611088105,-0.7602311065734813,-0.616491135665084],"T_pred":[63.557105771317154,28.11265259222768,481.20936304280406],"rotation_error":123.50795303608452,"translation_error":549.0872890123205,"ADD":0,"ADD_S":0}}
{"id_image":1531,"data":{"Best_template_id":53,"GT_R":[-0.5254055099994696,-0.8477988175134836,-0.07201382758198704,0.3912404867925742,-0.3158848450110612,0.8643774304685004,-0.755565808454522,0.4259746665029458,0.49766016026169696],"GT_T":[145.67864758551755,73.15468868391015,1006.7614033914545],"R_pred":[0.9872155203827722,-0.1571060875651374,-0.026892258464985747,-0.08069385928965579,-0.3471266673051387,-0.9343401831873489,0.13745551057819924,0.924565170280388,-0.35536633002590945],"T_pred":[105.08411687540206,81.03490863579137,675.6706954174975],"rotation_error":179.66459115317005,"translation_error":333.663109583245,"ADD":0,"ADD_S":0}}
{"id_image":1539,"data":{"Best_template_id":53,"GT_R":[-0.520848702341327,-0.8508252283830663,-0.06937898877082727,0.3913396313210761,-0.3102135369219872,0.8663846307279388,-0.7586629098391307,0.42410492625513785,0.4945345577182135],"GT_T":[146.02005306543813,74.84559866171752,1006.4047922690444],"R_pred":[0.859535493509324,-0.5052224668954615,-0.07712972411299904,-0.2723704936112802,-0.32513152303603526,-0.9055958297928584,0.4324500544659817,0.7993996195097497,-0.4170697768000422],"T_pred":[88.17332477098269,84.1267059916872,662.7959173176943],"rotation_error":177.51164880649338,"translation_error":348.56770055898113,"ADD":0,"ADD_S":0}}
{"id_image":1543,"data":{"Best_template_id":53,"GT_R":[-0.5226977099000979,-0.8498169349429221,-0.06781290560684873,0.3901566107322659,-0.30918126474772856,0.8672858318160744,-0.7579999749450212,0.4268712549066612,0.4931699350870449],"GT_T":[153.9050586988389,76.00807462251753,1007.0279094899204],"R_pred":[0.38258815899443477,-0.21930709828269146,-0.8975136195290159,0.18743196337134793,-0.9327979993862267,0.307826495688423,-0.9047074442625145,-0.28599351213599045,-0.3157723092864704],"T_pred":[172.15023517996275,72.30348043340597,895.5246201711575],"rotation_error":87.60097273341651,"translation_error":113.04686643970763,"ADD":0,"ADD_S":0}}
{"id_image":1547,"data":{"Best_template_id":53,"GT_R":[-0.520786547091261,-0.8511881600027733,-0.06526541463910872,0.3858673838408304,-0.3029037258424038,0.8714102113749809,-0.761502449934883,0.42863606977357455,0.4861938819808434],"GT_T":[159.02379236287095,83.11734298753755,1007.0193904378855],"R_pred":[0.9062030383977208,-0.3262342416016201,0.26901165923683507,-0.3948689221530019,-0.42534833691376156,0.814344722216841,-0.15124347098789367,-0.8441860055054888,-0.5142717186393018],"T_pred":[45.48399592357874,18.25355627518039,348.04690244781904],"rotation_error":120.74446027622314,"translation_error":671.8209107566988,"ADD":0,"ADD_S":0}}
{"id_image":1550,"data":{"Best_template_id":53,"GT_R":[-0.5206105035025137,-0.8512364640139289,-0.06604345296338197,0.38528801512254024,-0.303258673750007,0.8715434019182061,-0.7619165729917878,0.4282893041638189,0.4858496576660949],"GT_T":[161.77674303893428,85.09472823422647,1006.6035905368268],"R_pred":[0.22765622399503221,-0.7697877748214309,0.5963215788580801,0.8114333530488259,-0.1885611333433926,-0.5531912983337631,0.5382829713415268,0.6098126603537558,0.5817043596501678],"T_pred":[152.98683073455564,91.68474069187933,886.6488848520454],"rotation_error":103.92412276661548,"translation_error":120.45672350862452,"ADD":0,"ADD_S":0}}
