{"id_image":1,"data":{"GT_R":[-0.9078519116941933,-0.4175345487208392,0.038330959211728285,0.3050982069800776,-0.5951250307633585,0.743466715795677,-0.28761117420744436,0.6866522290644125,0.6676740178175343],"GT_T":[104.54312464515644,71.49346046440272,955.3250389603148],"R_pred":[0.9931500364537944,-0.116052762169363,-0.013592699683599385,-0.06596450771659426,-0.4608489357208211,-0.885023695822148,0.09644526330273888,0.879857951511406,-0.46534750063647873],"T_pred":[67.67082840807947,86.30721253133798,1051.3387697720452],"rotation_error":174.8192122142633,"translation_error":103.91174132157933,"ADD":0,"ADD_S":0}}
{"id_image":2,"data":{"GT_R":[-0.9082889874508376,-0.4165638599002712,0.03853050470488562,0.3042577705108088,-0.5945718281607563,0.7442533140820736,-0.2871192346172616,0.6877206214369859,0.6667855030250088],"GT_T":[104.41568674613761,72.18452077099981,954.2027806464251],"R_pred":[0.9845501867000803,-0.09396729867542405,-0.1477534319346947,-0.17316958239482075,-0.3974822795762822,-0.9011215973197211,0.025946591337595956,0.9127858369861388,-0.4076135304371948],"T_pred":[59.05984241210433,81.3600561304091,934.7368084810731],"rotation_error":178.51004937119697,"translation_error":50.20226226702427,"ADD":0,"ADD_S":1}}
{"id_image":3,"data":{"GT_R":[-0.9084205213275,-0.4162212748158387,0.03912759462898106,0.304844961830649,-0.5954622652693099,0.7433003305549397,-0.28607734452639166,0.6871575418084741,0.667813189675919],"GT_T":[105.0458217212571,72.10891786629004,953.4986192631569],"R_pred":[0.9678947209001874,-0.1080147143603744,-0.22696394148673477,-0.2513269775707465,-0.42959098636717785,-0.8673444153144865,-0.003815704220808569,0.8965402422165565,-0.4429458595444565],"T_pred":[64.28200597579652,84.47661526984508,970.3084924201884],"rotation_error":173.5485898452883,"translation_error":45.79541951714438,"ADD":0,"ADD_S":1}}
{"id_image":4,"data":{"GT_R":[-0.9093489247111001,-0.4139053228748765,0.042019545068542774,0.3051810428220946,-0.5949969235287278,0.7435351764230823,-0.28275139491559725,0.6889565967115479,0.6673762357875981],"GT_T":[107.9525237283472,72.44757048314432,952.32602547667],"R_pred":[0.9911150560948137,-0.09551012639593764,-0.09256760414965343,-0.12203345404266941,-0.37616538371175806,-0.918481050534741,0.052903512894614195,0.9216167423895997,-0.3844786059985543],"T_pred":[56.94051201228841,78.03676931162363,887.952683505319],"rotation_error":177.83428969381816,"translation_error":82.3249150587117,"ADD":0,"ADD_S":0}}
{"id_image":5,"data":{"GT_R":[-0.9103309190302855,-0.412125768428805,0.03807542498544571,0.3008771586431146,-0.5958016453830316,0.7446431381376695,-0.2842012608049387,0.6893285634899198,0.6663757847083],"GT_T":[106.31242379890669,73.62243306464,951.5321069699397],"R_pred":[0.9912641458709104,-0.09713400568882341,-0.08922095073276932,-0.12335643466547622,-0.44339420721097766,-0.8877977061461529,0.04667529472255881,0.8910480132689779,-0.45150288472164835],"T_pred":[70.76646401292905,88.91279406130522,1044.32661239973],"rotation_error":178.98733324520225,"translation_error":100.53919949190995,"ADD":0,"ADD_S":0}}
{"id_image":6,"data":{"GT_R":[-0.9102096326133107,-0.4129286121018416,0.031753276844242076,0.2968325955122802,-0.5969886255310275,0.7453159200906134,-0.2888055759433408,0.6878193155028529,0.665955021852775],"GT_T":[101.28037402145938,76.1291645902559,951.4307899889346],"R_pred":[0.9894997982646675,-0.09995552871751755,-0.10439847466789598,-0.14043388638179413,-0.4940656252175528,-0.8580078563358811,0.03418293126528397,0.8636596842837982,-0.5029149798454234],"T_pred":[57.33695985418343,83.36068578053458,970.9034979923916],"rotation_error":178.9475813668908,"translation_error":48.60560568895419,"ADD":0,"ADD_S":1}}
{"id_image":7,"data":{"GT_R":[-0.9104966814661444,-0.41247678085849526,0.029287227015808576,0.29404406747167283,-0.5960146915484038,0.7471983025182087,-0.2907454871621363,0.6889335843171577,0.663956257460429],"GT_T":[99.67382333639864,79.56740017855414,951.0241609761617],"R_pred":[0.9933289411044326,-0.11480259199480451,0.01086184310422695,-0.03787086965986576,-0.41373846049004315,-0.9096077635676459,0.10891929120019031,0.9031283691605548,-0.41532606085080276],"T_pred":[51.93497887408349,85.88147664974512,951.1465053803132],"rotation_error":173.26068865587658,"translation_error":48.154748472340636,"ADD":0,"ADD_S":1}}
{"id_image":8,"data":{"GT_R":[-0.9116369470071038,-0.4099176354946772,0.029746921231175748,0.2920739151947713,-0.5952330220530159,0.7485920496504219,-0.28915429624418626,0.6911328023023443,0.6623628351720999],"GT_T":[99.75378558583553,80.78591978361652,950.3865798042384],"R_pred":[0.9932483607775513,-0.1009716660099244,0.05711756713907819,0.009425372823177236,-0.4204939141875885,-0.9072464000911468,0.11562376987389288,0.9016593540769048,-0.4167031953870378],"T_pred":[54.97861046702624,88.64472588079983,985.9531518995362],"rotation_error":170.89154280327398,"translation_error":57.719651686433295,"ADD":0,"ADD_S":0}}
{"id_image":9,"data":{"GT_R":[-0.9102878511102016,-0.41334211762888773,0.022868262365016587,0.28913975718239693,-0.595284790036005,0.7496893943103304,-0.2962649655939298,0.6890461783393929,0.6613948141173795],"GT_T":[94.2014335079761,83.00285091827021,951.0210677438832],"R_pred":[0.9734334823937943,-0.09208457795698638,-0.2096370336013513,-0.22865852369330264,-0.4386908130293993,-0.8690602108634383,-0.01193879797507899,0.8939076020854103,-0.44809224947193843],"T_pred":[53.17046015390523,94.37833734362809,967.1163294879385],"rotation_error":173.26906470445638,"translation_error":45.51922578873266,"ADD":0,"ADD_S":1}}
{"id_image":10,"data":{"GT_R":[-0.9099548605071617,-0.41390898621509414,0.025688830028661076,0.29119231686820907,-0.5936066606570118,0.7502258513205508,-0.2952758655990255,0.6901530747877516,0.6606822445520618],"GT_T":[95.09286352959779,83.55307728031764,951.036110081262],"R_pred":[0.9889606465951063,-0.10354826599901701,-0.10599337759872815,-0.1401719942230026,-0.42180570867811273,-0.8957855525526753,0.04804842892058251,0.9007539623754935,-0.43166381333522946],"T_pred":[50.33201687887232,91.1673044254949,938.3379102394099],"rotation_error":179.66929512312635,"translation_error":47.14609344507485,"ADD":0,"ADD_S":1}}
{"id_image":11,"data":{"GT_R":[-0.9111498411381749,-0.4112183672838532,0.026536498900703427,0.29031054206714146,-0.5948809757346781,0.7495584493056733,-0.29244560014301724,0.6906643420704136,0.6614062643115505],"GT_T":[97.27769489514968,81.94426277236079,950.9156152803839],"R_pred":[0.9713833843771003,-0.1067593227160761,-0.2121715522149374,-0.23748531912059553,-0.42197260976088163,-0.8749513356831793,0.0038786284019080713,0.9003008184072674,-0.43525095360828847],"T_pred":[59.475920286108796,97.61415628553976,997.9789046192386],"rotation_error":173.6576673158578,"translation_error":62.36563901460364,"ADD":0,"ADD_S":0}}
{"id_image":12,"data":{"GT_R":[-0.9129402585403923,-0.4074759652422394,0.022399064186085803,0.28500828969999337,-0.5973472680754583,0.7496312273533718,-0.29207656320717695,0.6907536202422899,0.6614765473589832],"GT_T":[96.77955573114741,82.62790289656076,950.9705538763137],"R_pred":[0.9376558386774596,-0.23345592404778331,-0.25748759139241245,0.06713675033053935,-0.6052235013191388,0.7932194968645547,-0.34101933222197994,-0.7610537727243707,-0.5518178776307242],"T_pred":[58.07611536560522,51.65052053193557,963.2219726653018],"rotation_error":142.30200222187688,"translation_error":51.06517185554595,"ADD":0,"ADD_S":0}}
{"id_image":13,"data":{"GT_R":[-0.913653392005676,-0.40594169094793925,0.021173006028833735,0.2833782009327795,-0.5987257949615794,0.7491492400970379,-0.2914328744006504,0.6904630064338453,0.6620626964199752],"GT_T":[98.20549448775944,81.46228048652361,951.2107148958022],"R_pred":[0.9944482714033298,-0.08301787126856587,-0.06465808961735602,-0.09365020530212113,-0.4180623516485577,-0.9035781699338185,0.047982023194117,0.9046169925355779,-0.4235160236237653],"T_pred":[51.38972676817568,88.00904573096574,932.6025507516354],"rotation_error":178.35063135095427,"translation_error":50.8019686149672,"ADD":0,"ADD_S":1}}
{"id_image":14,"data":{"GT_R":[-0.916995507252719,-0.3984236103286725,0.01944024685390756,0.27748052027052716,-0.6021082663161488,0.748645402133615,-0.2865717401815443,0.6918991943252024,0.6626858573783183],"GT_T":[101.12021732776338,80.55761940731837,950.9182389439108],"R_pred":[0.9949532949116588,-0.09524201866706064,0.031573704639405294,-0.009594479929939698,-0.40353310161622163,-0.9149147402107292,0.09987936172857292,0.909994502060433,-0.4024103866955691],"T_pred":[51.276384952859885,85.48917314557725,930.9543693580072],"rotation_error":172.77399380356778,"translation_error":53.919235314809306,"ADD":0,"ADD_S":1}}
{"id_image":15,"data":{"GT_R":[-0.9184748406925313,-0.39507842915100944,0.017801505275213826,0.2744260292644932,-0.6042781762182092,0.7480237500640339,-0.28476971182242367,0.6919264717004666,0.6634337290034414],"GT_T":[102.57741127685455,79.37034614417648,951.128822262522],"R_pred":[0.996251175468475,-0.08562074834007495,-0.012356489443523862,-0.04990411632765111,-0.4521450389335493,-0.8905472715927748,0.07066239842546126,0.887825405821136,-0.45472285430501136],"T_pred":[60.785846457467265,89.5984330988571,999.9489617857809],"rotation_error":176.17284873749847,"translation_error":65.07345600070751,"ADD":0,"ADD_S":0}}
{"id_image":16,"data":{"GT_R":[-0.9196574647810092,-0.39229326485248267,0.01831455365110962,0.2731395283363655,-0.6054214404597167,0.7475687677047853,-0.2821778213302211,0.6925106550662454,0.6639314042291092],"GT_T":[103.49644539227253,78.45501846952276,951.1916444951556],"R_pred":[0.9957247127325917,-0.09059448972573905,-0.0180259503197885,-0.05883531649962087,-0.47159169265511275,-0.8798520790173059,0.0712088617096774,0.8771510211189513,-0.47490565817222413],"T_pred":[61.72711367254455,87.4411401663033,1003.8119839741257],"rotation_error":176.7516325013233,"translation_error":67.78146931384775,"ADD":0,"ADD_S":0}}
{"id_image":17,"data":{"GT_R":[-0.9201833868189834,-0.39074852491298745,0.02403372749660862,0.27673041093967465,-0.6057977402100314,0.7459430210809121,-0.2769159748868735,0.6930553814240862,0.6655760243004526],"GT_T":[107.773292473593,76.78913063519781,951.3268065117107],"R_pred":[0.9903928930554585,-0.07981520391276885,-0.1129223211309509,-0.13603458960544484,-0.4157273907061209,-0.899258209330089,0.024829575431663573,0.9059802811546415,-0.4225910817123806],"T_pred":[61.87744317327101,84.57444777805259,937.936645856392],"rotation_error":179.02532995006032,"translation_error":48.43899821825324,"ADD":0,"ADD_S":1}}
{"id_image":18,"data":{"GT_R":[-0.9202165419093216,-0.3902194010412873,0.030488347133378058,0.2813199199639589,-0.6052254493453451,0.7446888040131936,-0.27213871510439736,0.6938522909102334,0.6667157305492142],"GT_T":[113.73328690258876,74.13114115905012,951.597649518691],"R_pred":[0.9791553561780995,-0.08742526389979025,-0.18333469857010629,-0.2031038286453349,-0.42989566731391576,-0.8797377734383863,-0.001903485578126668,0.898635932097518,-0.43869105106655504],"T_pred":[77.47218080873657,90.43980551832347,1014.4594021471465],"rotation_error":175.21770249001165,"translation_error":74.38037571735015,"ADD":0,"ADD_S":0}}
{"id_image":19,"data":{"GT_R":[-0.9209535992493033,-0.38781561644212814,0.0379877613044295,0.2851287024339176,-0.6042178386788499,0.7440581743214993,-0.26560404695249157,0.6960749733698435,0.6670346010547613],"GT_T":[119.04765743147925,71.99944227240755,951.1875446837233],"R_pred":[0.9956902714685485,-0.08787520281871442,0.029645101323114504,-0.01554149672427823,-0.4732376469351865,-0.8807977017470111,0.09142945467658205,0.8765409735162512,-0.47256383332278534],"T_pred":[82.38379924117643,84.22635537926979,1038.1926341571377],"rotation_error":172.97802323450097,"translation_error":95.20305402558385,"ADD":0,"ADD_S":0}}
{"id_image":20,"data":{"GT_R":[-0.9226170449918835,-0.3836285605791644,0.04008172116893926,0.2838812208917277,-0.6050021570332391,0.7438983536789033,-0.2611311661969101,0.6977116133253233,0.6670903791669117],"GT_T":[123.73313383929086,70.66038591980353,951.0589906697674],"R_pred":[0.9923154610970965,-0.06555453092472424,-0.10494107462236499,-0.1224410706932251,-0.3979680866519367,-0.909191721373492,0.017838438136621136,0.9150540997568594,-0.40293645236316106],"T_pred":[76.83141015556178,79.0294142457439,931.5857290450688],"rotation_error":179.51218352467527,"translation_error":51.46863353469978,"ADD":0,"ADD_S":1}}
{"id_image":21,"data":{"GT_R":[-0.924118579173344,-0.3800140402372948,0.039922582017406436,0.2811542624186195,-0.605493582092784,0.7445334343856459,-0.25875978222039053,0.6992619571741198,0.6663896740548367],"GT_T":[124.6437129790012,70.78124793703024,950.4996907306689],"R_pred":[0.9931539788703306,-0.05370445295366543,-0.1037352687709363,-0.11667767739927437,-0.4134104030772894,-0.9030382927784314,0.005611938233953881,0.908959663769752,-0.4168462975592294],"T_pred":[84.02646132086699,82.39999205622482,981.6089197684734],"rotation_error":179.79790151781523,"translation_error":52.46465932886726,"ADD":0,"ADD_S":0}}
{"id_image":22,"data":{"GT_R":[-0.9242499571640853,-0.37968977255453973,0.03994910857637804,0.2805086647758495,-0.6043613464632938,0.745696562728413,-0.25898850685765024,0.700416614134716,0.6650875385781654],"GT_T":[123.98908347351863,71.49950539158314,950.4484723300701],"R_pred":[0.9964015457491184,-0.0796601372418603,-0.028952066651194625,-0.06282262082314932,-0.4648080366798583,-0.8831799405278214,0.05689708201373811,0.8818207026218104,-0.4681399048210892],"T_pred":[79.89369030680054,77.6132163626453,971.4214197547924],"rotation_error":176.18876915972285,"translation_error":49.210219304990915,"ADD":0,"ADD_S":1}}
{"id_image":23,"data":{"GT_R":[-0.9245504087455285,-0.3787077655026521,0.04226102366570981,0.28120068212969457,-0.60321443142102,0.7463645718700447,-0.25716114289469805,0.7019358337784894,0.6641949309448489],"GT_T":[126.50342583217562,71.57556251076578,950.3324475112815],"R_pred":[0.9980298576202157,-0.06261419403103535,0.003983215336330483,-0.02215926364937376,-0.4111760567257978,-0.9112865726048754,0.05869727705004096,0.9094029431892484,-0.4117534657846165],"T_pred":[78.69749171731887,78.18485372730427,942.3907597638408],"rotation_error":173.5755924939598,"translation_error":48.90971755445831,"ADD":0,"ADD_S":1}}
{"id_image":24,"data":{"GT_R":[-0.9259748699834934,-0.3753158869902268,0.04133208193501517,0.27819816015476956,-0.6041289797264144,0.7467491323033729,-0.2552959488203364,0.7029700165060055,0.6638197839476383],"GT_T":[127.75749402926445,72.57591072899531,950.4360372494599],"R_pred":[0.9946490129794688,-0.09898566799024988,0.029583416156561043,-0.016445733538392328,-0.43440258821200595,-0.9005686698986892,0.10199450390757558,0.8952632176556983,-0.43370599752068584],"T_pred":[84.17600208422458,82.87071172706518,995.0699448831983],"rotation_error":172.28227655916612,"translation_error":63.225905121259665,"ADD":0,"ADD_S":0}}
{"id_image":25,"data":{"GT_R":[-0.9275998030840342,-0.37166887696183065,0.037691879862390504,0.27241728549410227,-0.603926031232824,0.7490417920770577,-0.25563148506248407,0.7050784530054599,0.6614506068351127],"GT_T":[127.96013692038537,76.57490515259933,950.708524629194],"R_pred":[0.9980231647866246,-0.06016876339221514,-0.018151651746911746,-0.04134114460240935,-0.4109883528819691,-0.9107027416003142,0.047335740326440584,0.909652842411443,-0.4126633421816507],"T_pred":[77.00389090063456,80.73232932683531,909.086844632366],"rotation_error":175.19722144757847,"translation_error":65.92562043658174,"ADD":0,"ADD_S":0}}
{"id_image":26,"data":{"GT_R":[-0.9295801528748948,-0.36667339029373663,0.03782058501845717,0.26829131792507666,-0.6026434539500913,0.7515591656630931,-0.2527839908417841,0.7087812692375067,0.6585811144811092],"GT_T":[130.44137610948965,80.69409236859062,950.8043760074167],"R_pred":[0.9967326984363493,-0.05521821635672127,-0.05894808266750811,-0.07752088388868676,-0.44904866772052293,-0.8901380828722811,0.022681279260874952,0.8917994407941763,-0.4518620552450543],"T_pred":[85.9591848059792,87.9801519218694,960.1094812008666],"rotation_error":178.12506581722823,"translation_error":46.025395051397375,"ADD":0,"ADD_S":1}}
{"id_image":27,"data":{"GT_R":[-0.9321976018684631,-0.3603138832752048,0.034342511861389646,0.2603722260200927,-0.6016566145075701,0.7551263796124513,-0.2514199697038305,0.7128697876751949,0.6546792824789973],"GT_T":[132.2722344455303,84.86770699350942,950.7520504561467],"R_pred":[0.9915028512698711,-0.06533410733837251,0.1124880008801576,0.07758802421076609,-0.39706684080910076,-0.91450424954122,0.10441357393933938,0.9154612926542435,-0.3886237605049849],"T_pred":[82.91362558141567,90.33149258108729,953.5457788430858],"rotation_error":168.0158536274112,"translation_error":49.73861819801259,"ADD":0,"ADD_S":1}}
{"id_image":28,"data":{"GT_R":[-0.9345883488010049,-0.3545894746706645,0.028473086044142223,0.2516546148013548,-0.6024613898839645,0.7574366363264636,-0.25142409218762657,0.715056488487872,0.6522873616805828],"GT_T":[130.90525205958932,89.40224648240333,951.3493944047035],"R_pred":[0.9978806778789477,-0.054683307636609994,-0.03526880465470503,-0.05479004003187194,-0.4137116463598935,-0.9087577923624602,0.03510276668807946,0.9087642210893353,-0.415830958730511],"T_pred":[81.4421766575712,94.79583302265027,930.4479120135655],"rotation_error":177.04478030677294,"translation_error":53.96812550144681,"ADD":0,"ADD_S":1}}
{"id_image":29,"data":{"GT_R":[-0.9349520406731047,-0.3539499392317654,0.024143283734655536,0.24708808005126176,-0.6008193936822231,0.7602400309986567,-0.25458047523110083,0.7167541566542083,0.6491941738708396],"GT_T":[130.4311147676465,93.47647584028059,952.5544805533875],"R_pred":[0.9936220451613317,-0.03297012972417188,-0.1078341407689793,-0.11229058295305216,-0.3766457523348138,-0.9195264010501307,-0.01029836634988672,0.9257704617204598,-0.3779457578230111],"T_pred":[82.42094165204664,100.56692775023161,924.1876579092849],"rotation_error":178.8854649835781,"translation_error":56.21323561047851,"ADD":0,"ADD_S":0}}
{"id_image":30,"data":{"GT_R":[-0.9354338969206011,-0.3526987629968366,0.0238029758335343,0.24560918524048905,-0.6000248480660045,0.761345349907214,-0.254243081038895,0.7180343164695483,0.6479100204277802],"GT_T":[132.11246698466078,93.85136569394584,953.3832654001204],"R_pred":[0.997661034088582,-0.05878868339797977,0.03487623496929448,0.008042715408097246,-0.4057187369088907,-0.9139625929160989,0.06788059951242104,0.9121053651993208,-0.4042969539638505],"T_pred":[84.70083238137025,99.16049486213562,956.2874595901179],"rotation_error":173.31168472280186,"translation_error":47.796279062011465,"ADD":0,"ADD_S":1}}
{"id_image":31,"data":{"GT_R":[-0.9368924502529602,-0.3490687120633369,0.01957260858239897,0.24011557713700046,-0.601752064090529,0.7617344767907507,-0.2541187397647958,0.71836370966992,0.6475935526198386],"GT_T":[129.87794538307966,94.3694491008373,954.3980515153086],"R_pred":[0.9797782536859794,-0.022754190408730557,-0.19878838100577217,-0.19135415069524814,-0.3968628419664725,-0.8977101278686762,-0.05846505465449496,0.9175958432148318,-0.39319169103518575],"T_pred":[86.43481011087935,104.49068235820714,942.2336529307483],"rotation_error":173.08447283601916,"translation_error":46.23546212435682,"ADD":0,"ADD_S":1}}
{"id_image":32,"data":{"GT_R":[-0.9367940568580914,-0.3496535271291371,0.012625083983733553,0.2350284228427296,-0.6021372681762739,0.7630157248432052,-0.25918827502571584,0.7177559334853718,0.6462566797032786],"GT_T":[124.76872583176615,96.68065901698803,956.1195163517577],"R_pred":[0.999310103198632,-0.03711900588662508,0.0012235387730335084,-0.014653705144461841,-0.42434768076888607,-0.905380756782254,0.03412603948130513,0.9047382081177164,-0.42459885562877364],"T_pred":[81.57135005071662,105.3950414378724,982.3613318091061],"rotation_error":176.2709157676277,"translation_error":51.28924462150082,"ADD":0,"ADD_S":0}}
{"id_image":33,"data":{"GT_R":[-0.9362554797981002,-0.35116300733941497,0.010407518567742177,0.23400777031210157,-0.6012563484361941,0.7640235429814544,-0.26203920900200584,0.7177571243346221,0.645104728386027],"GT_T":[122.29338585150136,96.73405586225768,957.7571684844152],"R_pred":[0.9838330792843102,-0.17426210294809133,-0.041293965443642854,-0.10037647483313031,-0.7275241804842957,0.6786995875280373,-0.14831397576097105,-0.6635821624235863,-0.7332541703305964],"T_pred":[72.54184476071939,57.531585911829815,898.8336240650442],"rotation_error":156.80393862432086,"translation_error":86.51030908546997,"ADD":0,"ADD_S":0}}
{"id_image":34,"data":{"GT_R":[-0.9346133956832795,-0.3555554017620602,0.008852882496103633,0.23612832446636814,-0.601687289243305,0.7630311208750582,-0.2659725541354008,0.715229273717788,0.6463012768442113],"GT_T":[118.65138708017167,93.60246790867689,959.8002734819382],"R_pred":[0.9942856813452423,-0.06878061433011265,-0.08164074328544046,-0.10227148914681772,-0.3944960794721154,-0.9131885817227583,0.03060271849883991,0.9163198515657633,-0.39927609901793276],"T_pred":[76.37002311667167,107.76509638093528,994.2110691248398],"rotation_error":179.5231460184737,"translation_error":56.3240325317241,"ADD":0,"ADD_S":0}}
{"id_image":35,"data":{"GT_R":[-0.9337145960001376,-0.3578516829542153,0.010882405074967915,0.2400770036137311,-0.6032829547132588,0.7605352315846649,-0.2655939256948038,0.7127352812021386,0.6492059876324124],"GT_T":[117.96430932960826,88.71461143894027,961.4110143433367],"R_pred":[0.9958692763321306,-0.059272893689300284,-0.06878305410067437,-0.08887646383140675,-0.48129151547881865,-0.8720432622897368,0.018583827230795012,0.8745542871667825,-0.48457139841684527],"T_pred":[80.87187486446318,101.790390176039,1026.8262026419698],"rotation_error":179.17736534314753,"translation_error":76.32805214518623,"ADD":0,"ADD_S":0}}
{"id_image":36,"data":{"GT_R":[-0.9339927925830408,-0.357137279365367,0.010457678326705622,0.23984331790610786,-0.605008775077302,0.7592367266583067,-0.2648243654493592,0.7116302054845258,0.6507309784695964],"GT_T":[118.8412921819808,85.19382485369418,962.7384370938084],"R_pred":[0.9924082799146555,-0.06037395443386091,-0.10714845581179251,-0.12275756950528487,-0.43306896612734763,-0.8929624010598347,0.007509000332182741,0.8993365644759519,-0.4371925876665831],"T_pred":[80.16957757754552,99.01316412095409,1005.9964917142044],"rotation_error":177.6732405069162,"translation_error":59.646751275921815,"ADD":0,"ADD_S":0}}
{"id_image":37,"data":{"GT_R":[-0.9337286757720399,-0.3577340475713087,0.013276154199350219,0.24291809695013206,-0.6059291551320174,0.7575233108815209,-0.26294733157586664,0.7105461094261752,0.6526739192187849],"GT_T":[117.91810185499293,81.18968239077984,963.3304975020388],"R_pred":[0.992748975372374,-0.06294231740340304,-0.10240965080006287,-0.11961815375734623,-0.43313251924081003,-0.8933575533165841,0.011873044629977111,0.8991298490518478,-0.43752090847777314],"T_pred":[84.01225296389244,99.14782581576064,1049.3562835634796],"rotation_error":178.1498800501634,"translation_error":94.19414722681601,"ADD":0,"ADD_S":0}}
{"id_image":38,"data":{"GT_R":[-0.9324727068479728,-0.3609123408717184,0.015351998345137018,0.2472433122808263,-0.6066500058269286,0.7555439178370134,-0.26337126367146285,0.7083205664774254,0.6549182091744814],"GT_T":[116.44478155080068,76.06093749691298,964.1446169266125],"R_pred":[0.9967314817144526,-0.049754663893020606,-0.06364610577406972,-0.07885387256471799,-0.4279232273496645,-0.9003686901909653,0.017561894569172665,0.902444560577291,-0.43044790038238234],"T_pred":[68.47314081667152,81.23330003346923,925.1965142878778],"rotation_error":179.49690839772788,"translation_error":62.007953909892414,"ADD":0,"ADD_S":0}}
{"id_image":39,"data":{"GT_R":[-0.9316888267354673,-0.36272294962064994,0.01967672271149912,0.25223445543653383,-0.6070075462662927,0.7536051504713718,-0.261405124383025,0.7070886703090883,0.6570333244228661],"GT_T":[117.48957224460686,70.27360186430803,964.2997464016797],"R_pred":[0.9977172455626862,-0.06617640552469277,-0.013452927511825072,-0.043742104167770954,-0.48153811779687605,-0.8753328906373951,0.051448286947019736,0.8739231799537494,-0.48333357974564917],"T_pred":[83.1212733785751,82.67866869001718,1053.1112901149452],"rotation_error":177.01605583566501,"translation_error":96.0341394850209,"ADD":0,"ADD_S":0}}
{"id_image":40,"data":{"GT_R":[-0.9314001435384863,-0.36339148106982716,0.020968470893027398,0.2548827428768186,-0.609986777404136,0.7503009121167241,-0.2598624673668769,0.7041754109284076,0.6607637824502015],"GT_T":[116.9610073991487,63.574394272475345,964.3455891118901],"R_pred":[0.9930817053940951,-0.09591884539853789,0.06773700250946761,0.00937389726619918,-0.5102536339920063,-0.8599728827399121,0.11705065767264607,0.8546582966866719,-0.5058244156256575],"T_pred":[83.89852521974962,76.35274681796503,1096.20333374896],"rotation_error":172.54616202428195,"translation_error":136.53892793783982,"ADD":0,"ADD_S":0}}
{"id_image":41,"data":{"GT_R":[-0.9316774998549556,-0.3627908423955405,0.01894494400513504,0.2539137158187911,-0.6130007597373642,0.7481695967385696,-0.2598156545237192,0.7018639057937167,0.6632362466710625],"GT_T":[114.7133468887742,58.034449947245506,964.1962932888182],"R_pred":[0.9965286602882195,-0.08115583238800955,0.018556941924166175,-0.0296815315081069,-0.5546127655047354,-0.831579032339394,0.0777794054457916,0.8281415405645335,-0.5550963455832694],"T_pred":[93.57393950904479,76.54136521034395,1182.2445535665065],"rotation_error":176.15383719772043,"translation_error":219.85091372802657,"ADD":0,"ADD_S":0}}
{"id_image":42,"data":{"GT_R":[-0.9330399177904322,-0.3593348634023767,0.017710637919790686,0.2516166724749289,-0.6165710291101957,0.7460096806543697,-0.25714651249805975,0.7005131788390376,0.6657000867925832],"GT_T":[113.1704823867572,54.171891500594704,963.6602362849028],"R_pred":[0.9982648566354987,-0.055630146729502034,-0.01930188543543182,-0.04175774068554261,-0.43769923045944675,-0.8981512538253495,0.041515865634085485,0.8973988357637102,-0.43926274878549665],"T_pred":[67.68652355687576,61.7883078605256,951.2313931578508],"rotation_error":176.80433268850248,"translation_error":47.762709831866125,"ADD":0,"ADD_S":1}}
{"id_image":43,"data":{"GT_R":[-0.9335844718292643,-0.35787015932803196,0.018669405482307774,0.25229389948972736,-0.6193770659845115,0.7434514927393518,-0.25449572950333477,0.6987855602274037,0.6685288866265732],"GT_T":[112.7084881159286,49.609068355442055,963.475840659434],"R_pred":[0.9946174976615856,-0.04116906014933472,-0.09508491905568384,-0.1035744490026107,-0.42065345328123116,-0.9012896347769571,-0.0028925523696352665,0.9062868093098319,-0.4226533478062056],"T_pred":[67.73461107781287,59.10011700626479,934.30750806697],"rotation_error":179.13935354185048,"translation_error":54.43823331590066,"ADD":0,"ADD_S":1}}
{"id_image":44,"data":{"GT_R":[-0.934370384219983,-0.3557829043392955,0.019234175925816797,0.252152595392649,-0.6221426303616077,0.7411872958265395,-0.2517344352307525,0.6973942271552774,0.6710227760289063],"GT_T":[112.23387327145394,45.54226520943302,963.1081563099754],"R_pred":[0.998338925481983,-0.053911646832337526,0.02032053649157968,-0.0047091595442487165,-0.4278767868764876,-0.9038248055174409,0.05742136957498595,0.9022277925158804,-0.4274199301951826],"T_pred":[62.460046207418806,51.8170360423767,911.1505231154221],"rotation_error":174.32340732726487,"translation_error":72.22466515523755,"ADD":0,"ADD_S":0}}
{"id_image":45,"data":{"GT_R":[-0.9339105856033114,-0.3570088776127699,0.018833115204551516,0.2533223087099296,-0.6236620753603195,0.739509879303081,-0.25226595293063797,0.695407460378448,0.6728821910730207],"GT_T":[110.51807680548912,42.69631708325293,963.4354907516839],"R_pred":[0.9904084917871545,-0.08420990572417736,0.10954319318797906,0.05870241157944699,-0.46125192549849653,-0.8853251877692663,0.12508015938049866,0.8832640335719861,-0.45188449932199987],"T_pred":[66.65718798619946,49.86778234238237,998.26095598998],"rotation_error":169.4807278395811,"translation_error":56.462558488300495,"ADD":0,"ADD_S":0}}
{"id_image":46,"data":{"GT_R":[-0.9342357900881432,-0.3562222767719042,0.01754529971680211,0.2521574493832313,-0.6249230444072583,0.7388422584768699,-0.2522270860400079,0.6946779975887615,0.6736495340325032],"GT_T":[109.38709769626742,42.31555880006114,963.5778246005746],"R_pred":[0.9974594625396254,-0.04291018083564895,0.05686243901569776,0.033801047950862854,-0.41755286353932997,-0.908023730586117,0.06270653672134598,0.9076388723114264,-0.4150416457678156],"T_pred":[58.632320345721645,47.99335223741622,904.2627025237738],"rotation_error":172.2849523701335,"translation_error":78.27239915325534,"ADD":0,"ADD_S":0}}
{"id_image":47,"data":{"GT_R":[-0.9342810282357198,-0.35606487022525496,0.018320220092732133,0.2524652594561206,-0.6244129679910089,0.7391680606117672,-0.2517519818490105,0.6952170109497682,0.6732714089751242],"GT_T":[109.14016129821171,43.24456107041595,963.7062851650037],"R_pred":[0.9977130962879215,-0.06668791288003878,0.011013617538012537,-0.017070826184480307,-0.4062764122754514,-0.913590752865837,0.06540003355464369,0.9113134472311336,-0.40648571500946956],"T_pred":[65.75910076270732,56.05835914165931,985.0642166969792],"rotation_error":174.47222724157064,"translation_error":50.022705579768974,"ADD":0,"ADD_S":0}}
{"id_image":48,"data":{"GT_R":[-0.935287090582439,-0.3532620184779963,0.02106195512792953,0.25198195695886594,-0.6229867026599928,0.7405361188769921,-0.24848154762410468,0.6979209095855944,0.6716868547460638],"GT_T":[109.38355828318005,44.76791559226698,963.2069107076052],"R_pred":[0.9989112513239837,-0.04660170050761104,0.002143242438886764,-0.02010803569291677,-0.4715628858728096,-0.8816031485696272,0.042094879485815195,0.8806002079133906,-0.4719865410623148],"T_pred":[63.13777639261341,50.8814068724915,936.6815159690082],"rotation_error":175.87028350160543,"translation_error":53.66231158216755,"ADD":0,"ADD_S":1}}
{"id_image":49,"data":{"GT_R":[-0.9349506355850089,-0.3541579377058851,0.020934114218305995,0.25197878355100367,-0.6213496771430919,0.7419111146983836,-0.24974575196608031,0.6989256467584116,0.6701713594448245],"GT_T":[107.65811362538304,46.04093956064419,963.2110910701005],"R_pred":[0.9942244864638452,-0.03797825943423641,-0.100375905106998,-0.10720466826983388,-0.39488005562939577,-0.9124565199324733,-0.0049829325560463295,0.9179473805597308,-0.39667086722706363],"T_pred":[60.7120208868241,56.67250836257727,916.3513527585956],"rotation_error":179.26213793842155,"translation_error":67.17738423926859,"ADD":0,"ADD_S":0}}
{"id_image":50,"data":{"GT_R":[-0.9345591734753598,-0.3550979116552319,0.02246297793999881,0.253286986869169,-0.6196122414447496,0.7429178167856897,-0.24988983434217368,0.699990771412548,0.66900601911256],"GT_T":[106.03223506395744,48.34500361314049,963.1185017032775],"R_pred":[0.9933104625995254,-0.10652568270924663,-0.04457133398998725,-0.09302713413379883,-0.5095307419078925,-0.8554088936676103,0.06841255151776084,0.8538329473463306,-0.5160319959272953],"T_pred":[73.95959823607629,65.1352008042631,1093.8424520889919],"rotation_error":178.6935230700052,"translation_error":135.64407823143867,"ADD":0,"ADD_S":0}}
{"id_image":51,"data":{"GT_R":[-0.9346675271107941,-0.3548664174215442,0.02159506155908673,0.25167651427851867,-0.6175301663126429,0.7451947588235543,-0.2511083051878804,0.7019449292185812,0.6664963278151362],"GT_T":[105.81488641809916,50.83795461886761,963.2935720042273],"R_pred":[0.997673733677746,-0.05458485654362558,0.0408364367399695,0.008034973538580618,-0.5007054949745665,-0.8655804101887408,0.06769461078800901,0.8638949593199317,-0.49910213276630444],"T_pred":[70.88139557273195,61.47093438229374,1057.9509328480215],"rotation_error":174.06669591756275,"translation_error":101.45651779558102,"ADD":0,"ADD_S":0}}
{"id_image":52,"data":{"GT_R":[-0.9351886532880572,-0.3535620971286412,0.020352386559190153,0.2493281475812022,-0.6164940036579037,0.7468406995087407,-0.251507149680295,0.7035120073298858,0.6646915418593394],"GT_T":[104.3202133224262,53.85739991914789,962.9313464892718],"R_pred":[0.9820747747535378,-0.03790995638194672,-0.18464011481773662,-0.17879382233766436,-0.49751291663444847,-0.8488307645672206,-0.059681704790293756,0.8666277938013547,-0.495372951546934],"T_pred":[71.3992279239774,68.26077995344599,1035.2888575926338],"rotation_error":173.01646653994257,"translation_error":80.78897232351977,"ADD":0,"ADD_S":0}}
{"id_image":53,"data":{"GT_R":[-0.9358570745809178,-0.35166248253547816,0.02243700111904378,0.24866677957015113,-0.6139626149612,0.7491431255850207,-0.24966928970703706,0.7066703235743561,0.662028637974829],"GT_T":[103.18179462243772,57.11544918996579,962.1517231263069],"R_pred":[0.9982079040011953,-0.05962288957139225,0.005107976967314434,-0.021899607161554275,-0.44340975919560516,-0.8960514453178821,0.05569010321152808,0.8943337724190299,-0.44392084419976985],"T_pred":[53.34017710252776,60.40702401084076,905.7445258028517],"rotation_error":175.33374382128744,"translation_error":75.34449689054685,"ADD":0,"ADD_S":0}}
{"id_image":54,"data":{"GT_R":[-0.9344710440701554,-0.3550392859918759,0.02664275591024933,0.2535660117098239,-0.6111203696336239,0.7498248062005974,-0.24993412391660338,0.7074456361001644,0.6611005758036085],"GT_T":[103.75894333122974,56.26576188830637,961.9301252889074],"R_pred":[0.9944557774444165,-0.035259433996436336,-0.09906805247744156,-0.1044811029400243,-0.4378466306422606,-0.8929580209414417,-0.011891418580565291,0.8983580023295118,-0.43910305602975597],"T_pred":[65.53794497323129,70.46481566629443,1007.1677755733634],"rotation_error":178.95725058657192,"translation_error":60.90076228530361,"ADD":0,"ADD_S":0}}
{"id_image":55,"data":{"GT_R":[-0.9346639177624472,-0.3544817808492427,0.027290414081394716,0.2537364154007454,-0.6113176609398152,0.7496061227447024,-0.24903741947632269,0.7075551856150418,0.6613211684525242],"GT_T":[102.14732222842002,55.74669128327607,961.324135030635],"R_pred":[0.9989617402180982,-0.04553237695887925,0.0014980750656218948,-0.022286081562743656,-0.5170990495376703,-0.8556353800164042,0.03973376585482999,0.8547136219902619,-0.5175769046579272],"T_pred":[58.31617042138379,63.44796641155797,992.3882865402358],"rotation_error":176.31610852470206,"translation_error":54.27210163928036,"ADD":0,"ADD_S":0}}
{"id_image":56,"data":{"GT_R":[-0.9342878127958872,-0.3556338687831649,0.025095341249940888,0.25271142629260657,-0.6109556267358403,0.7502467903904741,-0.25148076405061004,0.7072887675745063,0.660681213016178],"GT_T":[97.20609431228834,57.155582365316825,960.9933443111212],"R_pred":[0.9960765984921068,-0.06696550047726704,0.05785353647119162,0.017873300437831856,-0.48804190566829647,-0.872637177435798,0.08667153551110854,0.8702475050567434,-0.48493022681068243],"T_pred":[52.71199559663219,65.58648628623176,997.9728509822305],"rotation_error":172.75318059829604,"translation_error":58.46613442909384,"ADD":0,"ADD_S":0}}
{"id_image":57,"data":{"GT_R":[-0.9328939465096403,-0.35926441515487006,0.025258788490444845,0.25500363190700165,-0.6093773316683939,0.750754946244428,-0.2543271478721551,0.7068161665162218,0.6600979240386453],"GT_T":[93.53286581186015,57.17799662838274,960.7422239211204],"R_pred":[0.9856658473813636,-0.04577002375622996,-0.16238208716275263,-0.16363179218617865,-0.4937157009799373,-0.854089833209498,-0.04107887403419045,0.8684180511316212,-0.49412813578750986],"T_pred":[62.227088608619724,74.46509228958372,1084.4500883713686],"rotation_error":174.61496272978542,"translation_error":128.77317690241014,"ADD":0,"ADD_S":0}}
{"id_image":58,"data":{"GT_R":[-0.9328627688623002,-0.35940226280727877,0.024438651892989934,0.2547808334128034,-0.6103034447821287,0.7500780478643589,-0.2546640018333957,0.7059471792497617,0.6608969808576155],"GT_T":[91.05362283000933,56.060048519742764,960.2537577893596],"R_pred":[0.9918179215964652,-0.05771283932641406,-0.11387027082145756,-0.12759278221016437,-0.4190884337282354,-0.898935463002258,0.0041584044942903145,0.9061093272293902,-0.42302316104436166],"T_pred":[49.57628234694861,69.64641226048981,959.7720333960602],"rotation_error":178.4287123528771,"translation_error":43.648494952686896,"ADD":0,"ADD_S":1}}
{"id_image":59,"data":{"GT_R":[-0.9333323605995247,-0.3582015238788679,0.024095238148225985,0.2535432689926819,-0.6101409181400939,0.7506294425115938,-0.25417481059584734,0.706696848537327,0.6602847745685962],"GT_T":[90.80383901345142,56.89177591093461,959.6313143614572],"R_pred":[0.9974891333253038,-0.06942321200978356,0.013994517933103703,-0.016321345288940557,-0.4176399711024763,-0.9084659972863499,0.06891329759846422,0.90595655092933,-0.4177244130312928],"T_pred":[46.610787234041126,65.2127594402909,941.1719712312101],"rotation_error":174.30281520897185,"translation_error":48.610821236363165,"ADD":0,"ADD_S":1}}
{"id_image":60,"data":{"GT_R":[-0.9339865018151554,-0.35631064719993205,0.02665943926319867,0.25392770260870895,-0.6094132753744417,0.751089823273351,-0.25137424785297413,0.708277976001749,0.6596608854344529],"GT_T":[93.64790290246722,55.705979239766194,959.0208631350123],"R_pred":[0.9883031220790734,-0.07852771692626187,-0.13073001401019457,-0.15186094263492836,-0.42823159248821907,-0.8908175780130492,0.013971148513554112,0.9002505767114803,-0.4351479129443912],"T_pred":[54.773945072738336,67.99912540506956,971.6500741119204],"rotation_error":177.55333880455154,"translation_error":42.68258438623778,"ADD":0,"ADD_S":1}}
{"id_image":61,"data":{"GT_R":[-0.9362636678657775,-0.3502330793161092,0.027326184149887172,0.25113427417791334,-0.6128900870981826,0.7491976999411071,-0.24564565784799436,0.7083100191147083,0.661781963738091],"GT_T":[97.17044238523934,52.84615271800527,957.9294654632083],"R_pred":[0.9927455509670265,-0.06523238912513317,-0.10100003190198234,-0.11870153219712025,-0.3980413838509509,-0.9096554309166058,0.01913680457208749,0.9150452404941773,-0.40289699745682217],"T_pred":[50.834809076637306,62.79036535808886,894.3881643067112],"rotation_error":179.58007291392866,"translation_error":79.26774395554023,"ADD":0,"ADD_S":0}}
{"id_image":62,"data":{"GT_R":[-0.9387633783094445,-0.34346573803497216,0.027444149240274357,0.24680183168837588,-0.6147004531133693,0.749155040240074,-0.24043807087055943,0.7100526612468078,0.6618262898526117],"GT_T":[102.11962606127156,52.402219159036385,956.9196869510782],"R_pred":[0.9864571333720082,-0.0749407815990783,-0.14589792072815905,-0.16333035442377053,-0.3673788648103398,-0.9156178050990882,0.015017301464858163,0.9270472743846376,-0.37464360626164206],"T_pred":[54.955031717898265,62.935355960985184,897.6720311382095],"rotation_error":177.46552441713678,"translation_error":76.45737799443351,"ADD":0,"ADD_S":0}}
{"id_image":63,"data":{"GT_R":[-0.9405761395540377,-0.338059402776082,0.03209715747296722,0.2466331204303716,-0.6150983620218489,0.7488834568151594,-0.23342419508665888,0.7122988650797489,0.6619244593901389],"GT_T":[107.14607263448465,49.35366563762366,955.5192579328943],"R_pred":[0.985647002645833,-0.05089609188283647,-0.16096451163638184,-0.16792542666600607,-0.3935749001089483,-0.9038251208520768,-0.017350425191471536,0.9178825555784821,-0.39647266855407565],"T_pred":[59.2538201106233,58.017685354700724,875.7766859527077],"rotation_error":176.2876077980635,"translation_error":93.42168311201877,"ADD":0,"ADD_S":0}}
{"id_image":64,"data":{"GT_R":[-0.9423569441467518,-0.3332728573186294,0.029865866184509465,0.24282515294448556,-0.6197295195577339,0.7463051926699873,-0.23021459882809367,0.7105387521157187,0.6649330516747299],"GT_T":[110.14483753619639,46.195463816833495,955.0354080328808],"R_pred":[0.9864020970240641,-0.014386757347932017,-0.16371904043067553,-0.1484707019562076,-0.5051958281350513,-0.850137415889673,-0.07047945549704838,0.8628848106485313,-0.5004622362425443],"T_pred":[79.32130315460245,60.50488696969848,1034.2892316399357],"rotation_error":174.4140998870656,"translation_error":86.23235134843083,"ADD":0,"ADD_S":0}}
