{"id_image":1,"data":{"Best_template_id":108,"GT_R":[-0.09489741249029623,0.3561386300696222,-0.9296019480411393,-0.34937416104044705,0.8625018988232865,0.36609704814610067,0.932165006412512,0.3595205652274382,0.04257586846391211],"GT_T":[52.33599371521044,-13.031296641365195,861.5899289137005],"R_pred":[-0.86293232781513,0.40842228026171684,-0.2975551017834864,0.441983026347663,0.8954764365766873,-0.05265886398774985,0.24494652892442131,-0.17695534047250144,-0.9532512813766048],"T_pred":[89.02878189443952,-40.810533090052736,794.9925481949867],"rotation_error":83.49057744444187,"translation_error":80.95219453869781,"ADD":0,"ADD_S":0}}
{"id_image":36,"data":{"Best_template_id":108,"GT_R":[-0.10098129392773866,0.3390290986563458,-0.9353408405023759,-0.34637500340565003,0.8693469251931312,0.35250354851560134,0.9326447803199308,0.35957456267807025,0.029642972835050057],"GT_T":[36.431813052732934,-15.061671846474432,854.889665423068],"R_pred":[-0.9768829787658422,-0.010161893286100634,0.21353309280394234,0.18726053194177822,0.441140932797184,0.8776834113663728,-0.1031171129078845,0.8973803058545876,-0.4290401469441637],"T_pred":[33.191703489364144,-42.1028824340096,477.4479909027642],"rotation_error":97.54791003295136,"translation_error":378.42296844234096,"ADD":0,"ADD_S":0}}
{"id_image":47,"data":{"Best_template_id":108,"GT_R":[-0.08176790305726558,0.34291594675714004,-0.9358005665368483,-0.34465464710178356,0.8712861049416898,0.34938989394733905,0.9351606006571631,0.3510967987887798,0.046944407423005166],"GT_T":[59.49748765951539,-15.940989444141788,860.9665492937945],"R_pred":[-0.7057277466220803,0.2894072657606606,-0.6466774947163842,0.20198715124930305,0.9570708074739127,0.20788617128472775,0.6790799204643825,0.01609049427986403,-0.7338879734781854],"T_pred":[89.82482660102598,-36.73542393177529,781.6904210968552],"rotation_error":52.94166749356055,"translation_error":87.3891325899926,"ADD":0,"ADD_S":0}}
{"id_image":83,"data":{"Best_template_id":108,"GT_R":[-0.051182081267789885,0.34687788183738805,-0.9365126806882695,-0.33423610323086433,0.8777158286503173,0.3433663873103977,0.9410979073728976,0.3305899343507701,0.07101581339481473],"GT_T":[80.50375242502996,-7.627733393267646,867.1132222035583],"R_pred":[-0.7737098174894937,0.33110824833464714,-0.5401300271278535,0.24276122179098125,0.9424306720456237,0.22998134181316368,0.5851838236955325,0.04681619668869816,-0.8095481061757114],"T_pred":[116.26246061590338,-31.65209849313207,794.2324726947538],"rotation_error":60.19798490158708,"translation_error":84.66084678820974,"ADD":0,"ADD_S":0}}
{"id_image":112,"data":{"Best_template_id":108,"GT_R":[-0.03066579499454619,0.35842471964468575,-0.9330546466130516,-0.3433961351884973,0.8728955476024446,0.34660120723264787,0.9386892054263638,0.3310359762596514,0.09631358656249628],"GT_T":[90.9578870625636,-18.115127756738985,870.214102795854],"R_pred":[-0.02197072992272575,0.41191703969566806,-0.9109564421173058,-0.8332514928627289,0.4959630586674119,0.2443616051659902,0.5524574523605383,0.7644246181577508,0.3323338178483806],"T_pred":[100.66837101812993,-18.737346331673706,666.7669098641163],"rotation_error":36.597421423195144,"translation_error":203.67975099751575,"ADD":0,"ADD_S":0}}
{"id_image":1024,"data":{"Best_template_id":108,"GT_R":[0.5378109085736478,0.3445428353846606,-0.7694472931938168,-0.3433293601926506,0.9230761784574881,0.17336187404666403,0.76998924176551,0.17093743837230568,0.6147327127097234],"GT_T":[134.73122615884228,12.143600548964699,949.5835934469427],"R_pred":[-0.6407521236087241,0.062196851165471745,0.7652243251465616,-0.10460017973303068,0.9803470459044507,-0.16726766569255053,-0.7605889287195338,-0.18721971394999332,-0.6216536497260792],"T_pred":[133.86452184290766,7.0784986575414095,864.241874261309],"rotation_error":179.4981835106571,"translation_error":85.49628920076775,"ADD":0,"ADD_S":0}}
{"id_image":1027,"data":{"Best_template_id":108,"GT_R":[0.5490441191287648,0.34297485437741737,-0.7621805354210485,-0.33866431656913015,0.9249997374251607,0.17228159729595274,0.7641048830135074,0.1635321897826169,0.624019860272118],"GT_T":[145.4036728839161,17.882345049387965,946.1122610800769],"R_pred":[-0.7042530263098419,0.05293373430691968,0.7079729477217004,-0.0664083508692325,0.987932626105239,-0.13992518433661405,-0.7068363359846875,-0.1455580504442504,-0.6922392997241713],"T_pred":[144.42376309393165,11.19516348470907,853.8271811372998],"rotation_error":174.7987405965597,"translation_error":92.53223546699954,"ADD":0,"ADD_S":0}}
{"id_image":1059,"data":{"Best_template_id":108,"GT_R":[0.5709597738530855,0.31874303674173754,-0.7565764595490821,-0.3325428987822525,0.9323597738062869,0.1418421956290973,0.750612474435284,0.17060742606646714,0.6383363540398707],"GT_T":[152.9804531357707,4.513159355754437,948.9277642986692],"R_pred":[-0.8485533438467259,0.1217331842244328,-0.5149157741855658,0.0516236746831982,0.9875784575464454,0.14840413202598932,0.5265854335801016,0.09934697805552142,-0.8442973167625799],"T_pred":[182.63481799656896,-10.389149873691366,824.5615667676299],"rotation_error":97.4172556837991,"translation_error":128.71834082211,"ADD":0,"ADD_S":0}}
{"id_image":1074,"data":{"Best_template_id":108,"GT_R":[0.5474439809700754,0.32299539472572675,-0.7719963049097676,-0.3178125004873332,0.9336404641436151,0.16525588534725427,0.774144277609961,0.15488119637725264,0.6137683316143167],"GT_T":[133.62965310335358,31.092003099184737,969.8933311826213],"R_pred":[-0.730287705289594,0.023021995072865953,0.6827516790500952,-0.10109362523044578,0.9847860059704499,-0.14133860542164572,-0.6756181957589844,-0.17223968818955293,-0.7168497355595106],"T_pred":[132.2885912808737,20.675140903613627,854.1425557275066],"rotation_error":172.07771382254862,"translation_error":116.22629428521587,"ADD":0,"ADD_S":0}}
{"id_image":1075,"data":{"Best_template_id":108,"GT_R":[0.5592983748952548,0.32220521350585163,-0.7637863666672676,-0.3225377441091325,0.9333521432292538,0.1575515618899416,0.7636446334943442,0.15823102205195938,0.6259464420101085],"GT_T":[132.52315113071163,27.21398209840768,969.2793787221085],"R_pred":[-0.870157351555526,0.12939744406908668,-0.47548131929893983,0.12481298543675194,0.9913177447437643,0.041362393819781115,0.4767052571560732,-0.02335445192088878,-0.8787529046183785],"T_pred":[163.83546886241845,10.430360556930493,837.0778028863217],"rotation_error":100.95350787981232,"translation_error":136.89195683912254,"ADD":0,"ADD_S":0}}
{"id_image":1087,"data":{"Best_template_id":108,"GT_R":[0.5726121477093445,0.311360174187186,-0.7583993101033798,-0.31267948376617705,0.9380909101104216,0.1490506069069047,0.7578560615225474,0.15178665674743372,0.6345189032246956],"GT_T":[139.21127589613454,31.97862047654568,978.086909206375],"R_pred":[-0.8993354301583825,0.07572154497485845,-0.4306530293501459,0.040352298684390525,0.9950610200097638,0.09069321059491747,0.43539347268042833,0.06418577789315019,-0.8979491688639888],"T_pred":[173.13660773428762,16.582931619900368,876.2489268759138],"rotation_error":103.31138191886764,"translation_error":108.43860023459717,"ADD":0,"ADD_S":0}}
{"id_image":1090,"data":{"Best_template_id":108,"GT_R":[0.5710046924378172,0.31438621290259305,-0.7583632726852804,-0.31283458619782206,0.9373943371606142,0.15305822043915088,0.759004342174473,0.14984489536807394,0.6336076667295523],"GT_T":[133.96173070032373,31.180485808152078,982.6317644585356],"R_pred":[-0.9052884771991855,0.029386555161271685,-0.4237796637713202,0.09975219636025777,0.9844154718543927,-0.14482982460459243,0.4129192080440001,-0.1733857236033174,-0.89411135686718],"T_pred":[161.6535367967911,20.82155735531274,836.008486956862],"rotation_error":107.33702150634358,"translation_error":149.57449324302644,"ADD":0,"ADD_S":0}}
{"id_image":1094,"data":{"Best_template_id":108,"GT_R":[0.5572418816843766,0.31959270064477613,-0.766382416160502,-0.31527202477407934,0.9352806406945438,0.16078903799516375,0.7681691757311108,0.15201977989317178,0.6219368752627019],"GT_T":[124.40728753133047,29.72047917551183,989.152268053149],"R_pred":[-0.8165355303565074,-0.02266822622010886,0.5768499624559676,-0.31060148399429444,0.859526766034147,-0.40588231867306546,-0.48661735049827326,-0.510587788720917,-0.7088749284627895],"T_pred":[118.95414900935188,30.951681543500836,793.3632707275152],"rotation_error":168.53291326667366,"translation_error":195.8687929528026,"ADD":0,"ADD_S":0}}
{"id_image":1097,"data":{"Best_template_id":108,"GT_R":[0.5653798008602341,0.32848203337270626,-0.7566014700896191,-0.31752552800514794,0.9332653127529489,0.1679061489044306,0.7612637965521701,0.14530837525008566,0.6319515288936542],"GT_T":[126.76990897550785,26.11115742830521,988.754002609969],"R_pred":[-0.7388676850697189,0.12602275956984108,-0.6619613342409937,0.04491343320638033,0.9893819545375304,0.13822493101142305,0.6723520859470361,0.07239897862469247,-0.7366824691933226],"T_pred":[158.69027583588684,13.391628096454069,822.2025534744902],"rotation_error":86.74357046409557,"translation_error":170.05905284945285,"ADD":0,"ADD_S":0}}
{"id_image":1103,"data":{"Best_template_id":108,"GT_R":[0.5826644145193887,0.3210641284438182,-0.7466052800965041,-0.3183872160005267,0.9354040370014248,0.15377842386783622,0.7477507854758594,0.14810812038808,0.6472494997118414],"GT_T":[137.4385334330635,22.44895838282489,987.4502174522008],"R_pred":[-0.7779399641482344,0.004117205104396532,0.6283251234855823,-0.10329653830221978,0.9855351915615123,-0.1343510750555912,-0.6197896718692738,-0.1694208806963988,-0.766261918555421],"T_pred":[136.40775168780831,17.112907870060972,848.9552158340089],"rotation_error":170.31051874817794,"translation_error":138.60159241258418,"ADD":0,"ADD_S":0}}
{"id_image":1104,"data":{"Best_template_id":108,"GT_R":[0.5850004299491472,0.32279213303364884,-0.7440290386032657,-0.31883195749538784,0.935054292019878,0.15498197069211506,0.7457345329339446,0.14655499337586278,0.649924370346855],"GT_T":[136.17426251249378,20.935617297779938,987.876791938884],"R_pred":[-0.7697880980141578,0.07467862974606061,-0.6339159143096159,0.1438735047901702,0.9878752667281082,-0.05833414100046638,0.621873539214476,-0.13610863178402835,-0.7711988988443523],"T_pred":[164.6770137536862,8.768776904235539,815.8460968716074],"rotation_error":94.10531190734599,"translation_error":174.79988237641805,"ADD":0,"ADD_S":0}}
{"id_image":1107,"data":{"Best_template_id":108,"GT_R":[0.587315606427543,0.3204737073633405,-0.743206959934588,-0.31909980780252317,0.9355730832873121,0.15125551867281684,0.7437981901073291,0.14832134329593016,0.6517401274483454],"GT_T":[134.23904625302325,18.22501015049344,990.0887193599085],"R_pred":[-0.8754616788204641,0.2093560412022486,-0.43558798988146685,0.14606394973073633,0.9737710262950265,0.17445718941157728,0.4606866304831424,0.08910688166720006,-0.8830785877449617],"T_pred":[167.1901683803419,0.8515702764805514,856.0073376867673],"rotation_error":103.06751159197917,"translation_error":139.1597275575228,"ADD":0,"ADD_S":0}}
{"id_image":1113,"data":{"Best_template_id":108,"GT_R":[0.6055233860686601,0.30589043359007034,-0.734692418345374,-0.3045364730909969,0.9419765144103528,0.14119876336154846,0.7352547146981686,0.13824102500898752,0.6635434576559649],"GT_T":[145.6986508701068,26.069971901694082,992.4460411177772],"R_pred":[-0.7203201119715688,0.016288321692587426,0.6934505222910324,-0.08424665918867257,0.9902687671589957,-0.11077124719416519,-0.6885066715034899,-0.13821164699779098,-0.711938272555524],"T_pred":[141.57803865670465,19.65126919378285,843.2177164432467],"rotation_error":176.1866561321917,"translation_error":149.42313098925777,"ADD":0,"ADD_S":0}}
{"id_image":1119,"data":{"Best_template_id":108,"GT_R":[0.6113527681221002,0.3039527509980103,-0.7306573886548466,-0.3044287585086224,0.9425748482591584,0.137389830191174,0.73045927467684,0.138439642107304,0.6687774983652223],"GT_T":[150.6838106190632,23.29454789979877,998.7440585267383],"R_pred":[-0.9298465072386346,0.058890678580768206,-0.36320429643990804,0.07298654296015988,0.9970145984058963,-0.02519633132529861,0.3606361567048383,-0.0499377466634823,-0.9313687690358408],"T_pred":[174.9204556165996,11.926410089590057,826.7302252572703],"rotation_error":111.6375671772906,"translation_error":174.08448625326972,"ADD":0,"ADD_S":0}}
{"id_image":1120,"data":{"Best_template_id":108,"GT_R":[0.6155151904083956,0.3056049812739629,-0.7264614842269916,-0.3034337714239072,0.9425949497510139,0.1394340593101476,0.7273705095454601,0.1346086230254892,0.672913148000691],"GT_T":[150.70601279685408,23.149633803135732,999.4148678112784],"R_pred":[-0.7071344764699776,0.01815635621354516,0.7068459371861576,-0.11903206739267963,0.9823466488549359,-0.14431364597882537,-0.6969879476144155,-0.1861864877280949,-0.6924899946336558],"T_pred":[133.9597124600841,18.329840617946292,790.7080096452275],"rotation_error":178.44660635088528,"translation_error":209.4330958250424,"ADD":0,"ADD_S":0}}
{"id_image":1122,"data":{"Best_template_id":108,"GT_R":[0.6171440220096571,0.3050232611585585,-0.7253236564425729,-0.30442664884679155,0.9425794332462215,0.13736393507257297,0.7255735396451717,0.1360334657688485,0.6745647579305211],"GT_T":[151.24275780823427,23.041358420196367,1001.8611194285228],"R_pred":[-0.7445376530812986,-0.028699407059085705,0.6669632877292787,-0.19591308754733383,0.9644785391695547,-0.17719822123552156,-0.6381862935474739,-0.26259758474863976,-0.7237131774483027],"T_pred":[142.28023893751578,21.78713186008081,819.7215636129255],"rotation_error":175.77762328279096,"translation_error":182.3642443613198,"ADD":0,"ADD_S":0}}
{"id_image":1124,"data":{"Best_template_id":108,"GT_R":[0.6196274636654101,0.31106084116804655,-0.7206267737509434,-0.3067834709226318,0.9410624868524371,0.14242596174313263,0.7224574423962169,0.13282424283233762,0.6785366389134836],"GT_T":[150.10909730422432,19.93998333947812,1004.8743763680679],"R_pred":[-0.7745567724982313,-0.009059927967789289,0.632439502152057,-0.12645049777379314,0.9819296822285166,-0.1407990439291534,-0.619735490180999,-0.18902914289553926,-0.7617059178884555],"T_pred":[144.3279195566683,16.577699746780155,830.6669272405376],"rotation_error":173.07188591805797,"translation_error":174.3357745806283,"ADD":0,"ADD_S":0}}
{"id_image":1126,"data":{"Best_template_id":108,"GT_R":[0.6194720170024108,0.3136216000440279,-0.7196500377212314,-0.3060363355676611,0.9406788733177849,0.14651052857505,0.7229084899684949,0.1294791790928899,0.6787034022707342],"GT_T":[149.94215720885228,20.854120047399498,1008.1035899307125],"R_pred":[-0.725249358699657,0.040149574638415425,0.6873146145413253,-0.0005438380820770097,0.9982644710289215,-0.05888760583932446,-0.6884860724414669,-0.04308198623208389,-0.7239688325587103],"T_pred":[138.76013055004185,13.077315490005063,816.0243007416643],"rotation_error":176.1012718019774,"translation_error":192.56159987051478,"ADD":0,"ADD_S":0}}
{"id_image":1132,"data":{"Best_template_id":108,"GT_R":[0.6212823442767079,0.3239736938652745,-0.7134760542116005,-0.30832888981248213,0.938149491623206,0.15750522657909038,0.7203755998013426,0.12212936948583525,0.6827474655649018],"GT_T":[147.20265293763526,25.667015346709633,1016.0546557215008],"R_pred":[-0.727231567316329,0.13121354281071462,-0.6737338151538012,0.05094274034747402,0.9891688319124586,0.13765848749289167,0.684499148797517,0.06578775080515771,-0.7260391774136387],"T_pred":[174.88229411408713,11.922520881449554,830.2168121047862],"rotation_error":89.69119459909112,"translation_error":188.38996200401223,"ADD":0,"ADD_S":0}}
{"id_image":1137,"data":{"Best_template_id":108,"GT_R":[0.6231439812675982,0.33016893515509443,-0.7089994106834224,-0.30713645855513017,0.9370044002856945,0.16640277359144015,0.7192759458808397,0.11406650167434618,0.6852959194422614],"GT_T":[139.88275118774442,27.72724117467948,1021.6049338011027],"R_pred":[-0.7329773111914083,0.24836408133729737,-0.633292621447695,0.05492732689435102,0.9495349611313613,0.3088144205659855,0.6780318945586958,0.19156889280555078,-0.7096295577767325],"T_pred":[163.0111049140599,9.269919133585805,800.4460320251321],"rotation_error":89.37749736965019,"translation_error":223.12967825408523,"ADD":0,"ADD_S":0}}
{"id_image":1540,"data":{"Best_template_id":108,"GT_R":[0.7429275463844937,0.22531985817179903,-0.6303089642402003,-0.2257748161631743,0.9708122873419751,0.08092683587215904,0.6301461738275689,0.08218423729413638,0.7721153314739014],"GT_T":[134.41194991088074,45.4121847498477,964.0782593353279],"R_pred":[-0.9615641511978312,-0.0255579924738358,-0.27338831751174314,-0.024484041538434143,0.9996732748101463,-0.007339982309264054,0.2734865898744188,-0.00036421293693444283,-0.9618757469173438],"T_pred":[167.1080912912608,33.16280928069012,834.4077997426263],"rotation_error":124.84635818465303,"translation_error":134.28891596677911,"ADD":0,"ADD_S":0}}
{"id_image":1542,"data":{"Best_template_id":108,"GT_R":[0.7460922736430723,0.21956596264463363,-0.6285987880026286,-0.22064764727657593,0.9722528749840902,0.07771268971806909,0.6282199701202198,0.08071754372456072,0.7738375587012065],"GT_T":[135.01354427755774,47.16635418243788,964.457314879389],"R_pred":[-0.8321709910500771,-0.10902364918564397,0.543695949564624,-0.17859977290544424,0.9809306980549304,-0.07666215971123108,-0.5249700589298939,-0.16089999854478618,-0.8357736701376944],"T_pred":[136.81258543495042,38.60911407260124,802.474812561972],"rotation_error":173.97580701579264,"translation_error":162.21835273604327,"ADD":0,"ADD_S":0}}
{"id_image":1543,"data":{"Best_template_id":108,"GT_R":[0.7386541489660332,0.21375695604376796,-0.6392938678526863,-0.21780056021481206,0.97320215001213,0.07375225757538567,0.6379273655664177,0.08476130206164974,0.7654172744755234],"GT_T":[133.74940812197022,50.29522394009892,965.6830922405841],"R_pred":[-0.9821482080568132,-0.07956480394226485,-0.1704533349172722,-0.054266616512677376,0.9874603312290459,-0.14824718743129736,0.18011116495946836,-0.13635078372584866,-0.9741501075472353],"T_pred":[156.25041983224375,39.92662059969818,789.6235330140653],"rotation_error":131.0681351301985,"translation_error":177.79418398320152,"ADD":0,"ADD_S":0}}
{"id_image":1568,"data":{"Best_template_id":108,"GT_R":[0.7439835725162598,0.19810627498240732,-0.6381547790397184,-0.1940851129015793,0.9779331990794993,0.07731455816266292,0.6393891418891964,0.06633450195328154,0.7660159107584366],"GT_T":[124.24345903808417,69.06602321873399,970.6130855812008],"R_pred":[-0.912622716392842,-0.08490055933541638,-0.39988957544337644,-0.03611288400621571,0.9911155160172588,-0.12800739634332162,0.4072046624641029,-0.10238129191593583,-0.9075805385381068],"T_pred":[150.03150640593364,55.09839333596955,781.9992953473695],"rotation_error":117.2548262808786,"translation_error":190.8802764508687,"ADD":0,"ADD_S":0}}
{"id_image":1569,"data":{"Best_template_id":108,"GT_R":[0.7456662564108265,0.20000208454020582,-0.6355950999454311,-0.1935165230128456,0.9777763039752801,0.08064635229128726,0.6375995163951919,0.06286199409848083,0.7677992558467424],"GT_T":[123.2112589558312,69.11886092905236,970.4828318509755],"R_pred":[-0.8530525438410002,-0.08290963339418848,0.5151964189868169,-0.06814349906496396,0.9965421793740628,0.04754101664433648,-0.5173565704440041,0.005447698489737623,-0.8557525936855717],"T_pred":[133.35528408859017,52.33062558534954,825.6979647069423],"rotation_error":170.9831774367754,"translation_error":146.10750783503536,"ADD":0,"ADD_S":0}}
{"id_image":1571,"data":{"Best_template_id":108,"GT_R":[0.7352028973399991,0.20005080960443294,-0.6476548006572138,-0.19424539468754431,0.9775655413926352,0.08145238057778906,0.6494191992444626,0.06591925593421841,0.7575681355794395],"GT_T":[125.61987947167671,71.94288826004136,972.0782076220092],"R_pred":[-0.8289828756935431,-0.13055633005388417,0.5438220632612518,-0.221593448805318,0.9694644120556611,-0.10504807092058865,-0.5135014462038336,-0.20759045845229346,-0.8325998236284572],"T_pred":[130.2895154529568,59.75987143397516,806.8798381811156],"rotation_error":172.63702985293384,"translation_error":165.71280175385323,"ADD":0,"ADD_S":0}}
{"id_image":1572,"data":{"Best_template_id":108,"GT_R":[0.7447255061636877,0.20151447481085394,-0.6362187620967301,-0.19465050244733884,0.9774596581633282,0.0817502421812418,0.6383524131363317,0.06295799349056205,0.7671649765367287],"GT_T":[126.3610510206274,70.1193875247177,971.1762958632013],"R_pred":[-0.9590797019562738,-0.04612139947171577,-0.2793545091925943,-0.04452893631702359,0.998935450080248,-0.012047423103982078,0.27961276638583454,0.0008849201898021531,-0.9601124505964488],"T_pred":[157.87973296299384,55.47109666293737,814.821145282042],"rotation_error":124.04647286373712,"translation_error":160.17157316394304,"ADD":0,"ADD_S":0}}
{"id_image":1576,"data":{"Best_template_id":108,"GT_R":[0.7386246867655154,0.20307070151872145,-0.6428021519050168,-0.19156984051638698,0.9774652290793895,0.08866858900460681,0.6463232199096427,0.05764780241988211,0.7608832290933462],"GT_T":[132.47289026759367,79.58837779995943,972.6260450733678],"R_pred":[-0.6773076088358888,-0.03974088150021325,-0.7346257995405528,0.04143799884201521,0.9948940729666962,-0.09202540859842447,0.7345320246694352,-0.09277093248062045,-0.6722025430044849],"T_pred":[160.61972745701232,60.665761951275634,762.093592918485],"rotation_error":93.49209149575995,"translation_error":213.2468598706028,"ADD":0,"ADD_S":0}}
{"id_image":1577,"data":{"Best_template_id":108,"GT_R":[0.7523096997765657,0.19665950734429422,-0.6287730503713242,-0.18306745778064318,0.9792220991735868,0.08723304106588352,0.6328636472753524,0.04948125587706862,0.7726809172986315],"GT_T":[131.79423183851364,81.17661530418496,971.7764292090786],"R_pred":[-0.8115428103044512,-0.10316877590430329,0.5751125722165713,-0.20746976655919958,0.9710291507027571,-0.11856932339080184,-0.5462184206039051,-0.21554255302350156,-0.8094361277019245],"T_pred":[132.38968840662304,65.5651626989818,794.25806141624],"rotation_error":176.25439715862876,"translation_error":178.20449748758455,"ADD":0,"ADD_S":0}}
{"id_image":1579,"data":{"Best_template_id":108,"GT_R":[0.7518251250523861,0.2020296432127329,-0.6276488425304407,-0.18852948662230218,0.9780282367150179,0.08898208901505776,0.6318349610736532,0.051430775016397146,0.773394998041944],"GT_T":[131.69513279130535,80.29030107225546,971.8691438334968],"R_pred":[-0.990950121795132,-0.10262127825544795,0.08652588840012546,-0.11350018791677755,0.9847351914576307,-0.131963290530967,-0.07166284572265622,-0.14058974341722852,-0.9874709922771446],"T_pred":[154.7196159657183,67.42630858446465,834.2740073240511],"rotation_error":146.28005655287566,"translation_error":140.10007394440498,"ADD":0,"ADD_S":0}}
{"id_image":1580,"data":{"Best_template_id":108,"GT_R":[0.7535436485257636,0.20110894674645108,-0.6258805570037969,-0.1860107122977785,0.9783777465019905,0.09042185446594019,0.6305322596960501,0.048283005089490606,0.7746594350765754],"GT_T":[131.2324292898061,80.13035877248505,971.9319658878414],"R_pred":[-0.6939300488815159,0.0047525395024400376,-0.7200267360505265,-0.05216707405178039,0.9970184855792887,0.05685715256726708,0.7181501818172665,0.07701657471907701,-0.691613160353653],"T_pred":[164.34306554282503,60.64546416916067,794.5259293829178],"rotation_error":94.59499825464648,"translation_error":181.51825566363485,"ADD":0,"ADD_S":0}}
{"id_image":1583,"data":{"Best_template_id":108,"GT_R":[0.7538949867359063,0.2073628898817619,-0.6234124755385876,-0.1876655360976806,0.9773180181185365,0.09813621955469445,0.6296215566573629,0.043008002274185816,0.7757101837170719],"GT_T":[132.55592054564704,81.2761149912487,971.345069975324],"R_pred":[-0.7801317698816479,-0.11072953409216399,0.61573808709634,-0.1678030036823824,0.9851834409870114,-0.035436415735271974,-0.6026911095880692,-0.1309677742222298,-0.7871536498923047],"T_pred":[128.7678386477615,63.9623867526222,784.6365317138021],"rotation_error":179.20968190973892,"translation_error":187.5478419223753,"ADD":0,"ADD_S":0}}
{"id_image":1586,"data":{"Best_template_id":108,"GT_R":[0.7445198619101914,0.20626205093760097,-0.6349382109423489,-0.1874094163524486,0.9774049136675591,0.0977597853750578,0.6407555499752288,0.046208426339380326,0.7663530757397679],"GT_T":[134.69515671415473,81.08581199421683,971.571042774369],"R_pred":[-0.8398580729776831,-0.1205390455266303,0.5292530167677286,-0.205123162587675,0.9732106994071901,-0.1038528898461579,-0.5025563703946484,-0.19578374054782208,-0.8420842128391081],"T_pred":[141.18777506366777,68.01204876086445,830.8195708291377],"rotation_error":172.54249274906238,"translation_error":141.50637523752567,"ADD":0,"ADD_S":0}}
{"id_image":1587,"data":{"Best_template_id":108,"GT_R":[0.7540686761464943,0.2000208673509514,-0.6255964314783177,-0.18309265300653027,0.9787583140428535,0.09224445242205263,0.6307588321835967,0.044982809429612115,0.7746742018698818],"GT_T":[134.21940875063459,80.8598629745851,971.2634896419393],"R_pred":[-0.7668540433360957,-0.10281952809489767,0.6335321782367681,-0.19119545771821492,0.9788659608724453,-0.0725653332741437,-0.6126819510700506,-0.176775494024505,-0.7703059467155816],"T_pred":[130.74417876193831,65.49727823247466,789.1877768937466],"rotation_error":179.48356478628787,"translation_error":182.75571511226465,"ADD":0,"ADD_S":0}}
{"id_image":1588,"data":{"Best_template_id":108,"GT_R":[0.7624371118308387,0.1909407534839024,-0.618247418032186,-0.1725111660819165,0.9808695931365022,0.09018905855864617,0.623641250660845,0.037891117948859084,0.7807921917244428],"GT_T":[131.93729569982614,83.51048624780663,970.8132009564309],"R_pred":[-0.8053294219401749,-0.07812129381448076,0.5876577112658826,-0.047647632273316545,0.9966019363276866,0.06718841899206081,-0.5909096591664843,0.026108312098975,-0.8063151559676228],"T_pred":[135.55172375849506,62.46261755149073,816.5183003632421],"rotation_error":177.14780202162487,"translation_error":155.7658281392638,"ADD":0,"ADD_S":0}}
{"id_image":1589,"data":{"Best_template_id":108,"GT_R":[0.7557509222810439,0.19143929339520735,-0.6262518283269883,-0.1745847394666,0.9806048381908146,0.08907555215886508,0.6311579160483446,0.04201460750827183,0.7745158235463434],"GT_T":[131.5925553297683,84.29945798582125,971.574771074021],"R_pred":[-0.9102512136038438,-0.07042840462041448,-0.4080227542127434,-0.050056321204085874,0.9969179179431709,-0.0604071981751013,0.41101957719826804,-0.03456160740584497,-0.9109711315147595],"T_pred":[163.5758559472442,69.41285456846379,823.0739484832446],"rotation_error":117.14653488341972,"translation_error":152.63366859848043,"ADD":0,"ADD_S":0}}
{"id_image":1597,"data":{"Best_template_id":108,"GT_R":[0.747690996244439,0.19331301554866295,-0.6352850823265977,-0.16674115370118356,0.9806923804939782,0.10217429596758025,0.6427707338184386,0.02953296593798117,0.7654886612584593],"GT_T":[125.71208350120956,99.79389772757213,975.3258711093991],"R_pred":[-0.9655745646348177,-0.10903236107444864,-0.23617303903878045,-0.08698126498184919,0.990986153817199,-0.10188573248866903,0.2451530535653994,-0.07783564210004532,-0.9663547967213875],"T_pred":[158.74802892448722,83.74355534896661,842.6454948602803],"rotation_error":126.92366357104297,"translation_error":137.6701471710115,"ADD":0,"ADD_S":0}}
{"id_image":1605,"data":{"Best_template_id":108,"GT_R":[0.7675670393488176,0.19969604069865027,-0.6090670087130353,-0.17508342591324047,0.9794130901910553,0.10047589781158935,0.6165925736356115,0.02951569392794292,0.7867293202525855],"GT_T":[138.02323225814354,85.42306647924744,972.7252809061946],"R_pred":[-0.9745910080379965,-0.0779891863888625,-0.20997631737385297,-0.07670768618829608,0.9969517426736692,-0.014253198222520204,0.21044785085887585,0.0022157586366362367,-0.9776025738931667],"T_pred":[171.29679334104333,68.93690564306372,848.3878656449764],"rotation_error":130.03853360454414,"translation_error":129.76407900530333,"ADD":0,"ADD_S":0}}
{"id_image":1608,"data":{"Best_template_id":108,"GT_R":[0.7604334245834754,0.20534763707019452,-0.6160947661512901,-0.18152594436463432,0.9780873444636338,0.10194785957225191,0.6235288093296796,0.034312311408583485,0.7810464927347294],"GT_T":[140.6595432930001,82.09612466903194,972.7515854595449],"R_pred":[-0.8238082818652467,-0.05372451743146797,0.5643169242163362,-0.1406703899586547,0.9837350955380443,-0.11170095431837188,-0.5491372834903037,-0.17140285304950695,-0.8179665676831657],"T_pred":[140.57100772797546,64.86199463131908,804.8241336226497],"rotation_error":176.36836873269885,"translation_error":168.80951441531911,"ADD":0,"ADD_S":0}}
{"id_image":1609,"data":{"Best_template_id":108,"GT_R":[0.7662165278099501,0.20915799190776063,-0.6075898812154723,-0.183633657258353,0.977383091044481,0.10488042318756095,0.6157847031447395,0.03121220160461046,0.7872962335356702],"GT_T":[139.80586178410704,79.88002466503022,972.3337595828629],"R_pred":[-0.9140099620818762,-0.12336778511008499,-0.38647920877081976,-0.07369779916698611,0.987283072883452,-0.14085726248849018,0.3989416293306949,-0.10026227403585423,-0.911478498261001],"T_pred":[161.83206884127324,62.40664155528446,787.1397608115838],"rotation_error":120.08832500583965,"translation_error":187.31601665506778,"ADD":0,"ADD_S":0}}
{"id_image":1611,"data":{"Best_template_id":108,"GT_R":[0.7718929759708083,0.2094283825622913,-0.6002669263610986,-0.1801438735099951,0.9775364503429902,0.10940472189116858,0.6096951032252241,0.023685871148995678,0.7922816405724268],"GT_T":[136.87626934838758,79.59699118586092,971.4486431187456],"R_pred":[-0.9080546381675739,-0.041503168660390305,-0.41679042826521784,-0.03335293736730237,0.9990836806745663,-0.02682127101267079,0.41752168287566727,-0.010453994495384276,-0.9086068227389453],"T_pred":[171.6425924323642,61.99009281743842,838.890275191969],"rotation_error":118.20553991381335,"translation_error":138.1680896529517,"ADD":0,"ADD_S":0}}
{"id_image":1619,"data":{"Best_template_id":108,"GT_R":[0.7650456841360188,0.21954455548585755,-0.6053961770360391,-0.18850195086875504,0.9752614359475889,0.11546275624592843,0.615768807326258,0.025783166192172056,0.7875046588709448],"GT_T":[131.93455975052692,73.70963838459078,971.0698764100704],"R_pred":[-0.8478864363958318,-0.06930472679801172,0.5256286196730826,-0.1262350545799558,0.9892967871567769,-0.07318864608990941,-0.5149303855582545,-0.1284084178110274,-0.8475600133702014],"T_pred":[139.46835300765787,59.10391589946017,825.8254407714157],"rotation_error":174.20504286432651,"translation_error":146.17123949034956,"ADD":0,"ADD_S":0}}
{"id_image":1622,"data":{"Best_template_id":108,"GT_R":[0.7607268327326088,0.22873328587145064,-0.6074339375632118,-0.19669272128989385,0.9730825778949325,0.12009031445848967,0.6185518769385099,0.028121001984825887,0.7852404722787094],"GT_T":[133.76660186115743,71.98489363231612,970.9484821018066],"R_pred":[-0.868855232234687,-0.08743864882456347,0.487283355051394,-0.13195341892332377,0.9895745528550408,-0.05771048064427145,-0.47715708173813587,-0.11444075774601317,-0.8713348565928396],"T_pred":[139.62163753078073,57.84841165931199,818.420718576551],"rotation_error":171.409916217775,"translation_error":153.29331430718662,"ADD":0,"ADD_S":0}}
{"id_image":1626,"data":{"Best_template_id":108,"GT_R":[0.7672301507721192,0.2265247172859883,-0.600036431012777,-0.19427699922223376,0.9736809871228329,0.11917231315632494,0.6112392874981958,0.02514037817631902,0.791046381973072],"GT_T":[134.3823246172664,71.47330626630416,970.7165980447653],"R_pred":[-0.8719480613155656,-0.13572590546187951,0.4704094567019032,-0.21684289401169204,0.9684896248376234,-0.12250308526120232,-0.43895983607234595,-0.20882127566038924,-0.8739038489141164],"T_pred":[141.9258005976785,59.67984489620168,817.9566433882843],"rotation_error":171.17483820127276,"translation_error":153.40010921640598,"ADD":0,"ADD_S":0}}
{"id_image":1631,"data":{"Best_template_id":108,"GT_R":[0.7698765226099966,0.21844732323437926,-0.5996415268180955,-0.19039427660035219,0.9754238429853341,0.11089737697309719,0.6091299606746359,0.028791358821257572,0.7925480173321412],"GT_T":[139.14127488136808,70.9184163017657,969.3352256555548],"R_pred":[-0.7884212912709851,-0.023983112921662227,-0.6146679410585678,-0.052674639961595514,0.9982016136160163,0.02861679365857961,0.6128762108089272,0.054939501899527954,-0.7882667069942274],"T_pred":[176.58373917989,54.63142674834329,838.6149376230309],"rotation_error":104.67316290679952,"translation_error":136.94888778214087,"ADD":0,"ADD_S":0}}
{"id_image":1639,"data":{"Best_template_id":108,"GT_R":[0.7762384429582544,0.215970457970152,-0.5922925610615554,-0.18062818822727633,0.9762936706987984,0.11926550280138423,0.6040092518565218,0.014405412051604716,0.796847347473965],"GT_T":[142.83694576700304,75.14077757569515,965.9226895553293],"R_pred":[-0.8690554512034954,-0.10697875959586375,0.48300949030926876,-0.14886699337169754,0.987637314206584,-0.04910350161929834,-0.47178516405029114,-0.11457783634776779,-0.874237198018881],"T_pred":[148.93354709342043,59.33390868999335,820.6744406597875],"rotation_error":172.25830921506963,"translation_error":146.23296296979112,"ADD":0,"ADD_S":0}}
{"id_image":1641,"data":{"Best_template_id":108,"GT_R":[0.7652379333401083,0.2187430460965316,-0.6054439066478297,-0.18861194791811875,0.9754103695200913,0.11401740468054508,0.6154962422364872,0.026943398989973347,0.7876787518574416],"GT_T":[143.0543515301268,76.580518589525,966.5687192336453],"R_pred":[-0.786596165983777,-0.07252715740942416,0.6131935119501273,-0.1356298032237822,0.9891189640025404,-0.056993258619058566,-0.6023877722340489,-0.12799799408056903,-0.7878740288740644],"T_pred":[141.14341679267096,59.68604418856138,806.0912222271274],"rotation_error":179.7436495724128,"translation_error":161.3756548625987,"ADD":0,"ADD_S":0}}
{"id_image":1643,"data":{"Best_template_id":108,"GT_R":[0.7810338729237766,0.2094270839073927,-0.58832500719372,-0.17621940646392456,0.977715994822126,0.11409822458049505,0.5991091926219086,0.014559250228092954,0.8005344660005581],"GT_T":[140.9555210560345,77.86320251420719,965.4877750425516],"R_pred":[-0.9088704279606363,-0.10127693836974601,0.40459551027303864,-0.13799464130399558,0.9884552161694505,-0.06256008790584018,-0.3935886484008799,-0.11269102618157102,-0.9123533901225517],"T_pred":[158.56159986324542,65.68102919060085,864.5972246170355],"rotation_error":167.59514725324314,"translation_error":103.13720241995951,"ADD":0,"ADD_S":0}}
{"id_image":1644,"data":{"Best_template_id":108,"GT_R":[0.7741825429178822,0.2071504471648697,-0.5981042288546603,-0.17531826570181702,0.978138585183845,0.11184278279769341,0.6081970104443509,0.01827094186310472,0.7935753941979615],"GT_T":[139.42160769594986,79.16754452723099,966.5371152882115],"R_pred":[-0.804776057512466,-0.10216018468061042,0.584721124914019,-0.17532918980735637,0.9820370029600557,-0.06973521362071969,-0.5670936187757611,-0.15863991138189337,-0.8082315299841728],"T_pred":[143.32813366715857,63.177919505812106,824.8184035084789],"rotation_error":178.88126913844252,"translation_error":142.67137877653042,"ADD":0,"ADD_S":0}}
{"id_image":1645,"data":{"Best_template_id":108,"GT_R":[0.7795608564939789,0.209172785000678,-0.590365301730941,-0.17546791863479913,0.9777760183521825,0.11473611396612303,0.6012448141161939,0.014145336185180903,0.7989395974721399],"GT_T":[138.1432534253261,77.64065457760063,966.2849051819718],"R_pred":[-0.9605503862631856,-0.05882727356058878,-0.27181300067339054,-0.012438608160520542,0.9854814321594674,-0.16932698513808467,0.27782771005908313,-0.15926612557085632,-0.9473362997209461],"T_pred":[166.04922938049324,62.305323017423646,807.9801411258659],"rotation_error":128.54959676670163,"translation_error":161.4754291244655,"ADD":0,"ADD_S":0}}
{"id_image":1648,"data":{"Best_template_id":108,"GT_R":[0.7834097825511681,0.2067808320223161,-0.5860973062240843,-0.17285742073651042,0.9783140563569885,0.11410780632501055,0.5969824124543716,0.011917705142793288,0.8021653456215109],"GT_T":[135.52576816775002,78.02708734281886,966.5718341051344],"R_pred":[-0.9585288526000837,-0.1614635804492087,0.23484452499832545,-0.18563278140412984,0.9789711454571661,-0.08459294787658903,-0.2162473333970473,-0.1246796236391764,-0.9683450223179028],"T_pred":[154.03166455770562,63.92921844323158,841.0604893583919],"rotation_error":157.60271996871532,"translation_error":127.64919023966175,"ADD":0,"ADD_S":0}}
{"id_image":1649,"data":{"Best_template_id":108,"GT_R":[0.774187515360638,0.21344424685704727,-0.59588198442763,-0.18007960189971264,0.9767968557580129,0.11592273084248045,0.6067985195183094,0.017558974803661382,0.7946610993826649],"GT_T":[135.2144399152287,75.50065619699237,967.6204931969634],"R_pred":[-0.8298333624985235,-0.09802965850705568,0.5493330288061916,-0.12875329361803767,0.9915212046952092,-0.01755818960676933,-0.5429541231696297,-0.08529880827274157,-0.8354190166858476],"T_pred":[140.73466172040705,59.55484433777254,824.6350388129757],"rotation_error":176.32145190236074,"translation_error":143.97771331016273,"ADD":0,"ADD_S":0}}
{"id_image":1724,"data":{"Best_template_id":108,"GT_R":[0.7948159918025465,0.2530131525351572,-0.5515890028400279,-0.20922580667376922,0.9674595272351061,0.14228707137891308,0.5696404752063254,0.0023140991739441356,0.8218904784319403],"GT_T":[122.66299607345653,48.48643225876162,944.0614684526163],"R_pred":[-0.7967019669457759,-0.0824894163029925,0.5987165206195026,-0.28024035816789533,0.9281285295087714,-0.24503627153100266,-0.5354729848635331,-0.3630054116812546,-0.7625586886079401],"T_pred":[122.08787099314499,42.587804926807515,774.6521220671193],"rotation_error":176.0544784419151,"translation_error":169.5129824409345,"ADD":0,"ADD_S":0}}
{"id_image":1874,"data":{"Best_template_id":108,"GT_R":[0.8135156100751679,0.29196801392018557,-0.5029371826601929,-0.24010203181750725,0.9563115180288883,0.16679147184114193,0.5296622894750822,-0.014931530789597667,0.8480771365526343],"GT_T":[88.18916142223034,18.685731668509405,882.9148834549937],"R_pred":[-0.8804734048584637,-0.005430444241547806,0.47406444035835804,-0.057463043660613014,0.9937846885707113,-0.09534144626379679,-0.4706002358161354,-0.11118679345027183,-0.8753130382966109],"T_pred":[101.86106325112648,5.576749369729333,802.077397682617],"rotation_error":177.41092082765908,"translation_error":83.02689577798223,"ADD":0,"ADD_S":0}}
{"id_image":2040,"data":{"Best_template_id":108,"GT_R":[0.8596847859643932,0.27814295037451003,-0.42846007246870865,-0.22462571083062133,0.9591532494802212,0.17195135533029574,0.45878554250995207,-0.051580735946946364,0.8870488304865859],"GT_T":[102.41169725922444,20.504650338537605,790.8124055473909],"R_pred":[-0.9444598263077512,-0.06166814708502761,0.3227889033499015,-0.13653125888765266,0.9670851012571311,-0.21472219790472727,-0.2989228191980088,-0.24686726506684417,-0.9217926565129119],"T_pred":[119.60764826871936,3.519048730161163,786.8335548194212],"rotation_error":173.7587634707525,"translation_error":24.495767924988474,"ADD":0,"ADD_S":1}}
{"id_image":2050,"data":{"Best_template_id":108,"GT_R":[0.8588774685248841,0.2807211773238143,-0.4283980501509123,-0.22469708566540744,0.9581496299218776,0.17737219056824202,0.4602613099126098,-0.05608191644213522,0.8860106506520528],"GT_T":[101.602614785353,26.26176795452987,788.5779598924347],"R_pred":[-0.9923178077034798,-0.008576727332159514,-0.12341721218221348,0.015169175941331242,0.9816315013042294,-0.19018278510019404,0.12278136917228384,-0.19059390177934715,-0.9739603174609857],"T_pred":[130.18638869027575,6.020392072132549,765.5541780476648],"rotation_error":147.89472345038968,"translation_error":41.91467474161998,"ADD":0,"ADD_S":0}}
