{"id_image":1,"data":{"Best_template_id":27,"GT_R":[-0.8924732177583021,0.44088887699950463,0.09544084858574345,0.23827178773045124,0.6403854609485882,-0.7301596612890292,-0.38303768807296656,-0.6289073339222968,-0.6765773111476145],"GT_T":[124.90089875443374,54.93522682944893,847.5141466610079],"R_pred":[0.9340475479247831,-0.08522741900449989,-0.3468306002438821,-0.22652606513512974,-0.8921557950986307,-0.3908247421624237,-0.2761179458675135,0.4436150632268492,-0.8526221646474735],"T_pred":[136.43096423976442,74.51337552913688,1071.79041884651],"rotation_error":156.96912503494022,"translation_error":225.42425020842037,"ADD":0,"ADD_S":0}}
{"id_image":14,"data":{"Best_template_id":53,"GT_R":[-0.8831138228535002,0.4585459688951008,0.09922479996913824,0.2408793714357144,0.624650224999908,-0.7428247390535713,-0.40260008270896774,-0.6320981183543186,-0.6620918151871283],"GT_T":[102.08406747502372,74.13819355326079,846.7882702246432],"R_pred":[0.9036374876319186,0.27863155041149607,0.3252748838468174,0.34474248243405275,-0.0225224881489354,-0.9384270660700215,-0.25414938865061515,0.9601339472401064,-0.1164082969794317],"T_pred":[71.90888968526133,85.97882575049763,650.289404264637],"rotation_error":130.51973491302653,"translation_error":199.1545787800081,"ADD":0,"ADD_S":0}}
{"id_image":33,"data":{"Best_template_id":27,"GT_R":[-0.8817091964427343,0.44975178899691676,0.14252284926950426,0.2016461234684225,0.6323444834701138,-0.7479830795990338,-0.4265296328679297,-0.6307641518378176,-0.6482343536482362],"GT_T":[76.64270519957934,88.54410003360458,838.8411970069368],"R_pred":[0.6401356293826745,0.13216954104416562,-0.7568074975943495,-0.2811033004217459,-0.8764854849658181,-0.3908377273706266,-0.7149876296040711,0.4629302399545845,-0.5239162933606305],"T_pred":[70.64086262566062,111.98419713024225,957.040144123871],"rotation_error":142.13098506248127,"translation_error":120.65011962585741,"ADD":0,"ADD_S":0}}
{"id_image":43,"data":{"Best_template_id":27,"GT_R":[-0.8793748646797594,0.4532140264348322,0.14593100194012026,0.1970551726103342,0.6254444836075643,-0.7549758277433642,-0.43343755461124633,-0.6351514143570559,-0.6393079389584551],"GT_T":[69.54260765170812,89.18973932983869,843.8965896810679],"R_pred":[0.9908850415127467,-0.03451826813879548,-0.13021260949301447,-0.12796126568122745,-0.5433022253892965,-0.8297280315695598,-0.04210402583530917,0.8388272653244745,-0.5427670494390051],"T_pred":[62.29551261765257,83.70641568406081,594.2157190816206],"rotation_error":154.96774087907284,"translation_error":249.84620142786827,"ADD":0,"ADD_S":0}}
{"id_image":52,"data":{"Best_template_id":27,"GT_R":[-0.8758038118570642,0.4511502064233238,0.17155523471463704,0.1703114161199631,0.6214226657490958,-0.7647405687568635,-0.45162065215785124,-0.6405454426219275,-0.6210798669491701],"GT_T":[53.58201064466094,98.19023194795837,844.9750390988079],"R_pred":[0.9984792122492309,-0.052825275493149595,0.015771904616358554,-0.021321645739693928,-0.6338523932919015,-0.773160093991587,0.05083945445326549,0.7716479986283911,-0.6340147601465543],"T_pred":[43.76706615474578,100.9545099660359,684.3937125530457],"rotation_error":155.875214706598,"translation_error":160.9047445027587,"ADD":0,"ADD_S":0}}
{"id_image":61,"data":{"Best_template_id":27,"GT_R":[-0.8760142792043808,0.44106509181421716,0.19509178845813,0.1385563435846128,0.6176241935820417,-0.7741711998325441,-0.46195395505426284,-0.6511543420497683,-0.6021596629617434],"GT_T":[43.98736006994828,109.02673422220474,845.5210105967191],"R_pred":[0.9987081324352889,0.005716551423978516,0.050491457172819096,0.04353566402293711,-0.6086949862554137,-0.7922089747444191,0.026205193487161164,0.793383724780978,-0.6081575068080323],"T_pred":[37.55665626429849,116.92372227553948,699.7676889083275],"rotation_error":152.9758961435855,"translation_error":146.10868268159243,"ADD":0,"ADD_S":0}}
{"id_image":75,"data":{"Best_template_id":53,"GT_R":[-0.8872537985994531,0.42039541250414525,0.1898655279941408,0.1216425883251744,0.6102697784077179,-0.7827986533200012,-0.4449533595847531,-0.6714461471062616,-0.5926015420296327],"GT_T":[56.17567840425591,115.57456532688782,845.5386246377841],"R_pred":[0.9346341194676269,0.21353619430542883,-0.2843613132065044,0.024535250257518654,-0.836457989873979,-0.5474815546397735,-0.35476342007283457,0.5047180647624341,-0.7870213408038494],"T_pred":[61.19022743958978,114.4615219498654,724.5863862191363],"rotation_error":142.51563625179958,"translation_error":121.06125947663156,"ADD":0,"ADD_S":0}}
{"id_image":84,"data":{"Best_template_id":27,"GT_R":[-0.8895167319366323,0.415743877397509,0.18951513694228786,0.11552098381407722,0.6059493274678271,-0.7870705377240766,-0.44205616512407203,-0.6782203135620444,-0.5870296459985579],"GT_T":[52.8720029368999,113.15403896358349,846.7507662663706],"R_pred":[0.9932140237215641,-0.046708862111351286,-0.10650908544853573,-0.11605767917656773,-0.45726011883456147,-0.8817277350903462,-0.007517857871068859,0.8881055488643598,-0.459578084648697],"T_pred":[49.163905717994886,123.85165717356855,745.6213677655702],"rotation_error":157.5786605205662,"translation_error":101.76121196941965,"ADD":0,"ADD_S":0}}
{"id_image":103,"data":{"Best_template_id":53,"GT_R":[-0.9073635727511236,0.38837729818922767,0.16079443015516323,0.12017674742622836,0.6062455990879029,-0.7861440624347891,-0.40280092594706696,-0.6939954087251917,-0.5967588807674197],"GT_T":[81.54415610459448,88.78510983959296,847.3929029740765],"R_pred":[0.8701182776237494,0.20947381786521388,-0.44611086354632973,0.15029747198981594,-0.9748431722320415,-0.16459483426292784,-0.4693664377206271,0.0761676386764181,-0.8797122472490123],"T_pred":[78.59232563711724,76.05113595513336,706.3041285077796],"rotation_error":141.36371457994923,"translation_error":141.69301208740114,"ADD":0,"ADD_S":0}}
{"id_image":118,"data":{"Best_template_id":27,"GT_R":[-0.9077421457893508,0.3869384087514077,0.16211855801770525,0.10913091213186582,0.5909141894377342,-0.7993188529394395,-0.40508498486977057,-0.7078835795516158,-0.5786245445502947],"GT_T":[69.5703916593174,94.5320524025191,858.1099986637385],"R_pred":[0.9605913417220209,0.08199773872951945,-0.2655948889793117,-0.22653190772560783,-0.3227831023858223,-0.9189637444406501,-0.16108249126110558,0.9429143331487909,-0.2914875492224095],"T_pred":[68.05773128300544,122.83148335167296,940.5648013018288],"rotation_error":154.01204454449731,"translation_error":87.18910718401936,"ADD":0,"ADD_S":0}}
{"id_image":123,"data":{"Best_template_id":27,"GT_R":[-0.9102026090451095,0.38496336515869023,0.1527552556733156,0.11442732086512815,0.5882189530141353,-0.8005652697844725,-0.3980413693838569,-0.7111975784337845,-0.5794481815757897],"GT_T":[78.95556009250785,90.01873324374543,862.0024971546944],"R_pred":[0.4643457936766965,0.8041824630963423,0.37104386525457955,-0.4315967490712848,0.571305059061799,-0.698093672569443,-0.773373926432652,0.16401553444321748,0.6123656378140829],"T_pred":[16.73837147229862,67.70009138941896,837.159380324611],"rotation_error":100.79234944559536,"translation_error":70.6136020031379,"ADD":0,"ADD_S":0}}
{"id_image":126,"data":{"Best_template_id":27,"GT_R":[-0.9084292775042511,0.38721810499370707,0.1575368577191462,0.11246752429710372,0.5893367152153836,-0.8000205837773904,-0.4026249644746426,-0.7090447479122358,-0.5789199182666959],"GT_T":[78.67049524831386,90.6048240205246,865.6521646311925],"R_pred":[0.5403023058681398,-0.8414709848078965,0.0,0.8414709848078965,0.5403023058681398,0.0,0.0,0.0,1.0],"T_pred":[0.0,0.0,0.0],"rotation_error":172.4195037818385,"translation_error":873.9290309224625,"ADD":0,"ADD_S":0}}
{"id_image":131,"data":{"Best_template_id":27,"GT_R":[-0.9031605618222212,0.4031523136547874,0.14754348592783045,0.12410130953134858,0.5741879129669454,-0.8092633774443178,-0.4109738168734682,-0.7125846106998399,-0.5686154664142545],"GT_T":[79.76607925569331,98.86298347448181,874.8294597098678],"R_pred":[0.9991449128792659,0.03910071913707659,-0.013437887871545682,0.006140290494685268,-0.4617400158192694,-0.8869940555741407,-0.040886916001646054,0.886153085845885,-0.4615852776526674],"T_pred":[67.39234843439617,112.78835600625024,713.0725299504104],"rotation_error":153.33875398667658,"translation_error":162.8260714375695,"ADD":0,"ADD_S":0}}
{"id_image":135,"data":{"Best_template_id":27,"GT_R":[-0.8961202517119338,0.41754492841670315,0.1504128872074545,0.1274670829648821,0.5667758965922748,-0.8139509253030879,-0.4251118274561067,-0.7102261860018529,-0.5611229952618237],"GT_T":[76.9527580043828,99.99784470100151,882.3694504554353],"R_pred":[0.39797887780955954,0.17766812210652327,-0.9000260280706246,-0.2880523015682597,-0.9072507146260502,-0.30646698414633444,-0.8709986707100484,0.3812219552933209,-0.30988890981070216],"T_pred":[57.673004089010924,115.68296096168079,890.4164931955313],"rotation_error":136.2985841492987,"translation_error":26.124446023011753,"ADD":0,"ADD_S":0}}
{"id_image":138,"data":{"Best_template_id":27,"GT_R":[-0.8891483199735359,0.432729596984547,0.14886505557602275,0.14076256323240804,0.5681554455442958,-0.810792573532731,-0.4354318288891031,-0.6999607397856841,-0.5660859133790387],"GT_T":[75.76764419336858,92.64882492792269,888.8745945724263],"R_pred":[0.7292851248638825,0.011526543850277404,-0.6841128163096626,0.6574754065976761,-0.28857037927931894,0.6960267422461656,-0.1893919121068562,-0.9573893016894733,-0.21802850418936326],"T_pred":[74.31729101202085,86.42566273725686,698.5386168020029],"rotation_error":138.80776868980686,"translation_error":190.44320861040194,"ADD":0,"ADD_S":0}}
{"id_image":139,"data":{"Best_template_id":27,"GT_R":[-0.8887307399693258,0.4346387049293085,0.1457626590503353,0.14270836531466025,0.5644656586279566,-0.8130268048828423,-0.4356500350909875,-0.7017610204820163,-0.5636842585233041],"GT_T":[78.05043055058775,89.87706240152816,890.5616864851274],"R_pred":[0.9833808715057342,0.13013477304100643,-0.1265977977777984,-0.05677096083672888,-0.44192433560802197,-0.8952541201262818,-0.17245033940905186,0.8875628554885417,-0.42719206218600164],"T_pred":[69.37199620747066,102.0629119224322,704.7057146057632],"rotation_error":146.74450919883805,"translation_error":186.45710615156756,"ADD":0,"ADD_S":0}}
{"id_image":142,"data":{"Best_template_id":27,"GT_R":[-0.8841425043856295,0.44452560750295145,0.14383602521318878,0.1499610158653748,0.5615662507180129,-0.8137283576426873,-0.4424958011083496,-0.6978828744304398,-0.5631659463632441],"GT_T":[79.05280173343515,87.62821381341269,895.4012213840805],"R_pred":[0.9952428089360283,0.09556079463958804,-0.018970655997487845,0.035320287182374524,-0.535377562974323,-0.8438740085919398,-0.09079773441269959,0.8391894896812788,-0.5362059043259367],"T_pred":[67.02164683946295,105.64275518837496,741.5991800202129],"rotation_error":147.7986090065299,"translation_error":155.32012205997594,"ADD":0,"ADD_S":0}}
{"id_image":145,"data":{"Best_template_id":27,"GT_R":[-0.8745523506483479,0.4634209781391074,0.14282502543140502,0.16104559227092757,0.5553669971924775,-0.8158629015242729,-0.4574080721491159,-0.6905132701692884,-0.5603283602068225],"GT_T":[71.10538117429944,86.68814227730586,900.1425297058173],"R_pred":[0.9915024957890667,0.014384788199812627,0.12928990181951036,0.1142724173320554,-0.5712562986337723,-0.8127779868502414,0.062166031569826495,0.820645672101967,-0.5680458303510117],"T_pred":[57.162860662720824,107.39124664209766,711.9667836742149],"rotation_error":151.31459908424267,"translation_error":189.82392842606907,"ADD":0,"ADD_S":0}}
{"id_image":147,"data":{"Best_template_id":27,"GT_R":[-0.8706351522154934,0.47048313480923365,0.1436645169616716,0.16387558603255376,0.5527518577796562,-0.8170733577186844,-0.46382952482195544,-0.6878304365811394,-0.5583460168083527],"GT_T":[67.6698712928083,85.96269981307,902.9461065160197],"R_pred":[0.3736320211788343,0.45658185430049913,0.8074231375637788,-0.4776003789723614,0.8409063396520977,-0.25450816477741484,-0.7951710449678584,-0.29053319647921255,0.5322532019521304],"T_pred":[-18.53211770906095,-15.530535404442253,344.1302398812455],"rotation_error":93.684014810676,"translation_error":574.4622115557902,"ADD":0,"ADD_S":0}}
{"id_image":152,"data":{"Best_template_id":53,"GT_R":[-0.8591334599962029,0.4925198217168584,0.1389768502473984,0.17801992273212955,0.5422400036011288,-0.8211479692021778,-0.4797901188846143,-0.6807349240963462,-0.5535348515028179],"GT_T":[57.61302673077879,81.50768062693601,909.8194782547896],"R_pred":[-0.06810257531409139,0.9629744479717278,-0.2608490977349438,-0.9859549789607661,-0.10492485341201115,-0.12993673306245235,-0.15249530713455914,0.24833644051973874,0.9565951043215317],"T_pred":[-6.9210788660370435,22.287574036101677,335.1270821367633],"rotation_error":128.85009224713863,"translation_error":581.3286694854204,"ADD":0,"ADD_S":0}}
{"id_image":153,"data":{"Best_template_id":27,"GT_R":[-0.8575312922747225,0.49545292260369084,0.1384432154730984,0.1783415224566728,0.5387485453968515,-0.8233729915099449,-0.4825289759867352,-0.6813780513514528,-0.5503533219881547],"GT_T":[56.19872786263303,80.74004844350512,911.0098597191615],"R_pred":[0.9880709647973633,-0.05393387191882383,-0.14424599122420123,-0.15053470204722558,-0.5358227486901762,-0.8308027957738572,-0.0324818719282226,0.8426061472870633,-0.5375498195982308],"T_pred":[57.536652100043426,107.6740427883893,796.0329509194282],"rotation_error":153.38478710509827,"translation_error":118.09707722792074,"ADD":0,"ADD_S":0}}
{"id_image":155,"data":{"Best_template_id":27,"GT_R":[-0.8543493721770375,0.5012493921836173,0.13724649048223322,0.1814589983672015,0.5351833107286632,-0.8250161396770221,-0.4869910866984302,-0.6799474313240871,-0.5481891018057792],"GT_T":[55.20011660996051,79.98239066936605,913.5872335815175],"R_pred":[0.9850870590615985,0.15674202987554398,-0.07096070842279292,0.005875540527114087,-0.44283129233646,-0.896585703963171,-0.1719562854125571,0.8827980417955823,-0.43714831957700634],"T_pred":[51.72134000459178,105.22362346613902,739.2426011956968],"rotation_error":140.6189977061088,"translation_error":176.19668714683002,"ADD":0,"ADD_S":0}}
{"id_image":158,"data":{"Best_template_id":27,"GT_R":[-0.8517046162675556,0.5057812452524199,0.1370571447301614,0.1825719265254392,0.5315700641817492,-0.8271037255398107,-0.4911883590914366,-0.6794258137674343,-0.5450823469378281],"GT_T":[56.401520151299884,80.27900786545618,917.0602313771323],"R_pred":[0.9862244767827089,0.16081946186332907,-0.03870894057787207,0.03229685557661101,-0.4167246226391863,-0.9084588609321236,-0.1622288337951534,0.8946941877380321,-0.41617798585851157],"T_pred":[51.37702202169374,118.42951737381001,846.0393368346646],"rotation_error":139.88529287994834,"translation_error":80.77545678492771,"ADD":0,"ADD_S":0}}
{"id_image":162,"data":{"Best_template_id":27,"GT_R":[-0.8475157050480536,0.5138412964221918,0.1329785219113356,0.18867358320957148,0.5258362866299154,-0.8293964117239101,-0.4961033429531331,-0.6778375710708102,-0.542603043334584],"GT_T":[57.93516433258976,77.60838733575004,920.5118727810966],"R_pred":[0.42949678681736037,-0.05224142666363679,0.9015560678369985,0.8792157177548781,0.25212325780724026,-0.40424446134169634,-0.20618494553758598,0.9662839625145455,0.15421761255074284],"T_pred":[6.044534525e-315,5e-324,3.16e-322],"rotation_error":129.55345618551465,"translation_error":925.5925955743497,"ADD":0,"ADD_S":0}}
{"id_image":164,"data":{"Best_template_id":27,"GT_R":[-0.8445730210435477,0.519105989049111,0.13124268028207867,0.19374003719539565,0.524776934833211,-0.8288991265559327,-0.4991592410962969,-0.6746397698114048,-0.5437834767409487],"GT_T":[58.05235188088931,76.227920438725,922.2611422617896],"R_pred":[0.9092894915121922,-0.4141958280569891,0.0404281664892725,-0.23813202157553287,-0.5975101654780888,-0.7656857987782566,0.3413001039054181,0.6866028096145049,-0.6419430044042997],"T_pred":[55.23184350738808,87.75494835103011,763.0808949574167],"rotation_error":173.5093521987886,"translation_error":159.62198711912265,"ADD":0,"ADD_S":0}}
{"id_image":165,"data":{"Best_template_id":27,"GT_R":[-0.8428405425426096,0.5225273304236309,0.12878387655947038,0.19667068622035544,0.521815750403662,-0.8300772077499688,-0.500939573028554,-0.6742958124870312,-0.5425725643992648],"GT_T":[58.5051400738123,75.52771262745688,922.884447444008],"R_pred":[0.8782083123038573,-0.45254118191694437,0.15477932313337264,-0.22242272423942636,-0.6729261878698476,-0.7054774818666195,0.42341267333692556,0.5851297500112002,-0.6916248142667442],"T_pred":[63.00107339644816,132.75852818307126,1228.0978051650509],"rotation_error":177.08176796906594,"translation_error":310.56524821195893,"ADD":0,"ADD_S":0}}
{"id_image":167,"data":{"Best_template_id":27,"GT_R":[-0.8424756799496825,0.523619691758978,0.12671386211219593,0.1977888551946068,0.5194090757491041,-0.8313203960955428,-0.5011119388453736,-0.6753052166093789,-0.5411553663788282],"GT_T":[59.72943465702143,74.19131683194918,923.7398893078215],"R_pred":[0.7823700375674874,-0.12783603841483215,-0.6095531737256809,0.10821066399054254,-0.9359219942172714,0.33517230335917025,-0.6133413213826168,-0.32818892123709376,-0.7184041031772147],"T_pred":[59.050954106231565,77.67806137610249,1014.8128608250804],"rotation_error":144.53373302283833,"translation_error":91.1422177937175,"ADD":0,"ADD_S":0}}
{"id_image":171,"data":{"Best_template_id":27,"GT_R":[-0.8364796670144925,0.5328778150897341,0.12783913481962542,0.20217699269477793,0.5169220631265168,-0.8318145275734775,-0.5093381989031028,-0.6699510206093618,-0.5401297169765048],"GT_T":[58.34088329401217,72.05391111869814,925.5755402667984],"R_pred":[0.9379332231737938,0.2690173905937693,0.2188856149337773,0.14221067167832357,0.27730771048348846,-0.9501981680508577,-0.31631850045107784,0.9223503007342303,0.22183897089523372],"T_pred":[33.24009025507741,77.57480477664105,685.0233485861786],"rotation_error":127.85671993963108,"translation_error":241.92124131691165,"ADD":0,"ADD_S":0}}
{"id_image":179,"data":{"Best_template_id":27,"GT_R":[-0.8211698274454683,0.5570174633266874,0.12414338398636146,0.2168611186978385,0.5057904294694305,-0.8349534120667499,-0.5278732289901698,-0.6587172610137663,-0.536135072044312],"GT_T":[48.50468869646479,66.91657826048427,929.1908353734883],"R_pred":[0.9786001468678469,-0.018588373320505988,-0.20492980487846535,0.19981452184945836,-0.15204723832094302,0.9679647690784239,-0.04915190137014748,-0.9881984161575406,-0.14507922282472924],"T_pred":[52.87683165038616,58.86127736544369,766.3857792075627],"rotation_error":164.41840243076814,"translation_error":163.06284009457633,"ADD":0,"ADD_S":0}}
{"id_image":247,"data":{"Best_template_id":27,"GT_R":[-0.750933116196514,0.6492181263057606,0.12089264634110146,0.25323470985695534,0.45216484131475554,-0.8552298324613297,-0.6098940393051167,-0.6116075941476592,-0.5039500014559831],"GT_T":[50.49958626045726,63.03640233464574,939.6856829727377],"R_pred":[0.6296986100371527,-0.03276325960673604,-0.7761483294688059,-0.6095193735323796,-0.6402700647181252,-0.46748302377149786,-0.4816282734702894,0.7674508538309076,-0.4231470112717783],"T_pred":[61.05535677457619,93.77975022778182,1111.1847693655025],"rotation_error":142.86392425372452,"translation_error":174.55232557711204,"ADD":0,"ADD_S":0}}
{"id_image":316,"data":{"Best_template_id":53,"GT_R":[-0.7244502334535649,0.6806845242524274,0.10881192841111761,0.27299029601160646,0.42824955413040716,-0.8614396636811303,-0.6329675837709869,-0.5943661741325402,-0.49606571617231615],"GT_T":[112.36685135931556,42.22597051988026,896.2602088314599],"R_pred":[0.9737225015388171,0.20964404437006712,0.0889599047725983,0.2269078456894792,-0.859775932383626,-0.45749117549787355,-0.019424715224371066,0.46565515218241493,-0.8847530501130947],"T_pred":[94.1542866423863,61.17791326000295,863.7400201335887],"rotation_error":130.1943568509731,"translation_error":41.81430760084846,"ADD":0,"ADD_S":0}}
{"id_image":519,"data":{"Best_template_id":53,"GT_R":[-0.40267954422697977,0.9085350786656543,0.11141889518097255,0.33490361093367993,0.2595198635546202,-0.9058074656815204,-0.8518728844437224,-0.3274364913925414,-0.40877559296259],"GT_T":[22.545016982972925,24.14767044411907,991.1959907714803],"R_pred":[0.660998656709544,0.45430259894077774,0.5972352337428138,-0.3075681732673815,-0.5619472071097512,0.7678653236177009,0.6844578837453364,-0.6912484972983344,-0.2317173285743866],"T_pred":[55.500143344851026,38.730154533822166,1254.1482887857233],"rotation_error":175.2978204462524,"translation_error":265.410248910484,"ADD":0,"ADD_S":0}}
{"id_image":523,"data":{"Best_template_id":27,"GT_R":[-0.39099578238554433,0.9137839636873252,0.11010008729342151,0.33051742724226724,0.2510436306282224,-0.9097992760399775,-0.8589995373267006,-0.31933805485250577,-0.40017848105816817],"GT_T":[18.205044251008907,26.39312974660326,985.71320677851],"R_pred":[0.8942106375965512,-0.4476410857653116,-0.002189507712394484,-0.21605354821620615,-0.4272958404857459,-0.8779174955579638,0.3920563733857124,0.7855162143701637,-0.47880693087006365],"T_pred":[6.523122613198666,47.094953231870754,530.9886875985796],"rotation_error":140.12477048789327,"translation_error":455.3453866376445,"ADD":0,"ADD_S":0}}
{"id_image":526,"data":{"Best_template_id":53,"GT_R":[-0.38083152955742794,0.918819798967904,0.10362431041887951,0.33730147157137885,0.24239566013201444,-0.9096543488981843,-0.8609263232880406,-0.3114722567136924,-0.4022303792006674],"GT_T":[17.144348777614212,20.483799454677005,975.9061548550136],"R_pred":[-0.9150853553516883,0.16773031837883778,0.3667224191638794,-0.3943614092843043,-0.5622075774742523,-0.7269124560067948,0.08424886520405936,-0.8098081131521631,0.5806142855500218],"T_pred":[1617.1210923100384,76.80690763606879,17627.58643239941],"rotation_error":93.47676830292878,"translation_error":16728.46537904541,"ADD":0,"ADD_S":0}}
{"id_image":533,"data":{"Best_template_id":53,"GT_R":[-0.37530632386091506,0.9206578677406723,0.10740307791712242,0.3422713745748058,0.24533752832824235,-0.9070057740721084,-0.861390883363971,-0.30364387835943957,-0.4071918440020851],"GT_T":[14.93433662640871,12.10249124588424,967.3917740539247],"R_pred":[0.662908588630885,0.362245249215021,-0.6552332275919435,-0.3202605195244004,-0.6538564492096981,-0.6854961294280564,-0.6767461878380767,0.6642666055493327,-0.31743420420395424],"T_pred":[38.782044691530885,61.31092361594867,972.054008892296],"rotation_error":93.53875610100847,"translation_error":54.88095689733026,"ADD":0,"ADD_S":0}}
{"id_image":534,"data":{"Best_template_id":53,"GT_R":[-0.3694040058384475,0.9232637918303442,0.1054760213165065,0.3422402210736116,0.24069472638662007,-0.908260969242155,-0.8639513363459711,-0.2994170742704434,-0.4048907822387949],"GT_T":[15.390865494328532,13.353998192836706,966.6525557013751],"R_pred":[0.9545710539753997,-0.03955499337358919,0.2953464159449211,0.14831387636646803,-0.7965915830408755,-0.586041674205499,0.2584513435628592,0.6032223904395853,-0.7545367126143735],"T_pred":[43.70775674822841,48.57301893580118,961.009442264774],"rotation_error":122.1774788615805,"translation_error":45.541963963326204,"ADD":0,"ADD_S":0}}
{"id_image":538,"data":{"Best_template_id":53,"GT_R":[-0.3740853230372723,0.9213774490116078,0.10546893248856629,0.34211503081943784,0.24281007760419115,-0.9077443467901708,-0.8619842470044441,-0.30349138697656536,-0.40604896316874467],"GT_T":[22.604419980962057,10.766655884416897,961.8348314714921],"R_pred":[0.9171393073619284,0.0673556761833686,0.39283419374790146,0.20105972359945742,-0.9292046999825689,-0.3100864606467262,0.34413729591224546,0.36337561615521907,-0.8657526685757443],"T_pred":[46.22763561844926,41.8746481070143,998.5653190699587],"rotation_error":125.81487184067598,"translation_error":53.61802137712201,"ADD":0,"ADD_S":0}}
{"id_image":539,"data":{"Best_template_id":53,"GT_R":[-0.37479472896720506,0.9205308155655549,0.11023430173771899,0.3395146262538495,0.24692149953613707,-0.907611600074588,-0.8627038802939058,-0.30274217623062755,-0.40507909633558803],"GT_T":[24.04945946416316,9.045142267349735,960.4325906886804],"R_pred":[-0.6258551704596412,-0.5158615886247996,-0.5849719027358765,0.4120846394045252,0.4180751315453082,-0.8095674365673414,0.6621869491131459,-0.7477299016121209,-0.04907584598712955],"T_pred":[129.8745562149899,-33.731381931210684,632.0869367361756],"rotation_error":109.02290448666136,"translation_error":347.61998014258313,"ADD":0,"ADD_S":0}}
{"id_image":542,"data":{"Best_template_id":27,"GT_R":[-0.3712904609507185,0.9217492519017885,0.11190439043188609,0.3347471701931659,0.2452958886611167,-0.909820768176173,-0.8660756803937087,-0.30034804415604566,-0.3996285253579522],"GT_T":[22.653068939576443,14.984217817114203,958.120393712457],"R_pred":[-0.9924262742285364,0.1209124540817045,-0.02168567888735992,-0.07196076862735312,-0.7153059333955905,-0.6950964461336453,-0.0995577119033304,-0.6882714581449698,0.7185893555456908],"T_pred":[60.9085538305173,55.563633129725815,971.6431404311907],"rotation_error":92.40305176416301,"translation_error":57.38497843663831,"ADD":0,"ADD_S":0}}
{"id_image":545,"data":{"Best_template_id":53,"GT_R":[-0.37027312631343196,0.9223931468672871,0.10994926061395918,0.33439363893193963,0.2427816957954624,-0.9106245394006768,-0.8666473562159491,-0.30041388850782996,-0.39833733442895247],"GT_T":[24.529676391913863,15.434687709448276,954.0384181887592],"R_pred":[0.962311788927137,0.228524096363136,-0.14742034552010083,0.14581530281007546,-0.8911650658327243,-0.4296076383233453,-0.22955155925904705,0.3919203526493213,-0.8909009590414481],"T_pred":[61.40782059231556,49.779603326844025,1175.363060082186],"rotation_error":104.53801020989856,"translation_error":226.98935626518974,"ADD":0,"ADD_S":0}}
{"id_image":547,"data":{"Best_template_id":53,"GT_R":[-0.36138420804898796,0.9259724202001288,0.10944094675870399,0.3407904190997406,0.24042249509512334,-0.9088769710825346,-0.8679069942304697,-0.2911576379236414,-0.4024475060257449],"GT_T":[25.750542338321416,11.401951075689624,948.485032292019],"R_pred":[0.18142967397225995,0.589626116196436,0.787035143117146,-0.21651445839984915,-0.756728849806446,0.6168329896936717,0.9592730386632055,-0.2823162959691138,-0.009630489299108702],"T_pred":[116.58736623550007,40.6631201065746,1706.0214417791242],"rotation_error":176.50765128858353,"translation_error":763.5240377927837,"ADD":0,"ADD_S":0}}
{"id_image":550,"data":{"Best_template_id":53,"GT_R":[-0.35974294038331595,0.9264241353499764,0.11101431157972223,0.337403862543807,0.24009231049252838,-0.9102268550680633,-0.8699098652257365,-0.2899914773696526,-0.3989506271949026],"GT_T":[27.965695762053837,10.358113276290117,944.8910070824384],"R_pred":[0.6979213016086818,0.7154367569927467,0.03249774614560816,0.5848355867620341,-0.5431517757011504,-0.6024562100347164,-0.41336810861210627,0.4394728607051732,-0.7974900698353937],"T_pred":[40.82173465752191,7.626571227807421,1107.6209902890698],"rotation_error":73.11410874406194,"translation_error":163.25987410406444,"ADD":0,"ADD_S":0}}
{"id_image":551,"data":{"Best_template_id":53,"GT_R":[-0.36301740316163994,0.924949219582649,0.11264005226248688,0.3387391018037949,0.24361847777176304,-0.9087930966330604,-0.8680283560180927,-0.2917521930001392,-0.4017535147237541],"GT_T":[33.465433445830456,8.023350277525303,940.314879170228],"R_pred":[0.6256130473576108,0.6150069178652058,-0.4799737554844685,0.04811914396971123,-0.6444946432621155,-0.7630931809353698,-0.7786480995671579,0.45430512410094903,-0.43279786419999233],"T_pred":[59.90449043089862,41.62279069099736,1045.9300182548282],"rotation_error":73.80894095859445,"translation_error":113.94079047565705,"ADD":0,"ADD_S":0}}
{"id_image":552,"data":{"Best_template_id":53,"GT_R":[-0.3627846843936455,0.9250098500888464,0.11288789278133679,0.3382152529489519,0.24358068705797448,-0.908998225732171,-0.868329628936263,-0.2915908038082003,-0.40121976870241066],"GT_T":[34.51301039562557,7.582366063246639,939.3447643362739],"R_pred":[-0.44691692835818325,0.8028564568245605,0.3945716270615498,0.4707688864000493,0.5861324445047085,-0.6594129306410301,-0.7606851613805437,-0.10895075600493548,-0.6399123518275054],"T_pred":[304.6246600744107,-79.46602811856387,3031.458902041245],"rotation_error":25.85743632098383,"translation_error":2111.274328789805,"ADD":0,"ADD_S":0}}
{"id_image":555,"data":{"Best_template_id":53,"GT_R":[-0.3573649320190526,0.9265168066487843,0.11772214836055522,0.3324496113909822,0.2439813183339126,-0.9110156623196921,-0.8727926814918757,-0.286428130361794,-0.39521083342423585],"GT_T":[36.01860509881264,10.001396364442174,933.8268995823114],"R_pred":[0.5339523535548774,0.002233828879967923,-0.8455116167988126,-0.0020349378396610483,0.9999970089405568,0.0013568853778398778,0.8455121188730508,0.0009960514418950943,0.5339553021745632],"T_pred":[0.0,0.0,1.0],"rotation_error":176.1475175235121,"translation_error":933.5755954537642,"ADD":0,"ADD_S":0}}
{"id_image":556,"data":{"Best_template_id":53,"GT_R":[-0.361641547577778,0.9245109610760751,0.12039403219787553,0.33152518170929907,0.24821456497895944,-0.9102083559439942,-0.8713813155070576,-0.2892557836095143,-0.39626366788094586],"GT_T":[38.3135979800438,9.206023064172967,932.1249352605444],"R_pred":[-0.2750636236217123,0.07100653114753211,0.9588003314009064,0.2929863518590231,0.9560247831164035,0.013251856155824221,-0.9156959105425959,0.2845605148323086,-0.283771585635239],"T_pred":[0.0,0.0,1.0],"rotation_error":77.55566024238689,"translation_error":931.9583293875255,"ADD":0,"ADD_S":0}}
{"id_image":567,"data":{"Best_template_id":53,"GT_R":[-0.3603214236340355,0.9248030491656893,0.12209624633159102,0.3365651240491004,0.2509576452349505,-0.9076031455110698,-0.8699955960662382,-0.2859357138641834,-0.40168177569148167],"GT_T":[41.70594775995403,-0.2763924489506464,925.3577479733877],"R_pred":[-0.6370129087971204,0.09401762894430651,0.7650981894329134,-0.577179971168623,-0.7160720320663297,-0.39256098350980406,0.5109577623518593,-0.6916657649038933,0.5104122204182548],"T_pred":[106.38015951365925,61.00706802850126,808.5696000565222],"rotation_error":121.99067112878994,"translation_error":146.89413769074034,"ADD":0,"ADD_S":0}}
{"id_image":569,"data":{"Best_template_id":27,"GT_R":[-0.3595738566476102,0.9251703043359956,0.1215186347888412,0.3398610060188109,0.2511329210238238,-0.9063260186792732,-0.8690223443656943,-0.2845923724422217,-0.40472982946645675],"GT_T":[45.97427945192495,-4.429952897220446,923.4079370452642],"R_pred":[-0.17316525357308854,-0.30990061129445573,0.9348665177843793,-0.3052932650906622,-0.8855628710533853,-0.35010630343078386,0.9363812349920577,-0.3460346984494591,0.05873814964519575],"T_pred":[192.4088507223876,16.64803045964822,1553.3263253219093],"rotation_error":158.3347044170087,"translation_error":647.0583752140163,"ADD":0,"ADD_S":0}}
{"id_image":576,"data":{"Best_template_id":27,"GT_R":[-0.351377005454598,0.9287986339772197,0.11776383946456787,0.34336911379916224,0.24486555213374114,-0.9067183093192355,-0.8709939958213754,-0.27816332683771317,-0.40496079021900594],"GT_T":[42.81727962410496,-6.533459880876897,919.1194818743846],"R_pred":[-0.21271323093600641,-0.9770810286134872,0.008108323401006756,0.11350160087791017,-0.03294996601717537,-0.9929912821055474,0.970500112304433,-0.21030207622150854,0.1179091546658112],"T_pred":[93.9555868645368,10.732719253737807,397.20652689155594],"rotation_error":150.1749476060039,"translation_error":524.6964646233416,"ADD":0,"ADD_S":0}}
{"id_image":579,"data":{"Best_template_id":27,"GT_R":[-0.3439742317337016,0.9314520746570137,0.11865581702579261,0.33911673780583274,0.24106968420924874,-0.909331767183833,-0.8756030487028588,-0.27254942345730365,-0.39879292831646224],"GT_T":[39.91313568902495,-1.5488851334537106,917.6512693789008],"R_pred":[0.8724760865992199,-0.4776408882381159,0.10317296252223218,-0.195741663309682,-0.5350663980628488,-0.8218206318344703,0.44773952199607014,0.6968236014567477,-0.5603268589810576],"T_pred":[46.12926138732112,31.79164243047927,795.3506995097882],"rotation_error":140.3239656574808,"translation_error":126.91595796923284,"ADD":0,"ADD_S":0}}
{"id_image":583,"data":{"Best_template_id":27,"GT_R":[-0.3337017837283491,0.9335937733221052,0.13056264363762296,0.33418492793645493,0.24666532471741828,-0.9096571255992287,-0.8814548048446984,-0.25992214456064217,-0.39430537317058323],"GT_T":[33.87695284071176,-1.8743861015262224,915.7080813627881],"R_pred":[-0.7659278795688934,-0.5991102450796849,0.23328394188125898,0.08717216310700049,-0.4562682958846475,-0.8855621130952737,0.6369894012292082,-0.6579408456776944,0.4016943443846017],"T_pred":[83.44558911021002,27.847355050384223,696.2562641444891],"rotation_error":123.36653945211586,"translation_error":226.93508252170417,"ADD":0,"ADD_S":0}}
{"id_image":587,"data":{"Best_template_id":53,"GT_R":[-0.32628086421484875,0.9354735983697402,0.13576168659666357,0.3372897477919357,0.24938290956142406,-0.9077677005478686,-0.883048910001381,-0.25039652951165725,-0.3968942056093699],"GT_T":[29.69694120393458,-3.9843001488329794,914.4917782249955],"R_pred":[0.6630973475703978,-0.7462470353434265,-0.05845741942858884,0.2125268387831049,0.2625765736267868,-0.9412151113211458,0.7177285353404609,0.6116934732556523,0.332711352878848],"T_pred":[79.41642481204838,-26.602053517507027,766.3673877216102],"rotation_error":157.6550343439648,"translation_error":157.87471260370694,"ADD":0,"ADD_S":0}}
{"id_image":591,"data":{"Best_template_id":27,"GT_R":[-0.31481117423620814,0.9371921651428216,0.1502171890764408,0.33183083358610155,0.2569500719642272,-0.907670089756369,-0.8892590627234336,-0.2358984631528936,-0.39187899392373826],"GT_T":[21.297159737341516,-2.7160096103890394,912.3902207399738],"R_pred":[0.8502153833304872,-0.5076125307394003,0.13951100524522855,-0.1814713132673719,-0.5313724014988843,-0.8274729804569596,0.4941679516209121,0.6782130119377319,-0.5438981026158686],"T_pred":[36.44301390203873,28.76614093044571,825.6759173178873],"rotation_error":141.00504824476667,"translation_error":93.48739550886917,"ADD":0,"ADD_S":0}}
{"id_image":592,"data":{"Best_template_id":53,"GT_R":[-0.3070835756171902,0.9396510238045197,0.15085211233619156,0.33057103935574483,0.2539594654690703,-0.9089702572086152,-0.8924251817124138,-0.22926225753795282,-0.38860803063559135],"GT_T":[16.26543569669065,-0.9055430635767687,912.3514101900322],"R_pred":[0.9186453029118006,0.14914402332037946,0.3658508818438133,0.11956186703795975,-0.98753557088004,0.102364330687162,0.3765577875817774,-0.05029469708074134,-0.92502685153301],"T_pred":[8.448646268084119,10.234151542486202,1148.2219927904764],"rotation_error":132.69264827040556,"translation_error":236.2628339988338,"ADD":0,"ADD_S":0}}
{"id_image":602,"data":{"Best_template_id":53,"GT_R":[-0.2880044382470987,0.9435308401313843,0.16371967295241605,0.32408018661408455,0.25690709810118584,-0.9104780529619511,-0.9011240661632441,-0.20916352958186574,-0.37977009929648314],"GT_T":[3.708927101748617,3.075233546543333,911.555161877236],"R_pred":[-0.4009137466813073,0.22537635319334473,0.8879603972831361,-0.560322020057504,-0.8271557491690944,-0.04304184539715042,0.7247809334968977,-0.5147998310389998,0.4579014439828535],"T_pred":[60.15310796779551,57.45508698799868,925.1138020027774],"rotation_error":143.1658887961645,"translation_error":79.5421318296607,"ADD":0,"ADD_S":0}}
{"id_image":604,"data":{"Best_template_id":53,"GT_R":[-0.28727016991448884,0.9450205775290522,0.15624731827716654,0.3232519698727839,0.24920185708419296,-0.9129104741893052,-0.9016559967742581,-0.21174479082147524,-0.3770678589967504],"GT_T":[7.713477291565046,4.134482561410507,912.1792460576572],"R_pred":[0.3852067075680591,-0.42802952160307645,-0.8175613255779762,-0.44515158102215663,0.6898561520253008,-0.5709102901737887,0.808366168489287,0.5838571898581765,0.07519919875146971],"T_pred":[38.4595166702452,-9.8603602558759,90.64745817213044],"rotation_error":170.84835595336835,"translation_error":822.2260352660612,"ADD":0,"ADD_S":0}}
{"id_image":610,"data":{"Best_template_id":53,"GT_R":[-0.28767920741404845,0.9456191780515533,0.151806174415913,0.3262479724225913,0.24578558088080482,-0.912771446581789,-0.9004452065128816,-0.21305870213876352,-0.37921333893218123],"GT_T":[16.530173619165176,0.31436577355381434,910.6146204768654],"R_pred":[0.48895034867024145,-0.3092936563117592,-0.815637781555362,-0.30936458529008726,0.8127686705172703,-0.49366045172150574,0.8156108814278665,0.49370489403174056,0.3017190211199257],"T_pred":[0.0,0.0,1.0],"rotation_error":168.74466295319175,"translation_error":909.7648615169697,"ADD":0,"ADD_S":0}}
{"id_image":616,"data":{"Best_template_id":27,"GT_R":[-0.28880775556629135,0.9450931514356126,0.1529388449854423,0.3215617652807455,0.24622342647380663,-0.9143147341846452,-0.9017687378272845,-0.21488149582047897,-0.37501694151706666],"GT_T":[21.201780833497324,4.132787203075165,908.5204051869981],"R_pred":[0.8353967611593548,-0.5284910334325179,0.151028073634969,-0.18634444327173144,-0.5308192151909621,-0.8267446457315583,0.5170957357261892,0.6625165570500714,-0.5419260205307647],"T_pred":[36.891566830018824,37.427856935384334,840.0841103817074],"rotation_error":141.15963715571044,"translation_error":77.70622561785271,"ADD":0,"ADD_S":0}}
{"id_image":628,"data":{"Best_template_id":27,"GT_R":[-0.2920946321345289,0.9429084186470371,0.16001556956611268,0.31546607593490833,0.2529375337664029,-0.9146053290537249,-0.9028628427205037,-0.21667210353208727,-0.3713368496929284],"GT_T":[27.062674503191772,4.898481929501395,905.4738632788376],"R_pred":[0.8294924819294058,-0.5382111938953129,-0.1492344906125137,-0.41690478598145747,-0.4188566660002738,-0.8066904566020912,0.37166197256155986,0.7313602423654959,-0.5718212780569933],"T_pred":[37.613555507644705,48.640008883226834,751.7839591076646],"rotation_error":141.03230542475202,"translation_error":160.1412779840287,"ADD":0,"ADD_S":0}}
{"id_image":638,"data":{"Best_template_id":53,"GT_R":[-0.3064433422228015,0.9399426241292356,0.15033676103015936,0.3080013249450683,0.24734999034597382,-0.9186686421004745,-0.9006811255911016,-0.2352163884045027,-0.36530260665646],"GT_T":[45.582069469730975,11.641151020004735,902.7167189714054],"R_pred":[0.9560752423824384,0.2755876335928513,0.09985783451514588,0.02281499189280564,0.2696727086527011,-0.9626817264043432,-0.2922321115967462,0.9226744205940727,0.25153987066288147],"T_pred":[-1.3411545634553619,1.7870982352597196,543.3547059418862],"rotation_error":93.05319820665261,"translation_error":362.54647663241946,"ADD":0,"ADD_S":0}}
{"id_image":647,"data":{"Best_template_id":53,"GT_R":[-0.3134555032693194,0.9375194788685242,0.1510081739897078,0.2985333156791448,0.24824927077721956,-0.9215467216446712,-0.901456097689052,-0.24378260759654893,-0.3576959485586949],"GT_T":[57.916834937708735,20.167506266701384,899.3674773415872],"R_pred":[-0.7924764682791233,0.486732944593401,0.3675215474925037,-0.3393996625000173,0.14872908622709569,-0.9288097372470464,-0.5067434423046062,-0.8607965494572397,0.0473326961390097],"T_pred":[453.58358485912726,40.98246341692785,3394.642605063323],"rotation_error":53.076679940955174,"translation_error":2526.535850222844,"ADD":0,"ADD_S":0}}
{"id_image":655,"data":{"Best_template_id":27,"GT_R":[-0.3052722698068996,0.9388767157703471,0.1591220646344217,0.2902785841271297,0.2508940673211169,-0.9234660359319762,-0.9069432894298348,-0.23571940294022536,-0.34912594896669175],"GT_T":[51.350006519683006,27.454123651587683,896.8559372854877],"R_pred":[0.4991424997879316,-0.3147915527821557,0.8073184273893754,0.8536976377033365,0.018962296863767505,-0.520423649229542,0.14851635696177629,0.9489713955618735,0.27820169323739335],"T_pred":[2.4853567098433134,-38.029922630087555,381.8942092838411],"rotation_error":121.39316896356416,"translation_error":521.4033905000051,"ADD":0,"ADD_S":0}}
