{"id_image":1,"data":{"GT_R":[-0.8924732177583021,0.44088887699950463,0.09544084858574345,0.23827178773045124,0.6403854609485882,-0.7301596612890292,-0.38303768807296656,-0.6289073339222968,-0.6765773111476145],"GT_T":[124.90089875443374,54.93522682944893,847.5141466610079],"R_pred":[-0.9810740401167668,-0.1896934656331226,0.03886022265839694,-0.15998771573611684,0.6810609705426366,-0.7145347333874417,0.10907638893227226,-0.7072286359442879,-0.698519862192821],"T_pred":[122.05658579174636,55.512599100487286,722.4891777404279],"rotation_error":37.2971880626681,"translation_error":125.05865155422505,"ADD":0,"ADD_S":0}}
{"id_image":2,"data":{"GT_R":[-0.8929780491910546,0.4395440579540967,0.09691140349117737,0.2368096479442233,0.6419019810260455,-0.7293034664172389,-0.38276803618934796,-0.6283028015050546,-0.6772913281990475],"GT_T":[124.6325865424741,56.07221780369249,847.2924281529265],"R_pred":[-0.9922431037603827,-0.12086227705048819,-0.029084927817226602,-0.0500189068843081,0.6023529440239556,-0.796661182548624,0.11380567645799203,-0.7890267681212367,-0.603725953719148],"T_pred":[117.12178178084211,51.591172520550295,667.2037363842885],"rotation_error":34.56290796998784,"translation_error":180.30093970342037,"ADD":0,"ADD_S":0}}
{"id_image":3,"data":{"GT_R":[-0.8918774782209645,0.4415458900160689,0.09793520226612336,0.23731171601442771,0.6412063000145466,-0.7297521058500784,-0.38501526576780026,-0.6276089948673285,-0.6766612044875295],"GT_T":[123.7599964150644,57.37071327397001,847.4395892897462],"R_pred":[-0.4536545547270098,0.06172622633081987,-0.8890373546473708,-0.6810198736089403,0.6194424286347245,0.39051633686284815,0.574812557904837,0.7826116218087174,-0.23897609228713157],"T_pred":[123.17045006031033,73.48613309685318,846.9858985875302],"rotation_error":128.88035577848402,"translation_error":16.1325805817128,"ADD":0,"ADD_S":0}}
{"id_image":5,"data":{"GT_R":[-0.8904685506547263,0.44420346888659895,0.09873660179298474,0.2377888795527197,0.6392393011031565,-0.7313203942737494,-0.3879707341384546,-0.6277399467407222,-0.6748482006696377],"GT_T":[121.13738168577856,59.90701314011624,847.4323566799061],"R_pred":[-0.9900311800408996,0.05893687700328236,0.1279246148163975,-0.05559518107745834,0.6709773222293396,-0.7393907011147145,-0.12941189430569477,-0.7391318404608507,-0.661011863758259],"T_pred":[121.99237326790696,60.17124885704037,731.388377956705],"rotation_error":23.2848141470936,"translation_error":116.04742922197958,"ADD":0,"ADD_S":0}}
{"id_image":6,"data":{"GT_R":[-0.8919542728000925,0.441027753632836,0.09956069268930341,0.23341479057252093,0.6377695928722528,-0.7340071071722838,-0.387214091333353,-0.631462861411308,-0.6718035104007241],"GT_T":[119.30769747729103,62.9414541429896,846.926434641278],"R_pred":[-0.945337914419106,-0.20984852130213566,-0.2495993302656123,0.04706303287285572,0.6696121830597439,-0.7412183181996873,0.32267832046566686,-0.712448680541463,-0.6231336767469601],"T_pred":[118.45240964759049,45.31016378749529,660.8520325411557],"rotation_error":43.47020014238194,"translation_error":186.90980989180144,"ADD":0,"ADD_S":0}}
{"id_image":7,"data":{"GT_R":[-0.8904706409948271,0.44399931282109445,0.09963316747893813,0.23435650527468402,0.6351681854241188,-0.7359607068151073,-0.3900495479651804,-0.6320019930556873,-0.6696525843688417],"GT_T":[118.55239353471667,64.86479107314511,847.1522922978885],"R_pred":[-0.985311438630078,-0.10265680865416248,-0.13646592447079475,0.020242366054936747,0.7232883966725835,-0.6902493331074652,0.1695630134233994,-0.6828729566147317,-0.7105863139710973],"T_pred":[113.77916705938644,45.39940705792395,684.8738492960632],"rotation_error":35.33098343019352,"translation_error":163.51139999688547,"ADD":0,"ADD_S":0}}
{"id_image":8,"data":{"GT_R":[-0.8906483415673166,0.4436858061256847,0.09944094288270543,0.2344277513519006,0.6354714078501309,-0.7356759973827608,-0.38960069661182617,-0.6319180139817411,-0.6699930157677881],"GT_T":[117.93359430347297,66.19517870180938,847.2063961823244],"R_pred":[-0.9733087902106698,-0.194929229698939,-0.12113048463380581,-0.012305681738660507,0.5713708210097319,-0.8205997532875646,0.22916930225400867,-0.7972063599267403,-0.5585189796208966],"T_pred":[117.10631395913292,59.677456166692274,709.5687088335886],"rotation_error":40.494697963989765,"translation_error":137.79440510601742,"ADD":0,"ADD_S":0}}
{"id_image":9,"data":{"GT_R":[-0.8910655968490492,0.44276799433028957,0.09979234619269349,0.23432982694270307,0.6370879733132933,-0.7343082088488833,-0.3887043665854449,-0.6309332349967799,-0.6714405809963093],"GT_T":[116.94151025571838,68.14129474137708,847.0007366629727],"R_pred":[-0.9992880289173506,-0.003201884360101064,-0.037592328991709285,0.03133437353308564,0.48453995716772735,-0.8742077481601188,0.021014097595790995,-0.8747632696018056,-0.4840946496892867],"T_pred":[100.4091050472384,61.84597850210532,674.3383785354],"rotation_error":31.128123224666158,"translation_error":173.56624482515022,"ADD":0,"ADD_S":0}}
{"id_image":10,"data":{"GT_R":[-0.889553271563545,0.44581267785573647,0.09972615089905269,0.23532098001349958,0.6342821932174059,-0.7364168593579054,-0.3915583434458936,-0.6316147566668335,-0.6691373739888675],"GT_T":[115.51450497939285,69.03370163434202,847.0789058545876],"R_pred":[-0.9606366128305757,-0.26560974513201246,-0.08141720567733898,-0.1442621895645792,0.727400133043236,-0.6708781313403479,0.2374146557216554,-0.6327246713536553,-0.7370846433815975],"T_pred":[145.24381390301798,98.10665154752687,1061.5158041495215],"rotation_error":43.55742262923669,"translation_error":218.43134293430222,"ADD":0,"ADD_S":0}}
{"id_image":11,"data":{"GT_R":[-0.8881838189242789,0.44856504877248565,0.09958894332535825,0.23744539992777355,0.6336270602780169,-0.7362993536383997,-0.3933798618670837,-0.6303228388216133,-0.6692865802286267],"GT_T":[113.19535027260766,69.89357231908704,847.133740180012],"R_pred":[-0.9625905767602824,-0.2688671388176472,-0.03361314023293334,-0.16210513687683292,0.6708360185107718,-0.7236718599384377,0.21712048758799818,-0.6911508503450072,-0.689325174309573],"T_pred":[126.66998921419813,84.37693175953291,856.7433880676618],"rotation_error":43.02942292473603,"translation_error":21.992701694243767,"ADD":0,"ADD_S":1}}
{"id_image":12,"data":{"GT_R":[-0.885055961916265,0.45430589241512914,0.10139516992939202,0.23849630714125775,0.6296444325512051,-0.7393685719724473,-0.399742982048289,-0.6302015002944757,-0.6656207994703954],"GT_T":[107.97954498700447,71.84924074292594,847.2115010264505],"R_pred":[-0.9568237983602904,-0.28667141429044646,0.04803872521311839,-0.1811937139989322,0.4590228390518539,-0.8697510398016483,0.22728188862876744,-0.8409028085679643,-0.4911470346483322],"T_pred":[97.60152618953448,66.93657321688188,520.8740563143526],"rotation_error":46.514092991772735,"translation_error":326.53937801987007,"ADD":0,"ADD_S":0}}
{"id_image":13,"data":{"GT_R":[-0.8838321160931061,0.4564710096320026,0.10234979589386928,0.23779388347382113,0.6267972137899553,-0.7420103376247782,-0.40285870866336787,-0.6314745946588308,-0.6625293072792199],"GT_T":[103.56435877847488,74.58711164800023,847.0480305231035],"R_pred":[-0.7926879875791712,0.182417786930878,-0.5816953716155255,-0.45835299213283404,0.4507799224720149,0.7659699707553828,0.4019431414398829,0.873797008753958,-0.2737160911274188],"T_pred":[108.6048884257649,82.36345127670073,857.8814482553402],"rotation_error":126.97132195787552,"translation_error":14.256273598217957,"ADD":0,"ADD_S":0}}
{"id_image":14,"data":{"GT_R":[-0.8831138228535002,0.4585459688951008,0.09922479996913824,0.2408793714357144,0.624650224999908,-0.7428247390535713,-0.40260008270896774,-0.6320981183543186,-0.6620918151871283],"GT_T":[102.08406747502372,74.13819355326079,846.7882702246432],"R_pred":[-0.9625174705537758,-0.26792687713500696,-0.04213439672576527,-0.10537124450896328,0.5125544503470553,-0.8521647940745152,0.2499140246352605,-0.8157837482679533,-0.5215744015502439],"T_pred":[102.24037958209671,70.10141701087365,620.8095165122991],"rotation_error":45.124403934157634,"translation_error":226.01486041345214,"ADD":0,"ADD_S":0}}
{"id_image":15,"data":{"GT_R":[-0.8800795561238948,0.46401558961832984,0.10074687438068348,0.2431634728685076,0.6226788375290123,-0.7437356073904831,-0.407837742809491,-0.6300485017539058,-0.6608375988281987],"GT_T":[97.71095116297094,74.34865766929732,846.8241580509919],"R_pred":[-0.976263902519821,-0.17116044777539677,-0.13271357788144833,0.009768696185160991,0.577335442647966,-0.816448626208238,0.21636396467899083,-0.7983657606509706,-0.5619597378892776],"T_pred":[98.89407984343451,58.10945943615295,573.9370840909074],"rotation_error":40.46425127401192,"translation_error":273.3723952545803,"ADD":0,"ADD_S":0}}
{"id_image":16,"data":{"GT_R":[-0.8779002884310556,0.46753915302032617,0.10342934203516986,0.24348296026750463,0.6218498361796376,-0.7443243967062988,-0.4123182279481474,-0.6282596514537702,-0.6597601044375263],"GT_T":[92.32738603913047,76.48099189385087,846.5360471959174],"R_pred":[-0.7245692456267175,-0.5089060855844102,-0.46477306757931036,-0.3764130390318218,0.8571088592762598,-0.35167830100388026,0.5773323413240917,-0.07986863843399666,-0.8125936058423927],"T_pred":[117.46278065161988,125.16652196512393,1174.131182932216],"rotation_error":78.42061612624077,"translation_error":332.1455130793284,"ADD":0,"ADD_S":0}}
{"id_image":17,"data":{"GT_R":[-0.8772698090004707,0.46880054100600915,0.1030699971082619,0.24421298326581975,0.6207871272576414,-0.744971456107087,-0.41322717712724866,-0.628370470112919,-0.6590851548520904],"GT_T":[90.38843347497908,75.28058688337438,846.1404719179858],"R_pred":[-0.9663113295141218,-0.17830569808946542,-0.1856057447426637,0.0551540918796086,0.5609357526645812,-0.8260200406355496,0.25139697810750655,-0.8084294399707668,-0.5322042840742323],"T_pred":[96.57637137000079,61.55198927336231,683.2627559050788],"rotation_error":42.3993906823747,"translation_error":163.57235506439173,"ADD":0,"ADD_S":0}}
{"id_image":18,"data":{"GT_R":[-0.8763249226236344,0.4698429447634118,0.10631519359999682,0.2447105881396299,0.6242913288971119,-0.7418734883933412,-0.41493542743846334,-0.6241059341320704,-0.6620569329831321],"GT_T":[87.14504578090944,74.26520214664177,845.6190794279798],"R_pred":[-0.989376977676763,-0.0978457230727725,0.10751469908603324,-0.14536940064455123,0.6708189033678388,-0.727234306286917,-0.0009661259948465228,-0.7351382273836232,-0.677916553301235],"T_pred":[85.7956815693961,72.15349002248146,717.4183103417861],"rotation_error":33.73514587229443,"translation_error":128.22526001596648,"ADD":0,"ADD_S":0}}
{"id_image":19,"data":{"GT_R":[-0.875133502101211,0.4705106194011632,0.1129686493918514,0.23982536780028085,0.6245258945209425,-0.7432704075938641,-0.42026770585074985,-0.6233682879321031,-0.6593830560174399],"GT_T":[83.01769666759103,77.12024368379655,844.6619124489409],"R_pred":[-0.960755609405166,-0.20183543140577911,0.1902921901333611,-0.27739184983044896,0.6951939688496132,-0.6631433535237797,0.0015558419424506753,-0.689904199367105,-0.7238990088758819],"T_pred":[86.36294137073664,97.79161830716184,920.9422043038626],"rotation_error":39.88822635769017,"translation_error":79.10233445616798,"ADD":0,"ADD_S":0}}
{"id_image":20,"data":{"GT_R":[-0.876012295997381,0.4686402135457145,0.11392032610161715,0.23737975128523522,0.6245844321470814,-0.7440059467651662,-0.4198234877118387,-0.6247161982708023,-0.6583895094353291],"GT_T":[83.20936726547035,78.52992805538402,843.6451019450866],"R_pred":[-0.8985396710851423,-0.2058319581235299,0.3876334150989019,-0.42260652915331925,0.6441229534134656,-0.6375808516595357,-0.11844906501610253,-0.7367081008791388,-0.6657559561099423],"T_pred":[68.30487673858659,81.415800098554,701.2334157827574],"rotation_error":43.13570012164935,"translation_error":143.21857578859402,"ADD":0,"ADD_S":0}}
{"id_image":21,"data":{"GT_R":[-0.877206870241054,0.4658073670126417,0.11632604880970694,0.23223490801089783,0.623729140305345,-0.746342926931557,-0.42020780659942303,-0.6276829336092796,-0.6553162423405895],"GT_T":[84.24148354111682,80.34685020666444,842.5140939413835],"R_pred":[-0.9436187193933667,0.28158808165176735,0.1740455821964474,-0.03491403151442418,0.4381731741939279,-0.8982122687985438,-0.32918797489251106,-0.8536465437688453,-0.4036370343485248],"T_pred":[88.84362178181277,80.87421174660938,759.0613501806635],"rotation_error":22.07504720021399,"translation_error":83.58120738403275,"ADD":0,"ADD_S":0}}
{"id_image":22,"data":{"GT_R":[-0.877693143637146,0.4641481034265526,0.11924836421564726,0.22804021725091125,0.6233766044906168,-0.7479299315237892,-0.4214867884537931,-0.6292601658430351,-0.6529778335819847],"GT_T":[85.0083773456503,83.53015435562772,841.510115420956],"R_pred":[-0.9726180408284174,-0.21983131271240597,0.07542108860412539,-0.1847294173025678,0.5343189919931163,-0.824850445340556,0.14102903615264734,-0.8161969178737446,-0.5602976014719809],"T_pred":[84.95013314342197,80.39909655547488,655.9979810854212],"rotation_error":41.90414135511142,"translation_error":185.53856445779812,"ADD":0,"ADD_S":0}}
{"id_image":23,"data":{"GT_R":[-0.8793377961565418,0.46116997778376057,0.11869065621311838,0.22662782458171898,0.6244895319236644,-0.7474299420203283,-0.41881338915832156,-0.6303454192820717,-0.6536506635525499],"GT_T":[87.20645339133587,84.97273151680726,840.7082250834469],"R_pred":[-0.9805883634756773,0.0731606887539661,-0.18191749513759858,0.1869487896944862,0.06904745590161254,-0.9799400996312386,-0.059132152403406454,-0.9949271141418152,-0.08138443400048989],"T_pred":[119.75980929223084,99.53705797496333,1062.6198117618555],"rotation_error":45.67520513749215,"translation_error":224.75896620094815,"ADD":0,"ADD_S":0}}
{"id_image":24,"data":{"GT_R":[-0.8803086326029143,0.46003468026309363,0.11586419455332174,0.22831581910979695,0.6249249961997727,-0.746551627910148,-0.4158462478531874,-0.630742548903868,-0.6551600254091207],"GT_T":[89.67386393520385,84.07893850258493,840.1031365161158],"R_pred":[-0.9745188406028633,-0.16383822549213112,-0.1531994294298792,0.02468471881377436,0.6005110898117358,-0.7992353193335532,0.22294325279571894,-0.7826515616037008,-0.5811650704852734],"T_pred":[96.0416955826671,74.16867448605099,711.2939526984273],"rotation_error":40.35765785997726,"translation_error":129.34669863798956,"ADD":0,"ADD_S":0}}
{"id_image":25,"data":{"GT_R":[-0.8811297822745907,0.4588034440069675,0.11450007428950568,0.22810764814423398,0.6244973389624194,-0.7469741234511325,-0.4142186915685082,-0.6320627131278885,-0.6549188002308328],"GT_T":[90.64499015333082,85.62475479137058,839.5074579192999],"R_pred":[-0.9752780794317362,0.16543490836681515,0.14650583221704033,-0.04985997537946243,0.4811433778318641,-0.8752228475215342,-0.21528272256524328,-0.8608904349928665,-0.4610000090050861],"T_pred":[90.11201667755992,80.77999760445866,733.5240626847171],"rotation_error":23.78573811655257,"translation_error":106.09540894108373,"ADD":0,"ADD_S":0}}
{"id_image":26,"data":{"GT_R":[-0.8816432804437181,0.4576909026853532,0.11499336798797385,0.2264905003220662,0.6241558766290077,-0.7477512661673534,-0.41401266430709993,-0.6332047101277003,-0.6539452246140725],"GT_T":[91.28830856512045,85.6561788736632,839.2864242385624],"R_pred":[-0.9670518279600947,-0.1593339846503501,-0.19855337663832695,0.061832956643224836,0.6095675543445854,-0.790318974948165,0.24695636762755557,-0.7765565517242149,-0.5796313263294182],"T_pred":[98.53854951793387,71.10833981872975,697.7974588135112],"rotation_error":40.94002479176271,"translation_error":142.41956660548243,"ADD":0,"ADD_S":0}}
{"id_image":27,"data":{"GT_R":[-0.8831317168605035,0.4538392214289777,0.11877917375490332,0.22183866300329189,0.627101717197869,-0.746679856464022,-0.41335908301389424,-0.633067487694527,-0.6544921524131561],"GT_T":[89.97757113457182,86.33814906218171,839.1103477653733],"R_pred":[-0.9627970840709789,-0.19611439966272864,-0.1859056673405841,0.05750592637976305,0.5235089806956569,-0.8500772997570276,0.26403568572377795,-0.829142623060666,-0.4927551798697326],"T_pred":[100.14557561435187,78.65044256309429,710.446426869024],"rotation_error":43.39611086017246,"translation_error":129.29382694753437,"ADD":0,"ADD_S":0}}
{"id_image":28,"data":{"GT_R":[-0.8815173350583461,0.4559166931816152,0.12274628529708388,0.2200130934994653,0.6266691509456098,-0.7475828191039373,-0.41775661947521586,-0.6320023620852309,-0.6527266157249008],"GT_T":[87.10187763929403,86.81986322738305,839.3430226266354],"R_pred":[-0.9911450089811558,-0.05827474925835627,-0.11931313746029959,0.06811663382682101,0.5481709322923551,-0.8335878797018541,0.11398111847076875,-0.8343336758087891,-0.5393474038535337],"T_pred":[88.64274111380912,74.63896110243878,685.7410244845887],"rotation_error":34.618141379063786,"translation_error":154.09192863370188,"ADD":0,"ADD_S":0}}
{"id_image":29,"data":{"GT_R":[-0.8815779968172707,0.4538669480617382,0.1297115845518338,0.21366909096933442,0.628713912669476,-0.7477062053863202,-0.4209099234856964,-0.6314462078471611,-0.6512371474471448],"GT_T":[83.20321369057423,87.65830895407088,839.2588439920938],"R_pred":[-0.990350428752556,0.11377718917674257,0.07912508763134729,-0.009313999153077103,0.5150115821948424,-0.8571326149581181,-0.13827247625397157,-0.8495986237207572,-0.5089822205955628],"T_pred":[76.67125731502618,77.22859443800003,696.0222784894273],"rotation_error":24.23027883104783,"translation_error":143.7642483233522,"ADD":0,"ADD_S":0}}
{"id_image":30,"data":{"GT_R":[-0.881028056348034,0.45330214720620604,0.1352999844634397,0.20936576378875363,0.6301055547453712,-0.7477515315566086,-0.4242105627431263,-0.6304641170075762,-0.6500461434347328],"GT_T":[80.44948870184393,88.48918935698521,839.1761920781101],"R_pred":[-0.9891704467849376,-0.09502905234512055,0.11185395128324865,-0.14647172805453176,0.5904737550030278,-0.7936540666646547,0.009373371218847674,-0.8014425892495439,-0.5979982575634989],"T_pred":[78.63272703131148,75.08709485865477,625.0310371888022],"rotation_error":33.46604560871063,"translation_error":214.57181576916244,"ADD":0,"ADD_S":0}}
{"id_image":31,"data":{"GT_R":[-0.8804752418858751,0.45371546391524675,0.1375002239205423,0.20730244134734202,0.6292828934013598,-0.7490181133618111,-0.42636735440836593,-0.6309884546575125,-0.6481237266027207],"GT_T":[78.30228775427939,89.66300409680022,839.0312002481212],"R_pred":[-0.9759927711093533,0.14378618705283172,0.1635959753633735,-0.07651383124252828,0.47689777699943214,-0.8756221467742751,-0.20392092676053464,-0.8671182403258557,-0.4544471508583988],"T_pred":[80.05256191450046,84.42600572974683,739.1303762392354],"rotation_error":24.783686910422976,"translation_error":100.05330703773282,"ADD":0,"ADD_S":0}}
{"id_image":32,"data":{"GT_R":[-0.8801539290572762,0.45371739364253977,0.13953336450145135,0.20654664622359106,0.6307163672328141,-0.7480205645126615,-0.4273960524893128,-0.6295536870109948,-0.6488407067260279],"GT_T":[77.47555170114029,88.5891148025217,839.0063010447191],"R_pred":[-0.2641095699317535,-0.6047625790050488,-0.7513377124207373,-0.22780948224584868,0.7960713638583815,-0.560689953043155,0.9372027394696106,0.023078272895065643,-0.34802071554842573],"T_pred":[93.19822405904355,136.74788112157106,1202.331320240049],"rotation_error":103.34409000629046,"translation_error":366.83993617480326,"ADD":0,"ADD_S":0}}
{"id_image":33,"data":{"GT_R":[-0.8817091964427343,0.44975178899691676,0.14252284926950426,0.2016461234684225,0.6323444834701138,-0.7479830795990338,-0.4265296328679297,-0.6307641518378176,-0.6482343536482362],"GT_T":[76.64270519957934,88.54410003360458,838.8411970069368],"R_pred":[-0.962951888314759,-0.249413958437363,0.10254919857144403,-0.2569531861626654,0.7331887537524868,-0.6296104442365378,0.08184571407162818,-0.6326349094916286,-0.7701132062110246],"T_pred":[86.35794875924277,112.49809096524518,953.6231604760027],"rotation_error":41.51412832258164,"translation_error":117.65661382510835,"ADD":0,"ADD_S":0}}
{"id_image":34,"data":{"GT_R":[-0.8798405044597988,0.452294557694391,0.14598275225676105,0.20105990704382562,0.6325361329524071,-0.747979042204186,-0.43064542076950413,-0.6287506384416337,-0.6474693476284231],"GT_T":[74.18150882958146,88.62514841051377,839.3202169056843],"R_pred":[-0.9900949592579005,-0.12293437220565676,-0.06781675148882833,-0.012296296234518424,0.557098210476542,-0.8303555774382133,0.1398598325145909,-0.821296976747289,-0.5530917674624656],"T_pred":[81.17748430486172,80.30166089418763,712.8629635507459],"rotation_error":37.30245555867589,"translation_error":126.92383953915136,"ADD":0,"ADD_S":0}}
{"id_image":35,"data":{"GT_R":[-0.881331389330949,0.4482434596658559,0.149443665411933,0.19605877131186372,0.6346966557118576,-0.7474762861465669,-0.42990244040503567,-0.629474613687458,-0.6472595695994017],"GT_T":[73.48255681041164,89.35167149827322,839.6219979634026],"R_pred":[-0.9917149569122543,-0.10968478539323338,-0.06686323421556781,-0.015553793401787933,0.619206456465666,-0.7850741645106205,0.12751283757857496,-0.7775298142994098,-0.6157823187849629],"T_pred":[80.11762422317351,74.89744494033036,699.693877023093],"rotation_error":35.66679859919008,"translation_error":140.82907304546933,"ADD":0,"ADD_S":0}}
{"id_image":36,"data":{"GT_R":[-0.8799600329783265,0.45298727900398367,0.14308461583827556,0.20345198517797541,0.6315448346219407,-0.7481700838204814,-0.4292757182255415,-0.6292494380531221,-0.6478952032209431],"GT_T":[74.51515108591153,86.98737591373698,840.5284248163657],"R_pred":[-0.9794736676949527,-0.16924283463419715,-0.10949062616123406,-0.004337573568892514,0.5607540674577072,-0.8279710509946416,0.2015254816337918,-0.8105009184168879,-0.5499779463738974],"T_pred":[80.95380230964389,72.94991111839846,675.898546178106],"rotation_error":40.44254164331481,"translation_error":165.35266429032632,"ADD":0,"ADD_S":0}}
{"id_image":37,"data":{"GT_R":[-0.8796017364328589,0.4537740373482338,0.14278940017448838,0.20521680159287473,0.6327500573995144,-0.7466675647701211,-0.42916853077493294,-0.6274682354651014,-0.6496907563069714],"GT_T":[73.71666411496447,87.00303050373547,841.2622792800859],"R_pred":[-0.606188668351277,0.7953208776101037,2.9742735e-316,-0.7953208776101037,-0.606188668351277,5.6035311e-316,6.25957616e-316,1.03129524e-316,0.9999999999999999],"T_pred":[1.6e-322,1.6e-322,3.727200086e-315],"rotation_error":130.63097932256335,"translation_error":848.9557682380146,"ADD":0,"ADD_S":0}}
{"id_image":38,"data":{"GT_R":[-0.8785860283225562,0.45529521498997405,0.1441941193496896,0.20400606696903703,0.6307785068915516,-0.7486650280085416,-0.43181812060081964,-0.628351007103029,-0.6470762477498996],"GT_T":[72.07260577450523,87.88737804585786,841.7596200041733],"R_pred":[-0.9856787680375152,-0.1420033124957939,0.09095287505223923,-0.15538113599601205,0.5552053938070322,-0.8170701764623206,0.06552914478791214,-0.8195010859832955,-0.5693188045862918],"T_pred":[71.8244711772986,74.57863561048384,620.049343160101],"rotation_error":36.883256330724905,"translation_error":222.1095023952479,"ADD":0,"ADD_S":0}}
{"id_image":39,"data":{"GT_R":[-0.8802120153195111,0.4514548073903936,0.14633531237986638,0.19915391698444052,0.6312613761965179,-0.7495645079738681,-0.430770688540926,-0.6306327140398748,-0.6455528097840534],"GT_T":[70.94883132850889,89.34961851929192,841.8803119514134],"R_pred":[-0.9822821956099023,-0.1425903791536233,-0.12161279521750853,0.03261389537716574,0.5089557401861133,-0.8601746266659652,0.18454815636065566,-0.8489004878691208,-0.4952877342307717],"T_pred":[76.69480097499725,76.42944634894106,676.2891926474193],"rotation_error":40.06792417247615,"translation_error":166.19375983604044,"ADD":0,"ADD_S":0}}
{"id_image":41,"data":{"GT_R":[-0.8789155899639499,0.45441806331985435,0.1449559556596016,0.19990360469539808,0.6268621085114797,-0.7530482656959578,-0.43306596903425504,-0.6328887125721894,-0.6417986542939917],"GT_T":[69.99477808511803,91.27406904493148,842.9094738485196],"R_pred":[-0.9802392570359615,-0.16789779127451154,-0.10460081572687077,0.003733362069107918,0.5129832656968644,-0.8583904887186493,0.1977803351530358,-0.8418185676261372,-0.5022195119931441],"T_pred":[79.14293929562959,79.39433962513907,690.5683003046565],"rotation_error":41.05040941711036,"translation_error":153.07726800979432,"ADD":0,"ADD_S":0}}
{"id_image":42,"data":{"GT_R":[-0.8788514726100828,0.4545126839962104,0.14504613397851895,0.19847039579300407,0.6247597895329404,-0.7551716645103252,-0.4338533963520897,-0.6348967368049504,-0.6392784966172341],"GT_T":[69.47258097382411,91.83207886896409,843.2382994763974],"R_pred":[0.5403023058681398,-0.8414709848078965,0.0,0.8414709848078965,0.5403023058681398,0.0,0.0,0.0,1.0],"T_pred":[0.0,0.0,0.0],"rotation_error":174.87904531753284,"translation_error":851.0642748467395,"ADD":0,"ADD_S":0}}
{"id_image":43,"data":{"GT_R":[-0.8793748646797594,0.4532140264348322,0.14593100194012026,0.1970551726103342,0.6254444836075643,-0.7549758277433642,-0.43343755461124633,-0.6351514143570559,-0.6393079389584551],"GT_T":[69.54260765170812,89.18973932983869,843.8965896810679],"R_pred":[-0.9572704050283838,-0.08994499171304801,0.2748513600521816,-0.26590467332392276,0.6474198549951282,-0.7142424210746556,-0.11370169902552983,-0.7568073928179002,-0.6436726604531844],"T_pred":[65.40777592569496,92.65055782407939,763.6849821902935],"rotation_error":33.15529976356951,"translation_error":80.3926369408703,"ADD":0,"ADD_S":0}}
{"id_image":44,"data":{"GT_R":[-0.8780560883435449,0.4554561745332393,0.1468882461825861,0.19811561521157142,0.6253596160788676,-0.7547682816691034,-0.43562224002660305,-0.6336283055276566,-0.6393338958879998],"GT_T":[67.22969767294624,87.54624118895468,844.2456893101936],"R_pred":[-0.9333555088006983,-0.33064247014275294,-0.13972491234310486,-0.1451527405113839,0.7036711062581108,-0.6955412684661647,0.32829586673216654,-0.6289058205768058,-0.7047689640805632],"T_pred":[84.69318793007336,116.2736045132973,1001.8444867846977],"rotation_error":49.806330845635586,"translation_error":161.1447047250989,"ADD":0,"ADD_S":0}}
{"id_image":45,"data":{"GT_R":[-0.8789506083983535,0.4513441934310565,0.15405616474178535,0.190598532788573,0.6285523159040242,-0.7540518381201872,-0.43716869312578505,-0.6334122741773918,-0.6384919909926792],"GT_T":[64.48560303129852,89.83006431858668,844.2763014585365],"R_pred":[-0.931201821469767,-0.27195014236832704,-0.24270617577069376,0.08776551565066384,0.47898032095613574,-0.8734271958207683,0.35378013222050964,-0.834638228337646,-0.4221595028462992],"T_pred":[80.12295525233196,116.29729903230981,1048.3447651796164],"rotation_error":50.271443552073926,"translation_error":206.37097466300258,"ADD":0,"ADD_S":0}}
{"id_image":46,"data":{"GT_R":[-0.8790754755841322,0.4518888000225907,0.1517309529297016,0.19234589453783904,0.6275088614956364,-0.7544768149765384,-0.43615240948698086,-0.634057204228353,-0.6385466743387327],"GT_T":[65.71140139150896,88.04479425907083,844.6398617192892],"R_pred":[-0.8853873764685736,-0.43721246611214487,0.15790646936155905,-0.46117619651405856,0.783506251302289,-0.4164546433155248,0.05835845576197938,-0.44154638900841553,-0.8953385264773912],"T_pred":[80.14597018936692,131.47203109600272,1089.9800546595527],"rotation_error":54.9670349677162,"translation_error":249.5718172142776,"ADD":0,"ADD_S":0}}
{"id_image":47,"data":{"GT_R":[-0.8802790619855906,0.4488788663219046,0.1536749646085387,0.18963644650664682,0.6297747463716952,-0.7532744138378282,-0.4349090005118471,-0.6339493005266562,-0.6395008191137599],"GT_T":[66.11266836515126,86.70921444924578,844.863613389606],"R_pred":[-0.9601655512056394,-0.18976217351410923,-0.20511565464676723,0.06335601681329979,0.5670889900505465,-0.8212162276142647,0.27215460571433225,-0.8014988427107379,-0.5324767372588443],"T_pred":[80.66129468590846,74.46578940902684,685.8653176066338],"rotation_error":43.675175988412335,"translation_error":160.13126504972732,"ADD":0,"ADD_S":0}}
{"id_image":48,"data":{"GT_R":[-0.8786311558942488,0.45003173765282223,0.15962071560585786,0.18557714245464732,0.6298350368147639,-0.7542336088692893,-0.439963978237103,-0.6330715567866632,-0.6369082503456118],"GT_T":[62.680333542693624,89.72600809983118,844.856140060452],"R_pred":[-0.9815441237433677,-0.13413671679592815,-0.13630287726997284,0.021987484020500173,0.6288629883857866,-0.7772051803641984,0.18996758589641696,-0.7658581350653049,-0.6143074419726497],"T_pred":[77.42322083222166,79.25847494387845,721.0651566162011],"rotation_error":38.77745731039063,"translation_error":125.10447457264475,"ADD":0,"ADD_S":0}}
{"id_image":49,"data":{"GT_R":[-0.8790800237496342,0.4476796178404313,0.1637121784382243,0.17746894577540123,0.6261354176541167,-0.7592485610781949,-0.4424059673475711,-0.6383864854612705,-0.6298723412919175],"GT_T":[60.33965124504916,93.44344489094493,844.6493590429774],"R_pred":[-0.9855607365032973,-0.10246593455802291,-0.13479898708161422,0.06204678813831511,0.5221807625741861,-0.8505747746548565,0.15754437706499483,-0.846656945552679,-0.5082831748175525],"T_pred":[69.56069254647285,82.51202449942335,675.9477468238649],"rotation_error":38.1329157865813,"translation_error":169.30669661825704,"ADD":0,"ADD_S":0}}
{"id_image":50,"data":{"GT_R":[-0.8783874065895979,0.44907650776615954,0.1636046142407876,0.1787999071786159,0.6262013073673731,-0.7588825044482365,-0.4432448328672914,-0.6373405192601163,-0.6303417246030196],"GT_T":[60.079972323669416,92.0969301272481,845.1373826068616],"R_pred":[-0.963331770437264,0.0006042709494876453,0.26831238309631944,-0.21325593158284073,0.6051421057652823,-0.7670234282436844,-0.16283061048507202,-0.7961172443092658,-0.5828237517487422],"T_pred":[51.68589402184698,87.51373432151411,684.6780560533961],"rotation_error":28.346293285928372,"translation_error":160.74408764344184,"ADD":0,"ADD_S":0}}
{"id_image":51,"data":{"GT_R":[-0.8767685465512514,0.4501887792521177,0.16913590973687898,0.174722197909448,0.6258575951454067,-0.7601145410076542,-0.4480493220927383,-0.6368939089166892,-0.6273892395621348],"GT_T":[56.783275031759665,94.87825633104153,844.9850199078082],"R_pred":[-0.9908703086363946,-0.12942021922254676,-0.03776821837476869,-0.034282344021599014,0.5128074183713419,-0.8578189042867409,0.13038693320728506,-0.84869249938933,-0.5125624733913821],"T_pred":[68.9692965210479,87.69401251291353,716.3139968304612],"rotation_error":38.05721807718675,"translation_error":129.44630028991514,"ADD":0,"ADD_S":0}}
{"id_image":52,"data":{"GT_R":[-0.8758038118570642,0.4511502064233238,0.17155523471463704,0.1703114161199631,0.6214226657490958,-0.7647405687568635,-0.45162065215785124,-0.6405454426219275,-0.6210798669491701],"GT_T":[53.58201064466094,98.19023194795837,844.9750390988079],"R_pred":[-0.9847904947431885,-0.1514840572376708,0.08508972832416403,-0.16071737518070786,0.6081576655047828,-0.7773764719894708,0.06601217144201182,-0.7792283582433245,-0.62325400835528],"T_pred":[61.7490397813584,80.45249200082127,633.6414280489907],"rotation_error":36.38055436142784,"translation_error":212.23388735710262,"ADD":0,"ADD_S":0}}
{"id_image":53,"data":{"GT_R":[-0.8758250368322701,0.4498753524009771,0.1747641651275794,0.1658925498021638,0.6206609038791832,-0.7663284858744638,-0.4532216470541221,-0.6421785690488396,-0.6182212423773501],"GT_T":[52.491837650787055,100.63535422431177,844.9867634206732],"R_pred":[-0.9921393431701124,0.0060469802453911176,0.12499183078861531,-0.0884826623025203,0.6724075938530008,-0.734873353851312,-0.08848922084545746,-0.7401563765575011,-0.6665869755969092],"T_pred":[72.8695875142916,103.93479821026746,784.1254430765601],"rotation_error":26.694192490314567,"translation_error":64.26693811085738,"ADD":0,"ADD_S":0}}
{"id_image":54,"data":{"GT_R":[-0.8743768062555799,0.4511908343312563,0.17858145877028905,0.1622054564685935,0.6186209465795403,-0.7687635714413606,-0.45733343619608824,-0.6432219892411429,-0.6140930139759802],"GT_T":[50.057378972058785,103.63077784074315,845.1623188780682],"R_pred":[-0.9995575645537206,-0.01593358220238656,-0.02511565451336222,0.00889695614590398,0.645577774524307,-0.7636427052041944,0.02838167216308164,-0.7635282954799004,-0.645150387651426],"T_pred":[66.33942832830989,97.61179094614577,742.4430881448859],"rotation_error":30.42938349985855,"translation_error":104.17568668789022,"ADD":0,"ADD_S":0}}
{"id_image":55,"data":{"GT_R":[-0.8736910374920093,0.45006137464766505,0.18468659480893007,0.15487764691206726,0.6172119290086604,-0.7714029928335431,-0.4611691876123837,-0.645363861816269,-0.6089561632872484],"GT_T":[46.49839687614017,107.39132875843703,844.964477082566],"R_pred":[-0.979990420498071,-0.1990391406365798,0.001481967160909134,-0.11919616202974405,0.5808796929079264,-0.8052149137494735,0.15940843983112435,-0.7892795467144988,-0.5929812361692081],"T_pred":[60.96944736281024,107.14214521236707,742.4571230852982],"rotation_error":40.31177499182677,"translation_error":103.52406009304575,"ADD":0,"ADD_S":0}}
{"id_image":56,"data":{"GT_R":[-0.872761028070272,0.44965386322262013,0.1899980964899503,0.14971000721702124,0.6170261818895706,-0.7725706512921301,-0.46462284346649746,-0.6458258377865719,-0.6058333614377435],"GT_T":[43.85516635546006,110.49456565071513,844.9612832393433],"R_pred":[-0.9933065402358859,-0.007476607642085298,0.11526585558082993,-0.10197618682102268,0.5254347310617243,-0.844700657461291,-0.05424918843686337,-0.8508010600206488,-0.5226801907683913],"T_pred":[51.67728143005844,79.97313078165067,540.2243951400583],"rotation_error":29.638797035559634,"translation_error":306.3614114720438,"ADD":0,"ADD_S":0}}
{"id_image":57,"data":{"GT_R":[-0.8728653656247443,0.44791259086673746,0.19359736607052852,0.14564535208967863,0.6178110077382102,-0.7727196362168864,-0.4657176007228165,-0.6462843557846485,-0.6045025611711445],"GT_T":[41.29035807579628,111.33574675870835,844.9905554838192],"R_pred":[-0.9956587945426807,-0.07568823370650973,-0.05417431243869029,0.002558096260535221,0.5595582810193411,-0.8287870572627215,0.09304311362662959,-0.8253277054728435,-0.5569355057684807],"T_pred":[57.35716092873568,99.3255299865282,711.4399005836633],"rotation_error":35.01949150208809,"translation_error":135.04875003157386,"ADD":0,"ADD_S":0}}
{"id_image":58,"data":{"GT_R":[-0.8724398029502396,0.44605598445170364,0.19970638120252834,0.13924117007359835,0.6185610407017228,-0.7733009650093059,-0.46846543065050206,-0.6468513557499247,-0.6017666202779282],"GT_T":[39.272069549450705,111.7877175555946,845.10717218205],"R_pred":[-0.9913239362229163,-0.07173068238171282,0.11014337327573241,-0.13112084770883925,0.598160333344493,-0.7905767128554446,-0.00917478978608656,-0.7981597113474588,-0.6023760440240984],"T_pred":[51.69541538433223,89.88019593470729,622.927536012365],"rotation_error":31.731485246096035,"translation_error":223.6024815465972,"ADD":0,"ADD_S":0}}
{"id_image":59,"data":{"GT_R":[-0.872265252899121,0.446070517213085,0.2004353846091048,0.13845710152447135,0.6183546629399984,-0.7736062000328796,-0.4690225763799191,-0.6470387673338075,-0.6011312342832048],"GT_T":[38.777121452865785,111.5416692799155,845.353206994427],"R_pred":[-0.9430789000108475,0.10183810857540877,0.31659309530707264,-0.20425522176773947,0.5738955764880156,-0.7930470803603651,-0.2624537916185276,-0.8125717610951484,-0.520427843543932],"T_pred":[37.387914059962746,92.84493796045501,611.4172339447658],"rotation_error":23.558669673704483,"translation_error":234.68603952068466,"ADD":0,"ADD_S":0}}
{"id_image":60,"data":{"GT_R":[-0.8738223175838402,0.4432259275283755,0.19996105157625815,0.13699776699837035,0.6189915103706796,-0.7733568698076185,-0.4665452409152906,-0.6483836458083003,-0.6016098536767537],"GT_T":[40.362031232717825,111.21676985143026,845.3019823105452],"R_pred":[-0.9943958098914478,-0.10571936313607408,0.0006241221310513065,-0.05253693901819673,0.489022019555971,-0.8706878513152682,0.09174335566639061,-0.8658411405376295,-0.4918356189252333],"T_pred":[58.93535740116575,77.3076751058037,508.51169409222035],"rotation_error":36.604758067478954,"translation_error":339.0022026323867,"ADD":0,"ADD_S":0}}
{"id_image":61,"data":{"GT_R":[-0.8760142792043808,0.44106509181421716,0.19509178845813,0.1385563435846128,0.6176241935820417,-0.7741711998325441,-0.46195395505426284,-0.6511543420497683,-0.6021596629617434],"GT_T":[43.98736006994828,109.02673422220474,845.5210105967191],"R_pred":[-0.9785608273946723,0.1439558794187578,0.1472936246733935,-0.0642514824521225,0.4660976205645908,-0.8823971640405083,-0.19567946773067182,-0.8729431326752043,-0.4468554945660197],"T_pred":[46.9924337679178,96.60952024280344,682.9547843876442],"rotation_error":23.113788579796456,"translation_error":163.06745712986566,"ADD":0,"ADD_S":0}}
{"id_image":62,"data":{"GT_R":[-0.8781532706338219,0.43711567225294795,0.19436017283364948,0.13784701249281014,0.6202745959177031,-0.7721772869030641,-0.4580871824941861,-0.6512980994701589,-0.6049511058961412],"GT_T":[46.99233893483473,107.82850993635695,845.6876162603257],"R_pred":[-0.9915934961911764,-0.12738972865069478,-0.022675875852141272,-0.03861350581423542,0.4585977958473971,-0.8878046287402667,0.12349629743475461,-0.8794657006832108,-0.45966155575781575],"T_pred":[60.066549866594166,95.41557512859148,681.743347881301],"rotation_error":38.29545111583441,"translation_error":164.93252886063337,"ADD":0,"ADD_S":0}}
{"id_image":63,"data":{"GT_R":[-0.8784575622731478,0.43669902916755965,0.19392113016704812,0.13655348429245892,0.6183650003246037,-0.7739365281845317,-0.45789036586215015,-0.6533906658372942,-0.6028405089126273],"GT_T":[48.58546402248592,108.52554772262133,845.5076426707616],"R_pred":[-0.9922227667651914,-0.12004437506254058,-0.032913965556775136,-0.03168065909551203,0.49926162283030495,-0.8658719118946657,0.12037573240525867,-0.8580950879621058,-0.49918183366705504],"T_pred":[62.221521498194555,98.10159775376674,692.5321794783368],"rotation_error":37.16354909568977,"translation_error":153.9353537540058,"ADD":0,"ADD_S":0}}
{"id_image":64,"data":{"GT_R":[-0.8789316483139953,0.43516765919214384,0.19521289972419104,0.13318132629972537,0.6169463301527147,-0.7756542042034884,-0.45797543874819374,-0.6557492702631291,-0.6002094687924069],"GT_T":[50.26109458698566,110.77324782251041,845.3671705906902],"R_pred":[-0.95654544289985,-0.2915650697400389,-0.0032597200824532463,-0.19891983424617316,0.6606940576469921,-0.723819218958317,0.21319407874283158,-0.6917175523994163,-0.6899819653379036],"T_pred":[64.52858592142888,106.4338834973941,724.1298609226399],"rotation_error":44.52597824103729,"translation_error":122.1510403036799,"ADD":0,"ADD_S":0}}
{"id_image":65,"data":{"GT_R":[-0.8811284280994834,0.4322001204322102,0.19187228667947823,0.13445321216878897,0.6179913774707043,-0.7746023380099996,-0.45335898202973174,-0.6567272443230232,-0.6026405314807394],"GT_T":[54.58814545195611,110.10050366559365,845.6532372270668],"R_pred":[-0.9690841632061525,-0.2016347174906773,-0.14219467404050667,-0.23812092441316562,0.613412490287245,0.7530096560577565,-0.06460890015818754,0.763589259656038,-0.642461775172884],"T_pred":[70.78732053604489,44.02094143429565,620.1769267443234],"rotation_error":106.91073852292067,"translation_error":235.51749066045065,"ADD":0,"ADD_S":0}}
{"id_image":66,"data":{"GT_R":[-0.8822278856036683,0.429678763889089,0.1924831077346315,0.131539493546811,0.6174853461475053,-0.7755056215959663,-0.45207335663635523,-0.6588541929264597,-0.6012824740811379],"GT_T":[55.972339521351856,109.83716518359977,845.4735021066773],"R_pred":[-0.9778046228909879,-0.20779285278001508,0.026837469824033136,-0.12080277014193869,0.4544748898613543,-0.8825300364358966,0.1711864777926307,-0.8661839901655155,-0.4694896005258259],"T_pred":[71.47021693684721,106.80711454137005,661.6569640730628],"rotation_error":41.26769346575101,"translation_error":184.49359085329615,"ADD":0,"ADD_S":0}}
