{"id_image":1,"data":{"GT_R":[0.6636725628954394,-0.7475257935833588,0.027257086496238814,-0.3060654521736159,-0.30462089954998045,-0.9019591553122104,0.6825407869423928,0.5902632589821695,-0.43096080939135545],"GT_T":[-75.694362110353,123.40308894853766,846.9901511540138],"R_pred":[0.6749630236558923,-0.7295264243547253,-0.11052652561943915,0.3590969465201974,0.4556421749772962,-0.8145180116988385,0.6445729591730991,0.5100798021390066,0.5695123315194026],"T_pred":[-110.48869867958516,61.22309248898242,971.871816969859],"rotation_error":60.92757783473277,"translation_error":143.77909539965725,"ADD":0,"ADD_S":0}}
{"id_image":2,"data":{"GT_R":[0.6639041763355819,-0.7472976207042324,0.0278696914805249,-0.3051965721386194,-0.3047846587558272,-0.9021984216429688,0.6827061720561086,0.5904668957422878,-0.43042065226391096],"GT_T":[-75.45756317653512,123.77130856076161,847.0030573276833],"R_pred":[0.6617048979699505,-0.6998315409402491,-0.2690398526385529,0.20177960279673418,0.5118144534821026,-0.8350634449561357,0.7221022226096315,0.4982788170412359,0.4798818610764706],"T_pred":[-1102.8966976243653,857.9639642770684,8947.185303608332],"rotation_error":57.613351911294956,"translation_error":8198.025521652326,"ADD":0,"ADD_S":0}}
{"id_image":3,"data":{"GT_R":[0.6640803005686174,-0.7471331605708205,0.028096959187879387,-0.3048990299035377,-0.30493584276073205,-0.9022472717738002,0.6826671231068789,0.5905980419791791,-0.43030173857928994],"GT_T":[-75.45923979057385,123.8470216717557,846.859194637352],"R_pred":[0.7195704881922649,-0.4713516687978634,-0.509946974541682,-0.027184535630660756,0.7146668245966112,-0.6989365714022568,0.6938871043226635,0.5167968015985258,0.5014396796347923],"T_pred":[-188.04410239936507,108.86087268181358,1448.9403205047925],"rotation_error":66.42793414016298,"translation_error":612.7002677296574,"ADD":0,"ADD_S":0}}
{"id_image":4,"data":{"GT_R":[0.664377195727167,-0.7468886047467673,0.027549452650305468,-0.305564202223355,-0.3050768519683736,-0.901974242204268,0.6820802868111103,0.5908331762018257,-0.4309089074665827],"GT_T":[-75.62449142261801,123.72519719765826,847.0642161058539],"R_pred":[0.7916300444044303,-0.1787335150374316,-0.5842740824293028,0.20322503350878715,-0.8247892406562183,0.5276573644450451,-0.5762130322646234,-0.5364485428259667,-0.6166048186223532],"T_pred":[-795.3097092142878,662.5439312684326,6258.459856551605],"rotation_error":122.93394697976525,"translation_error":5485.569725956344,"ADD":0,"ADD_S":0}}
{"id_image":5,"data":{"GT_R":[0.6639956990111524,-0.74719899880338,0.02834804335058498,-0.30523877337728533,-0.305468136033357,-0.9019518577070724,0.6825980254199862,0.590238922895366,-0.43090372183949444],"GT_T":[-75.02826128327982,123.4796179013331,847.0388379899067],"R_pred":[0.8169030385950965,-0.5767093140035322,-0.008705898900930625,-0.33561196515918934,-0.4875584025675448,0.8060095613128736,-0.4690778553460876,-0.6555098559345688,-0.5918384867483322],"T_pred":[-188.23365965777947,196.74700526842625,1607.0449733216442],"rotation_error":118.50888897305039,"translation_error":771.8762193607289,"ADD":0,"ADD_S":0}}
{"id_image":6,"data":{"GT_R":[0.6647281940693353,-0.746561092149609,0.02798265898103799,-0.3056106287163861,-0.3059080221330897,-0.9016772515267549,0.6817180948736298,0.5908183596710751,-0.4315028231250287],"GT_T":[-74.04016149558205,123.42839623940226,847.2585878300018],"R_pred":[0.510068468260185,-0.8284594888068021,-0.23126831406978438,0.3104374951849832,0.4280655622436984,-0.8487569946717727,0.802158786818409,0.36112982406187155,0.4755276342159934],"T_pred":[-3187.557399873056,2633.2844470927607,26189.59470570775],"rotation_error":58.48038144830372,"translation_error":25655.942136299924,"ADD":0,"ADD_S":0}}
{"id_image":7,"data":{"GT_R":[0.6646577825281618,-0.746695249574609,0.025975277615236003,-0.30630264335257623,-0.3040300802859403,-0.902077951327245,0.6814750604250097,0.5916165223696951,-0.4307913090918273],"GT_T":[-72.65541636325798,123.45485311632397,847.2128779249715],"R_pred":[0.6634906540218175,-0.5473166791599919,-0.5101221468814888,0.009004057073077054,0.687604959911104,-0.7260291633687133,0.7481303890244838,0.47712039551765906,0.4611475351762677],"T_pred":[-1172.1717491876093,930.5411532645828,9639.440264557557],"rotation_error":64.1194454336942,"translation_error":8897.392139289273,"ADD":0,"ADD_S":0}}
{"id_image":8,"data":{"GT_R":[0.6656112227522417,-0.7458393906549223,0.026155279081039595,-0.30702865276921826,-0.3056087719244165,-0.9012964369334172,0.6802175865978994,0.59188270529714,-0.43241136355616006],"GT_T":[-71.62278636881813,123.26384251803611,847.407120840192],"R_pred":[-0.48488311115080157,-0.8658977236793123,-0.12292070878295736,0.06934053218847758,-0.1781680992732828,0.9815538798238048,-0.8718258192532141,0.46741551164711126,0.14643251126416879],"T_pred":[-33706.88573255216,28402.027065025424,284505.0566056998],"rotation_error":162.87643762746518,"translation_error":287041.2539586061,"ADD":0,"ADD_S":0}}
{"id_image":9,"data":{"GT_R":[0.666363267777646,-0.7451569141594336,0.026452885098344394,-0.3058412199962436,-0.30551257038299784,-0.9017330280629086,0.6800149939939935,0.592792121894445,-0.43148193002666446],"GT_T":[-70.9293793621797,122.80801316235019,847.1760984582321],"R_pred":[0.8201804339093817,-0.5302521376029246,-0.21479461445703812,-0.20924632494192924,-0.6274672078466025,0.7500005857167613,-0.5324659907736033,-0.5701908221330099,-0.6255896378815488],"T_pred":[-933.5497714333615,825.3095175855564,7871.9870190557895],"rotation_error":117.21903151787215,"translation_error":7112.354798143903,"ADD":0,"ADD_S":0}}
{"id_image":10,"data":{"GT_R":[0.6670895517493645,-0.7445093689931201,0.02640646634654948,-0.3053507893504776,-0.30558574180987463,-0.9018741363479316,0.6795238920847796,0.5935676430279115,-0.43118954908646423],"GT_T":[-70.72274546572997,122.09817989732366,847.190838237853],"R_pred":[0.6986305105141893,-0.6561583627969239,-0.2852570993162893,0.193663902854821,0.5572318983937844,-0.8074570602474768,0.6887740576631218,0.5088701350483434,0.5163733950797224],"T_pred":[-559.4606753534736,433.4241674828073,4773.252528534504],"rotation_error":60.22230920425239,"translation_error":3968.5953473076625,"ADD":0,"ADD_S":0}}
{"id_image":11,"data":{"GT_R":[0.668068932836874,-0.7437245919235216,0.023606147208619543,-0.3067789256430201,-0.30419673777877654,-0.9018599539031533,0.6779171835200343,0.5952616682884398,-0.4313833990291591],"GT_T":[-70.15450352269096,121.2439602375827,847.1550391275673],"R_pred":[0.6590784879306122,-0.6469693502921902,-0.383466043515719,0.07347413369897615,0.562829230369611,-0.823301165503084,0.748476518285165,0.5144452519209919,0.4184841506576614],"T_pred":[-1629.0282146091392,1319.7017311724671,13922.247811199568],"rotation_error":56.82885622738272,"translation_error":13222.11931855556,"ADD":0,"ADD_S":0}}
{"id_image":12,"data":{"GT_R":[0.6680254007661687,-0.7437929502656595,0.022662024201107734,-0.30732301165598747,-0.30349618773117193,-0.9019104265812979,0.6777134919956205,0.5955342535571937,-0.43132783590789525],"GT_T":[-69.42729548191889,121.19793738037879,847.1324522009368],"R_pred":[0.6933727810503979,-0.45166947168326554,-0.5614524689123708,-0.10238946256841955,0.7095063822216976,-0.6972209775541959,0.71326754058585,0.5409208647630798,0.4457062189498535],"T_pred":[-670.4286149122627,515.5744137481603,5685.503220989636],"rotation_error":65.01812695913696,"translation_error":4891.479028610695,"ADD":0,"ADD_S":0}}
{"id_image":13,"data":{"GT_R":[0.6682892587333737,-0.7435513731767127,0.02279439831934446,-0.3073466153194522,-0.30388163564108267,-0.9017721684987545,0.6774419489159295,0.5956391621203382,-0.43160843823910594],"GT_T":[-69.31941921467875,120.76949157834397,846.9103411256606],"R_pred":[0.6209338083031384,-0.7819901126946835,-0.05415412591776525,-0.461384440734701,-0.3087596986652252,-0.831740251718099,0.6336920415738928,0.541441513118375,-0.5525174063484302],"T_pred":[-134.6731605371403,183.845263680318,1304.8430740442163],"rotation_error":9.749532696677413,"translation_error":466.85335214536127,"ADD":0,"ADD_S":0}}
{"id_image":14,"data":{"GT_R":[0.6691843348660552,-0.7427903016054475,0.021297802635949253,-0.3075775413213702,-0.3029607973787054,-0.9020036345178657,0.6764531445205968,0.5970562617580586,-0.4312029128012751],"GT_T":[-69.41160029530384,120.83728172610385,847.0209680333184],"R_pred":[0.7042191635017111,0.34703930341954237,-0.6193860602556603,-0.17209989225204658,-0.7629385353815938,-0.6231423740339139,-0.6888083890631586,0.5454250756170522,-0.4775505104639184],"T_pred":[-168.78811402169896,162.44585936187724,961.4137243909579],"rotation_error":86.78807316082097,"translation_error":157.13900827096646,"ADD":0,"ADD_S":0}}
{"id_image":15,"data":{"GT_R":[0.6673212527356579,-0.7444835792530956,0.02063450978857648,-0.30937184293143993,-0.3022961459597564,-0.9016128464255475,0.6774735941799576,0.5952815069806388,-0.43205128234903184],"GT_T":[-68.68421126412997,120.89324408564352,847.0604379903413],"R_pred":[0.7000210878655975,-0.2806792101914577,-0.6566503312340328,0.07812328830264803,-0.8839027601248939,0.46109940627632096,-0.7098360573880753,-0.3740789911367569,-0.5968229888516856],"T_pred":[-3122.7600603666833,2666.6444333011746,26977.258026172505],"rotation_error":118.55064941436707,"translation_error":26430.956365725866,"ADD":0,"ADD_S":0}}
{"id_image":16,"data":{"GT_R":[0.6678164533145307,-0.7439925774374309,0.02227588424698408,-0.30815870905361803,-0.30360107089445443,-0.9015898952990563,0.6775390968791565,0.5952320168288088,-0.43201802276929124],"GT_T":[-68.34249011586223,120.90055088372334,847.2208093684785],"R_pred":[0.6019717808752303,-0.651974753099051,-0.46104110050117575,0.0305967343736403,0.5957801466101427,-0.8025645498966831,0.797930958714833,0.4690148592812688,0.3785911342039047],"T_pred":[-2992.445400472845,2464.7911408622967,25598.566560908537],"rotation_error":57.780760772970496,"translation_error":25033.44397881419,"ADD":0,"ADD_S":0}}
{"id_image":17,"data":{"GT_R":[0.6694398637112431,-0.7425900543124393,0.020240010492924586,-0.3085541944538202,-0.30273716864981337,-0.9017445970171305,0.6757546631671015,0.5974184512813541,-0.4317935576938815],"GT_T":[-68.5191206455844,121.29624301517164,847.7915306776428],"R_pred":[0.4877480137710061,-0.8337190839125257,-0.25887132746308045,0.15257505804343324,0.37338339341113413,-0.9150440935757299,0.8595479781405349,0.4068136313409928,0.3093217461312304],"T_pred":[-3917.6044343269978,3294.864993457509,34068.867752206585],"rotation_error":49.61918824567433,"translation_error":33593.55446633205,"ADD":0,"ADD_S":0}}
{"id_image":18,"data":{"GT_R":[0.6688017994084793,-0.7431349374476776,0.02130983228844951,-0.3085815650900135,-0.3035646672956646,-0.9014573684362823,0.6763736594936083,0.5963201219481654,-0.432342487750048],"GT_T":[-67.80510265509538,121.79450505764954,848.0107612843445],"R_pred":[0.5899135918909129,-0.8073432585472615,0.01410024753863981,0.46350561368087767,0.3242744930952001,-0.8246263391465032,0.661184165107328,0.4929938295822173,0.5655020634844626],"T_pred":[-2106.3239701786706,1783.2140497714822,18296.263882148047],"rotation_error":60.2181605481882,"translation_error":17645.322639343736,"ADD":0,"ADD_S":0}}
{"id_image":19,"data":{"GT_R":[0.6692294791838836,-0.7427415291018148,0.021585288923761572,-0.3071208032529426,-0.3029418487281781,-0.90216527640825,0.6766155673087328,0.5971260131900216,-0.43084934813361414],"GT_T":[-68.0815925398882,122.12073177727805,848.1738744513713],"R_pred":[0.7340754635570998,-0.47936583702060437,-0.4809798416783848,-0.004914705405548558,0.7045252179621964,-0.7096619356609851,0.6790501155836772,0.5233092886170233,0.5148187340928257],"T_pred":[-97.95594784458179,40.49376834787399,791.2239075313307],"rotation_error":65.94058523732318,"translation_error":103.91697164453001,"ADD":0,"ADD_S":0}}
{"id_image":20,"data":{"GT_R":[0.6688839562908786,-0.743110073742119,0.01951544773378728,-0.3081325995675838,-0.30105452907630115,-0.9024517359372618,0.6764967493417918,0.5976231412911611,-0.4303475785016868],"GT_T":[-67.64131364190652,122.85748575657699,848.5516011042101],"R_pred":[0.5916328404897079,-0.5725700227702417,-0.5675686311618755,0.0784241736465095,0.7415325235534473,-0.6663176160813389,0.8023840919671466,0.34970428298398254,0.4836183241159465],"T_pred":[-1893.6493535337258,1612.162018620236,16475.099980529998],"rotation_error":69.27609320209454,"translation_error":15803.206877336399,"ADD":0,"ADD_S":0}}
{"id_image":21,"data":{"GT_R":[0.669219806106296,-0.7428240297802539,0.018893367544466782,-0.3082826286287044,-0.3006908938936045,-0.9025223534414714,0.6760963436999945,0.598161158561944,-0.43022808548506936],"GT_T":[-66.99323270029909,123.55320219246843,848.8776464447734],"R_pred":[0.6083718534127706,-0.33772451735338327,-0.7182101630814859,-0.2568440090097803,0.7724647193271833,-0.5808006649708312,0.7509426362984686,0.5378107546090912,0.3832032740151181],"T_pred":[-2651.6452256767216,2325.249510019929,23096.2164553271],"rotation_error":70.12098565813376,"translation_error":22504.932273479513,"ADD":0,"ADD_S":0}}
{"id_image":22,"data":{"GT_R":[0.6686033140657243,-0.7433811059682082,0.01877905004148183,-0.30799246132879676,-0.2998196958070597,-0.9029106811216802,0.6768385847874774,0.5979056520495886,-0.42941642399529634],"GT_T":[-66.67111461747432,124.29490073276044,848.9328938897324],"R_pred":[-0.027406977128480225,-0.9093701867442832,-0.41508399278380587,-0.24638855766547924,0.40857419862926786,-0.8788400325804329,0.9687835342615003,0.07818559761950539,-0.2352561924130309],"T_pred":[-9016.92295657045,8125.172791815657,79863.02766306876],"rotation_error":53.12039099666421,"translation_error":79920.88730272709,"ADD":0,"ADD_S":0}}
{"id_image":23,"data":{"GT_R":[0.6705011682788229,-0.7417071869119742,0.017267199805789224,-0.30780000206878344,-0.2992756661818251,-0.9031567768874893,0.675046685023604,0.6002530010817585,-0.42896278745658595],"GT_T":[-65.99296823922691,123.85292738648172,849.598213808281],"R_pred":[0.5229744240432868,0.19742831052927548,-0.8291681457932084,0.5835041530121027,-0.7920376821822225,0.1794413927192979,-0.6213056053297926,-0.577666315622582,-0.5294156897758235],"T_pred":[-886.2232904459347,782.3034689483177,7588.540811456115],"rotation_error":136.62637362583726,"translation_error":6820.533867047574,"ADD":0,"ADD_S":0}}
{"id_image":24,"data":{"GT_R":[0.6703242792307043,-0.7418461807350609,0.01812120867163975,-0.30787575499163566,-0.30024602272951784,-0.9028087894028783,0.6751870763404683,0.5995959326328042,-0.42965894486393214],"GT_T":[-65.85319242262871,123.28152347245575,849.5987041171446],"R_pred":[0.9946393834284792,-0.045220572889259084,-0.09299245518095467,0.04655726052110144,0.9988404558829664,0.012254190478286662,0.09233048481289885,-0.016517974424094785,0.9955914011757735],"T_pred":[-66709.57395009759,58257.67956574884,591030.0631066305],"rotation_error":120.06720528099395,"translation_error":596769.6157769187,"ADD":0,"ADD_S":0}}
{"id_image":25,"data":{"GT_R":[0.670293683283674,-0.7418319822904352,0.01976747553796658,-0.3074536153715391,-0.30185065825012347,-0.9024174361467064,0.6754102532002719,0.5988074303867104,-0.4304077912354623],"GT_T":[-67.20606172075713,121.75508251566586,849.542511975306],"R_pred":[0.35516015597237893,-0.7636129381803393,-0.5392184568922556,-0.04310691406641165,0.5628322965609224,-0.8254463034671785,0.9338110395413768,0.3164096815705041,0.1669786089267294],"T_pred":[-7913.950567360622,6799.4492418567725,68935.55363010315],"rotation_error":55.58244885400572,"translation_error":68861.22209633166,"ADD":0,"ADD_S":0}}
{"id_image":26,"data":{"GT_R":[0.668355195994277,-0.7435852140622435,0.019564087334996247,-0.3087071998359831,-0.3012120822234572,-0.9022031149568183,0.6767583587279975,0.5969521338603511,-0.4308666236714638],"GT_T":[-68.27005779916846,120.19345822608213,849.1345248014808],"R_pred":[0.8114895622669897,-0.45718395169838366,-0.363960883394328,-0.12406072978697183,-0.7434153692089019,0.6572233441903261,-0.5710460801515527,-0.4881766310808435,-0.6599923872364775],"T_pred":[-2218.3238986056313,1877.9794828033762,19180.92764029609],"rotation_error":115.1201735474427,"translation_error":18540.95957753701,"ADD":0,"ADD_S":0}}
{"id_image":27,"data":{"GT_R":[0.6691141121210806,-0.7429128979197753,0.019110587944478875,-0.3093809616935758,-0.30184444988978965,-0.9017608675865689,0.6756998745266078,0.5974691618730097,-0.4318109826943673],"GT_T":[-69.22656750382527,118.45333938581186,848.9818618100801],"R_pred":[0.8090077264790889,-0.35022852296661877,-0.47206618201027295,0.020333027300931256,-0.7859544948422351,0.6179499170952825,-0.587446224345612,-0.5095247920738573,-0.6287220528692925],"T_pred":[-1617.8311240585535,1345.0539680957168,13762.852033571118],"rotation_error":118.80580771092752,"translation_error":13064.102264910249,"ADD":0,"ADD_S":0}}
{"id_image":28,"data":{"GT_R":[0.667443367282066,-0.7443680867606581,0.020849215566608098,-0.30877838873475466,-0.3021288963854851,-0.9018720590113731,0.6776249595584044,0.5955106164278644,-0.4314990523808144],"GT_T":[-70.13486160196541,117.5421315663784,848.4217817752345],"R_pred":[0.41972151912791633,0.25667981208642454,-0.8706028488629197,0.5292474148910311,-0.8484527927522434,0.0050032291652013505,-0.7373811905738542,-0.4628642701032307,-0.49196102208375075],"T_pred":[-2955.1321405370572,2325.796309037442,24725.298273597928],"rotation_error":134.57535362034318,"translation_error":24151.704428829373,"ADD":0,"ADD_S":0}}
{"id_image":29,"data":{"GT_R":[0.6674848744702934,-0.7443852246632078,0.01881967545545622,-0.31018475010357005,-0.3009395200585008,-0.9017875272532011,0.6769413835902686,0.5960921983126676,-0.431769158642167],"GT_T":[-70.01017725684122,116.4182772770738,848.3400226506783],"R_pred":[0.4161339750169819,0.4040724574731753,-0.8145906726375859,0.6729865938984783,-0.7392991947776258,-0.0229291306873724,-0.611491258538902,-0.5386670119032193,-0.5795828594927275],"T_pred":[-217.72767093020352,157.81958956863957,1542.516557846286],"rotation_error":138.10477208046393,"translation_error":710.9258671709607,"ADD":0,"ADD_S":0}}
{"id_image":31,"data":{"GT_R":[0.6692559949094647,-0.7428145906956873,0.01792477979590122,-0.31181805123476786,-0.3026727302058798,-0.9006436167715813,0.6744371199334914,0.5971716875176026,-0.4341886996694622],"GT_T":[-68.41654577639927,115.28432923581907,848.3361696832112],"R_pred":[0.5143041489528744,-0.6031128643937358,-0.6097098614690782,-0.043252785584617315,0.6917964512160544,-0.7207959951498373,0.8565164557140922,0.3970800207611261,0.32970747368434494],"T_pred":[-3213.6542717899865,2512.0300904034248,27644.21292773736],"rotation_error":63.057607763145384,"translation_error":27086.083545423113,"ADD":0,"ADD_S":0}}
{"id_image":32,"data":{"GT_R":[0.6672809048818389,-0.7445523427076509,0.019442927072703363,-0.3118412140203354,-0.30299325192698195,-0.9005276841351624,0.6763813645870016,0.5948415285964065,-0.4343639318459161],"GT_T":[-67.67017141039933,114.79977395899813,847.9639227476658],"R_pred":[0.5403023058681398,-0.8414709848078965,0.0,0.8414709848078965,0.5403023058681398,0.0,0.0,0.0,1.0],"T_pred":[0.0,0.0,0.0],"rotation_error":115.89430075607342,"translation_error":858.3711635891314,"ADD":0,"ADD_S":0}}
{"id_image":33,"data":{"GT_R":[0.6683487222879719,-0.7435544754535338,0.0208997762825895,-0.3109599732407306,-0.3048116062093905,-0.9002184064798158,0.6757318647971966,0.5951610078761294,-0.43493595180226696],"GT_T":[-66.94987777344889,113.76994499078697,848.0949324536564],"R_pred":[0.4204105927352185,0.25876005816773834,-0.8696540495007494,0.5374132339070212,-0.8432722148847321,0.008887498241659741,-0.7310553669439961,-0.4710999935262437,-0.49358165136272314],"T_pred":[-2742.2139047958235,2116.7442258157384,23674.33375549711],"rotation_error":134.7235571134992,"translation_error":23069.59302611432,"ADD":0,"ADD_S":0}}
{"id_image":34,"data":{"GT_R":[0.6691034599047567,-0.742868693944285,0.02111984398332479,-0.31061868020627276,-0.3053660869810108,-0.900148643222411,0.6751418161172987,0.5957325085782027,-0.4350701110843518],"GT_T":[-66.11565135082728,113.29674420864808,848.1656674571376],"R_pred":[0.5720247714706846,-0.7994552799599862,-0.18346366443525303,0.26467524488265115,0.39161240823297494,-0.8812415880246904,0.7763598879193976,0.4555337276888176,0.4356080203206897],"T_pred":[-2358.6092730861947,1832.2759533449923,21087.419487820724],"rotation_error":54.18928204484859,"translation_error":20441.081471689366,"ADD":0,"ADD_S":0}}
{"id_image":35,"data":{"GT_R":[0.6710886227101318,-0.7411447191840054,0.01855080194145757,-0.3111913075358585,-0.30431074449752527,-0.9003076695369456,0.672903859373444,0.5984139235801454,-0.43485746673223713],"GT_T":[-64.14176045612331,113.03738302474515,848.6179597836169],"R_pred":[0.07302192972654964,-0.8009739855454937,-0.5942293094911912,-0.47607274537533983,0.49556169213895124,-0.7264801101166956,0.8763689513497142,0.3359453583006414,-0.3451350132143305],"T_pred":[-19712.325802575182,15955.029539164076,180610.12528860787],"rotation_error":52.27117900026306,"translation_error":181524.70732316055,"ADD":0,"ADD_S":0}}
{"id_image":36,"data":{"GT_R":[0.6713739217866965,-0.7409001953167137,0.017987865590254424,-0.31303251156938905,-0.3054899042895159,-0.899269436641174,0.6717650872220716,0.5981149579427206,-0.43702418745878796],"GT_T":[-61.67109359699793,112.8854422001773,848.8647515859299],"R_pred":[0.3251739411890149,0.048537036629320546,-0.9444077848296503,0.2742794599890167,-0.9605933059809104,0.045069705266380614,-0.905004246288235,-0.2736871509221963,-0.3256726233817552],"T_pred":[-6861.755448775239,5691.901719212483,64536.432127849606],"rotation_error":130.42454431007428,"translation_error":64292.08977909206,"ADD":0,"ADD_S":0}}
{"id_image":37,"data":{"GT_R":[0.6723977417745349,-0.7399450665558153,0.01901057140004238,-0.31112768948080705,-0.3058433782422296,-0.8998101135328423,0.6716248499036798,0.5991162535193201,-0.4358663864332421],"GT_T":[-60.11108872384136,112.47471315589894,848.9352728738859],"R_pred":[0.6760131825792113,-0.3815189798988215,-0.6304359166133293,-0.19753226740732627,0.7304032843593976,-0.6538287585675057,0.7099205450696906,0.5665282960046812,0.4183999396677606],"T_pred":[-2774.1103945681893,2254.0815252844095,26321.910745213732],"rotation_error":66.88647478014101,"translation_error":25706.51184786272,"ADD":0,"ADD_S":0}}
{"id_image":38,"data":{"GT_R":[0.6728447792228497,-0.7395140407815989,0.01994629556568265,-0.3104375732939032,-0.3067190335167404,-0.8997509353442104,0.6714970369745579,0.599200474762358,-0.4359467861318802],"GT_T":[-59.60969911606672,112.33422410955264,849.2772225749487],"R_pred":[0.04110873663566905,0.43010068222741854,-0.9018444848862407,0.754037896195324,-0.6055534514018104,-0.25442458331828977,-0.655543227311174,-0.6695658448897052,-0.34920575093143313],"T_pred":[-2079.343982859841,1689.29619760009,19560.624145086495],"rotation_error":155.29796713112893,"translation_error":18885.99055642429,"ADD":0,"ADD_S":0}}
{"id_image":39,"data":{"GT_R":[0.6732948976863746,-0.7390826022492173,0.02073444155170259,-0.3104318413820101,-0.30802850689110145,-0.8993051638178354,0.6710485285619008,0.5990608609678799,-0.43682948200406746],"GT_T":[-57.98420668794555,111.87171166122887,849.7551944841551],"R_pred":[0.46943449502015633,0.2939207826958139,-0.8326114510290206,0.6100543710355182,-0.789673179234688,0.06519152075108126,-0.6383297887970052,-0.5385414036978591,-0.550007488346759],"T_pred":[-1024.208532097905,861.0602555634609,9602.171570630631],"rotation_error":135.80336075513196,"translation_error":8837.401503992296,"ADD":0,"ADD_S":0}}
{"id_image":40,"data":{"GT_R":[0.6745332229332495,-0.7379084530391218,0.022249375275838094,-0.30914731383769295,-0.3097077180148654,-0.8991711838791525,0.6703979786809435,0.5996426532268645,-0.4370308122298588],"GT_T":[-56.460996980498265,111.86896216460552,850.1848947054373],"R_pred":[0.7398133299914753,-0.499606500040491,-0.45063242435960504,0.015127971449937744,0.6819573110687129,-0.7312355095041134,0.6726420900053268,0.5341606228441229,0.5120791420825929],"T_pred":[-158.23748907942743,92.57856114638237,1495.266375921803],"rotation_error":64.95256314419399,"translation_error":653.3457670511899,"ADD":0,"ADD_S":0}}
{"id_image":41,"data":{"GT_R":[0.6749697880632223,-0.737508431911725,0.022282904110864327,-0.3089868489126389,-0.3099516319407777,-0.8991421270085279,0.670032090877697,0.6000080479861962,-0.4370890691125188],"GT_T":[-54.9091186048979,111.28006247029707,850.8034675445838],"R_pred":[0.7154781920075654,-0.3741747132286559,-0.5899866445453141,-0.13498929229286138,0.7545305230271672,-0.6422317189197544,0.685469800740965,0.5391446687120285,0.48934055469737947],"T_pred":[-166.4003348886848,95.30403560694558,1559.9261654166341],"rotation_error":69.51486864725132,"translation_error":718.0115078326475,"ADD":0,"ADD_S":0}}
{"id_image":42,"data":{"GT_R":[0.6753455219730924,-0.7371580415676074,0.02249498146134547,-0.30885600415518727,-0.31039237918914503,-0.8990352667899326,0.6697136356037235,0.6002123994265556,-0.4372973400364503],"GT_T":[-53.797271247480495,109.64565480075785,851.0638045640488],"R_pred":[0.7324137968440224,-0.6751462297327384,-0.08802044461482317,-0.3740368112972159,-0.5070052608586386,0.7765578724449804,-0.5689169482333372,-0.5358388133938528,-0.6238671910539407],"T_pred":[-1511.708656920509,1309.2929787064222,15246.779105009147],"rotation_error":115.61774517056676,"translation_error":14518.99715275467,"ADD":0,"ADD_S":0}}
{"id_image":43,"data":{"GT_R":[0.6752451304634676,-0.7370912714563059,0.027210338767869612,-0.3070710347777858,-0.3144646489617234,-0.8982307793354822,0.6706358132458621,0.5981703116099337,-0.43868028132989034],"GT_T":[-55.684506711740234,107.79707375385114,851.2397616471874],"R_pred":[0.4037007066328593,-0.500459590103568,-0.7658759286839473,0.17935207797530112,-0.7775886175031519,0.6026514532094637,-0.897139103812821,-0.3806522567947096,-0.2241546069279482],"T_pred":[-3751.2105969176987,2996.832272618486,36476.023822596275],"rotation_error":136.98055799428454,"translation_error":35932.27903783621,"ADD":0,"ADD_S":0}}
{"id_image":44,"data":{"GT_R":[0.6731286193403588,-0.7388809492412851,0.030855557083549607,-0.3065920864068598,-0.3167907837144205,-0.8975771060418523,0.6729782537704353,0.5947240403974987,-0.43977680282348475],"GT_T":[-58.41577518923927,106.86240628558035,851.5176829557516],"R_pred":[0.48161114652285897,-0.8732179740533973,-0.07443838616612897,0.49638731731331365,0.34180013188433744,-0.7979801382580529,0.7222536498733869,0.3473658584747932,0.5980690809686128],"T_pred":[-2253.383894509998,1718.84853840892,21910.60753661445],"rotation_error":64.77001261557882,"translation_error":21234.444890306484,"ADD":0,"ADD_S":0}}
{"id_image":45,"data":{"GT_R":[0.6725068854472164,-0.7393821400055637,0.03238223647642255,-0.30659036004677215,-0.3181490848588776,-0.8970963890177296,0.6736006688756273,0.593374883226913,-0.44064525351468803],"GT_T":[-59.45200275236394,105.01524589560462,851.7942782883878],"R_pred":[0.5365078976317734,-0.7341428463509486,-0.4161653000076557,-0.12072567542543566,0.4213060154644407,-0.8988473466760353,0.8352152938445314,0.5324805371891107,0.13740411363197638],"T_pred":[-5757.608421845361,4268.4575923116845,54923.699336582344],"rotation_error":44.867322614791284,"translation_error":54530.488310499626,"ADD":0,"ADD_S":0}}
{"id_image":46,"data":{"GT_R":[0.6718760454633098,-0.7399568183345694,0.0323367166662357,-0.30792431407774673,-0.3187670966836585,-0.8964200004662692,0.6736210568445228,0.5923252696277678,-0.4420233504849837],"GT_T":[-59.48741630705631,103.9481823240541,852.128743606286],"R_pred":[0.8002730743718544,-0.1403883010017481,-0.582970094753807,0.25642360784607676,-0.7987072122583959,0.5443470606383607,-0.542042378209141,-0.5851135907054836,-0.6031850016347506],"T_pred":[-254.89621179563852,208.76528473976268,2250.256267947792],"rotation_error":124.56541985405572,"translation_error":1415.6029798762193,"ADD":0,"ADD_S":0}}
{"id_image":47,"data":{"GT_R":[0.6713548374284901,-0.74031587463213,0.03486100171646055,-0.30744710009783494,-0.3209898891086536,-0.8957902866537905,0.674358546301682,0.5906751289983169,-0.44310653824638513],"GT_T":[-59.78137701109566,103.30790933391481,852.4561623748609],"R_pred":[0.05818317355847291,-0.4449951303935798,-0.8936408966921031,0.5862790736715933,-0.7092987787594977,0.3913720611196767,-0.8080170580436058,-0.5466942256657613,0.2196220788861416],"T_pred":[-7434.481090887733,5425.493071310432,70767.83768855572],"rotation_error":164.89963340877193,"translation_error":70504.41422151982,"ADD":0,"ADD_S":0}}
{"id_image":48,"data":{"GT_R":[0.6697849170366075,-0.7416936794540073,0.03574063949700527,-0.30777652702707703,-0.32109541647592604,-0.8956398634251594,0.6757677568265483,0.5888859943319078,-0.44334055766666103],"GT_T":[-59.859860874724724,103.60734426877237,852.5910821110893],"R_pred":[0.5403023058681398,-0.8414709848078965,0.0,0.8414709848078965,0.5403023058681398,0.0,0.0,0.0,1.0],"T_pred":[0.0,0.0,0.0],"rotation_error":116.41739273853409,"translation_error":860.9467103286519,"ADD":0,"ADD_S":0}}
{"id_image":49,"data":{"GT_R":[0.6708021559477305,-0.7408577482633092,0.03395904375464018,-0.3082271270217905,-0.32014305504493706,-0.8958254756821509,0.674552205697776,0.5904552089607147,-0.44310514585285166],"GT_T":[-59.70597570005299,103.83056509883427,853.1049894301165],"R_pred":[0.3024499102049566,-0.5268719462602802,-0.7943110247635483,0.3690285376575307,-0.7036233138161443,0.6072332094415885,-0.8788298983371916,-0.4767810655828228,-0.018380024220598146],"T_pred":[-7361.672157235829,5412.687666346036,70503.71263190634],"rotation_error":150.02015786021101,"translation_error":70233.25294192148,"ADD":0,"ADD_S":0}}
{"id_image":50,"data":{"GT_R":[0.6705590254819082,-0.7410540146936166,0.03448194089121685,-0.3081546355895211,-0.32051841416654303,-0.8957166253320286,0.6748280273015366,0.5900046025478549,-0.4432860262972014],"GT_T":[-58.37197962287571,104.44386712992979,853.1051163787084],"R_pred":[0.46920479392433234,-0.49568310159065215,-0.7308523271878502,-0.2341996258993641,-0.8678199132188845,0.43822269846433737,-0.8514677895182079,-0.034450849310850046,-0.5232740605024657],"T_pred":[-9963.039433895552,7478.456434253169,96119.02275692779],"rotation_error":111.97504798311722,"translation_error":96062.86255684713,"ADD":0,"ADD_S":0}}
{"id_image":51,"data":{"GT_R":[0.6708210566090167,-0.7408391442158397,0.034002258741793516,-0.3087407784442229,-0.3206596011853759,-0.8954647270785534,0.6742991663575745,0.5901974445990715,-0.44383247766842016],"GT_T":[-57.396050449490495,104.43682801283036,853.159692089579],"R_pred":[0.5078837898174544,-0.5763774771143204,-0.6401898623970788,-0.18487881547237406,0.652924394374271,-0.7345131440760765,0.841352411080037,0.49140486272148587,0.22504973064522],"T_pred":[-4108.418353800078,3075.9912742028573,39798.03070456077],"rotation_error":59.70705066329989,"translation_error":39267.59345448782,"ADD":0,"ADD_S":0}}
{"id_image":52,"data":{"GT_R":[0.6698461349935936,-0.7416300720974542,0.035931154636910094,-0.3076519695953226,-0.3212653879676133,-0.8956213926139466,0.6757636462789336,0.5888745930300829,-0.4433628099104378],"GT_T":[-57.59571851870064,104.33136880542091,852.8042491062159],"R_pred":[0.6498997647338468,-0.3537965434032353,-0.672650207518598,-0.26353960022973855,0.7252265746718858,-0.6360764847881369,0.7128654676091695,0.5906559246004445,0.37808518064684027],"T_pred":[-1275.5513254725734,894.5856977459404,12061.379675099166],"rotation_error":67.87540778739469,"translation_error":11302.215749360506,"ADD":0,"ADD_S":0}}
{"id_image":54,"data":{"GT_R":[0.669133321175202,-0.7421633388913772,0.03812785693115924,-0.3079167872443354,-0.3235811396841165,-0.8946965260337748,0.6763487216916964,0.5869309271011361,-0.44504375218667075],"GT_T":[-58.54999892278566,103.24979559175043,852.2711391043695],"R_pred":[0.45350874726136203,-0.6548456482625205,-0.604571743558256,0.28851582403721804,-0.5339452233768993,0.7947711102657912,-0.8432605975838996,-0.5348641653584886,-0.053215497534198186],"T_pred":[-3093.308343888851,2248.2562253046667,29286.36540436772],"rotation_error":149.39061748365617,"translation_error":28675.922434713986,"ADD":0,"ADD_S":0}}
{"id_image":55,"data":{"GT_R":[0.6683212697095947,-0.7428321048616964,0.039314099734708154,-0.3078368685138525,-0.3242978784344971,-0.894464897946982,0.6771873927078083,0.585688035292315,-0.44540629308067925],"GT_T":[-58.93641164120629,102.35691842714903,851.9158288910246],"R_pred":[0.6371241950230737,-0.5031554906606529,-0.5838726850386461,-0.11280575829674586,0.6884982345440138,-0.7164112240360785,0.7624615537922529,0.5223071254040228,0.381900046793516],"T_pred":[-1764.7272159701417,1224.8684195311553,16711.70834726468],"rotation_error":63.864246921477026,"translation_error":15990.708960646647,"ADD":0,"ADD_S":0}}
{"id_image":56,"data":{"GT_R":[0.6696456033385848,-0.7414884572564583,0.042060462223237526,-0.306317180143706,-0.3273422366575616,-0.8938772641018299,0.6765683018643376,0.5856969825465933,-0.4463343948083228],"GT_T":[-59.55408582446141,101.89091262712226,851.9389574901081],"R_pred":[0.8496722924484753,-0.36219415751984935,-0.3832393347555021,0.031676448036789595,-0.6904091349051046,0.7227252791201908,-0.5263588111593894,-0.626219305593553,-0.5751484879722824],"T_pred":[-205.45920608379473,179.80809375910675,1880.3396484826249],"rotation_error":122.49634728868847,"translation_error":1041.6176709653744,"ADD":0,"ADD_S":0}}
{"id_image":57,"data":{"GT_R":[0.6674688832626929,-0.7434542731875506,0.04196529566343269,-0.3075162945860941,-0.3265356482190049,-0.8937605904787423,0.6781727925130565,0.5836521721024758,-0.4465772643685232],"GT_T":[-58.959746789306195,101.95159998428562,851.3772889673064],"R_pred":[0.6809987465305132,-0.5034783516352741,-0.5317426601830035,-0.06928193847639574,0.6785865449952464,-0.7312457274763164,0.7289998081102784,0.5348175860852387,0.42723463037204235],"T_pred":[-1258.6600016581529,843.2279531096317,11844.685122714922],"rotation_error":64.03745126725968,"translation_error":11083.392461731735,"ADD":0,"ADD_S":0}}
{"id_image":58,"data":{"GT_R":[0.6686903933164,-0.7422808703226755,0.04325624051894826,-0.30649965550885805,-0.3281815097294942,-0.8935064178814496,0.6774295191452598,0.5842213280593901,-0.4469608474578282],"GT_T":[-58.40175740836616,101.33312975155332,851.3403570535942],"R_pred":[0.7762113534868619,-0.10781194612616077,-0.621186380235903,0.30906230727907624,-0.7937008860148895,0.5239459836266646,-0.5495238165333947,-0.5986781170309042,-0.58275903017534],"T_pred":[-184.96407899426856,149.80536553165777,1573.489078226974],"rotation_error":126.57505939687032,"translation_error":734.7559828807679,"ADD":0,"ADD_S":0}}
{"id_image":59,"data":{"GT_R":[0.6690445251616638,-0.7419012607086485,0.0442931761788387,-0.3067963231216634,-0.3299671229968011,-0.8927469731422643,0.6769454164423724,0.5836987363496172,-0.44837562810179976],"GT_T":[-58.554149329416106,100.48243996965101,851.3245465402432],"R_pred":[0.7227551502076263,-0.4581422534772476,-0.5174269691725984,-0.048946154309986806,0.7128829232258516,-0.6995728780843549,0.6893687451767846,0.53094596085831,0.4928155028219296],"T_pred":[-138.3502140349819,51.35059691723035,1237.5134287499823],"rotation_error":67.65162422058984,"translation_error":397.39552424081256,"ADD":0,"ADD_S":0}}
{"id_image":60,"data":{"GT_R":[0.668805328442228,-0.7420791236476089,0.044911716490900554,-0.30693747508491515,-0.3306420192160826,-0.8924492735697477,0.6771181519809205,0.5830889470363673,-0.4489071268180312],"GT_T":[-58.87378435106042,99.5065526965985,850.9396123995133],"R_pred":[0.3740065998161441,-0.6092116823984399,-0.6992711843936005,-0.39186967990517285,0.5795696401632718,-0.7145188494168877,0.8405695790742037,0.541257940570185,-0.02196871650183707],"T_pred":[-5217.356366699928,3526.9288001429495,49474.663494237924],"rotation_error":55.536403600679165,"translation_error":49016.56546466664,"ADD":0,"ADD_S":0}}
{"id_image":61,"data":{"GT_R":[0.6685507071818965,-0.7422116868515474,0.046486543918431836,-0.3067145246586805,-0.33214061477493695,-0.8919684802537762,0.6774699470601778,0.5820684825502394,-0.44970044378387763],"GT_T":[-58.793234519598286,98.33956204605227,850.7703842759629],"R_pred":[0.7413441738974264,-0.5012716767087039,0.44624603298851445,-0.16749303002198626,-0.7820739563114238,-0.6002552888175589,0.6498883755864507,0.370252661015477,-0.6637454830645272],"T_pred":[-137.4471232410001,155.9780495397551,1205.645973102392],"rotation_error":32.36880555334201,"translation_error":368.0289567363758,"ADD":0,"ADD_S":0}}
{"id_image":62,"data":{"GT_R":[0.6687150144793416,-0.7419358100487049,0.04848143318459281,-0.30700074169830094,-0.33491389395883003,-0.8908328241557588,0.6771781997154235,0.58082899986129,-0.4517371216782706],"GT_T":[-58.91909964056073,97.20812421181328,850.799456832245],"R_pred":[0.794170859200351,-0.575605774481714,-0.19486056240368935,-0.2952023414263171,-0.6456964612041557,0.7042241529547607,-0.5311762645425679,-0.5017510063485037,-0.6827134857426412],"T_pred":[-2397.7100652402014,1595.3598250256534,22740.148150586963],"rotation_error":110.93146739008867,"translation_error":22064.858665674776,"ADD":0,"ADD_S":0}}
{"id_image":63,"data":{"GT_R":[0.6687695275563716,-0.7419298401264331,0.04781123043443473,-0.30783165550937547,-0.33486586887929465,-0.8905636463166756,0.6767477768925818,0.5808641135706387,-0.4523373274916969],"GT_T":[-59.26887610649311,96.41762792675317,850.8103921332118],"R_pred":[-0.48045064395257164,-0.7089074238139349,-0.5163501168655327,-0.6089837410533033,-0.1540099561811552,0.7780872293835711,-0.6311148721574247,0.6882813362706915,-0.3577189123923261],"T_pred":[-18961.73999308156,12228.670073860485,181626.75957297164],"rotation_error":124.73054956460149,"translation_error":182165.96489457908,"ADD":0,"ADD_S":0}}
{"id_image":64,"data":{"GT_R":[0.6687225350797374,-0.7418886896495637,0.04910275169961511,-0.30749106230764645,-0.3360856729449883,-0.8902221582576483,0.6769490446270142,0.5802120979665318,-0.45287211606529204],"GT_T":[-59.01246437840065,95.90716106143597,850.7172386766707],"R_pred":[0.36156293656946226,-0.7569566670920366,-0.5443242113338186,-0.5775707002812226,-0.6401530247613434,0.5065729869086599,-0.7319045901454136,0.13122769918663899,-0.6686515997814222],"T_pred":[-7023.71443137232,4548.337151456051,66580.20247652965],"rotation_error":101.48117439889957,"translation_error":66247.23719478078,"ADD":0,"ADD_S":0}}
{"id_image":65,"data":{"GT_R":[0.6676139322584969,-0.7428632171953672,0.04944133978719252,-0.30824260142582516,-0.33624585044738675,-0.8899008179748069,0.6777006976090441,0.5788707073388422,-0.4534648963668406],"GT_T":[-58.95283772829744,95.26496669938999,850.6437777564677],"R_pred":[0.41572465202719655,0.13600320948298616,-0.8992642218542853,-0.6066785516290343,0.7781016070323301,-0.16278520856331577,0.6775796253505292,0.6132381398315274,0.4059862499713561],"T_pred":[-219.86087754398176,98.30026671770625,1779.1535334852952],"rotation_error":94.80801107560481,"translation_error":942.3539551607633,"ADD":0,"ADD_S":0}}
{"id_image":66,"data":{"GT_R":[0.6672771091661704,-0.7431517288602691,0.04966609194746476,-0.3094169636505176,-0.337246919062677,-0.889114820742428,0.6774973250209148,0.5779183830666313,-0.4549804195568922],"GT_T":[-58.03275247229185,93.99290222133648,850.5915315357717],"R_pred":[0.5433974152846289,-0.7660401951334139,-0.3433681238873896,0.09038881887316996,0.46003996024905447,-0.8832853991755789,0.8345951776069029,0.4489383637137838,0.31922599377446154],"T_pred":[-3416.7427854013213,2085.373717071311,32353.214651015776],"rotation_error":53.2482408543416,"translation_error":31743.689042753787,"ADD":0,"ADD_S":0}}
