{"id_image":116,"data":{"Best_template_id":35,"GT_R":[0.9461393140049784,0.323136072231753,0.020101813790977197,0.13545634851526367,-0.3386930404519729,-0.9310959194193663,-0.2940619004940441,0.8836685508650917,-0.36422146884376433],"GT_T":[34.71430723172809,79.14349113828987,812.8728902532771],"R_pred":[-0.41359711650354847,0.7303349860478969,-0.5436434800256216,-0.8579535201616584,-0.11279402624984741,0.5011918443915141,0.30471820172442776,0.6737123390563416,0.6732447561927715],"T_pred":[-4.005720303733074,73.88617025533605,492.18849130218234],"rotation_error":136.4854595133829,"translation_error":323.05628563121644,"ADD":0,"ADD_S":0}}
{"id_image":498,"data":{"Best_template_id":32,"GT_R":[0.9942804557642689,-0.10588682294419997,-0.013997969169591683,-0.052054570192773666,-0.3659579747057269,-0.9291744942075165,0.09326525834968098,0.9245880463560838,-0.3693769096436836],"GT_T":[9.943413716464589,89.58241973390065,791.7935912971494],"R_pred":[-0.31570813748031973,0.7970496775721982,0.5148205351486694,-0.727205173122907,0.1452773672842111,-0.6708704217196131,-0.6095088252945895,-0.5861794077217515,0.5337534017231049],"T_pred":[-44.69357445995395,80.69766471016574,766.923994317533],"rotation_error":142.81792035007277,"translation_error":60.68472792021422,"ADD":0,"ADD_S":0}}
{"id_image":522,"data":{"Best_template_id":32,"GT_R":[0.9906494138503996,-0.13637713574357113,-0.0038561025361279625,-0.05592763574357872,-0.3801566418473965,-0.9232295678346512,0.12444253693986711,0.9148129337976475,-0.3842291402244999],"GT_T":[8.382887131091161,82.75965954252425,780.3804901544545],"R_pred":[0.5450294729087618,-0.724865451474375,0.4213228582923647,-0.293112217370627,-0.63554897957382,-0.7142567623696332,0.785511363182527,0.2657961094928343,-0.558859845121835],"T_pred":[21.07062125770167,94.27632656268591,445.81598470560334],"rotation_error":56.2816145968424,"translation_error":335.00301569203106,"ADD":0,"ADD_S":0}}
{"id_image":527,"data":{"Best_template_id":35,"GT_R":[0.9916800643179507,-0.12871244627897802,-0.0022837118050518957,-0.05155129437580765,-0.3808004780065195,-0.9232188483603034,0.1179608506635216,0.9156544661538996,-0.38426732694089133],"GT_T":[19.237379042034792,84.1123041498165,781.4103907083772],"R_pred":[0.6963262043009093,0.6447615371701618,-0.3152972841460234,-0.34134059217814516,0.6839365177569791,0.6447615371669828,0.6313607663890444,-0.34134059217214036,0.696326204303853],"T_pred":[0.0,0.0,1.0],"rotation_error":150.19754823171627,"translation_error":785.165800571701,"ADD":0,"ADD_S":0}}
{"id_image":551,"data":{"Best_template_id":35,"GT_R":[0.9923708805507627,-0.12324317463005144,-0.0033220614941362283,-0.048350831020088546,-0.3642599430884812,-0.9300420038567208,0.11341148091326626,0.9231062633435803,-0.36744026555201836],"GT_T":[34.6749217011166,98.63921331965992,795.0866569832738],"R_pred":[0.7756595008236911,-0.17511243092023335,-0.6063728022587662,-0.2340750005599124,0.8124116733140452,-0.5340376083909728,0.5861409667433417,0.5561680587738562,0.5891653906204106],"T_pred":[122.37471070648002,298.6084125954373,4213.138687447306],"rotation_error":79.37390326743284,"translation_error":3425.0195060188894,"ADD":0,"ADD_S":0}}
{"id_image":553,"data":{"Best_template_id":32,"GT_R":[0.9923987743237679,-0.12306331584954039,-0.0011631869569167486,-0.04641126066990502,-0.36547924678979277,-0.9296616444283082,0.1139824293413952,0.9226489309801079,-0.36841236126380045],"GT_T":[36.101140585180374,96.57405083945629,796.1805854175071],"R_pred":[0.9136696178444126,-0.3730305187012753,-0.16141890083104476,-0.3122012699899996,-0.3897800865134696,-0.8663728130396194,0.2602656267060185,0.8419737028405397,-0.47259082437169025],"T_pred":[21.48445488341496,127.17645207911472,954.5368319104597],"rotation_error":18.574670347084055,"translation_error":161.94707550886488,"ADD":0,"ADD_S":0}}
{"id_image":563,"data":{"Best_template_id":32,"GT_R":[0.9926146718943848,-0.12116826897534004,-0.005893277150651407,-0.050859910190337324,-0.3715580478229217,-0.9270157185895515,0.11013545837453485,0.9204679905857567,-0.37497684252755487],"GT_T":[50.56832003295416,87.05321897581828,802.4993185781725],"R_pred":[0.6642624693743556,-0.7428058585100485,0.08363509038575256,-0.21305430132443837,-0.2953866096933395,-0.9313187507513366,0.7164937099987959,0.6008212774003802,-0.35447222197957473],"T_pred":[83.36997340847503,115.103566890592,1144.6595268381118],"rotation_error":41.51036850070191,"translation_error":344.87153927048354,"ADD":0,"ADD_S":0}}
{"id_image":567,"data":{"Best_template_id":32,"GT_R":[0.9929193209691846,-0.11879201553422634,-0.0005608364489962155,-0.045055513099542824,-0.3722177447871346,-0.9270515094682321,0.10991797929226907,0.9205113181451068,-0.3749351157749006],"GT_T":[55.321056527599,85.4612893607367,803.171224030712],"R_pred":[0.7287699934959003,-0.5488524727012506,0.4094572746816319,-0.18972497212304174,-0.7363922825215728,-0.6494080698571425,0.6579504020311087,0.3955848448214254,-0.6407916190265847],"T_pred":[39.2659679223947,107.64338475071472,592.9729731702823],"rotation_error":47.54675030332848,"translation_error":211.97432837679935,"ADD":0,"ADD_S":0}}
{"id_image":570,"data":{"Best_template_id":32,"GT_R":[0.9930411017842558,-0.11767955672020647,0.004628144718208267,-0.04004025365671412,-0.3743158332669113,-0.9264367969072459,0.11075585225234828,0.919803222506108,-0.3764235677279024],"GT_T":[59.14042842525153,83.8329239682259,803.3402618444985],"R_pred":[0.46271411024348486,-0.7321840649799868,-0.499802108009723,-0.27114621271275785,0.41988080620393986,-0.8661292281831028,0.844023331142634,0.5362896638673098,-0.004244162576982118],"T_pred":[44.78511958041571,-0.027292700846045292,70.32832729943706],"rotation_error":66.80242939949323,"translation_error":737.9329962925549,"ADD":0,"ADD_S":0}}
{"id_image":578,"data":{"Best_template_id":32,"GT_R":[0.9927984009603483,-0.11912545873566326,0.01269225549325444,-0.032448688368717706,-0.36937234285794657,-0.9287152417932523,0.11532214961808111,0.9216144446397414,-0.3705774398569576],"GT_T":[63.400653460708,89.53778540355144,804.2838878113421],"R_pred":[0.5403023058681398,-0.8414709848078965,0.0,0.8414709848078965,0.5403023058681398,0.0,0.0,0.0,1.0],"T_pred":[0.1361030412750888,0.1361030412750888,0.1361030412750888],"rotation_error":118.71162514309766,"translation_error":811.5717613985743,"ADD":0,"ADD_S":0}}
{"id_image":596,"data":{"Best_template_id":32,"GT_R":[0.990371248839256,-0.13711100327335365,0.0191392349778909,-0.031815541922385365,-0.3599618665697797,-0.9324241712577014,0.13473562270852416,0.9228370222930589,-0.3608576576686303],"GT_T":[62.520892834021296,95.18846449620499,816.317727993986],"R_pred":[0.6747976440835198,0.6203509720838785,0.39976594524036035,0.6822657774918717,-0.3178702112388109,-0.6583858577387621,-0.28135662139488293,0.7170238491442115,-0.6377423079549259],"T_pred":[-10.154504121555036,72.7604894875545,913.1318566094152],"rotation_error":54.850440566255514,"translation_error":123.11662310672803,"ADD":0,"ADD_S":0}}
{"id_image":598,"data":{"Best_template_id":35,"GT_R":[0.9905868757598244,-0.13533051180510425,0.020594591971647334,-0.029929713639393382,-0.36092421898705307,-0.9321148440163555,0.13357643653066,0.9227235406453754,-0.36157725538825003],"GT_T":[66.08961037773892,93.33027186598407,817.9664827295991],"R_pred":[0.7425528855431983,0.06822984625071866,-0.666303159419249,-0.25714995851156214,0.9476009356745545,-0.18954251646058407,0.6184570405525123,0.3120851723317085,0.7211891112611977],"T_pred":[2290.5245498566896,2120.038651425486,30724.432315820708],"rotation_error":99.64885772687188,"translation_error":30057.484197477293,"ADD":0,"ADD_S":0}}
{"id_image":601,"data":{"Best_template_id":35,"GT_R":[0.9903522845593933,-0.1365411549086619,0.02366491724049211,-0.02735488554844018,-0.36003289488369444,-0.9325391215156174,0.13585035899025527,0.9228935737199242,-0.36029485688251883],"GT_T":[67.89720019888311,93.37106747712063,820.5200535657349],"R_pred":[0.9486679386714439,0.05132668417085186,0.31208126125882507,0.051337438505191124,0.9486679386220346,-0.31207949249885886,-0.31207949234866283,0.3120812614090202,0.897335877323957],"T_pred":[0.0,0.0,1.0],"rotation_error":95.44328639709099,"translation_error":827.6118076931051,"ADD":0,"ADD_S":0}}
{"id_image":604,"data":{"Best_template_id":32,"GT_R":[0.9899156089867281,-0.1391720802602844,0.026438084293613728,-0.025613636743266145,-0.3593941434247643,-0.9328342210603822,0.13932714710747393,0.9227489988197848,-0.3593346277403735],"GT_T":[66.19250906335974,93.00538812415952,822.6747205168296],"R_pred":[0.5403023058681398,-0.8414709848078965,0.0,0.8414709848078965,0.5403023058681398,0.0,0.0,0.0,1.0],"T_pred":[0.16766633191564073,0.16766633191564073,0.16766633191564073],"rotation_error":117.48737462694241,"translation_error":830.35894445067,"ADD":0,"ADD_S":0}}
{"id_image":628,"data":{"Best_template_id":35,"GT_R":[0.9834605756397227,-0.17964378534814968,0.023117495106185958,-0.04410940736527517,-0.3613319410233396,-0.9313931990665872,0.17567265308464336,0.9149685151050804,-0.3632796660372142],"GT_T":[45.643439139559874,85.01681694245343,827.7197131647025],"R_pred":[0.5403023058681398,-0.8414709848078965,0.0,0.8414709848078965,0.5403023058681398,0.0,0.0,0.0,1.0],"T_pred":[0.17400279091265317,0.17400279091265317,0.17400279091265317],"rotation_error":117.16451144092902,"translation_error":833.1252459943084,"ADD":0,"ADD_S":0}}
{"id_image":631,"data":{"Best_template_id":35,"GT_R":[0.9837777445004932,-0.1782777479037771,0.019984181827667306,-0.04687262302020529,-0.3629722938976076,-0.930620187326316,0.1731631924549691,0.9145854707131813,-0.3654404550079771],"GT_T":[50.00262615737874,84.15444582020994,826.9737857957142],"R_pred":[-0.3649776104782064,-0.12362076538346009,-0.9227725885697009,0.5339669126329585,-0.8397246281325076,-0.0987009884497029,-0.7626733770513072,-0.528753681097096,0.3724900866646329],"T_pred":[34.06936010409753,37.90037575414575,80.10340349566945],"rotation_error":150.20500555201383,"translation_error":748.4708918333538,"ADD":0,"ADD_S":0}}
{"id_image":634,"data":{"Best_template_id":32,"GT_R":[0.9835228745476919,-0.17964662790374464,0.0202715881856522,-0.047421191121387665,-0.3645586797071177,-0.9299724673500848,0.17445696034396885,0.9136869594825533,-0.3670709308181911],"GT_T":[52.21334252712913,82.99733768047079,827.0022693184716],"R_pred":[0.9705556306103956,0.06331916495475302,0.23240579003090941,0.13071072851074533,-0.9488665155221043,-0.28734481233029124,0.20232763860295658,0.3092620556589069,-0.9292042335175721],"T_pred":[49.37454666804375,184.22451523484148,1757.94707796675],"rotation_error":52.63461084981687,"translation_error":936.4364564596646,"ADD":0,"ADD_S":0}}
{"id_image":644,"data":{"Best_template_id":32,"GT_R":[0.9823931772053641,-0.18633998389423131,0.013481134466161768,-0.055826335636000396,-0.3616472303399866,-0.9306418317918249,0.17829162128122336,0.9135036899731293,-0.3656830642325828],"GT_T":[56.38242507200624,85.48057914867627,825.9658215467806],"R_pred":[0.5403023058681398,-0.8414709848078965,0.0,0.8414709848078965,0.5403023058681398,0.0,0.0,0.0,1.0],"T_pred":[0.0,0.0,0.0],"rotation_error":117.40224522222563,"translation_error":832.2892800174959,"ADD":0,"ADD_S":0}}
{"id_image":653,"data":{"Best_template_id":32,"GT_R":[0.9809782590245011,-0.19351733644954736,0.015270152772923526,-0.0565134644409345,-0.35996160578257524,-0.9312540390782861,0.18571109404081546,0.9126758911990629,-0.36405087181644485],"GT_T":[56.625856173192616,87.93084830447626,824.2107284161985],"R_pred":[0.5403023058681398,-0.8414709848078965,0.0,0.8414709848078965,0.5403023058681398,0.0,0.0,0.0,1.0],"T_pred":[0.0,0.0,0.0],"rotation_error":117.1688737653946,"translation_error":830.8198640543283,"ADD":0,"ADD_S":0}}
{"id_image":753,"data":{"Best_template_id":35,"GT_R":[0.9627855488152799,-0.27023137034947087,-0.004450839944957241,-0.10811009101962636,-0.369976541661443,-0.9227298569631965,0.2477037961137974,0.8888708635486343,-0.3854232575555887],"GT_T":[58.18250296098137,95.79699687054547,777.1829075005743],"R_pred":[0.8391931314033882,-0.43631547587854724,0.32462854728790025,-0.033952761530087444,-0.6377963402820762,-0.7694563264456736,0.5427726026522126,0.6347004284161678,-0.5500484233033274],"T_pred":[33.683231309669026,112.63996413267697,704.7247713722393],"rotation_error":26.831225114099674,"translation_error":78.3203763322825,"ADD":0,"ADD_S":0}}
{"id_image":956,"data":{"Best_template_id":32,"GT_R":[0.8893744158032505,-0.4543416295148983,-0.05085862066133394,-0.22932947292264874,-0.3471200734858637,-0.9093485094814667,0.3955013009627501,0.8204145659015178,-0.41291443993665305],"GT_T":[40.175215618397615,77.66940898046253,767.1185900376919],"R_pred":[0.8702476082323269,-0.3604502789037064,-0.3357747709464704,0.03272475730641891,0.7224129262056236,-0.6906870885649045,0.4915263885338715,0.5900806389717158,0.6404737690847153],"T_pred":[83.47319444666428,143.90737264933716,3433.192597749463],"rotation_error":68.32519579303163,"translation_error":2667.2481694431654,"ADD":0,"ADD_S":0}}
{"id_image":1025,"data":{"Best_template_id":32,"GT_R":[0.8422604102885297,-0.5322593517325611,-0.085426315614894,-0.2900804272654915,-0.31393305109229613,-0.9040462557167388,0.45436961643155366,0.7862226404449374,-0.41881067607868433],"GT_T":[48.49408560456821,69.80957604249348,780.0726613498435],"R_pred":[0.6493684584229736,-0.7600390927074403,-0.025713474324212116,0.21272944472845695,0.21400831001054949,-0.9533869238624741,0.7301142297961966,0.6136293839141667,0.3006529405248304],"T_pred":[394.87110332710387,499.32591134177005,10990.233207926683],"rotation_error":46.569073333910914,"translation_error":10225.05939873063,"ADD":0,"ADD_S":0}}
{"id_image":1028,"data":{"Best_template_id":35,"GT_R":[0.8396405508297125,-0.536986137816747,-0.08154808954650747,-0.2873787554489132,-0.3118167412654556,-0.9056403709732914,0.4608888344945557,0.783846993414936,-0.4161324842187544],"GT_T":[44.54220827771181,72.8007428440861,780.5718628514651],"R_pred":[0.7113879633500629,-0.2509058100980917,-0.6564856739180751,0.22878291282656302,-0.8005460643992034,0.5538811944573852,-0.6645190323830026,-0.5442171195708261,-0.5120958722415081],"T_pred":[64.62454041554153,179.86532426995336,2685.2726788739274],"rotation_error":121.73273101550275,"translation_error":1907.8132306954535,"ADD":0,"ADD_S":0}}
{"id_image":1036,"data":{"Best_template_id":32,"GT_R":[0.8334191830942679,-0.5487542079274149,-0.06542698410072055,-0.2779380336355051,-0.31387347614916256,-0.9078732759508114,0.47766424810262104,0.7748239046437313,-0.4141080166303427],"GT_T":[35.45353390046292,73.17612529339074,777.3917190793458],"R_pred":[0.9834270070421419,-0.06817197490100253,-0.16799971326830063,-0.14465121925503455,-0.853654668253974,-0.500349609909141,-0.10930391844836154,0.5163586827064058,-0.8493682147370122],"T_pred":[-23.01152516740055,116.63659541206762,889.4599646328217],"rotation_error":48.31718967222112,"translation_error":133.66475697123508,"ADD":0,"ADD_S":0}}
{"id_image":1037,"data":{"Best_template_id":32,"GT_R":[0.8327376856394998,-0.5499127424664398,-0.06437892906760309,-0.27803491701170135,-0.3147843515496357,-0.9075289461750237,0.47879629933043366,0.7736323519475515,-0.4150271887996688],"GT_T":[35.25359182861079,72.42596148010526,776.8982152626094],"R_pred":[0.9299376875017195,-0.360316986013064,0.07340004737339847,-0.17133328673084564,-0.6011916925686933,-0.7805212704625004,0.3253625704071713,0.7132602739371172,-0.6208051058111453],"T_pred":[-0.6511197327161949,102.5531266833532,881.0061085351226],"rotation_error":20.092848549057553,"translation_error":114.17200986724764,"ADD":0,"ADD_S":0}}
{"id_image":1044,"data":{"Best_template_id":35,"GT_R":[0.8315764091305836,-0.5522558553951988,-0.05910378567203822,-0.2726262289035338,-0.3131535123023918,-0.9097306010562677,0.4838961801389235,0.7726237911482812,-0.41097060600005153],"GT_T":[37.964929917575546,73.45930876946262,774.5541885569768],"R_pred":[0.9196934638268645,-0.38529130190176614,-0.07559461140178036,-0.29648546348034327,-0.5552577940427189,-0.7770361330721111,0.25741076616759856,0.7370477561417955,-0.6249002341393018],"T_pred":[19.03323341589361,132.91147376956414,1373.7319873671759],"rotation_error":18.694399003525785,"translation_error":602.4176322474854,"ADD":0,"ADD_S":0}}
{"id_image":1046,"data":{"Best_template_id":32,"GT_R":[0.832516251697408,-0.5512611111880715,-0.055025370807801635,-0.2675318752845864,-0.3130658822559652,-0.9112716418145443,0.4851226223245166,0.7733691161248082,-0.40811276648764067],"GT_T":[40.555528981047004,76.12408812270864,774.9438280962836],"R_pred":[0.04721691358949162,0.8303361456854578,-0.5552589019901442,-0.8665424638174551,-0.2424556082914746,-0.4362561591647563,-0.4968648925736821,0.5017540863572802,0.7080735239729798],"T_pred":[-20.016135581277368,144.16966229478754,1513.8980788409006],"rotation_error":114.34822975911086,"translation_error":744.5485285767455,"ADD":0,"ADD_S":0}}
{"id_image":1047,"data":{"Best_template_id":32,"GT_R":[0.8323425441525981,-0.5515760043903081,-0.054493587039891475,-0.26661059412738897,-0.31223669563410533,-0.9118266620543104,0.48592726595793323,0.7734802067168671,-0.4069438430222852],"GT_T":[41.82880579698079,77.65980129115589,775.2704779907954],"R_pred":[0.8195701595268816,-0.4991977552341048,-0.2812585194839668,0.09937027252064065,0.607265829386031,-0.7882599580083144,0.5642962896849986,0.6180856038036534,0.5473023696444386],"T_pred":[29.238666494064663,17.88304950524857,1006.6208011713555],"rotation_error":59.83278612799738,"translation_error":239.27963494098373,"ADD":0,"ADD_S":0}}
{"id_image":1048,"data":{"Best_template_id":32,"GT_R":[0.8328285895041011,-0.5510095637693917,-0.052769588461802144,-0.2641549872081355,-0.31185368173579636,-0.9126719794194481,0.4864353210448686,0.7740383487680709,-0.40527271297379525],"GT_T":[43.075442126798436,78.93351188893445,775.4281819723221],"R_pred":[0.8069427728302402,-0.37814649741252293,-0.453705397666464,-0.050821350878136384,0.7208686094050112,-0.6912059304356458,0.588439080680375,0.580821551312558,0.562481798691219],"T_pred":[22.407280655508917,18.807072442426133,991.1205314174667],"rotation_error":65.42809342341063,"translation_error":224.8678528120111,"ADD":0,"ADD_S":0}}
{"id_image":1049,"data":{"Best_template_id":32,"GT_R":[0.8329112191214252,-0.5510318708140097,-0.05120727366138452,-0.2623934382581092,-0.3117552675532243,-0.9132140248255135,0.4872462903378905,0.7740620949464502,-0.40425200808070444],"GT_T":[43.84120678549358,80.14742559815383,775.8147539157111],"R_pred":[0.7830691874023972,-0.29652824866156585,-0.5466933742845744,-0.1324453271990092,0.779348852708085,-0.6124325277822358,0.6076683989184369,0.5519840247038823,0.5710102918753804],"T_pred":[20.395212216574247,25.73142912824015,1062.0102601082217],"rotation_error":69.9033681152396,"translation_error":292.2647482983995,"ADD":0,"ADD_S":0}}
{"id_image":1054,"data":{"Best_template_id":32,"GT_R":[0.8343866757897843,-0.5489158561778168,-0.04990292800984443,-0.2599680263104605,-0.31209250167960206,-0.9137914449658575,0.48602093293222526,0.775428562228426,-0.40310650666596737],"GT_T":[50.66446802101239,79.40164247151075,777.0254693337072],"R_pred":[0.7983945712311311,-0.4246900999273464,-0.42685410581644745,-0.04092271169139791,0.6689916198458763,-0.742142536339087,0.6007424076061896,0.6099905995994455,0.5167398069665505],"T_pred":[141.20055225843623,188.43539390523864,3779.131608649527],"rotation_error":61.40333969397242,"translation_error":3005.4494527804814,"ADD":0,"ADD_S":0}}
{"id_image":1062,"data":{"Best_template_id":32,"GT_R":[0.8390348580406487,-0.5422381025279668,-0.04470382564934735,-0.25321696559105,-0.3164469912089663,-0.9141897589380024,0.4815621773638885,0.7783563852635569,-0.4028144094326234],"GT_T":[61.882927392426296,79.18019777835855,783.1943916910667],"R_pred":[0.8211830918987413,-0.2980364755709819,-0.4866544860667072,-0.12599161832281472,0.7370547645868676,-0.6639852303419069,0.5565828255453285,0.6065678306908673,0.5677068126057268],"T_pred":[56.36430200465325,38.15411560472245,1287.9981762934706],"rotation_error":66.7492758799935,"translation_error":506.4982286184214,"ADD":0,"ADD_S":0}}
{"id_image":1064,"data":{"Best_template_id":32,"GT_R":[0.8402814007870747,-0.540304675494649,-0.044700765913371784,-0.25181276356310206,-0.31593884822095125,-0.9147532780879697,0.4801237911510709,0.7799054982224589,-0.40153343554835275],"GT_T":[64.50543215240064,79.27476638896145,785.1084510276371],"R_pred":[0.9917020555859078,-0.10949842729985489,-0.0673582019173755,-0.1258605302040027,-0.7201986593518959,-0.6822558303191694,0.02619465371885758,0.6850722483699002,-0.7280040210259549],"T_pred":[18.616118339773134,122.46379495391571,987.3278028670178],"rotation_error":36.00183718642112,"translation_error":211.8107352541827,"ADD":0,"ADD_S":0}}
{"id_image":1070,"data":{"Best_template_id":32,"GT_R":[0.8393259231612755,-0.5419003249343659,-0.04331213013734947,-0.2498479956150943,-0.3137628184977567,-0.9160401912563708,0.4828125358382081,0.7796772246418778,-0.3987419907279143],"GT_T":[65.67299773315177,82.45933718215342,792.7530119411881],"R_pred":[0.7970605177452501,-0.2356902128286446,-0.5560077828847921,-0.19395581029281156,0.7720087913306909,-0.6052962661059332,0.5719053022182369,0.5902986953101913,0.5696242407146602],"T_pred":[31.580517389690414,14.130273330784815,799.2060035888393],"rotation_error":69.79573985253504,"translation_error":76.63419135071734,"ADD":0,"ADD_S":0}}
{"id_image":1071,"data":{"Best_template_id":32,"GT_R":[0.8389238885966664,-0.5425224615530589,-0.04332231058084263,-0.24874462082410434,-0.3114047929946714,-0.9171446945110143,0.4840804628320549,0.7801898919880528,-0.3961939843879298],"GT_T":[65.77763691518045,84.03647284058017,794.069321111382],"R_pred":[0.7717475148045326,-0.6115307703592383,-0.17445884986685214,-0.269483435009071,-0.5629780434401828,0.7813030147516236,-0.5760073364539207,-0.5559548898140032,-0.5992743185246299],"T_pred":[92.5926245117029,141.97465435902694,1558.4126621972625],"rotation_error":118.770738192232,"translation_error":767.0049670633123,"ADD":0,"ADD_S":0}}
{"id_image":1078,"data":{"Best_template_id":32,"GT_R":[0.8352727332356767,-0.548102200060714,-0.04362037779199986,-0.24869281865601314,-0.30585031807630864,-0.9190259864132175,0.4903793567045902,0.7784848314292817,-0.3917773976332499],"GT_T":[64.69782042201132,88.08829570077053,802.6443962483668],"R_pred":[0.816627249529082,-0.2835248005915191,-0.5027261906605872,-0.13807122247679068,0.7497696069395017,-0.6471335828355298,0.5604072383993005,0.5978789375444866,0.573135676075347],"T_pred":[32.45161046181722,17.14673799500232,788.469067354316],"rotation_error":67.20410743339899,"translation_error":79.20519311113554,"ADD":0,"ADD_S":0}}
{"id_image":1087,"data":{"Best_template_id":35,"GT_R":[0.834243291215996,-0.5498261490304073,-0.04158833791502172,-0.24862443177454457,-0.3077667689722436,-0.9184039706901207,0.4921635903848035,0.7765112775206822,-0.39345303771573464],"GT_T":[69.17816656842287,84.14121751558024,809.9273159112761],"R_pred":[0.7210758951926483,-0.4693804443989414,-0.5096386482479269,-0.6670933444124746,-0.27161775423630713,-0.6936932069900966,0.18717912066440895,0.8401820005210049,-0.508977585742065],"T_pred":[166.68266242468394,250.56882298059713,3015.370033255889],"rotation_error":31.120804838193955,"translation_error":2213.8615254937226,"ADD":0,"ADD_S":0}}
{"id_image":1097,"data":{"Best_template_id":32,"GT_R":[0.8263958577965317,-0.5618963523892158,-0.036633872762845444,-0.25395330104155645,-0.3138482751354345,-0.9148813968106652,0.5025713741472357,0.7653576199064343,-0.4020578958110867],"GT_T":[62.72364481467737,74.25038492622458,813.7185227435328],"R_pred":[0.826696611946037,-0.3753218881051285,-0.41917322446232763,-0.05523731060987702,0.6872631467394485,-0.7243053269515413,0.5599299521489554,0.6219347614042751,0.5474263432129257],"T_pred":[32.17904045488378,0.0961631964860686,733.0026422245246],"rotation_error":63.008340032385895,"translation_error":113.78433470297375,"ADD":0,"ADD_S":0}}
{"id_image":1108,"data":{"Best_template_id":32,"GT_R":[0.8289655875613828,-0.5584490663141479,-0.030828213472359627,-0.24907975298083784,-0.31925998202220807,-0.9143475764066153,0.5007751041044137,0.7656418469650098,-0.40375421764607156],"GT_T":[71.94562360317329,70.75551365132776,816.2364219813729],"R_pred":[0.5403023058681398,-0.8414709848078965,0.0,0.8414709848078965,0.5403023058681398,0.0,0.0,0.0,1.0],"T_pred":[0.0,0.0,0.0],"rotation_error":115.72275427681419,"translation_error":822.4502489735574,"ADD":0,"ADD_S":0}}
{"id_image":1116,"data":{"Best_template_id":32,"GT_R":[0.8269217012993569,-0.5618923937413465,-0.021826886853723193,-0.2409906858018877,-0.31905362182768265,-0.9165859439505196,0.5080593971417596,0.7632040189607571,-0.3992430580240794],"GT_T":[71.65354524661058,73.59756701023626,819.7637139069848],"R_pred":[0.8714841114925969,-0.269257660885221,-0.40989724989389514,-0.1335954689035851,0.6738540803014282,-0.7266862659700867,0.47187677851785653,0.6880559501346789,0.5512815209853076],"T_pred":[110.01529571669646,65.95348910287326,1924.7392711141401],"rotation_error":62.969386517316664,"translation_error":1105.6676887073468,"ADD":0,"ADD_S":0}}
{"id_image":1124,"data":{"Best_template_id":35,"GT_R":[0.8277169278960399,-0.5608659746001878,-0.017693546951134276,-0.2376417513919399,-0.32179478777898934,-0.9165009472179833,0.5083412067861095,0.7628084586741805,-0.39964067625538335],"GT_T":[77.76803197209098,71.59287657270694,823.7999060099829],"R_pred":[0.6331142522477561,-0.21128770404570113,-0.7446635815721493,-0.3864755596250879,0.7472509265645053,-0.5406040090130331,0.6706735311708968,0.6300583773489443,0.3914376779503673],"T_pred":[51.95898808471038,13.234759008676502,854.6643197610185],"rotation_error":70.49813747428595,"translation_error":70.88292226053503,"ADD":0,"ADD_S":0}}
{"id_image":1135,"data":{"Best_template_id":35,"GT_R":[0.8065443009775183,-0.5911683972185717,0.0024404709711169275,-0.23720917284151344,-0.32740453551920135,-0.9146245086936294,0.5414965299757895,0.7371063424651592,-0.4042971047200169],"GT_T":[51.15237199126169,66.41893860545535,831.6306280271234],"R_pred":[0.7107733723885875,-0.14729455355717724,-0.6878266697328229,0.3578347497879093,-0.7661407548939122,0.5338376490421134,-0.6056034221729417,-0.6255658703789538,-0.4918453383630301],"T_pred":[65.9250724915715,138.31242238863413,2558.747386533599],"rotation_error":128.82274662098015,"translation_error":1728.6755633155894,"ADD":0,"ADD_S":0}}
{"id_image":1146,"data":{"Best_template_id":35,"GT_R":[0.8037255954965059,-0.5949973609677395,0.001857293257923109,-0.23430226976598365,-0.3193627172065102,-0.9182101597532426,0.5469262493256903,0.7375538065903263,-0.39608934306791765],"GT_T":[55.07178573243573,71.1143916472747,830.5905124407693],"R_pred":[-0.048677573874232216,0.7865684180320197,-0.6155815279524918,0.6156999048041435,-0.46165978862834933,-0.6385795696605054,-0.7864757599734954,-0.4100979923362631,-0.46181762163854156],"T_pred":[306.35795631094913,416.4188180350613,8850.864883929436],"rotation_error":137.24126827533127,"translation_error":8031.636251746275,"ADD":0,"ADD_S":0}}
{"id_image":1158,"data":{"Best_template_id":32,"GT_R":[0.8044985301207676,-0.5939549039208174,-0.0003739896448344284,-0.23715176405393945,-0.32063879775982607,-0.9170334773275227,0.5445567219366878,0.7378403280830876,-0.39881079281820025],"GT_T":[65.22973609526673,66.38864572728238,832.9211712725408],"R_pred":[0.5403023058681398,-0.8414709848078965,0.0,0.8414709848078965,0.5403023058681398,0.0,0.0,0.0,1.0],"T_pred":[0.0,0.0,0.0],"rotation_error":114.74436290836724,"translation_error":838.1050341732724,"ADD":0,"ADD_S":0}}
{"id_image":1171,"data":{"Best_template_id":32,"GT_R":[0.8015741167847712,-0.597879015901954,0.00452830098720009,-0.22735071662286307,-0.311794890189524,-0.9225483849877819,0.5529849652099519,0.7384607377623292,-0.385854087759317],"GT_T":[66.21134570450975,73.5318745755117,838.831627662566],"R_pred":[0.8385523688123636,-0.415347121912743,-0.35258572443871705,0.006610669023143889,0.6548679306772784,-0.7557144251802567,0.5447808952360943,0.6313752938540281,0.5518867768813631],"T_pred":[33.59428945424719,-2.035364535931616,702.4811451344927],"rotation_error":61.153087124825554,"translation_error":159.266236443878,"ADD":0,"ADD_S":0}}
{"id_image":1202,"data":{"Best_template_id":35,"GT_R":[0.790042340867222,-0.6130529226134086,-6.926262637543465e-05,-0.2344175547228294,-0.30198920283136743,-0.9240408783394921,0.5664656192491532,0.7300463360969494,-0.38229480581847614],"GT_T":[65.85544726821189,66.77604131774365,853.0781421737939],"R_pred":[0.7390735688135214,-0.18501962957209442,-0.6477175283673057,0.18494097224336395,-0.8688606901743702,0.45921447914389246,-0.6477399915605996,-0.4591827933870368,-0.6079342609117803],"T_pred":[107.92405145918781,159.13838280607402,2598.896731441875],"rotation_error":119.26389884336864,"translation_error":1748.7661696801483,"ADD":0,"ADD_S":0}}
