{"id_image":5,"data":{"GT_R":[0.9175009400386956,0.39741395015831166,-0.015972005666766334,0.1296247280876745,-0.33674390910152896,-0.9326309473136694,-0.37601844124648115,0.8536190602044968,-0.3604778686821561],"GT_T":[-2.4336920357415117,87.04140157791701,794.4402897752045],"R_pred":[0.1915686242075052,0.563613116737644,-0.8035183363561298,-0.6896351967011044,-0.5052246409111049,-0.51879799314114,-0.6983586168225266,0.6535199437335666,0.2919022532496163],"T_pred":[-10.855992839958514,63.6731241759587,784.2688159840822],"rotation_error":69.74496468121934,"translation_error":26.841580032760355,"ADD":0,"ADD_S":1}}
{"id_image":13,"data":{"GT_R":[0.9170063011573195,0.39842273161574265,-0.018990161937917586,0.12587291758623875,-0.334227905222301,-0.9340494831224464,-0.3784925900707223,0.8541374886162535,-0.3566400550628305],"GT_T":[1.134287340303242,90.1590714494364,794.9942671684524],"R_pred":[0.6553179661406098,0.751911091716699,-0.0720282819921172,0.7051648518341472,-0.5748097149144535,0.4151341028844652,0.27074138027102396,-0.32283664877669405,-0.9069044068784616],"T_pred":[64.55105829229272,-26.02153257054235,16.315695421052105],"rotation_error":97.4633005780328,"translation_error":789.8480472135103,"ADD":0,"ADD_S":0}}
{"id_image":18,"data":{"GT_R":[0.9165660460742215,0.39964274882283785,-0.01391930427600982,0.1306143441792809,-0.33209476497798857,-0.9341587326858439,-0.3779525142371331,0.8543988688561202,-0.35658577703806094],"GT_T":[3.6574813701785,90.63530243536758,795.0337168685315],"R_pred":[0.5403023058681398,-0.8414709848078965,0.0,0.8414709848078965,0.5403023058681398,0.0,0.0,0.0,1.0],"T_pred":[-19.140306632097637,-72.4002903040215,14.147183162854772],"rotation_error":129.31527064519156,"translation_error":798.05020027599,"ADD":0,"ADD_S":0}}
{"id_image":24,"data":{"GT_R":[0.9180597028262396,0.3963095481267699,-0.010299871971384402,0.1315951894419118,-0.3291446578852079,-0.9350655684317846,-0.37396567077793397,0.8570892057907991,-0.3543265062859966],"GT_T":[2.633800714849448,92.81793823215632,796.3244532518966],"R_pred":[0.8171607794979552,0.5443906892886826,0.18943874436367633,-0.20956072199540612,-0.025577567922974984,0.9774610436308495,0.5369660736462383,-0.8384417483850255,0.09318192055331295],"T_pred":[30.17368148821926,30.92661816317767,260.57868799124026],"rotation_error":163.90361398947843,"translation_error":540.0115790680959,"ADD":0,"ADD_S":0}}
{"id_image":27,"data":{"GT_R":[0.9180908972617692,0.3962852319768302,-0.008272916112584523,0.1325106048472631,-0.32652994146160264,-0.9358526832275604,-0.37356566442489486,0.8581000451369183,-0.3522957394905656],"GT_T":[4.444588309479508,94.04677149768538,796.9324844921157],"R_pred":[-0.9163032997704997,0.03178611744988338,0.3992216246236618,-0.37903622294641637,-0.39068376193381693,-0.8388669381110183,0.12930508313368133,-0.9199760001753865,0.37003291012704354],"T_pred":[-27.523773544900816,-16.354716389945686,-4.859976175745054],"rotation_error":165.6561678138654,"translation_error":809.9886509521465,"ADD":0,"ADD_S":0}}
{"id_image":29,"data":{"GT_R":[0.9180857080952277,0.39633910037146364,-0.005851221893999482,0.13428665830259814,-0.3248840808638592,-0.936172189239186,-0.37294242824593615,0.8586998019133657,-0.35149536570116835],"GT_T":[6.727414728344947,95.14908839772275,797.334774665248],"R_pred":[0.5403023058681398,-0.8414709848078965,0.0,0.8414709848078965,0.5403023058681398,0.0,0.0,0.0,1.0],"T_pred":[-19.140306632097637,-74.06466479376911,10.818434183359543],"rotation_error":128.73713491118002,"translation_error":804.9288087294146,"ADD":0,"ADD_S":0}}
{"id_image":30,"data":{"GT_R":[0.9184099093905288,0.3956024048967603,-0.004673728691375377,0.13526370154749023,-0.3250788326672667,-0.9359637568646118,-0.37178885275063234,0.8589658576722184,-0.3520668175315935],"GT_T":[7.703573252274075,95.17725829466019,797.4663159243578],"R_pred":[0.5403023058681398,-0.8414709848078965,0.0,0.8414709848078965,0.5403023058681398,0.0,0.0,0.0,1.0],"T_pred":[0.0,0.0,0.0],"rotation_error":128.70259973293514,"translation_error":803.1628605527706,"ADD":0,"ADD_S":0}}
{"id_image":33,"data":{"GT_R":[0.9185563672273804,0.3952772378192878,-0.0034027482203807724,0.13681435729031327,-0.3259860303144526,-0.9354229756824104,-0.3708599431323717,0.858772106666574,-0.35351593492472844],"GT_T":[13.456374803780168,94.09384475482632,797.3192830043564],"R_pred":[0.7849842865278347,0.4138014406961703,0.46105101407779214,0.5005135087619649,0.014959525579601562,-0.8655994686581202,-0.36508341163516755,0.9102442420978049,-0.19537021849969785],"T_pred":[6.126600027387298,103.31624530607041,594.9170235197805],"rotation_error":29.395431761489302,"translation_error":202.74479750331898,"ADD":0,"ADD_S":0}}
{"id_image":34,"data":{"GT_R":[0.9185642177125699,0.3952384215899544,-0.0051736453384358845,0.13488655340760225,-0.32573578982378076,-0.9357891454084539,-0.3715450536387599,0.8588842575388771,-0.35252234708157953],"GT_T":[15.258177824222065,94.74980835240615,797.1872391215202],"R_pred":[-0.4892847531387063,0.7200724030298701,-0.492032686658909,0.8669889132032008,0.46273450652866877,-0.18495134725219933,0.09450214139758195,-0.5170807585498218,-0.8507037289261241],"T_pred":[45.351140004772496,63.495379592476574,49.39842570586263],"rotation_error":126.95353856799684,"translation_error":749.0464172262668,"ADD":0,"ADD_S":0}}
{"id_image":40,"data":{"GT_R":[0.9218989284170821,0.3874296541485198,0.0007829624138813887,0.13660954715624676,-0.323173084505475,-0.9364281313348093,-0.36254670105396947,0.8633982915594208,-0.350859769480516],"GT_T":[14.108658181077967,96.52756138417108,800.9677235941235],"R_pred":[0.732610436258208,0.6796296703630968,0.03722176577899061,0.3147570002162612,-0.289792075576463,-0.9038520806791043,-0.6034981188872243,0.6738872784785551,-0.4262228952136991],"T_pred":[21.471063879060438,101.99772034594594,700.9258346002239],"rotation_error":20.613861419154695,"translation_error":100.46147127230672,"ADD":0,"ADD_S":0}}
{"id_image":42,"data":{"GT_R":[0.9225063290088568,0.3859524730866825,0.004919247095963131,0.1389907955495756,-0.32027245478093375,-0.9370736570338813,-0.3600909006848462,0.8651391057309843,-0.3490972451343705],"GT_T":[13.539542114728775,98.24442960402872,802.366691171685],"R_pred":[-0.022428747642129654,0.4492355805827486,-0.8931317620696773,-0.9024732319109314,-0.39348207594368756,-0.1752538775470724,-0.4301616172596574,0.8020967828445187,0.41424839648093925],"T_pred":[3.688304550955479,51.465183032245804,657.054881115899],"rotation_error":89.50379002105907,"translation_error":152.97341904085954,"ADD":0,"ADD_S":0}}
{"id_image":45,"data":{"GT_R":[0.9242880296317368,0.38165286955186917,0.005766090568744949,0.13764503523247124,-0.3191826937769758,-0.9376443048139751,-0.3560144959178033,0.8674457838034739,-0.3475490298800289],"GT_T":[14.0629942573538,98.988791450836,803.9497921567263],"R_pred":[-0.33950541331202466,-0.19359343679476693,-0.9204659991340376,-0.8873743834570376,-0.2586093171982863,0.38169087576529587,-0.31193393197290004,0.9463840670088579,-0.08399059349534055],"T_pred":[-12.044399357383211,-36.44127115125142,88.41033238747164],"rotation_error":114.49735238471847,"translation_error":728.7109278339641,"ADD":0,"ADD_S":0}}
{"id_image":48,"data":{"GT_R":[0.9256857035174665,0.3782285184578773,0.007034403654286817,0.1376114521474383,-0.3193557209597207,-0.9375899697888018,-0.35237677713973053,0.8688813004908242,-0.3476718845805657],"GT_T":[16.12886430336289,97.6740508149181,804.5660033285997],"R_pred":[0.2649182404976568,0.35884170261288145,-0.8950145017358735,-0.814297482490745,-0.4138820522283383,-0.40696591608203986,-0.5164667809848571,0.8366207499872014,0.18255899000047116],"T_pred":[10.313750687422822,41.34065124894368,579.9083929316796],"rotation_error":71.88683040798902,"translation_error":231.68579879284863,"ADD":0,"ADD_S":0}}
{"id_image":50,"data":{"GT_R":[0.9262663055514604,0.3766990322174641,0.011353994719858818,0.14092861207034796,-0.31827326590641153,-0.9374655635968807,-0.34952914305592286,0.8699421184699078,-0.347893781646893],"GT_T":[16.33043560117644,97.42042493514828,804.7616676728957],"R_pred":[-0.8612814745866929,0.39219999021247215,-0.3230687066416502,0.013302781782034812,-0.6181797194052335,-0.7859242142299259,-0.5079539915490688,-0.6811996786503967,0.5272093894042154],"T_pred":[-20.866346623877583,59.650886746700166,545.7522174417086],"rotation_error":131.17695301668547,"translation_error":264.3785806980749,"ADD":0,"ADD_S":0}}
{"id_image":56,"data":{"GT_R":[0.9295255343367748,0.36853282714923047,0.012930371855130681,0.14127310577032115,-0.3234960112793524,-0.9356238883895641,-0.34062529377118306,0.871512229084591,-0.3527615472675367],"GT_T":[16.829838582458223,93.13912711922165,805.1319116657115],"R_pred":[0.020621288564184326,0.6397726115582496,-0.7682875555141376,-0.7314852803993745,-0.5141910163903979,-0.44781344689776553,-0.6815453374625936,0.5712255282840102,0.45738096683142837],"T_pred":[52.56994712754988,-40.932566807170915,48.14886180596823],"rotation_error":81.49965651703067,"translation_error":769.5946415133527,"ADD":0,"ADD_S":0}}
{"id_image":59,"data":{"GT_R":[0.9313870965771559,0.3638495941211718,0.011523424186673832,0.1374354084256598,-0.32214374464349926,-0.9366617929327641,-0.33709207451044587,0.8739769256927945,-0.3500468863275373],"GT_T":[16.76603487566223,93.17546947066259,805.2374374675268],"R_pred":[0.23734524516659883,0.9087963594461509,-0.3431565410337235,0.9661425107094624,-0.18404524259804467,0.18082034641334738,0.10117254369058448,-0.37445497157128155,-0.9217090596651024],"T_pred":[-88.54784167275267,443.6900149595383,2900.1695310047417],"rotation_error":103.54014531496226,"translation_error":2126.6621583423034,"ADD":0,"ADD_S":0}}
{"id_image":60,"data":{"GT_R":[0.9318186355365231,0.362683102951719,0.013299492350906425,0.13847802087722377,-0.3214324649139058,-0.9367529728962705,-0.3354685034524493,0.8747244327953303,-0.34974032401590993],"GT_T":[16.444369213672513,93.70534684956634,805.3766584676092],"R_pred":[0.44779522156552376,0.8935268632699433,0.0330027901556707,-0.051117770537581375,0.06243289548891223,-0.9967392372612496,-0.8926737439167518,0.44464803853817503,0.07363225343423235],"T_pred":[-44.36921320458029,331.1266328565935,2108.22797123011],"rotation_error":49.04326089312522,"translation_error":1325.7030972366115,"ADD":0,"ADD_S":0}}
{"id_image":63,"data":{"GT_R":[0.932601959133185,0.3605918371374557,0.015103543174633699,0.13854145955092348,-0.31904058395156537,-0.9375605776974265,-0.3332579117245927,0.8764622788764604,-0.34749524751930433],"GT_T":[17.76792864945559,95.75387308586079,805.6067517982236],"R_pred":[0.4868911829176015,0.7356169447780235,0.4709614491150474,0.7702385497836278,-0.10732110617780233,-0.628661082456984,-0.41190964109172395,0.6688422016621107,-0.6188542290810235],"T_pred":[24.57342000317829,115.23468602992588,694.540869240948],"rotation_error":45.759636880184814,"translation_error":112.96657494035031,"ADD":0,"ADD_S":0}}
{"id_image":65,"data":{"GT_R":[0.9337434376174094,0.3576066677167742,0.01556446698888234,0.1375016758591951,-0.31820421294578227,-0.9379974728110226,-0.3304805275104558,0.8779887365927804,-0.34629292251827654],"GT_T":[17.06902702281417,97.4878504703911,806.0095903514883],"R_pred":[0.8221686197536529,0.5191448353664395,-0.2335110288717118,-0.06990577208888929,-0.31502753149814816,-0.9465045364005602,-0.5649353447263051,0.7945100970475678,-0.22271453021398271],"T_pred":[24.07191089700065,85.46479534238348,659.5535760085395],"rotation_error":19.129988424248253,"translation_error":147.11545933173878,"ADD":0,"ADD_S":0}}
{"id_image":69,"data":{"GT_R":[0.9370300254958631,0.34892366511398876,0.015083536261685385,0.13327600751905105,-0.31732346611902545,-0.9389051062703787,-0.32281955715257243,0.8817921211011942,-0.34384447437672006],"GT_T":[13.389875818815115,99.84434085581127,807.1452888101394],"R_pred":[0.43311170821970424,0.7784326693431338,-0.45437520564213607,-0.04052950963040364,-0.48678117287324724,-0.8725832043909997,-0.9004285685450729,0.39634160649049865,-0.1792811309435598],"T_pred":[-9.171223424442092,187.64891731864697,1324.6991583090792],"rotation_error":47.90403772982055,"translation_error":525.4337776354007,"ADD":0,"ADD_S":0}}
{"id_image":71,"data":{"GT_R":[0.9385662261239264,0.3446468251786684,0.01766246754999765,0.1345245545293962,-0.31825482236290786,-0.9384123413036823,-0.3177993589409253,0.8831372274097802,-0.345067501789019],"GT_T":[10.335936013270146,98.01212732803336,807.8429124536142],"R_pred":[0.896470142726375,0.41230363198297204,-0.16231758454893985,-0.11461117426439293,-0.13809461363811446,-0.9837652953920852,-0.4280251884339159,0.9005196237383113,-0.07654309458286158],"T_pred":[13.647506363261005,92.26771268736772,646.4256069537807],"rotation_error":19.085916502534502,"translation_error":161.55343175733964,"ADD":0,"ADD_S":0}}
{"id_image":73,"data":{"GT_R":[0.9399393387480518,0.34087896771368825,0.017803158292462526,0.1348816769018146,-0.32299911176935214,-0.9367383555828674,-0.31356400219100083,0.8828773596160311,-0.3495781204823667],"GT_T":[8.786090886364473,94.44395315707766,808.5200559713923],"R_pred":[0.7071643717189416,0.6264075587975302,-0.3279209076174808,0.6721864152741099,-0.739454842113599,0.03703997294402374,-0.21928058393823985,-0.2466173285802742,-0.9439787702865111],"T_pred":[50.3297984097747,-9.904122817586796,184.08075235159265],"rotation_error":79.97328043227587,"translation_error":634.4594900382414,"ADD":0,"ADD_S":0}}
{"id_image":75,"data":{"GT_R":[0.9408602126403519,0.3384008181864721,0.01638364375308177,0.13254686559502674,-0.3231558960906357,-0.9370180934617808,-0.31179286478643103,0.8837736630503555,-0.3488977489788286],"GT_T":[9.430723676905085,93.79893480416072,808.6632936647749],"R_pred":[-0.0006338774726252216,0.24434209036608212,-0.9696888888065507,-0.9458995742195794,-0.3147708441545287,-0.07869759311099456,-0.32445892450442454,0.9171784224161506,0.2313226053883477],"T_pred":[-17.60620280267959,77.03664449327599,835.270978463736],"rotation_error":91.50930497868887,"translation_error":41.47214318418708,"ADD":0,"ADD_S":0}}
{"id_image":76,"data":{"GT_R":[0.9411974337878253,0.3375501472944552,0.014398647780534169,0.13015497732040265,-0.32292563652832174,-0.9374322200089944,-0.3117814499852342,0.8841823894693805,-0.3478712587713664],"GT_T":[10.17872891090386,94.78547433595746,808.8041544237999],"R_pred":[0.5403023058681398,-0.8414709848078965,0.0,0.8414709848078965,0.5403023058681398,0.0,0.0,0.0,1.0],"T_pred":[0.0,0.0,0.0],"rotation_error":126.45329350804607,"translation_error":814.4028811838352,"ADD":0,"ADD_S":0}}
{"id_image":77,"data":{"GT_R":[0.9411003182319889,0.3377513922275554,0.01599464477083335,0.13144300391776767,-0.32184661044250495,-0.9376234195861229,-0.31153503543953176,0.8844992255576072,-0.3472846748922503],"GT_T":[10.698268986613758,95.66007608537781,809.1887009231529],"R_pred":[0.5403023058681398,-0.8414709848078965,0.0,0.8414709848078965,0.5403023058681398,0.0,0.0,0.0,1.0],"T_pred":[0.0,0.0,0.0],"rotation_error":126.38096830094601,"translation_error":814.8936475502003,"ADD":0,"ADD_S":0}}
{"id_image":79,"data":{"GT_R":[0.9412474304038654,0.3372985354369565,0.01685391872487069,0.1320842373450187,-0.3217397107779138,-0.9375702601823217,-0.31081765009632584,0.8847112492636304,-0.3473884601059942],"GT_T":[11.132554556256743,95.4257365755276,809.8178884502576],"R_pred":[0.5403023058681398,-0.8414709848078965,0.0,0.8414709848078965,0.5403023058681398,0.0,0.0,0.0,1.0],"T_pred":[0.0,0.0,0.0],"rotation_error":126.3470254496448,"translation_error":815.4967917937898,"ADD":0,"ADD_S":0}}
{"id_image":82,"data":{"GT_R":[0.9416870946520581,0.33593826917883246,0.01927040274618568,0.13331942067349126,-0.31990666378658505,-0.9380226704368007,-0.30895358826061703,0.885891841038231,-0.34603888449544534],"GT_T":[13.02489101654094,96.93949165967656,810.6453153424667],"R_pred":[0.728096415723864,0.5898482147750406,-0.3492201210365165,-0.21779667494972738,-0.2839914830235518,-0.9337630566428115,-0.6499540120584721,0.7559285158642852,-0.07830620098251626],"T_pred":[17.891430333433448,102.44282391421937,792.2830245414074],"rotation_error":31.110731215762108,"translation_error":19.77735053765846,"ADD":0,"ADD_S":1}}
{"id_image":89,"data":{"GT_R":[0.9440712087312444,0.32898364130345775,0.022383963886861716,0.13571802598776803,-0.32580320837745413,-0.9356459367799168,-0.3005191850823961,0.8863534322244536,-0.3522296570987701],"GT_T":[13.01646251891825,91.5850920322351,813.0125805508154],"R_pred":[0.6434029476022766,0.6890466446917434,0.333537656728221,0.1692672020692852,0.2968613318528842,-0.9397988954846497,-0.7465797086181342,0.6611263654473192,0.07436845830108302],"T_pred":[10.179573549168365,156.84219843124703,871.5142058092227],"rotation_error":44.303473067888596,"translation_error":87.68681789456026,"ADD":0,"ADD_S":0}}
{"id_image":91,"data":{"GT_R":[0.9455980302362839,0.32466255828483165,0.020958785103917462,0.13458993611012351,-0.3317234818350792,-0.9337269832087254,-0.29619343254839237,0.8857504175913643,-0.35737351574259135],"GT_T":[10.977285295238007,85.8039512666618,813.7642746073375],"R_pred":[-0.0947624394405594,-0.8723874719185023,0.4795416341788466,0.7575198266699235,0.24935013095279812,0.6033143661440458,-0.645897663932332,0.42043383668951634,0.6372217798328067],"T_pred":[-546.3113139732092,1174.2542132134697,8406.980192792476],"rotation_error":141.76212536487802,"translation_error":7691.048207870423,"ADD":0,"ADD_S":0}}
{"id_image":94,"data":{"GT_R":[0.9468420169593329,0.3209892819514054,0.021384831316692363,0.13376787022238795,-0.3323845567350142,-0.9336099054017792,-0.2925703470544731,0.8868404147244685,-0.35765412083956044],"GT_T":[10.301873580123697,84.15246392719696,813.7316708877814],"R_pred":[0.5720210694228862,0.679319709133983,-0.45969188476458683,-0.4888917934458398,-0.16763713539035333,-0.8560856295601666,-0.6586172715907227,0.7144386073136286,0.23622185746064],"T_pred":[14.136932518604455,102.6871321046118,878.9077695680901],"rotation_error":50.1631011032491,"translation_error":67.8687368432169,"ADD":0,"ADD_S":0}}
