{"id_image":620,"data":{"Best_template_id":51,"GT_R":[0.35138999774391055,-0.9331145343988598,-0.07629732508446829,-0.4705004431160645,-0.10554727602947454,-0.876064274019037,0.8094164638985437,0.3437386348067268,-0.476118987351776],"GT_T":[-9.80399297814338,84.98042645789087,841.0378101702498],"R_pred":[0.2723970885676251,-0.9612551827497986,0.04228829361102854,0.28878674511325036,0.03975328372181525,-0.9565677666951922,0.917824624853123,0.27277857333372807,0.28842643419638214],"T_pred":[-7.525897832862973,109.94305244196293,608.9664164251479],"rotation_error":46.10258609927899,"translation_error":233.42119485664907,"ADD":0,"ADD_S":0}}
{"id_image":623,"data":{"Best_template_id":51,"GT_R":[0.35090342394773916,-0.933545249283602,-0.07320920668509051,-0.471351870046203,-0.1085360145233507,-0.8752414401174962,0.8091321390979455,0.34163240681391976,-0.4781137363084196],"GT_T":[-9.639389445010107,82.11238135389266,839.671255932815],"R_pred":[0.12705016679097123,-0.9903981300666311,-0.0544958629522177,0.64551269335488,0.12427226203560182,-0.7535713420813475,0.7531079722298224,0.06056359342934675,0.6551033760520623],"T_pred":[-12.616838317485659,118.97137657493622,586.7568290343921],"rotation_error":71.58487356218961,"translation_error":255.60351731510036,"ADD":0,"ADD_S":0}}
{"id_image":629,"data":{"Best_template_id":51,"GT_R":[0.34678391492170146,-0.9351373580973537,-0.07251125322026566,-0.47538109913697985,-0.10859203229930865,-0.8730523003873014,0.8085500942615431,0.3372314080644064,-0.4822042328738545],"GT_T":[-6.754833287954931,77.58853423666237,836.1807568058726],"R_pred":[0.5403023058681398,-0.8414709848078965,0.0,0.8414709848078965,0.5403023058681398,0.0,0.0,0.0,1.0],"T_pred":[0.0,0.0,0.0],"rotation_error":118.90236560883773,"translation_error":839.7998966838373,"ADD":0,"ADD_S":0}}
{"id_image":633,"data":{"Best_template_id":51,"GT_R":[0.3489897021064494,-0.9345106657344033,-0.06996775309058609,-0.4769160439364184,-0.1128394630017565,-0.8716750905438913,0.8066949164887219,0.3375746270840736,-0.48506264572897007],"GT_T":[-2.5165894753234994,74.31409335120378,834.4275592493774],"R_pred":[0.07662007150034594,-0.9895619898363952,0.1220509439304579,0.2750181481546839,-0.09668697368669038,-0.9565650251315263,0.9583811260812943,0.10685830520059364,0.2647393430920431],"T_pred":[-9.658487497935392,94.98915496369163,610.4470060410691],"rotation_error":48.037107782519904,"translation_error":225.04611326469373,"ADD":0,"ADD_S":0}}
{"id_image":640,"data":{"Best_template_id":51,"GT_R":[0.34873397716460897,-0.9341079167460794,-0.07633072517283108,-0.4790472934951542,-0.1076572474593839,-0.8711625539853862,0.8055425578380466,0.34037004580940416,-0.4850257280290206],"GT_T":[6.941727960853411,75.95584511251548,833.8653444322613],"R_pred":[0.08250106212723324,-0.9868410750243617,0.1390620990516132,0.3001374056839909,-0.10845609450872346,-0.9477103002886476,0.9503215837058328,0.11992484400105385,0.2872401770890714],"T_pred":[-6.193657277801546,92.1379255581319,586.6940555815777],"rotation_error":49.43945228533174,"translation_error":248.04847128136942,"ADD":0,"ADD_S":0}}
{"id_image":642,"data":{"Best_template_id":51,"GT_R":[0.3503854050220853,-0.9335798403427198,-0.07521535996975284,-0.4790133537010065,-0.10961184692238371,-0.8709369194339618,0.8048448975891305,0.341192622666543,-0.4856039412768107],"GT_T":[8.101872325623312,74.95592682110721,833.8229170468633],"R_pred":[-0.10202098984632835,-0.9470716363628462,-0.304379751671783,0.7017879593238603,0.14833710811365813,-0.6967709541194502,0.705042819819355,-0.2846953072206809,0.6495099724158937],"T_pred":[-27.244399367455113,71.14233960412425,244.11061598051896],"rotation_error":81.93357356122382,"translation_error":590.7829554066578,"ADD":0,"ADD_S":0}}
{"id_image":644,"data":{"Best_template_id":51,"GT_R":[0.349468789343656,-0.9340157829441506,-0.07406602447570053,-0.479076672987592,-0.11019412510525059,-0.8708289680204203,0.805206665626296,0.3398102306422228,-0.4859745378620894],"GT_T":[8.346118172356066,74.17749057377434,833.1813681704141],"R_pred":[-0.06468694228310001,-0.9837991095002594,0.1671972237944146,0.25176367609129535,-0.1782174442637009,-0.9512379271039985,0.965624487520413,-0.019438485193331134,0.25921322187405554],"T_pred":[-6.897975737427016,86.29185193346127,583.4193465005078],"rotation_error":51.088628746831645,"translation_error":250.51987469844005,"ADD":0,"ADD_S":0}}
{"id_image":651,"data":{"Best_template_id":111,"GT_R":[0.34878706243259233,-0.9345357310064575,-0.07063846169594722,-0.4801959160980845,-0.11347377347228407,-0.8697908602865645,0.8048356475853577,0.3372921240732739,-0.4883381023323618],"GT_T":[13.412664026140083,70.21301244287542,830.3182097450666],"R_pred":[-0.8328871934926347,0.49726445857252016,-0.2429546895133754,-0.3296403387851217,-0.09310158710474414,0.9395048384783377,0.4445628976439582,0.8625892143535968,0.24146154418302568],"T_pred":[-1283.2123668785546,1461.5156486818303,25993.416299365283],"rotation_error":158.08953163160237,"translation_error":25234.866057980624,"ADD":0,"ADD_S":0}}
{"id_image":653,"data":{"Best_template_id":51,"GT_R":[0.34864131380069496,-0.9345419512702784,-0.07126544490331502,-0.47998479561040136,-0.11271960829462188,-0.8700049258555584,0.805024005385215,0.3375260375957446,-0.4878647920874146],"GT_T":[15.487692842949166,70.2949548488733,829.6788201619518],"R_pred":[0.3921788987573894,-0.9078994337394944,0.14803489313315987,-0.06590484963035748,-0.1882445621716975,-0.979908432256803,0.9175250744064931,0.3745431924735662,-0.1336605207496515],"T_pred":[38.71546666512658,104.79110151033534,837.8054241799939],"rotation_error":25.157619054091775,"translation_error":42.37399325163239,"ADD":0,"ADD_S":1}}
{"id_image":660,"data":{"Best_template_id":51,"GT_R":[0.34722334116130593,-0.9351178312659536,-0.07063940641786016,-0.4793110201216761,-0.11222115823176865,-0.8704405165455598,0.8060383382454475,0.336095215100153,-0.48717853143302514],"GT_T":[22.258654734485546,72.43840886108998,828.8651649468125],"R_pred":[0.08290386252054815,-0.9356505967240116,0.3430523435704468,-0.19013757504819245,-0.3527645934299332,-0.9161903973394435,0.9782508124882737,0.010728582022591193,-0.2071478829093295],"T_pred":[19.62047353313622,79.19297253847111,711.2457771283538],"rotation_error":31.748058352657694,"translation_error":117.8427109384027,"ADD":0,"ADD_S":0}}
{"id_image":662,"data":{"Best_template_id":51,"GT_R":[0.34560445781355087,-0.9357513106792655,-0.07018777656923209,-0.47809091594876046,-0.11122560456457647,-0.8712388020153198,0.8074571056880765,0.3346601883070911,-0.4858149320763673],"GT_T":[22.093172995946535,73.92899881402504,828.4170367197258],"R_pred":[-0.2209241843402483,-0.9279124993610672,0.3002846954193528,0.0070739023309771,-0.3094088622993046,-0.950902789898348,0.9752653303995831,-0.20795323863827525,0.07491986292329111],"T_pred":[-16.210986423988565,54.00464027116919,447.5166497104012],"rotation_error":49.00993417302424,"translation_error":383.33965815718227,"ADD":0,"ADD_S":0}}
{"id_image":671,"data":{"Best_template_id":51,"GT_R":[0.3402280359916166,-0.9377583074949013,-0.06965893562564208,-0.4780105487619095,-0.1086821481097053,-0.8716044988917933,0.8097841492386898,0.329842271097593,-0.48523554982961253],"GT_T":[28.19851644811239,73.18554705678787,826.5697334927953],"R_pred":[0.011419438597568887,-0.9878495830527486,0.15499289559404678,-0.004660696442019607,-0.1550539013910044,-0.9878950174852104,0.9999239342723985,0.010558831655982981,-0.006374695543232445],"T_pred":[5.580041654280779,78.39580212481472,582.5097101235776],"rotation_error":36.10463422236425,"translation_error":245.1612472779011,"ADD":0,"ADD_S":0}}
{"id_image":681,"data":{"Best_template_id":51,"GT_R":[0.3333042334713416,-0.939660738591546,-0.07710566626156057,-0.4827922867790872,-0.09985862142564696,-0.8700228646293103,0.8098272513057357,0.3272084415997133,-0.4869440367335703],"GT_T":[35.89427975401106,73.24855005245767,823.3031088940119],"R_pred":[0.2171247363809442,-0.9548678199992989,0.20269261254740217,0.011617765102327482,-0.20510371416687212,-0.978671290050434,0.9760747288940186,0.21484858101635224,-0.03343965983271158],"T_pred":[19.78594672191791,79.6200909602015,627.0071499194858],"rotation_error":31.931293705181837,"translation_error":197.05881973751065,"ADD":0,"ADD_S":0}}
{"id_image":682,"data":{"Best_template_id":51,"GT_R":[0.33264189994186366,-0.9397974808416384,-0.07829090384611105,-0.48183985745038205,-0.09800787160060005,-0.8707610533662125,0.8106661877569576,0.32737483625821734,-0.48543299672560425],"GT_T":[36.841680806316376,73.85604615320062,823.1660740659659],"R_pred":[0.6581403864294194,-0.7493794357304886,-0.072675257514427,-0.41203696733620565,-0.2777090838721442,-0.8678151890139264,0.6301402774770999,0.6010891165535678,-0.4915435938570808],"T_pred":[42.53835111114429,59.41859435805908,615.5537243206696],"rotation_error":21.83486786595956,"translation_error":208.1916901167339,"ADD":0,"ADD_S":0}}
{"id_image":701,"data":{"Best_template_id":51,"GT_R":[0.31844377567060306,-0.9440007328217473,-0.08634666034043675,-0.48025327523466227,-0.08212792237685848,-0.8732760577846385,0.8172826353009838,0.31955698545871175,-0.47951282654035],"GT_T":[39.582962137510734,84.74161510746892,821.6656302903322],"R_pred":[0.17946550735329025,-0.9407504624782796,0.2877163516683207,0.10307357517806687,-0.2728737182141451,-0.9565122957955108,0.978349615306531,0.2013169174582457,0.04799509323537576],"T_pred":[31.69659573161037,93.31552612022325,695.9259338744174],"rotation_error":38.302900603887124,"translation_error":126.27817697412783,"ADD":0,"ADD_S":0}}
{"id_image":712,"data":{"Best_template_id":51,"GT_R":[0.31875031417193883,-0.9438461728509434,-0.08690278530647,-0.47436849902556305,-0.07947723824532871,-0.8767307621979633,0.8205931672278699,0.32068275650405287,-0.473064167892418],"GT_T":[50.5460639094636,91.93540445542902,821.1228821353935],"R_pred":[0.0071718835706761075,-0.9820458991323981,0.1885057454914537,0.1534409394927268,-0.1851973434797975,-0.9706481453418718,0.9881317939291491,0.03588587417446992,0.14935783160281935],"T_pred":[16.424412282463244,88.63282061145651,570.3027314239138],"rotation_error":43.22082738593997,"translation_error":253.15201396143436,"ADD":0,"ADD_S":0}}
{"id_image":721,"data":{"Best_template_id":51,"GT_R":[0.32312071450387564,-0.9426678492176647,-0.08348498119716728,-0.47348054584773364,-0.08465102006692866,-0.8767275044428355,0.8193961279094467,0.32281758125347737,-0.4736872181802262],"GT_T":[60.577224853847866,90.43195533561929,818.9661859848162],"R_pred":[0.46522583598443,-0.8669810509483417,0.17863028530766323,0.5907800740480041,0.15382699027101043,-0.7920329293482672,0.6591993823119245,0.4740053948645221,0.5837594196232774],"T_pred":[45.62052727186183,120.57995714793057,612.3211622486119],"rotation_error":67.3257678944524,"translation_error":209.36754918270057,"ADD":0,"ADD_S":0}}
{"id_image":722,"data":{"Best_template_id":51,"GT_R":[0.3222422394115056,-0.9430395216159493,-0.08267265832674352,-0.47408973376678604,-0.08517373587154418,-0.8763468589543136,0.8193895462478642,0.3215907687787886,-0.47453207057662455],"GT_T":[61.39282101729404,90.75002807172102,819.0490871873906],"R_pred":[0.7128012216176257,-0.36684269667319563,0.5977799380691509,0.6953379394399863,0.25811373430224854,-0.6707327710347109,0.0917582063674629,0.8937582089480833,0.4390634299302778],"T_pred":[67.53248148709174,119.6907493512347,565.7038469645381],"rotation_error":92.38878981799327,"translation_error":255.06679815773302,"ADD":0,"ADD_S":0}}
{"id_image":735,"data":{"Best_template_id":51,"GT_R":[0.31913879783107585,-0.943590714108507,-0.08823910436870261,-0.47538148493466187,-0.0788414088315206,-0.8762396278651283,0.8198556571575792,0.3215895619955471,-0.47372725450779224],"GT_T":[70.0380513557582,91.45138229102274,816.4639980737461],"R_pred":[0.2589967108236245,-0.952558996319929,0.15985012453080255,0.3115293254000941,-0.07426910230173697,-0.9473297102165943,0.9142593631996918,0.29515328047179734,0.2775146083153649],"T_pred":[49.752206038150824,109.10794638161232,655.8807379586317],"rotation_error":46.83366185902249,"translation_error":162.81969538398445,"ADD":0,"ADD_S":0}}
{"id_image":737,"data":{"Best_template_id":51,"GT_R":[0.31842497373594464,-0.9439662803763058,-0.08678968710297613,-0.47556623286507427,-0.07987607450904544,-0.8760459261191889,0.8200261337094229,0.3202294955070999,-0.4743524504898622],"GT_T":[70.89173235393069,90.7400067586192,815.7763570105918],"R_pred":[0.7533073127020468,-0.5306624072310526,0.38849131545166593,0.5614789369060353,0.21135003343435882,-0.8000453529507964,0.3424463403812191,0.8208097056681533,0.4571672899940135],"T_pred":[77.45785482212536,122.91073955198672,626.5058772258353],"rotation_error":76.9718208753237,"translation_error":192.09733087859786,"ADD":0,"ADD_S":0}}
{"id_image":751,"data":{"Best_template_id":51,"GT_R":[0.3161952989966555,-0.9445073663743322,-0.08902742516078362,-0.47458018188600665,-0.0762208337717212,-0.8769055131124357,0.8214586975160919,0.3195245847264849,-0.4723454409965688],"GT_T":[76.82322484195018,93.59769736600366,814.3755844527221],"R_pred":[0.5734155988544242,-0.7570882051982992,0.31306868342272737,0.6131475732071483,0.14313751077353443,-0.7768923390533213,0.5433641545599108,0.637439489331477,0.5462840771798306],"T_pred":[88.2392758806881,142.7551976092553,754.8036390915677],"rotation_error":71.34093226898717,"translation_error":78.07434101929216,"ADD":0,"ADD_S":0}}
{"id_image":757,"data":{"Best_template_id":51,"GT_R":[0.31141833546147674,-0.945679009880748,-0.09332034696204752,-0.4763064737846531,-0.07036127430729015,-0.8764597660262898,0.8222844069771936,0.31739429359362203,-0.47234540784978546],"GT_T":[78.35194362471137,93.56314294575685,812.2141786891934],"R_pred":[0.09384183184648665,-0.9820707248662792,0.16349557167188522,-0.20183654804082574,-0.17957650941534548,-0.962815810599911,0.9749131850942724,0.05735301759124095,-0.21506955363909525],"T_pred":[22.245786846558467,68.9081016241413,500.38572052522017],"rotation_error":24.716375155378998,"translation_error":317.79357956369427,"ADD":0,"ADD_S":0}}
{"id_image":769,"data":{"Best_template_id":51,"GT_R":[0.3030971208322901,-0.9479545704405933,-0.09753293820385972,-0.47788941062753687,-0.06265024604004714,-0.87618252993225,0.8244721343092293,0.31217872164206917,-0.4720065114134561],"GT_T":[81.64614271146634,93.80549270891618,809.234140873443],"R_pred":[0.56369849496842,-0.7942081553679312,0.22688634317077344,0.24782801063191062,-0.09940468097851184,-0.9636908148082505,0.7879246689351511,0.599459852989863,0.14079275811207065],"T_pred":[81.92280223240611,113.54031574198436,715.5666661357172],"rotation_error":45.40959544241048,"translation_error":95.72426862807335,"ADD":0,"ADD_S":0}}
{"id_image":1026,"data":{"Best_template_id":51,"GT_R":[0.08311543727641196,-0.9904153807426967,-0.1103080654266374,-0.5140794563326364,0.052212581382516006,-0.8561519012699681,0.8537059623684606,0.12786645674211064,-0.5048126616687318],"GT_T":[81.69885329017734,85.19908587747162,745.2044498543353],"R_pred":[0.346352904999478,-0.9168174605691558,0.19870935859678673,-0.09564325919600603,-0.2452270539764082,-0.964736263943891,0.9332159622342449,0.3151339968863655,-0.17262251254583277],"T_pred":[84.82154145895979,96.95921841248052,826.6812009218468],"rotation_error":31.71470949538313,"translation_error":82.38029414342766,"ADD":0,"ADD_S":0}}
{"id_image":1044,"data":{"Best_template_id":51,"GT_R":[0.05812670407334957,-0.9910576556089213,-0.12010495881233164,-0.5181034288271487,0.07289081450963115,-0.8522062323633208,0.8533407500580192,0.11176322457683537,-0.5092332569993623],"GT_T":[73.81005038997614,87.55537432961974,741.5459872189355],"R_pred":[-0.015478729570255756,-0.9963355228871912,0.0841185756179808,0.19798332572365973,-0.08551698944875685,-0.9764678424049715,0.9800831656886522,0.0015395936893474738,0.19858151471116725],"T_pred":[34.764018285762454,91.95928063463967,615.9538025546252],"rotation_error":44.14501864272148,"translation_error":131.595531316914,"ADD":0,"ADD_S":0}}
{"id_image":1052,"data":{"Best_template_id":51,"GT_R":[0.05120520828518471,-0.9916509838707762,-0.11834438069541571,-0.519205070974457,0.07479347978739807,-0.851370228092757,0.8531137121605679,0.10503982304898184,-0.5110405189927912],"GT_T":[71.3242388532985,85.75706426362811,737.7062350844013],"R_pred":[0.5403023058681398,-0.8414709848078965,0.0,0.8414709848078965,0.5403023058681398,0.0,0.0,0.0,1.0],"T_pred":[0.0,0.0,0.0],"rotation_error":121.51399438394795,"translation_error":746.0910872015028,"ADD":0,"ADD_S":0}}
{"id_image":1058,"data":{"Best_template_id":51,"GT_R":[0.04822712145410129,-0.9922432609887885,-0.11457390901399937,-0.5186005264298951,0.07315988561078768,-0.8518803612458515,0.8536552486454322,0.10050268571318935,-0.5110498408055276],"GT_T":[71.20885255034972,84.97547499678515,734.8386307145281],"R_pred":[0.39998617739851416,-0.9147212438741463,0.0574117052129508,-0.3255738056800536,-0.20036261352311346,-0.9240435704863674,0.8567454434924828,0.35091290815175485,-0.3779515523811843],"T_pred":[72.21149416933078,89.22438998752173,789.7771676090804],"rotation_error":24.392038100272686,"translation_error":55.1117174920969,"ADD":0,"ADD_S":0}}
{"id_image":1066,"data":{"Best_template_id":51,"GT_R":[0.04134767731663382,-0.9925555126958746,-0.11455682334670941,-0.5205876923758054,0.0764598265529266,-0.850377325291429,0.8528065792503589,0.09479809339514994,-0.5135505378828186],"GT_T":[71.07592671939298,83.56123618955986,730.7904978145014],"R_pred":[0.13147539305095424,-0.9757336140970154,0.17509464681501186,-0.14250010414640407,-0.19339565238116213,-0.9707171791816238,0.9810239249581842,0.10267441726760057,-0.16446891103913092],"T_pred":[35.09309304700652,73.39795675861642,623.815365621888],"rotation_error":27.776740510111058,"translation_error":113.32138136959493,"ADD":0,"ADD_S":0}}
{"id_image":1077,"data":{"Best_template_id":111,"GT_R":[0.03485074447976115,-0.9923570395949345,-0.11837267905220619,-0.5208116813857054,0.0830561952559893,-0.8496214515399136,0.8529596818959068,0.09125927963158464,-0.5139372065561377],"GT_T":[71.99947567961813,85.01816992223583,728.8820944884233],"R_pred":[0.3449203777370907,0.6203582455070066,0.7044044152709226,0.3612301505165375,-0.7803897453816802,0.5103965357062252,0.8663386816825747,0.07840594706133525,-0.4932644281578728],"T_pred":[-68.42912724672145,36.00538833143822,-23.615284063279276],"rotation_error":133.39140941118862,"translation_error":767.0558975761122,"ADD":0,"ADD_S":0}}
{"id_image":1094,"data":{"Best_template_id":51,"GT_R":[0.02650444786483477,-0.9929552291066335,-0.11548752031866966,-0.5098772362350587,0.08594207774545747,-0.8559438140372647,0.8598388830073486,0.08157059700506612,-0.5040064216453912],"GT_T":[73.04403566180147,96.16343885703836,727.1227533468249],"R_pred":[-0.41346309769451267,-0.8763817117602543,0.24698858705823762,-0.11599770390333553,-0.21835144547089413,-0.9689515875160768,0.9031017658791352,-0.4292758338794975,-0.01137800127659383],"T_pred":[57.32990049744508,109.77695676374904,735.0627562098101],"rotation_error":43.626214237253784,"translation_error":22.255461334787206,"ADD":0,"ADD_S":1}}
{"id_image":1098,"data":{"Best_template_id":111,"GT_R":[0.02167292455014268,-0.993311634514763,-0.113409921611452,-0.5091585691702556,0.08665701908496805,-0.8562988793337823,0.8603995557518024,0.07630262362328204,-0.5038751302596295],"GT_T":[72.32980971062051,96.29776400028899,725.6447836308105],"R_pred":[-0.43302094635517857,0.7020931509712041,-0.5652946730484831,-0.638994239515932,0.20322505992244067,0.741880001674783,0.6357509118224851,0.682469620114219,0.3606327713034859],"T_pred":[-93.88500832258924,665.1353442742777,5554.685971881406],"rotation_error":139.3595210911243,"translation_error":4865.268991154188,"ADD":0,"ADD_S":0}}
{"id_image":1105,"data":{"Best_template_id":51,"GT_R":[0.016648100622078763,-0.9936381015199125,-0.11138162588518406,-0.5065636795382439,0.08765983086433374,-0.857734075341786,0.8620419295578143,0.07070154286865596,-0.5018815543898101],"GT_T":[73.25881777965573,97.63824146701813,723.3633326959647],"R_pred":[-0.04686791163365439,-0.9974143386083512,0.05447968426455424,0.16705433920577967,-0.061597946388817104,-0.9840216159989581,0.9848331059685291,-0.0370179704892904,0.1695093603587537],"T_pred":[34.89913165708873,107.30959846371111,625.750875226001],"rotation_error":41.431155526604265,"translation_error":105.32422569810241,"ADD":0,"ADD_S":0}}
{"id_image":1113,"data":{"Best_template_id":51,"GT_R":[0.01616887171281611,-0.994221194119754,-0.10612534413771246,-0.49786002937364693,0.08404066570784278,-0.863175912091222,0.8671064324709137,0.06679221565480813,-0.4936243666889919],"GT_T":[74.76854555108409,102.21026328116623,721.9623701380951],"R_pred":[0.8429801007064501,-0.4789180789186132,0.24499392543050488,0.4084116133412113,0.2733589023428207,-0.8709046242832545,0.35012069904673127,0.8342136322278801,0.42603182029538006],"T_pred":[111.66180447295547,162.45860242934904,805.372639785868],"rotation_error":84.71623113925688,"translation_error":109.30804182083259,"ADD":0,"ADD_S":0}}
{"id_image":1125,"data":{"Best_template_id":51,"GT_R":[0.009241692197749455,-0.9948341969350839,-0.1010841081011383,-0.49529493037217587,0.08326267632737858,-0.8647256690286157,0.8686761336983826,0.05805855769681598,-0.49196719714983017],"GT_T":[72.80403607604501,100.30428039166449,717.5674767580031],"R_pred":[0.7310075128002769,-0.6759469353797484,0.09340105342168076,0.20634266504136953,0.08850040992448581,-0.9744692822387083,0.6504234934357604,0.73161698859029,0.20417115661350693],"T_pred":[88.38738733000999,138.18487297269832,770.5675819374584],"rotation_error":62.463573401443355,"translation_error":66.98351498412168,"ADD":0,"ADD_S":0}}
{"id_image":1130,"data":{"Best_template_id":51,"GT_R":[0.003944386018188678,-0.9949515399733078,-0.10027600469215257,-0.49629973375399605,0.08510722301316948,-0.8639691046705587,0.868142092972418,0.0531748897970898,-0.49345828630688654],"GT_T":[70.79961833228158,99.71369206775046,715.5236541843483],"R_pred":[0.014211017560811945,-0.9954511933704977,0.09420705173785149,0.1066116844809964,-0.09217101834665076,-0.9900194200666297,0.994199173059408,0.02411275583987238,0.10481688458352473],"T_pred":[39.58816549369682,112.95472388927296,668.6905091745473],"rotation_error":37.42537730010074,"translation_error":57.81715302142454,"ADD":0,"ADD_S":0}}
{"id_image":1145,"data":{"Best_template_id":51,"GT_R":[-0.003622792272467948,-0.9951466971889152,-0.0983317518205384,-0.49852813379739486,0.08703917334627741,-0.8624929295185007,0.866865796813747,0.045896657682136945,-0.4964237413916126],"GT_T":[70.764606408559,96.14594611791347,710.9213803786724],"R_pred":[0.2711539981416025,-0.9605880148915391,0.06120600410545185,-0.05055253418503908,-0.07771274419217783,-0.9956933115561196,0.9612075481285478,0.26689210373642347,-0.06963227975480785],"T_pred":[82.70717013942921,137.27867938567366,887.1120607388588],"rotation_error":31.44976285446799,"translation_error":181.32204063579238,"ADD":0,"ADD_S":0}}
{"id_image":1150,"data":{"Best_template_id":51,"GT_R":[-0.006588739771962003,-0.995155846081929,-0.09808362536248977,-0.49964283072998494,0.08824086070861137,-0.86172516652019,0.866206801681285,0.04332970735812552,-0.49780369837697247],"GT_T":[71.33924765127804,93.96158188456545,710.4478327047342],"R_pred":[0.5403023058681398,-0.8414709848078965,0.0,0.8414709848078965,0.5403023058681398,0.0,0.0,0.0,1.0],"T_pred":[0.0,0.0,0.0],"rotation_error":121.22254367667522,"translation_error":720.1764992837202,"ADD":0,"ADD_S":0}}
{"id_image":1169,"data":{"Best_template_id":51,"GT_R":[-0.018744046865652793,-0.9953986171214246,-0.09397049719782496,-0.5004352156739501,0.090706606342797,-0.8610093222381635,0.8655712604218709,0.030887286438020575,-0.49983231609682577],"GT_T":[72.23245452342564,90.21810433990231,712.3682742166212],"R_pred":[0.5403023058681398,-0.8414709848078965,0.0,0.8414709848078965,0.5403023058681398,0.0,0.0,0.0,1.0],"T_pred":[0.0,0.0,0.0],"rotation_error":121.48173428844564,"translation_error":721.6823345125828,"ADD":0,"ADD_S":0}}
{"id_image":1189,"data":{"Best_template_id":111,"GT_R":[-0.03120900605241804,-0.9953477355535616,-0.09115245561776725,-0.4970083335504628,0.09457720380749986,-0.8625758867826274,0.8671843167324504,0.01838327248012473,-0.4976482967267654],"GT_T":[73.9853098612478,91.31030119889509,715.8537653655997],"R_pred":[0.3136427732483211,-0.8495023075804495,0.42423347369649345,-0.7576001164958055,0.04545846563596656,0.6511340809599553,-0.572424907105416,-0.5256228280026609,-0.6293253279567261],"T_pred":[-86.80430480382529,1301.9817542150884,11567.903719670745],"rotation_error":106.75637879190117,"translation_error":10920.557077277092,"ADD":0,"ADD_S":0}}
{"id_image":1216,"data":{"Best_template_id":51,"GT_R":[-0.055823600437824805,-0.9943367329471526,-0.0904232574471483,-0.486969188109272,0.10617675995204205,-0.8669408520239045,0.8716333375802244,-0.004362345486229399,-0.49013882246089346],"GT_T":[71.65759745961608,100.16005354010957,714.4118304809531],"R_pred":[0.4404236316570039,-0.796263578168742,0.41471838488300433,0.7575857751045804,0.08174208929148088,-0.647597115649426,0.48175804927084326,0.5994018225866313,0.6392391078794981],"T_pred":[27.582618155558613,103.39539832767738,507.50450096209676],"rotation_error":89.00185258510851,"translation_error":211.57437053001513,"ADD":0,"ADD_S":0}}
{"id_image":1246,"data":{"Best_template_id":51,"GT_R":[-0.08017053405674347,-0.9928851890346587,-0.08803522925218228,-0.48010150962509107,0.115863201265343,-0.8695277367042521,0.8735421707620975,-0.02744458761915089,-0.48597480813786426],"GT_T":[63.80477779056852,104.11153008923243,708.9213807710937],"R_pred":[0.38648139348627375,-0.9210230729468871,0.04846268243073115,0.03245125930586251,-0.03893342929133975,-0.9987147259618637,0.9217261243223892,0.3875573340592201,0.014841312561165554],"T_pred":[48.49632532276956,121.9773586227802,713.556071910457],"rotation_error":40.76200413174767,"translation_error":23.97951017235929,"ADD":0,"ADD_S":1}}
{"id_image":1263,"data":{"Best_template_id":51,"GT_R":[-0.09035931943249222,-0.991877808499813,-0.08951006875063718,-0.48766513494705893,0.1224316521222536,-0.8644030091659747,0.8683418349536093,-0.03445592828642202,-0.4947674427136489],"GT_T":[63.02784741091625,96.40148781783034,705.0225873883487],"R_pred":[0.22067934392248706,-0.9734948886941307,0.0600693670046788,-0.1055716430109438,-0.08506690497371949,-0.990766496138299,0.9696160350148457,0.2123000785788699,-0.1215459636413122],"T_pred":[67.55854882424016,130.5681274225314,864.5652255769213],"rotation_error":29.971893328210673,"translation_error":163.22297607060105,"ADD":0,"ADD_S":0}}
{"id_image":1266,"data":{"Best_template_id":51,"GT_R":[-0.09171919740743907,-0.9917844228507259,-0.08916081038132317,-0.48864627825408513,0.12284355996013711,-0.8637907990819113,0.8676479969238221,-0.03565741449684326,-0.4958992047179332],"GT_T":[63.22102357989724,94.61940473395939,704.6195531574095],"R_pred":[-0.0481092525124287,-0.9692428222952727,0.24135834614073237,-0.2627795051617965,-0.22084421595868486,-0.9392415897651225,0.9636557639995812,-0.1086102375777162,-0.2440724990729093],"T_pred":[27.14013806647165,83.82966667047859,642.2253541767295],"rotation_error":24.647590091981986,"translation_error":72.8785620971774,"ADD":0,"ADD_S":0}}
{"id_image":1280,"data":{"Best_template_id":51,"GT_R":[-0.10613859817378576,-0.9898723549991569,-0.09426551464022957,-0.4937900201457666,0.1347558283475128,-0.8590763845303604,0.8630796278237154,-0.04463340057533163,-0.5030917090560862],"GT_T":[64.24429126383914,91.18570603105613,704.2427806332761],"R_pred":[-0.9684246698204799,0.23518085649017834,0.08272619671930243,-0.10774364641202393,-0.09557720265865821,-0.989573799668214,-0.22482207529718995,-0.9672409022950238,0.11789856397163068],"T_pred":[227.269049247039,211.027832831835,1401.9472994495336],"rotation_error":103.22494033411245,"translation_error":726.4508260358991,"ADD":0,"ADD_S":0}}
{"id_image":1284,"data":{"Best_template_id":51,"GT_R":[-0.10797280341082173,-0.9898090070603431,-0.09283544287958075,-0.49426803405338543,0.1344693445679851,-0.8588455684604599,0.8625781630145769,-0.046846282890630794,-0.5037505867736456],"GT_T":[65.489364735316,90.24392429742052,704.4726688528722],"R_pred":[0.4678332884157343,-0.8683445361721934,0.16465048056418957,0.47002928978206227,0.0866809865165465,-0.8783842401383851,0.7484680894982032,0.488327935998358,0.4486996165883063],"T_pred":[30.38788249897701,99.26568634495352,566.8217393482024],"rotation_error":68.77288022453138,"translation_error":142.3421393654384,"ADD":0,"ADD_S":0}}
{"id_image":1480,"data":{"Best_template_id":51,"GT_R":[-0.19343751024310302,-0.97702076513959,-0.08950757745659091,-0.423281728417959,0.16541026386233115,-0.8907703648287864,0.8851075036844098,-0.1344215635279431,-0.44555157770960996],"GT_T":[74.92350051160722,110.95300948380529,782.3626598071633],"R_pred":[-0.051636612330981824,-0.9985142054824725,-0.01740809342480848,0.04825545278472748,0.01491628891938801,-0.99872364325744,0.9974994092948231,-0.05241074102300319,0.04741352846919178],"T_pred":[32.99392329952917,109.01942966456765,613.4082536193804],"rotation_error":30.25375469027685,"translation_error":174.09026264087058,"ADD":0,"ADD_S":0}}
{"id_image":1542,"data":{"Best_template_id":51,"GT_R":[-0.22268848907885302,-0.9716801694071657,-0.07903600871751265,-0.4445699854210197,0.17336797213476465,-0.8788059507595223,0.8676219025894583,-0.1605629479831595,-0.4705873916998699],"GT_T":[75.79003404981688,62.63886744105711,779.5125351882263],"R_pred":[0.0685638117515669,0.9940102463146051,0.08510366584157197,0.6575276903493209,0.019130998613767436,-0.7531874543006725,-0.7503041650837234,0.10759941967138237,-0.652277567255228],"T_pred":[70.17846229752745,24.76051992063606,4.893144402491772],"rotation_error":171.16185731239275,"translation_error":775.5652516259811,"ADD":0,"ADD_S":0}}
{"id_image":1564,"data":{"Best_template_id":51,"GT_R":[-0.23278393132055294,-0.969550494223208,-0.07604131087422407,-0.44456855783005544,0.17562738530310923,-0.8783583416250264,0.8649686620590856,-0.17066192387062568,-0.471914845974018],"GT_T":[75.56083706098542,59.17067679628881,775.0006155292468],"R_pred":[0.7531360520912955,-0.6561437997169548,0.0475541915432704,0.34098482920468437,0.32752695305907087,-0.8811670904386372,0.5625970434445862,0.6798539616070777,0.4704074378605982],"T_pred":[96.37518691137292,88.82450150243861,803.6680648684613],"rotation_error":81.785642745388,"translation_error":46.19966591885504,"ADD":0,"ADD_S":0}}
{"id_image":1592,"data":{"Best_template_id":51,"GT_R":[-0.24598681236576156,-0.9657012522384256,-0.0831334007294896,-0.4399681724548912,0.1876701057547296,-0.8781842628550167,0.8636659115060822,-0.17944557697607824,-0.4710427064248225],"GT_T":[79.74382979674077,62.67635914499597,773.5861492753043],"R_pred":[0.5165799052405509,-0.846483588958968,-0.12888264089786683,-0.06483625364348067,0.11141878193517007,-0.9916562485284713,0.853780687129395,0.5206259584915335,0.002673879135300289],"T_pred":[47.96045158534903,56.00695430395018,598.716696509344],"rotation_error":50.79908403240755,"translation_error":177.85946587721588,"ADD":0,"ADD_S":0}}
{"id_image":1593,"data":{"Best_template_id":51,"GT_R":[-0.24488545780532167,-0.9659238132623561,-0.08379677612027672,-0.43786355469843874,0.18729216672479787,-0.8793157447532524,0.8650474259658275,-0.17863999870804764,-0.46880819239742144],"GT_T":[79.96408628236192,63.01040566135731,773.1838893340733],"R_pred":[0.5403023058681398,-0.8414709848078965,0.0,0.8414709848078965,0.5403023058681398,0.0,0.0,0.0,1.0],"T_pred":[0.0,0.0,0.0],"rotation_error":121.85620788456141,"translation_error":779.8576107484919,"ADD":0,"ADD_S":0}}
{"id_image":1613,"data":{"Best_template_id":51,"GT_R":[-0.2621756041787739,-0.9615854583362037,-0.08133927092915352,-0.43322078399283326,0.19259512413008745,-0.8804694162782206,0.8623132915565616,-0.19559924847373947,-0.46707233150266847],"GT_T":[77.22178553889611,67.25387423801399,770.5215890355929],"R_pred":[0.23091311604126336,-0.9685493670669056,-0.09268903060454575,0.0376071593523824,0.10407700651926444,-0.9938579769159341,0.9722473113388168,0.2260090712079615,0.060457136271544476],"T_pred":[44.605661372635595,68.07381132654486,659.4726951033879],"rotation_error":40.39926459829904,"translation_error":115.74256216286295,"ADD":0,"ADD_S":0}}
{"id_image":1629,"data":{"Best_template_id":51,"GT_R":[-0.2712505126293291,-0.9594072743966653,-0.07719911756049105,-0.4339670873742804,0.1934954309694275,-0.8799037628169678,0.8591255547698168,-0.20517242123780693,-0.4688374786237801],"GT_T":[74.53687731398317,67.54451324504265,762.5083572452551],"R_pred":[0.3648661360235811,-0.9181615601115553,-0.15444109659263688,-0.14622480118077397,0.10730906286336672,-0.9834139883828321,0.9195058511520546,0.38139758069618207,-0.09510454845187322],"T_pred":[44.46800395159197,62.85374506362966,640.6986695666873],"rotation_error":41.42343707372226,"translation_error":125.5537353636502,"ADD":0,"ADD_S":0}}
{"id_image":1656,"data":{"Best_template_id":51,"GT_R":[-0.2809954167362349,-0.9567863892813359,-0.07483536485332051,-0.44146749246259476,0.19810206925577903,-0.8751351596130214,0.8521430461504856,-0.2128716810136692,-0.4780555481100069],"GT_T":[74.70480869293749,58.754422176129644,756.9644134389938],"R_pred":[-0.006107382750623502,-0.9919089173616964,-0.12680457221364144,-0.31185355546836496,0.12237212519349905,-0.9422167600490696,0.9501105513663537,0.033789978306796975,-0.3100776959865855],"T_pred":[28.0915304946615,48.94102745084584,604.1886698073764],"rotation_error":18.4315155684046,"translation_error":160.02977305057263,"ADD":0,"ADD_S":0}}
{"id_image":1658,"data":{"Best_template_id":51,"GT_R":[-0.2814738993419485,-0.9566908066916776,-0.07426388384706105,-0.4423072049321584,0.19803493032467434,-0.8747258702504778,0.8515496044450095,-0.21336444480124125,-0.47889295363560397],"GT_T":[75.69783657515467,57.174797694967815,756.1309150940999],"R_pred":[0.7237406674830333,-0.6892429334070773,0.03381752474118177,0.16605811457989456,0.12638509440989093,-0.9779833896816313,0.6697941092704414,0.713422025633783,0.20592441459721575],"T_pred":[41.343653023775126,51.61027597249442,505.3086627166108],"rotation_error":73.14975347435282,"translation_error":253.22514906145994,"ADD":0,"ADD_S":0}}
{"id_image":1669,"data":{"Best_template_id":51,"GT_R":[-0.29010005069379513,-0.954078604657236,-0.07466699185607986,-0.4419780880249805,0.20277416591719535,-0.8738058220799244,0.8488209511519018,-0.22049034928220254,-0.4805072252543933],"GT_T":[72.2587217981035,60.8101391340161,749.4391291420238],"R_pred":[0.5529972154737105,-0.8200933831905423,0.1471085399472542,0.45351930852001454,0.14816534116088936,-0.8788442799940187,0.6989379918689858,0.5527150029859581,0.4538632051580981],"T_pred":[37.773114172550976,65.27963085225961,569.1127573384564],"rotation_error":76.64749273546755,"translation_error":183.64866963134108,"ADD":0,"ADD_S":0}}
{"id_image":1678,"data":{"Best_template_id":51,"GT_R":[-0.2999193429919623,-0.9508712961294034,-0.07675316127041046,-0.44128735320195933,0.2096188465762668,-0.8725393759555551,0.8457620537030489,-0.2278212474068455,-0.4824759957877248],"GT_T":[64.85306141156751,64.9978068391828,742.0157069517982],"R_pred":[0.08412713276169292,-0.9924783683711897,0.08893432323100997,-0.39715224912361496,-0.11525173317736814,-0.9104873030502222,0.9138887878452995,0.04127621972605944,-0.403860814063181],"T_pred":[48.48651615590924,54.04108325601603,811.7611756792456],"rotation_error":24.79834371910501,"translation_error":72.47305708533887,"ADD":0,"ADD_S":0}}
{"id_image":1695,"data":{"Best_template_id":51,"GT_R":[-0.30357990078635677,-0.9504765811620693,-0.06657934368016354,-0.44389110099141765,0.20291599545148803,-0.8728029509728931,0.8430900099715916,-0.2354115276159102,-0.48350910911867945],"GT_T":[59.48610634809558,61.702358487513635,732.7732232605235],"R_pred":[-0.44025018693078355,-0.8855549271534082,-0.14823037442350295,0.13070529257345975,0.10012297140593118,-0.9863526332352609,0.8883106998121189,-0.45361642561879145,0.07166755896592791],"T_pred":[-14.226551726010785,48.57664884554433,371.10668693787704],"rotation_error":35.438880273120986,"translation_error":369.3352456909245,"ADD":0,"ADD_S":0}}
{"id_image":1718,"data":{"Best_template_id":51,"GT_R":[-0.30515057550373514,-0.9505573568918954,-0.057646981158598204,-0.44758699895453585,0.19659037532607407,-0.8723634572878584,0.8405642753220629,-0.24039999086345443,-0.48544729574844914],"GT_T":[57.834159918651494,55.33544170693267,717.1416239780114],"R_pred":[0.9511719718693459,-0.20042256244602896,0.23473959272510447,0.2979317904339728,0.3973774752829867,-0.8679445779463839,0.08067544966709284,0.895500942824901,0.43768656961429087],"T_pred":[80.78239694316511,77.40254003784443,612.5739746954342],"rotation_error":112.68333881613096,"translation_error":109.30677786744717,"ADD":0,"ADD_S":0}}
{"id_image":1733,"data":{"Best_template_id":51,"GT_R":[-0.310290857540067,-0.9488718760484579,-0.05798121207455267,-0.4403552747647276,0.197518675727099,-0.8758267163304893,0.8425004913399159,-0.24622880039137346,-0.47912838946138225],"GT_T":[56.99911636321432,65.92331518460377,708.8437647051949],"R_pred":[0.8005369495446916,-0.5992719975430136,-0.0036966707300680746,0.28527474434946787,0.3864942627045038,-0.8770635696076129,0.5270283793592391,0.7010672277729922,0.48036010397686624],"T_pred":[55.814568097052316,90.9610508275847,640.2793427911009],"rotation_error":87.69135090659705,"translation_error":73.00254319636099,"ADD":0,"ADD_S":0}}
{"id_image":1743,"data":{"Best_template_id":51,"GT_R":[-0.3038384711998322,-0.9509801069177255,-0.0576019396485382,-0.43465418280816,0.1921655491165268,-0.8798562261464683,0.8477960584189896,-0.2422967756360646,-0.47173522614142166],"GT_T":[64.40004716272176,65.03108449668682,710.4285482919352],"R_pred":[0.5126088152120276,-0.854531983501442,-0.08370956779253286,0.4789281887254999,0.365481917169146,-0.7981545954678688,0.7126429629281645,0.36905020985694725,0.5966087076078508],"T_pred":[31.663266481802406,86.10646127732389,551.4798854547425],"rotation_error":76.72189881475397,"translation_error":163.64762672745354,"ADD":0,"ADD_S":0}}
{"id_image":1745,"data":{"Best_template_id":51,"GT_R":[-0.30117658632122973,-0.951956111387297,-0.05541744018649234,-0.43427390389580905,0.1886689116510499,-0.8808006655673548,0.8489399084553313,-0.24120982930178222,-0.470233007115986],"GT_T":[67.03369253609756,64.00001885917396,710.4355732025505],"R_pred":[0.18470660215061208,-0.9733503092390354,0.13591411488969568,-0.5465429371326753,-0.216667391002359,-0.8089165961621873,0.8168073756965983,0.07512933635075436,-0.5719976344593842],"T_pred":[15.757435812657933,25.645502563655224,559.9806597775572],"rotation_error":30.870339116225075,"translation_error":163.51453879564812,"ADD":0,"ADD_S":0}}
{"id_image":1756,"data":{"Best_template_id":51,"GT_R":[-0.31018046614295053,-0.9494696441316915,-0.04790575708141309,-0.4305353170335354,0.1852211399025853,-0.8833642845430839,0.8476013417408356,-0.2533765463729442,-0.46623254419362026],"GT_T":[66.72758612376448,61.64748115182787,707.7273634808981],"R_pred":[0.506167640311856,-0.8549850071277716,-0.11311479782880574,-0.03452609732566719,0.11096381649800555,-0.9932245365634375,0.8617437371426528,0.5066435324909627,0.026646997588713556],"T_pred":[37.78952382380082,60.289315588207536,615.2500918505407],"rotation_error":54.457465418961505,"translation_error":96.90872938786111,"ADD":0,"ADD_S":0}}
