{"id_image":1,"data":{"GT_R":[-0.800948688907598,-0.5846217918897804,-0.12922327391095034,-0.32509963474512815,0.6058899363040009,-0.7260905872177922,0.5027835198401196,-0.5395510646843446,-0.6753474131638211],"GT_T":[-63.65721185898687,-63.89735493556803,901.6481343625768],"R_pred":[-0.7867248011877706,-0.6013090349795892,-0.13961207558079797,-0.3830823570955287,0.6529166107759558,-0.65341243258372,0.48405784249219336,-0.46057284312555347,-0.7440165732677247],"T_pred":[-64.95465920652344,-71.03332689553366,947.5719796502902],"rotation_error":6.113329849704918,"translation_error":46.493064336983494,"ADD":0,"ADD_S":0}}
{"id_image":2,"data":{"GT_R":[-0.8002047412084199,-0.5856140350014508,-0.12934099171449,-0.32540374086211654,0.6051229729964571,-0.7265937875033784,0.5037704396600715,-0.5393356390740858,-0.6747837357064288],"GT_T":[-63.35430322914256,-63.15613217381248,901.863666504195],"R_pred":[-0.6532509658626764,-0.7370308414414753,0.17334564997008503,-0.41995624224031103,0.16220638617411054,-0.8929310403876285,0.629999944605456,-0.656105652352124,-0.41548218102430834],"T_pred":[-63.5178718384268,-57.49384576742334,983.5264522312891],"rotation_error":27.92425988386892,"translation_error":81.85901791951339,"ADD":0,"ADD_S":0}}
{"id_image":3,"data":{"GT_R":[-0.8012363244959155,-0.5845324306963483,-0.1278408218584709,-0.3259882711427546,0.605606862666959,-0.7259282456686301,0.5017492178061506,-0.5399659344097301,-0.6757841090172044],"GT_T":[-64.60566210097087,-62.34613496397131,901.734902623838],"R_pred":[0.12499238942663805,0.03939609256983577,0.9913752319256562,0.2557310153708939,0.9641697402205716,-0.07055749301362206,-0.958633689353129,0.2623445443176294,0.1104390768885003],"T_pred":[-89.37795328499378,-87.13052397546588,877.6363848563263],"rotation_error":134.2442274537452,"translation_error":42.5284717309497,"ADD":0,"ADD_S":0}}
{"id_image":4,"data":{"GT_R":[-0.8012827859952674,-0.5847203627886329,-0.12668135400809025,-0.32617900067553507,0.604450379400957,-0.7268064317786028,0.5015510314819722,-0.541056351472499,-0.6750593525703297],"GT_T":[-64.9853959328092,-62.07929984520486,901.8757290600746],"R_pred":[-0.652270423887964,-0.6902052346008748,0.3133050083394248,-0.38785092199333604,-0.05121708209928488,-0.9202980347746887,0.6512410893286256,-0.7217988255953223,-0.23428934875337093],"T_pred":[-61.88714514321894,-49.39231100454827,937.0336493686553],"rotation_error":40.257619212190164,"translation_error":37.50517569913059,"ADD":0,"ADD_S":0}}
{"id_image":5,"data":{"GT_R":[-0.8014352714128525,-0.5839994135275283,-0.12902252176649673,-0.32481446584810686,0.6061457690531139,-0.7260050341959201,0.502193026016041,-0.539936883067971,-0.6754781848822851],"GT_T":[-63.85944102468314,-62.672200032338324,901.9319274883725],"R_pred":[-0.7906050078718205,-0.5988100986742436,-0.1279460325830443,-0.3671766517758577,0.6308318054061243,-0.6835441022192499,0.490025538027019,-0.49343459446393956,-0.7186078715596832],"T_pred":[-65.88311725557233,-70.47776616344953,961.3629377547608],"rotation_error":3.7826129345513797,"translation_error":59.975554265035065,"ADD":0,"ADD_S":0}}
{"id_image":6,"data":{"GT_R":[-0.8008850734702625,-0.5845608989645361,-0.12989776846280368,-0.32483209192843804,0.6063336386261727,-0.7258405826951042,0.5030586519340392,-0.5391190650620515,-0.6754867993494501],"GT_T":[-63.371496615911695,-62.80677601948842,902.0294557362248],"R_pred":[-0.7437199671926612,-0.6663149504660929,-0.053898025792371684,-0.38378786285393984,0.49160244719479484,-0.7816865805667222,0.5473458565888231,-0.5606705099231254,-0.6213381467265553],"T_pred":[-65.5077877314032,-65.84645138121074,975.9500244964665],"rotation_error":8.194542458640619,"translation_error":74.01387607653322,"ADD":0,"ADD_S":0}}
{"id_image":7,"data":{"GT_R":[-0.8007661873790408,-0.5847483091219298,-0.12978835611091724,-0.32496185873687095,0.6061376615634173,-0.7259454463643097,0.5031648414382308,-0.5391358515585192,-0.6753951656937687],"GT_T":[-64.85471813663477,-61.79699388752459,902.233842524452],"R_pred":[-0.6826696708661267,-0.7112733163495717,0.1674884770024984,-0.4064231465649413,0.17910120027226062,-0.8959592546524021,0.6072745231077841,-0.6797154033197407,-0.41134489674006613],"T_pred":[-67.21578346189156,-56.76022122414052,992.083170753705],"rotation_error":27.018193840973975,"translation_error":90.02136130708517,"ADD":0,"ADD_S":0}}
{"id_image":8,"data":{"GT_R":[-0.8021498869784296,-0.5830475448079688,-0.12889028782411419,-0.32350269862415076,0.6057639330875244,-0.7269083865182024,0.5018990857880679,-0.5413927485102282,-0.6745304334954313],"GT_T":[-66.39919948720616,-60.764635255610244,902.3056873214467],"R_pred":[-0.7824200782947062,0.6066153543637963,-0.1408425820957273,-0.2691548384186049,-0.5333498484738186,-0.8019311766534641,-0.5615821347204348,-0.5895385915977346,0.5805770878873868],"T_pred":[-112.13731368386435,-38.5157816731342,1050.9912820141424],"rotation_error":110.95588365286814,"translation_error":157.14449607008692,"ADD":0,"ADD_S":0}}
{"id_image":9,"data":{"GT_R":[-0.8029185393429534,-0.5817394184285388,-0.130009604393919,-0.3217397914299091,0.606548474771108,-0.727037208951195,0.5018024449915159,-0.541920929688386,-0.674177921742144],"GT_T":[-66.84668199372189,-60.23692966412494,902.5142771587766],"R_pred":[-0.6288374599402546,-0.7684815367443709,0.11831980670580367,-0.4329362833913497,0.2196608550786111,-0.8742512700988305,0.6458557296325346,-0.6009868854052836,-0.4708345145289191],"T_pred":[-63.03414097920757,-53.0834540953108,930.4383205864465],"rotation_error":25.046762287570512,"translation_error":29.076792860481827,"ADD":0,"ADD_S":0}}
{"id_image":10,"data":{"GT_R":[-0.8021900990072114,-0.5822839030623885,-0.1320507220937205,-0.32124773641775284,0.607345904910092,-0.7265880692015765,0.5032811460728083,-0.5404408503035979,-0.6742644986049593],"GT_T":[-67.3785217980472,-60.10356544245482,902.7757256711508],"R_pred":[-0.7911601936709544,0.5724853021265103,-0.21523505011883257,-0.2426163331014245,-0.6168087245013438,-0.7487885631414546,-0.561429303530691,-0.5401921660188564,0.6268887946908128],"T_pred":[-109.05956479645432,-34.07131228747974,1016.962075615106],"rotation_error":114.71422870842044,"translation_error":124.3121476899308,"ADD":0,"ADD_S":0}}
{"id_image":11,"data":{"GT_R":[-0.8028195668646655,-0.5816225687780333,-0.13113480384147333,-0.3206734080827198,0.6066382470611041,-0.7274335830488221,0.5026428054441048,-0.5419458299783433,-0.6735313828417246],"GT_T":[-67.62726330418018,-59.69819436473759,903.0579593815831],"R_pred":[-0.7709514654741778,-0.5726227357495179,-0.278813630201171,-0.3255114736384647,0.7305400512368402,-0.6002945227707731,0.5474268155771442,-0.37204090640897663,-0.7496061936413376],"T_pred":[-56.73110498058526,-62.357898482193036,807.0085167906105],"rotation_error":12.251963616799273,"translation_error":96.70209777580732,"ADD":0,"ADD_S":0}}
{"id_image":12,"data":{"GT_R":[-0.8032764669382901,-0.5809376813564932,-0.131374711465596,-0.3204114826442486,0.6074230250805818,-0.7268939027767275,0.5020790180756772,-0.5418024429600077,-0.6740670120746477],"GT_T":[-67.72231477814279,-59.146669857838454,903.2510108972943],"R_pred":[-0.6689268177332397,-0.7170574723282663,0.19587111552109612,-0.40640241740532496,0.13216421426263358,-0.9040850046292375,0.6223937561097387,-0.6843691999546282,-0.37982207743767715],"T_pred":[-62.51979558028193,-48.7708964965959,924.3089927617164],"rotation_error":29.822231386494646,"translation_error":24.04498864733164,"ADD":0,"ADD_S":1}}
{"id_image":13,"data":{"GT_R":[-0.8029545328186545,-0.580940613258185,-0.13331486828272235,-0.3191522787484217,0.6079546125151871,-0.7270033838595774,0.503394616644619,-0.5412031260332203,-0.6735678633124119],"GT_T":[-67.92305711151677,-58.195194604940895,903.8685912324967],"R_pred":[-0.781133242547847,0.5875886782382047,-0.21111703529787842,-0.23661985610101338,-0.5915037164038283,-0.7708011398403579,-0.5777905339181509,-0.5521439112104186,0.6010783644649328],"T_pred":[-110.39681984014635,-31.74660433067784,1023.5056474894787],"rotation_error":113.78498211991024,"translation_error":129.6787325572704,"ADD":0,"ADD_S":0}}
{"id_image":14,"data":{"GT_R":[-0.8032404800249944,-0.5807931709456224,-0.13223051795017604,-0.31941602724940565,0.6073594684904943,-0.7273845804779562,0.5027713850816284,-0.5420277214040726,-0.6733705921839611],"GT_T":[-68.35706691292714,-57.07718573653511,904.2394143832395],"R_pred":[-0.8234683318283992,-0.564517908883635,-0.05674008305776154,-0.3728889714017614,0.6138709381994996,-0.6957846550772748,0.4276139865377301,-0.5517988780196224,-0.7160057798185682],"T_pred":[-77.1700636039479,-65.55072399638915,1026.3820551705978],"rotation_error":5.412236807306862,"translation_error":122.75298147021444,"ADD":0,"ADD_S":0}}
{"id_image":15,"data":{"GT_R":[-0.8031869386544257,-0.581111031144847,-0.1311567378114092,-0.3194340910639233,0.6059436465300628,-0.7285570814896601,0.5028456444016038,-0.5432714769527877,-0.6723115091021835],"GT_T":[-68.12334480325964,-56.59272283048616,904.7915578936662],"R_pred":[-0.8339650002838246,-0.5436086669422248,-0.0948261331432314,-0.352303269379807,0.6567804153642778,-0.6667247500867395,0.4247172997252403,-0.5226175496663152,-0.7392469899126252],"T_pred":[-77.50215546313724,-67.30612096217818,1031.0343070995575],"rotation_error":6.035134855902821,"translation_error":127.04318445309667,"ADD":0,"ADD_S":0}}
{"id_image":16,"data":{"GT_R":[-0.8029376726595129,-0.5805341893385924,-0.13517462972792552,-0.3167661225498315,0.6076920244982974,-0.7282650707744013,0.5049271444333794,-0.5419318855551993,-0.6718322562621469],"GT_T":[-67.50331382536513,-55.97283316178156,905.6141312314472],"R_pred":[-0.7511360278743454,-0.643258799866191,-0.1483670584188359,-0.35298826651783277,0.5812858287053058,-0.7331480539748579,0.5578476058296621,-0.4983220863468661,-0.6636875371204589],"T_pred":[-64.9050128903592,-59.218509918707795,932.2593511050314],"rotation_error":4.724703991582788,"translation_error":26.967634814179586,"ADD":0,"ADD_S":0}}
{"id_image":17,"data":{"GT_R":[-0.8021375542633302,-0.5815296479413495,-0.13564224113586565,-0.3167139954988298,0.6068910606176822,-0.7289551844475408,0.5062294252942569,-0.5417626801756592,-0.6709887831116405],"GT_T":[-67.18860711533448,-55.033002717832495,906.3203080460628],"R_pred":[-0.6303914078687227,-0.7568231956907034,0.1727000965541152,-0.41111314507452884,0.1367738379871528,-0.9012651658580805,0.6584775279629662,-0.6391490966173504,-0.3973610165340906],"T_pred":[-55.4210323513422,-41.843610951943866,869.3887894958725],"rotation_error":29.61234575916861,"translation_error":40.94353347481489,"ADD":0,"ADD_S":0}}
{"id_image":18,"data":{"GT_R":[-0.8021269349378665,-0.5815313884394104,-0.13570310154082366,-0.3163740028857092,0.6065851351434247,-0.7293569090520264,0.5064590471004989,-0.5421033810721818,-0.6705390607943367],"GT_T":[-66.68725273405563,-54.37318165569171,906.9374041152362],"R_pred":[-0.8161362250939419,-0.5769022899256991,-0.033247706205018795,-0.36855059516712596,0.5639727831034254,-0.7389892818712149,0.44507541034230136,-0.590862460981455,-0.6728963005631483],"T_pred":[-79.42105139535875,-63.077267142454055,1064.2875027156642],"rotation_error":5.942667160020162,"translation_error":158.10428287074294,"ADD":0,"ADD_S":0}}
{"id_image":19,"data":{"GT_R":[-0.803230876362672,-0.5798255504007783,-0.13647000909063026,-0.31450466976184205,0.6073808926897267,-0.7295034458761829,0.5058732074306477,-0.5430386210861124,-0.6702251577111796],"GT_T":[-66.69593539580654,-53.12783683928346,907.5284673292045],"R_pred":[-0.816324561527423,-0.576295213679142,-0.03870448213802116,-0.3510305493747492,0.5482181113931919,-0.7591010840106497,0.4586848195141432,-0.6060864039318105,-0.6498211348642673],"T_pred":[-75.70829722836625,-59.513256739861795,1040.207513853296],"rotation_error":6.02135022819378,"translation_error":133.13799472595977,"ADD":0,"ADD_S":0}}
{"id_image":20,"data":{"GT_R":[-0.8031131208519507,-0.5800747060012064,-0.1361031683958983,-0.3145729242669906,0.6067971724186522,-0.7299602200108679,0.5060181646927719,-0.5434255301065471,-0.6698026630830428],"GT_T":[-66.41229686397276,-52.05654815920162,908.2301117392145],"R_pred":[-0.6457801479827197,-0.7432204024353312,0.17490407049374632,-0.41170133459212843,0.14603332387448198,-0.8995422610490468,0.6430163384910816,-0.6529147737048347,-0.4002902530807957],"T_pred":[-58.6853157346816,-40.86941453087149,912.18761312894],"rotation_error":29.01357600136466,"translation_error":14.160508940013978,"ADD":0,"ADD_S":1}}
{"id_image":21,"data":{"GT_R":[-0.8035190983167791,-0.5798388620066028,-0.13470596374987928,-0.31430426183160015,0.6054236391285804,-0.7312153207694367,0.5055407992289235,-0.5452059774628576,-0.6687150045269358],"GT_T":[-65.90077515312372,-51.2320885168498,908.922754958214],"R_pred":[-0.760866650454114,-0.6032754755084424,-0.2390410861688839,-0.324383709108587,0.6726480921503037,-0.6650712393356905,0.5620116987142642,-0.42848949202590514,-0.7074882371684273],"T_pred":[-59.31249769935879,-54.532813665947536,879.1150530404077],"rotation_error":8.166460972540143,"translation_error":30.70503671937988,"ADD":0,"ADD_S":0}}
{"id_image":22,"data":{"GT_R":[-0.8031858451618097,-0.580051838403683,-0.13576563519523924,-0.31224403908506737,0.6039879040278773,-0.7332822047057109,0.5073426267260216,-0.5465697942094015,-0.6662318595674093],"GT_T":[-65.87653611773258,-50.35808361624798,909.6947661950536],"R_pred":[-0.8170316663389541,0.5418253094444612,-0.1971917600834424,-0.23289328651271066,-0.622966674725915,-0.7467752267437937,-0.5274656133784462,-0.5642143708080731,0.6351709773572387],"T_pred":[-105.83122185644673,-22.644404492307352,1037.2113066172076],"rotation_error":112.63221979128956,"translation_error":136.47304863708067,"ADD":0,"ADD_S":0}}
{"id_image":23,"data":{"GT_R":[-0.804177914226307,-0.578432591153202,-0.13680081966125754,-0.3106991194663571,0.6052815339917761,-0.7328715868432573,0.5067197416381485,-0.5468548832970618,-0.6664721412153017],"GT_T":[-66.16996899841276,-50.76341634945958,909.8609795666645],"R_pred":[-0.7592943532842118,-0.6329251774551206,-0.15125410676776674,-0.36047530746920103,0.602596944154864,-0.7119933114855824,0.5417837555480007,-0.48608913034403967,-0.6857023549512424],"T_pred":[-58.357373425123185,-53.66476118029626,881.3035760127501],"rotation_error":4.691846906158451,"translation_error":29.748609197075528,"ADD":0,"ADD_S":0}}
{"id_image":24,"data":{"GT_R":[-0.8044934916469194,-0.5775741911247009,-0.1385632205845571,-0.3094908390426018,0.6067390688457104,-0.7321770211889069,0.5069576932013771,-0.5461468091997091,-0.6668715964467904],"GT_T":[-65.26745808184795,-51.710846173258744,909.9004912842214],"R_pred":[-0.7437056400561946,0.6072979105139685,-0.2794479716046867,-0.2257891104629456,-0.6216416694515583,-0.7500539396588962,-0.629222693920807,-0.49472303634139314,0.5994396706660269],"T_pred":[-98.93472374567459,-21.36728107224723,941.0760822458334],"rotation_error":117.40006475548819,"translation_error":55.010309871184575,"ADD":0,"ADD_S":0}}
{"id_image":25,"data":{"GT_R":[-0.8051706039877274,-0.5765466425897657,-0.13891021785800683,-0.30891439298117884,0.6076867799434599,-0.7316336874937516,0.5062349573953416,-0.5461781791765438,-0.6673946335717619],"GT_T":[-64.90618837124718,-52.664660046441185,909.8897304046818],"R_pred":[-0.6748239518596248,-0.730610979545543,0.10402033726181054,-0.41457795735498293,0.25870531342790026,-0.8724658606957305,0.6105225231487603,-0.6318853989226796,-0.47747574949561306],"T_pred":[-57.78830357571174,-45.332092185437745,921.7386246104498],"rotation_error":22.587270086806058,"translation_error":15.646952716047254,"ADD":0,"ADD_S":1}}
{"id_image":26,"data":{"GT_R":[-0.8038061377372689,-0.5780429482832878,-0.1405815322258664,-0.3092792040687853,0.6079235644318454,-0.7312834659524725,0.5081761575235108,-0.5443307616437526,-0.6674293616558086],"GT_T":[-64.33919308307259,-53.039448704715134,910.0639953671617],"R_pred":[-0.8184079329511037,-0.5640090587582907,-0.11001016735415314,-0.35241028335441343,0.6438397040754317,-0.6791740775693097,0.45388924581748336,-0.5170727386883277,-0.7256861135756895],"T_pred":[-69.70610524953419,-60.40675895185889,999.487609695634],"rotation_error":4.844899236433881,"translation_error":89.88695014320781,"ADD":0,"ADD_S":0}}
{"id_image":27,"data":{"GT_R":[-0.8047735267630417,-0.5766372641256069,-0.14082002462381205,-0.3084415001092697,0.6089364225388743,-0.7307938698375515,0.5071535022919396,-0.5446891540219543,-0.6679150217799874],"GT_T":[-65.28216758843048,-52.67063059021569,909.9220056859909],"R_pred":[-0.7543981889870337,0.6113301854914559,-0.2390790178164235,-0.2267760200437235,-0.5845170774838266,-0.7790458413103138,-0.6160000074563412,-0.5334933836860096,0.5795936510841357],"T_pred":[-100.2766009454038,-22.187978447213084,945.0230896413232],"rotation_error":114.75037762657072,"translation_error":58.18838838192917,"ADD":0,"ADD_S":0}}
{"id_image":28,"data":{"GT_R":[-0.8051428685018872,-0.5756335030533729,-0.14279802872731595,-0.30717621529164246,0.6107052679159582,-0.7298511243956163,0.5073342050361472,-0.5437701384075319,-0.6685257666076463],"GT_T":[-66.42002915960408,-52.699209762342996,909.9992952191798],"R_pred":[-0.773683312287214,-0.606978259936976,-0.1816356910195958,-0.34156408133631694,0.6410477190296977,-0.6873076460128315,0.5336179444407423,-0.4697182281865401,-0.7032898943395492],"T_pred":[-62.49802923246457,-56.82459271709684,901.2356895543289],"rotation_error":4.926129063626242,"translation_error":10.449959435369198,"ADD":1,"ADD_S":1}}
{"id_image":29,"data":{"GT_R":[-0.8067577407514469,-0.5732241525728019,-0.14337612537670522,-0.3048144316322689,0.6116077946296234,-0.7300849429057197,0.5061926613229123,-0.5452979714479163,-0.6681463278414793],"GT_T":[-67.447529729356,-52.944886080228315,909.9589515637132],"R_pred":[-0.7352460420026767,0.6210934490852349,-0.27139673030971667,-0.22452647448559154,-0.6009803822382369,-0.7670791630724003,-0.6395319538337935,-0.5030561675083507,0.5813203698111243],"T_pred":[-101.62989138792518,-22.3812611380846,939.6340895298105],"rotation_error":116.77124011654523,"translation_error":54.6185209564316,"ADD":0,"ADD_S":0}}
{"id_image":30,"data":{"GT_R":[-0.8052444657184498,-0.5749938088676368,-0.14479145537673066,-0.30563575831828743,0.6117530827041209,-0.7296201922139447,0.5081035189104834,-0.5432689084143953,-0.6683494405253271],"GT_T":[-67.51914681982997,-53.77637643889526,910.0645680057122],"R_pred":[-0.7654454101446664,0.5992588408855595,-0.23448276207209615,-0.24486577366156675,-0.6082171172061637,-0.7550580714266591,-0.5950916542664548,-0.520538932221135,0.6122949804338547],"T_pred":[-100.91600650674003,-22.830256929219537,948.572578611433],"rotation_error":115.7657046545415,"translation_error":59.631195111825434,"ADD":0,"ADD_S":0}}
{"id_image":31,"data":{"GT_R":[-0.8053397015126751,-0.5746630401274136,-0.14557121393985695,-0.3050349015143964,0.6122596598014974,-0.7294463370431651,0.508312692470542,-0.5430476793169086,-0.6683698138565525],"GT_T":[-66.7643891839906,-54.156081791066576,910.0155771643515],"R_pred":[-0.7980257356055911,-0.5883150209529253,-0.13053873537120775,-0.3503119922706429,0.6291445456981757,-0.6938722135160115,0.4903431791944578,-0.5079985991510169,-0.7081673459557962],"T_pred":[-67.6992175494631,-58.32486515451778,955.9468096940188],"rotation_error":3.438290493480316,"translation_error":46.12950011108565,"ADD":0,"ADD_S":0}}
{"id_image":32,"data":{"GT_R":[-0.8056167525202491,-0.5743034457638471,-0.1454583474398283,-0.3051012968393943,0.6126497597294169,-0.7290907390883459,0.5078342016591771,-0.5429877082877539,-0.6687815700586479],"GT_T":[-67.6776642623405,-53.56838398876519,910.0934827893659],"R_pred":[-0.7575803963353286,-0.6377659208368891,-0.13902004642310117,-0.3481116614610947,0.5749164732521882,-0.7404656102332247,0.5521686465593665,-0.5125677311364231,-0.6575592039918967],"T_pred":[-62.13481722946261,-54.24368122441304,900.1716000207904],"rotation_error":4.584094622389769,"translation_error":11.385206948479803,"ADD":1,"ADD_S":1}}
{"id_image":33,"data":{"GT_R":[-0.80604672920639,-0.5737380619850889,-0.14530873858891816,-0.3041111356905221,0.6121189833994778,-0.7299503087974353,0.507745702437878,-0.5441840174233185,-0.6678765371278629],"GT_T":[-68.95943410167794,-53.07721547379481,910.3398485948246],"R_pred":[-0.7682683282163283,0.5532382199145667,-0.3220112542838365,-0.21156213919706987,-0.6942210387125151,-0.6879670127755229,-0.604156632933917,-0.46041787697121217,0.6503922981149716],"T_pred":[-100.8352473852778,-19.826600848610155,940.3694268391882],"rotation_error":120.01243817351641,"translation_error":54.98587468593931,"ADD":0,"ADD_S":0}}
{"id_image":34,"data":{"GT_R":[-0.8063469261804349,-0.5730341976612228,-0.14641270781202415,-0.30354269237043274,0.6134179713809311,-0.7290957649684509,0.5076088260322212,-0.543461355442791,-0.6685684910023363],"GT_T":[-68.45639243404788,-53.666981886090674,910.4480571720787],"R_pred":[-0.817323792418089,-0.568316905853293,-0.09485627479851752,-0.3458728788264742,0.6156033400891245,-0.7080992016401376,0.4608185869076894,-0.54593811205342,-0.6997126608601187],"T_pred":[-73.1443309302383,-62.12423719708794,1006.1748929494591],"rotation_error":3.669854552814011,"translation_error":96.21397519429811,"ADD":0,"ADD_S":0}}
{"id_image":35,"data":{"GT_R":[-0.8063310452559905,-0.5727245246480291,-0.14770856887916517,-0.3025664547743111,0.6139956523939816,-0.7290146898867611,0.5082168259979838,-0.5431351898987334,-0.6683711284609214],"GT_T":[-66.85976061428335,-54.751797400964314,910.6350916930762],"R_pred":[-0.8528016371645477,-0.5210547002954218,-0.0350908385410707,-0.3534315419007695,0.625311578363495,-0.6957525243606371,0.3844678306947304,-0.5809366826639566,-0.7174239039063903],"T_pred":[-79.99839715672475,-66.55973434733164,1084.4386256425278],"rotation_error":8.158413056235142,"translation_error":174.69893977480777,"ADD":0,"ADD_S":0}}
{"id_image":36,"data":{"GT_R":[-0.8057228565212418,-0.5726957572710811,-0.1510991512136831,-0.30125713320249553,0.6158987054242403,-0.7279513533089431,0.509956268418774,-0.5410069640625798,-0.6687730016050802],"GT_T":[-66.10234039334908,-55.451268703214225,911.0319901498262],"R_pred":[-0.7477279364808311,-0.6045334499846142,-0.2746675096472424,-0.31967386985031365,0.6902984902183571,-0.6490736563265997,0.5819893039747748,-0.3975264799380742,-0.7094090130573484],"T_pred":[-55.322198429623256,-57.53303268020191,839.7735028833066],"rotation_error":9.866967541410446,"translation_error":72.09935651257025,"ADD":0,"ADD_S":0}}
{"id_image":37,"data":{"GT_R":[-0.8062380927701932,-0.5711139738341527,-0.154302830763422,-0.29869011630149805,0.618114150056381,-0.7271312535251065,0.5106512137310956,-0.5401523856406701,-0.6689333492524417],"GT_T":[-65.44810207107568,-55.4386729966362,911.5734650076679],"R_pred":[-0.599742285507335,-0.7926322069403053,0.10974231406061791,-0.4057347118129997,0.1830157877195394,-0.8954800751973314,0.6897017722207623,-0.5815835330942042,-0.43136070686746875],"T_pred":[-55.0497363462106,-43.70771127101024,910.0084252808173],"rotation_error":28.380406371379912,"translation_error":15.754073190853555,"ADD":0,"ADD_S":1}}
{"id_image":38,"data":{"GT_R":[-0.8067667397582727,-0.5697784098796287,-0.1564630711313701,-0.29635361475801814,0.6192793782809859,-0.7270960178485855,0.5111772574186245,-0.5402283076099931,-0.668469863870001],"GT_T":[-65.25425507968649,-54.59303377345766,912.2103757512999],"R_pred":[-0.8131232047741814,-0.5728778437968878,-0.10315827617982559,-0.3477887623466104,0.6202454654389721,-0.7030921272406659,0.46676935486723786,-0.5358232345550354,-0.7035764568743058],"T_pred":[-70.20804122654008,-59.73171879252478,1005.5656857102973],"rotation_error":3.915271389653414,"translation_error":93.62777354211956,"ADD":0,"ADD_S":0}}
{"id_image":39,"data":{"GT_R":[-0.8076555497437635,-0.5683116302679475,-0.15721175130142676,-0.29501983294269934,0.6203104847297574,-0.7267589318836459,0.5105455753966995,-0.540589987318767,-0.6686602915913661],"GT_T":[-66.0376666443637,-53.74361916194628,912.9739130293354],"R_pred":[-0.716633016090736,-0.6965920537420409,0.03459235337673039,-0.3622734312684608,0.3293966842931896,-0.8719264793396452,0.5959824504510772,-0.6373831932519861,-0.4884133328587895],"T_pred":[-63.62070644021094,-49.701329341871336,971.8650109109005],"rotation_error":19.130964349247762,"translation_error":59.07912671421286,"ADD":0,"ADD_S":0}}
{"id_image":40,"data":{"GT_R":[-0.8086224761348159,-0.5664296587363593,-0.1590254480144887,-0.29224012617885264,0.621309365432675,-0.7270290354463189,0.5106134847251224,-0.541417836466671,-0.6679374202029414],"GT_T":[-66.07523438833864,-53.481661649636074,913.7968428792989],"R_pred":[-0.7998531457865061,-0.5801109335568101,-0.1539683407174232,-0.3379079332590577,0.6472568860452432,-0.6832838005599198,0.4960374721893725,-0.4944995735436606,-0.7137345430544296],"T_pred":[-64.4594406280918,-57.42664390246915,943.7972680537621],"rotation_error":3.9435193333887257,"translation_error":30.301801680748063,"ADD":0,"ADD_S":0}}
{"id_image":41,"data":{"GT_R":[-0.8076846450423626,-0.567404220171463,-0.16031015232482507,-0.2917896428247944,0.6209112883861716,-0.7275493362578747,0.5123525862098275,-0.5408531612370802,-0.6670630005827775],"GT_T":[-66.22134605042231,-53.07456071230493,914.8187655471315],"R_pred":[-0.7330766536707833,0.6314789441805861,-0.252651861064625,-0.2443231009048237,-0.5911666601519785,-0.7686534994970142,-0.6347478571898433,-0.5017532490989245,0.5876553707842502],"T_pred":[-97.90048294050906,-19.050085353437662,928.6724529640592],"rotation_error":117.00341437863275,"translation_error":48.50935263011619,"ADD":0,"ADD_S":0}}
{"id_image":42,"data":{"GT_R":[-0.8081097551445041,-0.566651328327509,-0.1608273976243514,-0.2903859402907971,0.6208034665769672,-0.7282031823516196,0.51247912174466,-0.5417650820956664,-0.666224958523536],"GT_T":[-66.43216181207701,-52.36769692465619,915.7276159035804],"R_pred":[-0.8251066047046725,-0.5609953343356087,-0.0669576412846675,-0.3486838823660263,0.5988885841858155,-0.7209382871717006,0.4445431824366253,-0.5715038920126344,-0.689756957459313],"T_pred":[-67.30176800561615,-56.24369875092022,982.6043208102592],"rotation_error":5.603790188938584,"translation_error":66.99457637946553,"ADD":0,"ADD_S":0}}
{"id_image":43,"data":{"GT_R":[-0.8080658956504834,-0.5657454769350425,-0.1642025639221147,-0.28793088185402305,0.6224789497409392,-0.7277472896503567,0.5139324231115128,-0.5407879710037874,-0.6659000222382425],"GT_T":[-66.04548742166776,-52.7705848741301,916.6536671127333],"R_pred":[-0.8021881098726786,-0.5832394751975726,-0.1277730446931567,-0.33861421570720807,0.620658641167336,-0.707193936671765,0.4917668647844135,-0.5240367980548466,-0.69537815969768],"T_pred":[-62.9045818950572,-55.273989293688594,940.5336382282374],"rotation_error":3.2163569874846756,"translation_error":24.21539472509723,"ADD":0,"ADD_S":1}}
{"id_image":44,"data":{"GT_R":[-0.8098303418902866,-0.5628865676333608,-0.16533169794732272,-0.28535019110022863,0.6241660101987616,-0.7273186205500941,0.5125917753901532,-0.5418272248290426,-0.6660879223798726],"GT_T":[-66.13584935419568,-52.969145991224266,917.2849803326048],"R_pred":[-0.8319813531769552,-0.5489717408828079,-0.080231263718963,-0.3364468938441979,0.6142179024830418,-0.713820604838445,0.44114681863120525,-0.5668918732716424,-0.6957176786816148],"T_pred":[-70.45034608473817,-57.75378326410274,1018.7989595050682],"rotation_error":5.350344737191973,"translation_error":101.71821667380037,"ADD":0,"ADD_S":0}}
{"id_image":45,"data":{"GT_R":[-0.8084605844655736,-0.5641051121652505,-0.16786347503603669,-0.28426421679694713,0.6240009855679886,-0.7278857806213395,0.5153500910785997,-0.540748903500998,-0.6648348543627396],"GT_T":[-65.80129885101586,-52.95762619563704,918.3584041208367],"R_pred":[-0.8424601494684931,-0.5278677432664365,-0.10778006390944372,-0.3197788939315719,0.6509340448553028,-0.6884956995103281,0.4335923841045005,-0.5455644002930496,-0.7171869558068248],"T_pred":[-74.35474300357596,-58.991198950691455,1055.9510748108632],"rotation_error":5.595954046564402,"translation_error":137.99024760712476,"ADD":0,"ADD_S":0}}
{"id_image":46,"data":{"GT_R":[-0.80872756644924,-0.5630990143078067,-0.16994115075004446,-0.28214438347950066,0.6249056948398829,-0.7279342928425909,0.516096288414625,-0.5407523674702992,-0.6642529887054621],"GT_T":[-66.6303126759433,-51.8232437111466,919.3219818739886],"R_pred":[-0.6704077044527087,-0.7418707829895335,-0.01346295498567035,-0.35960278106915705,0.340726946482124,-0.8686719678844805,0.6490295445184122,-0.5775230638575959,-0.49520476679325076],"T_pred":[-59.07609679185382,-43.31183907924122,931.646798838667],"rotation_error":19.513126126757808,"translation_error":16.775318168197987,"ADD":0,"ADD_S":1}}
{"id_image":47,"data":{"GT_R":[-0.8096176838910224,-0.5612166423369065,-0.17191838993247216,-0.27940566135780337,0.6260784804083145,-0.7279829462779569,0.516190449859292,-0.5413526501981228,-0.6636908443346038],"GT_T":[-68.80610932053276,-50.5559304943341,920.2886560321936],"R_pred":[-0.8073637831683802,-0.5777830908934836,-0.1197097385579517,-0.3031827166184259,0.5802636230011267,-0.7558930930796215,0.5062054543087342,-0.5739867835579304,-0.6436576810144579],"T_pred":[-69.49363867407168,-51.59655070365081,977.645001591754],"rotation_error":3.6270251029763183,"translation_error":57.36990467989048,"ADD":0,"ADD_S":0}}
{"id_image":48,"data":{"GT_R":[-0.8114217684558727,-0.5584626700290579,-0.1723809823420886,-0.2761811042528038,0.6263049069156329,-0.7290176326565333,0.5150921077277459,-0.5439321646376408,-0.6624336251154679],"GT_T":[-70.27488491236561,-49.39044611710114,921.0917926262889],"R_pred":[-0.6596223347668977,-0.7244575167573857,0.2001491491123281,-0.35096049805774077,0.06140747455027595,-0.9343745773898282,0.664624032276692,-0.6865787853430076,-0.2947617126378377],"T_pred":[-57.76775690302024,-31.91713764718233,895.7260428598607],"rotation_error":35.26745193644789,"translation_error":33.244037377252155,"ADD":0,"ADD_S":0}}
{"id_image":49,"data":{"GT_R":[-0.8129971538763581,-0.5555576550709642,-0.174334868682755,-0.27175415189098623,0.626828947442818,-0.7302296584181949,0.5149626793013325,-0.5462974174260229,-0.6605854107659559],"GT_T":[-71.06121538029255,-47.863771559968946,921.9152725380409],"R_pred":[-0.7623394428634799,-0.5890745438429064,-0.2680107379394918,-0.276569710864662,0.6709383893210263,-0.6880049947257247,0.5851049212635596,-0.45036969206595057,-0.6744029741790769],"T_pred":[-60.94313791922376,-48.2372568630004,864.3639374156057],"rotation_error":7.083200134105295,"translation_error":58.43518766252579,"ADD":0,"ADD_S":0}}
{"id_image":50,"data":{"GT_R":[-0.8128772474029871,-0.5556859680816418,-0.1744844463168305,-0.27116967418123444,0.6262043884722241,-0.7309825120090022,0.5154598163823305,-0.546883792136961,-0.6597122640700162],"GT_T":[-72.40535473266208,-47.62794406189989,922.7053998992369],"R_pred":[-0.8014975976635617,0.5531339842929062,-0.22725403485921772,-0.21773512850181842,-0.6238752859672436,-0.7505804696204044,-0.5569497416785792,-0.5521072567713137,0.6204712420931524],"T_pred":[-107.41428875834038,-14.367495452983336,1009.2433841541817],"rotation_error":113.37970627800398,"translation_error":99.0994733698911,"ADD":0,"ADD_S":0}}
{"id_image":51,"data":{"GT_R":[-0.813530851332494,-0.5543599519398813,-0.17565152119865665,-0.2697152216924897,0.6272990573169269,-0.7305813083309592,0.5151905769269619,-0.5469745992957264,-0.6598470621197163],"GT_T":[-73.10401330068886,-47.637774077365876,923.0508035312445],"R_pred":[-0.692367183718783,0.6101023303268397,-0.38523087809660383,-0.19112118993551885,-0.6698947545952676,-0.7174355082677308,-0.6957732199984072,-0.4231030185374547,0.580416627981609],"T_pred":[-93.57617959416037,-7.588346657396535,832.0944737486292],"rotation_error":122.06744512076219,"translation_error":101.46979923572732,"ADD":0,"ADD_S":0}}
{"id_image":52,"data":{"GT_R":[-0.8143226339153449,-0.5521127322661079,-0.17902827106332397,-0.2658803465308244,0.6290258674822111,-0.7305029721641583,0.51593344207002,-0.5472645130428664,-0.6590258659163016],"GT_T":[-73.68678498695748,-47.58746032048817,923.6616886633732],"R_pred":[-0.7996503688813971,0.5297448390684505,-0.2827183988144161,-0.19238580033699815,-0.6720400124807733,-0.7150873551207118,-0.5688119121260897,-0.5174288618787937,0.6393124287218876],"T_pred":[-105.18440707492131,-13.309823443431597,981.1601722965978],"rotation_error":115.83361472282778,"translation_error":73.9806204839601,"ADD":0,"ADD_S":0}}
{"id_image":53,"data":{"GT_R":[-0.814011108360721,-0.5528676961570819,-0.17811546172767465,-0.26693782909935565,0.6284136724423668,-0.7306442910989767,0.5158792618513599,-0.5472061553185764,-0.6591160335264488],"GT_T":[-72.95900428712554,-48.16891783504253,924.0043227904106],"R_pred":[-0.6384393872489134,-0.7580070403585181,0.1334933540523724,-0.4153945934823188,0.19333268914423796,-0.8888587081274035,0.64795252952272,-0.6229348265068966,-0.43830322997889404],"T_pred":[-55.2386771580581,-31.82306790226995,863.580422913765],"rotation_error":28.306578067245187,"translation_error":65.05570290058185,"ADD":0,"ADD_S":0}}
{"id_image":54,"data":{"GT_R":[-0.8146897899040437,-0.5500804235241994,-0.1835557740293576,-0.26195598508925494,0.6314903189257834,-0.7297939215844584,0.517359079966011,-0.5464718800551421,-0.6585657903478356],"GT_T":[-73.70306602450472,-46.2164569456191,925.4116655675738],"R_pred":[-0.7764111180163968,0.5624120932748158,-0.284391302888764,-0.1944746936743871,-0.6430346493975603,-0.7407334427406461,-0.5994709078352194,-0.5198067689174476,0.6086341706204326],"T_pred":[-103.74780069079773,-11.028586152084195,962.2725922327228],"rotation_error":115.66086923525862,"translation_error":59.15741920303783,"ADD":0,"ADD_S":0}}
{"id_image":55,"data":{"GT_R":[-0.8163820224907641,-0.5480726416750391,-0.18203974767526088,-0.26004049578489874,0.6303074958014062,-0.7314997804506,0.5156553357628946,-0.5498441928411287,-0.6570928496392673],"GT_T":[-77.0279146222146,-43.84069608791944,926.2929060256841],"R_pred":[-0.7566180781665552,0.571742947824859,-0.31723663944142555,-0.19301761985540525,-0.6588588307340063,-0.7270826910256991,-0.6247185624078275,-0.48889164727612044,0.6088609652512949],"T_pred":[-106.38036538730081,-7.469358888957461,950.7659869586043],"rotation_error":117.53405332108917,"translation_error":52.75767456879301,"ADD":0,"ADD_S":0}}
{"id_image":56,"data":{"GT_R":[-0.8173160941776955,-0.5464442712349683,-0.182739541195194,-0.25699224581342967,0.6295777098992005,-0.7332030934745589,0.5157037156447598,-0.552295871156704,-0.6549962536484857],"GT_T":[-78.9411275803189,-41.58576502771916,927.2560341595076],"R_pred":[-0.6439469236345899,-0.7541138791621715,0.12901401782957278,-0.316260937802026,0.10883142120987466,-0.9424090093892471,0.696642934911516,-0.6476634766701151,-0.30857842151623105],"T_pred":[-61.18942373755189,-25.556610747485387,860.0322644347577],"rotation_error":33.14044651686503,"translation_error":71.35188849825244,"ADD":0,"ADD_S":0}}
{"id_image":57,"data":{"GT_R":[-0.8182195376196967,-0.5450634909554427,-0.18282257516670286,-0.2548181984833268,0.6288971413221313,-0.7345453286429754,0.5153497252916585,-0.554432245213972,-0.6534670987848903],"GT_T":[-78.80084510162362,-40.313796433103604,928.4504165828517],"R_pred":[-0.8004405069574747,0.5297043369701924,-0.2805500137526815,-0.19143251774934805,-0.6694367009438169,-0.7177799764395801,-0.5680216421667457,-0.5208337727379316,0.6372468871683612],"T_pred":[-110.47955187588458,-4.678585353075004,994.0504299452563],"rotation_error":115.08303694938073,"translation_error":81.0972902429881,"ADD":0,"ADD_S":0}}
{"id_image":58,"data":{"GT_R":[-0.8172039385969303,-0.5464779708786771,-0.18313944383616598,-0.25538186777517197,0.6281982276486975,-0.7349472871506596,0.516680475940829,-0.5538315961740741,-0.6529267926651212],"GT_T":[-77.80636520668318,-39.52966077298419,929.4584620119064],"R_pred":[-0.7109254178106088,-0.6958959869312754,0.10155700706380294,-0.317831252572632,0.18910577097731618,-0.929097574139114,0.6273502571920433,-0.6927970718442887,-0.3556175924290814],"T_pred":[-67.10760968892072,-26.893027241047417,926.6233348452511],"rotation_error":28.024680477127514,"translation_error":16.79838750298458,"ADD":0,"ADD_S":1}}
{"id_image":59,"data":{"GT_R":[-0.8167709803786423,-0.54737623042414,-0.18239031185756072,-0.25512419482563253,0.6261795282124818,-0.7367572109147151,0.5174916590462255,-0.5552282525842552,-0.6510941754473047],"GT_T":[-77.00205751813559,-38.78468312288972,930.771866242043],"R_pred":[-0.6977661788848548,-0.686538667240457,0.20441873198933058,-0.32200706051818906,0.045708263312105646,-0.9456332310369735,0.6398701529067159,-0.7256551612499478,-0.2529639784049259],"T_pred":[-65.89518952889948,-21.28928827055439,921.7467014893659],"rotation_error":36.16525277487104,"translation_error":22.60320677210212,"ADD":0,"ADD_S":1}}
{"id_image":60,"data":{"GT_R":[-0.8172689313825318,-0.5460092285178326,-0.18424736594210092,-0.25232843442829417,0.6265251204169763,-0.7374255039853509,0.5180767845170464,-0.55618367735131,-0.6498134106226615],"GT_T":[-75.37688289809358,-37.98477579116113,932.1927528960923],"R_pred":[-0.7585961475908145,-0.626635047938265,-0.17849482221001192,-0.2894084050248328,0.5695025735860653,-0.7693566102788949,0.5837590769841251,-0.5319730588801066,-0.6133759081219159],"T_pred":[-63.8740782385868,-35.55906144898589,899.0766772644185],"rotation_error":5.991095826814353,"translation_error":35.14076081059348,"ADD":0,"ADD_S":0}}
{"id_image":61,"data":{"GT_R":[-0.8161295248568352,-0.5470075266241169,-0.18632301117760772,-0.25107007293097505,0.6260588541272725,-0.7382509440309193,0.5204772773498627,-0.5557279677487607,-0.6482819826181312],"GT_T":[-73.79658059051435,-37.14755277404755,933.8110522608473],"R_pred":[-0.8159216228522276,-0.550159969228344,-0.17775239413536678,-0.2912277423952352,0.6566759653331697,-0.695674549349855,0.4994580136723824,-0.5158494788331348,-0.6960179651172959],"T_pred":[-66.1024794598916,-37.366087140074654,923.0203632436891],"rotation_error":3.791779449757904,"translation_error":13.254656500355052,"ADD":0,"ADD_S":1}}
{"id_image":62,"data":{"GT_R":[-0.8149234464946958,-0.5479204343711883,-0.18890232579240446,-0.2505776887515412,0.6269910258226243,-0.7376275093945518,0.5226011793087079,-0.5537742951698459,-0.6482455168275777],"GT_T":[-72.70958181361138,-36.032741766295494,935.3485189957016],"R_pred":[-0.8021265530675905,-0.5343780138563916,-0.2665204141727307,-0.25871795615629545,0.7132432233233282,-0.6514208497934779,0.5381988591833087,-0.4535683440125047,-0.7103645157829458],"T_pred":[-57.67934945612648,-36.80901192353384,834.7584571296461],"rotation_error":7.633703206488007,"translation_error":101.70973909264482,"ADD":0,"ADD_S":0}}
{"id_image":63,"data":{"GT_R":[-0.8150876447714908,-0.54791462970183,-0.18820825117082896,-0.24930507687595777,0.624978652163538,-0.7397630309730089,0.5229526006966536,-0.5560506404865472,-0.6460101783105074],"GT_T":[-72.39236845819762,-33.82057395108727,936.8613070202983],"R_pred":[-0.7322414958838618,-0.6809386211167665,0.01204101230632848,-0.29764615961091295,0.30406890297104705,-0.9049579359919769,0.6125595117004057,-0.6662317138335435,-0.42533063386944037],"T_pred":[-61.10395476464553,-23.719990796233375,924.6913193990383],"rotation_error":21.01822394766387,"translation_error":19.430868804212405,"ADD":0,"ADD_S":1}}
