{"id_image":1,"data":{"GT_R":[-0.7630850378965286,-0.6459310027194527,0.021784917094012195,-0.23791608153732055,0.24940775817574404,-0.9387177934933404,0.6009142146924277,-0.7215054182161463,-0.3439961790363487],"GT_T":[36.071930415934716,8.16719940180273,732.7526085460678],"R_pred":[-0.9932510199576018,-0.09775473621980427,0.062421333691136775,-0.09708083778189375,0.4062122623955112,-0.908607125668232,0.06346433871671073,-0.908534869680915,-0.4129608556329928],"T_pred":[-5.964797449821379,-57.99136669577622,1026.0597543948481],"rotation_error":35.1408390372424,"translation_error":303.6002703617127,"ADD":0,"ADD_S":0}}
{"id_image":2,"data":{"GT_R":[-0.7631863570546022,-0.6458719859544163,0.01989327330648387,-0.23669500105828992,0.2507762540228529,-0.938662118413383,0.601267020432368,-0.7210836577446706,-0.344263373543896],"GT_T":[36.759019029124666,7.58384141156229,732.7557395567596],"R_pred":[-0.6958018589733094,-0.6659947380159472,-0.2689066417631904,-0.5333073370011847,0.7298530930625324,-0.4276654613687661,0.4810852911386833,-0.15416053801840685,-0.8630130191184161],"T_pred":[-7.690868569903912,-590.6356536027562,4358.919613175153],"rotation_error":46.99807324385053,"translation_error":3675.4464756078146,"ADD":0,"ADD_S":0}}
{"id_image":3,"data":{"GT_R":[-0.762789067185149,-0.6463504985196726,0.019590688543639122,-0.23682394708001658,0.2510396606696522,-0.9385590532971909,0.6017206566620615,-0.7205628351820191,-0.34456142317956306],"GT_T":[37.149613739166824,7.529183301407819,732.6860568265383],"R_pred":[-0.9907539882599643,-0.12471363672378671,0.05341388922463637,-0.10194227741505013,0.42453882508170115,-0.8996524651628994,0.08952266094351376,-0.8967794014212058,-0.43332712627323067],"T_pred":[-10.083657664631,-116.73269395057419,1421.0823255531468],"rotation_error":33.80621613817611,"translation_error":701.1144121057621,"ADD":0,"ADD_S":0}}
{"id_image":4,"data":{"GT_R":[-0.7630975382725554,-0.6459710905061001,0.02008880298744952,-0.23715859299745387,0.2509735774205315,-0.9384922122089946,0.6011979759861867,-0.7209256253368397,-0.34471533443975255],"GT_T":[37.24203997542977,7.225881859519216,732.668563250682],"R_pred":[-0.9964316754506459,-0.02265328165362816,0.08130648798798246,-0.08319295868543711,0.42615232302506556,-0.9008180333483023,-0.014242464104981825,-0.9043677495414469,-0.4265162667537509],"T_pred":[-12.291816700802407,-83.87845390010052,1187.5271576601394],"rotation_error":39.682873115494296,"translation_error":466.52968164905684,"ADD":0,"ADD_S":0}}
{"id_image":5,"data":{"GT_R":[-0.7625214780415421,-0.6465958658264062,0.02178407126074538,-0.2388785988643554,0.2500945833796421,-0.9382903782416893,0.6012469763376651,-0.7206711312879496,-0.3451605102261646],"GT_T":[37.90410402475972,6.916378204712043,732.5737458688557],"R_pred":[-0.4723327995085621,-0.8213449883668331,-0.319834545653047,-0.2732368796486841,0.48142893620489036,-0.8328071727503779,0.8379996026897953,-0.30597155009790344,-0.4518164189385233],"T_pred":[20.859825407210767,-411.3740933756051,3351.862020586313],"rotation_error":30.02227954484393,"translation_error":2652.5324676845767,"ADD":0,"ADD_S":0}}
{"id_image":7,"data":{"GT_R":[-0.7633080265400722,-0.6457845451104859,0.017974965626973927,-0.23503018726675207,0.25166999520224387,-0.9388407459562119,0.6017659690857791,-0.7208496404943362,-0.3438800738251549],"GT_T":[37.82218592578952,6.31639561570638,732.8020521736962],"R_pred":[-0.9945221986630933,0.08611981669849919,0.05923658952154037,-0.024164847322355618,0.361932590268379,-0.9318910130779827,-0.1016939355134504,-0.9282177423823781,-0.3578689232195882],"T_pred":[-10.486946496775198,-56.864529671269736,1022.0118210062182],"rotation_error":45.28286579225548,"translation_error":299.9464818658491,"ADD":0,"ADD_S":0}}
{"id_image":8,"data":{"GT_R":[-0.7630651571981245,-0.6460590804841788,0.01842246485076548,-0.23493813562932106,0.2507077302084409,-0.9391215309262635,0.6021101403104224,-0.7209388222267596,-0.343090092963067],"GT_T":[37.91423806440393,6.827166351830719,732.94724248579],"R_pred":[-0.9969840834395713,-0.04994532519929266,0.05939866883100002,-0.0755171294850642,0.44796272676207083,-0.8908572043746558,0.017885763123052918,-0.8926560703443561,-0.45038343614622234],"T_pred":[-8.33620770290136,-86.65449622843207,1195.3555441165258],"rotation_error":38.29595810059497,"translation_error":474.0246432301449,"ADD":0,"ADD_S":0}}
{"id_image":9,"data":{"GT_R":[-0.7635869857081761,-0.6454815697285244,0.016968498655097013,-0.23414375553333247,0.25230368151840493,-0.9388927244762131,0.6017569310536255,-0.7208995518493939,-0.34379092872414263],"GT_T":[37.945988731085606,7.2814265483171035,733.198462794354],"R_pred":[-0.9938984001066706,-0.10203133804271407,0.04189959811995751,-0.0781118768090484,0.3828960598456266,-0.9204831025369572,0.07787493156830755,-0.918139539183401,-0.38852964059557105],"T_pred":[-1.8404349800861508,-62.17459920886631,1064.2436097133218],"rotation_error":34.56583149718423,"translation_error":340.58477406412106,"ADD":0,"ADD_S":0}}
{"id_image":10,"data":{"GT_R":[-0.7633578905124211,-0.645714456241107,0.018345324738769552,-0.2343700383605214,0.25038191903169466,-0.9393499096451343,0.6019597243269679,-0.721360276780347,-0.3424677694603361],"GT_T":[38.83227646906769,8.415504572224267,733.3325828417152],"R_pred":[-0.9914004125868136,-0.11523590722374313,-0.06201538203556248,0.020471214825385504,0.33149333672524683,-0.943235440953283,0.12925227768309855,-0.9363935355357182,-0.3262836117868144],"T_pred":[12.120801351719004,-41.2517757351231,943.7300109603999],"rotation_error":33.936237188747036,"translation_error":217.82428559513392,"ADD":0,"ADD_S":0}}
{"id_image":11,"data":{"GT_R":[-0.7634049162364168,-0.6456426072569845,0.018911003238157052,-0.2336812805629281,0.248772222571159,-0.9399498833805922,0.6021679207948436,-0.7219820451331085,-0.34078903699624874],"GT_T":[38.73622353565545,8.857190582364094,733.5692908504193],"R_pred":[-0.9963191920157649,-0.03266161386417044,0.07925456832789707,-0.08542600037269635,0.4549361214203288,-0.8864172402922633,-0.007103948294966432,-0.8899249094203486,-0.45605173995042136],"T_pred":[-10.19217573158293,-91.36739301256104,1245.0830059380633],"rotation_error":39.50416613237661,"translation_error":523.5315044334905,"ADD":0,"ADD_S":0}}
{"id_image":12,"data":{"GT_R":[-0.7629800502904903,-0.6461295541471375,0.019446210247069308,-0.23425445811906626,0.24832997441314053,-0.9399238253865912,0.6024847809288666,-0.7216984121297492,-0.34082906467142243],"GT_T":[39.42904239824482,9.399148878082924,733.541888157598],"R_pred":[-0.9262595617650813,0.04869607704157042,0.3737270612619871,-0.32698733463000046,0.38925726004812733,-0.8611376594316337,-0.18740999767976024,-0.9198410066857129,-0.3446302586672946],"T_pred":[-40.36669245893872,-34.57522875462061,861.7709005601109],"rotation_error":48.18006579601741,"translation_error":157.301572818918,"ADD":0,"ADD_S":0}}
{"id_image":13,"data":{"GT_R":[-0.7618101006179936,-0.6475285272986195,0.01878479562772432,-0.23458400119216266,0.24872352647585713,-0.9397378750298739,0.6038345258796098,-0.720308322705556,-0.34138004191049803],"GT_T":[41.14662043296174,9.685505972985176,733.369121566735],"R_pred":[-0.9991856427069785,-0.01702960686042921,0.0365792823661378,-0.04025942806892371,0.36036213090537084,-0.9319432992735684,0.0026888398623895263,-0.9326570254383547,-0.36075426960837853],"T_pred":[1.263873719700989,-49.55795281166868,1007.9873066059725],"rotation_error":39.45085780950233,"translation_error":283.75265364117394,"ADD":0,"ADD_S":0}}
{"id_image":14,"data":{"GT_R":[-0.7609681759837087,-0.648514468049897,0.01888050840874656,-0.23402814283243706,0.24723437182867003,-0.9402691570690032,0.6051106813416208,-0.7199336724936517,-0.33990787410869505],"GT_T":[42.38149926768653,9.95038366225575,733.2258985871471],"R_pred":[-0.99404748704358,-0.10876253870710373,0.0063485176481827554,-0.047459547313998346,0.37983722013095844,-0.9238350921955369,0.09806724667845976,-0.9186372496133453,-0.3827380550085586],"T_pred":[9.5687405862351,-55.11938387014963,1034.1882178488502],"rotation_error":34.33250718501915,"translation_error":309.65960245791143,"ADD":0,"ADD_S":0}}
{"id_image":15,"data":{"GT_R":[-0.7613406391638279,-0.6481036639612238,0.017920171785435448,-0.23415727275082202,0.24908487548101924,-0.9397487668673636,0.6045919715886198,-0.7196650660305847,-0.3413969277468653],"GT_T":[43.09267039808853,9.80860581220132,733.0152982482865],"R_pred":[-0.9517758222104044,-0.0646448629348019,0.2999063619729489,-0.2904116459857671,0.5050109393736825,-0.8127884269530098,-0.098913397128732,-0.8606886735684695,-0.49943082309705555],"T_pred":[-24.137578631707395,-87.2376545560471,1175.3811942844939],"rotation_error":43.12971881374308,"translation_error":457.8487403193186,"ADD":0,"ADD_S":0}}
{"id_image":16,"data":{"GT_R":[-0.7604946827212022,-0.6489720754473922,0.021961891076633294,-0.23724376710971895,0.2462110966267041,-0.9397313772758559,0.6044534648542799,-0.719871602922858,-0.3412064906546797],"GT_T":[44.131779616230915,10.281549309922763,733.1312033681207],"R_pred":[-0.9757172992255274,-0.21738606152787834,0.02681514955095622,-0.1111729996714221,0.3860278781398073,-0.915763638414922,0.1887228553623027,-0.8965075446153677,-0.4008215392311445],"T_pred":[16.23691549796878,-50.23622395849336,1002.9754611499151],"rotation_error":28.24325504144445,"translation_error":277.9504412361153,"ADD":0,"ADD_S":0}}
{"id_image":17,"data":{"GT_R":[-0.7603369435264395,-0.649105897025741,0.023449034967228964,-0.23840073114751922,0.24530732949183504,-0.9396746953813307,0.6041962714221415,-0.7200604492245473,-0.3412635665046163],"GT_T":[43.94887031306651,10.449247577557847,733.3270337534509],"R_pred":[-0.9798947616197874,-0.07603974143964429,0.184456536538807,-0.19925411266056467,0.4202405259509395,-0.8852658916598606,-0.01020072242300503,-0.9042211333906485,-0.4269427212071655],"T_pred":[-10.05035355529139,-84.7692771173754,1237.7563586940707],"rotation_error":38.19524811872358,"translation_error":516.1699598809621,"ADD":0,"ADD_S":0}}
{"id_image":20,"data":{"GT_R":[-0.7618816540226283,-0.6472247072388118,0.02523858875119173,-0.23888128682325313,0.2445540587182007,-0.9397493738929233,0.6020566320939997,-0.7220072572492587,-0.3409305014034249],"GT_T":[43.30104348403387,10.524171948959497,733.9477391891511],"R_pred":[-0.9918201454200036,-0.0906213769820378,0.08989196389512465,-0.11895897691603984,0.4009203652117769,-0.9083565503531885,0.046277002389222485,-0.9116197819224499,-0.40842112121869134],"T_pred":[0.11627264323081096,-71.29387290427076,1152.7059077452825],"rotation_error":35.80807785684874,"translation_error":428.85606050126336,"ADD":0,"ADD_S":0}}
{"id_image":21,"data":{"GT_R":[-0.7622419194821698,-0.6468003096388251,0.025215126397246757,-0.2380689769000012,0.24390951030716548,-0.9401231480545935,0.6019222989912333,-0.7226041185223744,-0.3399007566678853],"GT_T":[43.03326940014759,11.325199347488557,734.2221884051168],"R_pred":[-0.9860348117250488,-0.16653774366736535,-0.0007280113532465021,-0.06682127611388344,0.39963120713927225,-0.9142372861237504,0.1525459508635339,-0.9014211436474024,-0.40517854664400665],"T_pred":[13.44900161588361,-51.26415288477706,1011.9030124180734],"rotation_error":31.06944360129778,"translation_error":286.18053032605184,"ADD":0,"ADD_S":0}}
{"id_image":22,"data":{"GT_R":[-0.7620675231439574,-0.6469933191834786,0.025548528221497255,-0.23781634273241833,0.2429782743766511,-0.940428114608816,0.6022436470723165,-0.7227453830697618,-0.3390315489001175],"GT_T":[43.435759265317536,12.253856909949777,734.4740538019312],"R_pred":[-0.9998454783515454,0.005956222003478886,0.016539130551961163,-0.012870490210637365,0.3928142096751872,-0.9195277848760175,-0.011973717121572107,-0.91959856464476,-0.39267685187898393],"T_pred":[4.236517599508944,-50.09596195215801,1013.12429926906],"rotation_error":40.87277635428428,"translation_error":288.21873595969305,"ADD":0,"ADD_S":0}}
{"id_image":24,"data":{"GT_R":[-0.7632736135071849,-0.6454924983545114,0.027434015608892342,-0.23859938313839502,0.24216605369957092,-0.9404396049085014,0.600403872239695,-0.7243580564019044,-0.3388525182981312],"GT_T":[43.55699740352247,12.482097642932073,735.1192096697528],"R_pred":[-0.9887874904023763,-0.010982255344307634,0.1489251116881328,-0.14183825048044083,0.3809783597478835,-0.913639644556025,-0.046703420907018484,-0.92451872856712,-0.37826434011708987],"T_pred":[-8.462508245238233,-60.34475944202352,1107.112564672381],"rotation_error":40.49025059954388,"translation_error":382.60794064802866,"ADD":0,"ADD_S":0}}
{"id_image":25,"data":{"GT_R":[-0.7627477231656412,-0.6460766421224633,0.028310392257517258,-0.23843666589120538,0.24026202681070186,-0.9409684909324071,0.6011365916192898,-0.7244719119795543,-0.33730764288075504],"GT_T":[44.18303773322987,13.065927594028054,735.3284839688417],"R_pred":[-0.961042938923642,-0.27291674419726497,0.04373694412934487,-0.14572888025012962,0.36585939869824624,-0.9191898573446082,0.23486073108557803,-0.8897546578247975,-0.39137844329117744],"T_pred":[15.860742405003565,-52.76452656812629,1063.714163410327],"rotation_error":24.771285466930166,"translation_error":336.1144977088919,"ADD":0,"ADD_S":0}}
{"id_image":26,"data":{"GT_R":[-0.7633733402088977,-0.6453302041787408,0.028441915040843365,-0.23800281986442687,0.24005897589793132,-0.9411304910024689,0.6005125234062312,-0.7252033232302174,-0.33684518521860496],"GT_T":[44.908820107575295,13.811527461308879,735.718980294258],"R_pred":[-0.9954020633880305,-0.08424476841555327,0.04558016232376708,-0.07620932547725541,0.40828874362470513,-0.9096661148683405,0.05802474397317845,-0.9089571611599574,-0.41283169483807547],"T_pred":[8.476562858116663,-48.2952101079554,1009.8408133565979],"rotation_error":35.86129592493672,"translation_error":283.4207747876742,"ADD":0,"ADD_S":0}}
{"id_image":27,"data":{"GT_R":[-0.7632735749344253,-0.6454035571273768,0.029459404708065646,-0.23872952725765903,0.23937108746964547,-0.9411218821508128,0.6003520118115014,-0.7253658578104368,-0.3367819002691401],"GT_T":[45.56494621809262,13.655113363238824,735.9330257706267],"R_pred":[-0.999357679451938,-0.019381607356140973,0.030142690933788102,-0.034790533042863045,0.32302173145053414,-0.9457518595389028,0.008593446981912662,-0.9461930639710859,-0.3234885444061003],"T_pred":[7.3428811738414215,-44.2711702825701,1029.1148629330166],"rotation_error":39.08986374639858,"translation_error":301.28386985561605,"ADD":0,"ADD_S":0}}
{"id_image":28,"data":{"GT_R":[-0.7634485435889811,-0.6451819812631056,0.029780789299702497,-0.2388747934996925,0.2392213392159576,-0.9411224585843161,0.6000718895442931,-0.7256129386910382,-0.33675050868750933],"GT_T":[46.4370129489809,13.792646550114881,736.2047240381512],"R_pred":[-0.9988536764950057,-0.019774161266977508,0.043592608302304714,-0.04782279108602057,0.3727232684181161,-0.9267094182279901,0.002076922038361472,-0.9277318296393117,-0.37324166255784186],"T_pred":[8.339310500616795,-45.58571497831033,1017.396290919523],"rotation_error":39.21883094275845,"translation_error":289.90674713577374,"ADD":0,"ADD_S":0}}
{"id_image":29,"data":{"GT_R":[-0.7632088105768755,-0.6453642901619571,0.03188051834379235,-0.23995607353659648,0.237270484400941,-0.9413417730394606,0.599944691066205,-0.7260905787050016,-0.3359466769461552],"GT_T":[48.080399334487076,14.799110187378087,736.4376742105828],"R_pred":[-0.9980483590882968,-0.048203050468381595,0.03969809626041018,-0.04458037752915399,0.10484289603633257,-0.9934890825218328,0.04372714100551553,-0.9933199047015304,-0.10678719053906371],"T_pred":[11.863227464260792,-37.31544575355244,1087.2005872544075],"rotation_error":39.27520151467864,"translation_error":356.45789603568556,"ADD":0,"ADD_S":0}}
{"id_image":30,"data":{"GT_R":[-0.7637116105291083,-0.6447103004023335,0.033044050131207515,-0.24094357375688683,0.23718122864569996,-0.9411118550645226,0.5989080232389091,-0.7267004529681493,-0.3364771963721835],"GT_T":[49.19344126700841,14.898019381399799,736.5690777568884],"R_pred":[0.8944345901771775,-0.33477758072299285,-0.2964974457560208,-0.29672858038479594,0.051746170239822656,-0.9535588515914132,0.3345727327165324,0.9408752867998879,-0.05305451170089586],"T_pred":[35.20080049440265,57.050134920011,284.4636941503415],"rotation_error":118.73060634849581,"translation_error":454.28171075467543,"ADD":0,"ADD_S":0}}
{"id_image":31,"data":{"GT_R":[-0.7637713844712625,-0.6446284973652412,0.033268260347836566,-0.24107370662841812,0.23706102486563166,-0.9411090513683822,0.5987790757576068,-0.7268130255083923,-0.33646289912716737],"GT_T":[50.17976212935438,14.36320507558449,736.5215503266656],"R_pred":[-0.9915749760550054,-0.08395868594813614,0.09864079234970465,-0.12142797932909795,0.33732568817626674,-0.9335237682739848,0.04510335572401976,-0.9376365602675008,-0.3446786447579284],"T_pred":[9.469195391368894,-48.12059195472545,1050.151809499568],"rotation_error":35.561036434635845,"translation_error":322.374804543275,"ADD":0,"ADD_S":0}}
{"id_image":33,"data":{"GT_R":[-0.7639230595409335,-0.6443949159426353,0.03430832691976373,-0.2426808330235253,0.2376193220965403,-0.9405550867722633,0.5979366467718404,-0.7268378233440629,-0.3379047500151341],"GT_T":[55.07923772210111,13.952974583055868,736.3306112761845],"R_pred":[0.06617715404111157,-0.997704982264936,0.014330130730127871,-0.9551032144856515,-0.06749490983228046,-0.2884827322837676,0.28878787017843144,0.005404212288198873,-0.9573778567145521],"T_pred":[38.308726354126996,37.49361889692468,136.80359833721647],"rotation_error":73.37581103670053,"translation_error":600.2233344595801,"ADD":0,"ADD_S":0}}
{"id_image":34,"data":{"GT_R":[-0.763974132072665,-0.6444253566709207,0.03253798578949784,-0.24077052753960645,0.23792527067111582,-0.9409677067143031,0.5986427707957607,-0.7267098721850332,-0.33692792473291105],"GT_T":[56.71112596977055,14.47502145138963,736.2590569067903],"R_pred":[-0.8410679554572423,-0.03912687812476426,0.5395125408284631,-0.48017569789975145,0.5132464620375207,-0.7113433547538452,-0.24907025805876734,-0.857348911828888,-0.45046292848175756],"T_pred":[-37.39744178790683,-1.9932998253687515,539.741112324104],"rotation_error":52.47864733910587,"translation_error":218.5107106621541,"ADD":0,"ADD_S":0}}
{"id_image":35,"data":{"GT_R":[-0.76398235790006,-0.6442763065501509,0.03519315131786849,-0.24245549791739743,0.23610198479872915,-0.940994425947368,0.5979530976289625,-0.7274362473442901,-0.3365860168125215],"GT_T":[57.835370716861334,15.634042933669896,736.6171500712827],"R_pred":[0.5403023058681398,-0.8414709848078965,0.0,0.8414709848078965,0.5403023058681398,0.0,0.0,0.0,1.0],"T_pred":[0.0,0.0,0.0],"rotation_error":129.92917763678088,"translation_error":739.0495106442784,"ADD":0,"ADD_S":0}}
{"id_image":36,"data":{"GT_R":[-0.764792753987033,-0.64326309866424,0.03612182234521139,-0.24256716700003078,0.23554738866195415,-0.9411053905362233,0.5968701958803319,-0.728512168712676,-0.33617903319492776],"GT_T":[58.30987609340606,15.89320926164201,737.1636251662268],"R_pred":[-0.9824599284698179,-0.17440288906873708,0.06600091844480815,-0.1064130664972437,0.2337052821871397,-0.9664668128583012,0.15312984108178787,-0.9565382759525658,-0.2481648210523788],"T_pred":[33.43201827922135,-46.55696840749063,1087.557890972144],"rotation_error":30.229375280828272,"translation_error":356.7843522493619,"ADD":0,"ADD_S":0}}
{"id_image":37,"data":{"GT_R":[-0.7656152141152809,-0.6422404906936694,0.036889978005263696,-0.24256378417661786,0.23509708238211424,-0.9412179306323846,0.5958154682868267,-0.7295592257131936,-0.3357785624252951],"GT_T":[58.01294470699126,16.048280428775083,737.8200903036865],"R_pred":[0.5403023058681398,-0.8414709848078965,0.0,0.8414709848078965,0.5403023058681398,0.0,0.0,0.0,1.0],"T_pred":[0.0,0.0,0.0],"rotation_error":130.01971717712271,"translation_error":740.2712575225632,"ADD":0,"ADD_S":0}}
{"id_image":41,"data":{"GT_R":[-0.7698217710245153,-0.6369106929047569,0.04145769257513864,-0.24334960183167986,0.23284296645021474,-0.9415758667011831,0.5900472229552891,-0.7349346497497595,-0.33423931277032787],"GT_T":[56.165438910374505,17.090769952830204,741.4315579481029],"R_pred":[0.8352445529842359,-0.30192475976060407,-0.45957368957944617,-0.4605863329807758,0.07241067081099514,-0.8846563878840323,0.300377706532102,0.95057778966069,-0.07858179956142004],"T_pred":[49.99588211024147,85.55065427057546,30.031212086567148],"rotation_error":120.09725823098555,"translation_error":714.7134189896127,"ADD":0,"ADD_S":0}}
{"id_image":46,"data":{"GT_R":[-0.7729769481535631,-0.6327432447966544,0.04629569880580559,-0.2437549763842629,0.22882135313425736,-0.9424569594231877,0.5857400040988563,-0.7397820636935771,-0.3311073412797632],"GT_T":[57.83574585382439,17.614270055948587,744.4529622419659],"R_pred":[-0.7249070469686896,-0.15903871150719948,0.6702361236887071,-0.6399124557553204,0.5156489016553167,-0.5697528053382979,-0.25499376899118364,-0.8419102674654795,-0.47556837501233784],"T_pred":[-57.83546928925631,43.072598689469274,113.80414052803151],"rotation_error":55.46318814359964,"translation_error":641.674288746762,"ADD":0,"ADD_S":0}}
{"id_image":47,"data":{"GT_R":[-0.7744184636188461,-0.631015165365373,0.04578662285698481,-0.24315205530092543,0.23003551936054767,-0.9423166173336236,0.584083857792344,-0.7408801716685793,-0.33157607059585004],"GT_T":[58.44641140858835,17.68657808417597,744.8747705345659],"R_pred":[-0.9926754870274378,0.09701436575974444,0.0719971547429038,-0.05280327643890102,0.18760189404607874,-0.9808248280644415,-0.10866090121177951,-0.9774424495521764,-0.18110512516570432],"T_pred":[19.86574832398599,-34.40147205551557,1078.919396312107],"rotation_error":45.09697916330274,"translation_error":340.27554208649804,"ADD":0,"ADD_S":0}}
{"id_image":52,"data":{"GT_R":[-0.7794241876353202,-0.6248052961654189,0.046002668437502885,-0.24272027612056282,0.23345913604308097,-0.9415859010395073,0.577568599813467,-0.7450607598791406,-0.33361614492483416],"GT_T":[59.756099074564524,14.010364217087547,745.2220972033793],"R_pred":[-0.9977051511107201,-0.006367144469675973,0.06740838908056937,-0.06429425541168562,0.40124048639510435,-0.9137134785032328,-0.021229229100277823,-0.915950616326406,-0.40072907092334253],"T_pred":[28.274381810878563,-56.51383492926423,1096.1510626179079],"rotation_error":38.82173403837057,"translation_error":359.3270097752412,"ADD":0,"ADD_S":0}}
{"id_image":53,"data":{"GT_R":[-0.7803950106739196,-0.6235313929580241,0.04681549641871977,-0.24334624841584018,0.23388983735257982,-0.9413170887825254,0.5759926302031034,-0.7459917800554837,-0.33426061195576057],"GT_T":[59.83825122292206,13.9671187634872,745.2911419051711],"R_pred":[-0.9916847292658022,-0.1136081423533299,0.060453186285242655,-0.09473841653926342,0.32655559424966996,-0.9404180327364412,0.08709781956309665,-0.938325441334333,-0.3346032515862386],"T_pred":[35.210742571789176,-51.54376375713395,1104.3502397701748],"rotation_error":32.10055768512273,"translation_error":365.8163824524846,"ADD":0,"ADD_S":0}}
{"id_image":54,"data":{"GT_R":[-0.7805794542948677,-0.6232581837733379,0.04737274503790173,-0.24326544726158153,0.23310560299502375,-0.9415323046665561,0.5757755526884679,-0.74646557599373,-0.3335742027626189],"GT_T":[60.167257086282824,13.84140556316253,745.2921142802113],"R_pred":[-0.9997825259504168,0.0011676299858837409,-0.02082156200721216,0.020846322422399248,0.028384941491807814,-0.99937967056468,-0.0005758868512911741,-0.9995963844155915,-0.02840310929478984],"T_pred":[31.975128725739054,7.0971447765003575,774.7102382056942],"rotation_error":42.41758996251872,"translation_error":41.30020787297507,"ADD":0,"ADD_S":1}}
{"id_image":57,"data":{"GT_R":[-0.7837012643908632,-0.6191354876968957,0.04984166123835088,-0.24529407453111,0.23477328461288377,-0.940591182734936,0.5706525804534169,-0.7493684133186955,-0.33586224120773145],"GT_T":[59.82559033263979,11.975163411848193,745.8483462351682],"R_pred":[0.5403023058681398,-0.8414709848078965,0.0,0.8414709848078965,0.5403023058681398,0.0,0.0,0.0,1.0],"T_pred":[0.0,0.0,0.0],"rotation_error":131.21879906345018,"translation_error":748.3396697884755,"ADD":0,"ADD_S":0}}
{"id_image":59,"data":{"GT_R":[-0.7850597663707456,-0.6175073626712837,0.04864064333072426,-0.24218082296271418,0.23371902234729577,-0.9416601603207987,0.5701147056370024,-0.7510387763240847,-0.3330322123917671],"GT_T":[60.77555942659163,12.90853206994511,746.1187188991448],"R_pred":[-0.9719474096969408,-0.22622571443818026,0.06434406662888204,-0.1593867930275409,0.432355438137062,-0.8875047184785585,0.17295688188621733,-0.8728635066493755,-0.45628413929036915],"T_pred":[38.416835922315094,-38.099908213832144,929.4937722315354],"rotation_error":26.660782293119365,"translation_error":191.64598529993125,"ADD":0,"ADD_S":0}}
{"id_image":60,"data":{"GT_R":[-0.7857792569615597,-0.6164513762579601,0.05039237702269733,-0.2429731821053082,0.2327332210641868,-0.9417005874133166,0.5687843468658924,-0.7522129498422332,-0.3326577947507269],"GT_T":[60.6580363006128,13.474664511293504,746.3611582541776],"R_pred":[-0.9930720013760216,-0.03824795973484173,0.11110847699048396,-0.11743688381708776,0.2902814871404825,-0.9497079743494007,0.004071658428062196,-0.9561766321133517,-0.29276213860062805],"T_pred":[24.477378888459913,-26.022411721568073,923.0959354087757],"rotation_error":35.95781562565829,"translation_error":184.67333445196016,"ADD":0,"ADD_S":0}}
{"id_image":61,"data":{"GT_R":[-0.7862002616219473,-0.6157570307155821,0.05227081187483675,-0.24371893479259582,0.23122564606026835,-0.9418792529760389,0.5678830406123145,-0.7532443802708707,-0.3318611573202853],"GT_T":[61.13383882720189,14.431426730525283,746.5453097662017],"R_pred":[-0.9905322066443527,-0.13442855059322334,0.02783724816993531,-0.07692274354732048,0.37554356523425514,-0.9236070171541021,0.11370505320970804,-0.9170038142759004,-0.38232860928529466],"T_pred":[39.75428754451641,-41.69316319890852,1003.097115015512],"rotation_error":30.6454814446166,"translation_error":263.4879192381998,"ADD":0,"ADD_S":0}}
{"id_image":63,"data":{"GT_R":[-0.7871035526542727,-0.6146119021743278,0.05215424166483158,-0.24235341402391072,0.23039755410349463,-0.9424340006351551,0.5672155789540382,-0.7544329256615139,-0.3303002842474388],"GT_T":[62.21504572860328,15.42507930140923,746.9008934913137],"R_pred":[-0.9927932322576869,-0.019943849550931737,0.11816869656734148,-0.11783972064385462,0.3418663339369796,-0.9323310624231437,-0.021803628640960873,-0.93953693518966,-0.3417527603290248],"T_pred":[28.02105871455823,-38.281434745156886,1018.5054025913943],"rotation_error":37.10001224134148,"translation_error":278.96707290009414,"ADD":0,"ADD_S":0}}
{"id_image":64,"data":{"GT_R":[-0.7878393771561231,-0.6136559066479842,0.05230844334555423,-0.2421987948263079,0.2306132416968327,-0.9424212912873665,0.5662590512655122,-0.7551456995305099,-0.3303127097608973],"GT_T":[62.33970853662236,16.29052559617938,747.1683577872475],"R_pred":[-0.9728887854237235,-0.21965429703734363,0.07238370665959706,-0.13708111114398647,0.29560742149979646,-0.9454231969450358,0.18626910684351874,-0.9297140647248875,-0.31770360037060585],"T_pred":[42.65439570949718,-38.45080250239062,1047.953528593757],"rotation_error":25.183111684018115,"translation_error":306.35901083565045,"ADD":0,"ADD_S":0}}
{"id_image":65,"data":{"GT_R":[-0.7890547684198863,-0.6120708594355364,0.05255739314141149,-0.24112357631054201,0.22988295167338543,-0.9428747145603392,0.5650241383040011,-0.7566534639700503,-0.3289750271891168],"GT_T":[61.64676337992149,17.056880633873106,747.5432156654194],"R_pred":[-0.9852136340310931,-0.15082046228311508,0.08128519838171627,-0.12819759997532398,0.3341864529419115,-0.9337477121956822,0.11366384948528849,-0.9303615441465812,-0.34857987103872556],"T_pred":[36.59032922501723,-34.65978716187496,1007.9317140075652],"rotation_error":29.25111596355888,"translation_error":266.654474347108,"ADD":0,"ADD_S":0}}
{"id_image":66,"data":{"GT_R":[-0.7899160160603694,-0.6110747989399337,0.05119220944557656,-0.2391859495225907,0.23016326571670612,-0.9432996787609779,0.5646450075879358,-0.7573722513827837,-0.3279704119233354],"GT_T":[61.60441882074987,18.164132306965655,747.8211949627075],"R_pred":[-0.9856260186078318,-0.1452287984975124,0.08631307855848333,-0.12968786407071559,0.32298973735426495,-0.9374746329776604,0.1082700759953995,-0.9351931488472274,-0.3371815015583718],"T_pred":[35.59332120035309,-30.268862278294613,997.0311529387898],"rotation_error":29.459071749719584,"translation_error":255.20175414435212,"ADD":0,"ADD_S":0}}
{"id_image":67,"data":{"GT_R":[-0.791588108646834,-0.608963427896266,0.050510411224373226,-0.23761879981005332,0.23061342425089904,-0.9435860854312156,0.5629620040966519,-0.7589344521796756,-0.32725172118210455],"GT_T":[61.17118619137175,18.506363284066314,748.227790883396],"R_pred":[-0.9585854226597823,-0.267948507428867,0.096527637652689,-0.1779650591541896,0.2989256080162819,-0.9375350225950718,0.22235652719093318,-0.9158859526375205,-0.33423120227897507],"T_pred":[38.51034118623889,-28.462187102108434,989.3970751943929],"rotation_error":22.15198208706078,"translation_error":246.74315049622703,"ADD":0,"ADD_S":0}}
{"id_image":68,"data":{"GT_R":[-0.7928303294586396,-0.6071714072305826,0.05256561666994444,-0.23879263167967274,0.23013445406018224,-0.9434062032776003,0.5607132986405434,-0.7605138638022487,-0.3274457965525377],"GT_T":[59.76809796828762,18.372420338629563,748.7099576608869],"R_pred":[-0.9918544210338323,-0.1040683395774825,0.07344786023586579,-0.10256342932328459,0.3105597440977842,-0.94500443824956,0.07553509410260299,-0.9448398943966668,-0.3187036609695695],"T_pred":[31.929302581660167,-34.82017514571611,1028.0950460101924],"rotation_error":31.450588016633944,"translation_error":285.7629757944318,"ADD":0,"ADD_S":0}}
{"id_image":69,"data":{"GT_R":[-0.7947313137505521,-0.6047370998051459,0.05190901405276685,-0.23684161823519284,0.2302319752981542,-0.9438741139842818,0.5588452563740861,-0.7624211234212361,-0.3261989632862483],"GT_T":[58.17029153945571,19.106454991796095,749.25982122855],"R_pred":[-0.9953084666273088,-0.02014271738632558,0.09463259056102172,-0.09597640186211673,0.32918989429835377,-0.9393734847106552,-0.012230557861227592,-0.9440488781986516,-0.3295787144617659],"T_pred":[24.60247673629197,-28.96286633860027,987.6079930935248],"rotation_error":36.210518288363645,"translation_error":245.4532722845633,"ADD":0,"ADD_S":0}}
{"id_image":74,"data":{"GT_R":[-0.8004858447165352,-0.5970027088857794,0.05301794136443537,-0.23813856840583875,0.2356306603084776,-0.9422145365691794,0.5500124496307824,-0.7668553566117693,-0.3307873487055459],"GT_T":[54.22194949291651,13.42800447397959,750.6643137168281],"R_pred":[-0.9984250342885266,-0.05362674013628098,0.01648100871640941,-0.032748955923695006,0.31858031578320367,-0.9473299785615266,0.04555169362232817,-0.946377702155873,-0.3198347824585489],"T_pred":[30.11983511065884,-60.36448756305554,1163.7927174562444],"rotation_error":33.68728467440045,"translation_error":420.35856334207045,"ADD":0,"ADD_S":0}}
{"id_image":75,"data":{"GT_R":[-0.801430166542737,-0.5957356811465663,0.053000297781989766,-0.23780482419873888,0.23609080145045874,-0.9421841120229748,0.548780280853949,-0.7676985523958395,-0.3308781634182084],"GT_T":[54.63062819686515,13.263699281922682,750.8214400389955],"R_pred":[-0.9983770514190549,0.03593363559578249,0.044181863164235224,-0.030365802143974493,0.3204301319564178,-0.9467853233941398,-0.04817863904207638,-0.946590357212275,-0.31881893665965166],"T_pred":[22.38630683647496,-42.38134409761863,1034.1802639174086],"rotation_error":38.660212502270696,"translation_error":290.56546625925915,"ADD":0,"ADD_S":0}}
{"id_image":78,"data":{"GT_R":[-0.8025233174529502,-0.5943097122290112,0.05245999798876373,-0.23645988307625684,0.23610574444619692,-0.9425182028536524,0.5477620017297588,-0.768798075775839,-0.3300111758151092],"GT_T":[56.047753132953474,14.481301865052007,751.9070957638793],"R_pred":[-0.996954838413718,0.002826581496253505,0.07792984409404614,-0.07248171699466568,0.33504658586610025,-0.9394094879236504,-0.0287654456767576,-0.9421973231422996,-0.33382143939313214],"T_pred":[23.70246905630116,-51.537467879074114,1115.8693526484612],"rotation_error":36.73065804932853,"translation_error":371.3128327933815,"ADD":0,"ADD_S":0}}
{"id_image":79,"data":{"GT_R":[-0.8021123978723771,-0.5947763955697436,0.053448021332640754,-0.23696071059578233,0.2348501496311151,-0.9427063680587753,0.5481473463602987,-0.7688222451767384,-0.32931458750772075],"GT_T":[56.40790345485169,14.80032598037374,752.1609703877868],"R_pred":[-0.9967345228074735,0.027540455174314842,0.07590661613159631,-0.06002312518892958,0.3761114517667723,-0.924628249780659,-0.05401403045794722,-0.9261650496421694,-0.373230204210492],"T_pred":[21.308209671015998,-38.869264540732914,995.0163722080871],"rotation_error":38.43008218165634,"translation_error":251.17953667391336,"ADD":0,"ADD_S":0}}
{"id_image":81,"data":{"GT_R":[-0.8025716873589828,-0.5940895443619794,0.05418882491752237,-0.23673807281474885,0.23379912709227618,-0.943023044168616,0.5475721157511628,-0.7696718836610276,-0.32828436368606706],"GT_T":[58.259851376464155,15.903213135745856,752.8543019868044],"R_pred":[-0.9836650251221877,-0.16148392590063035,0.07953653265692229,-0.12619776636398786,0.3035639106116048,-0.9444167914321145,0.12836371027711171,-0.9390270996355269,-0.3189841125103009],"T_pred":[31.91688571428665,-31.26804771585896,989.6304788859727],"rotation_error":27.195042868793234,"translation_error":242.86217827647647,"ADD":0,"ADD_S":0}}
{"id_image":82,"data":{"GT_R":[-0.802884306781801,-0.5935138347894391,0.055834047033310366,-0.23761784745058182,0.23272239847713155,-0.9430686621788053,0.546731804700672,-0.7704418575017971,-0.3278782837119821],"GT_T":[58.56841246430848,16.31413479831304,753.1998996902485],"R_pred":[-0.9544399739726285,-0.2851884717051461,0.08781726305010512,-0.17768098647907668,0.30671106330163733,-0.9350710083689912,0.23973694568620507,-0.9080726068188946,-0.34340986825976205],"T_pred":[37.974778458152606,-29.268081474838738,980.380960230372],"rotation_error":20.016192903547662,"translation_error":232.62216246541766,"ADD":0,"ADD_S":0}}
{"id_image":93,"data":{"GT_R":[-0.812098987560186,-0.5806494241568269,0.057809172335149546,-0.24266681023545444,0.24596685638276358,-0.9384100998101268,0.5306684804819712,-0.7761094479221962,-0.34065378251982037],"GT_T":[55.89212895818237,3.3711202553061845,756.0525081128011],"R_pred":[-0.9954416844721642,-0.031331049182566455,0.09007895521341287,-0.0952762168242336,0.36904640652748544,-0.9245145711868533,-0.004277303225405704,-0.9288827241295153,-0.3703492803973685],"T_pred":[25.100067421208273,-53.81776329487185,1013.303902513652],"rotation_error":34.00026296223299,"translation_error":265.3243286556941,"ADD":0,"ADD_S":0}}
{"id_image":94,"data":{"GT_R":[-0.8121220527029868,-0.5806333705164031,0.057643530102985924,-0.24159300964329644,0.2446884919635349,-0.9390211681771612,0.5311226036791618,-0.776525895517763,-0.3389940895708331],"GT_T":[56.45282583218582,4.097059051873089,755.9747407022514],"R_pred":[-0.9904706166598307,0.04804852824188062,0.1290708970577173,-0.09793807339439668,0.41317185125114697,-0.9053712802566105,-0.09683021900878062,-0.9093846052509849,-0.40452879800976116],"T_pred":[17.57516324533534,-52.41153863776222,984.0027151310608],"rotation_error":39.162691404337316,"translation_error":238.12066559450855,"ADD":0,"ADD_S":0}}
{"id_image":95,"data":{"GT_R":[-0.8120634984229542,-0.5807644215020847,0.057137172518879134,-0.24149474178046773,0.24530376381427363,-0.9388852498065853,0.5312558984718445,-0.7762334061853945,-0.33945382078414454],"GT_T":[57.336879613958736,3.7504974516320004,755.9349674579419],"R_pred":[-0.9441260899849183,-0.32299987359267757,0.06555156648703543,-0.1922490225059212,0.378163176189259,-0.905556693708334,0.26770550901187623,-0.8675619250713841,-0.4191301308795713],"T_pred":[41.191357646447855,-58.65812456681154,1039.4114660706625],"rotation_error":17.69703697749067,"translation_error":290.71367227492436,"ADD":0,"ADD_S":0}}
{"id_image":96,"data":{"GT_R":[-0.8110766761327164,-0.5820027813265823,0.0585404088896865,-0.2426394832178019,0.24369111469463656,-0.9390099523939629,0.5322415426814283,-0.775813530400036,-0.33886888912829755],"GT_T":[59.158043092765546,4.691645278000678,755.7595565890306],"R_pred":[-0.9940909414369548,-0.09741837227374273,0.047883827087270056,-0.07804103408834537,0.3347852266580488,-0.9390572128523055,0.07545062724332263,-0.9372451721695091,-0.34040959165913076],"T_pred":[34.92358036041012,-48.92217411557953,1007.23105897429],"rotation_error":30.075668485653743,"translation_error":258.262787342259,"ADD":0,"ADD_S":0}}
{"id_image":97,"data":{"GT_R":[-0.8104411884593351,-0.58269206016139,0.06045725918253163,-0.24351867717605613,0.2412297010221452,-0.9394179189175245,0.5328084832966801,-0.776066042461565,-0.3373982729779541],"GT_T":[60.25145886750548,5.7730888641930065,755.6344793672952],"R_pred":[-0.9397229458343946,-0.3262889964839052,0.10225593305942435,-0.06860272343244755,-0.11306008854052096,-0.9912169705553173,0.3349842554658031,-0.9384843670262899,0.08386084567475982],"T_pred":[41.21980908610292,-24.909221107283287,964.528824348001],"rotation_error":28.537354491722972,"translation_error":211.99163946605498,"ADD":0,"ADD_S":0}}
