{"id_image":1,"data":{"GT_R":[-0.9972731742418542,0.0734004666434847,-0.00774835493811739,0.03990379899979374,0.4478758362401522,-0.893205221772006,-0.06209086213659306,-0.8910781821726699,-0.4495826083999118],"GT_T":[-32.05613909540927,13.542921212250732,817.0223170067702],"R_pred":[-0.9822640210049137,0.18750072076448848,0.0009342119972756413,0.08261568032670186,0.43726245981335277,-0.895531233739021,-0.1683212476290939,-0.8795709300282576,-0.4449976816184681],"T_pred":[-70.86730733879295,-29.0903779445176,964.8361649858933],"rotation_error":6.623520321015544,"translation_error":158.65950533076187,"ADD":0,"ADD_S":0}}
{"id_image":2,"data":{"GT_R":[-0.9972188127884339,0.07395707214387319,-0.009292518528252088,0.04150165411233236,0.4473525383942158,-0.8933940036365149,-0.06191482569309491,-0.8912946649652933,-0.4491779058686532],"GT_T":[-32.83900123694924,14.450920273575722,817.0638522957597],"R_pred":[-0.976447422421786,0.21351691856824317,0.03099930210460486,0.05809331683474807,0.39855755355091227,-0.9153016131563679,-0.20778738601028673,-0.8919430486262193,-0.4015744018514851],"T_pred":[-74.81679389129165,-26.936308857099664,964.0388732734261],"rotation_error":8.904765696229845,"translation_error":158.35622691461006,"ADD":0,"ADD_S":0}}
{"id_image":3,"data":{"GT_R":[-0.9972325926223191,0.07382066420807054,-0.008872528443253608,0.04103679347420351,0.4469610253738425,-0.8936119287811198,-0.06200075645159246,-0.8915030014640272,-0.44875355328341465],"GT_T":[-33.42037216044583,14.923536932500106,817.049598584431],"R_pred":[-0.9850092136974259,0.16842373412316694,0.037286655993633275,0.046424346262545074,0.46700027720603476,-0.8830376668996529,-0.16613737991576155,-0.8680692293092158,-0.46781853759896075],"T_pred":[-73.37350034926439,-28.379153703378897,960.2995910445023],"rotation_error":6.217242295450754,"translation_error":154.89330459445077,"ADD":0,"ADD_S":0}}
{"id_image":4,"data":{"GT_R":[-0.9971615810923722,0.07492736074010722,-0.00752285019245987,0.04037765008049556,0.44767641374839773,-0.8932840298218137,-0.06356309570319821,-0.8910510485352191,-0.4494309513333076],"GT_T":[-33.82264121540006,14.93866528507483,816.8854576359083],"R_pred":[-0.9413353261071469,0.27294503021083727,-0.19846615405644488,0.2509285987200006,0.17285278495036427,-0.9524477692132622,-0.22566045769511392,-0.9463735653631222,-0.23120214664817362],"T_pred":[-43.03814963387394,-1.1833387612227937,821.288866540454],"rotation_error":21.530229383997916,"translation_error":19.084931748906836,"ADD":0,"ADD_S":1}}
{"id_image":5,"data":{"GT_R":[-0.997199058931686,0.07447986699639625,-0.0069062900566966064,0.03960259432116897,0.44738555586376594,-0.893464823570142,-0.0634546694317289,-0.8912350020812219,-0.44908164172171283],"GT_T":[-34.26379134648328,14.953767039666797,816.7889537224384],"R_pred":[-0.9776672276259686,0.19941258340326914,0.0663431504119821,0.050438928546907014,0.5290994115620858,-0.8470594590533145,-0.2040164368701519,-0.8247959955437998,-0.5273413118860679],"T_pred":[-77.8989648863125,-35.20591456209763,965.2491946000985],"rotation_error":9.985751425728417,"translation_error":162.66673030984012,"ADD":0,"ADD_S":0}}
{"id_image":6,"data":{"GT_R":[-0.9971450434395043,0.07504684418619614,-0.00835065645270316,0.04108900094536649,0.4464922232217194,-0.893843849652443,-0.06335077190657493,-0.8916352404849991,-0.448301106047845],"GT_T":[-34.658848846013456,15.771102677046642,816.7501067171686],"R_pred":[-0.9747306396819283,0.21721879452037843,0.052116939399513076,0.06580662291267822,0.5021756406881519,-0.8622581482829098,-0.2134705329690435,-0.8370397966683291,-0.5037804187811936],"T_pred":[-78.52116115777073,-31.0559559652107,964.3795103865639],"rotation_error":9.741420648256788,"translation_error":160.96930356499902,"ADD":0,"ADD_S":0}}
{"id_image":7,"data":{"GT_R":[-0.9972028152383208,0.07436549960338969,-0.007540590180683425,0.039995176295627204,0.44563784372861553,-0.8943197044060177,-0.0631455826488405,-0.8921198537918245,-0.4473658867899781],"GT_T":[-35.038850567779726,16.56593251109212,816.754042709721],"R_pred":[-0.9854599111113665,0.16875957085331827,0.019722343617870744,0.06090695941832103,0.4592321280816323,-0.886225814807959,-0.15861622201651543,-0.872138784702882,-0.46283348445222494],"T_pred":[-72.61107325443717,-25.676585585559412,947.8210723112254],"rotation_error":5.764823431191318,"translation_error":142.73986304226068,"ADD":0,"ADD_S":0}}
{"id_image":8,"data":{"GT_R":[-0.9971325282689162,0.07532604546633924,-0.007313629731631543,0.04015684645666114,0.4447060719946596,-0.8947760483250975,-0.06414726219131277,-0.8925042629970736,-0.4464562185085853],"GT_T":[-36.39553774036473,17.097887863749968,816.55211423633],"R_pred":[-0.9836318312827774,0.1781233008674479,0.027212316611681983,0.061680568623424116,0.47474050463011286,-0.8779618219022038,-0.16930424667320326,-0.8619127235118591,-0.477956618436013],"T_pred":[-74.4254315199846,-25.391785513810426,938.4279462782265],"rotation_error":6.607959491300481,"translation_error":134.55617265857967,"ADD":0,"ADD_S":0}}
{"id_image":9,"data":{"GT_R":[-0.9970397684970486,0.07672200357153576,-0.005212694496700064,0.038835850243655955,0.4438674509707971,-0.8952509901805665,-0.066371289554029,-0.8928022132872057,-0.4455322070301328],"GT_T":[-37.5491539070097,17.222257918976588,816.2398761062965],"R_pred":[-0.9916647088278302,0.08696530162783893,0.09506914104058062,-0.03704915769443727,0.5142275532304269,-0.8568531866152924,-0.12340366760978999,-0.8532332974113395,-0.5067193256715448],"T_pred":[-78.43892579318035,-28.00175182510918,946.9642690803296],"rotation_error":7.130210749598004,"translation_error":144.24302901931057,"ADD":0,"ADD_S":0}}
{"id_image":10,"data":{"GT_R":[-0.9970783341235976,0.07633780383918351,-0.0029236585412105356,0.036533662405458626,0.4428784635030063,-0.8958375503708141,-0.06709025424655382,-0.8933259439465737,-0.444373899116743],"GT_T":[-38.69364758228798,17.3074231543838,815.8573088360472],"R_pred":[-0.9900881688228238,-0.13886324381817625,0.021033722289726692,-0.10628540744235773,0.6429150723416385,-0.7585272717053474,0.09180866038604212,-0.753244455188513,-0.6513017431313084],"T_pred":[-91.95291303248325,-57.222747757058016,1196.6571757087904],"rotation_error":18.82156907256431,"translation_error":391.6629090719238,"ADD":0,"ADD_S":0}}
{"id_image":11,"data":{"GT_R":[-0.9971382401937229,0.0756031012557545,-0.0011295667910766745,0.034391956822746476,0.4401939661622943,-0.8972436531701395,-0.06733681885534204,-0.8947149344347558,-0.441533788013707],"GT_T":[-39.83421014617857,19.00655905741666,815.6482493353112],"R_pred":[-0.9719096408674456,0.13362490340401997,-0.19374218740165822,0.22543692538092744,0.29211448714294963,-0.9294338702005679,-0.06760061141518671,-0.9470023820410792,-0.3140328736690077],"T_pred":[-52.850538836718144,-14.093902745133633,926.8005066475977],"rotation_error":14.043473814749952,"translation_error":116.70428308223735,"ADD":0,"ADD_S":0}}
{"id_image":12,"data":{"GT_R":[-0.9971355361640155,0.07558891391237994,0.0027494615425565543,0.030777161851618513,0.43866347833168673,-0.8981244957202226,-0.06909387788758074,-0.8954671389886321,-0.4397330173542379],"GT_T":[-40.879235390181904,20.717828568962894,815.5523793782539],"R_pred":[-0.996725196518927,0.06819212901362229,0.04345936222375823,-0.003150136484550918,0.5042897201504498,-0.8635287805225198,-0.08080197562210364,-0.8608377963885943,-0.5024234559058665],"T_pred":[-80.43077358386422,-25.49781593431096,986.925265204876],"rotation_error":4.7315904647252065,"translation_error":181.84849729069458,"ADD":0,"ADD_S":0}}
{"id_image":13,"data":{"GT_R":[-0.9970153272602905,0.07710301710113508,0.004149443941612649,0.030087396600204652,0.43742518820931187,-0.8987519817283527,-0.07111100272310403,-0.8959434697726566,-0.43843878911639583],"GT_T":[-41.94870075359746,21.475443325123752,815.4841868739819],"R_pred":[-0.990284260073749,0.13724700735690065,0.02236835313031183,0.05291367711799845,0.520667547182711,-0.8521182125061006,-0.12859715013964998,-0.8426556617517709,-0.5228711205389391],"T_pred":[-73.28342075364534,-23.1639276565839,920.1207553978418],"rotation_error":6.647291579180507,"translation_error":117.99724399990173,"ADD":0,"ADD_S":0}}
{"id_image":14,"data":{"GT_R":[-0.9971430917688274,0.07539166540373504,0.0048256156444026,0.028547954297794557,0.43518546649145307,-0.899887942270224,-0.06994421436639255,-0.8971791389963666,-0.4360939671511539],"GT_T":[-41.62744477494757,22.21989812238826,815.6280895290088],"R_pred":[-0.9703639181867041,0.23858266060762415,-0.0383690023161249,0.11396820843295771,0.31183341845267043,-0.9432768239507974,-0.2130847571928351,-0.9196946412769342,-0.32978273614390674],"T_pred":[-65.25422099279879,0.2939951262971804,850.205420674921],"rotation_error":11.895939457705833,"translation_error":47.271149825411364,"ADD":0,"ADD_S":1}}
{"id_image":15,"data":{"GT_R":[-0.9972749886779452,0.07336951674665948,0.0078031280677439314,0.024905533419170924,0.43430161566806275,-0.9004238740921159,-0.06945214752671146,-0.8977748561415898,-0.43494445537237747],"GT_T":[-40.76574206258542,23.15623825621552,815.7362670883789],"R_pred":[-0.9918892916302262,0.12710458808757066,-0.00023840381078728268,0.05308769540837219,0.4125761229347652,-0.9093748618585985,-0.11548735751378117,-0.9020118438641515,-0.415977527978709],"T_pred":[-75.93692026423146,-14.39771954823637,956.9567597098488],"rotation_error":3.346700372792653,"translation_error":150.3014938685612,"ADD":0,"ADD_S":0}}
{"id_image":16,"data":{"GT_R":[-0.9973398868236774,0.07223541537465059,0.00983166052806468,0.022495134770148393,0.43322245943109833,-0.9010065491462897,-0.06934359546178528,-0.8983879455392119,-0.43369461903107764],"GT_T":[-41.1274143764103,23.988683383220554,815.8275320666739],"R_pred":[-0.9689018090527327,0.2319761485693269,-0.08611823795969964,0.15883212698728655,0.31617689534656535,-0.9353098557620902,-0.18974098094780784,-0.9199017541802761,-0.34318963096954824],"T_pred":[-59.984350399306315,2.5564088112425565,835.816686606066],"rotation_error":12.321882875989369,"translation_error":34.84957286251794,"ADD":0,"ADD_S":1}}
{"id_image":17,"data":{"GT_R":[-0.9976113875891992,0.06830578674286261,0.01034612249794193,0.020114513636545213,0.4304622396438446,-0.9023847952136216,-0.06609172646241923,-0.9000211237594423,-0.4308077192328769],"GT_T":[-39.18759227068958,25.216621307741995,816.1138915380012],"R_pred":[-0.9697831798442104,0.23551714858405665,-0.06365733904340799,0.13415055302581186,0.296843428663391,-0.9454562961777936,-0.20377490820540406,-0.9254272805478551,-0.3194685198946543],"T_pred":[-61.463901335840575,1.2366294123352177,869.2188670720237],"rotation_error":12.768708762513386,"translation_error":62.38118613283201,"ADD":0,"ADD_S":0}}
{"id_image":18,"data":{"GT_R":[-0.9977119610218868,0.06578298991044053,0.015655055351410787,0.01409276434797202,0.4287187826223636,-0.9033283927389115,-0.06613483297563974,-0.9010400205441655,-0.4286651407170081],"GT_T":[-39.253760274071674,26.46908616007011,816.0070745940542],"R_pred":[-0.9689447325650062,0.24679859722524802,-0.015380430493918365,0.09964912903148707,0.33278933397761445,-0.9377213393508765,-0.226309867919617,-0.9101327988806829,-0.34704773747111506],"T_pred":[-66.19918374276752,2.9542822462904144,856.3611528912047],"rotation_error":11.809056438717814,"translation_error":53.92080752569836,"ADD":0,"ADD_S":1}}
{"id_image":19,"data":{"GT_R":[-0.9975136300967876,0.06771041580127818,0.019562528534182923,0.011309449847718738,0.4277493621411067,-0.903826472655013,-0.06956636689548257,-0.9013585226683096,-0.42745135994745914],"GT_T":[-43.47199119725522,27.782733853118437,815.7783337324188],"R_pred":[-0.972929220155718,0.22326321248760111,-0.05968475950276293,0.12549982770129275,0.29356018157321706,-0.9476667204464054,-0.19405804753766903,-0.929503070325438,-0.3136327732260322],"T_pred":[-61.84118929777643,7.690841402902008,835.8176547394104],"rotation_error":12.398768780461987,"translation_error":33.80363837678588,"ADD":0,"ADD_S":1}}
{"id_image":20,"data":{"GT_R":[-0.9974356152502593,0.06961080341959826,0.016654647708156837,0.014655675814984023,0.4263896078069891,-0.9044211220571265,-0.0700589682323835,-0.9018571631394555,-0.4263161653167324],"GT_T":[-45.29995025787888,28.47744302194508,815.8573023005391],"R_pred":[-0.9803682171655014,0.1824429225124339,0.07478461604406532,0.04983351209269268,0.596228239304184,-0.8012668143188889,-0.19077415926755825,-0.7818097381597108,-0.5936149875756178],"T_pred":[-79.09263512793663,-23.78200560403456,905.1930093968859],"rotation_error":13.717677437278594,"translation_error":108.87545216357408,"ADD":0,"ADD_S":0}}
{"id_image":21,"data":{"GT_R":[-0.9976285896226658,0.06638374239362008,0.0182048638900848,0.011676328250343078,0.42385063469618683,-0.9056574581704278,-0.06783655129070772,-0.9032964104661694,-0.4236205109764012],"GT_T":[-44.192292900792616,29.562856531959003,815.9728036923934],"R_pred":[-0.9952545634946679,0.009292992479858826,0.09686069447308002,-0.08005092319972792,0.48771567975963614,-0.8693246030174617,-0.05531910644532617,-0.8729530663256562,-0.484657343341381],"T_pred":[-100.25463095925616,-17.987799469828325,1093.8569065127015],"rotation_error":6.791124412615229,"translation_error":287.44325567845436,"ADD":0,"ADD_S":0}}
{"id_image":22,"data":{"GT_R":[-0.9976826058976047,0.06531396601125022,0.019097435503462247,0.010375320616741183,0.4233630058860982,-0.9059013191159316,-0.06725274466129096,-0.903603267133753,-0.42305905406798444],"GT_T":[-45.39820994827902,30.548030963734366,816.1980629176601],"R_pred":[-0.9780856493113618,0.1978673079422612,0.06478418833985841,0.04850500500790371,0.5191497922632312,-0.8533057820513272,-0.2024740158646415,-0.8314637825189539,-0.5173705164182809],"T_pred":[-85.66769759304022,-15.020154320512548,938.9068905702218],"rotation_error":10.408198544764002,"translation_error":136.9508945904959,"ADD":0,"ADD_S":0}}
{"id_image":23,"data":{"GT_R":[-0.9978411058426256,0.06341223638774562,0.017092576627356023,0.01130240510630571,0.4221799666954402,-0.9064417936709083,-0.06469505902344656,-0.9042917904806232,-0.4219851947860637],"GT_T":[-45.085305292761454,31.076498165154877,816.5881839227053],"R_pred":[-0.9505195185092811,0.3101850604383002,-0.017259003846473747,0.11866455339556091,0.31116633969454743,-0.9429179353520277,-0.28710863571184453,-0.8983099338880688,-0.3325776510496419],"T_pred":[-67.93167755001512,11.107542254373223,811.7826504397744],"rotation_error":15.581014840842588,"translation_error":30.721475835957513,"ADD":0,"ADD_S":1}}
{"id_image":24,"data":{"GT_R":[-0.9980597061312472,0.05964961145720589,0.017857920303522287,0.009170666059985585,0.42450568875588807,-0.9053793418568556,-0.061586301555598195,-0.9034587707354396,-0.42422918699303874],"GT_T":[-43.308657206538456,29.392762475514335,817.0072809871524],"R_pred":[-0.9858727636732653,0.15764515557337083,0.05659415845726388,0.023707041032662426,0.4658141017810521,-0.8845649771426564,-0.16580974052423414,-0.8707268386274539,-0.4629707360526433],"T_pred":[-84.55519195730879,-13.113265021460254,969.2518623520153],"rotation_error":6.665333802414362,"translation_error":163.3598835622823,"ADD":0,"ADD_S":0}}
{"id_image":25,"data":{"GT_R":[-0.9981039006046923,0.0588501703515526,0.018082737579748678,0.008768976522773182,0.42661698038706536,-0.9043899353482272,-0.0609375270085335,-0.9025164742326158,-0.42632377223830126],"GT_T":[-44.172887179594845,27.626027704225596,817.3055210153478],"R_pred":[-0.9742394671515745,0.17524931763073925,0.14193356655201939,-0.011477619292815447,0.5900250756467358,-0.8073033347902342,-0.22522372188467504,-0.7881358301574825,-0.572814270355052],"T_pred":[-90.27526814095698,-25.267296496711353,931.375294719168],"rotation_error":14.506577681683476,"translation_error":133.92179265591065,"ADD":0,"ADD_S":0}}
{"id_image":26,"data":{"GT_R":[-0.9982431111898631,0.056031301980301484,0.019307066531639955,0.006518131142127997,0.4276027798149077,-0.9039440661927306,-0.058904623171526525,-0.9022294701839394,-0.42721626155006476],"GT_T":[-44.02063260568428,26.435001259383974,817.7937440620411],"R_pred":[-0.9818970012613166,0.1048031810618123,0.15778013865299714,-0.07045819096113934,0.5711226898907114,-0.8178352623960903,-0.17582355428246135,-0.8141468948115709,-0.5533994140113984],"T_pred":[-96.29351728739367,-27.97842123475668,1001.5768176033044],"rotation_error":12.386252809198707,"translation_error":198.66930598546557,"ADD":0,"ADD_S":0}}
{"id_image":27,"data":{"GT_R":[-0.9984054616420429,0.05290800123671023,0.019712037757626383,0.004852282400640571,0.4282425092815697,-0.9036508740143404,-0.056251866844783414,-0.9021142701709233,-0.42781656843926424],"GT_T":[-42.668855571301464,25.383600824146317,818.2658976449858],"R_pred":[-0.9780168947700705,0.19759940051020888,0.06661404102976311,0.023828010313030612,0.42326117891793247,-0.9056943194839661,-0.20715979211427832,-0.8841970658959507,-0.41866498443524125],"T_pred":[-84.73076533719876,-8.839762202389029,944.6499103260662],"rotation_error":8.802699854693518,"translation_error":137.5258575373083,"ADD":0,"ADD_S":0}}
{"id_image":28,"data":{"GT_R":[-0.998540306937341,0.05023219458747011,0.01987297071265057,0.0035468847089979083,0.4280405586061021,-0.9037532337856512,-0.05390373781277671,-0.9023633876236468,-0.4275937990194115],"GT_T":[-42.03497985277039,25.803027508939163,818.7783979847449],"R_pred":[-0.9746612075058326,0.19155784866503445,0.11550377135875783,-0.005255035580205306,0.4966138297154221,-0.8679556951460327,-0.22362449593978567,-0.8465697223207346,-0.483023591624127],"T_pred":[-85.11917454551214,-14.518193749102524,924.2869689477844],"rotation_error":10.791224878953205,"translation_error":120.8888219097398,"ADD":0,"ADD_S":0}}
{"id_image":29,"data":{"GT_R":[-0.9985536189391022,0.04925255995001772,0.021590907990916064,0.0015273513687206416,0.42730474852822464,-0.9041061831483238,-0.0537548157000025,-0.9027659439028065,-0.42676192338662],"GT_T":[-41.68723662540102,25.567738036985165,819.2772079135581],"R_pred":[-0.9978418810296579,-0.06563008544665629,0.002066965761381257,-0.03277928370630373,0.47060778767353717,-0.881733422719543,0.05689550969009574,-0.8798982907502908,-0.47174346726989314],"T_pred":[-59.55122282951963,-12.785660406593161,929.6980126876841],"rotation_error":7.243102785629071,"translation_error":118.24914080972628,"ADD":0,"ADD_S":0}}
{"id_image":30,"data":{"GT_R":[-0.9988133731849875,0.044627356183377896,0.019535820140035794,0.0014142629216011354,0.42741361921441706,-0.9040553582437199,-0.04869478489894869,-0.9029541352510542,-0.42696894152759557],"GT_T":[-40.19858210061533,25.293137156092957,820.1467522376969],"R_pred":[-0.9666143984371438,0.21968186939471981,0.13189572014754644,-0.01099714240340774,0.47870281169116846,-0.8779081278459206,-0.25599935076667246,-0.8500491128977263,-0.4603051575518473],"T_pred":[-86.68364332954607,-13.316684288286286,938.016730759872],"rotation_error":12.489515156912967,"translation_error":132.45720465962697,"ADD":0,"ADD_S":0}}
{"id_image":31,"data":{"GT_R":[-0.9989851522384843,0.03941110332620539,0.02183604103472306,-0.0028787521111311607,0.4278329450306944,-0.9038533220251421,-0.044963556252269,-0.9029987239468378,-0.42728536692918306],"GT_T":[-37.42984158669467,25.273727256490407,820.8281094787516],"R_pred":[-0.9891798462767235,0.13562016121906628,0.055950009748632464,0.014095055432919126,0.46745916012448707,-0.8839022926930623,-0.14602931600298805,-0.8735497155208874,-0.4643127538427907],"T_pred":[-77.82129538546346,-16.330473613588627,985.7818313945911],"rotation_error":6.4376676547237786,"translation_error":174.84881882330254,"ADD":0,"ADD_S":0}}
{"id_image":32,"data":{"GT_R":[-0.9991120778959593,0.03405625683389256,0.024807233418571516,-0.007875455986697002,0.427449527524287,-0.9040051316250708,-0.0413900514337012,-0.9033978546032209,-0.42680273006854524],"GT_T":[-35.48447250115642,25.638394022881094,821.5541612838654],"R_pred":[-0.991217688661488,0.11565627565406966,-0.06411801296365431,0.10676405092711314,0.41379616168144906,-0.9040874813906743,-0.07803160330411187,-0.9029930024532471,-0.4225100074628526],"T_pred":[-59.655095144173956,-14.540653281983403,960.9893063448627],"rotation_error":6.94111063219682,"translation_error":147.10790094165256,"ADD":0,"ADD_S":0}}
{"id_image":33,"data":{"GT_R":[-0.9992189205288974,0.030326132436715517,0.025329711462059503,-0.010011071792194418,0.4258424023426292,-0.9047421123403866,-0.03822373089818737,-0.9042897172908309,-0.42520627391838867],"GT_T":[-33.90937206242116,25.76807085333206,822.0851815368499],"R_pred":[-0.9863383379342788,0.1541075417833949,0.05820265188566166,0.023522101673909335,0.48145207436585213,-0.8761567273163289,-0.16304414694764907,-0.8628179214957794,-0.4784995720915709],"T_pred":[-72.64315106846472,-16.773389956581113,977.6939253981056],"rotation_error":8.284554434469255,"translation_error":165.90407677332198,"ADD":0,"ADD_S":0}}
{"id_image":34,"data":{"GT_R":[-0.9993758253738673,0.02471076706879733,0.025246692645685298,-0.01227589847616668,0.4271953366197369,-0.9040765553712761,-0.03312603633961618,-0.9038216603306958,-0.4266252107003903],"GT_T":[-30.673448190027774,25.348334609921583,822.7337045642153],"R_pred":[-0.9594789873479084,0.28165331071678273,0.008454903908840322,0.09061670981724951,0.33682802107719123,-0.9371955484951472,-0.2668120775747018,-0.8984532802430513,-0.34870190489983366],"T_pred":[-55.263423606728374,4.685191361274542,829.1466900695073],"rotation_error":15.658615272171838,"translation_error":32.75299624460536,"ADD":0,"ADD_S":1}}
{"id_image":35,"data":{"GT_R":[-0.999421091607775,0.021250097172534364,0.026575197023347787,-0.014936746083179714,0.42775254890582814,-0.9037728049426579,-0.030572788783082568,-0.9036465517177213,-0.4271869837839471],"GT_T":[-29.555726947968687,24.019910962350487,823.1439588197026],"R_pred":[-0.97728488628468,0.21009263817652238,-0.02784482759093572,0.09339427447960372,0.3090001264758796,-0.9464652298591425,-0.19024132183615766,-0.9275667120061608,-0.32160260298093357],"T_pred":[-52.659238917021,2.7644227783592843,858.4336382307542],"rotation_error":13.093054519980432,"translation_error":47.232716586903386,"ADD":0,"ADD_S":1}}
{"id_image":36,"data":{"GT_R":[-0.9993727035532383,0.02171943502616903,0.027969185704090287,-0.016006542631269247,0.42747346514086265,-0.9038859737694568,-0.03158714951608908,-0.9037672146135868,-0.42685816870079496],"GT_T":[-30.55078043524817,22.860163862559837,823.1079509602221],"R_pred":[-0.994057916417212,0.06677639649466532,0.08596378120731168,-0.045916764819034804,0.4587930756066111,-0.8873559401299911,-0.09869401966089308,-0.8860303756907062,-0.45300073271084396],"T_pred":[-70.92736461246031,-22.39208707279066,1009.7551100999298],"rotation_error":4.633305225065473,"translation_error":196.25288986269425,"ADD":0,"ADD_S":0}}
{"id_image":37,"data":{"GT_R":[-0.999476923528933,0.01782659642654228,0.02700370602823833,-0.016757648500920326,0.42873987141317826,-0.9032728382650818,-0.027679512668310518,-0.9032530614013801,-0.4282162281701192],"GT_T":[-29.364949543416483,21.854215541584566,823.3739302530473],"R_pred":[-0.9651896760365252,0.25458686933919034,0.05995344220791338,0.04728383117222762,0.3952893836273903,-0.9173388373448242,-0.257241381939578,-0.8825711467930207,-0.39356707467249885],"T_pred":[-61.340628769338934,-6.376728595216038,863.6138831218977],"rotation_error":13.955029692318027,"translation_error":58.64029395988349,"ADD":0,"ADD_S":0}}
{"id_image":38,"data":{"GT_R":[-0.9995088266892372,0.013704218944241953,0.028194848020709883,-0.01952259296955864,0.43159354526796373,-0.9018565653983759,-0.024527669261001743,-0.9019640121830962,-0.43111415316725654],"GT_T":[-28.16189581866407,18.658614643410242,823.3971726875628],"R_pred":[-0.9907206274910455,0.11327913013613297,0.07510310871961433,-0.006320929724926559,0.5135779805382382,-0.858019640657298,-0.1357670214417393,-0.8505324782639798,-0.5080962697235354],"T_pred":[-66.56995867505827,-29.8010803546373,982.8567785480122],"rotation_error":8.30583777338775,"translation_error":171.02890759416783,"ADD":0,"ADD_S":0}}
{"id_image":39,"data":{"GT_R":[-0.9995745086584663,0.011906226682393762,0.026657768021393455,-0.018838949574636128,0.4345158044089434,-0.9004674021674244,-0.02230412521270285,-0.9005862747568768,-0.43410575473780555],"GT_T":[-27.43359771292963,15.091833196162384,823.3865760439733],"R_pred":[-0.9908433857308404,0.11551863502862114,0.06989155824968499,-0.007964547407636538,0.466742768096042,-0.8843572549680562,-0.13478112233557188,-0.8768161913372542,-0.46154893096051597],"T_pred":[-63.46978771046577,-26.46958689059545,959.0339303029119],"rotation_error":6.790993338421109,"translation_error":146.37678554544257,"ADD":0,"ADD_S":0}}
{"id_image":40,"data":{"GT_R":[-0.9995579840378187,0.011945646121851727,0.02723268461370692,-0.019341360854442043,0.4344748973852553,-0.9004770313000552,-0.022588190210762964,-0.9006053147152325,-0.43405212796646103],"GT_T":[-28.335398042521028,13.531915079576276,823.0443460941012],"R_pred":[-0.989820212577484,0.11954196569575751,0.07723771883386199,0.014022026081703061,0.6219610269477097,-0.7829226422468026,-0.14163096256690633,-0.773869626872476,-0.6173058164691358],"T_pred":[-61.30683534121441,-42.26203788434669,926.7199536096613],"rotation_error":14.53758360482892,"translation_error":122.26492734469099,"ADD":0,"ADD_S":0}}
{"id_image":41,"data":{"GT_R":[-0.9995455614906891,0.010436263420887881,0.028278170223527695,-0.020933635069286367,0.4346899706840355,-0.9003368849294103,-0.021687521716552728,-0.9005201925088038,-0.4342744965528273],"GT_T":[-28.7454119412672,12.999952967223344,823.0481559322583],"R_pred":[-0.9850835402081055,0.17187831833726863,0.008262112116070267,0.05748079701550409,0.37393541976740907,-0.9256717883882134,-0.1621924066827063,-0.9113891295867663,-0.3782373298413946],"T_pred":[-55.1013461735577,-16.595749954567356,892.0240214614498],"rotation_error":9.949121784907282,"translation_error":79.55005296159662,"ADD":0,"ADD_S":0}}
{"id_image":42,"data":{"GT_R":[-0.9995323578836578,0.0069503705829909316,0.029776620706350287,-0.023734289441466293,0.43763007574318674,-0.8988419338233031,-0.019278453297472978,-0.8991292162117569,-0.43726045858430795],"GT_T":[-28.900852293195776,11.592851190065259,823.1754990777476],"R_pred":[-0.9950213880166027,0.06718362221511312,0.07361248736165786,-0.02800792698453031,0.5203527422904296,-0.8534919915364527,-0.09564514318846774,-0.8513045192508306,-0.5158804339065108],"T_pred":[-64.51815533173378,-37.63867653162243,973.3242011823951],"rotation_error":6.8779805126596205,"translation_error":161.97829589565544,"ADD":0,"ADD_S":0}}
{"id_image":43,"data":{"GT_R":[-0.9995857972117826,0.007357681551877866,0.027823418003953958,-0.021768486958539814,0.43908665794636265,-0.8981809656693106,-0.01882464158892184,-0.8984149916644002,-0.43874453176145906],"GT_T":[-29.590106935941698,10.27895912518068,823.0703422272194],"R_pred":[-0.9931053056471895,0.09557237292265539,0.06788058212283807,-0.018407967486628422,0.4447334554191684,-0.8954737854141449,-0.11577132040541693,-0.8905493109114507,-0.4399078610422036],"T_pred":[-67.22331116793279,-31.91315424787378,971.2824537830569],"rotation_error":5.577896421299776,"translation_error":158.62932422314438,"ADD":0,"ADD_S":0}}
{"id_image":44,"data":{"GT_R":[-0.999599912382826,0.00857128135150367,0.026967710557289203,-0.020475374921809633,0.4387269100402775,-0.8983875185147487,-0.019531072353826,-0.8985805827801883,-0.4383754560385186],"GT_T":[-31.07564369035483,9.566178944362642,822.8650730905784],"R_pred":[-0.996061941507333,0.03584995117139348,0.08108877654553144,-0.04961798410254758,0.532560479425805,-0.8449363238773415,-0.0734756036670796,-0.8456323768368648,-0.5286844227996441],"T_pred":[-72.1679771255074,-41.74123705264242,1009.8118055192625],"rotation_error":7.029051429949558,"translation_error":198.16687808308805,"ADD":0,"ADD_S":0}}
{"id_image":45,"data":{"GT_R":[-0.9995695127030314,0.01007167903882967,0.027572083672212082,-0.020379629775265234,0.43792656539513874,-0.898779976442635,-0.021126281095299182,-0.8989541125534328,-0.4375330583085996],"GT_T":[-34.20097704486187,10.531319481703338,822.568707950628],"R_pred":[-0.993589921138016,0.07655130239905496,0.08318032648384695,-0.032433009769082366,0.5118443417780262,-0.8584657649942358,-0.10829205183331571,-0.8556607200817554,-0.5060805900436238],"T_pred":[-75.99315532885814,-37.568371861683765,998.5044351110243],"rotation_error":6.897726669928639,"translation_error":187.11907055270413,"ADD":0,"ADD_S":0}}
{"id_image":46,"data":{"GT_R":[-0.9995911834074418,0.010967194535612058,0.026412330597688733,-0.01896109237461362,0.43723627814663674,-0.8991477029735647,-0.021408986914354076,-0.8992803950890351,-0.4368489990705867],"GT_T":[-35.4624688019706,11.226002741215162,822.6178631691067],"R_pred":[-0.9923309772080957,0.11106277867902635,0.05426132015828097,0.009832964346396508,0.5085101034745242,-0.860999876583319,-0.12321746826399393,-0.85386329927947,-0.5057024042440275],"T_pred":[-74.32829867143548,-36.82085899063716,977.9846369730398],"rotation_error":7.625908346317542,"translation_error":167.20612445710358,"ADD":0,"ADD_S":0}}
{"id_image":47,"data":{"GT_R":[-0.999694478812513,0.011397487067803528,0.0219561613078009,-0.014741028668150384,0.4382966317496928,-0.8987099179139756,-0.019866101537330354,-0.8987582174366228,-0.4379942052068064],"GT_T":[-35.871665729377156,10.609963303978546,822.6937960113548],"R_pred":[-0.9961801026220374,0.07583057133884284,0.04330043406678037,-0.003310492245302679,0.4627158638293801,-0.8865004624938019,-0.0872596343164508,-0.8832574674527555,-0.4606973001960222],"T_pred":[-70.61645778336771,-30.233522684183267,959.3246121504271],"rotation_error":4.209646924160708,"translation_error":146.77660181844107,"ADD":0,"ADD_S":0}}
{"id_image":48,"data":{"GT_R":[-0.9996623680096094,0.011201401456771013,0.023445385086816015,-0.016143064999118616,0.4393007946476307,-0.8981953803486813,-0.020360704800265448,-0.8982709213485334,-0.4389720553891772],"GT_T":[-37.439817571722884,10.375748445222827,822.4718731663423],"R_pred":[-0.9954742464019632,-0.07482275860945173,0.058588220185588784,-0.09193131728597459,0.6020191021891947,-0.7931718814364142,0.02407608050553047,-0.7949682731992436,-0.6061730668333127],"T_pred":[-84.03223142610791,-55.101648656461975,1103.6537578982973],"rotation_error":12.346033802795034,"translation_error":292.440412496981,"ADD":0,"ADD_S":0}}
{"id_image":49,"data":{"GT_R":[-0.9996547790586142,0.012893258249867597,0.022911086249465227,-0.014936758490245285,0.43862497698527936,-0.8985465400654943,-0.02163402543058408,-0.8985778494184903,-0.4382814318267939],"GT_T":[-39.6758977571227,11.750434873838127,822.386989059028],"R_pred":[-0.9959966635202833,-0.07133480989879483,0.05387013229208346,-0.08151801060836968,0.4775343278433827,-0.8748232848282119,0.03668051530332556,-0.8757124588744137,-0.48143766903848606],"T_pred":[-74.67444986471014,-32.282155482877975,1007.6265175940757],"rotation_error":5.7832821695459495,"translation_error":193.5909362419549,"ADD":0,"ADD_S":0}}
{"id_image":50,"data":{"GT_R":[-0.9997201654010457,0.012448331620782441,0.020122128673985083,-0.012654765949811159,0.4372743133276506,-0.8992399205252889,-0.019993258768028408,-0.8992426290436139,-0.4369943271783313],"GT_T":[-40.09221260101144,12.893165801153426,822.6130503301125],"R_pred":[-0.9823191964500602,0.16932177775739732,0.07986946765055161,0.018162702769334613,0.5108019811125988,-0.8595065167405992,-0.18633065371489674,-0.8428591054669338,-0.5048459327534092],"T_pred":[-80.9557226791466,-29.987747439046842,940.7702308908135],"rotation_error":10.877233736132094,"translation_error":132.1730626651041,"ADD":0,"ADD_S":0}}
{"id_image":51,"data":{"GT_R":[-0.9997689992422315,0.01130511466148763,0.01831172950827129,-0.01150359017637886,0.4384084482071443,-0.8987030937276312,-0.018187149761334686,-0.8987061268170983,-0.4381763850831637],"GT_T":[-39.3762835099229,13.020667559001732,822.6675148750377],"R_pred":[-0.9994820838751138,0.008692222944274209,0.030984016410838002,-0.02360757458029209,0.4562621533944903,-0.8895321971700964,-0.021868846222331723,-0.8898029515797924,-0.45582064556664603],"T_pred":[-72.13807654210652,-27.968175885549062,973.6241836894536],"rotation_error":1.3536298313444473,"translation_error":159.8165705712358,"ADD":0,"ADD_S":0}}
{"id_image":52,"data":{"GT_R":[-0.9997270220612472,0.011237417769306628,0.020517511878347924,-0.013503106701540174,0.4390264297853645,-0.898372582968313,-0.019102692190298535,-0.8984046795270948,-0.43875431737375387],"GT_T":[-40.39479936212634,12.27279549731363,822.4878265398306],"R_pred":[-0.9875674706393498,0.1495575308778164,-0.04840491599753219,0.10066159476255707,0.3651568433328374,-0.9254878297995374,-0.12073828835483755,-0.9188541912212892,-0.3756717197237702],"T_pred":[-64.71763950662248,-18.36355696199232,910.5931027661032],"rotation_error":9.767352121494012,"translation_error":96.3987880816628,"ADD":0,"ADD_S":0}}
{"id_image":53,"data":{"GT_R":[-0.999702464987088,0.012195015053150026,0.021129466805681472,-0.013612642225540341,0.43988472764762604,-0.8979516896105564,-0.020245714759656763,-0.8979720627804033,-0.43958795441338283],"GT_T":[-42.689089906349,12.08617242772628,822.2241369706672],"R_pred":[-0.9917554466805599,0.10657906693911329,0.07114798992122799,-0.009399587294108912,0.4932154532283969,-0.869856404503299,-0.12779977205826143,-0.86335358873818,-0.48814731288286506],"T_pred":[-85.74315154216589,-34.44432596955071,991.7781728408672],"rotation_error":7.050471958207154,"translation_error":181.01743171394511,"ADD":0,"ADD_S":0}}
{"id_image":54,"data":{"GT_R":[-0.999745902001839,0.012373351159299955,0.0188469602881962,-0.011509373769646067,0.4387232269376087,-0.8985488898423769,-0.019386806123784017,-0.8985370489018695,-0.4384698210561439],"GT_T":[-42.996007037885164,12.328787144827432,822.1995624121627],"R_pred":[-0.9425485868407798,0.08512871089978237,0.3230406538270226,-0.11419630215731612,0.8266333753665268,-0.5510321835462403,-0.31394484550322516,-0.5562646540188255,-0.7694207357949696],"T_pred":[-107.13984031105355,-77.2638199918139,972.3550258759759],"rotation_error":34.318313883020025,"translation_error":186.2469591927587,"ADD":0,"ADD_S":0}}
{"id_image":55,"data":{"GT_R":[-0.9998289610508223,0.006852969120696569,0.017204712254573474,-0.012425650519751981,0.4406531085732509,-0.8975921821905287,-0.013732147454382108,-0.8976523005480435,-0.44049239476268226],"GT_T":[-40.21012691465191,11.265781998976001,822.2828072628124],"R_pred":[-0.9736977712166056,0.22148068026811163,-0.053469230364660766,0.11664131728277788,0.2829591424536302,-0.9520130917190397,-0.19572289960644107,-0.9332097470396892,-0.30135048465161995],"T_pred":[-56.78182107291711,-8.415421240010641,829.3335453487686],"rotation_error":15.739041815395499,"translation_error":26.677400843525437,"ADD":0,"ADD_S":1}}
{"id_image":56,"data":{"GT_R":[-0.9998945000157233,0.0018217381340824698,0.014429408104802643,-0.012131963824077477,0.4427609643238425,-0.8965579156728304,-0.008021956474942362,-0.8966386328744174,-0.4426925701395701],"GT_T":[-35.56853114715249,8.6059291935625,822.2813061549243],"R_pred":[-0.9803162205255201,-0.14991204845442707,-0.12847756809169902,0.03713366575963612,0.4991241534692774,-0.8657344686974348,0.19391028503359814,-0.8534643854032665,-0.48373271980135213],"T_pred":[-41.10553601851991,-40.878261188480906,954.7533536329769],"rotation_error":12.492640514615573,"translation_error":141.52097683290373,"ADD":0,"ADD_S":0}}
{"id_image":57,"data":{"GT_R":[-0.9998887811071397,-0.0030860045503048623,0.014619428944810308,-0.014457998612779176,0.44680474035463846,-0.8945145199061484,-0.0037715404278521178,-0.8946264805088102,-0.4467995623284862],"GT_T":[-31.905096115950535,5.356939894200822,821.9969338414411],"R_pred":[-0.994627740718995,0.09187292972135133,0.04769719254466892,0.006701562292367624,0.5169511445481085,-0.8559886700262116,-0.10329930520128922,-0.851070431242219,-0.5147896411254935],"T_pred":[-65.65113211997227,-43.370270266357274,948.1393261862056],"rotation_error":7.4111723759010895,"translation_error":139.37373892694575,"ADD":0,"ADD_S":0}}
{"id_image":58,"data":{"GT_R":[-0.9998671835345361,-0.004733757623657956,0.015618720779286754,-0.016088964538508183,0.44667858986964387,-0.8945502800990872,-0.0027416910398544506,-0.8946827206904483,-0.44669505009872584],"GT_T":[-30.913049438624018,3.7174270182415334,821.5703976518411],"R_pred":[-0.9724024886222103,0.22248740222881022,-0.07023358150349204,0.13390837891455928,0.2857115676689488,-0.9489138244101128,-0.1910548250576438,-0.932131029388909,-0.3076195667908104],"T_pred":[-47.31702378366703,-16.729837138672593,831.9460821894095],"rotation_error":16.63071467590419,"translation_error":28.1928326962473,"ADD":0,"ADD_S":1}}
{"id_image":59,"data":{"GT_R":[-0.9998218957854398,-0.01070531829887229,0.015592083363708494,-0.018738558718245615,0.4486556227044534,-0.8935087027465541,0.002569668331764907,-0.8936414780588037,-0.44877551031747526],"GT_T":[-27.450169949689233,1.376910761167725,821.2810675074655],"R_pred":[-0.9845425605678647,0.15841969399719816,0.07469368771393303,0.009722617605396916,0.47524325780044485,-0.8798007255180686,-0.17487543320138388,-0.8654750409278449,-0.46943746803336206],"T_pred":[-63.28176469480336,-39.77972221149465,926.2657276830323],"rotation_error":10.480940905743642,"translation_error":118.31969612792186,"ADD":0,"ADD_S":0}}
{"id_image":60,"data":{"GT_R":[-0.9997740197094124,-0.014903843537235593,0.015166876184793,-0.020260657232966158,0.4511249454087576,-0.8922312241434035,0.006456455964709321,-0.8923368184500693,-0.45132543599717845],"GT_T":[-23.926686515332435,-1.7633969851222275,820.7585040823143],"R_pred":[-0.9972817450391085,0.03530251996332015,0.06467498044831607,-0.03077309969056209,0.5979780560828541,-0.800921507251994,-0.06694876658449661,-0.8007346480124427,-0.5952662312992432],"T_pred":[-57.385537169138765,-59.706829870296765,960.7929110879325],"rotation_error":10.69527963587101,"translation_error":155.19848983481626,"ADD":0,"ADD_S":0}}
{"id_image":61,"data":{"GT_R":[-0.9997125795761455,-0.015496943134686057,0.018336665385099312,-0.023355791215029738,0.4508865864196591,-0.8922760430488522,0.00555986847401159,-0.8924472055657218,-0.4511192265189995],"GT_T":[-25.6515779593285,-3.2507500215838405,820.0332065240403],"R_pred":[-0.9800802303250835,0.004819697987528307,0.19854347795190908,-0.15848045183017895,0.583526349781911,-0.7964803484693773,-0.11969414569490655,-0.8120799034710239,-0.5711388113802622],"T_pred":[-80.21109914069218,-63.48455868034154,1031.0990424130073],"rotation_error":13.763136257272869,"translation_error":226.17170498669333,"ADD":0,"ADD_S":0}}
{"id_image":62,"data":{"GT_R":[-0.9996430777613242,-0.015727084237810177,0.02162028315913632,-0.026386106488338737,0.450098129141198,-0.8925894959867522,0.004306633919245669,-0.8928409291306578,-0.4503523804257562],"GT_T":[-28.405863285952645,-3.3236268762678947,819.4534078866902],"R_pred":[-0.9945322387383654,0.04409207372874016,0.09466527950813998,-0.05294431589206597,0.5684719617331964,-0.8209972765715687,-0.09001402959970216,-0.8215202479291128,-0.5630292680826754],"T_pred":[-61.13777293032569,-51.17782160622793,920.9979720141799],"rotation_error":9.552132263016025,"translation_error":116.930322697161,"ADD":0,"ADD_S":0}}
{"id_image":63,"data":{"GT_R":[-0.9996626493901732,-0.011121094801090681,0.02346828397744846,-0.025963004130936773,0.44874209464535647,-0.8932847973761796,-0.0005965420030414502,-0.8935925468931906,-0.44887896972595986],"GT_T":[-32.63436946924393,-1.4462230579909772,818.8367404103072],"R_pred":[-0.9975703584062534,-0.05506902781447355,0.04267062461211333,-0.06579965905235687,0.543568530946708,-0.8367817260391333,0.022886347410907316,-0.8375563589036896,-0.5458713774894056],"T_pred":[-72.96960558190145,-60.323059129874764,1050.0432900657013],"rotation_error":6.924171349752038,"translation_error":241.97082820383844,"ADD":0,"ADD_S":0}}
