{"id_image":30,"data":{"Best_template_id":171,"GT_R":[-0.9988133731849875,0.044627356183377896,0.019535820140035794,0.0014142629216011354,0.42741361921441706,-0.9040553582437199,-0.04869478489894869,-0.9029541352510542,-0.42696894152759557],"GT_T":[-40.19858210061533,25.293137156092957,820.1467522376969],"R_pred":[-0.688059031428202,-0.6565782677627845,-0.30899797341035384,-0.12657442409161407,0.5278837972605477,-0.8398318949383032,0.7145303943401993,-0.538742679663869,-0.44632123036287796],"T_pred":[-6.435396257440506,-11.199193140887422,830.9747039628033],"rotation_error":50.25155576541958,"translation_error":50.88111071258084,"ADD":0,"ADD_S":1}}
{"id_image":77,"data":{"Best_template_id":171,"GT_R":[-0.999838443072248,-0.0030149234343011828,0.017741504889464868,-0.017300125357395696,0.4324420641765114,-0.9014963845788847,-0.0049542671746369135,-0.9016570838682035,-0.4324242821990339],"GT_T":[-55.5334438903633,18.638569789455858,818.3165968506771],"R_pred":[-0.995296560496612,-0.09347972069104232,-0.025422401207177966,-0.014956622505285976,0.4075576566322777,-0.9130569839630173,0.09571340609783137,-0.9083822424177675,-0.40703887474444034],"T_pred":[-77.67144557848817,-16.344645010652172,924.1857354196164],"rotation_error":5.963504673402347,"translation_error":113.675815096366,"ADD":0,"ADD_S":0}}
{"id_image":86,"data":{"Best_template_id":145,"GT_R":[-0.9995950279943328,-0.01638981707673924,0.023266909297685,-0.02807185264736376,0.43320678011735314,-0.9008570401757577,0.004686232688944103,-0.901145755963393,-0.4334910687577611],"GT_T":[-58.3115019166622,18.986134631093282,816.4423988619632],"R_pred":[-0.9689033494728194,-0.23302813627978786,0.08321170039315504,-0.1641388406805176,0.35363821506097937,-0.920868315139869,0.18516139003692764,-0.905890666995998,-0.3808902192090776],"T_pred":[-105.71240223513566,-17.595042273237443,1023.2618924928073],"rotation_error":13.59501089070588,"translation_error":215.31217058129013,"ADD":0,"ADD_S":0}}
{"id_image":94,"data":{"Best_template_id":145,"GT_R":[-0.9989960360247563,-0.020257859823712428,0.03997411980828288,-0.04480375647809346,0.43153204780819227,-0.9009845283398821,0.0010022928669475564,-0.9018703620466232,-0.4320059364002884],"GT_T":[-73.02842531941533,16.79091816330143,814.2196726122754],"R_pred":[-0.9895542753290886,-0.13398071055755173,0.053211891306509176,-0.09810628302539591,0.35541367280923386,-0.9295462755620031,0.10562903676955081,-0.9250569119674442,-0.3648454689486943],"T_pred":[-124.04831797806115,-16.05546237830869,998.5617652177383],"rotation_error":7.970438783259053,"translation_error":194.07194868848268,"ADD":0,"ADD_S":0}}
{"id_image":102,"data":{"Best_template_id":171,"GT_R":[-0.9985197451092404,-0.03069549612577016,0.04490542032063503,-0.0537619903979673,0.431389887682002,-0.9005631027849326,0.008271658310510844,-0.9016436184802102,-0.43240110054586367],"GT_T":[-76.47489574536247,15.304634311021278,816.5029159553858],"R_pred":[-0.9939641346707133,0.1043949468086896,0.03371934265538021,0.016831026963057653,0.44883569768536913,-0.8934557812307534,-0.10840671344372038,-0.8874954712921627,-0.4478836600237084],"T_pred":[-121.75107684508595,-28.033453117809305,970.2089128938791],"rotation_error":7.881522034156034,"translation_error":165.99293928303103,"ADD":0,"ADD_S":0}}
{"id_image":103,"data":{"Best_template_id":145,"GT_R":[-0.9983745813574917,-0.03129424204842373,0.04765138814109016,-0.05648483696755431,0.42990994491673934,-0.9011030358198178,0.007713662963728069,-0.9023300066077052,-0.43097837476751044],"GT_T":[-77.75153606300151,15.888316557288643,816.9357983694094],"R_pred":[-0.9898312722550036,-0.11548210571542758,0.08305381222780647,-0.12013038363351586,0.3659748441916616,-0.9228386122973797,0.0761757401940095,-0.9234318040215097,-0.37612625530195953],"T_pred":[-132.32239325983073,-18.308020882554512,1004.0420389209633],"rotation_error":6.430090054572445,"translation_error":197.87903679478597,"ADD":0,"ADD_S":0}}
{"id_image":107,"data":{"Best_template_id":171,"GT_R":[-0.9983516496713114,-0.03760796437555554,0.043359353420592155,-0.055271562660253314,0.4262548245287061,-0.9029139407005723,0.015474540410299623,-0.9038220955066851,-0.4276306866064955],"GT_T":[-77.63178782306798,19.26532574201188,819.177956670759],"R_pred":[-0.9852946061570622,0.05012999291323548,0.16334479755510634,-0.10774583142325811,0.5596684053690096,-0.821682488460489,-0.132609859696444,-0.827199044875071,-0.5460369632809303],"T_pred":[-143.8670433258659,-36.3089338691168,1038.8201448685636],"rotation_error":12.260582096384635,"translation_error":236.04723730466714,"ADD":0,"ADD_S":0}}
{"id_image":114,"data":{"Best_template_id":132,"GT_R":[-0.9977844169106922,-0.05231748466724183,0.041109084640458496,-0.05969687346685467,0.43106108015950917,-0.9003456273027387,0.029383270050845074,-0.9008049012976826,-0.4332298968914159],"GT_T":[-77.15814114835952,13.862329400911467,822.1526543176026],"R_pred":[0.5403023058681398,-0.8414709848078965,0.0,0.8414709848078965,0.5403023058681398,0.0,0.0,0.0,1.0],"T_pred":[-77.63178782306798,19.26532574201188,819.177956670759],"rotation_error":150.78809403766525,"translation_error":6.18591438063471,"ADD":0,"ADD_S":0}}
{"id_image":116,"data":{"Best_template_id":132,"GT_R":[-0.9977432766996996,-0.051481816114066936,0.04311142024709954,-0.061051819107067765,0.4281740924653877,-0.901631600819617,0.02795848744216152,-0.9022290701229079,-0.43035145400394575],"GT_T":[-81.06724886989076,17.795842176096517,823.2779567837443],"R_pred":[-0.8407679631908344,-0.38363982785400796,0.38200747971222115,-0.5340130904901288,0.471528030604052,-0.7017772691815019,0.0891024761559262,-0.7940288400548257,-0.6013143519857738],"T_pred":[-120.80336102746166,-36.156317817678165,821.7396459485424],"rotation_error":30.683605706288525,"translation_error":67.02358224997091,"ADD":0,"ADD_S":0}}
{"id_image":121,"data":{"Best_template_id":132,"GT_R":[-0.9973130033751346,-0.06463399900038143,0.03450856442575008,-0.05919503038542614,0.43320815029121806,-0.8993483052869935,0.043179282553567636,-0.8989738632544715,-0.43586955376278713],"GT_T":[-75.93134944748941,12.75255370844287,827.5058643787321],"R_pred":[-0.9238415473597182,-0.3654521680945482,0.11384861969736615,-0.2502300426579663,0.3515329728676273,-0.902113903416991,0.28965793813288426,-0.861898649390891,-0.41620787721373576],"T_pred":[-117.25135001592422,-26.46181454472101,1041.0443255656796],"rotation_error":18.552373136235826,"translation_error":221.00629749072695,"ADD":0,"ADD_S":0}}
{"id_image":124,"data":{"Best_template_id":171,"GT_R":[-0.9967659117487678,-0.07310114031389646,0.03339773824707111,-0.06179897779008483,0.4314581653546661,-0.900013954476966,0.05138226959825811,-0.8991666433870787,-0.4345797581633311],"GT_T":[-70.63429912193105,14.435800969562315,830.0999583102689],"R_pred":[-0.9729559881550005,-0.10576520062826139,0.2053542486762569,-0.2197741102140276,0.6975258022968736,-0.6820242632118991,-0.07110545403102923,-0.708711138240514,-0.7019063590970492],"T_pred":[-138.8729860239258,-63.10914372260035,1099.2921435139583],"rotation_error":22.226170461321395,"translation_error":288.329966205659,"ADD":0,"ADD_S":0}}
{"id_image":135,"data":{"Best_template_id":132,"GT_R":[-0.99496619380107,-0.09583663226195768,0.029276037735931792,-0.06831376350286349,0.43493943288766346,-0.8978653728838618,0.07331572115228094,-0.8953458809761726,-0.4392964767505581],"GT_T":[-60.74802540731268,6.67119380036225,833.1530687166029],"R_pred":[-0.9403290001925181,-0.330912737981065,0.07923465932793741,-0.32127858158107103,0.7867482562005468,-0.5270742399156448,0.11207784979287558,-0.5210795920080488,-0.8461173762419321],"T_pred":[-62.751134358303595,-50.82634255872308,614.0967388664689],"rotation_error":34.235412698975125,"translation_error":226.4854405480507,"ADD":0,"ADD_S":0}}
{"id_image":137,"data":{"Best_template_id":132,"GT_R":[-0.994314154277173,-0.10150976943098348,0.032190741472496856,-0.07345933398589254,0.43495297266177496,-0.8974513425005081,0.07709896031023714,-0.8947139616593145,-0.43993657442755063],"GT_T":[-58.567459716793195,5.372964024689688,833.4795586689891],"R_pred":[-0.8430045575056107,-0.5222297674666451,0.12891619757231226,-0.3139066940888253,0.282994675503333,-0.9062982958402755,0.4368133507929837,-0.8044812512473468,-0.40249722105936203],"T_pred":[-86.75235828833239,-29.64258220072377,1001.5868373755511],"rotation_error":26.78473771465837,"translation_error":174.01302864750602,"ADD":0,"ADD_S":0}}
{"id_image":154,"data":{"Best_template_id":132,"GT_R":[-0.9901252316394433,-0.13374353472563175,0.04201517597957783,-0.0969164507837396,0.43648855207394827,-0.8944756764326525,0.1012914283301511,-0.8897148175641174,-0.4451397670424978],"GT_T":[-57.703593170553255,-4.936932086152982,833.5157982805274],"R_pred":[-0.3866972792950557,-0.9124418871575586,0.13384699005265172,-0.8723204947388414,0.31481728664867137,-0.37409494849002034,0.2992025545418763,-0.2614189713611488,-0.9176807466478167],"T_pred":[-42.696933953036975,-89.59423173288677,875.781097574251],"rotation_error":68.33057109885961,"translation_error":95.80403816507723,"ADD":0,"ADD_S":0}}
{"id_image":163,"data":{"Best_template_id":132,"GT_R":[-0.9891249474025114,-0.14364340325790184,0.03162161778306582,-0.09132145741741289,0.4312368411992074,-0.897605484675034,0.11529939047399403,-0.8907310085728255,-0.4396649370661002],"GT_T":[-55.12528906403349,3.492052646048439,837.0245919227078],"R_pred":[-0.7665939951976389,-0.6302245906010151,0.12308782201625514,-0.5612854897162118,0.5645395235824049,-0.605188999691323,0.31191704916684926,-0.5330216615815296,-0.786508526796697],"T_pred":[-49.62177017658106,-49.214728359895744,701.8631833674224],"rotation_error":39.32404396411493,"translation_error":145.1788546820848,"ADD":0,"ADD_S":0}}
{"id_image":215,"data":{"Best_template_id":171,"GT_R":[-0.984728007830795,-0.17407421865266584,-0.003112447639520184,-0.07650713084324166,0.44871442471111606,-0.8903951516346474,0.15639130831559211,-0.8765584278274409,-0.45517943229282487],"GT_T":[-52.98397615366085,-6.722995870083452,830.270445953835],"R_pred":[-0.9804541849822275,-0.14642360284983358,0.13141430545914792,-0.19602370002663405,0.6697482101276051,-0.7162485909645734,0.016861203358722883,-0.728009246891372,-0.685359931905822],"T_pred":[-107.8756911929694,-79.96950023818395,1051.0320138653256],"rotation_error":18.507091690138665,"translation_error":238.9849799649394,"ADD":0,"ADD_S":0}}
{"id_image":319,"data":{"Best_template_id":132,"GT_R":[-0.9600074388442824,-0.27441333445968624,0.05552321591658881,-0.16215094176833136,0.3832911868173679,-0.9092829520219171,0.22823805042069634,-0.8819224158125829,-0.41245814590192237],"GT_T":[-94.69527512772835,14.168677399279836,849.6419988017672],"R_pred":[-0.7920857767493571,-0.6019131629146763,0.10149219960872863,-0.4850436633176116,0.5197027824259486,-0.7033076585777798,0.3705843587454806,-0.6063081413347324,-0.7036033476358845],"T_pred":[-176.4085979379868,-80.42516982047947,1419.8099470354662],"rotation_error":28.473526440821008,"translation_error":583.7093045768199,"ADD":0,"ADD_S":0}}
{"id_image":444,"data":{"Best_template_id":132,"GT_R":[-0.9091229807933501,-0.4158279143647317,0.024155063659267426,-0.16338006044290382,0.3026505977170761,-0.9389942176695784,0.3831491554721991,-0.8576074780317166,-0.3430847684931721],"GT_T":[-32.446082682724466,23.590705622498415,893.8465054247594],"R_pred":[-0.9084784215421924,-0.41456967005661227,0.052905068390071475,-0.22127001517344327,0.3697255692128285,-0.9024093216802418,0.3545511782202263,-0.8315257014304498,-0.4276195387061351],"T_pred":[-59.227485297684524,-1.3095541736552008,986.3196076885266],"rotation_error":5.536320899567172,"translation_error":99.44114393059691,"ADD":0,"ADD_S":0}}
{"id_image":516,"data":{"Best_template_id":132,"GT_R":[-0.8906753825398788,-0.4524657407231803,0.044410775631717095,-0.17627733820838373,0.253647473165946,-0.9510994824101265,0.4190752095578305,-0.8549493699983657,-0.30567653685707796],"GT_T":[-53.39524797258195,19.51048286280126,898.5633718126782],"R_pred":[-0.8343921255668816,-0.5460732632701125,-0.07479152313940057,-0.06855257312078075,0.2374605579221587,-0.9689752464071603,0.5468915116460495,-0.8033781641125349,-0.23556994697259548],"T_pred":[-69.7933915915741,0.6200476619366277,1075.1312759006064],"rotation_error":10.120238794536082,"translation_error":178.3310752791868,"ADD":0,"ADD_S":0}}
{"id_image":519,"data":{"Best_template_id":171,"GT_R":[-0.8888200682860055,-0.4556054528043454,0.04922137994442252,-0.1819321910167696,0.2522459196282445,-0.9504068568357102,0.420595279767161,-0.8536957387500987,-0.3070903648000315],"GT_T":[-52.09590780854748,15.429655268720277,897.7516186287256],"R_pred":[-0.9473630474899691,-0.3186209454711916,0.03136796706135807,-0.18324978120464172,0.4592909185721732,-0.8691785603692607,0.26253147228279017,-0.8291758228651952,-0.4935024628478131],"T_pred":[-58.29318211362883,-15.379825695804682,931.454384838621],"rotation_error":14.777811949157405,"translation_error":46.08152315532453,"ADD":0,"ADD_S":1}}
{"id_image":529,"data":{"Best_template_id":132,"GT_R":[-0.8876489422046621,-0.45794656863486,0.04862896952213197,-0.1776297918607913,0.24303999067596824,-0.9536137625459278,0.4248847682838106,-0.8551128590902102,-0.29707866291096735],"GT_T":[-57.08390435946078,20.72096427882273,897.1242098595952],"R_pred":[-0.9196499235819242,-0.37470476471593495,0.11764504815306431,-0.20722344670894766,0.20849983690208285,-0.9558170646864749,0.33362023498256954,-0.9033959028637338,-0.2693944719165453],"T_pred":[-83.29512716987081,11.503724121935784,876.4333029551066],"rotation_error":6.5633609417112195,"translation_error":34.64245005563124,"ADD":0,"ADD_S":1}}
{"id_image":531,"data":{"Best_template_id":171,"GT_R":[-0.8858147455844655,-0.46176526122129397,0.04588120945462455,-0.17515975950465815,0.2411692905203836,-0.954544966031231,0.42971068091737913,-0.8535875194535841,-0.29451397874604696],"GT_T":[-55.108929729301806,23.24867256943379,898.2367002320024],"R_pred":[-0.9782457346256116,-0.20735099042512026,0.006391357955795124,-0.08314316111430195,0.36365604991771894,-0.9278154407629583,0.19005919458610426,-0.9081628951504036,-0.37298479650693306],"T_pred":[-73.14803583279587,-4.724684335315887,1001.0076387723349],"rotation_error":16.543364427773337,"translation_error":108.02677378314334,"ADD":0,"ADD_S":0}}
{"id_image":541,"data":{"Best_template_id":132,"GT_R":[-0.8817075211749431,-0.4700021708802258,0.04111390852211221,-0.1711732434984363,0.237471757178178,-0.9561942744008431,0.4396506652503765,-0.8501210561128707,-0.28983261139746175],"GT_T":[-51.74183348378625,22.538898828969938,899.9753627059446],"R_pred":[-0.8423354682258544,-0.5347353700532433,-0.06729816477996592,-0.09707809342355442,0.27336260813151303,-0.9569998580212982,0.530138475066636,-0.7995817459707031,-0.2821741107268061],"T_pred":[-67.62678143187439,3.5906126771695237,1060.528758020223],"rotation_error":7.5927492267127015,"translation_error":162.44618144587744,"ADD":0,"ADD_S":0}}
{"id_image":553,"data":{"Best_template_id":132,"GT_R":[-0.8738240925207933,-0.48495536495056457,0.03536298055430825,-0.1744888840981849,0.24485848406651198,-0.953728528110954,0.45385740417214,-0.8395610234520069,-0.29858209512439043],"GT_T":[-47.016351720912084,14.412864301535786,901.9718910434921],"R_pred":[-0.594003745421007,-0.8041893556728339,0.020953058209436326,-0.6288322990796418,0.44791911441604226,-0.6355614892163945,0.5017265092259204,-0.39070186480648084,-0.771765873031913],"T_pred":[-69.0674247039628,-75.75308752194702,1336.962643138623],"rotation_error":40.46912381555263,"translation_error":444.78433324053367,"ADD":0,"ADD_S":0}}
{"id_image":561,"data":{"Best_template_id":132,"GT_R":[-0.8637637475344618,-0.502682712323949,0.03496379311832809,-0.18864731327894507,0.25825348123763175,-0.9474801484774114,0.46725218227573506,-0.8249946714917024,-0.3178994562205454],"GT_T":[-36.72382038314953,-4.143263810823981,907.7389522103535],"R_pred":[-0.7794063252303385,-0.620683573838454,-0.08530932749743309,-0.1023426306012975,0.2604662919938875,-0.9600433827158861,0.6181033620298035,-0.7395331039933772,-0.26653146520697013],"T_pred":[-43.71400871193185,-24.237621051870185,1067.309441754232],"rotation_error":11.172970845170294,"translation_error":160.98256756268879,"ADD":0,"ADD_S":0}}
{"id_image":562,"data":{"Best_template_id":132,"GT_R":[-0.8621145623791334,-0.5055836987169811,0.03381292732170521,-0.18958596205732686,0.2599569521728034,-0.9468261329203617,0.4699102791228323,-0.8226832408680463,-0.31996408443963914],"GT_T":[-35.33896249305564,-5.710164780513367,908.7738024938506],"R_pred":[-0.9066223765367312,-0.4132139142267827,0.08538224319066959,-0.20833171043412985,0.2624091423330026,-0.9421992042278791,0.36692473995423025,-0.8720067104727118,-0.32399156177295907],"T_pred":[-60.26309846784683,-21.02110909538796,946.2146604848643],"rotation_error":6.612097566488367,"translation_error":47.512686905776356,"ADD":0,"ADD_S":1}}
{"id_image":574,"data":{"Best_template_id":171,"GT_R":[-0.8509841631946604,-0.5239622829044475,0.03591951400113619,-0.2028777838047469,0.2648743251781309,-0.9427001361910787,0.48442542195403293,-0.8095096065175437,-0.3317039396659577],"GT_T":[-25.679396401435035,-15.426649927361794,915.738451929314],"R_pred":[-0.8813382350209941,-0.4724207478871659,0.00784553731811008,-0.18671114070625128,0.33297502065149853,-0.9242654302516701,0.43402979785522733,-0.8160553122110444,-0.3816698337383837],"T_pred":[-28.675767437077074,-39.816982949779295,979.676236442183],"rotation_error":4.910371703679036,"translation_error":68.49749537568319,"ADD":0,"ADD_S":0}}
{"id_image":576,"data":{"Best_template_id":132,"GT_R":[-0.8498267117303488,-0.5260007361399096,0.033446009131522236,-0.20162577376854696,0.2658118542013417,-0.9427043921108124,0.48697306597694456,-0.8078793590105635,-0.33194808657800473],"GT_T":[-25.604963233375404,-14.432817712374295,916.7729337874839],"R_pred":[-0.7335119417891394,-0.6771618071798702,-0.05841333879875882,-0.1533552242272227,0.24861638885250736,-0.9563848944834694,0.6621498368609211,-0.6925617503810264,-0.28620939092598663],"T_pred":[-30.30596881635276,-31.41556084574128,1017.0646357301408],"rotation_error":12.426210615526754,"translation_error":101.8279848390404,"ADD":0,"ADD_S":0}}
{"id_image":583,"data":{"Best_template_id":132,"GT_R":[-0.8427796027578012,-0.5363827002748298,0.04490052226044594,-0.21867886113003024,0.26497882562783437,-0.9391308126991488,0.49183645500041073,-0.8012995808467951,-0.3406147633990899],"GT_T":[-24.828938257268515,-23.334328083618505,919.4759342356699],"R_pred":[-0.7496818600963344,-0.6593287096515834,-0.057120585358328146,-0.1521242905762069,0.2556825081251002,-0.9547170550773374,0.6440770985364919,-0.7070446291911394,-0.29198045049759436],"T_pred":[-27.337832064509538,-42.85455261994384,1033.8692305218524],"rotation_error":10.991135557665016,"translation_error":116.07394173242719,"ADD":0,"ADD_S":0}}
{"id_image":588,"data":{"Best_template_id":132,"GT_R":[-0.8377741851781518,-0.544008318268505,0.046803893708493666,-0.22193961263215467,0.260957485561483,-0.9394919312465216,0.49887747374668096,-0.7974692390980844,-0.3393605240447705],"GT_T":[-22.0110634466762,-21.591516613330807,920.1262554883397],"R_pred":[-0.8751637378367687,-0.4709917653481968,0.11070315690965982,-0.2658253396271664,0.2769000903461345,-0.9233976547394976,0.40425897737425365,-0.8375518473148346,-0.36753446405994494],"T_pred":[-45.23865889595444,-36.51591300490723,922.8180903742247],"rotation_error":6.357785716500879,"translation_error":27.739949045755257,"ADD":0,"ADD_S":1}}
{"id_image":596,"data":{"Best_template_id":171,"GT_R":[-0.8289119375297898,-0.5565008499631707,0.05668533849265816,-0.2348127999693465,0.2541873446432946,-0.9382176955641581,0.5077102340145269,-0.7910102287318302,-0.34137149985743104],"GT_T":[-16.72015357845621,-23.857803240230325,921.3519462878282],"R_pred":[-0.8200230686777313,-0.5718572187739155,0.023269898420900548,-0.18913995985012125,0.23239789140636302,-0.9540530884902432,0.540174270420437,-0.7867468089582819,-0.2987326834641797],"T_pred":[-17.387879502287372,-43.565580028350325,1001.1431689083904],"rotation_error":3.421416444729636,"translation_error":82.19173639195019,"ADD":0,"ADD_S":0}}
{"id_image":603,"data":{"Best_template_id":132,"GT_R":[-0.8202242938641399,-0.5679682368794469,0.06815496567136192,-0.24994634210529942,0.248664738481791,-0.9357852796957099,0.5145478340194337,-0.7845885808193387,-0.3459216879521965],"GT_T":[-12.366473622548781,-29.838823974486917,922.3714628483285],"R_pred":[-0.7102115570483888,-0.7034096714234825,-0.028537315620278725,0.2800250235980824,-0.24507647028377866,-0.9281829075522439,0.6458990094386247,-0.6671973904783743,0.3710284513956458],"T_pred":[-16.32316474159358,-47.44948325225533,1015.2991441303974],"rotation_error":43.7294629975917,"translation_error":94.6643791152245,"ADD":0,"ADD_S":0}}
{"id_image":610,"data":{"Best_template_id":132,"GT_R":[-0.8137004820349062,-0.5763566811030457,0.07552251642220391,-0.2600027755863464,0.24467364847134393,-0.9340956615765533,0.5198938781771628,-0.7797108114464713,-0.3489443969775979],"GT_T":[-9.781745660613097,-33.01213469398658,923.7060307551498],"R_pred":[-0.7209662168613526,-0.6913106465026551,-0.04793020109190227,-0.2111303669137206,0.28501189713388375,-0.9349824525941771,0.6600240013147302,-0.6639712407357911,-0.35144061968456],"T_pred":[-10.385622306787964,-55.0712547796603,1044.1839457796336],"rotation_error":11.0462138929745,"translation_error":122.48223322018883,"ADD":0,"ADD_S":0}}
{"id_image":617,"data":{"Best_template_id":171,"GT_R":[-0.8093454490689169,-0.582398558311207,0.07597282724997285,-0.2643485359791197,0.24570228882624467,-0.9326043305078614,0.5244810739529087,-0.7748822340102421,-0.35281341352273105],"GT_T":[-7.456725106100628,-35.0614966314345,924.9497558879605],"R_pred":[-0.8868574255657504,-0.4608634704340713,0.03299648978836037,-0.26966219513811607,0.4582850802057318,-0.8469103174327953,0.3751882290693327,-0.7599866096717031,-0.5307109815026709],"T_pred":[-2.7788108282567543,-59.60935218691525,933.6803524097382],"rotation_error":14.61037643974078,"translation_error":26.4708029721367,"ADD":0,"ADD_S":1}}
{"id_image":631,"data":{"Best_template_id":132,"GT_R":[-0.8047744696873912,-0.5873136647280711,0.08603006162452803,-0.27781385241372414,0.24460191791965089,-0.9289722373478564,0.5245548088551407,-0.7715134476687653,-0.36001338998724447],"GT_T":[-9.207715488940027,-48.737667825164934,923.3016456151921],"R_pred":[-0.7596853307858462,-0.6497505877946165,-0.02650229894461492,-0.22181624298139846,0.29722606503676274,-0.9286841339294963,0.6112902359259607,-0.6996290730975322,-0.3699235157951859],"T_pred":[-12.96346815083602,-76.05802690590507,1069.7645348872975],"rotation_error":7.8294040965613405,"translation_error":149.03652449078018,"ADD":0,"ADD_S":0}}
{"id_image":642,"data":{"Best_template_id":132,"GT_R":[-0.7964169857418144,-0.5977591870196376,0.09167639616183985,-0.28622361407428243,0.23904275434172678,-0.9278664151822413,0.5327255380440119,-0.7652081221394178,-0.36146992357346003],"GT_T":[-9.459155133269096,-47.267068569499216,924.9877089557581],"R_pred":[-0.5626300803000436,-0.82602446052881,-0.03363009589125232,-0.35401265800190906,0.2774906707378465,-0.8931259517155926,0.7470759203159941,-0.4905940462964754,-0.44854771320614484],"T_pred":[8.945119795409402,-49.68625833321708,820.7586866176348],"rotation_error":20.71857721410727,"translation_error":105.86906494497939,"ADD":0,"ADD_S":0}}
{"id_image":646,"data":{"Best_template_id":132,"GT_R":[-0.7948717817514244,-0.5999139268962954,0.0910117684485045,-0.285807033368887,0.23785792468710856,-0.9282985474349212,0.5352509406958422,-0.7638902849223325,-0.36052544958693095],"GT_T":[-9.875661032983283,-45.94530822649341,925.2478407111028],"R_pred":[-0.8472295691242602,-0.4849965190238492,0.21674970296696996,-0.3865873567140121,0.2830486105638025,-0.8777435272827561,0.36435185306293394,-0.8274429651599258,-0.4273006746741177],"T_pred":[-39.654444524870435,-58.93805529388178,898.714253727566],"rotation_error":11.777858709186123,"translation_error":41.947808772649054,"ADD":0,"ADD_S":1}}
{"id_image":653,"data":{"Best_template_id":132,"GT_R":[-0.7992884698354822,-0.5941929953455145,0.08984934589334949,-0.28306083378804575,0.2403648569141336,-0.928494677265577,0.53010793925061,-0.76756806588538,-0.36031300642551],"GT_T":[-21.954320514690114,-41.84778681571503,924.2603450277724],"R_pred":[0.6179994613070917,-0.7750769954951409,0.1316522573994447,0.20928476642865096,0.0007755744041795659,-0.9778544293632097,0.7578103670213607,0.6318663225228647,0.1626911125304077],"T_pred":[7.920985227758843,-32.901390909628425,925.934054380058],"rotation_error":99.05038032896694,"translation_error":31.23096533745275,"ADD":0,"ADD_S":1}}
{"id_image":655,"data":{"Best_template_id":132,"GT_R":[-0.7998053913590849,-0.5936246382743375,0.08900355405965263,-0.2826280494285363,0.24161031622781357,-0.9283028926717222,0.5295588664033812,-0.7676170209364656,-0.36101551595359743],"GT_T":[-25.768756369599483,-41.09234055060858,924.2445639885955],"R_pred":[-0.6955146202812805,-0.7181500435019874,0.022801929591147574,-0.2241428838584252,0.18670821763634637,-0.9565040559677135,0.6826561217704084,-0.6703734455399853,-0.29082651688632766],"T_pred":[-33.9395911671181,-56.81695799874685,1020.1154809829036],"rotation_error":11.17315745026281,"translation_error":97.49491710088354,"ADD":0,"ADD_S":0}}
{"id_image":660,"data":{"Best_template_id":132,"GT_R":[-0.8000003825852968,-0.5936140189474043,0.08730359402962108,-0.2792832621898479,0.23963287485110535,-0.9298266814270525,0.5310372760201048,-0.7682447719709125,-0.357492369675828],"GT_T":[-32.18835452672963,-35.758272257274555,924.7374169694784],"R_pred":[-0.7611883711255791,-0.6472017238601756,-0.04149930476049685,-0.19964323079490795,0.2947256737223757,-0.9344941720774202,0.6170371496603415,-0.7030410413918302,-0.35355119863710316],"T_pred":[-37.785393466089914,-60.07685785319361,1067.6534068286458],"rotation_error":8.313055244919374,"translation_error":145.07825683988753,"ADD":0,"ADD_S":0}}
{"id_image":662,"data":{"Best_template_id":145,"GT_R":[-0.8005055275141919,-0.5930677645162715,0.08638514009943606,-0.27858277372298745,0.2405919704835343,-0.9297885855272542,0.5306443981843068,-0.7683669314871997,-0.35781328295459036],"GT_T":[-34.95977558221475,-36.126716058122085,924.6809717025495],"R_pred":[-0.6543726895556449,-0.756132239548314,0.007772996807067167,-0.34481966249999785,0.289234208787548,-0.892996625313012,0.6729753216256145,-0.5870328856058166,-0.4499962307622242],"T_pred":[-34.02528512582298,-52.41706414929972,951.7151075141512],"rotation_error":14.295962487950153,"translation_error":31.576782806754505,"ADD":0,"ADD_S":1}}
{"id_image":670,"data":{"Best_template_id":132,"GT_R":[-0.7958790541589318,-0.5997603141010636,0.08284789822049109,-0.2761515883814487,0.23781664443396158,-0.9312276879268737,0.538810222241883,-0.7640236198259598,-0.35489836295861765],"GT_T":[-34.72838195743485,-31.561508216012403,925.2444135987628],"R_pred":[-0.837361029179151,-0.5368063304170534,0.10327376451069481,-0.26721544340173004,0.2371392149437489,-0.9340026228782656,0.4768882611468329,-0.8096937423248622,-0.3420140786872816],"T_pred":[-54.086336439665565,-45.36613915489038,958.5991033692918],"rotation_error":4.489413661020887,"translation_error":40.96136675921566,"ADD":0,"ADD_S":1}}
{"id_image":677,"data":{"Best_template_id":145,"GT_R":[-0.7890183798571163,-0.6092172843747105,0.07939796224665477,-0.2715856246966445,0.22994210864829706,-0.9345419660123362,0.5510822464271755,-0.7589342219269724,-0.3468826983217049],"GT_T":[-26.827941752501737,-23.742994389701057,926.1638186888921],"R_pred":[-0.6060809495693988,-0.7948441881318185,-0.02980938043848458,-0.2569672340250458,0.23113370418085544,-0.9383736203821769,0.7527507709770699,-0.5610703408528266,-0.34433464741254205],"T_pred":[-26.212866822979965,-36.531907509127315,987.3997365658224],"rotation_error":16.25536160876311,"translation_error":62.5601490900982,"ADD":0,"ADD_S":0}}
{"id_image":691,"data":{"Best_template_id":132,"GT_R":[-0.7837234242367908,-0.6159436023794372,0.07994917907776873,-0.271983121745385,0.22461365950235007,-0.9357211174898806,0.558394123767072,-0.7550917349567158,-0.3435602662902336],"GT_T":[-28.06806961302786,-21.639526748934536,925.1207534266852],"R_pred":[-0.5654837653087337,-0.8185209874498938,-0.10124971247518799,-0.2942932751592591,0.3149329659591732,-0.9023351346080875,0.7704671176424688,-0.48045875999528803,-0.41897470159366024],"T_pred":[-23.687941104957115,-35.20132769659672,966.8508320108489],"rotation_error":20.664663636546976,"translation_error":44.09656936011808,"ADD":0,"ADD_S":1}}
{"id_image":940,"data":{"Best_template_id":132,"GT_R":[-0.6233666869626362,-0.7815308950267115,0.02500085522236115,-0.26990440473888017,0.1850541067924267,-0.9449375416475825,0.7338706140642514,-0.5957899375870055,-0.3262944641954544],"GT_T":[-5.931108126469048,-36.73665041541834,913.2431326576702],"R_pred":[-0.562267688464683,-0.826954475333179,-0.0011585486648771903,-0.3753871105478601,0.2564832029922053,-0.8906743983170214,0.7368443280253374,-0.5003625308806466,-0.4546402687263889],"T_pred":[-18.22765695287491,-56.28584521067914,952.2661289582969],"rotation_error":9.180723794595131,"translation_error":45.34501483583349,"ADD":0,"ADD_S":1}}
{"id_image":1035,"data":{"Best_template_id":132,"GT_R":[-0.5507007967272243,-0.8336505304311574,0.041919387400051425,-0.24812504328192753,0.11554519195141175,-0.9618126732292909,0.796971929949578,-0.5400715965688943,-0.2704800447120348],"GT_T":[-2.0749620090137597,22.050828222783213,892.5073911358896],"R_pred":[-0.43458087489481223,-0.8450716999434369,0.3114374497878655,-0.7894227139872318,0.19096410452180201,-0.583390511943089,0.43353343794532473,-0.499386155934359,-0.7501081424997408],"T_pred":[-41.77417289974595,-48.89691793533773,1095.1427128733058],"rotation_error":39.01172909694029,"translation_error":218.33617118079667,"ADD":0,"ADD_S":0}}
{"id_image":1036,"data":{"Best_template_id":132,"GT_R":[-0.5501055613531916,-0.8340488769150403,0.041791220995111754,-0.24645333202219585,0.11432976885688101,-0.9623874485118904,0.797899689012158,-0.5397151333445075,-0.2684477148846749],"GT_T":[-1.9972847734263173,23.063423207777788,892.1984917372771],"R_pred":[-0.5894308566678375,-0.8028433873251031,0.08951961034417988,-0.3158192328008407,0.1270238525114763,-0.9402782317411325,0.7435250348178651,-0.5825010183008241,-0.328425160847331],"T_pred":[-23.05521346897406,7.423923109433034,950.2889716642394],"rotation_error":5.5340212458430935,"translation_error":63.73801206829178,"ADD":0,"ADD_S":0}}
{"id_image":1051,"data":{"Best_template_id":145,"GT_R":[-0.5407731975710958,-0.8401023805659981,0.042335740307999324,-0.2510934803082295,0.11318413458978055,-0.961323162571831,0.8028181675479834,-0.53048858858824,-0.2721507680361689],"GT_T":[-0.7894021938389129,16.434829486742334,888.6495238859375],"R_pred":[-0.40965755693574596,-0.8975722360497804,0.16292564904898527,0.27561037404858396,-0.2920312524022334,-0.9158365953253792,0.8696088820626406,-0.3302753831168469,0.36701302912128897],"T_pred":[-20.226248818988466,-4.236663330273928,1100.7401976017911],"rotation_error":39.91020013147263,"translation_error":213.98026894846694,"ADD":0,"ADD_S":0}}
{"id_image":1068,"data":{"Best_template_id":132,"GT_R":[-0.5354979024638857,-0.8429306711913085,0.05206444158375512,-0.25351781635282356,0.10163771078291148,-0.961976393575238,0.805587518667178,-0.528335679462566,-0.2681241989720023],"GT_T":[-5.765052504150082,16.28125375986712,882.6250642340632],"R_pred":[-0.4830237382298823,-0.8697368079008047,0.10122229640226982,-0.4443195266117944,0.1438500436697423,-0.884243927436137,0.7544986590961584,-0.472085850157291,-0.4559240326012292],"T_pred":[-27.072048475776906,-13.91057292390045,1018.6628417304513],"rotation_error":12.255675416509593,"translation_error":140.96741248244,"ADD":0,"ADD_S":0}}
{"id_image":1072,"data":{"Best_template_id":132,"GT_R":[-0.537339834007907,-0.8419008979567789,0.049689573251816485,-0.2521726187263248,0.10416667245746616,-0.9620597392332993,0.804782516435399,-0.5294837880343684,-0.2682765724099396],"GT_T":[-9.532967036030449,15.211794716171614,881.2557064736078],"R_pred":[-0.4161202999820516,-0.88061111390498,0.2266450132031983,-0.8200775032854993,0.2557628784605208,-0.511916241788255,0.3928317509416336,-0.39888521665840093,-0.828597489365923],"T_pred":[-39.24716522936303,-72.69090091541673,1210.0358408570733],"rotation_error":43.455192612845735,"translation_error":341.6228830725218,"ADD":0,"ADD_S":0}}
{"id_image":1082,"data":{"Best_template_id":132,"GT_R":[-0.5350600107736926,-0.843193041189392,0.052307020371089655,-0.2504283087992578,0.09917109056336068,-0.963043113517814,0.8068432997099272,-0.5283856320537503,-0.2642217888527173],"GT_T":[-14.35649361570568,17.56282974065296,877.6393289164096],"R_pred":[-0.34016766523476805,-0.9267783949995919,0.15927261563340694,-0.7995900942625443,0.1959233581109333,-0.5676880471735776,0.49491579150997184,-0.3204619233364786,-0.8076896155117651],"T_pred":[-40.19573630874386,-64.03849395704863,1196.932044805259],"rotation_error":40.52573179051563,"translation_error":330.56660586309124,"ADD":0,"ADD_S":0}}
{"id_image":1084,"data":{"Best_template_id":132,"GT_R":[-0.5338491733372451,-0.8442685636065193,0.0470680259337105,-0.2493358111216042,0.10398327667523699,-0.9628184676818089,0.8079837235759068,-0.5257360895593824,-0.2660177135224857],"GT_T":[-14.570604960493618,16.38396825736068,877.1044051217914],"R_pred":[-0.5929877139857425,-0.7994391809956534,0.09624223060051318,-0.3003802333339936,0.10872928712438235,-0.9476020565319807,0.7470858628592693,-0.5908256409554538,-0.30461085913899777],"T_pred":[-38.82859964892526,-0.6692399655423026,936.624396572133],"rotation_error":5.763119615685903,"translation_error":66.4973052028908,"ADD":0,"ADD_S":0}}
{"id_image":1094,"data":{"Best_template_id":132,"GT_R":[-0.5289025134780277,-0.8478564542478744,0.03743318211270306,-0.25031401619664323,0.11370024699462303,-0.9614651835144483,0.8109286488959306,-0.5178920587060688,-0.2723663518358379],"GT_T":[-13.771162015025048,9.002675899538232,873.209554893063],"R_pred":[-0.5022230420100132,-0.8626206963309897,-0.06047768460884667,-0.24120305568698946,0.2069048251706791,-0.9481621587304306,0.8304174263594593,-0.46160148134785006,-0.31197911855764143],"T_pred":[-24.897044334599705,-13.430780146533213,1018.4433687998518],"rotation_error":6.355119464631664,"translation_error":147.37674819818696,"ADD":0,"ADD_S":0}}
{"id_image":1097,"data":{"Best_template_id":132,"GT_R":[-0.5284396483604915,-0.8482099642598213,0.035934090205136195,-0.2505684406839025,0.11538441015154731,-0.9611986125027094,0.8111522883295749,-0.5169398194857587,-0.2735086961660207],"GT_T":[-13.614754265912255,7.67072543374282,872.0702777539017],"R_pred":[-0.4875367648880564,-0.8726165094884503,-0.029126109432625336,-0.23352127588417482,0.16246872598486206,-0.9586822866759782,0.8412940726000124,-0.4605912943652418,-0.2829839977154821],"T_pred":[-26.04626263041358,-14.07116696651368,1013.9330464714501],"rotation_error":4.65359910514672,"translation_error":144.0565771964947,"ADD":0,"ADD_S":0}}
{"id_image":1113,"data":{"Best_template_id":132,"GT_R":[-0.5377628496053886,-0.8428044221683967,0.02217670015730493,-0.25791880117876054,0.13941150222694162,-0.9560564834615667,0.8026768845602196,-0.5198509580301512,-0.29234503900083086],"GT_T":[-27.838986557146622,-11.901674404386668,869.4257332143205],"R_pred":[-0.4203103745793639,-0.9065111734132302,-0.03970744889719541,-0.23472969426042367,0.15089662988392805,-0.9602771358946756,0.8764936734816533,-0.39429392534838986,-0.27620850960822263],"T_pred":[-41.48259804432608,-32.122472438460974,968.1623829445599],"rotation_error":8.490845819614064,"translation_error":101.70523490705824,"ADD":0,"ADD_S":0}}
{"id_image":1129,"data":{"Best_template_id":132,"GT_R":[-0.5338979021748993,-0.845538846206054,0.004091245188991807,-0.2538824015253536,0.15569000305932543,-0.9546230502823629,0.806533736553756,-0.5107097723311141,-0.29779025750053484],"GT_T":[-29.420573006579062,-18.300688917402994,867.4141982545594],"R_pred":[-0.606669231464146,-0.768912137124507,-0.2018082480408715,-0.42979423769457836,0.5308122502494061,-0.730421295027533,0.6687520892223356,-0.35638810357219486,-0.6525014657400976],"T_pred":[-34.35635554147912,-47.685482657622515,934.3779636478596],"rotation_error":27.25553492101591,"translation_error":73.2937509480584,"ADD":0,"ADD_S":0}}
{"id_image":1144,"data":{"Best_template_id":132,"GT_R":[-0.5312478738271121,-0.8470802647451942,-0.0152065655267594,-0.24401714924645856,0.17017467104143078,-0.9547229680690236,0.8113151131338169,-0.503484244072347,-0.2971068587863203],"GT_T":[-31.301935008778493,-18.85329927747486,866.8254570195131],"R_pred":[-0.3775669769641875,-0.918466479287285,0.11773913678868231,-0.8032435636134752,0.26160179780864634,-0.5351301494933819,0.4606983345093075,-0.29662067663752545,-0.836524487849248],"T_pred":[-66.49454187279666,-114.76302909480201,1147.2675191231601],"rotation_error":41.41469602857849,"translation_error":298.47101374918105,"ADD":0,"ADD_S":0}}
{"id_image":1146,"data":{"Best_template_id":132,"GT_R":[-0.5311700453434158,-0.8471277006830737,-0.015317078351446613,-0.24454835837745859,0.17059721168461403,-0.9545124295666091,0.8112061047879447,-0.5032627506339206,-0.2977787987154671],"GT_T":[-32.53360657441367,-18.321598131862984,866.8628445554517],"R_pred":[-0.3683484728946564,-0.9261445978444542,-0.08108998951602547,-0.22521583496647463,0.1735167404110204,-0.9587334188800809,0.9019962473295156,-0.33488524106127643,-0.2724970552552862],"T_pred":[-47.60817390857224,-40.95005024387087,969.9888345999067],"rotation_error":11.091108779638326,"translation_error":106.65017228277947,"ADD":0,"ADD_S":0}}
{"id_image":1164,"data":{"Best_template_id":132,"GT_R":[-0.5222315117321947,-0.8524779374435173,-0.023583022911767112,-0.23777540053249235,0.17210782786446466,-0.9559514167918483,0.8189861268937768,-0.49362033377666675,-0.29257785416350873],"GT_T":[-30.184559568002015,-16.332394813771707,864.8196304436766],"R_pred":[-0.5342166644933344,-0.8448522440336231,-0.02893511930107745,-0.2655959695547211,0.20024016663819355,-0.9430602613942528,0.8025405512084134,-0.4961134561932986,-0.33136098480363696],"T_pred":[-53.628265977915085,-39.35239471703059,946.32269943681],"rotation_error":2.477805345697967,"translation_error":87.8764929948829,"ADD":0,"ADD_S":0}}
{"id_image":1167,"data":{"Best_template_id":145,"GT_R":[-0.5217230586378626,-0.8527248135933182,-0.025818537460342787,-0.23663043340715068,0.17372115163879528,-0.9559428928145789,0.8196417438994031,-0.4926280309878918,-0.29241539001834044],"GT_T":[-30.68452972185248,-16.13060513818831,864.3264644288333],"R_pred":[-0.4220852915334996,-0.902888616137234,0.08146258970147824,0.227409017554086,-0.19243772963956296,-0.9545956520675423,0.8775700230785953,-0.38439545660811514,0.2865501483734968],"T_pred":[-59.88412954845486,-48.46516715214308,1056.7298100501932],"rotation_error":35.00590913274105,"translation_error":197.27439757089738,"ADD":0,"ADD_S":0}}
{"id_image":1177,"data":{"Best_template_id":132,"GT_R":[-0.52398714862023,-0.8508357111530837,-0.03893830708025923,-0.2318965973393018,0.18650494834475392,-0.9546937973524621,0.8195502079378945,-0.49121795685964564,-0.2950310729741489],"GT_T":[-39.13188142991322,-19.018567024196805,863.4586351528982],"R_pred":[-0.46724532025578663,-0.8760964538776475,-0.1188983355732054,-0.21205784784513315,0.24160613457438795,-0.9469202421024239,0.8583200334760676,-0.4172307266238117,-0.29867246423901944],"T_pred":[-57.26177244701805,-46.77800443117198,985.7621887017436],"rotation_error":5.835797753890668,"translation_error":126.71794870545837,"ADD":0,"ADD_S":0}}
