{"id_image":1,"data":{"GT_R":[0.6050320419155768,0.7786673451648614,0.1661777103965773,0.5681469270249254,-0.27600496970415794,-0.7752613234758262,-0.5578048936349591,0.5634707023343068,-0.6093888774870946],"GT_T":[20.611859021896798,-11.24959219412014,956.3436702400455],"R_pred":[0.7375741425622777,0.6237355692260449,0.25872441691070147,0.4624876863805709,-0.187438225531803,-0.8665864362865574,-0.49202593851327336,0.75882860468735,-0.4267196088046364],"T_pred":[-38.74373621667262,-33.23346936097478,1037.4670263451867],"rotation_error":15.91606918472789,"translation_error":102.89497775486315,"ADD":0,"ADD_S":0}}
{"id_image":2,"data":{"GT_R":[0.6082089835829704,0.7765395320603679,0.16452521533460096,0.5664571780241378,-0.2794071298997719,-0.7752796278446065,-0.5560654876316737,0.5647283506201333,-0.6098135661903298],"GT_T":[20.085138901769586,-13.338961367351569,955.5355745154084],"R_pred":[0.8090791567602755,0.5110852365547007,0.2901427219006313,0.41145801861540854,-0.14009465116721184,-0.9005974614839969,-0.4196346232297372,0.8480361841868322,-0.3236377810093773],"T_pred":[-39.33707749169904,-36.43971059816817,1041.2762309205864],"rotation_error":24.718413961130754,"translation_error":106.84617249545292,"ADD":0,"ADD_S":0}}
{"id_image":3,"data":{"GT_R":[0.6112065543432624,0.7738113537215852,0.16626317131976245,0.5652916902117724,-0.27977120958448953,-0.7759984267275599,-0.5539608412991758,0.568282878045805,-0.6084262849376368],"GT_T":[16.231875223032365,-14.126396539363597,954.1126081336049],"R_pred":[0.7248293182945084,0.6525182274908858,0.2210032174717616,0.5191969014675926,-0.30652624244009924,-0.7977946102863848,-0.45283223918706267,0.6930091092386205,-0.5609646492116279],"T_pred":[-40.00544880235922,-43.36396301490624,1058.68965000605],"rotation_error":10.098492116450668,"translation_error":122.28585197699607,"ADD":0,"ADD_S":0}}
{"id_image":4,"data":{"GT_R":[0.6087830752069354,0.7757093651717835,0.16630863637782392,0.567062420431488,-0.2788731770288426,-0.7750291704602352,-0.5548191539064412,0.566131896499636,-0.6096487577038165],"GT_T":[17.506090542943422,-14.674484630699887,953.4425565897166],"R_pred":[0.7715892808356586,0.5736705040535611,0.27486748530599947,0.4775265736607342,-0.23688532180523889,-0.8460813883788413,-0.42025986383111835,0.784083858456582,-0.4567210853031513],"T_pred":[-46.427599514029005,-33.48602111227384,982.786589533449],"rotation_error":17.394931788605405,"translation_error":72.81801218449635,"ADD":0,"ADD_S":0}}
{"id_image":5,"data":{"GT_R":[0.610548379436892,0.7741363418658055,0.16716680894829733,0.5648954360957982,-0.2777348880798425,-0.7770178633446294,-0.5550899513211837,0.5688382855577852,-0.6068761162573048],"GT_T":[17.57807977146232,-13.768346929232443,953.0390767947536],"R_pred":[0.6495285070916459,0.7471262058747459,0.14112105077026738,0.39807202207334536,-0.1760164865079849,-0.9003093144691008,-0.6478050507040954,0.6409529069850539,-0.4117377652215949],"T_pred":[-30.329950869235386,-31.33608940465204,1022.2111892330504],"rotation_error":13.355552371623196,"translation_error":85.95688520839428,"ADD":0,"ADD_S":0}}
{"id_image":6,"data":{"GT_R":[0.6093921187561622,0.7749645110754981,0.16755035433894347,0.5662093024470035,-0.27742604123798775,-0.7761712943320631,-0.5550226662521275,0.5678607270961921,-0.6078520451276307],"GT_T":[18.266211913779777,-14.004178380279427,952.6963517520256],"R_pred":[0.8830419561241306,0.43329711632436624,0.18025124884299207,0.24841314633573214,-0.1057029646701192,-0.9628695612529923,-0.39815551289923357,0.8950310007172579,-0.20097685265475743],"T_pred":[-23.304994209914494,-3.591537321808275,806.8552370637091],"rotation_error":33.23587289266261,"translation_error":152.00729918632837,"ADD":0,"ADD_S":0}}
{"id_image":7,"data":{"GT_R":[0.6092412212774343,0.7751120263702148,0.1674157945201237,0.5656723044053062,-0.27684657598005097,-0.77676939197446,-0.5557353085422175,0.5679417825016313,-0.6071247995464559],"GT_T":[18.11911034035436,-14.236311371870123,952.4712089438881],"R_pred":[0.7998966768489091,0.5371480405437687,0.2676514317280265,0.4661135585789078,-0.27513085618432187,-0.8408573972346258,-0.37802573573102105,0.79735499905329,-0.47044824222197745],"T_pred":[-42.308343077696684,-35.51797887950698,1022.2202472083111],"rotation_error":19.088238056001742,"translation_error":94.70646671325184,"ADD":0,"ADD_S":0}}
{"id_image":8,"data":{"GT_R":[0.6100472151805565,0.7738780787695272,0.1701652388501415,0.5651133582904372,-0.2743958701218153,-0.7780454186688748,-0.5554197571570273,0.5708073809440618,-0.6047227882255981],"GT_T":[17.76684019426977,-13.436476225299227,951.4937324419335],"R_pred":[0.8184988271388001,0.4866051020298086,0.305409797896151,0.4807355672866979,-0.28903251256323903,-0.8278608101769994,-0.3145679327553033,0.8244244546105729,-0.4705011523068933],"T_pred":[-45.141000160041095,-28.616701357732325,950.3404347095682],"rotation_error":22.12061665530841,"translation_error":64.72376463691134,"ADD":0,"ADD_S":0}}
{"id_image":9,"data":{"GT_R":[0.6087202081477313,0.7755749624056698,0.167166062580785,0.5648390981157616,-0.2756782829425324,-0.7777911424633687,-0.5571512792158895,0.567878949403079,-0.6058847718049649],"GT_T":[18.105190787887153,-12.135935444130844,951.6828361957629],"R_pred":[0.9232275936211347,0.29073485496170764,0.251245008879626,0.31423143760488753,-0.1949209333031944,-0.9291202469976516,-0.22115472863426222,0.936738530151614,-0.27131441563635983],"T_pred":[-41.693127895715186,-9.832500983749922,862.2383213967618],"rotation_error":36.73040513505564,"translation_error":107.61721960414916,"ADD":0,"ADD_S":0}}
{"id_image":10,"data":{"GT_R":[0.609376240923205,0.7752693298067465,0.16618874893338703,0.5642596108940058,-0.27678338676200764,-0.7778186801006459,-0.5570201748131915,0.5677581627818122,-0.6061183171410179],"GT_T":[19.833211475250415,-11.968851452218743,951.7870752795383],"R_pred":[0.8624245033044007,0.14664648196317523,0.4844778482324886,0.5004135610490339,-0.3911318834787989,-0.7724002315150819,0.07622495666370016,0.9085761712999915,-0.4107056085902232],"T_pred":[-58.210000508158636,-11.607876495081953,723.6034603982557],"rotation_error":44.213835491349364,"translation_error":241.16101538162522,"ADD":0,"ADD_S":0}}
{"id_image":11,"data":{"GT_R":[0.6075112060128816,0.7765691346631979,0.16694632782303018,0.5648490552241612,-0.2745918178146382,-0.7781675672373427,-0.5584590352111206,0.5670446548657345,-0.6054621592005166],"GT_T":[21.211194271754678,-12.110402668969172,951.6866652613783],"R_pred":[0.8183243315476979,0.49299723706666887,0.29546406319829177,0.451566827222033,-0.2334438603701411,-0.861156991847661,-0.3555737461478843,0.8381274892879463,-0.41365398916273394],"T_pred":[-38.889723389052925,-32.192085454388355,1022.5924976395208],"rotation_error":22.861856000099344,"translation_error":95.09485450013912,"ADD":0,"ADD_S":0}}
{"id_image":12,"data":{"GT_R":[0.6061928103184193,0.7772892984189865,0.168379762942867,0.564929422006805,-0.27180793450660534,-0.7790864584764969,-0.5598086978452301,0.5673992228206309,-0.6038815922467249],"GT_T":[20.71928499536454,-11.300384374670958,951.7013608733879],"R_pred":[0.721476719175089,0.6503037456000068,0.23785790326779477,0.4992664449331377,-0.25053015030679965,-0.8294381596906901,-0.4797961657330915,0.7171747919760245,-0.5054265100902107],"T_pred":[-34.316711942141374,-33.50385051732106,1014.9420516047086],"rotation_error":11.483338674408126,"translation_error":86.72565843986149,"ADD":0,"ADD_S":0}}
{"id_image":13,"data":{"GT_R":[0.6051822560259578,0.7771508410078337,0.17260185369746137,0.5672268335751133,-0.2688188841889745,-0.7784535721404154,-0.5585768395377769,0.5690109497131403,-0.6035051986845972],"GT_T":[19.55146574100084,-10.045998865891242,951.5253604493992],"R_pred":[0.7675510347041032,0.5843093782069689,0.2635298079232141,0.45291156248082143,-0.20345524481329819,-0.8680305754575366,-0.45358188422361156,0.785613463414004,-0.4208027571283391],"T_pred":[-42.04074736171383,-28.93919706948926,1022.5052639506405],"rotation_error":17.659917670150012,"translation_error":95.8577088934228,"ADD":0,"ADD_S":0}}
{"id_image":14,"data":{"GT_R":[0.6059574946089188,0.7760127206552646,0.17498567984690905,0.5673354937656135,-0.2673796016410507,-0.7788699144102708,-0.5576251187172594,0.5712379302005445,-0.6022801085541593],"GT_T":[17.186572814419208,-8.540565961131627,951.4686556911254],"R_pred":[0.8779186725522529,0.4046839121725727,0.2559096239159277,0.3882739291096635,-0.2889504162741536,-0.8750720044137724,-0.2801823698197909,0.8676050876773919,-0.4108031785155406],"T_pred":[-46.9098815225316,-20.270464618464086,965.5543007135428],"rotation_error":27.799240625383902,"translation_error":66.66596865551166,"ADD":0,"ADD_S":0}}
{"id_image":15,"data":{"GT_R":[0.6072624649861461,0.7746417373559422,0.17653188311711313,0.5665621482109097,-0.2664461030725346,-0.7797531551343206,-0.5569929916019654,0.5735305401388737,-0.6006845171495161],"GT_T":[15.808731870365627,-7.040209101588989,951.3414696967982],"R_pred":[0.6361476292315202,0.7364751243318988,0.23004474578531753,0.4709803686551013,-0.13449610611113505,-0.8718304249006498,-0.6111412980355868,0.6629594170695948,-0.4324247046066185],"T_pred":[-44.51848402160757,-33.97948424679274,1092.2037946774042],"rotation_error":11.436367658356016,"translation_error":155.58692786210412,"ADD":0,"ADD_S":0}}
{"id_image":16,"data":{"GT_R":[0.6078155592014105,0.773739552865875,0.178573502724958,0.5658818699196937,-0.2642870113013307,-0.78098059388855,-0.5570808860263444,0.575743975313025,-0.5984822491076642],"GT_T":[15.668405792006975,-5.548673471118235,951.5972947350406],"R_pred":[0.733354779971082,0.6175310378280865,0.284334633860409,0.5388119950875638,-0.2729033556276379,-0.7969977367828182,-0.4145749638404683,0.7376850112386325,-0.5328681108403214],"T_pred":[-43.3964378933394,-27.715759893148007,1002.7122454914291],"rotation_error":13.046116608347722,"translation_error":81.19589688428945,"ADD":0,"ADD_S":0}}
{"id_image":17,"data":{"GT_R":[0.6065042254550322,0.7741450730075058,0.18125492380289798,0.5665195762154629,-0.2608198936428026,-0.781683472018282,-0.5578610268316073,0.5767779709226887,-0.5967567001921463],"GT_T":[13.375281238839076,-3.255144000113308,951.6727322683926],"R_pred":[0.775516396093167,0.5523429922705869,0.3057638603240095,0.47662065995499425,-0.1946202510033442,-0.8572955758683588,-0.4140133643914551,0.8105801482820619,-0.4141892771623845],"T_pred":[-47.38669333611096,-24.222312415097473,1021.2946446523213],"rotation_error":19.09672291836761,"translation_error":94.75679600738214,"ADD":0,"ADD_S":0}}
{"id_image":18,"data":{"GT_R":[0.6049579454408327,0.7751982141511489,0.1819200729888585,0.5689038334325783,-0.2609415163022378,-0.7799090504347396,-0.5571140170001521,0.5753067065668227,-0.5988709746405462],"GT_T":[14.486048340815179,-5.481216472363009,951.2181460691025],"R_pred":[0.745105400359904,0.5769765945135531,0.3345384159376163,0.5688972446318058,-0.28802962365707746,-0.7703212712539499,-0.3481003697281086,0.7642885222738237,-0.5428528228863223],"T_pred":[-48.677634164960004,-25.737231170576713,944.1358456434564],"rotation_error":16.54368096743965,"translation_error":66.70918901068823,"ADD":0,"ADD_S":0}}
{"id_image":19,"data":{"GT_R":[0.6070024815010386,0.7735208838809292,0.18224654540453322,0.5686139555009706,-0.26253083606144606,-0.7795875942460424,-0.5551824965912319,0.5768394440969177,-0.5991906428041243],"GT_T":[14.305717996164846,-7.890037539449445,950.763437073146],"R_pred":[0.7489084274513387,0.6010767086883024,0.27900350815859026,0.46965922544663985,-0.1844156578633395,-0.8633719228048211,-0.46750013823016695,0.7776230805520559,-0.42041166176440137],"T_pred":[-47.34327998585995,-30.701503555108534,1050.8087894015844],"rotation_error":16.367900539450368,"translation_error":119.70812193202534,"ADD":0,"ADD_S":0}}
{"id_image":20,"data":{"GT_R":[0.6051698967414242,0.7752323556979299,0.1810687950676474,0.568645182743063,-0.2617594171270445,-0.779823688364974,-0.5571483582347047,0.5748901552035252,-0.5992402058501944],"GT_T":[14.212410770032811,-7.923036003544478,950.9214046677264],"R_pred":[0.7421511318694428,0.6078722106557342,0.28231732673963894,0.5004593330003422,-0.22241648136894515,-0.8367026740893748,-0.4458162777173551,0.7622481776481782,-0.46928196448859355],"T_pred":[-44.5000727369861,-29.47831541991157,1016.8958588807188],"rotation_error":14.694981403348034,"translation_error":90.90882464855578,"ADD":0,"ADD_S":0}}
{"id_image":21,"data":{"GT_R":[0.6087886113151909,0.7724576172763313,0.18079678733970847,0.5649296863516784,-0.2621070024975054,-0.7824031450549754,-0.5569851530878335,0.578454637001496,-0.5959511820128369],"GT_T":[11.0415126397867,-6.799458540482746,951.137693517894],"R_pred":[0.7479008432849334,0.5944594727784851,0.29540186837190185,0.5205531598656508,-0.24908445723869083,-0.8166892560307089,-0.41190865051315817,0.7645749592983229,-0.4957382325848962],"T_pred":[-51.29519210641268,-32.05778979857591,1045.9812118582624],"rotation_error":14.828361559748155,"translation_error":116.27184107830323,"ADD":0,"ADD_S":0}}
{"id_image":22,"data":{"GT_R":[0.6099688225283132,0.7718948508979563,0.179210145615201,0.5629811184576652,-0.2629726757276454,-0.7835168749974167,-0.5576653965016487,0.578812913724927,-0.5949664323041622],"GT_T":[10.853349426356537,-6.896565462408677,951.1252153712377],"R_pred":[0.7014252991120586,0.6403337482020294,0.31300996897718714,0.547767188230012,-0.20332377263907853,-0.8115482431614273,-0.456019360624246,0.7406970597979666,-0.493370254821368],"T_pred":[-51.78855800034922,-30.752595613965454,1031.4529185492609],"rotation_error":12.51278742764084,"translation_error":104.62150179817031,"ADD":0,"ADD_S":0}}
{"id_image":23,"data":{"GT_R":[0.6097614548483563,0.7720985338861343,0.17903880527134608,0.5642253924558237,-0.26421198429046416,-0.782203561589482,-0.5566341801677858,0.577976225272492,-0.596743236282339],"GT_T":[10.95323102311912,-7.1622365365800995,951.1675024136925],"R_pred":[0.9490157115620531,0.03233276888732359,0.31356621511962796,-0.3096029532528566,0.28269321024248983,0.9078714447651192,-0.05928904237276361,-0.9586652914019961,0.27829061880639505],"T_pred":[-60.01125638428284,-140.22694086283693,527.4839195217426],"rotation_error":173.43629185778366,"translation_error":449.72208353892216,"ADD":0,"ADD_S":0}}
{"id_image":24,"data":{"GT_R":[0.6092212302317169,0.7728438495259234,0.17765679686969618,0.5638016269326664,-0.26458650528116795,-0.7823820174997507,-0.5576544371225679,0.5768069337008712,-0.5969220072269279],"GT_T":[11.413041373724955,-7.568096998743332,951.2032888276672],"R_pred":[0.7894723426103324,0.47068976252095296,0.39393472519101796,0.5942098461150394,-0.425306877445337,-0.6826629613342431,-0.15377931926398664,0.7730234197329767,-0.6154565082205558],"T_pred":[-63.676628414023966,-44.77141767494926,987.0258313161547],"rotation_error":26.143353537242216,"translation_error":91.13616257287379,"ADD":0,"ADD_S":0}}
{"id_image":25,"data":{"GT_R":[0.6109072595959821,0.7715080093971457,0.17767322333497024,0.5624686694110662,-0.26501800340677306,-0.7831955048668491,-0.5571549746103157,0.578395311722989,-0.595850102441343],"GT_T":[10.936498713057286,-8.30157370810145,951.1272685139639],"R_pred":[0.7486770880403989,0.6096454828504576,0.26041313922953613,0.5642203552096205,-0.37974027285989514,-0.7331116667571334,-0.3480488595161304,0.6957943017935149,-0.6282772325822384],"T_pred":[-47.15141659625995,-45.41298673775988,1061.8305428441836],"rotation_error":14.433923555120378,"translation_error":130.4096538967579,"ADD":0,"ADD_S":0}}
{"id_image":26,"data":{"GT_R":[0.6086303397479628,0.7737552536510981,0.17570885609120854,0.5643617654610281,-0.26649407090496036,-0.7813309539111205,-0.557732967730486,0.5747042814276566,-0.5988729239063958],"GT_T":[11.258587603957928,-8.654957350038899,951.052667037159],"R_pred":[0.7254190550549974,0.6024418189506661,0.3329129756295582,0.5656815341035099,-0.24625627854074728,-0.786995709806325,-0.39213721646563166,0.7592244069171344,-0.519429209232511],"T_pred":[-53.57124835473312,-29.384390677065582,962.0202323866596],"rotation_error":14.979275373708498,"translation_error":68.9413121878747,"ADD":0,"ADD_S":0}}
{"id_image":27,"data":{"GT_R":[0.6059063531885468,0.7758471635260371,0.17589572809376913,0.5651295150657473,-0.2641505364387196,-0.781571063153816,-0.5599166906490848,0.5729622938290855,-0.5985051898956645],"GT_T":[13.78456724138591,-9.736181850470576,951.8508364788147],"R_pred":[0.8041798580216397,0.49863668325257876,0.3235061267845832,0.5129706397888686,-0.30728473078301344,-0.801521813141857,-0.30025968538399267,0.8105168427259722,-0.5028981696035763],"T_pred":[-53.314127424887324,-28.149755319379516,944.5292755036029],"rotation_error":21.40557774228119,"translation_error":69.96356029338713,"ADD":0,"ADD_S":0}}
{"id_image":28,"data":{"GT_R":[0.6044871129133431,0.7771445428322458,0.17504918264685998,0.5654738472154974,-0.2638277365475351,-0.7814308916456878,-0.5611026595087262,0.5713506088113385,-0.5989346864308209],"GT_T":[15.268282665707112,-13.595102730747648,952.3266354958586],"R_pred":[0.7681555815211065,0.5957677382278255,0.23451610747424617,0.43302735330060393,-0.21361679644840306,-0.8757026753234203,-0.47161882264329197,0.7742277871285834,-0.42207466136518107],"T_pred":[-43.48437115764393,-37.72744474698758,1041.7097992036106],"rotation_error":16.8936394903542,"translation_error":109.65215099067645,"ADD":0,"ADD_S":0}}
{"id_image":29,"data":{"GT_R":[0.6034560627397901,0.7785074708393909,0.17253203754226823,0.5668282975935338,-0.26662196287966816,-0.7794984224830321,-0.5608450396125196,0.5681894442905203,-0.6021745857105011],"GT_T":[15.267238708901818,-13.967477262480795,952.6057264818588],"R_pred":[0.6216757977225147,0.7729635144186675,0.1266752063492216,0.5315761427844983,-0.29757198905820414,-0.7930181055627286,-0.5752790687557041,0.560337680961656,-0.5958822671854596],"T_pred":[-26.642907673053905,-37.679229841016806,973.137337188868],"rotation_error":2.910043542128,"translation_error":52.34744137325947,"ADD":0,"ADD_S":1}}
{"id_image":30,"data":{"GT_R":[0.605328568539711,0.7775222570939894,0.17040352660128733,0.5643870612702522,-0.26829611468442366,-0.7806953494212386,-0.5612894440576487,0.5687510420043103,-0.6012305118033294],"GT_T":[16.642110433388083,-16.37703258989806,952.4232307860083],"R_pred":[0.7895711885748237,0.5320947334393048,0.3057000700338424,0.5345413216915998,-0.35168494737717104,-0.7684941595044912,-0.3014015819081553,0.7701901664098756,-0.5621069239822526],"T_pred":[-47.87858636388961,-48.42899091254719,1028.9706662025321],"rotation_error":19.529635783677357,"translation_error":105.11783015440324,"ADD":0,"ADD_S":0}}
{"id_image":31,"data":{"GT_R":[0.6038491261442622,0.7790354820964105,0.16873072743205095,0.5655888240933531,-0.2695972557402463,-0.7793758805926031,-0.5616719004482504,0.5660578482400125,-0.6034096086796668],"GT_T":[17.95370860972525,-16.123552611348572,952.6103544810737],"R_pred":[0.7526130018458381,0.608140652656162,0.2524650788515787,0.5435267941050032,-0.357334678331759,-0.759533114321868,-0.3716884361162371,0.7088560321027646,-0.5994754642260102],"T_pred":[-42.444657612607074,-51.85856423242852,1059.6769447649465],"rotation_error":14.27031877814971,"translation_error":128.01643821361523,"ADD":0,"ADD_S":0}}
{"id_image":32,"data":{"GT_R":[0.6048641874086693,0.7785740883457969,0.16722047923585892,0.5638054868209221,-0.2704037391686164,-0.7803874439245997,-0.562372846509274,0.5663088878051867,-0.6025211977992225],"GT_T":[17.561953101755847,-15.026652788864109,952.7823539648141],"R_pred":[0.9472664285226841,0.1590546483844526,0.278186865651807,0.30886013427050396,-0.22184299283410494,-0.9248735610821693,-0.08539163221466511,0.962022507718871,-0.2592700595711159],"T_pred":[-37.943350186038366,-24.400880637679894,950.0411780623474],"rotation_error":43.60408544298268,"translation_error":56.35804189430109,"ADD":0,"ADD_S":1}}
{"id_image":33,"data":{"GT_R":[0.6032205544766149,0.7804335819795063,0.16446813964575915,0.5618735310005227,-0.2694684267898049,-0.7821033963698895,-0.5660607261525271,0.564190665395712,-0.6010530564433575],"GT_T":[19.212283810498246,-11.367378566259195,953.862935486344],"R_pred":[0.805324669091796,0.5455911105167487,0.23191058077908044,0.5065080266305942,-0.4299469363206426,-0.7473923005405358,-0.308061351537272,0.7193580277397302,-0.6225931509544858],"T_pred":[-36.715076784591965,-48.38135534308423,1083.3667969980909],"rotation_error":19.164091296871483,"translation_error":145.8394812333831,"ADD":0,"ADD_S":0}}
{"id_image":34,"data":{"GT_R":[0.6017969343671867,0.7818088654388048,0.16314496897841255,0.5609460805627879,-0.26836363993076884,-0.7831480124294695,-0.5684898768231867,0.5628115109998341,-0.6000533525583497],"GT_T":[19.90068191868469,-10.115258925807943,953.9959377777158],"R_pred":[0.7799378417682292,0.5769209383711055,0.24260913801198777,0.5266321660579237,-0.3955169985803895,-0.7524791462273887,-0.33816493705151646,0.7146527371408881,-0.612303797673982],"T_pred":[-39.154559167596666,-47.228982485220584,1076.793293690772],"rotation_error":16.98948210395034,"translation_error":141.2237253277265,"ADD":0,"ADD_S":0}}
{"id_image":35,"data":{"GT_R":[0.5994536703673479,0.7847757330805176,0.1574248188288917,0.5590653065868727,-0.2697739121251545,-0.7840075325944319,-0.5728011916105429,0.5579867307847717,-0.60045761529767],"GT_T":[22.840272510857854,-8.722193235810376,954.6133208794679],"R_pred":[0.6071110681657197,0.7855199395870862,0.1198940174561649,0.4299303991780514,-0.19782847831056827,-0.8809220992981879,-0.6682634231897479,0.5863636394597003,-0.4578227599697229],"T_pred":[-23.987877704981894,-32.18521337363434,1056.0706829942098],"rotation_error":10.180391192551893,"translation_error":114.17961855737241,"ADD":0,"ADD_S":0}}
{"id_image":36,"data":{"GT_R":[0.5981118874344314,0.7857745021213767,0.15754783409284537,0.5606425711313012,-0.26977968835326455,-0.782878964850079,-0.5726632882203848,0.5565764003729547,-0.6018965112848574],"GT_T":[23.501011347579045,-9.104579992326876,954.6435851503251],"R_pred":[0.7444727041454732,0.6131674108440912,0.26417062490193766,0.5094716206093746,-0.2660064885697465,-0.8183393036097257,-0.43150789167289216,0.7438187106530372,-0.5104259643733544],"T_pred":[-35.44773729358405,-32.75325041094838,1043.4969989626784],"rotation_error":14.637458938498368,"translation_error":109.22061950491268,"ADD":0,"ADD_S":0}}
{"id_image":37,"data":{"GT_R":[0.5971981211577242,0.785871009975614,0.16050747408116636,0.5623967692031807,-0.2675822452635929,-0.7823749482310766,-0.57189606635013,0.5575017846240024,-0.601770044382849],"GT_T":[24.010954428077216,-9.240747845694177,954.5183568514122],"R_pred":[0.7569888384349667,0.6071400219155902,0.2415551536879672,0.5282035082558931,-0.3509467982106293,-0.7731994559567892,-0.3846673268566586,0.7128936376585533,-0.5863562987083092],"T_pred":[-33.79148657026479,-40.139822389983834,1039.3800449793284],"rotation_error":14.742638326897003,"translation_error":107.22584159138172,"ADD":0,"ADD_S":0}}
{"id_image":38,"data":{"GT_R":[0.5934601796895357,0.7896204696120617,0.15590239917401824,0.5620326895793187,-0.2679099050816008,-0.7825238262374531,-0.5761293741076872,0.5520190352753886,-0.6027855674604541],"GT_T":[26.08431452687165,-9.12208247905701,954.2991575185976],"R_pred":[0.7567210760971756,0.5957223302704305,0.26923617551789186,0.5092106364511718,-0.2788438989344153,-0.8142177888943758,-0.40997285363219543,0.75323368568076,-0.5143552022099638],"T_pred":[-34.5881999956841,-31.17208895423719,1018.8941959677468],"rotation_error":16.102051140826745,"translation_error":91.32292043234433,"ADD":0,"ADD_S":0}}
{"id_image":39,"data":{"GT_R":[0.5917690063827826,0.7915021670635504,0.15275454229270335,0.5612204093738581,-0.26850287372932713,-0.7829036212070056,-0.5786559161545791,0.5490269736312265,-0.6030983487802157],"GT_T":[26.703317106600064,-7.898694237943623,954.3706937931313],"R_pred":[0.808144337058576,0.516838226465664,0.28245526750970745,0.47703767352951576,-0.29309084981775446,-0.8285727558800453,-0.34545301925688904,0.8043481841944651,-0.48341101566820543],"T_pred":[-35.40831059809948,-26.162404005649048,979.8314294642936],"rotation_error":21.67225911963983,"translation_error":69.56771127127135,"ADD":0,"ADD_S":0}}
{"id_image":40,"data":{"GT_R":[0.590669737461829,0.792071399436324,0.15405295574658157,0.5618296717251675,-0.26666573309580166,-0.7830941783708166,-0.579185732693296,0.5491024678514945,-0.6025204838932385],"GT_T":[27.327302443400143,-6.6603821760377,954.178011074134],"R_pred":[0.8161638604435597,0.5081429419883979,0.27507690454351275,0.4598430304134484,-0.282930598692298,-0.8417212505953464,-0.3498870393227529,0.8134746626853189,-0.46458371999346365],"T_pred":[-33.46286106892523,-25.968869250588156,1005.4224417078927],"rotation_error":22.395998219106854,"translation_error":81.8184167772846,"ADD":0,"ADD_S":0}}
{"id_image":41,"data":{"GT_R":[0.5919842820034467,0.7916859098493828,0.1509565435408757,0.5585277385456182,-0.26795601086855586,-0.785013438080055,-0.5810350010953402,0.5490294892161014,-0.600804502790046],"GT_T":[26.54042566384892,-4.979337898581321,954.0064886212575],"R_pred":[0.7718479823169901,0.5896166372873797,0.2379136675920792,0.4032723095724623,-0.16470060503754624,-0.9001361869363761,-0.49155074664299303,0.7907122939060635,-0.36489989276584783],"T_pred":[-31.040649005621322,-24.854538135309987,1044.5348822537844],"rotation_error":20.39835220881137,"translation_error":109.11459021701408,"ADD":0,"ADD_S":0}}
{"id_image":42,"data":{"GT_R":[0.590833796683249,0.7931833187599439,0.14756758815853713,0.5567737883415168,-0.26849014505896573,-0.7860764759623871,-0.5838825425208795,0.546602352527541,-0.6002564923847321],"GT_T":[25.696622787607623,-2.6817859252715692,953.6383631000105],"R_pred":[0.6442745066260369,0.7468902611573038,0.1645153424460798,0.4309312527553475,-0.17681251886615912,-0.8848929814225621,-0.6318295779009425,0.6410087916406284,-0.4357741542690871],"T_pred":[-24.885025683671874,-20.04073801802801,1030.0808112062246],"rotation_error":11.301095775076114,"translation_error":93.2913943099895,"ADD":0,"ADD_S":0}}
{"id_image":43,"data":{"GT_R":[0.591827828657545,0.7915999671284387,0.1520180640162896,0.556037558100623,-0.2643895558550031,-0.7879851052648348,-0.5835775890323264,0.5508797538186699,-0.5966317468266297],"GT_T":[25.21769681193134,-0.685868055163855,953.1783376981524],"R_pred":[0.7141584187189662,0.6678924025607087,0.20951728228122216,0.49915197842066444,-0.2760689372375545,-0.8213606055389212,-0.490739294749831,0.6911625572137218,-0.5305367697853062],"T_pred":[-29.604123776402677,-27.51601828599654,1065.3947395503146],"rotation_error":10.790479031254103,"translation_error":127.74118293907604,"ADD":0,"ADD_S":0}}
{"id_image":44,"data":{"GT_R":[0.5913529344778646,0.7917366869079224,0.153153391651354,0.5546093883557698,-0.26142778152076107,-0.789977410957539,-0.5854154243304875,0.5520952308257662,-0.5937001635760416],"GT_T":[23.85833598959904,3.7539766432608275,953.2958766438791],"R_pred":[0.7420444337090804,0.6380317991182937,0.2056343398249496,0.5062256659367751,-0.3322606481575917,-0.7958256321787868,-0.43943786084978864,0.6946353611786332,-0.5695402369034092],"T_pred":[-31.263113665383628,-23.322043746111998,1072.912767109212],"rotation_error":12.753771753740313,"translation_error":134.4607213158845,"ADD":0,"ADD_S":0}}
{"id_image":45,"data":{"GT_R":[0.5912614118585509,0.7919082936968055,0.15261451627321448,0.5518396132713261,-0.25926625086991184,-0.7926252863970503,-0.5881190802790401,0.5528675121234548,-0.5902997070651171],"GT_T":[23.181505290832057,8.1970494748249,953.4016315924298],"R_pred":[0.7402097756121273,0.6333374623642609,0.22577233412055234,0.4697043242682381,-0.24680324703585815,-0.8476237402387187,-0.48111052353067674,0.7334656202021709,-0.48016752090232295],"T_pred":[-33.37750526427987,-10.684219594983084,1025.3754884560565],"rotation_error":13.999182602132942,"translation_error":93.464753080964,"ADD":0,"ADD_S":0}}
{"id_image":47,"data":{"GT_R":[0.588961697780995,0.7935532630382041,0.1529672768718737,0.549333242307248,-0.2542715978933693,-0.7959768330306641,-0.592755146058538,0.5528291085355601,-0.5856805718340277],"GT_T":[24.489388120401394,14.789785764139754,953.6234436094326],"R_pred":[0.6700817933835691,0.7169285486684681,0.19236383828563955,0.48268936512314575,-0.22397355454476336,-0.8466680717150012,-0.5639160992318576,0.6601888388701431,-0.49613438709528895],"T_pred":[-28.99686344736428,-6.582671295259099,1047.2144876819086],"rotation_error":8.340596007636742,"translation_error":109.89469758865674,"ADD":0,"ADD_S":0}}
{"id_image":48,"data":{"GT_R":[0.5784637849002051,0.8025773043783162,0.1457750753010824,0.5470313257747422,-0.24911881526644405,-0.7991850641898574,-0.6050925306385984,0.5420434936986247,-0.5831408709796182],"GT_T":[31.35143510433324,20.083077839832608,954.3039559969747],"R_pred":[0.7048596141956751,0.6864273635553367,0.17885860012421434,0.5088680911227711,-0.313644824416721,-0.8016733686194593,-0.49419246262260136,0.6560826157421593,-0.5703765521196807],"T_pred":[-20.21981586343644,-9.153927575886225,1076.1348800308992],"rotation_error":10.072533955241074,"translation_error":135.48863591836536,"ADD":0,"ADD_S":0}}
{"id_image":49,"data":{"GT_R":[0.5754035664615115,0.8049804497730214,0.14463141529493476,0.5484905142371534,-0.24862588901679178,-0.7983377103427043,-0.6066871287351039,0.5386947036325251,-0.5845841845931],"GT_T":[33.30675495842125,20.424435466356684,954.3245709141131],"R_pred":[0.6554467324868904,0.7406099287085472,0.14794091513364127,0.4899726421639794,-0.2679243871294681,-0.8295440510980401,-0.5747315815257655,0.6162089388183356,-0.538488767679766],"T_pred":[-16.201460628264076,-5.76373248883114,1067.330737643015],"rotation_error":6.3428680579011525,"translation_error":126.12405508144438,"ADD":0,"ADD_S":0}}
{"id_image":50,"data":{"GT_R":[0.5723528705865468,0.8062169172670286,0.14975534108299984,0.5496065418517896,-0.24163161640554356,-0.7997166883014849,-0.6085603191979019,0.5400265777616717,-0.5814002061862383],"GT_T":[33.89256193540942,20.35353563104576,953.6912777074313],"R_pred":[0.8676854121463223,0.2059805774753073,0.45243124035747795,0.4968956913728536,-0.3324198590172536,-0.8016181816962756,-0.014720646845870627,0.920363536345225,-0.39078672383098045],"T_pred":[-54.16936130348131,16.654041759704263,701.4135368423749],"rotation_error":43.19270244773972,"translation_error":267.2314485898186,"ADD":0,"ADD_S":0}}
{"id_image":51,"data":{"GT_R":[0.5708459517725011,0.8063467932543811,0.15472882307804522,0.5500827779105649,-0.23569210209296465,-0.8011611861490818,-0.6095446227233154,0.5424535160900258,-0.5781005846155434],"GT_T":[31.682176795370964,21.30057897329817,953.0393905558562],"R_pred":[0.4601069830496819,0.4471282798646399,-0.7670579283823407,0.8721501314045959,-0.38942771793279135,0.2961421969200011,-0.16630006746801385,-0.8052467658121618,-0.5691414004526357],"T_pred":[77.48387502800863,-110.29356651666592,815.9110698051467],"rotation_error":94.80799509373371,"translation_error":195.49678012728734,"ADD":0,"ADD_S":0}}
{"id_image":52,"data":{"GT_R":[0.5588147043016899,0.8109920430570214,0.17326092705372742,0.5615697066527073,-0.21632547901601035,-0.7986510544677733,-0.610218316797074,0.5435953653508361,-0.5763145708814674],"GT_T":[23.75938708479267,15.210208391232669,948.6200639085308],"R_pred":[0.6932535556920713,0.4103809858878402,0.5924415194278876,0.716445650618994,-0.30330557932869057,-0.6282605791048915,-0.07813537757908579,0.8599960302058444,-0.5042833437669363],"T_pred":[-67.73150993406745,-30.40982577833916,855.8732349763374],"rotation_error":36.947836719071766,"translation_error":138.03530719321824,"ADD":0,"ADD_S":0}}
{"id_image":55,"data":{"GT_R":[0.5488979814895448,0.81763537596307,0.17373360173637054,0.5699469469486782,-0.21405510589863158,-0.7933104140509426,-0.6114499438681245,0.534465861599117,-0.5835031049677186],"GT_T":[29.580401645429856,3.5730252020526816,946.6140387019028],"R_pred":[0.6658862129127064,0.7262342665672497,-0.17081961689543673,0.5852547898717457,-0.3664927919945902,0.7232979084362055,0.4626795677193382,-0.5816071040483768,-0.6690745803985585],"T_pred":[14.324376518016969,-173.9174652217045,1051.6776160001468],"rotation_error":102.57726774487212,"translation_error":206.81870265587247,"ADD":0,"ADD_S":0}}
{"id_image":56,"data":{"GT_R":[0.542440743625079,0.8218221510147837,0.17426032497354155,0.5739844304078402,-0.21109096692610194,-0.7911910566373652,-0.6134331140864541,0.5291974911283657,-0.5862171218899063],"GT_T":[31.600793121856427,0.32008766363771457,945.8603457484156],"R_pred":[0.8746712199621853,0.35599071515391506,0.3289694023675558,0.4400162379931582,-0.29847337183665257,-0.8469352729735654,-0.203312486759203,0.8855417872854242,-0.4177077635131115],"T_pred":[-42.42278978073455,-6.940522911335081,842.7507711731565],"rotation_error":34.50202496219729,"translation_error":127.13690125510014,"ADD":0,"ADD_S":0}}
{"id_image":58,"data":{"GT_R":[0.5374017909996807,0.8252088013854845,0.17386683246009416,0.577048226800134,-0.20947234960373423,-0.7893905677398977,-0.6149916539273796,0.5245494365701887,-0.5887564236217027],"GT_T":[34.4196009855126,-4.833165594038697,943.919093084863],"R_pred":[0.8015778501719403,0.5140180136569454,0.30538243523473974,0.48317125423557844,-0.25606017587549196,-0.8372447225339976,-0.35216258914619214,0.8186688390104884,-0.45361089365123247],"T_pred":[-31.29297189261971,-15.520991613787345,887.8374714982336],"rotation_error":24.87353249764691,"translation_error":87.04895254440548,"ADD":0,"ADD_S":0}}
{"id_image":59,"data":{"GT_R":[0.5333570509903833,0.8283806714133025,0.17121807134895198,0.5789609715988805,-0.20992191055709625,-0.7878688507155241,-0.616713890288868,0.5193440790797339,-0.591562494619384],"GT_T":[37.15441850779,-6.522807020644965,943.6921119980004],"R_pred":[0.8277232219611922,0.4556352747998206,0.3275221583103572,0.46124318738039927,-0.22003989251974337,-0.8595563784854775,-0.31957626620472385,0.8625421392940705,-0.3922907952280499],"T_pred":[-29.243587571537937,-17.395736052049624,902.9802239683133],"rotation_error":29.39299325346719,"translation_error":78.640788551325,"ADD":0,"ADD_S":0}}
{"id_image":60,"data":{"GT_R":[0.5327049292915176,0.828933663698209,0.17057565739927344,0.5792818268651089,-0.2102071571533862,-0.7875571606758832,-0.6169759575187759,0.5183467044578214,-0.5921630577955909],"GT_T":[38.43640246992861,-7.667114747549029,943.2361610591593],"R_pred":[0.8696600985316144,0.3375081276503065,0.3602493258730225,0.46268227032737114,-0.3028767719271532,-0.8331811194162387,-0.172094246698407,0.891265350385042,-0.41955887007228937],"T_pred":[-38.44156318484502,-8.50788034316636,777.2653871844138],"rotation_error":36.439373568308504,"translation_error":182.91316593013528,"ADD":0,"ADD_S":0}}
{"id_image":61,"data":{"GT_R":[0.5306592479140797,0.8306803367528387,0.16844130100575386,0.5768956988873642,-0.20838559720028638,-0.7897886413380641,-0.6209611010502932,0.5162824339256462,-0.589796964179904],"GT_T":[35.72528620693964,-6.194348081585307,942.2383296064511],"R_pred":[0.6989973287889899,0.291993460058131,-0.6527959509901522,0.7097511057829721,-0.17157316596998304,0.6832393552474016,0.08749915534280911,-0.940905132307353,-0.32717186586254277],"T_pred":[63.56789362801467,-169.67773769487644,770.8614157443233],"rotation_error":117.97023146958688,"translation_error":238.47867005743393,"ADD":0,"ADD_S":0}}
{"id_image":62,"data":{"GT_R":[0.5312767347646138,0.8306423157452684,0.1666691842246739,0.5757612864392719,-0.20968596096188577,-0.7902724668544128,-0.6214864287812173,0.5158148990010636,-0.5896521955510443],"GT_T":[34.663480194302515,-4.758406266208979,942.2140817158833],"R_pred":[0.8450636351917972,0.3841305844310578,0.37190206584674856,0.4883771686400726,-0.271468184634729,-0.8293327232674657,-0.21761248499921002,0.8824674038375462,-0.4170084981588384],"T_pred":[-43.23792889140209,-11.11967694376781,834.9016052374013],"rotation_error":33.908660022297525,"translation_error":132.75941740651098,"ADD":0,"ADD_S":0}}
{"id_image":63,"data":{"GT_R":[0.5310673842738598,0.831080173071541,0.16514761614434695,0.5733424176153399,-0.20894425986067733,-0.7922256224459838,-0.6238960792694351,0.5154112951194382,-0.5874565661418699],"GT_T":[34.03361499811921,-4.1608532819953865,942.0419548820183],"R_pred":[0.6258921330695543,0.38017017269300696,-0.6809770022226983,0.7776749106337524,-0.23816816510303457,0.58180551604659,0.05899806041243105,-0.8937262248172104,-0.4447163859602524],"T_pred":[68.78457376175635,-164.45392022781274,846.134895790391],"rotation_error":109.43869033013266,"translation_error":189.99910639130172,"ADD":0,"ADD_S":0}}
{"id_image":64,"data":{"GT_R":[0.5313402116077713,0.8316523886698524,0.1613434451762924,0.5712825432040322,-0.21111926158182606,-0.7931361937283196,-0.6255513425753954,0.5135981833736207,-0.587283948291835],"GT_T":[31.72715802913619,-3.604110557061137,942.2394419488136],"R_pred":[0.6346452526895199,0.7346927699587573,0.2396913369502182,0.48570109755516094,-0.13795345784187013,-0.8631704856534328,-0.6010988663043432,0.6642253964128437,-0.4443925918462568],"T_pred":[-25.615399738228533,-24.38558794685008,1014.9525496264805],"rotation_error":12.00610193429994,"translation_error":94.90645268868631,"ADD":0,"ADD_S":0}}
{"id_image":65,"data":{"GT_R":[0.5329629116926556,0.8313403144885966,0.15756020542636243,0.5692308250986197,-0.21450006186704124,-0.7937046461383818,-0.6260412404724787,0.512703016513766,-0.5875437718414609],"GT_T":[29.366005010282525,-4.878507237326765,942.5931623405935],"R_pred":[0.8043298432594476,0.4440139142902043,0.39484825839672094,0.5023593641619508,-0.1532864028945108,-0.8509631883498029,-0.3173146269572727,0.8828108079335871,-0.3463473760758323],"T_pred":[-48.29897997876762,-18.21500567286671,893.3536348197629],"rotation_error":31.293535528044877,"translation_error":92.92062824984116,"ADD":0,"ADD_S":0}}
{"id_image":68,"data":{"GT_R":[0.5295370855414007,0.8349705859703427,0.14972028261474066,0.5687038880024007,-0.21847777693079345,-0.7929964213946381,-0.6294179239713354,0.505067460511944,-0.5905423372477714],"GT_T":[30.19764928513387,-8.754127250294417,943.4233283878816],"R_pred":[0.5910843853098255,0.7761654926285502,0.21951395740495827,0.24447161988386906,0.08695588921190608,-0.9657496054375192,-0.7686695496208126,0.6245044446471513,-0.1383521669569741],"T_pred":[-27.220684535224482,-25.933503605512907,1009.2141756366077],"rotation_error":28.31259446455632,"translation_error":88.99680675375696,"ADD":0,"ADD_S":0}}
{"id_image":70,"data":{"GT_R":[0.5305864572646604,0.8342871222185512,0.14981286997101367,0.5682810812154528,-0.21898555769604383,-0.7931591458952688,-0.6289161316426863,0.5059747855021198,-0.5903008168263701],"GT_T":[29.9556564907507,-12.390099470000266,942.965228772731],"R_pred":[0.5952040990161553,0.7731935361112835,0.21886945019827556,0.5642900546404114,-0.20824979487659884,-0.7988796887941111,-0.5721090933976558,0.5990023194025075,-0.5602565542696745],"T_pred":[-26.031907747480766,-43.63622029540228,1050.9128620708484],"rotation_error":6.488654146687579,"translation_error":125.55325145383743,"ADD":0,"ADD_S":0}}
{"id_image":71,"data":{"GT_R":[0.5277747240673342,0.836633422161233,0.1466263426002933,0.5693062953664628,-0.2203230011971802,-0.7920532336296028,-0.6303530172986334,0.5015006338547002,-0.5925811676016798],"GT_T":[29.11711128425666,-13.633515505538533,942.9802920839832],"R_pred":[0.7782215096219953,0.4929968901911165,0.3890055889361361,0.6134755308251948,-0.46440579634283896,-0.6387292301139182,-0.1342350738086264,0.7357182358655123,-0.6638521088122948],"T_pred":[-48.27988616909923,-59.3687748397523,993.5330458886014],"rotation_error":32.61253563031977,"translation_error":103.13869341034383,"ADD":0,"ADD_S":0}}
