{"id_image":1,"data":{"Best_template_id":179,"GT_R":[-0.7630850378965286,-0.6459310027194527,0.021784917094012195,-0.23791608153732055,0.24940775817574404,-0.9387177934933404,0.6009142146924277,-0.7215054182161463,-0.3439961790363487],"GT_T":[36.071930415934716,8.16719940180273,732.7526085460678],"R_pred":[-0.7294044123303246,-0.6828822541205053,-0.04050963194539556,-0.5209056078626868,0.5928268594354341,-0.6141772239583008,0.4434259250091931,-0.4268818826551646,-0.7881277227014184],"T_pred":[27.63244483063641,-40.01133959702036,662.5903343152219],"rotation_error":32.2901214932219,"translation_error":85.52859908971969,"ADD":0,"ADD_S":0}}
{"id_image":24,"data":{"Best_template_id":181,"GT_R":[-0.7632736135071849,-0.6454924983545114,0.027434015608892342,-0.23859938313839502,0.24216605369957092,-0.9404396049085014,0.600403872239695,-0.7243580564019044,-0.3388525182981312],"GT_T":[43.55699740352247,12.482097642932073,735.1192096697528],"R_pred":[-0.06156384272696569,-0.949321429233037,-0.30821861927475036,-0.5772311499309153,0.2857878902682728,-0.7649375669461156,0.8142567732712592,0.1308208919666647,-0.5655721009799931],"T_pred":[14.251685977742873,-13.748742249069743,800.191852179489],"rotation_error":54.43000252895491,"translation_error":76.0349067363254,"ADD":0,"ADD_S":0}}
{"id_image":75,"data":{"Best_template_id":181,"GT_R":[-0.801430166542737,-0.5957356811465663,0.053000297781989766,-0.23780482419873888,0.23609080145045874,-0.9421841120229748,0.548780280853949,-0.7676985523958395,-0.3308781634182084],"GT_T":[54.63062819686515,13.263699281922682,750.8214400389955],"R_pred":[-0.7303209138246379,-0.6538505908026229,-0.19776442485292084,-0.5023701918831902,0.7102670749268614,-0.4930972242692976,0.46287747097649107,-0.2607682633717152,-0.8471979459845894],"T_pred":[44.06742142189944,-35.52780579422799,877.5540677469373],"rotation_error":43.50567143664881,"translation_error":136.21068691819482,"ADD":0,"ADD_S":0}}
{"id_image":254,"data":{"Best_template_id":181,"GT_R":[-0.881093901535808,-0.47217975275422575,0.026830965538575998,-0.17590386720699352,0.2745200749324388,-0.9453548643596652,0.4390126547962344,-0.8376666994497742,-0.32493650584751066],"GT_T":[84.01584722634072,6.927425804104924,768.7242863892307],"R_pred":[0.6288158572625495,0.3794940066161704,-0.67865670010512,-0.036323767042071076,0.886193536950258,0.46188916312841205,0.776705350569338,-0.26579186219671497,0.5710372005280954],"T_pred":[0.0,0.0,1.0],"rotation_error":141.2765250289437,"translation_error":772.3388063054223,"ADD":0,"ADD_S":0}}
{"id_image":357,"data":{"Best_template_id":181,"GT_R":[-0.9411622723130428,-0.3369879980839416,0.02555047568650339,-0.1397983918373522,0.31937458013373304,-0.9372598379849753,0.3076851491263169,-0.8856855431586983,-0.34769324465193613],"GT_T":[63.62453126017156,9.935830991157738,732.975627035656],"R_pred":[-0.7259943460523095,-0.6621947087310767,-0.18555424335930432,-0.3111680671908818,0.5569292276365156,-0.7700677044032458,0.6132753406592917,-0.5013262442090562,-0.6103813180352683],"T_pred":[57.434077803652485,-41.20675618125705,930.4424117950721],"rotation_error":32.34139511259907,"translation_error":204.0760079477912,"ADD":0,"ADD_S":0}}
{"id_image":522,"data":{"Best_template_id":181,"GT_R":[-0.987420297811288,-0.15685325563030306,0.019942579804807972,-0.0738144915078387,0.3457413537140899,-0.9354216451371848,0.13982920509284652,-0.9251275765226576,-0.3529697645209293],"GT_T":[58.767711699798525,-5.290459842407685,740.5914794356827],"R_pred":[0.4868112965045066,-0.8733022275989245,-0.01892038229945453,0.05495257253277264,0.0522355894095167,-0.9971216866416409,0.8717769074526072,0.4843703773661191,0.07341907900928571],"T_pred":[6.312015393248921,-47.50332875776329,834.6642603702869],"rotation_error":112.00795679113823,"translation_error":115.68584394747697,"ADD":0,"ADD_S":0}}
{"id_image":527,"data":{"Best_template_id":181,"GT_R":[-0.9861499433179474,-0.16442423979913912,0.02177248174860586,-0.07818808562720045,0.34508901888315113,-0.9353070554359056,0.14627385333189172,-0.9240550949826418,-0.3531651313715399],"GT_T":[69.75007428174534,-3.7121523355970396,741.2861038617901],"R_pred":[-0.9917475087166923,0.06765084279947545,0.10890474012987256,-0.0771262057579987,0.36373508115773523,-0.928304012229049,-0.10241302329103102,-0.929042600855147,-0.35551570774959396],"T_pred":[41.070589050426804,-52.351636743789186,924.6007556677833],"rotation_error":14.289493593602161,"translation_error":191.81390430148883,"ADD":0,"ADD_S":0}}
{"id_image":535,"data":{"Best_template_id":181,"GT_R":[-0.9834299223269723,-0.18037003886225167,0.018222083880208198,-0.07825707180635592,0.33170024109065577,-0.9401334728393368,0.16352823809357028,-0.9259808841196918,-0.3403200665116983],"GT_T":[84.90748402202321,6.499493853210655,749.6401317574552],"R_pred":[-0.9994362304811948,-0.02274880473069555,0.024692368960161925,-0.030785787572090814,0.32749799510778166,-0.9443501990702121,0.013396136947127078,-0.944577977238358,-0.32801370159062826],"T_pred":[64.52105895512832,-41.128440163289795,960.8039813777209],"rotation_error":9.111210114699722,"translation_error":217.42630432433526,"ADD":0,"ADD_S":0}}
{"id_image":538,"data":{"Best_template_id":181,"GT_R":[-0.9838429529065187,-0.17831319584568125,0.01608185946876682,-0.0750285693934053,0.3290734092463064,-0.9413183037767436,0.1625579057584017,-0.9273161958798493,-0.33713531305902505],"GT_T":[84.5598597880951,10.3785061947412,751.5554302911213],"R_pred":[-0.9844913667045814,-0.16600236143322825,0.0567447344053806,-0.15539241712736881,0.6750240198088205,-0.721245983961405,0.08142447779052159,-0.718878145918857,-0.6903508280119663],"T_pred":[67.17445143042336,-44.80915368828621,771.2329800277645],"rotation_error":24.18768393431267,"translation_error":61.1157605758595,"ADD":0,"ADD_S":0}}
{"id_image":551,"data":{"Best_template_id":181,"GT_R":[-0.9852401516294683,-0.1698933586514941,0.02091845620750837,-0.07656685459289782,0.3280910750964328,-0.9415383687744991,0.1530985756257538,-0.9292427289688115,-0.33625692090327663],"GT_T":[85.06841072107929,10.154707395478695,756.2842689500409],"R_pred":[-0.9872803210253884,-0.11675949974910708,0.10791101396217254,-0.15041776221959208,0.4661084470435708,-0.871847126739247,0.051498199238965536,-0.8769892444112234,-0.4777423998999618],"T_pred":[66.75519412063316,-34.20415715669035,882.931347652097],"rotation_error":10.949925980334063,"translation_error":135.4347271211388,"ADD":0,"ADD_S":0}}
{"id_image":553,"data":{"Best_template_id":181,"GT_R":[-0.9851752091756952,-0.1699938625535908,0.023081681754502408,-0.07876980738850549,0.32870901497141686,-0.9411402980175297,0.15240173361222817,-0.9290066795412111,-0.33722583620167007],"GT_T":[86.70234054483183,8.234911221021804,757.3174663046312],"R_pred":[-0.9935658305708781,-0.11294104681865066,0.008441579562401935,-0.06286198440330254,0.4879375619323667,-0.8706120298803461,0.09420887027706017,-0.8655410190158552,-0.4918977873116678],"T_pred":[72.04782516462669,-47.22591823194123,1019.4385156026586],"rotation_error":10.379602399911612,"translation_error":268.32462225770155,"ADD":0,"ADD_S":0}}
{"id_image":559,"data":{"Best_template_id":181,"GT_R":[-0.9848276122820504,-0.17248215790881619,0.019115627789943926,-0.0766713964543752,0.33364021812881495,-0.9395775336891549,0.15568248141232954,-0.9267872126072393,-0.3418024854338682],"GT_T":[96.01620369064054,2.4062314796004145,760.3278126339856],"R_pred":[-0.9713992601389222,0.19324249980623803,0.1379884548438403,-0.05218625446639717,0.39317118934947004,-0.9179831211467296,-0.23164643801777507,-0.8989292253198574,-0.3718416001734045],"T_pred":[66.66570225080126,-45.139507410208516,938.6169533406362],"rotation_error":22.496029460088607,"translation_error":186.8396823891107,"ADD":0,"ADD_S":0}}
{"id_image":563,"data":{"Best_template_id":181,"GT_R":[-0.9849171933766823,-0.17204317607952663,0.01841849673392907,-0.076232486356558,0.3359095293679738,-0.9388041096699988,0.1553284402789079,-0.9260478882776698,-0.34395844268026415],"GT_T":[100.70581610010382,-1.1932631093967707,762.8329424682274],"R_pred":[-0.98077134384276,0.13140308888856425,0.1442941416947017,-0.07713624615338464,0.41815491328536203,-0.9050947287575346,-0.17926954740343107,-0.8988212818607795,-0.39997841522751443],"T_pred":[71.89363534804153,-49.16384178037227,930.6237619266903],"rotation_error":19.596128172000697,"translation_error":176.87588097946045,"ADD":0,"ADD_S":0}}
{"id_image":567,"data":{"Best_template_id":181,"GT_R":[-0.9844207997654142,-0.17420744655569576,0.023826252862142284,-0.0819776997925521,0.3348567303887066,-0.9386962696562524,0.15554984687870108,-0.926024751063599,-0.3439215736361417],"GT_T":[105.96443163390946,-2.492616253500646,763.4975958795342],"R_pred":[-0.9941202153249444,0.093706468706479,-0.054259517182223084,0.10698718953401812,0.7727555073500089,-0.6256218243762304,-0.016695471179286207,-0.6277483760096814,-0.7782372630883909],"T_pred":[77.78495310320268,-70.25236237996832,714.2129706428404],"rotation_error":34.68217150362386,"translation_error":88.3993240364838,"ADD":0,"ADD_S":0}}
{"id_image":570,"data":{"Best_template_id":181,"GT_R":[-0.9841193892192196,-0.1751153561834738,0.029047627691845268,-0.08737417579970104,0.33543226678795307,-0.9380038206841842,0.15451535477444858,-0.9256452848921642,-0.3454064140490223],"GT_T":[110.27911533089926,-3.790980918358212,763.571906945639],"R_pred":[-0.9788662548423833,0.14219092325525312,0.1469782176877405,-0.02986681450585564,0.6116072808402029,-0.7905975635015113,-0.20230874554037181,-0.7782790472363189,-0.594434938501102],"T_pred":[90.50952470914176,-67.16534140453356,971.6367864335964],"rotation_error":26.71490657479853,"translation_error":218.3990392760963,"ADD":0,"ADD_S":0}}
{"id_image":575,"data":{"Best_template_id":179,"GT_R":[-0.9838437962058886,-0.17561989162428335,0.034785977288672,-0.09202366208016222,0.32939663553012155,-0.9396965085293486,0.1535717897480427,-0.9277157736870696,-0.34023596012362156],"GT_T":[114.80563886746894,0.44647905226087303,763.9476046113592],"R_pred":[-0.9803124252761997,0.1843780518469064,0.0706560885291212,0.10938194542513105,0.80501424285619,-0.5830846069085406,-0.1643871614941665,-0.5638765847202855,-0.8093330948009463],"T_pred":[57.69356481316457,-68.28538704418523,672.2468562561562],"rotation_error":40.93906765650971,"translation_error":128.04251508303173,"ADD":0,"ADD_S":0}}
{"id_image":578,"data":{"Best_template_id":181,"GT_R":[-0.9841604495266904,-0.17336490378581812,0.03705472475260592,-0.09324146322392697,0.3284201031887974,-0.9399184155023429,0.15077994861883656,-0.9284854698160669,-0.3393823916105085],"GT_T":[115.31865372975,2.024556011259154,765.2890592588993],"R_pred":[-0.9739343362859091,-0.218363902272044,-0.06139311677909068,-0.06778140997977992,0.5384590507257176,-0.83992114579448,0.21646613837845133,-0.8138667316435071,-0.5392247713703785],"T_pred":[123.16208284334864,-57.990847814311664,1024.93855368315],"rotation_error":14.302125706728734,"translation_error":266.61063000446063,"ADD":0,"ADD_S":0}}
{"id_image":587,"data":{"Best_template_id":181,"GT_R":[-0.9854811640030313,-0.16588287262217885,0.036189603656527104,-0.08880368881238304,0.32192660737178724,-0.9425908252983248,0.14471024868004553,-0.9321192895231005,-0.3319839463992713],"GT_T":[116.78311647401769,6.306648555324003,770.7967063947309],"R_pred":[-0.9917471482774812,-0.0015484254137796694,0.12819982941572766,-0.11860578849769023,0.3907863218724337,-0.9128081493787485,-0.04868532446564242,-0.9204801209239406,-0.3877448725199635],"T_pred":[99.8606039138274,-31.5271720007666,908.5900598568344],"rotation_error":11.669207090124782,"translation_error":143.89154828395047,"ADD":0,"ADD_S":0}}
{"id_image":589,"data":{"Best_template_id":181,"GT_R":[-0.986119041666055,-0.16069111830362287,0.04180747484872166,-0.09221640817986698,0.32064145955673756,-0.9427005358846857,0.1380793296829025,-0.9334707355564085,-0.3310091294114838],"GT_T":[113.30395797720429,7.926111478530789,773.0651925583905],"R_pred":[-0.9957418821367799,-0.09067252084999482,-0.016631239322740687,-0.022786366586869194,0.41690222740305616,-0.9086656779498937,0.08932460834771026,-0.9044175068789183,-0.41719310588077807],"T_pred":[112.55960845554372,-42.01485351922269,968.553193895251],"rotation_error":7.509171367674246,"translation_error":201.7677196872621,"ADD":0,"ADD_S":0}}
{"id_image":596,"data":{"Best_template_id":181,"GT_R":[-0.9869483114695112,-0.15522301754066894,0.04288861795740334,-0.09117970621510871,0.31910002283236705,-0.9433242036957024,0.13274039150196898,-0.9349233013133039,-0.3290877264583501],"GT_T":[115.11542130431887,7.257133802545756,779.2162300278906],"R_pred":[-0.9990851391082934,-0.03079771257033518,0.029671294434130815,-0.04273407967807579,0.6923915686083468,-0.7202553117847452,0.001638061973715783,-0.7208643538284492,-0.693074238543363],"T_pred":[110.45935018540796,-57.70390852173866,1002.1762860437153],"rotation_error":25.932225405617736,"translation_error":232.27742593007514,"ADD":0,"ADD_S":0}}
{"id_image":598,"data":{"Best_template_id":181,"GT_R":[-0.9866105801249372,-0.15693465719361266,0.04440220191029806,-0.09325786043812251,0.3194851823635325,-0.9429909128580294,0.133803237291672,-0.9345053141122909,-0.32984274667688246],"GT_T":[118.81772405031735,5.532262452986519,780.7389107054372],"R_pred":[-0.9509703173877113,0.20928247074650094,0.2277197902812919,-0.14977455073527426,0.33256938686728377,-0.9311096535160432,-0.2705975598551516,-0.9195642720098249,-0.2849184273497919],"T_pred":[93.90924138973537,-32.37967854684829,939.4232395874792],"rotation_error":23.73308363719281,"translation_error":165.04079499193992,"ADD":0,"ADD_S":0}}
{"id_image":601,"data":{"Best_template_id":179,"GT_R":[-0.9866820516676758,-0.1555956540924036,0.04742702305253676,-0.09546977033923484,0.317870804464227,-0.9433156279897446,0.13170066466496877,-0.9352797395312623,-0.32849232872527],"GT_T":[120.92140405477883,5.651880895740852,783.5278572349359],"R_pred":[-0.9034261446596225,-0.4035505927269656,0.1448037301148197,-0.3188936677928216,0.40672038264767196,-0.8560872379498322,0.2865798837795359,-0.8195885854797186,-0.49613155590454205],"T_pred":[194.73651337132083,-44.88389550777572,1867.574708847715],"rotation_error":18.5938599382961,"translation_error":1087.7316358145047,"ADD":0,"ADD_S":0}}
{"id_image":603,"data":{"Best_template_id":181,"GT_R":[-0.986924488167167,-0.15376752713939637,0.04833650607293608,-0.09568777193889916,0.31760003572128953,-0.943383970296776,0.12971124583693255,-0.9356738323336934,-0.32816145237749067],"GT_T":[120.50509613022459,5.329926490271177,785.1993163967708],"R_pred":[-0.9966722702910072,-0.06220255659707092,0.052680428868390056,-0.07325117551336698,0.39996008847263576,-0.9136006747561387,0.03575822868766322,-0.9144193619897547,-0.4031855397944858],"T_pred":[119.00917484955507,-40.51527910233496,973.0313152519747],"rotation_error":7.20428077579444,"translation_error":193.35170144130512,"ADD":0,"ADD_S":0}}
{"id_image":604,"data":{"Best_template_id":181,"GT_R":[-0.9869784064209345,-0.15285072790861673,0.05010666101833651,-0.0969552827422609,0.3167443507226816,-0.9435423116654243,0.12835004971574013,-0.9361138104677257,-0.3274393829476295],"GT_T":[119.48799636146501,5.338365273981157,785.9499373821336],"R_pred":[-0.9954015855546213,0.05091378607681942,0.08113858430284349,-0.056682804629514784,0.3697554189149035,-0.9273985064913556,-0.07721880039652279,-0.9277331063244366,-0.36516919406616655],"T_pred":[97.45459487002552,-15.202188735576021,813.0840245945757],"rotation_error":12.24488011996487,"translation_error":40.54187747446972,"ADD":0,"ADD_S":1}}
{"id_image":608,"data":{"Best_template_id":181,"GT_R":[-0.9882980589570037,-0.14355560873798445,0.051572263001446274,-0.09537331708456101,0.3176770452637118,-0.9433899870415333,0.11904599963881024,-0.9372695080630081,-0.32764991947806205],"GT_T":[114.01051525301672,4.1854926959156415,788.942978089941],"R_pred":[-0.9878145657552477,0.15119323246614771,0.03691869632325668,0.07967038722281267,0.6950091569899942,-0.7145732300470155,-0.13369746849338068,-0.7029245181073821,-0.6985857919840386],"T_pred":[86.4703900105221,-60.24672858143726,808.9474269952025],"rotation_error":30.93116104378343,"translation_error":72.87075965783036,"ADD":0,"ADD_S":0}}
{"id_image":628,"data":{"Best_template_id":179,"GT_R":[-0.992626408657863,-0.11239654945912221,0.045393612187261165,-0.07979808158078097,0.3240116636500158,-0.9426812344313791,0.09124657166967723,-0.9393529363912801,-0.33059133273681274],"GT_T":[98.69339656518733,-3.415020936374731,792.504082241745],"R_pred":[-0.842243947339131,-0.5351490533275856,0.06512007288991759,-0.36967980954127905,0.48541057920233965,-0.7922836663821695,0.3923798817321331,-0.6913696987292965,-0.6066679224178899],"T_pred":[123.42391871687126,-49.452854806502216,1360.2452106857781],"rotation_error":30.762452681198564,"translation_error":570.141271791696,"ADD":0,"ADD_S":0}}
{"id_image":631,"data":{"Best_template_id":181,"GT_R":[-0.992589919950343,-0.1139104229870789,0.04231284036006479,-0.07761729067475286,0.32640984505968634,-0.9420358431530691,0.09349655238414212,-0.9383389084367165,-0.3328324148827157],"GT_T":[102.75301931229431,-4.324661400115868,791.4284529672094],"R_pred":[-0.9974787199899869,-0.044814773475116414,0.05502580526908431,-0.06830935062575359,0.39614289073122455,-0.9156443866153483,0.019236314205820244,-0.9170945677526847,-0.3982053716542403],"T_pred":[95.74907025234464,-52.572854022667194,998.281118004817],"rotation_error":5.852061154326658,"translation_error":212.5205129556624,"ADD":0,"ADD_S":0}}
{"id_image":634,"data":{"Best_template_id":181,"GT_R":[-0.9927387100781772,-0.1125168081860793,0.042551782489197484,-0.07754176010176221,0.32810988558607745,-0.9414516814720916,0.0919679930540147,-0.9379147118380454,-0.33445203616681396],"GT_T":[104.99213486372156,-5.431162282337727,791.3731296768166],"R_pred":[-0.9974359185551795,-0.018543425755510143,0.06912112366878242,-0.07123655377127902,0.34972737277665755,-0.9341392391595211,-0.0068514073573903884,-0.936667980712476,-0.35015161305531073],"T_pred":[92.79595095036107,-46.47847586808874,966.8775351958924],"rotation_error":5.750815668734443,"translation_error":180.6527752658666,"ADD":0,"ADD_S":0}}
{"id_image":644,"data":{"Best_template_id":181,"GT_R":[-0.9937271184301191,-0.10603843689952015,0.03553457248243961,-0.06866692180398497,0.32773701553549545,-0.9422697652811273,0.08827156494394796,-0.9387997394651604,-0.3329629017988337],"GT_T":[108.51594894649517,-3.4602687643156607,790.6635448868643],"R_pred":[-0.996465816911569,0.027338350585589213,0.07942600527546897,-0.06303084105657569,0.38167244440545767,-0.922146007016928,-0.055524668413778976,-0.9238932621081414,-0.3786003848766102],"T_pred":[93.75620597121878,-44.17265563718993,958.0758046649829],"rotation_error":8.702500622390144,"translation_error":172.92256411931635,"ADD":0,"ADD_S":0}}
{"id_image":653,"data":{"Best_template_id":179,"GT_R":[-0.9944269465790344,-0.09869821945917075,0.03706703116443268,-0.06753082218933287,0.32630153947308144,-0.9428502509658792,0.08096282305210815,-0.9400984039745065,-0.33114806985309997],"GT_T":[108.93155172392117,-1.1198012272694662,789.4440135967652],"R_pred":[-0.4367151180994373,-0.8924591325968301,0.1131220679969574,0.30662824133106903,-0.26588969977537436,-0.9139375192930737,0.8457298784136755,-0.3644439109079409,0.389771225926844],"T_pred":[120.3315195204086,-20.19595751175986,850.3766948313539],"rotation_error":73.65587840821158,"translation_error":64.8586975415576,"ADD":0,"ADD_S":0}}
{"id_image":753,"data":{"Best_template_id":181,"GT_R":[-0.9996784597226323,-0.02078573329499908,0.014550315544116565,-0.020925836755815618,0.35114885471019663,-0.9360859305160734,0.014348673175271305,-0.9360885209573688,-0.3514712068657729],"GT_T":[108.43147620224715,5.092084485673251,743.682085682109],"R_pred":[-0.9912018931176599,0.12127347849263105,0.05302405580738353,0.03678338179432626,0.6372198984434638,-0.7698037307336687,-0.12714475963931818,-0.7610805111432031,-0.6360744183303246],"T_pred":[88.42770481360618,-57.60107314943827,827.2699092066402],"rotation_error":21.020690034789205,"translation_error":106.38377284904935,"ADD":0,"ADD_S":0}}
{"id_image":956,"data":{"Best_template_id":179,"GT_R":[-0.9838049994753468,0.1748575346057012,-0.039405242485175684,0.10192666776210214,0.36491822754718384,-0.9254426230247237,-0.14744039900522277,-0.9144717082372528,-0.3768316302468206],"GT_T":[84.0928842286176,-18.016938858421447,739.0119214394729],"R_pred":[-0.6857281411970927,-0.6905089032964882,0.2301616189521209,0.16861491265087108,-0.4583195868609773,-0.8726466452873822,0.7080578561121396,-0.5595896807196004,0.43071273678638355],"T_pred":[93.83899800590751,-32.55205284009782,796.4318114297699],"rotation_error":77.07471528693215,"translation_error":60.02749402330586,"ADD":0,"ADD_S":0}}
{"id_image":1025,"data":{"Best_template_id":179,"GT_R":[-0.9620091819652976,0.26175658985501876,-0.07760626336693029,0.16978674755342643,0.3509833808701767,-0.9208597369235133,-0.21380232962189336,-0.8990520303799868,-0.3820911212195289],"GT_T":[87.49304729414695,-28.721552117355685,754.669449856345],"R_pred":[-0.7118860965308442,0.685621964380625,0.1521207005141998,0.3206369765886532,0.51001221651208,-0.7981725804940455,-0.624828068199697,-0.5194324411964361,-0.582906359737605],"T_pred":[26.457692365922146,-96.14239965966101,859.2858543795451],"rotation_error":34.701309712689536,"translation_error":138.61990235856825,"ADD":0,"ADD_S":0}}
{"id_image":1028,"data":{"Best_template_id":179,"GT_R":[-0.9608059746990211,0.26717944905357227,-0.07394679991726157,0.16778819823359825,0.3481175787274025,-0.9223129971219087,-0.22068063634544466,-0.898570891446618,-0.3793029289351605],"GT_T":[83.83058719696623,-25.769991152651265,755.7752862671703],"R_pred":[0.5464314596766056,-0.8303956065742414,0.10888432604324594,0.5401199393625945,0.2500506589859601,-0.8035826771674677,0.6400649271586762,0.49791345083546884,0.5851487712526393],"T_pred":[38.4723807883042,-90.25693104897525,716.6432471698661],"rotation_error":145.42219150219046,"translation_error":88.018457096883,"ADD":0,"ADD_S":0}}
{"id_image":1036,"data":{"Best_template_id":181,"GT_R":[-0.957980670706099,0.2808315746969221,-0.05836733320488824,0.15811817724261112,0.34726587452994084,-0.9243399474900217,-0.23931455546960934,-0.894729219649472,-0.37707854478907005],"GT_T":[76.10067506945117,-25.11870700265575,753.7155486323683],"R_pred":[-0.9370541557167115,0.3482669605188327,-0.025290975960112233,0.19653811548145322,0.4661686639430699,-0.862588862622589,-0.28862134088982416,-0.8132631191493358,-0.505273015917586],"T_pred":[49.41438254813988,-87.65506534030385,908.8667514824458],"rotation_error":9.15995540156647,"translation_error":169.395543236809,"ADD":0,"ADD_S":0}}
{"id_image":1037,"data":{"Best_template_id":181,"GT_R":[-0.957646323533231,0.2821757226491265,-0.05737408758000829,0.15795240043591424,0.3481777774777648,-0.9240259495130086,-0.24076061106824123,-0.8939516723797711,-0.3780008035675735],"GT_T":[75.97910276552355,-25.831591222294346,753.2016002429892],"R_pred":[-0.9456597203140981,0.32493255983414787,-0.012104748452148512,0.15648928940035994,0.4221713145204483,-0.8929067608093509,-0.2850242019170166,-0.8462802211771848,-0.4500788726055278],"T_pred":[49.73808120122668,-83.76276617068402,917.6557596151833],"rotation_error":5.716436186575499,"translation_error":176.32295023182277,"ADD":0,"ADD_S":0}}
{"id_image":1044,"data":{"Best_template_id":181,"GT_R":[-0.9571202253754159,0.28494765982149517,-0.05220635681683243,0.1532119887100674,0.3449692416348994,-0.9260245952273549,-0.2458586394774171,-0.8943157553131361,-0.37383434545272876],"GT_T":[79.16390763623167,-24.756606207104458,751.5128628660455],"R_pred":[-0.9442673386160901,0.3273382627250764,-0.034768591846881094,0.16828629852858706,0.3892608393670859,-0.9056244920842076,-0.2829114966741957,-0.861002706552866,-0.4226528414174049],"T_pred":[54.631931298496504,-71.716390756263,871.5355821729963],"rotation_error":3.999014466745388,"translation_error":131.1963885851044,"ADD":0,"ADD_S":0}}
{"id_image":1046,"data":{"Best_template_id":181,"GT_R":[-0.9576558771829803,0.2838742717738052,-0.04807511123736311,0.1483358099036033,0.3433520372080576,-0.9274183081404415,-0.24676320990456543,-0.8952786772330857,-0.3709220539077258],"GT_T":[82.18474111231106,-21.987076973134467,752.2318338201362],"R_pred":[-0.9428152571790184,0.33239883809591714,-0.024706340541361838,0.20200191228087333,0.5108497419980886,-0.8356002444562574,-0.26513132267865264,-0.7928073874106945,-0.5487821318170786],"T_pred":[57.037135761871056,-82.87859054799581,878.0431443884643],"rotation_error":11.830079428910201,"translation_error":142.01642280813616,"ADD":0,"ADD_S":0}}
{"id_image":1047,"data":{"Best_template_id":181,"GT_R":[-0.9575715256495048,0.2842453777934293,-0.0475581094129756,0.14768533686450475,0.3422715413333515,-0.9279220626056925,-0.24747938396723196,-0.8955750492146352,-0.36972813962454476],"GT_T":[83.50369318440211,-20.467023754674795,752.7102021914138],"R_pred":[-0.9574951085255301,0.2878722250523375,-0.018240043670441616,0.17076230068988768,0.5147400357415233,-0.8401683951851029,-0.23247226460973713,-0.8075718405493293,-0.5420187898394195],"T_pred":[62.3560302436377,-82.67257114971319,898.3505669019484],"rotation_error":11.223989397009404,"translation_error":159.77443352298283,"ADD":0,"ADD_S":0}}
{"id_image":1048,"data":{"Best_template_id":179,"GT_R":[-0.9578404484086632,0.2836263348989334,-0.04580490374327352,0.14543207023747456,0.3411623257537978,-0.9286860591159034,-0.2477727381435787,-0.8961944842349169,-0.36802738704376703],"GT_T":[84.93519316750383,-19.156039081036862,753.0488534320018],"R_pred":[-0.03946789040569132,-0.9887327877174017,-0.1443944601413077,0.41140066351157034,0.11561146977860104,-0.9040926291690864,0.9105996813579302,-0.0950866055141677,0.4022023840837209],"T_pred":[88.7572194561951,-70.86200192020769,768.3864142746505],"rotation_error":107.02412161025784,"translation_error":54.06806128093657,"ADD":0,"ADD_S":0}}
{"id_image":1049,"data":{"Best_template_id":181,"GT_R":[-0.9578975015003176,0.2836813164181309,-0.04424225437353067,0.14376559193413216,0.34053764226910327,-0.9291751106355448,-0.24852305136306585,-0.8964146211378269,-0.3669840069081938],"GT_T":[85.85588117732983,-17.9074563971801,753.5740292751221],"R_pred":[-0.9461155843264153,0.32219338717359863,-0.03250726620756511,0.1938490807629552,0.48308722064262577,-0.8538438212806488,-0.25939898801275846,-0.8141364495668936,-0.5195132399704265],"T_pred":[63.90209064562623,-76.26747583616397,886.8332876747875],"rotation_error":9.970786459479088,"translation_error":147.12542518836528,"ADD":0,"ADD_S":0}}
{"id_image":1054,"data":{"Best_template_id":181,"GT_R":[-0.9586702329669139,0.2812780693424816,-0.04283403135794864,0.14133676134788864,0.3401358734525187,-0.9296938837770108,-0.24693277063511326,-0.8973240615450689,-0.3658329918944228],"GT_T":[92.85773380986305,-18.58459366259723,754.8206352975413],"R_pred":[-0.9442070778297048,0.3279023756019134,-0.030871123253154706,0.18319759886500317,0.4449952945640774,-0.8765944487537707,-0.27369989760024965,-0.8333421985537823,-0.48023863460071725],"T_pred":[71.38862606146706,-71.76023302890715,880.2027469630274],"rotation_error":7.691991898369784,"translation_error":137.874019072574,"ADD":0,"ADD_S":0}}
{"id_image":1062,"data":{"Best_template_id":181,"GT_R":[-0.9610813558053739,0.27373612775074857,-0.03730825531396167,0.13360544771773114,0.3423288827789121,-0.9300324044243333,-0.24181099421481678,-0.8988209948250988,-0.36557885395535145],"GT_T":[104.74375890275985,-18.464975744958952,760.7665915686252],"R_pred":[-0.9331955437356741,0.3588039112259293,-0.020145233700675697,0.19258755663835841,0.4519896299118139,-0.8709853084181433,-0.30340749855589677,-0.8166793298113749,-0.4908958770237299],"T_pred":[83.79777303999124,-75.82421190812639,899.4029362012338],"rotation_error":9.385421028207324,"translation_error":151.4887862189038,"ADD":0,"ADD_S":0}}
{"id_image":1064,"data":{"Best_template_id":181,"GT_R":[-0.9617118826787233,0.2715258761985507,-0.03721213525361123,0.1323995209460634,0.3414151343716677,-0.9305406840865705,-0.23996136388804007,-0.8998383704296697,-0.36429300070666304],"GT_T":[107.40980072254214,-18.359649302498646,762.7171820515075],"R_pred":[-0.9478066858668109,0.31809204931491525,-0.021907404885335963,0.19739382295537708,0.531431933161304,-0.8237813903430334,-0.25039601611294404,-0.7851098958611319,-0.5664841449993891],"T_pred":[87.54870232538325,-76.47198359181002,851.7370220662931],"rotation_error":13.374006066075063,"translation_error":108.1482248691689,"ADD":0,"ADD_S":0}}
{"id_image":1070,"data":{"Best_template_id":181,"GT_R":[-0.9612362652766026,0.27338003309914,-0.035899416369774444,0.13112889387342896,0.338717133590992,-0.9317059538388022,-0.2425490363997435,-0.9002964713591948,-0.3614350808563744],"GT_T":[108.67917761143981,-15.222421744165054,770.767163826175],"R_pred":[-0.9423376046794505,0.3329125196820036,-0.034192002661079815,0.20185692860809507,0.4839180756294821,-0.8515145779444797,-0.2669337355597867,-0.8093161003699596,-0.5232148989679666],"T_pred":[91.3748350825669,-71.01039817901312,887.2397479383651],"rotation_error":10.846884651094271,"translation_error":130.29812521607104,"ADD":0,"ADD_S":0}}
{"id_image":1071,"data":{"Best_template_id":179,"GT_R":[-0.9610326594435661,0.2740911746044763,-0.03593955988836753,0.13073854640307744,0.33610147626574666,-0.9327077572809926,-0.24356656124236464,-0.9010603351087247,-0.35883816892849235],"GT_T":[108.76887508692022,-13.719803156693306,772.3872904792146],"R_pred":[-0.036788432374779634,-0.9929680015529538,-0.11252181626395491,0.3523591648121789,0.09247739088776241,-0.9312845704442094,0.9351415027771304,-0.07390859264337896,0.3464792774715466],"T_pred":[118.52264291483469,-55.17962501738605,791.3151527060146],"rotation_error":106.63366915827623,"translation_error":46.60811929307981,"ADD":0,"ADD_S":0}}
{"id_image":1078,"data":{"Best_template_id":181,"GT_R":[-0.9591668844249663,0.2804747165144632,-0.03650746008154113,0.13226905438517703,0.33070501195571145,-0.9344194436181587,-0.25000750479530476,-0.9010925701930784,-0.35429914683421826],"GT_T":[107.53285587552293,-9.901146085739569,781.7189928633542],"R_pred":[-0.9609028763439231,0.2735414763177809,-0.042903647489044947,0.13642010282074263,0.33287526245552024,-0.9330507034408938,-0.24094650398035106,-0.9024240247129159,-0.3571773534822571],"T_pred":[91.11035360372759,-42.34708063039458,861.1650479479548],"rotation_error":0.5842119549584639,"translation_error":87.37341081729932,"ADD":0,"ADD_S":0}}
{"id_image":1087,"data":{"Best_template_id":181,"GT_R":[-0.9586460691940547,0.2824967330500434,-0.03455781080070538,0.1316579707170805,0.3325409439909771,-0.9338534956382804,-0.2523185471406922,-0.8997840682694245,-0.3559823244888985],"GT_T":[112.17459464476968,-13.766082640372893,788.9487536335049],"R_pred":[-0.9431985459498281,0.33061142911113356,-0.032750356627429256,0.1851652589065495,0.4412757983952619,-0.8780600757605909,-0.2758447567241407,-0.8342492149781849,-0.4774284422780881],"T_pred":[92.73940816175862,-60.890603787650875,870.0260596017997],"rotation_error":8.10489774083249,"translation_error":95.77043651391675,"ADD":0,"ADD_S":0}}
{"id_image":1097,"data":{"Best_template_id":181,"GT_R":[-0.9545565384324272,0.2964974378161196,-0.030190362735707226,0.13505255520212525,0.34003149420076173,-0.9306662588042754,-0.2656738055321428,-0.8924510310879351,-0.36462139167071544],"GT_T":[105.92438721429066,-23.523647346425154,792.5390813220029],"R_pred":[-0.9484690003694609,0.3152168077458967,-0.03232521388393331,0.16886679610031685,0.41650173660063583,-0.893314227236681,-0.268124151304894,-0.8527395074248294,-0.4482686381667689],"T_pred":[89.23777784030175,-69.15902562071679,896.5561804747226],"rotation_error":5.339570539383658,"translation_error":114.80674021495653,"ADD":0,"ADD_S":0}}
{"id_image":1108,"data":{"Best_template_id":181,"GT_R":[-0.9559071415995282,0.29266979037555646,-0.024213915394055208,0.12882710077580342,0.34381414367768504,-0.9301579837155346,-0.2639037017429046,-0.8922647494533822,-0.36635831631156784],"GT_T":[115.80035935430918,-26.670917179446853,794.8010868037042],"R_pred":[-0.9792382507921519,0.20266433311153315,-0.004429025850473486,0.09045630379057668,0.4173073503414333,-0.9042523057507564,-0.1814114254672884,-0.8858790794659676,-0.42697558627450405],"T_pred":[110.01181830788221,-68.51240204996296,912.3716754125954],"rotation_error":6.673605518532437,"translation_error":124.92822086885315,"ADD":0,"ADD_S":0}}
{"id_image":1116,"data":{"Best_template_id":181,"GT_R":[-0.9547885321489998,0.2968871268264847,-0.015380989809183582,0.12110780032187297,0.34118967211362594,-0.9321605778003806,-0.271498584151517,-0.8918783218631634,-0.36171903697094415],"GT_T":[116.3076428787165,-23.64309215871716,799.1504593501152],"R_pred":[-0.9509817803904491,0.30919675701849286,0.005569453712754802,0.12624996846508424,0.40461563448432725,-0.9057301661054521,-0.28230231814134416,-0.8606297425606971,-0.4238181772788081],"T_pred":[102.37125254840808,-65.16039359903786,900.6340588694752],"rotation_error":4.113167330550176,"translation_error":110.5297709476095,"ADD":0,"ADD_S":0}}
{"id_image":1124,"data":{"Best_template_id":181,"GT_R":[-0.9551756286214209,0.2958273875308718,-0.011197986533954488,0.11710886782792275,0.34284367456229775,-0.9320635831400931,-0.2718903937466379,-0.8915963635706184,-0.3621202474391068],"GT_T":[122.8501331590688,-25.445664787533083,803.1662615651836],"R_pred":[-0.9245140944264006,0.37952382526401085,0.0351476210276718,0.10489226793010534,0.34199756216117383,-0.933828292355877,-0.36643048636189,-0.8596507043752054,-0.3559906812429252],"T_pred":[103.93058436892234,-61.02689862495024,904.8872898560046],"rotation_error":5.766869150510036,"translation_error":109.41271006769595,"ADD":0,"ADD_S":0}}
{"id_image":1135,"data":{"Best_template_id":181,"GT_R":[-0.9433607679311217,0.33168660099485625,0.007414381818290634,0.11509881987774975,0.3481524243460004,-0.9303447691265443,-0.3111636844627319,-0.8767974715989191,-0.36661017592338646],"GT_T":[97.41574816018631,-30.362199017748416,812.4540180174615],"R_pred":[-0.9415458037948584,0.3362899110711719,0.020014871172137294,0.1379547521839724,0.43908466724375506,-0.8877911586298323,-0.3073434328339435,-0.8331348934615478,-0.45981111729781254],"T_pred":[79.22197285788786,-73.68884383997289,894.3058473308242],"rotation_error":5.928416667160116,"translation_error":94.38184980834811,"ADD":0,"ADD_S":0}}
{"id_image":1146,"data":{"Best_template_id":181,"GT_R":[-0.9417877134405276,0.33614397288993597,0.006637542519215696,0.1145898272720133,0.3394867798974045,-0.9336044218119037,-0.3160784056660283,-0.8784966035735522,-0.3582431083722913],"GT_T":[101.17585304166835,-25.94612471231422,812.4714887248086],"R_pred":[-0.9273038562101328,0.3742500454092928,0.006667965878698251,0.18954305756846207,0.48485544647468104,-0.8538083071459519,-0.3227707972933981,-0.790475869040276,-0.5205448231224707],"T_pred":[78.83631271233588,-71.42365761590327,853.6828141713422],"rotation_error":10.650866125420263,"translation_error":65.3118243979067,"ADD":0,"ADD_S":0}}
{"id_image":1158,"data":{"Best_template_id":181,"GT_R":[-0.9422648400492795,0.3348407122195467,0.004461163650535675,0.11696638812309078,0.34157647464946617,-0.9325472071225471,-0.3137779099774701,-0.8781841525391497,-0.3610203604669792],"GT_T":[111.14708784579778,-30.68810575984886,814.4188271163284],"R_pred":[-0.9210659089738856,0.38901866998330237,0.017380038277642507,0.15484619849925585,0.4068452856155269,-0.9002774952106434,-0.35729574043981954,-0.8265236765978596,-0.4349693849993559],"T_pred":[86.99376348720963,-67.43434984242603,866.1204499367279],"rotation_error":5.77739654798799,"translation_error":67.87287627624426,"ADD":0,"ADD_S":0}}
{"id_image":1171,"data":{"Best_template_id":181,"GT_R":[-0.9405183216204722,0.3396219522598342,0.009159321061204637,0.11006000607819867,0.3300743668294799,-0.9375163758868629,-0.3214243637572881,-0.8807427179818226,-0.34781878085511203],"GT_T":[112.49376062888565,-23.674138309858655,821.9924855622104],"R_pred":[-0.9197088531565534,0.39241519020874266,0.012080725098009282,0.12952069718233555,0.33232026550739246,-0.9342310368075437,-0.37062111977983536,-0.8576558515083614,-0.35646377929126005],"T_pred":[86.15598248868284,-44.655801161560824,828.6830626592723],"rotation_error":3.3045732736548445,"translation_error":34.331800932616005,"ADD":0,"ADD_S":1}}
{"id_image":1202,"data":{"Best_template_id":181,"GT_R":[-0.9339803151949363,0.3573066648974434,0.003786051836997041,0.1196432857999244,0.32268985468118944,-0.938912492409117,-0.3367014362958286,-0.8764716104999111,-0.3441353703931917],"GT_T":[111.2681210291009,-31.022442535167905,837.3370095276482],"R_pred":[-0.9196187564822885,0.392801044213315,-0.0029465897065185653,0.16837857894093816,0.3874055458310123,-0.9064025580354487,-0.35489434608035036,-0.8340409358804302,-0.422404687942613],"T_pred":[91.71859891892372,-67.36275313068731,902.9751604066839],"rotation_error":5.34428428367209,"translation_error":77.53172795529701,"ADD":0,"ADD_S":0}}
