{"id_image":1,"data":{"Best_template_id":45,"GT_R":[0.6050320419155768,0.7786673451648614,0.1661777103965773,0.5681469270249254,-0.27600496970415794,-0.7752613234758262,-0.5578048936349591,0.5634707023343068,-0.6093888774870946],"GT_T":[20.611859021896798,-11.24959219412014,956.3436702400455],"R_pred":[0.7375741425622777,0.6237355692260449,0.25872441691070147,0.4624876863805709,-0.187438225531803,-0.8665864362865574,-0.49202593851327336,0.75882860468735,-0.4267196088046364],"T_pred":[-38.74373621667262,-33.23346936097478,1037.4670263451867],"rotation_error":15.91606918472789,"translation_error":102.89497775486315,"ADD":0,"ADD_S":0}}
{"id_image":21,"data":{"Best_template_id":45,"GT_R":[0.6087886113151909,0.7724576172763313,0.18079678733970847,0.5649296863516784,-0.2621070024975054,-0.7824031450549754,-0.5569851530878335,0.578454637001496,-0.5959511820128369],"GT_T":[11.0415126397867,-6.799458540482746,951.137693517894],"R_pred":[0.7479008432849334,0.5944594727784851,0.29540186837190185,0.5205531598656508,-0.24908445723869083,-0.8166892560307089,-0.41190865051315817,0.7645749592983229,-0.4957382325848962],"T_pred":[-51.29519210641268,-32.05778979857591,1045.9812118582624],"rotation_error":14.828361559748155,"translation_error":116.27184107830323,"ADD":0,"ADD_S":0}}
{"id_image":34,"data":{"Best_template_id":45,"GT_R":[0.6017969343671867,0.7818088654388048,0.16314496897841255,0.5609460805627879,-0.26836363993076884,-0.7831480124294695,-0.5684898768231867,0.5628115109998341,-0.6000533525583497],"GT_T":[19.90068191868469,-10.115258925807943,953.9959377777158],"R_pred":[0.7799378417682292,0.5769209383711055,0.24260913801198777,0.5266321660579237,-0.3955169985803895,-0.7524791462273887,-0.33816493705151646,0.7146527371408881,-0.612303797673982],"T_pred":[-39.154559167596666,-47.228982485220584,1076.793293690772],"rotation_error":16.98948210395034,"translation_error":141.2237253277265,"ADD":0,"ADD_S":0}}
{"id_image":39,"data":{"Best_template_id":45,"GT_R":[0.5917690063827826,0.7915021670635504,0.15275454229270335,0.5612204093738581,-0.26850287372932713,-0.7829036212070056,-0.5786559161545791,0.5490269736312265,-0.6030983487802157],"GT_T":[26.703317106600064,-7.898694237943623,954.3706937931313],"R_pred":[0.808144337058576,0.516838226465664,0.28245526750970745,0.47703767352951576,-0.29309084981775446,-0.8285727558800453,-0.34545301925688904,0.8043481841944651,-0.48341101566820543],"T_pred":[-35.40831059809948,-26.162404005649048,979.8314294642936],"rotation_error":21.67225911963983,"translation_error":69.56771127127135,"ADD":0,"ADD_S":0}}
{"id_image":48,"data":{"Best_template_id":45,"GT_R":[0.5784637849002051,0.8025773043783162,0.1457750753010824,0.5470313257747422,-0.24911881526644405,-0.7991850641898574,-0.6050925306385984,0.5420434936986247,-0.5831408709796182],"GT_T":[31.35143510433324,20.083077839832608,954.3039559969747],"R_pred":[0.7048596141956751,0.6864273635553367,0.17885860012421434,0.5088680911227711,-0.313644824416721,-0.8016733686194593,-0.49419246262260136,0.6560826157421593,-0.5703765521196807],"T_pred":[-20.21981586343644,-9.153927575886225,1076.1348800308992],"rotation_error":10.072533955241074,"translation_error":135.48863591836536,"ADD":0,"ADD_S":0}}
{"id_image":52,"data":{"Best_template_id":45,"GT_R":[0.5588147043016899,0.8109920430570214,0.17326092705372742,0.5615697066527073,-0.21632547901601035,-0.7986510544677733,-0.610218316797074,0.5435953653508361,-0.5763145708814674],"GT_T":[23.75938708479267,15.210208391232669,948.6200639085308],"R_pred":[0.6932535556920713,0.4103809858878402,0.5924415194278876,0.716445650618994,-0.30330557932869057,-0.6282605791048915,-0.07813537757908579,0.8599960302058444,-0.5042833437669363],"T_pred":[-67.73150993406745,-30.40982577833916,855.8732349763374],"rotation_error":36.947836719071766,"translation_error":138.03530719321824,"ADD":0,"ADD_S":0}}
{"id_image":61,"data":{"Best_template_id":45,"GT_R":[0.5306592479140797,0.8306803367528387,0.16844130100575386,0.5768956988873642,-0.20838559720028638,-0.7897886413380641,-0.6209611010502932,0.5162824339256462,-0.589796964179904],"GT_T":[35.72528620693964,-6.194348081585307,942.2383296064511],"R_pred":[0.6989973287889899,0.291993460058131,-0.6527959509901522,0.7097511057829721,-0.17157316596998304,0.6832393552474016,0.08749915534280911,-0.940905132307353,-0.32717186586254277],"T_pred":[63.56789362801467,-169.67773769487644,770.8614157443233],"rotation_error":117.97023146958688,"translation_error":238.47867005743393,"ADD":0,"ADD_S":0}}
{"id_image":65,"data":{"Best_template_id":45,"GT_R":[0.5329629116926556,0.8313403144885966,0.15756020542636243,0.5692308250986197,-0.21450006186704124,-0.7937046461383818,-0.6260412404724787,0.512703016513766,-0.5875437718414609],"GT_T":[29.366005010282525,-4.878507237326765,942.5931623405935],"R_pred":[0.8043298432594476,0.4440139142902043,0.39484825839672094,0.5023593641619508,-0.1532864028945108,-0.8509631883498029,-0.3173146269572727,0.8828108079335871,-0.3463473760758323],"T_pred":[-48.29897997876762,-18.21500567286671,893.3536348197629],"rotation_error":31.293535528044877,"translation_error":92.92062824984116,"ADD":0,"ADD_S":0}}
{"id_image":71,"data":{"Best_template_id":50,"GT_R":[0.5277747240673342,0.836633422161233,0.1466263426002933,0.5693062953664628,-0.2203230011971802,-0.7920532336296028,-0.6303530172986334,0.5015006338547002,-0.5925811676016798],"GT_T":[29.11711128425666,-13.633515505538533,942.9802920839832],"R_pred":[0.4296816942124906,0.8971775818867116,0.10220581303720505,0.5600742309050637,-0.17601324605660124,-0.809528376950876,-0.7083011347829289,0.40508236665217956,-0.5781157139299055],"T_pred":[-15.532627808486023,-39.41790267530057,1006.3998717335191],"rotation_error":7.386630072426696,"translation_error":81.73418443768814,"ADD":0,"ADD_S":0}}
{"id_image":81,"data":{"Best_template_id":50,"GT_R":[0.5335463723074166,0.831828285697835,0.15293928529687975,0.5556449280715428,-0.20841487432356845,-0.8048740904770985,-0.6376425684910554,0.514417398386681,-0.5733996065242877],"GT_T":[9.040555439905756,-2.904117475566892,941.628415447083],"R_pred":[0.9521597730351068,0.2828160092566587,0.11578804567774505,0.0801476518984534,0.13452648649091709,-0.9876633932304941,-0.29490357832501524,0.9496934923124127,0.10542366978318951],"T_pred":[-40.23048200955931,-5.168606846396898,895.3394082123607],"rotation_error":53.53877350361559,"translation_error":67.6419635598595,"ADD":0,"ADD_S":0}}
{"id_image":88,"data":{"Best_template_id":45,"GT_R":[0.5327230940862013,0.8317849990294007,0.15601600175333102,0.5565203486639873,-0.20542960637840207,-0.8050366722445313,-0.6375671961646538,0.5156881512075225,-0.5723417236730968],"GT_T":[4.895479175279132,-13.76363953772686,940.7246586523587],"R_pred":[0.456841180279833,0.8828259241710692,-0.1091536697139742,0.6490629054127544,-0.4147260971158888,-0.6377457245549957,-0.6082873340927654,0.22050091152310494,-0.762473519015445],"T_pred":[-22.173602276385527,-88.67606316104184,1235.4317781651403],"rotation_error":21.6885347550016,"translation_error":305.28166121677987,"ADD":0,"ADD_S":0}}
{"id_image":92,"data":{"Best_template_id":45,"GT_R":[0.5392146695358946,0.8268973586224255,0.15965311338256583,0.5469343164409386,-0.19968067228475944,-0.813013126642891,-0.6403989388835848,0.5257085508706419,-0.5599291448706415],"GT_T":[-6.625166334895931,-7.956497323834302,940.1762925513351],"R_pred":[0.5403023058681398,-0.8414709848078965,0.0,0.8414709848078965,0.5403023058681398,0.0,0.0,0.0,1.0],"T_pred":[0.0,0.0,0.0],"rotation_error":143.7097932517701,"translation_error":940.2333007047788,"ADD":0,"ADD_S":0}}
{"id_image":98,"data":{"Best_template_id":45,"GT_R":[0.5577935157045576,0.8175124117609874,0.14331880534534563,0.5191164053778384,-0.208902064144088,-0.8287808963680263,-0.6475997013878276,0.5366886038222783,-0.5409076657974305],"GT_T":[-22.18990285165323,3.7124408146058983,937.7689819464925],"R_pred":[0.8313000396117433,0.549061689150089,0.08643787161403729,0.15776346236394898,-0.08396597144751233,-0.9839006075726421,-0.5329642896897059,0.8315533519543569,-0.15642278852207187],"T_pred":[-78.86632845485998,1.3949118299200824,974.3867469651595],"rotation_error":30.9147140427725,"translation_error":67.5162859961432,"ADD":0,"ADD_S":0}}
{"id_image":114,"data":{"Best_template_id":45,"GT_R":[0.5742539410724471,0.8041729825921468,0.15342173181684893,0.5055371908175611,-0.20091822035170057,-0.8390853557704249,-0.6439445046392737,0.5594085478753954,-0.5219175530236546],"GT_T":[-50.57431073628238,12.426039560794411,936.4147866389493],"R_pred":[0.8118281018487674,0.4682247707780036,0.3488562699429578,0.4610016491648068,-0.14731077886027946,-0.8750868607737785,-0.3583470559610561,0.8712434208999595,-0.33544342149247747],"T_pred":[-126.46665656411173,-4.168773615451443,836.8791395118934],"rotation_error":26.722786807880016,"translation_error":126.26314200354409,"ADD":0,"ADD_S":0}}
{"id_image":121,"data":{"Best_template_id":45,"GT_R":[0.6027853640032921,0.7860257941387336,0.13716541011640612,0.4859233184317848,-0.22527975816802914,-0.8444688662425806,-0.6328733372081202,0.5756850047037906,-0.5177430991054458],"GT_T":[-63.622772298944255,6.292676722117561,937.7428759045098],"R_pred":[0.8068793371741596,0.5706561149727489,0.15263464117164796,0.30283145640236864,-0.17774855348565524,-0.936321825414199,-0.5071871885749968,0.801721304555371,-0.31623425742228617],"T_pred":[-127.30509321950302,-6.129013165632823,979.985638293758],"rotation_error":19.948056669556266,"translation_error":77.42213734953953,"ADD":0,"ADD_S":0}}
{"id_image":127,"data":{"Best_template_id":45,"GT_R":[0.6303588424915157,0.7660041233623746,0.12603709927232803,0.4745588249925473,-0.2517416646249811,-0.8434573079093985,-0.6143636632100924,0.5914931113038077,-0.522201500487468],"GT_T":[-78.13598821374947,-7.843833599008327,939.7571145399179],"R_pred":[0.8213579451930977,0.5185398534931729,0.2376710882868387,0.4109112231162197,-0.24888528224674805,-0.8770450860691762,-0.3956299945470563,0.8180296673227904,-0.41749774944837836],"T_pred":[-142.78448801582954,-20.43427198255063,893.3602213984373],"rotation_error":19.330195581363892,"translation_error":80.56438020944054,"ADD":0,"ADD_S":0}}
{"id_image":132,"data":{"Best_template_id":45,"GT_R":[0.6573414104588288,0.7454330669574234,0.11059618905646293,0.4552091414051056,-0.27581124770745713,-0.8465888506553518,-0.6005718997577121,0.6068427522599555,-0.5206298442147248],"GT_T":[-89.0720154886702,-13.988102209612258,944.6012435219956],"R_pred":[0.9097736202065398,0.39939950490365905,0.1131017040499335,0.2298248145019065,-0.2577489053248214,-0.9384807171396866,-0.34567689337797936,0.8797985776793279,-0.3262850718282722],"T_pred":[-154.17700485834018,-21.1771566794952,964.2401282811946],"rotation_error":26.500639009915734,"translation_error":68.381488281412,"ADD":0,"ADD_S":0}}
{"id_image":136,"data":{"Best_template_id":45,"GT_R":[0.6789742573943912,0.7261944223833443,0.10786919336254705,0.44227077428017664,-0.2873099680846203,-0.8496176792748569,-0.5859957193441807,0.6245756036837928,-0.5162504902291685],"GT_T":[-101.5459278717333,-14.191828555105154,950.3412845048399],"R_pred":[0.9987052530977945,-0.028384546041675212,0.042215340587019416,0.03599796793367391,-0.1920231419241021,-0.9807299624617586,0.03594389711086172,0.9809798318577218,-0.19075273457772401],"T_pred":[-118.25572391136892,25.262613769571225,634.4286500933243],"rotation_error":51.079533894632604,"translation_error":318.80505467081497,"ADD":0,"ADD_S":0}}
{"id_image":143,"data":{"Best_template_id":45,"GT_R":[0.6948102564939637,0.7106315332259584,0.1106462244265588,0.43977976776321853,-0.29807871337106645,-0.8471972271027431,-0.569063921616983,0.6373017683047115,-0.5196287171206532],"GT_T":[-112.45311831650687,-23.035165324875887,952.4306533733746],"R_pred":[0.4216217593699426,0.9033961038317667,-0.07817014524342442,-0.6134718976317487,0.34766718230503696,0.7090696447911006,0.6677479485868119,-0.25100400381201105,0.7007921712094425],"T_pred":[-154.36796690109605,-178.8310195370555,907.587224699995],"rotation_error":167.41861941563468,"translation_error":167.451891051598,"ADD":0,"ADD_S":0}}
{"id_image":150,"data":{"Best_template_id":45,"GT_R":[0.6904898199799203,0.7165374551449408,0.09898350057058716,0.4374053719217053,-0.3046240122303443,-0.8460972895941076,-0.5761078197702844,0.6275181474212328,-0.5237569030394991],"GT_T":[-94.96225897848966,-32.832077613923815,958.6454260903738],"R_pred":[0.8333343790226553,0.5391887061278123,0.1217758265138898,0.30398461226235773,-0.2630189118934378,-0.9156497187757423,-0.4616786417483804,0.8000603672040051,-0.3830877713824379],"T_pred":[-162.23297774755426,-53.697163038833594,1033.6655460186926],"rotation_error":15.170724505742145,"translation_error":102.90150527351236,"ADD":0,"ADD_S":0}}
{"id_image":156,"data":{"Best_template_id":45,"GT_R":[0.6955286343402856,0.7114152640364071,0.10064197232575597,0.43763983559931957,-0.30838123147418844,-0.8446138021333126,-0.5698355687433195,0.6314980177337003,-0.5258315437968407],"GT_T":[-90.91081266784516,-40.650629337406144,960.2250970504753],"R_pred":[0.7705783864249074,0.6294264392820611,0.10015641720575147,0.3864863649869691,-0.336516871699512,-0.8587110601015534,-0.5067911207331339,0.7004132727142457,-0.5025773645437824],"T_pred":[-155.50530896682577,-69.09327407954649,1054.9835910902552],"rotation_error":6.43798296822275,"translation_error":118.15500490767897,"ADD":0,"ADD_S":0}}
{"id_image":164,"data":{"Best_template_id":45,"GT_R":[0.7009314407961583,0.7072760266151756,0.09195968748137451,0.4325956629959704,-0.31907736092939126,-0.8432380572379816,-0.5670601050587116,0.6308341519957101,-0.5296155552191679],"GT_T":[-87.066902221353,-51.16010398672829,962.6082006486685],"R_pred":[0.9234644617744615,0.3826738728030896,0.027822561231650472,0.10973304510558546,-0.1939288140120635,-0.97485910464422,-0.36765751270912406,0.9033007927427937,-0.22107833719924036],"T_pred":[-140.8861115470712,-49.536528885492864,963.9320815691436],"rotation_error":29.114988274072658,"translation_error":53.85996610884956,"ADD":0,"ADD_S":1}}
{"id_image":165,"data":{"Best_template_id":45,"GT_R":[0.7024974084078529,0.7055462116772824,0.09328808914447688,0.43278774341737564,-0.31945489545655886,-0.8429968271964474,-0.5649724354895288,0.6325766958803442,-0.5297671496510991],"GT_T":[-86.25772574073181,-51.80305483584274,962.8253994600949],"R_pred":[0.2624527761207247,0.947322652438654,-0.18357105567904158,0.8339981274689392,-0.31838185153751863,-0.4506441167815736,-0.4853510726111851,-0.03482511720202097,-0.8736255190452243],"T_pred":[-124.30418457702842,-156.6065161278932,1244.1183838783525],"rotation_error":45.846335797567924,"translation_error":302.58394143064896,"ADD":0,"ADD_S":0}}
{"id_image":169,"data":{"Best_template_id":45,"GT_R":[0.7034441619244394,0.7048359102556707,0.09150723354779143,0.4321841648618746,-0.32197065328978747,-0.842348627602736,-0.5642549447793672,0.6320933920410082,-0.531107401112736],"GT_T":[-82.84712449252557,-55.182524312572305,964.0829487300858],"R_pred":[0.929024467107191,0.34359988273812786,0.13730498934322843,0.24682066854185308,-0.2990035710290363,-0.9217789442661599,-0.27566845502659887,0.8902449017513263,-0.3625891860067247],"T_pred":[-144.3037708860642,-60.743991330344905,960.0759326522885],"rotation_error":25.94012172128344,"translation_error":61.837735074774066,"ADD":0,"ADD_S":0}}
{"id_image":170,"data":{"Best_template_id":45,"GT_R":[0.7041982034077829,0.7045144129466052,0.08812277033466653,0.42952238609913035,-0.3238883558509917,-0.8429753806736707,-0.5653460180578948,0.6314724407654919,-0.5306857389072779],"GT_T":[-81.42293164043346,-57.19114175859431,964.7665847672079],"R_pred":[0.5403023058681398,-0.8414709848078965,0.0,0.8414709848078965,0.5403023058681398,0.0,0.0,0.0,1.0],"T_pred":[0.0,0.0,0.0],"rotation_error":141.1052450822565,"translation_error":969.8840567696515,"ADD":0,"ADD_S":0}}
{"id_image":171,"data":{"Best_template_id":45,"GT_R":[0.7067117710272843,0.7018701218054514,0.08908878467741475,0.42833645152630556,-0.3242318263289878,-0.8434462200718414,-0.5631051482403259,0.634233663038744,-0.5297748068818479],"GT_T":[-81.0345821773445,-57.94800377571797,964.7504245294549],"R_pred":[0.8399275494186056,0.5097200158503948,0.1862987309917306,0.3869743684817443,-0.3218429461229425,-0.864099505941914,-0.3804898814236866,0.797873814254095,-0.4675733382709186],"T_pred":[-150.80839951666294,-85.4260337554812,1050.1254640734498],"rotation_error":14.66192985008791,"translation_error":113.6324121666351,"ADD":0,"ADD_S":0}}
{"id_image":175,"data":{"Best_template_id":45,"GT_R":[0.7101572138632536,0.6985998230041147,0.08738372341648834,0.4234451064890499,-0.3246613036355594,-0.8457481829006441,-0.5624691414322253,0.637616589756053,-0.526378972844685],"GT_T":[-79.54533379874889,-57.263423913446076,965.9449659119092],"R_pred":[0.7300768170938147,0.6832988286768972,-0.009515874681033598,0.44858147901259293,-0.48970285646259876,-0.7476401333925607,-0.5155215784320182,0.5415660837803192,-0.6640359019434181],"T_pred":[-102.32001788169086,-72.93736907348344,887.9130071213064],"rotation_error":11.32564031396372,"translation_error":82.78493452709866,"ADD":0,"ADD_S":0}}
{"id_image":259,"data":{"Best_template_id":50,"GT_R":[0.7812253046904258,0.6191710189764623,0.07946889124774997,0.34484214571634814,-0.3219290023812426,-0.8817293338360187,-0.5203574809491381,0.7162328259729865,-0.46501476259548435],"GT_T":[-89.69095603887723,-30.623021719941107,924.1704857236265],"R_pred":[0.5442909241780929,0.8387834736459895,-0.01377222551819246,0.3233499371821019,-0.22491541811181354,-0.9191615052970388,-0.7740750661154815,0.4958380169308876,-0.39364000429879753],"T_pred":[-143.65071363009557,-48.86925712379703,980.4106041771532],"rotation_error":20.04791237151854,"translation_error":80.0470578433879,"ADD":0,"ADD_S":0}}
{"id_image":388,"data":{"Best_template_id":45,"GT_R":[0.7749229190378045,0.6182650497435209,0.13131580254061967,0.3381913255157753,-0.23007024020541647,-0.9125208036510225,-0.5339681794110619,0.7515431735463006,-0.38737847304450784],"GT_T":[-26.720192810185555,1.727641525203552,879.8655707228608],"R_pred":[0.5750571766589225,-0.005587935187729209,0.8180941379532102,0.5536398171956487,-0.7335582476482234,-0.3941766737426711,0.6023223359536295,0.679603614092513,-0.4187442313916188],"T_pred":[-130.35272757218016,-40.79287643869768,501.2000320543782],"rotation_error":72.04191369855907,"translation_error":394.88642276508637,"ADD":0,"ADD_S":0}}
{"id_image":516,"data":{"Best_template_id":45,"GT_R":[0.8776478093642013,0.46489784764847425,0.11664052661555568,0.2890380132604756,-0.3192125307656602,-0.902530577433407,-0.3823514127527112,0.8258177070410546,-0.41452887159342644],"GT_T":[-85.65336363878727,-56.44199762220265,855.1679350914993],"R_pred":[0.6360628513949445,0.7703243359244278,0.044994072475406044,0.2033723042448532,-0.11110692995174828,-0.9727769302274989,-0.7443545895213326,0.6278978162084072,-0.22733362588768463],"T_pred":[-97.22451976935203,-29.21496764278342,677.9902276575846],"rotation_error":26.415047117113726,"translation_error":179.63057319742646,"ADD":0,"ADD_S":0}}
{"id_image":520,"data":{"Best_template_id":45,"GT_R":[0.8782910342926907,0.4641560564090895,0.11474029634253179,0.28781239929037084,-0.3216139452440989,-0.9020688606366252,-0.3817986212014448,0.8253027226627574,-0.41606014174590555],"GT_T":[-81.68851086122856,-58.16903214160914,854.7365004729213],"R_pred":[0.9250890498108141,0.08333032227848619,0.3704946791913339,0.3474609447043804,-0.5794180657791153,-0.7372554489143694,0.1532355762388921,0.8107593739438061,-0.5649673404162245],"T_pred":[-129.4751245424526,-56.65838123699082,665.6604983483894],"rotation_error":32.28672557265832,"translation_error":195.02711886471113,"ADD":0,"ADD_S":0}}
{"id_image":524,"data":{"Best_template_id":50,"GT_R":[0.8738694718738685,0.4719979909902967,0.11649501132200915,0.2923602551126625,-0.31875117185729673,-0.9016228097814294,-0.38843106250984144,0.821959235869744,-0.4165399760077014],"GT_T":[-69.40354984136276,-59.90961332972662,856.084380129965],"R_pred":[0.4325425067202717,0.9015785386429839,-0.007944717649142119,0.4683408720782599,-0.232203976966051,-0.8524893785978358,-0.7704309231989057,0.3650170567789001,-0.5226841693024105],"T_pred":[-157.6908459907724,-123.73582401268602,1107.5360576503317],"rotation_error":36.90931144381659,"translation_error":274.037183534143,"ADD":0,"ADD_S":0}}
{"id_image":526,"data":{"Best_template_id":45,"GT_R":[0.867870525757122,0.4818953433159296,0.12073968955063745,0.2988125731128536,-0.31219862339639964,-0.9017996841748848,-0.3968787892687368,0.81872438520257,-0.41494409532137994],"GT_T":[-58.76096606087094,-57.984726495685514,857.3367634038789],"R_pred":[0.5504575068291709,0.7570075786226109,0.35204553552537104,0.8236067247790246,-0.4233828861115066,-0.3773842798086045,-0.13663270499474695,0.4976810802670952,-0.856530820385347],"T_pred":[-125.12565014884376,-106.5269183927412,861.139937312633],"rotation_error":44.734914267073975,"translation_error":82.31087303659973,"ADD":0,"ADD_S":0}}
{"id_image":527,"data":{"Best_template_id":45,"GT_R":[0.8674821282396034,0.48199518090199156,0.1231121868820331,0.29959390655015183,-0.3086130306540768,-0.9027741094131356,-0.39713865999513415,0.8200239518873436,-0.412118483889432],"GT_T":[-56.91413144456932,-55.9786086876658,857.2285656212848],"R_pred":[0.7115568673496063,-0.09037382049100817,-0.6967922194581926,-0.38483588690079756,0.7795917605904237,-0.49410325537563515,0.5878674720384616,0.6197332163030981,0.5199447816160155],"T_pred":[-115.26224663536644,-126.90226337085937,1082.6895385140826],"rotation_error":100.41202693082738,"translation_error":243.44879880111614,"ADD":0,"ADD_S":0}}
{"id_image":532,"data":{"Best_template_id":45,"GT_R":[0.8703959022865569,0.4771822368070618,0.12128060664434724,0.29436347467379903,-0.30689506304973696,-0.9050777451282493,-0.3946661631172677,0.8234766995466515,-0.4075850305552728],"GT_T":[-55.75845890920678,-47.50944467747904,858.2015299036253],"R_pred":[0.6370421277318057,0.6122552111013092,0.46831707632140224,0.7676118897491845,-0.44842965561592385,-0.4579113786311385,-0.0703513625356364,0.6511945949126693,-0.7556429615538703],"T_pred":[-131.36244103712113,-91.23607182894753,829.4212699708447],"rotation_error":39.03809483220296,"translation_error":91.9580523795494,"ADD":0,"ADD_S":0}}
{"id_image":537,"data":{"Best_template_id":45,"GT_R":[0.8756222469107499,0.4655053013057788,0.1288093152724789,0.2967225211249073,-0.3080159041983099,-0.9039255233468436,-0.38110692923801903,0.8297180910866558,-0.40783126042057877],"GT_T":[-62.97246693918127,-46.73936147900235,863.7218573321203],"R_pred":[0.6164163039994733,0.6092134725603264,0.4988886499156068,0.7873666105211778,-0.4694701820584096,-0.39956422361672395,-0.009206562877661167,0.639106167243778,-0.7690634214360657],"T_pred":[-133.46236950848484,-86.00727214497911,790.0985344597476],"rotation_error":42.50460113315504,"translation_error":109.22998142941653,"ADD":0,"ADD_S":0}}
{"id_image":539,"data":{"Best_template_id":45,"GT_R":[0.876062792264883,0.46272862820178023,0.13563571646779485,0.30098337541192316,-0.3049921572016657,-0.9035425160147376,-0.37672780487067786,0.8323838737658543,-0.40646589392940424],"GT_T":[-65.74951618267164,-48.14033038358883,866.1897525306986],"R_pred":[0.8222543002807573,0.5163834286182188,0.23926140582696379,0.4685179819586536,-0.375514864548953,-0.799674613254774,-0.323092504170544,0.7696341605927289,-0.550703634087821],"T_pred":[-150.76385808473083,-92.71642856492171,1001.8031018191939],"rotation_error":12.0377716566259,"translation_error":166.1488710866116,"ADD":0,"ADD_S":0}}
{"id_image":543,"data":{"Best_template_id":45,"GT_R":[0.8884677759347805,0.44066966418626924,0.12820496474760879,0.28724735954113395,-0.3160785009346857,-0.904203470620203,-0.3579325163029135,0.8401812141173272,-0.40740650151522895],"GT_T":[-78.8575724991675,-51.30864963605607,873.1270052502462],"R_pred":[0.7715909798512335,0.5565645508873864,0.30803126547111426,0.5640819900811243,-0.374811056164232,-0.7357500802875742,-0.29403888905777886,0.7414530146088659,-0.6031488695579993],"T_pred":[-170.08007079066846,-97.15008757431507,1000.7300310666001],"rotation_error":19.092605195496215,"translation_error":163.418217541005,"ADD":0,"ADD_S":0}}
{"id_image":544,"data":{"Best_template_id":45,"GT_R":[0.8896859148172573,0.43883911361180766,0.12601604505894065,0.28430118949440536,-0.31650687830902363,-0.9049842189241603,-0.3572575160955387,0.8409782842829711,-0.4063539978616707],"GT_T":[-79.69899143884436,-51.11391536488097,874.893516382476],"R_pred":[0.6807320065352136,0.5293805658862869,0.5063202067273795,0.7325320881554449,-0.4927207438193075,-0.4697052356880555,0.0008216454011653052,0.6906391858793293,-0.7231990319592331],"T_pred":[-143.52844003064286,-80.5783602153758,758.0712075105073],"rotation_error":38.489983031567846,"translation_error":136.34443101226603,"ADD":0,"ADD_S":0}}
{"id_image":550,"data":{"Best_template_id":45,"GT_R":[0.8980282176195166,0.42322692126379235,0.12010394947157367,0.2700071899122631,-0.31468167016867354,-0.9099842872969431,-0.3473353112671923,0.849620667539284,-0.3968665075386223],"GT_T":[-87.1024720378456,-40.96686018456377,885.8291815389141],"R_pred":[0.9484104575927662,0.09609022307293136,0.3021328730186015,0.30994927719192955,-0.48149996526697897,-0.8198104835973364,0.06670119561807342,0.8711627014959332,-0.48644269757642283],"T_pred":[-139.95701235011245,-44.0014959664653,740.9186547028195],"rotation_error":24.500172233289405,"translation_error":154.27855403089677,"ADD":0,"ADD_S":0}}
{"id_image":561,"data":{"Best_template_id":50,"GT_R":[0.9071759620372079,0.4060031465807813,0.11042983777542739,0.25480122520697357,-0.32125308008586784,-0.9120709316418495,-0.3348272835767983,0.8555458665145015,-0.39488228063114056],"GT_T":[-90.99605928936833,-39.44686109146427,905.0949586614196],"R_pred":[0.894178308653627,0.43682975535846347,0.09810666219377909,0.21315212509300274,-0.22266422533780245,-0.9513079492588368,-0.3937147748074439,0.8715505766094023,-0.2922127110687392],"T_pred":[-171.1454829309228,-70.78245887870364,1037.4478165903736],"rotation_error":6.846996639045914,"translation_error":157.87060777965888,"ADD":0,"ADD_S":0}}
{"id_image":574,"data":{"Best_template_id":45,"GT_R":[0.9101575182080593,0.3999696502078457,0.10788293474519306,0.24793376725533708,-0.31729561648098664,-0.9153423418979605,-0.33187892579812295,0.8598537333293667,-0.3879544793800847],"GT_T":[-83.6626869694577,-33.77149478066256,920.509731896519],"R_pred":[0.40080173632166544,0.8649982056433094,0.3018875161304179,-0.10652953940712812,0.37127858403088193,-0.9223901941552332,-0.909950232372762,0.33753565333736,0.24095696157380092],"T_pred":[-94.58572099439726,16.652429489135052,554.7882052700209],"rotation_error":61.895446125980094,"translation_error":369.34282157514946,"ADD":0,"ADD_S":0}}
{"id_image":582,"data":{"Best_template_id":45,"GT_R":[0.9135115241050303,0.3918640369456081,0.10926706877770213,0.2408840676935496,-0.3045922508366967,-0.9215199907230492,-0.3278286172377267,0.8681402853785083,-0.37264202324059925],"GT_T":[-77.90418544433378,-25.69910260425623,928.726402950939],"R_pred":[0.9308877974170218,0.2415927751979322,0.274008831230395,0.3545465182590899,-0.41680820244512107,-0.836999216705024,-0.08800383520303276,0.8763012343632914,-0.47365754680246475],"T_pred":[-142.29741218043702,-45.942582176404535,897.9871400886401],"rotation_error":15.76499326830603,"translation_error":74.16999660235058,"ADD":0,"ADD_S":0}}
{"id_image":587,"data":{"Best_template_id":45,"GT_R":[0.9131697603807774,0.3950040752403477,0.1004708806131542,0.23879413670446145,-0.3187313435532208,-0.9172718273945155,-0.3303022916935399,0.8616167738236757,-0.3853798673930276],"GT_T":[-72.22618881184017,-31.778029966500437,931.4250322955343],"R_pred":[0.12479058929294673,0.864403221181021,-0.4870671206679777,0.9173330068993039,-0.2875697559700977,-0.27532488064898963,-0.37805748673581524,-0.41244479226094444,-0.8288316053697671],"T_pred":[-100.578755996476,-95.65645191910184,1063.132796375012],"rotation_error":88.3198573712059,"translation_error":149.101495552289,"ADD":0,"ADD_S":0}}
{"id_image":593,"data":{"Best_template_id":45,"GT_R":[0.9136789994086195,0.3941838223772677,0.09904587223931244,0.236155797913174,-0.3165434108726152,-0.9187112959975228,-0.33078876903998944,0.8627978186460092,-0.3823078165022989],"GT_T":[-67.11082018798449,-28.802396914111753,935.2447844036459],"R_pred":[0.7587467839847802,0.6245059340992061,0.18519086388812944,0.491447696885375,-0.3622260622355449,-0.7920046976270986,-0.42753067611437445,0.6919426407674333,-0.581749862800995],"T_pred":[-141.5925394876201,-58.70714768807171,1047.9452723135032],"rotation_error":20.20364112168893,"translation_error":138.3590279085621,"ADD":0,"ADD_S":0}}
{"id_image":594,"data":{"Best_template_id":45,"GT_R":[0.9155054998817358,0.3901089717714524,0.09830960657551918,0.23362466765864842,-0.316590408461083,-0.9193424968735999,-0.3275201530264644,0.8646308543862373,-0.38097863363294504],"GT_T":[-70.06277440798476,-28.04024110705902,936.1854916553476],"R_pred":[0.7272190081912964,0.4560283983917896,0.5130210658301336,0.6782184105365229,-0.592473013991127,-0.4347361444618821,0.10569910943134586,0.6640887196395442,-0.7401444931315312],"T_pred":[-102.28250774431652,-35.84801454341056,601.6693506470732],"rotation_error":43.056898073293745,"translation_error":336.15490646034823,"ADD":0,"ADD_S":0}}
{"id_image":604,"data":{"Best_template_id":45,"GT_R":[0.9242008341668346,0.3719803581847618,0.08651518343154638,0.21580398862848524,-0.32176002571071416,-0.9218994706345357,-0.3150910401463651,0.8706909885416982,-0.37764544929235],"GT_T":[-78.47612654228107,-28.071626510571654,945.1213290290434],"R_pred":[0.8837967469373254,0.4268920206290233,0.1914850198482144,0.2959353701109597,-0.19305418479663483,-0.9354957714761709,-0.3623886957678051,0.883455309823749,-0.29695310862816854],"T_pred":[-152.36693595744038,-53.234900290137816,1068.419979543112],"rotation_error":8.861591997147274,"translation_error":145.93011780274568,"ADD":0,"ADD_S":0}}
{"id_image":608,"data":{"Best_template_id":45,"GT_R":[0.9321930250099616,0.35070205337924426,0.08958155338998636,0.2049155376444932,-0.3073108601156063,-0.9292843444279257,-0.2983722100464121,0.8846295006224637,-0.3583364446152413],"GT_T":[-88.6082497400292,-10.760620650613454,964.3172295077331],"R_pred":[0.8837850341475046,0.3637164169660025,0.294337190049621,0.4329642511758453,-0.3972322116625899,-0.809165327495801,-0.17738650067193173,0.84256568767489,-0.5085440898607576],"T_pred":[-141.07204853693995,-17.61046541298864,813.5518122750087],"rotation_error":16.15380590751733,"translation_error":159.77979093373744,"ADD":0,"ADD_S":0}}
{"id_image":622,"data":{"Best_template_id":50,"GT_R":[0.9358958067603858,0.3430324535581102,0.08018180124735608,0.19374388555604538,-0.31111304662066736,-0.9304150013048041,-0.29421723575001135,0.8863062631793649,-0.35762948384874665],"GT_T":[-83.43819982762545,-5.053716461847852,967.0786155911538],"R_pred":[0.7979262113295593,-0.577454408921199,-0.17280094586177347,-0.4079511341309571,-0.3063312337204625,-0.8600796750351476,0.4437224734386583,0.7567744583855667,-0.4800029017628032],"T_pred":[-46.06791559457289,26.070222095349628,415.63550533878157],"rotation_error":57.887130951189924,"translation_error":553.5835452212983,"ADD":0,"ADD_S":0}}
{"id_image":625,"data":{"Best_template_id":45,"GT_R":[0.9352294809121806,0.3444095019207034,0.0820292746135112,0.19417997506233284,-0.3052466113721943,-0.9322651990929867,-0.296041735778405,0.8878106068384081,-0.3523527715357401],"GT_T":[-79.73282827625076,0.7391348581484998,968.3597505144521],"R_pred":[0.978478087865172,0.1988768655098811,0.05503293498152771,0.0994716193142195,-0.22092878522732462,-0.9702040346282763,-0.18079277783894848,0.9547976038003778,-0.23595657918001203],"T_pred":[-137.09668679568253,-8.371708356554276,992.5117971190604],"rotation_error":10.933922814481658,"translation_error":62.90422150787219,"ADD":0,"ADD_S":0}}
{"id_image":632,"data":{"Best_template_id":45,"GT_R":[0.9327144748508113,0.3512300666501815,0.08174089905130202,0.1964924548763432,-0.30492231096494016,-0.9318872280748589,-0.30238233134487913,0.885245735136925,-0.3534195580263815],"GT_T":[-71.42204336101491,8.56891278240451,969.1955081028433],"R_pred":[0.9638746159916358,0.20315672919617384,0.17225872410211687,0.2203770746257807,-0.24503365487010176,-0.9441358233646169,-0.14959836104168991,0.9479904278859108,-0.2809528056637411],"T_pred":[-130.5837779680249,-3.693565484720258,1017.3823989336406],"rotation_error":10.574144743625213,"translation_error":77.28166446771944,"ADD":0,"ADD_S":0}}
{"id_image":638,"data":{"Best_template_id":45,"GT_R":[0.9356296313132985,0.34325284522450966,0.082319151536136,0.19092692096532168,-0.2959693177229669,-0.9359210524660762,-0.2968933673476223,0.8913927468151879,-0.34245365669901295],"GT_T":[-67.92148149109404,23.54802977376037,964.1915314636705],"R_pred":[0.9534616899418875,0.2395643971466891,0.1830838754038802,0.2442932749306485,-0.25788937360699843,-0.9347801168211959,-0.17672464920553296,0.936003189417821,-0.3044116091131347],"T_pred":[-132.90601586561513,18.007623103996238,951.1717359766907],"rotation_error":8.447635945671372,"translation_error":66.50714915302308,"ADD":0,"ADD_S":0}}
{"id_image":643,"data":{"Best_template_id":45,"GT_R":[0.9430666402092888,0.3230962076468525,0.07896670093499812,0.18325186613323072,-0.3066012530065724,-0.9340312545928688,-0.27757029930000676,0.8953241546162978,-0.3483533174664319],"GT_T":[-80.6906766118461,18.659860651915654,955.1370351630754],"R_pred":[0.9604716903766395,0.20927083425834636,0.1835751887207445,0.2302824685340401,-0.22677158992724256,-0.946332198906779,-0.15641009133336012,0.9511994343620513,-0.2659990966120067],"T_pred":[-146.83756438912548,3.4683464320372037,1021.650263544542],"rotation_error":9.728336386279567,"translation_error":95.02737719540558,"ADD":0,"ADD_S":0}}
{"id_image":650,"data":{"Best_template_id":45,"GT_R":[0.9508607601459261,0.29973719374219465,0.07760544872008529,0.1754315856027121,-0.3150315687680943,-0.9327267737800021,-0.25512512974281415,0.9005077988416695,-0.3521343127401872],"GT_T":[-103.18214438615907,17.04345910782927,943.905151714281],"R_pred":[0.8049494264030702,0.5717794467850236,0.15850768173051,0.3994147597190169,-0.3246147556044322,-0.8573757112039474,-0.4387758774727346,0.7534543945575519,-0.48967561167567314],"T_pred":[-187.8989996302717,-5.876488758233438,1102.2705365761901],"rotation_error":19.61181762244254,"translation_error":181.05762810524044,"ADD":0,"ADD_S":0}}
{"id_image":653,"data":{"Best_template_id":45,"GT_R":[0.9529410583440105,0.2950638607124006,0.06957934371816593,0.16792988065591996,-0.3226938646508236,-0.9314871483472297,-0.2523953078989901,0.8993364497967096,-0.35705821279028765],"GT_T":[-106.55011844619138,16.99224486196726,932.3347728198781],"R_pred":[0.9712273093715881,0.13870200032104213,0.19359563176313704,0.2158108912346104,-0.168809922019986,-0.9617322233616433,-0.10071331965211804,0.9758406454614136,-0.19388620866400583],"T_pred":[-173.02826802129795,-1.8438987833547753,993.0814324475623],"rotation_error":14.21850905693538,"translation_error":92.00163767172387,"ADD":0,"ADD_S":0}}
{"id_image":656,"data":{"Best_template_id":45,"GT_R":[0.9467265022679756,0.3110628490980853,0.08336685664786563,0.1899059923375334,-0.33018004506582527,-0.9246176192536006,-0.2600888377187796,0.891191278118307,-0.3716621372369442],"GT_T":[-98.08913278000853,5.124690482335733,920.1721329888045],"R_pred":[0.7817449086133844,0.606560122425998,0.14477470683655128,0.4162996589817605,-0.3347629123508016,-0.8453569580041792,-0.4642946174453467,0.7211231589659065,-0.5142099744407057],"T_pred":[-193.15751350572336,-26.58453697442093,1137.5135826297458],"rotation_error":21.04502653140186,"translation_error":239.33402986566622,"ADD":0,"ADD_S":0}}
{"id_image":662,"data":{"Best_template_id":45,"GT_R":[0.9304569516516803,0.3542521794213025,0.09357218759837697,0.21656673613575989,-0.3257275211808568,-0.9203261473325247,-0.29554866538418617,0.8765891966504576,-0.3797942202109069],"GT_T":[-63.90856590564423,1.9320478336129128,911.8643244028643],"R_pred":[0.8275859499855593,0.4859016654345338,0.2810712844003217,0.4572968742868196,-0.29320291935607207,-0.8395901481369239,-0.325547330128823,0.823366030152461,-0.4648519293678063],"T_pred":[-148.5797540607795,-27.67527128958353,1057.1009217888848],"rotation_error":15.179714983606944,"translation_error":170.70287832820546,"ADD":0,"ADD_S":0}}
{"id_image":666,"data":{"Best_template_id":45,"GT_R":[0.9230607528072513,0.3735004987691907,0.09195961017891392,0.2239428778753643,-0.327439162562388,-0.9179502981165679,-0.3127442903127265,0.8679176110627156,-0.38588883913398414],"GT_T":[-49.00299762144687,0.8501520980518755,903.4605382787124],"R_pred":[0.9588911968539817,0.23722640351045074,0.1557283085165815,0.23346125347669008,-0.34751593324009106,-0.9081456487091492,-0.161318057640896,0.9071693941165374,-0.3886131426717362],"T_pred":[-120.48079175045527,-15.231656143044782,954.026959733039],"rotation_error":8.976346677318196,"translation_error":89.0205739621403,"ADD":0,"ADD_S":0}}
{"id_image":669,"data":{"Best_template_id":45,"GT_R":[0.9120191712980198,0.3976239426958458,0.10058356728154888,0.24272348755400072,-0.32556350348694774,-0.9138346502722724,-0.33061607443158536,0.8578487656864409,-0.3934320977025474],"GT_T":[-31.12144419360374,-1.3737588603767534,894.4138373554555],"R_pred":[0.7820492925898137,0.5893051686061651,0.20277653269999174,0.4623715600794366,-0.3304795703573767,-0.8227975413223545,-0.41786534241245643,0.7372263369077796,-0.5309292643846801],"T_pred":[-111.96447433890933,-32.96637990838789,1049.5811027646578],"rotation_error":16.346994913503767,"translation_error":177.79361485252457,"ADD":0,"ADD_S":0}}
{"id_image":678,"data":{"Best_template_id":45,"GT_R":[0.9009711390129848,0.42046602742189576,0.10705272794913653,0.2590887407718967,-0.3234625878608688,-0.9100796445505832,-0.3480300006345762,0.8476912375041177,-0.40036898153658435],"GT_T":[-13.204961581632094,-3.9436661954737673,883.9608652431857],"R_pred":[0.9149362279926522,0.3846629720883749,0.1221724052751542,0.2733169709928787,-0.3677937310508077,-0.8888338454216312,-0.29696722390502345,0.8466180775909905,-0.44164272735128274],"T_pred":[-87.67300595832054,-25.604767351346727,962.5813589355039],"rotation_error":3.765465319431438,"translation_error":110.43493543710362,"ADD":0,"ADD_S":0}}
{"id_image":688,"data":{"Best_template_id":45,"GT_R":[0.9079560229430775,0.4004496426120808,0.12351561325163135,0.261657231049163,-0.31149856333411835,-0.913511924271631,-0.32734142161130164,0.8617476172818789,-0.3876078752521882],"GT_T":[-46.411570317207506,1.3304906553766038,882.534224103556],"R_pred":[0.8194584182247493,0.5183285397603815,0.24458827786805937,0.4574055600134937,-0.3342995013169371,-0.8240291239319091,-0.3453520732083921,0.7871336406793437,-0.5110308965625733],"T_pred":[-132.26630276970425,-30.440588213886574,1022.9052871327144],"rotation_error":13.116280429151416,"translation_error":167.5842232220644,"ADD":0,"ADD_S":0}}
{"id_image":742,"data":{"Best_template_id":45,"GT_R":[0.9596534100792125,0.23980524717181514,0.146832582345193,0.2269803950201807,-0.35242447028348645,-0.9078966214806684,-0.16597079635387227,0.9045943862944287,-0.39263667063087654],"GT_T":[-125.2268190642662,-50.53427058510674,905.0930227436014],"R_pred":[0.935812649967241,0.30222311010831476,0.18142732946760598,0.289938355474704,-0.36722839276841585,-0.8837867715514587,-0.20047552016621373,0.8796615822355682,-0.4312830469110773],"T_pred":[-214.05179988035917,-83.10406477311449,1034.7050919364083],"rotation_error":4.748582963795299,"translation_error":160.46793197043894,"ADD":0,"ADD_S":0}}
