30.86816044523715 5.8399222463962 -2.5028238198840858
7.508471459652304 -2.5028238198840858 4.171373033140143
4.171373033140143 9.17702067290836 4.171373033140143
35.87380808500537 -9.177020672908338 0.8342746066280285
35.87380808500537 -67.57624313687054 10.845569886164418
32.53670965849321 -40.87945572477354 -0.8342746066280285
35.87380808500537 7.508471459652304 2.5028238198840858
35.87380808500537 15.85121752593259 2.5028238198840858
14.182668312676533 -10.845569886164418 20.856865165700807
19.188315952444704 0.8342746066280285 0.8342746066280285
27.531062018725038 -52.55930021756598 -2.5028238198840858
37.54235729826143 -24.19396359221292 0.8342746066280285
2.5028238198840858 5.8399222463962 4.171373033140143
29.199611231981095 14.182668312676533 -2.5028238198840858
2.5028238198840858 24.19396359221292 5.8399222463962
19.188315952444704 10.845569886164418 -0.8342746066280285
10.845569886164418 -22.525414378956842 2.5028238198840858
30.86816044523715 -62.57059549710235 -2.5028238198840858
44.216554151285656 -35.873808085005344 -2.5028238198840858
34.205258871749315 14.182668312676533 0.8342746066280285
7.508471459652304 14.182668312676533 2.5028238198840858
20.856865165700807 9.17702067290836 -0.8342746066280285
10.845569886164418 2.5028238198840858 5.8399222463962
10.845569886164418 19.188315952444704 4.171373033140143
32.53670965849321 22.525414378956864 2.5028238198840858
25.862512805468977 4.171373033140143 20.856865165700807
29.199611231981095 -69.2447923501266 -0.8342746066280285
10.845569886164418 -7.508471459652281 4.171373033140143
2.5028238198840858 15.85121752593259 5.8399222463962
34.205258871749315 2.5028238198840858 2.5028238198840858
