{"id_image":1,"data":{"GT_R":[0.5001264964919965,-0.8653303241370234,-0.0328347976545731,-0.39564000860994214,-0.19460677790656813,-0.8975506642977844,0.7702876557990976,0.4618796607773614,-0.4396866701767152],"GT_T":[42.32000523894471,-2.651275137921104,1008.5038635888244],"R_pred":[0.45524594350375425,-0.8898198836942928,-0.031172191223133583,-0.43252632750497494,-0.1904141178274837,-0.8812851069586052,0.7782493860829158,0.41468426340320214,-0.47155578116200436],"T_pred":[51.813477072400026,31.49323872355339,777.0511402873204],"rotation_error":3.524239385869448,"translation_error":234.15024441151365,"ADD":0,"ADD_S":0}}
{"id_image":2,"data":{"GT_R":[0.5009017279385813,-0.864940560561748,-0.03124813974031689,-0.3957659744827941,-0.19678830784262275,-0.8970185519605798,0.7697181895691028,0.4616854309761463,-0.4408854991456858],"GT_T":[43.06123887565176,-2.7220326346694645,1008.6817615667894],"R_pred":[0.45076497598258447,-0.8921287389394911,-0.030286128601280937,-0.4634793030922696,-0.20491539523796415,-0.8620885200485928,0.762887850232604,0.40263630481205026,-0.5058518894051633],"T_pred":[50.05614893007032,26.235754058123966,705.5578957488707],"rotation_error":5.265556691932634,"translation_error":304.58424155759326,"ADD":0,"ADD_S":0}}
{"id_image":3,"data":{"GT_R":[0.5013381548621472,-0.8646351316360075,-0.032670189810414994,-0.39578959066711406,-0.1955860223700926,-0.8972715144590079,0.7694221799097567,0.46276774100501383,-0.44026849476095525],"GT_T":[43.64156949369074,-3.1055882496527714,1008.8938642534031],"R_pred":[0.45156565305638763,-0.8921973874345096,-0.00850193123907178,-0.4401352974070064,-0.21445563659399663,-0.8719459271706645,0.7761245911296744,0.3974828320671212,-0.48952836205443334],"T_pred":[51.621322972283366,29.77168989978215,750.4889809741088],"rotation_error":4.711648509709488,"translation_error":260.6101985469489,"ADD":0,"ADD_S":0}}
{"id_image":4,"data":{"GT_R":[0.5026789215966372,-0.8638066355023728,-0.03394964616536736,-0.394896837771606,-0.19451528812340038,-0.8978975997680193,0.7690055832896597,0.4647610857813817,-0.4388927566781924],"GT_T":[44.35827009310664,-3.015970458017196,1009.1037440399837],"R_pred":[0.5689495364648933,-0.8215829087495548,0.03602705937214051,-0.2543395247617854,-0.21745399476646687,-0.9423508721829966,0.7820535986109469,0.526986986756529,-0.3326813560885877],"T_pred":[54.909473681853484,34.627212356736976,752.9805815585311],"rotation_error":8.945525046199377,"translation_error":259.089581938558,"ADD":0,"ADD_S":0}}
{"id_image":5,"data":{"GT_R":[0.5030911538907403,-0.8635481051173304,-0.03441973377362407,-0.39670356979788046,-0.1953642060282748,-0.8969158665551473,0.7678053886002042,0.46488577754709837,-0.440858219709927],"GT_T":[45.25129463743594,-3.8692038379730604,1009.2681429215606],"R_pred":[0.5218809663277398,-0.8522944288139113,-0.03513493414811636,-0.3974326950372945,-0.2064997719166522,-0.8940945683280729,0.7547764635309031,0.48057470887588216,-0.4464979723231049],"T_pred":[54.51671649024886,30.51739428970369,756.2989418825304],"rotation_error":1.3195830620927882,"translation_error":255.4637016235971,"ADD":0,"ADD_S":0}}
{"id_image":6,"data":{"GT_R":[0.5032812399539148,-0.8634939072822351,-0.032975955886463966,-0.39489072566357253,-0.19588058559332033,-0.8976031600319138,0.7686152122418007,0.4647689557194391,-0.439568191448678],"GT_T":[45.73138922623557,-3.972250109369473,1009.3471890065588],"R_pred":[0.3944950300949652,-0.9094457686555741,0.13146126845897976,-0.13732336184133292,-0.1998057498113881,-0.9701649120819115,0.9085790915066043,0.36467253285212,-0.20371052564914932],"T_pred":[60.113713933404654,45.74755512060393,919.1038986496452],"rotation_error":18.095754580268068,"translation_error":104.03250333684731,"ADD":0,"ADD_S":0}}
{"id_image":7,"data":{"GT_R":[0.5030934931359188,-0.8635469828240272,-0.034419478508590104,-0.39604726189893685,-0.1949688941933354,-0.8972924034774176,0.7681430288625536,0.4650537949854186,-0.44009231131602156],"GT_T":[46.292352826792666,-3.9676799141556085,1009.5370522997496],"R_pred":[0.3656060696589819,-0.9307391358257241,0.007540747369836398,-0.5668466244156946,-0.22907580277493222,-0.7913337987041579,0.7382527387128637,0.2850419927403759,-0.6113378412609116],"T_pred":[53.57656759103399,28.002136714394993,792.6533295167139],"rotation_error":14.611329853761623,"translation_error":219.34830331740292,"ADD":0,"ADD_S":0}}
{"id_image":8,"data":{"GT_R":[0.5037057035236973,-0.8632006960712589,-0.03412673922436323,-0.39674057494591236,-0.196058135804713,-0.8967479174713975,0.7673836633394139,0.46523714588839293,-0.4412223377546657],"GT_T":[47.52609554303445,-4.345681484220606,1009.7481697182915],"R_pred":[0.4932144458793083,-0.8699004378022999,0.003569129772534929,-0.3912550600589333,-0.22549376814649286,-0.892228691819186,0.7769549461546961,0.438663639749709,-0.4515697319432412],"T_pred":[54.272735208843265,28.351680196185416,717.0812522136624],"rotation_error":2.362211721432956,"translation_error":294.56503392171464,"ADD":0,"ADD_S":0}}
{"id_image":9,"data":{"GT_R":[0.5061625047313618,-0.8616387200469376,-0.03713574686668072,-0.397346349273914,-0.19476880750032252,-0.8967616029734184,0.7654518029244473,0.4686627990936062,-0.44095333203200066],"GT_T":[48.65056750644084,-4.469275579672376,1009.6514367513001],"R_pred":[0.3823253936638794,-0.923595204535215,0.028269975580360318,-0.4221326448626398,-0.2017948126565552,-0.8837889361867902,0.8219679577094428,0.325961273381456,-0.46703096766114727],"T_pred":[54.60865559756212,31.15710358733851,784.6991288926711],"rotation_error":8.93318917036789,"translation_error":227.83388360201522,"ADD":0,"ADD_S":0}}
{"id_image":10,"data":{"GT_R":[0.5062682919470242,-0.8615805826841335,-0.03704190718524099,-0.3976232558099291,-0.19509850188451386,-0.8965667260427659,0.7652378322187684,0.46863237160800836,-0.441356573345366],"GT_T":[49.45849327979397,-4.599786111525991,1009.9441157297457],"R_pred":[0.4775450938980571,-0.8777285373666336,-0.039284831501819883,-0.43655662754692603,-0.19823954223142665,-0.8775644676265837,0.7624755696012502,0.4362266596485189,-0.4778465309836879],"T_pred":[55.06226756390445,25.976068928348802,710.617532252173],"rotation_error":2.9680158084533628,"translation_error":300.936353360645,"ADD":0,"ADD_S":0}}
{"id_image":11,"data":{"GT_R":[0.5067709128250352,-0.8612704955727873,-0.03738181429172195,-0.39767510247138255,-0.19507880695415847,-0.8965479988501307,0.7648778126441941,0.4692112166076139,-0.4413653536692988],"GT_T":[50.306995974017674,-4.445036980345668,1010.1011166657873],"R_pred":[0.42097022725061817,-0.9051132939770186,-0.05961537414655471,-0.5300594586018454,-0.19213342768654307,-0.8259066026568247,0.736084939470494,0.3792817831526991,-0.5606463152944359],"T_pred":[52.20459379571411,21.71368568851762,662.6081049246254],"rotation_error":9.550920542498089,"translation_error":348.48138093462427,"ADD":0,"ADD_S":0}}
{"id_image":12,"data":{"GT_R":[0.5073982282542118,-0.8609339754609964,-0.03661430730960315,-0.3958549454480236,-0.19513837242933962,-0.8973402336557758,0.7654053037163352,0.4698029244047276,-0.4398175268786094],"GT_T":[50.54313386987208,-3.5231307543494426,1010.3977169000926],"R_pred":[0.45858112039271925,-0.8880423233916914,-0.0329270084345068,-0.5239891684827522,-0.24028807807087205,-0.8171272794673795,0.7177316401915923,0.39197253909182683,-0.575516134670257],"T_pred":[53.04934170695091,24.024217297859508,693.9985938970027],"rotation_error":9.492134472244452,"translation_error":317.60595476085865,"ADD":0,"ADD_S":0}}
{"id_image":13,"data":{"GT_R":[0.5066682746531154,-0.8612912162424465,-0.03827431825797001,-0.39723637694385294,-0.19381877559389876,-0.8970160114628967,0.7651739952750427,0.4696941567052446,-0.44033724050400236],"GT_T":[50.601061174196595,-3.258033743256809,1010.685832666609],"R_pred":[-0.9213739849141148,-0.3828736194653766,0.06691615231740772,0.17120876658110679,-0.5543579953553727,-0.8144782202314247,0.3489377282112965,-0.738982411497767,0.5763223553946919],"T_pred":[-4.114920858871968,43.211998867475636,569.4002315729872],"rotation_error":110.59333912311524,"translation_error":447.0864394647245,"ADD":0,"ADD_S":0}}
{"id_image":14,"data":{"GT_R":[0.5069033313626219,-0.8612187749902518,-0.03676203115351873,-0.3952113309906387,-0.19429282432142683,-0.8978073068196141,0.7660662082556393,0.4696313135484109,-0.4388504901558682],"GT_T":[50.189648731345216,-1.9005951995540626,1010.8516649404415],"R_pred":[0.4615138773839984,-0.8824585095193994,-0.09095009598008691,-0.5508161174152556,-0.20467570020773318,-0.8091411882607737,0.6954182524046737,0.4235266658916221,-0.5805330460026851],"T_pred":[52.70730228243983,21.420692775162507,639.0496477429517],"rotation_error":10.328819996702885,"translation_error":372.5412205975676,"ADD":0,"ADD_S":0}}
{"id_image":15,"data":{"GT_R":[0.5055678438280565,-0.862026527844372,-0.036222053018596545,-0.39517929378711436,-0.19403966827129984,-0.8978761191147441,0.7669648185506156,0.4682517326935097,-0.43875441614893557],"GT_T":[49.575250394201845,-1.2099761474370818,1010.9587342628133],"R_pred":[-0.9609927664476972,-0.21663443908732077,0.1719372636647558,-0.07985083909049506,-0.37787251248333775,-0.9224078316049109,0.2647956690199931,-0.9001565886615794,0.3458343093988834],"T_pred":[-8.723436100102099,35.08989109307506,558.4430231071182],"rotation_error":111.78939537275693,"translation_error":457.6973738742494,"ADD":0,"ADD_S":0}}
{"id_image":16,"data":{"GT_R":[0.5037682779459964,-0.8630330956068782,-0.037312602532538076,-0.39668481127072375,-0.19275037257934122,-0.8974898500209292,0.7673710838536858,0.46692845957513246,-0.4394531450512368],"GT_T":[49.390186473463984,-1.0143793795995815,1011.2956039317587],"R_pred":[0.40394953472206374,-0.9145576138497804,-0.02022731685677298,-0.40763581427530965,-0.16016505846496615,-0.8989884298293385,0.818937003876326,0.3713913367275952,-0.43750503846899463],"T_pred":[55.0620886632478,33.13784174549068,765.5953124832675],"rotation_error":6.521727390475966,"translation_error":248.12734210501878,"ADD":0,"ADD_S":0}}
{"id_image":17,"data":{"GT_R":[0.503564735730858,-0.8631326518965813,-0.0377451252265843,-0.3954600895903296,-0.19143396286937056,-0.8983120183281498,0.7681369578947053,0.46728571997044294,-0.4377337585647206],"GT_T":[49.057979098759525,0.20448701133587743,1011.463764019386],"R_pred":[0.4697416552190894,-0.8826651335418896,-0.015653733788082658,-0.4062040894307788,-0.20036474647236047,-0.8915448424508878,0.7837990910187009,0.4251543606745023,-0.45266185449816],"T_pred":[55.34021924974993,33.11677244169314,745.4175235243564],"rotation_error":2.7169218412159126,"translation_error":268.1478829957513,"ADD":0,"ADD_S":0}}
{"id_image":18,"data":{"GT_R":[0.5040655022005641,-0.8627923227183599,-0.03882113738367426,-0.3969144407420701,-0.1914985497191333,-0.8976557986352015,0.7670571008226642,0.4678871757745565,-0.4389825562309384],"GT_T":[48.98463945142019,0.8260954157699665,1011.4679946196266],"R_pred":[0.4036540717252568,-0.9134671111104895,-0.05139287206489096,-0.5235072672925036,-0.18453580642604328,-0.8317972572920793,0.750335612557179,0.3626628917688531,-0.552695300742006],"T_pred":[55.279997186133386,32.246030079961756,760.8587155481025],"rotation_error":9.726924136245168,"translation_error":252.64966768246325,"ADD":0,"ADD_S":0}}
{"id_image":19,"data":{"GT_R":[0.5044604295042011,-0.8625513317709681,-0.0390639905519683,-0.3951309788214506,-0.19039160028674154,-0.8986781397772404,0.7677186531962397,0.468783137703291,-0.4368646235416356],"GT_T":[49.452312373968695,1.4464723837807787,1011.7490973738704],"R_pred":[0.3902532449648355,-0.9204846420366382,0.02025903672679702,-0.40668892708370136,-0.19207919626134246,-0.8931459561298501,0.8260184752061683,0.34031398169672455,-0.4493104410981319],"T_pred":[55.39591546822628,36.29255661160022,767.009843289348],"rotation_error":8.124088392093398,"translation_error":247.2789487473666,"ADD":0,"ADD_S":0}}
{"id_image":20,"data":{"GT_R":[0.5039702339491582,-0.8627204612843828,-0.041564344097394706,-0.39592862029257064,-0.1879837896437683,-0.8988335256350272,0.7676291190493056,0.469443031117989,-0.4363143186559454],"GT_T":[49.62384101034263,2.0742088158149103,1011.8724494216851],"R_pred":[0.4883678244041083,-0.8725785491640707,-0.010175638826267763,-0.3672667757018599,-0.19494746742643176,-0.9094562113755559,0.7915882664317082,0.44788632540271356,-0.4156751808382326],"T_pred":[57.38766159708686,36.136149893860356,751.934616368497],"rotation_error":2.488683722496419,"translation_error":262.2749888809348,"ADD":0,"ADD_S":0}}
{"id_image":21,"data":{"GT_R":[0.5049960790150465,-0.8620582829876381,-0.04283578479948241,-0.3958184688237854,-0.18719819236902857,-0.8990458671586633,0.7670113367271256,0.4709712516722286,-0.43575258263140676],"GT_T":[50.92804133022377,2.2449102708432926,1012.1982888743561],"R_pred":[0.4919213602976974,-0.869473699250406,0.04504288617170571,-0.32686506806564936,-0.23238615386899075,-0.9160545304557016,0.8069526643870141,0.4359038446742495,-0.39851629281236],"T_pred":[58.26127268663658,37.946405023258485,761.7836127248177],"rotation_error":5.6228002034290965,"translation_error":253.05312296188248,"ADD":0,"ADD_S":0}}
{"id_image":22,"data":{"GT_R":[0.5066398106659181,-0.861158143604939,-0.04150025784796672,-0.395076289202368,-0.18911037936519245,-0.8989726515605039,0.7663094659808194,0.4718517018453956,-0.43603386928365884],"GT_T":[51.99116984726801,2.138993597346919,1012.4404754907737],"R_pred":[0.48388270907406095,-0.8731809200749845,-0.0584175031660068,-0.43765868214264625,-0.18364711845701237,-0.8801866925985633,0.7578340199570807,0.45147404875522934,-0.47101887594474545],"T_pred":[59.39070476390554,34.59859444647068,761.1195041649878],"rotation_error":2.8236835664640276,"translation_error":253.51648749618528,"ADD":0,"ADD_S":0}}
{"id_image":23,"data":{"GT_R":[0.5073118558576675,-0.8608477855730522,-0.039696801415910025,-0.39413230035389507,-0.19081122927187938,-0.899027449329396,0.7663514094588711,0.47173423865879005,-0.43608805774983606],"GT_T":[52.06593569146139,2.152298524387307,1012.5904018266723],"R_pred":[0.475707742009709,-0.8784132418377856,-0.04574189279048568,-0.425869095712503,-0.184505767852075,-0.8857726203413218,0.7696347559128546,0.4408489516754558,-0.46185987517602406],"T_pred":[58.67454734696728,35.13222563119672,754.0235589812285],"rotation_error":2.6244029754558933,"translation_error":260.74539604572925,"ADD":0,"ADD_S":0}}
{"id_image":24,"data":{"GT_R":[0.5066386610223372,-0.8612393593373445,-0.03981278278200452,-0.39410404406593813,-0.19027323417819256,-0.8991541406224669,0.7668118285934418,0.4712368994813121,-0.4358171649361252],"GT_T":[51.807433513708155,2.9758928838755607,1012.7556721270093],"R_pred":[0.424154603401389,-0.9037874766919685,-0.05710577368511177,-0.471381913341095,-0.16650068268741947,-0.866069636022134,0.7732347406760116,0.394266051847465,-0.4966511010481232],"T_pred":[54.408643825491694,28.82681784961524,662.5782492876895],"rotation_error":6.562494338063334,"translation_error":351.1399494262341,"ADD":0,"ADD_S":0}}
{"id_image":25,"data":{"GT_R":[0.5084839247192972,-0.8601974660666355,-0.038793282389534466,-0.3918018465023916,-0.19101625338091863,-0.9000019190056052,0.7667695736490238,0.4728365167245286,-0.4341554994681809],"GT_T":[51.52605286860871,3.9966025756328665,1012.9489302524612],"R_pred":[0.43525612811211944,-0.8981550986222756,-0.06220548014168453,-0.5160700426968018,-0.19228380780990323,-0.8346847598255559,0.737715266191346,0.3954040415485597,-0.5472036457803411],"T_pred":[52.818716723749205,27.06613370216569,657.8053022276139],"rotation_error":8.761932575595129,"translation_error":355.89446578008426,"ADD":0,"ADD_S":0}}
{"id_image":26,"data":{"GT_R":[0.5080195786228447,-0.860429911736247,-0.03969958706716287,-0.39222260790691216,-0.19005140499896758,-0.9000228283810683,0.7668620088095001,0.4728005315986048,-0.43403029521011094],"GT_T":[51.458788809760726,4.30243328066773,1013.1325224021267],"R_pred":[0.3455160059504867,-0.9370208434241354,0.05109431104091078,-0.24748209837145413,-0.1435057732230538,-0.9582059820504751,0.9051913060882132,0.3184305764846955,-0.2814794261432606],"T_pred":[57.206767770098345,43.35745029634758,797.5583979614851],"rotation_error":14.830828468885223,"translation_error":219.15870218764476,"ADD":0,"ADD_S":0}}
{"id_image":27,"data":{"GT_R":[0.5059792523545288,-0.8616522524360478,-0.03925632605955448,-0.39262997866559135,-0.18955917292905092,-0.8999494833438857,0.7680019835358758,0.4707690911783215,-0.43422275968179397],"GT_T":[51.509968035713385,5.09631520021336,1013.5798760628845],"R_pred":[0.16523882720763983,-0.9844111314338286,-0.06025657053145694,-0.6263176445272771,-0.05754307691045879,-0.7774413176912326,0.761854538699381,0.16620324488061544,-0.6260624116286709],"T_pred":[50.12690220558434,26.052049980149636,725.7060828406685],"rotation_error":24.085887692672483,"translation_error":288.63883403901957,"ADD":0,"ADD_S":0}}
{"id_image":28,"data":{"GT_R":[0.5064607057722309,-0.861269006352524,-0.04138797983552719,-0.3932331958493136,-0.18798710639790414,-0.9000158985978319,0.7673753161117332,0.4720983079039113,-0.43388759098821067],"GT_T":[52.87429679547367,5.294991114265983,1014.1162183970162],"R_pred":[0.4082775317107077,-0.9086616063986664,-0.08742735359832393,-0.5597648989156704,-0.17355125192476917,-0.8102735469563809,0.7210913361302718,0.379755247511262,-0.5794939490154486],"T_pred":[55.27594753437827,28.225983756024316,679.454416690507],"rotation_error":11.612261034833715,"translation_error":335.45509367313974,"ADD":0,"ADD_S":0}}
{"id_image":29,"data":{"GT_R":[0.5079706375043387,-0.8604680630838634,-0.03949684506601442,-0.391648641032611,-0.18988127326582738,-0.9003087295095348,0.7671876888637946,0.4728001641692404,-0.43345587205864744],"GT_T":[53.739852825898545,6.082588234476445,1014.5104948051039],"R_pred":[0.434442698868736,-0.8964080220648483,-0.08781912876723225,-0.5303799603478743,-0.17579995804196658,-0.829331943442329,0.7279812079037731,0.4068747138004887,-0.5518118594310331],"T_pred":[55.58090746181289,27.98086726332645,654.2541404128028],"rotation_error":9.373282487605957,"translation_error":360.9259826981552,"ADD":0,"ADD_S":0}}
{"id_image":30,"data":{"GT_R":[0.5091398155865886,-0.8596896417398929,-0.04135566377367882,-0.39154063801199834,-0.188559913461795,-0.9006333543052661,0.7664669267606602,0.47474163567915695,-0.4326066829773588],"GT_T":[53.63963360323057,6.886828391262199,1014.564620450397],"R_pred":[0.5993093775582995,-0.8003749047798154,-0.015108996306369582,-0.25415638744208674,-0.17234338140376199,-0.9516839231639387,0.7590999938697618,0.5741931475427229,-0.306707399033523],"T_pred":[63.391345121868,45.66920547744776,777.1666608165749],"rotation_error":9.926214841616542,"translation_error":240.74251782412603,"ADD":0,"ADD_S":0}}
{"id_image":31,"data":{"GT_R":[0.507777641910363,-0.8604828380157731,-0.0416058977065874,-0.39057664211758225,-0.18689844537891417,-0.901398022157786,0.7678618414562705,0.47396078409117265,-0.4309876360478616],"GT_T":[52.850812843091546,8.208848044666052,1014.9314378822642],"R_pred":[0.3757037301845272,-0.9262334187770438,-0.030632679706822596,-0.4665443716130428,-0.1604753074875535,-0.8698183862180461,0.800739068886752,0.3410855165898491,-0.49242015995591937],"T_pred":[54.47458025908808,33.51391530899733,685.3670923661679],"rotation_error":9.236568403389233,"translation_error":330.53841060507096,"ADD":0,"ADD_S":0}}
{"id_image":32,"data":{"GT_R":[0.5071773554105063,-0.8609340056739281,-0.03955488710840573,-0.3896571741078974,-0.18812790900773152,-0.9015397919397429,0.7687245416142158,0.4726541137582747,-0.43088333825548936],"GT_T":[52.19534864137491,9.387441746411518,1015.1258561399227],"R_pred":[0.538832046678652,-0.8422828521083602,0.014819666538102738,-0.2172557208113607,-0.15593841620588628,-0.9635783113613213,0.8139164436518225,0.5159872163100611,-0.26701538412189585],"T_pred":[60.12862320847845,46.6643647273941,748.6998402791097],"rotation_error":10.710657756536992,"translation_error":269.1381202277993,"ADD":0,"ADD_S":0}}
{"id_image":33,"data":{"GT_R":[0.5069762796914552,-0.8610446709141976,-0.03971993995969538,-0.38964409581981535,-0.18782842626285076,-0.9016085178653565,0.7688643237187431,0.47257087506656514,-0.4307257265300267],"GT_T":[51.41749801665413,10.755071961901939,1015.0471071780531],"R_pred":[0.46843078682772443,-0.8788590815246049,-0.09043955314842161,-0.5199432971626292,-0.19146361851735566,-0.8324666062491,0.7143049528650995,0.43697642683097687,-0.5466443420601915],"T_pred":[53.66803848923006,31.79944739847972,644.3938859681568],"rotation_error":8.489412915331942,"translation_error":371.2569744303892,"ADD":0,"ADD_S":0}}
{"id_image":34,"data":{"GT_R":[0.5069236689862009,-0.8609890507085378,-0.041555454284156385,-0.39023388301333645,-0.18623783727034546,-0.901683176483115,0.7686002115671364,0.4733010249746108,-0.43039518812837607],"GT_T":[50.468566440747395,12.26391075844882,1015.1548287692142],"R_pred":[0.41695144700054465,-0.9057522480407494,-0.07592335617766449,-0.5057102676581602,-0.16176506023058856,-0.8474014340757903,0.7552540076221137,0.39172047490234996,-0.525496387725942],"T_pred":[52.850689364544,33.51033131372295,655.2978920378638],"rotation_error":8.509780098083347,"translation_error":360.49146981545454,"ADD":0,"ADD_S":0}}
{"id_image":35,"data":{"GT_R":[0.5055507719345511,-0.8616886686446483,-0.0437123523610717,-0.3913999668641435,-0.1838943831416311,-0.9016585665029683,0.7689102272166535,0.4729442294881544,-0.4302328066258102],"GT_T":[49.61280628422614,13.644723423040826,1015.3484905933412],"R_pred":[0.49997206580576004,-0.8658613454117471,-0.017665331462493605,-0.31499477040732093,-0.1628102075798069,-0.9350246686178174,0.8067256212802217,0.4730507021763939,-0.35414235152048806],"T_pred":[57.269618487463035,47.78792301973315,762.3160647071759],"rotation_error":5.020129467369325,"translation_error":255.44039109282025,"ADD":0,"ADD_S":0}}
{"id_image":36,"data":{"GT_R":[0.50416165133079,-0.8624681350663914,-0.04438104755952715,-0.3925585120166676,-0.18309320463706796,-0.9013180710620007,0.7692320822051975,0.4718331372843321,-0.43087753129031103],"GT_T":[49.06423910977439,14.585786535142725,1015.4234783853872],"R_pred":[0.4842922144766496,-0.8741758586738406,-0.03574379819151757,-0.40516863425309113,-0.18787867535191433,-0.894728998728383,0.7754349932875013,0.44779255404691953,-0.4451768184950215],"T_pred":[55.889416587452345,46.12805852117861,769.6993250262151],"rotation_error":1.6473665084320275,"translation_error":247.83433481607182,"ADD":0,"ADD_S":0}}
{"id_image":37,"data":{"GT_R":[0.5043634246274993,-0.8622383567898039,-0.046503823195595116,-0.3933442491919297,-0.18147473008897522,-0.9013028584312835,0.7686985215074458,0.4728768733280551,-0.4306852321890087],"GT_T":[47.84852521011831,15.304347587252042,1015.4748204137464],"R_pred":[0.4413115312969348,-0.895905977242593,-0.05095696503274899,-0.4049111387636238,-0.14813460295760833,-0.9022766256042196,0.8008065322220466,0.4188181220381779,-0.4281358179397212],"T_pred":[54.51104540671452,44.78528057801951,751.6983943086108],"rotation_error":4.119725199060853,"translation_error":265.50238709694173,"ADD":0,"ADD_S":0}}
{"id_image":38,"data":{"GT_R":[0.5028049375918854,-0.8631206598875105,-0.04701453192019083,-0.39346859015658464,-0.18010596391750386,-0.9015233138390982,0.7696561883729217,0.4717890603264848,-0.4301682569110186],"GT_T":[46.99530424573075,15.734596061741446,1015.6676646901194],"R_pred":[0.5419656688210989,-0.8404005874793479,-0.0002576502784751855,-0.3055037260633386,-0.1967305768175472,-0.9316461525206079,0.7829052862132915,0.50499894327553,-0.363366729503242],"T_pred":[55.23708960665134,48.20909659585971,739.7571812757617],"rotation_error":5.571644679014222,"translation_error":277.9372502361288,"ADD":0,"ADD_S":0}}
{"id_image":39,"data":{"GT_R":[0.5030324619336453,-0.8629182931161111,-0.04828371446640033,-0.393819455995502,-0.17912877552213752,-0.9015644562451213,0.7693271229707194,0.4725311797299583,-0.42994117692205386],"GT_T":[46.02112578172394,16.37961869995992,1015.5572669840462],"R_pred":[0.4613804376951234,-0.8864552963956941,-0.03640191209646054,-0.4354991319485938,-0.19053937983964214,-0.879792731728528,0.772960929015353,0.4217721567651741,-0.47396165456012973],"T_pred":[52.75839789377032,44.22306148604701,738.9620893551448],"rotation_error":3.90765933968065,"translation_error":278.07470296533154,"ADD":0,"ADD_S":0}}
{"id_image":40,"data":{"GT_R":[0.5023072382683924,-0.863294192658042,-0.049108296487628184,-0.39425566836934606,-0.17811152662464166,-0.9015759715827801,0.7695776874904197,0.47222974533507733,-0.42982481572070635],"GT_T":[45.33390031860211,16.485044836549964,1015.5598024752052],"R_pred":[0.5317279304269655,-0.846914175112829,-0.0013371599801152434,-0.29570784258220295,-0.18417772354574857,-0.9373555557977372,0.7936134322447139,0.49881353845145593,-0.3483716033466314],"T_pred":[53.81984959249485,49.25281764025617,740.1220816647319],"rotation_error":6.061296536547146,"translation_error":277.5097769716638,"ADD":0,"ADD_S":0}}
{"id_image":41,"data":{"GT_R":[0.501643425397263,-0.8636614233165671,-0.04942403202059226,-0.39486832978625114,-0.17777110282780964,-0.9013742372712376,0.7696959680728039,0.4716852878364563,-0.43021050849859294],"GT_T":[44.48353084299703,17.05798942761845,1015.6103514178747],"R_pred":[0.39274685628057926,-0.9194528034770275,-0.01887985857881319,-0.3920424522115686,-0.1488208427474293,-0.9078298697596838,0.831897002366075,0.3639490334403692,-0.41891344990601487],"T_pred":[52.01544658628284,48.07942763464734,789.594110941948],"rotation_error":7.2971089704490835,"translation_error":228.25950219447247,"ADD":0,"ADD_S":0}}
{"id_image":42,"data":{"GT_R":[0.5014584991723368,-0.8637464924220233,-0.049825246110315385,-0.3946753519743588,-0.1771259284376994,-0.9015857730329185,0.7699159468105756,0.4717729513653797,-0.4297203272553463],"GT_T":[44.57890999393396,16.88805891207627,1015.7272733799191],"R_pred":[0.4720603659382304,-0.8804962578979563,-0.043420625720495376,-0.3697529483844551,-0.15304250162830868,-0.9164391686611564,0.8002760574147312,0.4486695136991645,-0.39781138672201066],"T_pred":[53.57058327221868,48.25925044817139,772.9710876097032],"rotation_error":2.8882374259785233,"translation_error":244.93992646451366,"ADD":0,"ADD_S":0}}
{"id_image":43,"data":{"GT_R":[0.5025632585849004,-0.8630989901968055,-0.04990488342090857,-0.3953601036436642,-0.17810825994444093,-0.9010917836595044,0.7688435059285914,0.4725871058375783,-0.43074587594450303],"GT_T":[44.716280303425144,16.520164195166515,1015.8580694315895],"R_pred":[0.5148211964682026,-0.8571868875192774,0.013775904037925835,-0.2729708234554151,-0.17913492737130138,-0.945197126179376,0.8126783282511729,0.4828470955288976,-0.3262094681798594],"T_pred":[54.78721763935192,50.7180019131185,770.4782813216207],"rotation_error":7.489052136238491,"translation_error":247.9559563638283,"ADD":0,"ADD_S":0}}
{"id_image":44,"data":{"GT_R":[0.5033100450223689,-0.8627467951881196,-0.04845286441809305,-0.39430039844100256,-0.17940952632197593,-0.9012985948606952,0.7688993017677602,0.47273800979812425,-0.43047907020839016],"GT_T":[44.66733494291584,16.105722064811438,1016.1428570689711],"R_pred":[0.432989786159118,-0.9013872857673374,0.00456137466924067,-0.33247348857032744,-0.16440618670472534,-0.9286721623754461,0.837843198026789,0.4005890248499115,-0.3708735750765205],"T_pred":[52.62333411140622,50.32541717502038,790.4365055185862],"rotation_error":6.7293546488854386,"translation_error":228.42426006532372,"ADD":0,"ADD_S":0}}
{"id_image":45,"data":{"GT_R":[0.5029540917368805,-0.862978723609434,-0.048022088951296296,-0.3943061063703122,-0.17965458345231497,-0.9012476644655152,0.7691298826010297,0.472222124622336,-0.4306349408645567],"GT_T":[43.9605143774396,16.44233102622499,1016.2957811272646],"R_pred":[0.43601290913154733,-0.8959493315826876,-0.08466131529323356,-0.5366597491111877,-0.18333633674829486,-0.8236407598653874,0.7224188928554971,0.40455232401291563,-0.5607569530386465],"T_pred":[48.91244389351831,35.04369999912878,652.6213232071789],"rotation_error":9.675799556019314,"translation_error":364.1835304857518,"ADD":0,"ADD_S":0}}
{"id_image":46,"data":{"GT_R":[0.503925956521511,-0.8622769174027668,-0.05037357470628641,-0.3939453371048941,-0.1775433393353635,-0.9018233154413524,0.7686772395904502,0.4742971221500647,-0.4291581729508885],"GT_T":[43.369423819245135,17.005445361468734,1016.3129809925321],"R_pred":[0.43865174563757436,-0.8983636405318183,-0.022965526763533584,-0.3123606164634049,-0.12845744327506625,-0.941238296368053,0.8426241696816621,0.4200493478600471,-0.336961502297575],"T_pred":[52.108459970973264,51.669479713495555,790.9294317132461],"rotation_error":7.458673439695031,"translation_error":228.20103048879517,"ADD":0,"ADD_S":0}}
{"id_image":47,"data":{"GT_R":[0.5047215017987277,-0.8619073082716903,-0.04870616149674392,-0.3935953843324637,-0.1795367274420482,-0.9015815544605278,0.7683344122444368,0.4742189716632381,-0.42985830309242457],"GT_T":[42.85107792895114,17.57519926515367,1016.2412705800501],"R_pred":[-0.5421584164758364,-0.8364192216132778,0.08041851254687599,0.34045446804949964,-0.30615516693717065,-0.889021804537327,0.7682154688819705,-0.4546118118499691,0.4507472616632766],"T_pred":[20.999712855046017,75.93371502091816,837.2770734526655],"rotation_error":80.0157829096067,"translation_error":189.50298776076932,"ADD":0,"ADD_S":0}}
{"id_image":48,"data":{"GT_R":[0.5036812532276679,-0.862580668070143,-0.04753972430541578,-0.3938918324645271,-0.1803291201037975,-0.9012941949730506,0.7688653691702287,0.4726907455515377,-0.43059175119317744],"GT_T":[42.562168656315386,17.468629430761144,1016.4830961353906],"R_pred":[0.42878479563396266,-0.9029247521591772,-0.029504083978819595,-0.39276076824536094,-0.1569062439295793,-0.906156393534375,0.81356166205178,0.4001341307039425,-0.42191243106282794],"T_pred":[52.01477368771213,49.87566298445867,791.7741748918661],"rotation_error":5.041200378982944,"translation_error":227.23042677436172,"ADD":0,"ADD_S":0}}
{"id_image":49,"data":{"GT_R":[0.5026076207377538,-0.8631502201962682,-0.048556880627424005,-0.39507370641503614,-0.17936491199126528,-0.9009683709350375,0.7689618655756809,0.47201801108447267,-0.4311587218401137],"GT_T":[42.13511545099111,17.162380734958294,1016.6290890156077],"R_pred":[0.4183669291452099,-0.9068653240312321,-0.050639872307651324,-0.4390187108392576,-0.15309603312461673,-0.8853384528950172,0.795129979393711,0.3926281812494292,-0.4621811627036763],"T_pred":[48.67172352209716,40.67743387179038,686.9606320390376],"rotation_error":5.707039508117238,"translation_error":330.5706830534371,"ADD":0,"ADD_S":0}}
{"id_image":50,"data":{"GT_R":[0.5025983986178134,-0.8631625146818034,-0.048423325922413676,-0.3937651300853966,-0.17869601154796103,-0.901673857136029,0.7696384167756519,0.47224811811682926,-0.42969637391119114],"GT_T":[41.35390303669282,17.91283598603566,1016.8485113893701],"R_pred":[0.503535157618909,-0.8628278456502555,-0.044502289966235786,-0.36797671903894813,-0.1675733528517689,-0.9146104666246431,0.7816939805876921,0.47691433212323914,-0.4018796343787696],"T_pred":[52.949536116790185,50.578861009540034,779.5015111942153],"rotation_error":1.7726890489235905,"translation_error":239.86480858809463,"ADD":0,"ADD_S":0}}
{"id_image":51,"data":{"GT_R":[0.501856876801704,-0.8635530275112279,-0.04914838857880854,-0.3943936853063742,-0.17789215315233853,-0.9015582266234246,0.7698010208360007,0.47183795786980764,-0.4298557917757202],"GT_T":[40.890881087770296,18.19554983046146,1016.8494922639184],"R_pred":[0.47585710460644737,-0.879132401702038,-0.02619611179498732,-0.3888562154654637,-0.18357818760248634,-0.9028232898693206,0.788892172409795,0.439801397580991,-0.42921308344033643],"T_pred":[49.43806713228541,46.866410642994275,747.0649698904439],"rotation_error":2.182532663467953,"translation_error":271.4383192574235,"ADD":0,"ADD_S":0}}
{"id_image":52,"data":{"GT_R":[0.4997204325598043,-0.8648211561415359,-0.04863072740412966,-0.3948553656988077,-0.17747040191628075,-0.9014399897648189,0.770952845897952,0.46967038651907334,-0.4301642176839093],"GT_T":[40.32248852497119,18.332744207162655,1017.1866382858258],"R_pred":[0.5049251515952278,-0.8631093330696425,0.009636931804927307,-0.26558173069108515,-0.16597090669238057,-0.9496946890737237,0.8212898000155997,0.4769653418224282,-0.31302895567431177],"T_pred":[51.21946485542149,53.91516947113986,793.9242920994506],"rotation_error":7.997536787134796,"translation_error":226.34250220729152,"ADD":0,"ADD_S":0}}
{"id_image":53,"data":{"GT_R":[0.5012792371260323,-0.8639188967288558,-0.0486190002817998,-0.39379270935800054,-0.17774076393108945,-0.9018506901741082,0.7704842916300471,0.4712253517957375,-0.42930275440210053],"GT_T":[40.02577785884355,18.175841725905425,1017.329308895813],"R_pred":[0.4590797365694319,-0.8883678216277646,-0.006957655329314638,-0.29661192775775896,-0.145887730565958,-0.9437892425653838,0.8374169569474739,0.43533824041388197,-0.33047459304790433],"T_pred":[50.55627210753615,52.92531654457035,793.692164259234],"rotation_error":7.237109679540648,"translation_error":226.56564119587273,"ADD":0,"ADD_S":0}}
{"id_image":54,"data":{"GT_R":[0.5011100984494148,-0.8641077388295796,-0.046985400257975145,-0.3935185937283501,-0.1791796359360532,-0.9016855616390016,0.7707349478130797,0.4703336798109299,-0.4298313007201704],"GT_T":[39.761131460523075,17.911731172176736,1017.5737565887373],"R_pred":[0.5024654927095784,-0.8635125476511527,-0.04329559660215315,-0.36624942099297364,-0.1672196701606204,-0.9153682010719429,0.7831920519632667,0.47579792134937804,-0.4002830845553915],"T_pred":[48.255008358461005,44.128530821614,696.3545964857973],"rotation_error":1.8771245957413898,"translation_error":322.3991553119429,"ADD":0,"ADD_S":0}}
{"id_image":55,"data":{"GT_R":[0.5012197942849753,-0.8639912628918336,-0.047943800797002945,-0.39470366856330924,-0.17896775005827148,-0.9012094739603183,0.7700566628705522,0.4706285251966464,-0.4307222317519955],"GT_T":[39.59687759846324,17.204445120741408,1017.6461033849487],"R_pred":[0.46589196267187216,-0.8838150404418271,0.04261048470226925,-0.35263394329832265,-0.22962209942261025,-0.9071510312459707,0.8115380343222529,0.40760847114058407,-0.41864227343020377],"T_pred":[47.607258333999035,47.5003836725596,761.8899398133947],"rotation_error":5.739196965159704,"translation_error":257.6688287261447,"ADD":0,"ADD_S":0}}
{"id_image":56,"data":{"GT_R":[0.5026787188190756,-0.8631342230641202,-0.0481077910742327,-0.3957501739098185,-0.18029060271486858,-0.9004870534021854,0.7685669252551439,0.4716949070911365,-0.43221323311466325],"GT_T":[39.74017283411525,16.063591097370704,1017.6010145121054],"R_pred":[0.450188065506007,-0.8929314225720375,0.0020445682761602857,-0.351499920931765,-0.1793191782247781,-0.9188538719000714,0.8208401252746612,0.4129383814859877,-0.3945926783846997],"T_pred":[48.812984724731564,48.0293450501668,766.9501367029327],"rotation_error":5.135150791466002,"translation_error":252.84380136337538,"ADD":0,"ADD_S":0}}
{"id_image":57,"data":{"GT_R":[0.5032738945379341,-0.8627482027238914,-0.048796359814256604,-0.39692023447748037,-0.18064088288171617,-0.8999016024130653,0.7675743404555199,0.47226541593344035,-0.43335403066017536],"GT_T":[39.819343157866896,14.825900178985366,1017.433842966563],"R_pred":[0.4451545500755537,-0.8952389439731383,-0.019612744348793065,-0.3765095976706079,-0.16725594706827973,-0.9111893167899905,0.8124518135920111,0.41300445683328,-0.41152080047902706],"T_pred":[49.60708485713071,48.05418669921347,791.7985792498661],"rotation_error":4.441133645807912,"translation_error":228.2787575424951,"ADD":0,"ADD_S":0}}
{"id_image":58,"data":{"GT_R":[0.5023031484720687,-0.8633569036251807,-0.04803099817532134,-0.3977091875928317,-0.1813511602596641,-0.8994099392831985,0.7678022347714014,0.4708792013580382,-0.43445810582552485],"GT_T":[39.36470645989604,14.187430462491728,1017.3487214703879],"R_pred":[0.4465169312544559,-0.8881785913536111,-0.10845008051734284,-0.5422162452106465,-0.1721706246353243,-0.8224103716772728,0.7117753673264979,0.42602355084407845,-0.5584619598445643],"T_pred":[44.63383626541813,30.884811119054365,632.6469092495786],"rotation_error":9.495103776719978,"translation_error":385.1000526819912,"ADD":0,"ADD_S":0}}
{"id_image":59,"data":{"GT_R":[0.5011459052555879,-0.8640121740920541,-0.04832938808437599,-0.3986236237082774,-0.18091892971020931,-0.8990925422383191,0.7680835760661004,0.4698424550029394,-0.43508228085903733],"GT_T":[38.96517244609122,13.77475466375259,1017.2834948743036],"R_pred":[0.46400681066189886,-0.8820922294947231,-0.08130792288824579,-0.4642167553304772,-0.16396042478861766,-0.8704135701915382,0.7544537651372787,0.4416223248072547,-0.4855607464592039],"T_pred":[46.163439676825696,34.95860187209754,646.8651391238067],"rotation_error":4.390057695857178,"translation_error":371.0934231572601,"ADD":0,"ADD_S":0}}
{"id_image":60,"data":{"GT_R":[0.4998826946613056,-0.8647840205251107,-0.04759900332819811,-0.39858034624683136,-0.18090792483166374,-0.8991144401956267,0.7689283404880605,0.4684241810704757,-0.43511805426100403],"GT_T":[37.549188067576054,13.371585643525712,1017.25380622845],"R_pred":[0.4069462137628389,-0.9105262407428871,-0.07305302199578201,-0.5306311253539904,-0.17054392859618955,-0.8302682561826242,0.7435222847431325,0.3766387305331252,-0.5525557698121957],"T_pred":[44.927472781394194,34.67582914992891,690.7840691598224],"rotation_error":9.64350217892971,"translation_error":327.2473057159633,"ADD":0,"ADD_S":0}}
{"id_image":61,"data":{"GT_R":[0.4988439585853112,-0.865352244584976,-0.04817308399899328,-0.39948985364466744,-0.18025442524294205,-0.8988413010913511,0.7691309971346207,0.4676264870613862,-0.435618169964611],"GT_T":[36.873839082604974,12.758379768708336,1017.0738093994805],"R_pred":[0.49710800379695996,-0.8676548792017684,-0.007657882107142355,-0.3061353899570907,-0.1671233113827632,-0.937203778165816,0.8118896203159774,0.468235848040093,-0.34869820050202877],"T_pred":[47.05856551398959,45.84147715284742,742.4353704926617],"rotation_error":5.928336041300015,"translation_error":276.81129332125346,"ADD":0,"ADD_S":0}}
{"id_image":62,"data":{"GT_R":[0.4991554905207974,-0.8652868930328054,-0.04608223707305305,-0.39798061367469356,-0.18169253265201316,-0.899221935540907,0.7697116285577742,0.46719088142116905,-0.43505918083761286],"GT_T":[36.38607799751691,12.997877879448083,1016.8274609636787],"R_pred":[0.5373295859756716,-0.8429632100753487,-0.026266756455191886,-0.29484250422480074,-0.15857935104250626,-0.9422953290372322,0.7901549302115765,0.5140677152694972,-0.3337507608679533],"T_pred":[48.27466008956996,48.314891108494685,786.9211894209044],"rotation_error":6.81380654194267,"translation_error":232.9066841082068,"ADD":0,"ADD_S":0}}
{"id_image":63,"data":{"GT_R":[0.4979497991910194,-0.866009246504453,-0.045544362050990814,-0.39827577099744954,-0.18172249423441972,-0.8990845825705833,0.7703388858878328,0.46583864667462926,-0.43539922253626756],"GT_T":[34.90197356490394,12.489403366466146,1016.6355072088311],"R_pred":[0.4677222556258921,-0.8786946695750124,-0.09555924472643923,-0.5223424134225834,-0.18757393182623688,-0.8318500004442613,0.7130177380206602,0.43898940506543666,-0.5467119968577562],"T_pred":[42.38287931919392,31.576862242458514,651.1609928670725],"rotation_error":8.101520555279434,"translation_error":366.04906183542056,"ADD":0,"ADD_S":0}}
