{"id_image":42,"data":{"Best_template_id":56,"GT_R":[-0.5197639258419688,0.8543006879184951,0.004032501175625359,0.44198613631726114,0.27294220844528644,-0.8544890042890172,-0.7310909788780937,-0.4423508201257327,-0.5194539758602587],"GT_T":[117.83843648302181,113.87438812200784,912.9376017770852],"R_pred":[0.30188477183675,-0.9531134878039862,0.02098246647071511,-0.3400755365097557,-0.12822315332258766,-0.9316155067513713,0.8906257429474378,0.2741049111528894,-0.36283919810460286],"T_pred":[123.29874367396908,137.64340955597757,814.2118334826312],"rotation_error":166.43652472465544,"translation_error":101.69345436102685,"ADD":0,"ADD_S":0}}
{"id_image":49,"data":{"Best_template_id":37,"GT_R":[-0.5246698616243435,0.851179815079826,0.014668254917267393,0.43718118330528494,0.2841845938788009,-0.8532954475487912,-0.7304762960703509,-0.44128570168090997,-0.521222202871109],"GT_T":[122.74841902927419,106.2065706070907,914.0879713035629],"R_pred":[0.6999104459238121,0.6758244157183153,-0.2310556790163994,0.48060221357068045,-0.6849484532324147,-0.5476012497479208,-0.5283435246103558,0.2722259641061457,-0.8042052875160582],"T_pred":[51.19324719253937,35.16599326162022,427.79404998942493],"rotation_error":79.2705371428857,"translation_error":496.6373769192603,"ADD":0,"ADD_S":0}}
{"id_image":62,"data":{"Best_template_id":56,"GT_R":[-0.5242325498787016,0.8507304149036918,0.0379192897587486,0.43973416593311554,0.3085648099562151,-0.8434588645866882,-0.7292568396073812,-0.4254939159102247,-0.5358548698389733],"GT_T":[117.47851299647276,88.98071508120417,912.6552302263145],"R_pred":[0.9198255182196905,-0.3582595924953923,0.15990960076528823,0.20314215228538146,0.08621721092002699,-0.9753460198852686,0.33564010784878096,0.9296325386550361,0.15208241541036785],"T_pred":[155.66687827139708,157.57601158255207,968.4963095834883],"rotation_error":141.45048143885685,"translation_error":96.34257671586873,"ADD":0,"ADD_S":0}}
{"id_image":89,"data":{"Best_template_id":37,"GT_R":[-0.4824648960842017,0.8748830277142,0.042511603896825345,0.4366786160047972,0.282317604347584,-0.8541720566329647,-0.7593025771564841,-0.3935446456543089,-0.5182508065810473],"GT_T":[91.9998952022142,98.77342605461742,930.5510753671015],"R_pred":[-0.3928483523138343,0.9115796856667789,-0.12121323675226983,0.7039304819859019,0.2132747169662823,-0.6774922668444621,-0.591736468890841,-0.351477412905308,-0.7254733486503763],"T_pred":[71.34756209046208,42.92409857846945,239.016087593786],"rotation_error":18.931704288887747,"translation_error":694.0938737354886,"ADD":0,"ADD_S":0}}
{"id_image":100,"data":{"Best_template_id":132,"GT_R":[-0.4598721919596774,0.8862203274329229,0.05595206550053051,0.43054062897041057,0.27763525331052663,-0.8588093929062037,-0.7766293800624599,-0.37085338772136434,-0.5092306708867107],"GT_T":[87.23855470825498,103.0160964855169,933.7731757488145],"R_pred":[0.8750455781441092,-0.4561829550797788,-0.16184050069473208,-0.069397648001389,0.21266262230532085,-0.9746581839425037,0.47903987581652985,0.8641016841604376,0.1544314631439419],"T_pred":[98.52723079820315,106.43905348520306,584.1049552959398],"rotation_error":149.35399411182044,"translation_error":349.86713940746944,"ADD":0,"ADD_S":0}}
{"id_image":128,"data":{"Best_template_id":132,"GT_R":[-0.37108553516479204,0.9282198517370583,0.0265149850810411,0.4633210999417411,0.20982178454588277,-0.8609936769110144,-0.8047544520002955,-0.30721807858546984,-0.5079257454405297],"GT_T":[29.18922565461533,84.09391925873047,928.067095105062],"R_pred":[0.6000914159545772,-0.7997066128247899,0.018963805048877236,-0.08253995675225945,-0.0854825531854479,-0.992914844606642,0.7956616416775195,0.5942744033737264,-0.11730509561752187],"T_pred":[63.34156914383799,130.09548837569864,877.598037951964],"rotation_error":164.69545702783202,"translation_error":76.35216209742669,"ADD":0,"ADD_S":0}}
{"id_image":360,"data":{"Best_template_id":37,"GT_R":[-0.38643460620211145,0.9215546672273406,0.03749711542084529,0.41092230328053936,0.2084244610924804,-0.8875265660248923,-0.8257196074088473,-0.327562453244621,-0.45922940498073506],"GT_T":[111.13886577902362,84.52158589364662,979.0965008220336],"R_pred":[0.6166491025830139,-0.734713055403161,0.2827377061937711,0.7613450366095734,0.46522216673100186,-0.4515773143240028,0.20024390006572212,0.49372569489774737,0.8462489696798488],"T_pred":[77.81448342174963,142.96189977817855,1263.2834351809422],"rotation_error":154.81388897781218,"translation_error":292.041090271097,"ADD":0,"ADD_S":0}}
{"id_image":512,"data":{"Best_template_id":56,"GT_R":[-0.2669187277747898,0.9631654188128003,0.03265864968883345,0.3947248022964141,0.1401783575168896,-0.9080435883233462,-0.8791744161643815,-0.22948276069697968,-0.4176012536009704],"GT_T":[136.41341106741226,92.34823115849174,1029.5415026290977],"R_pred":[0.36404700680243773,-0.9305310419321974,-0.03977130672689766,-0.4568530147137172,-0.1411948896243641,-0.8782649521021272,0.8116372957086028,0.3378993683695529,-0.476517488734971],"T_pred":[105.59855314016667,81.56035274215118,603.9378504030217],"rotation_error":174.1164317126137,"translation_error":426.85407644530795,"ADD":0,"ADD_S":0}}
{"id_image":513,"data":{"Best_template_id":37,"GT_R":[-0.26747489514839545,0.9629332709624786,0.03487828720641579,0.3950102054361299,0.1425946486598903,-0.9075435772960532,-0.8788768111808581,-0.2289685212617058,-0.41850804259060176],"GT_T":[137.41860499542236,92.27210377416334,1029.6268056892277],"R_pred":[0.8193514521536226,0.36707028246056933,0.44036644466633523,0.5716107164073827,-0.4643034942255007,-0.6765230625324086,-0.043867832656620476,0.8060283326188407,-0.5902490493628113],"T_pred":[37.762711016124214,50.48396002122273,557.1197342036785],"rotation_error":89.30527783052983,"translation_error":484.7065903894638,"ADD":0,"ADD_S":0}}
{"id_image":526,"data":{"Best_template_id":37,"GT_R":[-0.26187245954005006,0.9643829652362564,0.03726028233913384,0.3963791596556168,0.14267539337915508,-0.9069331955816481,-0.8799470655809504,-0.22273247800964704,-0.41962458883370174],"GT_T":[138.94089181100242,89.07643754387622,1029.4173208759948],"R_pred":[0.7890068080751178,0.31259782062752056,0.5289147940359006,0.6133815727956498,-0.4499586889229241,-0.6490764395797295,0.035089926843038355,0.8365523180301921,-0.546762211781742],"T_pred":[34.37688823826664,45.22628272605885,547.9727011186787],"rotation_error":93.02704906685705,"translation_error":494.61640572667255,"ADD":0,"ADD_S":0}}
{"id_image":530,"data":{"Best_template_id":37,"GT_R":[-0.2584738793705909,0.964846490777822,0.0475749377919846,0.3958275827829253,0.1507059908489605,-0.9058745498663499,-0.8812001551164427,-0.2153138592391108,-0.4208655144094071],"GT_T":[133.1394327433937,87.81521998518484,1030.581158160752],"R_pred":[-0.17608716576179148,0.9064552309304493,0.3838387999835414,-0.7549170163294209,0.12589312022458368,-0.6436235085330579,-0.6317385602527871,-0.4031002810702868,0.6621303156409556],"T_pred":[76.21626379253742,102.2418624555186,522.1922334535842],"rotation_error":72.35079936916472,"translation_error":511.7691607954556,"ADD":0,"ADD_S":0}}
{"id_image":546,"data":{"Best_template_id":37,"GT_R":[-0.23187289485992893,0.9714215283224843,0.05075400799187032,0.3968047471410221,0.14209487301497234,-0.906838292428693,-0.8881337411812451,-0.19013222877290262,-0.4184121650501821],"GT_T":[112.354017671403,79.34100821450777,1034.424763824442],"R_pred":[-0.9115907116077753,0.17077175303666214,0.37395104342041235,-0.37656323242167955,-0.7118095911762097,-0.5928973249203385,0.16493182378960708,-0.6812959080123281,0.7131853750793632],"T_pred":[112.3944364112441,109.75609851630458,732.0093440819544],"rotation_error":108.4215307209612,"translation_error":303.9410558805209,"ADD":0,"ADD_S":0}}
{"id_image":562,"data":{"Best_template_id":37,"GT_R":[-0.23208989073390263,0.9712369797231584,0.05323179975053933,0.38994369442096966,0.14303936255955801,-0.9096615240125442,-0.891111197735309,-0.19036629671966948,-0.411926029041754],"GT_T":[121.39382342399647,84.71576417944779,1033.0333421663818],"R_pred":[-0.1490140292445578,0.9242563589882012,0.3514896896897197,0.14659457585410085,0.37217908100212677,-0.9165111903269749,-0.9779084054339948,-0.08504654334119438,-0.19095087338699446],"T_pred":[115.04733610567064,125.46196617742712,956.4891581112691],"rotation_error":21.45935518603744,"translation_error":86.94563238716918,"ADD":0,"ADD_S":0}}
{"id_image":563,"data":{"Best_template_id":37,"GT_R":[-0.23401727803602076,0.9707883742350901,0.052979790248845374,0.39123414930255,0.14391692098198827,-0.9089684147826163,-0.8900401935261025,-0.19198735471545716,-0.413485213652437],"GT_T":[124.3969988230509,83.84990833617725,1032.907096885233],"R_pred":[0.8386057070027569,0.2850268624285693,0.46421994342825446,0.5444839389075444,-0.46465314105812544,-0.6983084553236795,0.01666458682751462,0.8383657591999706,-0.5448533246176672],"T_pred":[30.680466731998628,48.65346756304269,565.6108828388013],"rotation_error":91.84990298884004,"translation_error":477.898869524085,"ADD":0,"ADD_S":0}}
{"id_image":588,"data":{"Best_template_id":37,"GT_R":[-0.20739600220403073,0.9757467092654694,0.07003451590770736,0.38104342297589217,0.1465131551662361,-0.9128752340245927,-0.900996108098818,-0.16264092525577103,-0.40218796268870666],"GT_T":[99.70647356612382,94.71761410061097,1039.613924858498],"R_pred":[-0.9237423707964699,0.3600801245719909,0.1305462993866033,-0.074166574224344,0.16622595570258536,-0.9832945900993187,-0.3757650218729013,-0.9179930476528578,-0.12684404912283542],"T_pred":[118.26597320005746,133.82894297590582,875.4448037055357],"rotation_error":60.50581950619045,"translation_error":169.78118686470964,"ADD":0,"ADD_S":0}}
{"id_image":598,"data":{"Best_template_id":37,"GT_R":[-0.20664624137750043,0.9761435313951837,0.06664372187567112,0.3827087157902808,0.14332943716566726,-0.9126834139842135,-0.9004626479964989,-0.16309804772283962,-0.4031972938245647],"GT_T":[107.11229436510409,89.30640684037499,1041.872253452647],"R_pred":[-0.9793579001215735,0.13932656726026743,0.14644524958131,-0.16036697121593751,-0.09453528098119224,-0.9825199820832315,-0.12304689355074616,-0.9857236876048365,0.11492725387058578],"T_pred":[119.99647268533647,125.09950808128853,827.3654709207465],"rotation_error":78.60394877050621,"translation_error":217.853868222756,"ADD":0,"ADD_S":0}}
{"id_image":603,"data":{"Best_template_id":37,"GT_R":[-0.20784209303385406,0.9755826174158101,0.07100157771585011,0.3796264753726847,0.147348430447846,-0.9133311553270291,-0.9014916418708766,-0.16287496287218964,-0.4009817400726605],"GT_T":[107.31315316845205,89.43049691875947,1042.392060958902],"R_pred":[-0.7443924661878843,0.6451318353558599,0.1722926907709638,-0.18814558092040878,0.04492794230526875,-0.9811130008211776,-0.6406879869818392,-0.7627492346837156,0.08793468215991163],"T_pred":[113.72802078259294,124.71683141911706,836.6695716169465],"rotation_error":49.67849222880548,"translation_error":208.82533024044054,"ADD":0,"ADD_S":0}}
{"id_image":610,"data":{"Best_template_id":56,"GT_R":[-0.20423029694528083,0.976284224259792,0.07182715310634316,0.38314896147524,0.14724020051087483,-0.9118757403509584,-0.9008259720654054,-0.15871263603190044,-0.40413311577081523],"GT_T":[112.01021207273922,89.6513967344494,1042.71971044888],"R_pred":[0.08731911196962538,-0.99614741761526,0.008105249119222835,-0.31624068941826694,-0.03543428364388723,-0.9480170029587569,0.944651893049019,0.08021679326109465,-0.3181164362899402],"T_pred":[114.4427099982322,97.97144942525169,734.2389004729459],"rotation_error":173.41907927904398,"translation_error":308.6025768627728,"ADD":0,"ADD_S":0}}
{"id_image":612,"data":{"Best_template_id":37,"GT_R":[-0.2045858259034773,0.9763368162197407,0.07008537289620319,0.38451755416010636,0.14600471958874603,-0.911498806184083,-0.9001620970983562,-0.15953104468233145,-0.4052889574851482],"GT_T":[113.82094392392574,89.06068212798628,1042.5760566132349],"R_pred":[0.6045114622174349,0.7282645144530708,0.3227951192880278,0.6365154212593895,-0.19795026133810723,-0.7454286099521248,-0.47897182646448105,0.6560842103149627,-0.5832147961331836],"T_pred":[35.978355163208,46.36279838877628,576.2013639478424],"rotation_error":57.71899574963609,"translation_error":474.7503890040708,"ADD":0,"ADD_S":0}}
{"id_image":618,"data":{"Best_template_id":37,"GT_R":[-0.1986727312624747,0.9775251543289487,0.070531313291081,0.3794679672580268,0.143076651016983,-0.9140756959213678,-0.9036233177460945,-0.15483797079148034,-0.39936461222812286],"GT_T":[114.81689445602586,96.42570330550635,1041.8931136011363],"R_pred":[-0.9459877881095047,0.3174647558318762,0.0657513007650346,-0.2885088707552647,-0.7318322196745743,-0.6174011935052502,-0.14788419876108744,-0.60302382295461,0.7838957409668703],"T_pred":[78.98311496219176,55.18150682772576,357.4088126106262],"rotation_error":96.68971441517138,"translation_error":686.6614171470374,"ADD":0,"ADD_S":0}}
{"id_image":621,"data":{"Best_template_id":37,"GT_R":[-0.1902750868138781,0.9793734349930933,0.06799217942451953,0.3718732724600875,0.13599853046734958,-0.9182679083788504,-0.9085742123377689,-0.14943953547924416,-0.3900796301524635],"GT_T":[110.36559235135945,101.10416360419838,1042.1151177019592],"R_pred":[0.8778357105467013,0.028925431104001254,0.4780876328921461,0.41805979394012127,-0.5333788139526832,-0.7353455306977613,0.23373162811162534,0.8453817837296215,-0.4803115299036784],"T_pred":[64.2612792152645,81.67651226193341,686.3005450093917],"rotation_error":104.45859962047325,"translation_error":359.3146969813816,"ADD":0,"ADD_S":0}}
{"id_image":622,"data":{"Best_template_id":37,"GT_R":[-0.18944234164390708,0.9795247437690551,0.06814582598724461,0.3736839356154997,0.13610340948149824,-0.9175170014713111,-0.9080047701645569,-0.14835196631041853,-0.3918163820549343],"GT_T":[110.57003813504934,102.0204218171824,1042.1274639935843],"R_pred":[-0.7140719869984283,0.6577874211399993,0.23961825050297295,-0.2119407851285435,0.12309265360452826,-0.969499511205494,-0.6672198295788375,-0.7430773225032403,0.0515149667397965],"T_pred":[118.86294966076323,141.77603026231802,854.4837152920014],"rotation_error":48.7419982068306,"translation_error":191.98816945634715,"ADD":0,"ADD_S":0}}
{"id_image":638,"data":{"Best_template_id":37,"GT_R":[-0.17192470390814213,0.9820608911687074,0.07745323646282737,0.37069728070811514,0.13734015907225883,-0.9185430994926951,-0.9127028154438901,-0.12920901419205721,-0.38765961955784267],"GT_T":[96.66223701603752,102.44679432453471,1044.8804136265367],"R_pred":[0.7566060436573313,0.6480004530036605,0.08742258065426298,0.38843314383636135,-0.3378758009927799,-0.8572978688139193,-0.5259914328870774,0.6825945766049847,-0.5073437262042974],"T_pred":[56.20243011258081,79.75229163874107,670.5151369971256],"rotation_error":60.4398766162937,"translation_error":377.22857364287233,"ADD":0,"ADD_S":0}}
{"id_image":641,"data":{"Best_template_id":37,"GT_R":[-0.16893623543248243,0.9823007051594166,0.08090799697316006,0.3694129426847563,0.13920787462491097,-0.9187799332461234,-0.9137807412752496,-0.12532720670571562,-0.38639134647249773],"GT_T":[94.09473317712695,102.21331061416777,1045.6351481589904],"R_pred":[0.7882882801480179,0.13042235339786593,0.6013248681997464,0.6103883397929076,-0.04244199169308835,-0.7909644441983356,-0.07763801920540081,0.9905496893519709,-0.11306480840020833],"T_pred":[18.72751865688103,87.42258253220768,773.3140382140402],"rotation_error":90.56198254518351,"translation_error":282.94481720537823,"ADD":0,"ADD_S":0}}
{"id_image":649,"data":{"Best_template_id":37,"GT_R":[-0.16639764498249512,0.9823844111917649,0.08505108516824637,0.36591446887676243,0.1416130089021725,-0.9198118293288474,-0.9156523423457094,-0.12193348969141893,-0.38303246161544685],"GT_T":[95.18014497007863,104.92071148508933,1047.4350835765501],"R_pred":[-0.9378525895789522,0.2812299612633051,0.20332788571146188,-0.24332158270502474,-0.11512610035832282,-0.9630890864329258,-0.24744115989458015,-0.952709656665726,0.17640063062783984],"T_pred":[112.57147445508701,142.01356246857995,832.329189930184],"rotation_error":75.36507806196929,"translation_error":218.9723348205004,"ADD":0,"ADD_S":0}}
{"id_image":654,"data":{"Best_template_id":37,"GT_R":[-0.1653113198066344,0.9824580586870277,0.0863032261793813,0.3587347729737515,0.14141276147075374,-0.922666758338867,-0.9186851377379741,-0.1215676661906905,-0.37581903124433996],"GT_T":[96.79954717914008,108.40735906860873,1047.8938681501545],"R_pred":[-0.3730522577511319,0.9262688933000018,0.053459800706445015,0.13532457795883585,0.11132380726670399,-0.9845274341205066,-0.9178884853766529,-0.3600457571482205,-0.16687654470451663],"T_pred":[89.621230428083,124.0498904449138,834.0247392461065],"rotation_error":18.312068147744025,"translation_error":214.5605306607287,"ADD":0,"ADD_S":0}}
{"id_image":663,"data":{"Best_template_id":37,"GT_R":[-0.17302140249536588,0.9804338186735487,0.09388165768540561,0.36195029962131237,0.15194415285738555,-0.9197314044696236,-0.916000577495157,-0.1251532237430004,-0.381157242542058],"GT_T":[107.07330325071759,107.58930268898854,1047.1726121900456],"R_pred":[-0.9761113151826781,0.07269383336467121,0.20474937597729537,-0.20796487007123204,-0.03974890069398873,-0.9773283162325109,-0.06290717914990318,-0.9965619054952727,0.05391711534413868],"T_pred":[116.9552384702925,145.3516632035535,847.6003516678986],"rotation_error":83.14414298846556,"translation_error":203.35372060829266,"ADD":0,"ADD_S":0}}
{"id_image":793,"data":{"Best_template_id":56,"GT_R":[-0.17414165939115253,0.9806630328885466,0.08930042797881153,0.3654477037709697,0.1485708383240203,-0.9188996221520884,-0.9143981632946961,-0.12738442088225357,-0.3842532144808684],"GT_T":[183.4548014925898,110.82540476847316,1040.6213338907428],"R_pred":[-0.20129897432915245,-0.9654594419050426,0.16542910557225154,-0.35489427736368834,-0.08552649008710478,-0.9309861821680738,0.9129779706151385,-0.24611640646203242,-0.3254196362263332],"T_pred":[154.3794147010054,114.54997329117451,747.776192611712],"rotation_error":158.6157835136263,"translation_error":294.3085579769913,"ADD":0,"ADD_S":0}}
{"id_image":920,"data":{"Best_template_id":37,"GT_R":[-0.18618892710732846,0.9762520377689816,0.11075104844233319,0.3802661916163859,0.17553952049822827,-0.9080665775456351,-0.9059422169353382,-0.1269573915744158,-0.4039193263678225],"GT_T":[173.25683414305232,99.39480930197941,942.5410324644389],"R_pred":[-0.23541205201785392,0.9645564192603564,0.11921442793715376,-0.051552600109255275,0.11009632616821396,-0.9925830586838753,-0.9705274314447369,-0.23981182837362663,0.023807389302058057],"T_pred":[155.3063781707903,132.61546074781538,870.7707667160441],"rotation_error":25.854427204555083,"translation_error":81.09748206752813,"ADD":0,"ADD_S":0}}
{"id_image":1025,"data":{"Best_template_id":37,"GT_R":[-0.05703070094548886,0.9918476882876985,0.11395505474903633,0.38089562485659784,0.12712363378344196,-0.9158377174869118,-0.9228586063443047,-0.008826534040636873,-0.3850402127017765],"GT_T":[146.7369186289066,81.1182104952769,977.0502647561491],"R_pred":[0.04638465212956534,0.9184642372903193,0.3927746285919328,-0.782458820004293,0.2778347701642366,-0.5572845193303637,-0.620972349661648,-0.28148052384933714,0.7315477124898923],"T_pred":[73.47738240741486,95.83845965006775,458.05625180972197],"rotation_error":75.68116095523823,"translation_error":524.3457169242478,"ADD":0,"ADD_S":0}}
{"id_image":1038,"data":{"Best_template_id":37,"GT_R":[-0.053750144104404846,0.9926973015629581,0.10799547659233476,0.384458563846298,0.12038777462516823,-0.9152590454412954,-0.9215761937927425,-0.007675992821159973,-0.38812256267073253],"GT_T":[157.28342736238568,76.32143351327359,977.614834386288],"R_pred":[0.5698011078797486,0.6815098050783637,0.4592070154527933,0.3622857766686977,0.2932407227890954,-0.8847366243813396,-0.7376148815490166,0.6704880789993061,-0.07981242031946292],"T_pred":[93.57202734333595,85.81295074590021,770.3064874808207],"rotation_error":46.15392772400488,"translation_error":217.085195461234,"ADD":0,"ADD_S":0}}
{"id_image":1040,"data":{"Best_template_id":37,"GT_R":[-0.05520539915061864,0.9928775752575923,0.10557964468835827,0.38439260119821766,0.11872492439924408,-0.915504500127025,-0.9215176946999313,-0.009957220137408894,-0.388209005516566],"GT_T":[160.27291456573224,76.26737055401222,977.5346602071058],"R_pred":[0.1332572596719075,0.9910798743872138,-0.0017847491023794682,0.32068567692918765,-0.044822108311812214,-0.9461245558693385,-0.9377650022032187,0.12550562214940308,-0.3237979917351073],"T_pred":[117.77581785477092,80.32235454054043,774.7415686086811],"rotation_error":12.938276289821632,"translation_error":207.23774782611133,"ADD":0,"ADD_S":0}}
{"id_image":1041,"data":{"Best_template_id":37,"GT_R":[-0.05503843491056806,0.9929416627256061,0.10505961489548098,0.38497791023120254,0.1181869234823993,-0.9153281039022647,-0.9212840259630751,-0.00993319296135262,-0.3887653982510393],"GT_T":[161.6749325286176,76.64123549254816,977.5409508353143],"R_pred":[-0.26472436686265566,0.8964763537833682,0.3553183877826249,-0.6595469489803139,0.10048706870478197,-0.7449162175130033,-0.7035046777953404,-0.43154663262548837,0.5646668683300593],"T_pred":[107.30824932744284,98.76400517759376,556.1182730233367],"rotation_error":65.96003044532615,"translation_error":425.4905716406092,"ADD":0,"ADD_S":0}}
{"id_image":1042,"data":{"Best_template_id":37,"GT_R":[-0.05489370618909009,0.9929523753305951,0.1050350170324811,0.3846582970652069,0.11810456220309512,-0.9154729896996829,-0.9214256052331706,-0.009851637604462882,-0.3884302898008036],"GT_T":[162.30767497577347,76.78206260503921,977.5740902880507],"R_pred":[-0.6644747599775793,0.11653456244359456,0.7381686725327878,0.7358077819931479,-0.07061920749708916,0.6734982074889341,0.13061470556971205,0.9906728134397164,-0.03882235696572789],"T_pred":[88.75938346310913,18.997432758437782,410.01489159247194],"rotation_error":127.84970870774103,"translation_error":575.2146196463613,"ADD":0,"ADD_S":0}}
{"id_image":1044,"data":{"Best_template_id":37,"GT_R":[-0.054191807208860465,0.9928511739331398,0.10635158517905309,0.38334127904070564,0.11903308303334749,-0.9159045918911637,-0.9220162108338714,-0.008866120671153058,-0.3870508923882519],"GT_T":[163.05826770094595,77.61844926585975,977.2731385874134],"R_pred":[0.5764148127367243,0.791815384040839,0.20192662344016432,-0.4134271530602972,0.4957326308281593,-0.7637585664623668,-0.7048573988901193,0.3567598020075283,0.6131056115396472],"T_pred":[105.8728094795043,130.7761125570231,824.1212041527448],"rotation_error":66.86269790264797,"translation_error":171.90529026081188,"ADD":0,"ADD_S":0}}
{"id_image":1046,"data":{"Best_template_id":37,"GT_R":[-0.05178681812200042,0.9930854353954662,0.10536063305229429,0.38244526835888937,0.1171810122926625,-0.9165175930864834,-0.9225264909154751,-0.007169356945031008,-0.3858690708925712],"GT_T":[163.79261374574742,79.17314713892665,976.8093398202434],"R_pred":[0.11757667739564948,0.9874339480195955,0.10559319689749935,0.31413142981165937,0.06388906647462422,-0.9472273391269297,-0.9420706819220529,0.14454198519266215,-0.3026721737779713],"T_pred":[125.36366253053096,89.32564091571652,805.1370469306826],"rotation_error":10.539415453326837,"translation_error":176.2136021065014,"ADD":0,"ADD_S":0}}
{"id_image":1048,"data":{"Best_template_id":37,"GT_R":[-0.05031155867818475,0.9931487146360246,0.10547227858775737,0.38141070496830165,0.11670819027802046,-0.9170094926134013,-0.923036255918957,-0.005908539440440947,-0.3846697839211168],"GT_T":[164.26762849793758,80.23336722506224,976.3368014813497],"R_pred":[-0.2936057308135954,0.8120602485492305,0.5043350350308581,0.8075395330176631,-0.07162506910058486,0.5854483342618297,0.5115423515673255,0.5791614647078125,-0.6347412231378013],"T_pred":[39.0405318834883,-21.83054556541454,93.41985808498364],"rotation_error":107.28300542637885,"translation_error":897.5751762147662,"ADD":0,"ADD_S":0}}
{"id_image":1049,"data":{"Best_template_id":37,"GT_R":[-0.04979971205843328,0.9930274020421694,0.10685312209054029,0.3828208170214278,0.117793620256047,-0.9162823284833858,-0.9224796574643165,-0.004725543862246404,-0.38601719414859814],"GT_T":[164.76156126714451,80.68266281508599,976.2637409570698],"R_pred":[0.08603705052000943,0.9927695429648844,0.08370340793009412,0.27339678560097,0.05726341018018155,-0.9601953444365335,-0.9580458358350473,0.10549661803029842,-0.2664932269745232],"T_pred":[130.45727843578368,94.87190217019959,823.1805593395758],"rotation_error":10.28330136279599,"translation_error":157.520090236723,"ADD":0,"ADD_S":0}}
{"id_image":1053,"data":{"Best_template_id":37,"GT_R":[-0.046476814378277526,0.9931487230504402,0.10722088676985708,0.38138714775010735,0.11684816320705399,-0.9170009611350575,-0.9232467261245518,-0.0017272055588050707,-0.38420459997317824],"GT_T":[164.34117376813816,81.08412662614937,975.2289884450184],"R_pred":[0.6134789970493074,0.7461130507582554,0.2587640540484421,0.05049019365844293,0.2899414978898363,-0.9557116030193058,-0.7880953372046486,0.5993740428894192,0.14020162690455468],"T_pred":[101.61580958357958,103.48806455020245,799.0823523387462],"rotation_error":47.83783259950875,"translation_error":188.31899839938035,"ADD":0,"ADD_S":0}}
{"id_image":1055,"data":{"Best_template_id":37,"GT_R":[-0.04644712973830555,0.9933786289059792,0.10508316933147967,0.38171213954696026,0.1148636831948629,-0.9171168230940271,-0.9231139661926072,-0.0024863914518701924,-0.38452029219802375],"GT_T":[165.1684163533885,79.94864211991616,974.5575283128443],"R_pred":[-0.4370855451074678,0.8947830309831399,0.09121158765602755,0.10467357219271228,0.15132778944043646,-0.9829259094293366,-0.8933082724023801,-0.42007526421785,-0.15980332552790866],"T_pred":[145.125394502188,93.08632854254515,744.7320030267435],"rotation_error":28.075458000074182,"translation_error":231.0716200715682,"ADD":0,"ADD_S":0}}
{"id_image":1064,"data":{"Best_template_id":37,"GT_R":[-0.04431387800267411,0.9931989558035891,0.10767036480926238,0.38612424639392473,0.11642868184136625,-0.9150703446890109,-0.9213820621906845,0.0010233595027553275,-0.38865766599520546],"GT_T":[169.05062354185839,76.45044247851318,973.282193057077],"R_pred":[-0.23026614057523542,0.9667619660062818,0.11112517981202458,0.2032190532132076,0.1594481685486554,-0.96606329914639,-0.951671960769946,-0.1998689136162714,-0.23317996580782413],"T_pred":[130.55104316670784,83.13149387369246,707.505497632124],"rotation_error":15.12914503722695,"translation_error":268.6337766696808,"ADD":0,"ADD_S":0}}
{"id_image":1068,"data":{"Best_template_id":56,"GT_R":[-0.04118902305464066,0.993411641580897,0.10694632248036207,0.387572481879086,0.11454195138374733,-0.9146956001809857,-0.9209194387393459,0.003773296821610139,-0.38973696001685376],"GT_T":[169.21983158155996,75.62566665789932,973.4361337168319],"R_pred":[-0.2234463147551834,-0.9547382562914015,0.19633289687666122,-0.37922257776377993,-0.10040380924552217,-0.9198420036088713,0.8979209213157479,-0.2799891731168244,-0.3396234414772273],"T_pred":[148.88581405697172,83.16098949827418,721.4738419417022],"rotation_error":164.9009871107426,"translation_error":252.89375206907457,"ADD":0,"ADD_S":0}}
{"id_image":1088,"data":{"Best_template_id":37,"GT_R":[-0.026506743625752737,0.994807968989393,0.09826091912915787,0.3895863103978791,0.10080396775875204,-0.9154568404773675,-0.9206088487669777,0.01401495008690471,-0.39023563825210855],"GT_T":[168.4936227012482,71.63323562247173,976.0477435494013],"R_pred":[-0.31862370563034004,0.947715248887222,0.017740948030507853,0.211597490911065,0.08935868771798361,-0.9732633388602807,-0.9239618152556588,-0.30635083149218084,-0.2290059649736601],"T_pred":[142.41944925726474,80.57176489674605,747.3512918416415],"rotation_error":20.68382222262585,"translation_error":230.351528864242,"ADD":0,"ADD_S":0}}
{"id_image":1100,"data":{"Best_template_id":37,"GT_R":[-0.015380984488646518,0.9947978952056465,0.10070812826269807,0.3891610595994046,0.09873453224335246,-0.915863851265706,-0.9210418179848261,0.025103654351931202,-0.3886551938343484],"GT_T":[164.98151655942192,67.04594136077733,978.0351644207116],"R_pred":[-0.09900085560605779,0.9547111683959464,0.2805804974144057,-0.2969699853331205,0.24076980404900233,-0.9240339437864018,-0.949740837492268,-0.17480413724580934,0.25968414507095633],"T_pred":[124.90374263317436,100.05626363806948,718.9487276059384],"rotation_error":41.2598987526003,"translation_error":264.2379440601019,"ADD":0,"ADD_S":0}}
{"id_image":1103,"data":{"Best_template_id":37,"GT_R":[-0.01258457296393233,0.9947112316558795,0.10193791624656998,0.39091117151977245,0.09872689751880488,-0.9151183936981582,-0.920342918380648,0.028332210135179153,-0.39008645440523654],"GT_T":[165.3697337223072,66.76799320920287,978.8048931028038],"R_pred":[0.6817437463412389,0.6717098484231832,0.2898816031691511,0.5689106059600673,-0.23763559194392114,-0.7873182633901054,-0.45996324499981733,0.7016660209620861,-0.5441494356116446],"T_pred":[69.64260979119008,40.857362213412095,579.3815431597931],"rotation_error":50.801475081692004,"translation_error":411.5507933832959,"ADD":0,"ADD_S":0}}
{"id_image":1115,"data":{"Best_template_id":37,"GT_R":[-0.0020408963099320977,0.9950558823141226,0.09930281212042506,0.3955880736150553,0.09200633263072514,-0.9138089519913347,-0.9184267238303132,0.0374173392970582,-0.3938190778726988],"GT_T":[164.4210669843703,60.822215105459264,979.374455697018],"R_pred":[-0.3187739097254052,0.9464730741058556,0.05071404609169672,0.10595760442666807,0.08875455817987554,-0.9904017439738566,-0.9418896859731192,-0.3103406972907461,-0.12857865710355076],"T_pred":[145.82358626994116,83.70597220355938,792.3139389746518],"rotation_error":25.399303038183152,"translation_error":189.37045583798718,"ADD":0,"ADD_S":0}}
{"id_image":1120,"data":{"Best_template_id":37,"GT_R":[0.002549534066039574,0.9951683901986036,0.09815506840966229,0.39610475665661804,0.0891220243856431,-0.9138700849458798,-0.9182024830979932,0.04120874722467662,-0.3939639439975285],"GT_T":[163.68045907049225,60.47353635563599,979.4127441729541],"R_pred":[0.5514563166512977,0.8062810648547876,0.21402517441182875,0.5944423327492381,-0.19980701604903123,-0.7789194241853431,-0.5852642513096352,0.556765660573829,-0.589472438155305],"T_pred":[78.09328882831147,37.30088307308999,603.972013799059],"rotation_error":39.3375439188611,"translation_error":385.76920249535334,"ADD":0,"ADD_S":0}}
{"id_image":1132,"data":{"Best_template_id":37,"GT_R":[0.015609281587945386,0.9955999439380978,0.09240124930050878,0.3935323476452047,0.07883696972695567,-0.915924243317926,-0.9191788420936107,0.0506590043428465,-0.39057073542501936],"GT_T":[161.60678214497463,60.111265282071166,980.4952942509487],"R_pred":[-0.30771016627571374,0.941213101759568,0.1393999664515938,0.18237641632284446,0.20213638205751527,-0.962226442069607,-0.9338379390128723,-0.27066359216716074,-0.2338544922283079],"T_pred":[138.6781041183945,77.67323427452634,747.8350207406635],"rotation_error":22.3186793221515,"translation_error":234.4460490194264,"ADD":0,"ADD_S":0}}
{"id_image":1136,"data":{"Best_template_id":37,"GT_R":[0.018218191104658044,0.9954477923884528,0.0935561199266046,0.3946454238879368,0.07881486864837835,-0.9154477786574036,-0.9186529301315339,0.05359883992717932,-0.39141293843551866],"GT_T":[162.1297366806012,58.10755942115029,981.1697324185112],"R_pred":[-0.46940664651084946,0.2942083234813249,0.8325255927632174,-0.7531743488942741,0.35869127178846316,-0.5514244932086905,-0.46085333933815065,-0.8858792434282918,0.053218095454388714],"T_pred":[48.4545511645598,57.14933004810625,172.8223972657578],"rotation_error":91.34397304328799,"translation_error":816.3016478325862,"ADD":0,"ADD_S":0}}
{"id_image":1147,"data":{"Best_template_id":37,"GT_R":[0.030966651204836874,0.9950380129063402,0.09455799616375352,0.39542964865422037,0.07468935671687225,-0.9154543171200848,-0.9179741548690481,0.0657386215552651,-0.3911546659180462],"GT_T":[157.8331978511952,52.96298074885613,980.463463213187],"R_pred":[0.6666298607977025,0.7253657993631923,0.17160735941978988,-0.3803374765973851,0.5290122732038787,-0.758610188894928,-0.6410522853780098,0.44044349457548126,0.6285391757860195],"T_pred":[90.06129319008382,103.27783909385614,757.429104954852],"rotation_error":69.09030697454469,"translation_error":238.47209689055757,"ADD":0,"ADD_S":0}}
{"id_image":1151,"data":{"Best_template_id":37,"GT_R":[0.03429952922857207,0.9949056655832706,0.0947989909374409,0.3970666650911836,0.07348154714883567,-0.9148442779877309,-0.9171493978530763,0.06902025040514499,-0.3925233827285162],"GT_T":[157.09278350338596,51.79792399699092,979.5458991712934],"R_pred":[-0.31204921733110774,0.5954203083800738,0.7403377218078387,-0.6677876041741229,0.4168215781276347,-0.616700484610295,-0.675784730276164,-0.6868292570761425,0.26754545398830115],"T_pred":[72.68629128083735,71.94506593450275,352.39668755927926],"rotation_error":77.02954526180856,"translation_error":633.1243928985333,"ADD":0,"ADD_S":0}}
{"id_image":1161,"data":{"Best_template_id":37,"GT_R":[0.04638846943624423,0.9943682403542516,0.09528904129249015,0.39510772621918155,0.06934839443349025,-0.9160137000199525,-0.9174633932057912,0.08014198439216023,-0.38966479114595376],"GT_T":[153.2265942734922,52.29208163597329,978.2053895069778],"R_pred":[-0.3260580429519685,0.9374539230254761,0.12192741623801084,0.07304861690958447,0.15357492522403504,-0.9854332254952789,-0.94252323695171,-0.31240179984529076,-0.11855405205851854],"T_pred":[136.95520482914608,77.47557509125593,766.5937437373925],"rotation_error":28.553617107662593,"translation_error":213.7251858868633,"ADD":0,"ADD_S":0}}
{"id_image":1164,"data":{"Best_template_id":37,"GT_R":[0.04872186968789131,0.9942251631388964,0.09562395505504072,0.39414624739435045,0.06883034043931442,-0.9164669609710898,-0.917756430649511,0.08234172822245131,-0.3885158609472842],"GT_T":[154.06300549169717,54.23529329533405,978.9545985439453],"R_pred":[0.6379968286315573,0.7328832936582046,0.23630938308238425,0.20006656021281438,0.13857914018088455,-0.9699325715694566,-0.7435949288024277,0.6660915100670691,-0.05821238764974254],"T_pred":[95.25160908102212,76.03474207448147,786.8414092921471],"rotation_error":40.55607739789759,"translation_error":202.0927356421934,"ADD":0,"ADD_S":0}}
{"id_image":1176,"data":{"Best_template_id":37,"GT_R":[0.06221476460821137,0.9940824659096003,0.08905526446185866,0.39654958448363803,0.057262479728469894,-0.9162262833947606,-0.915902652594301,0.09231760958606977,-0.3906400677269835],"GT_T":[153.13246168737908,51.44756073177885,983.4861774544645],"R_pred":[-0.9883255833474502,-0.10100935666136482,0.11405985782815722,-0.011221154836972135,-0.6983453164959497,-0.715673043094608,0.15194284117735504,-0.7085978611278961,0.6890591006727393],"T_pred":[93.1866213269209,27.381170687941967,346.38563312415994],"rotation_error":120.4714436930999,"translation_error":640.3669248893433,"ADD":0,"ADD_S":0}}
{"id_image":1177,"data":{"Best_template_id":37,"GT_R":[0.06205026121945686,0.9938895465822222,0.09128987698746388,0.3973524808628549,0.05930533880298379,-0.9157483563786688,-0.9155659946775285,0.09309613089982928,-0.39124439174677983],"GT_T":[153.31824670136734,51.90489899066806,983.9772184916441],"R_pred":[-0.07002571823876824,0.9832309898082203,0.16838414256066914,0.18157056225095225,0.17854178676502086,-0.9670341055529668,-0.9808815064568286,-0.03714365436384609,-0.19102832049589258],"T_pred":[124.31220053886561,72.58385271479942,760.992206641725],"rotation_error":15.646486856773082,"translation_error":225.81250043080982,"ADD":0,"ADD_S":0}}
{"id_image":1189,"data":{"Best_template_id":37,"GT_R":[0.08085616433113489,0.992875309246025,0.08752963249745545,0.3930671304487124,0.048937211913638354,-0.918206840159577,-0.9159480032710517,0.10864774638921362,-0.386309480520823],"GT_T":[149.71086701924804,49.03604452028938,986.9175383872022],"R_pred":[0.04844699447435552,0.9957907108468267,0.07780584115330808,0.29227191020424687,0.060354494854041096,-0.9544288687254145,-0.9551073338803147,0.06897967194823101,-0.2881176593441505],"T_pred":[116.65608548223803,63.03054706353915,764.7581266935371],"rotation_error":6.473435887912959,"translation_error":225.04059386690187,"ADD":0,"ADD_S":0}}
{"id_image":1347,"data":{"Best_template_id":56,"GT_R":[0.1689060153886919,0.9782761290133041,0.12019553403471442,0.383338108032529,0.04714516923292509,-0.9224043618332222,-0.9080327033245107,0.2018741422382332,-0.3670480111623771],"GT_T":[152.5221113607388,48.59916986366968,975.9018758576433],"R_pred":[-0.8475544255194146,0.1965406826334854,0.4929738896254228,-0.45875052559138824,0.1957140818641444,-0.8667433030775032,-0.2668322526458899,-0.960764153281147,-0.07571519476222244],"T_pred":[92.0474598723203,52.80109138447676,628.158583704162],"rotation_error":95.23967743251502,"translation_error":352.9875873948745,"ADD":0,"ADD_S":0}}
{"id_image":1520,"data":{"Best_template_id":37,"GT_R":[0.28711288978600075,0.9568083154227314,0.04565701439617552,0.3538504579627843,-0.0616468754215052,-0.9332687257835455,-0.8901444224610955,0.28410917024152205,-0.35626653688166077],"GT_T":[173.23502836658662,22.403846028814296,990.1089016880316],"R_pred":[0.2856268618442891,0.9545945973166483,0.08465489098008139,0.34967773478034075,-0.02156699816242147,-0.9366217733904929,-0.8922683327294952,0.2971262683845508,-0.33996059042777116],"T_pred":[123.01639588644329,40.5685742163009,696.3323356346712],"rotation_error":2.431154596153611,"translation_error":298.590922769607,"ADD":0,"ADD_S":0}}
{"id_image":1543,"data":{"Best_template_id":37,"GT_R":[0.3232470512160387,0.9456353369726952,0.03586203392946067,0.3394185226679232,-0.08048157253874672,-0.9371866786648492,-0.8833499270898366,0.31511488444286057,-0.346981463269157],"GT_T":[148.49406534859745,35.20393472038415,989.4206534733944],"R_pred":[0.42244391370434664,0.8950940833551749,0.14264544057457174,0.22238631722307856,0.050210481385697225,-0.9736648465827309,-0.8786839395858507,0.4430411826247936,-0.17784556449997144],"T_pred":[98.71757937582305,53.86251489978427,691.1487573426357],"rotation_error":12.89619707869676,"translation_error":302.97188845097,"ADD":0,"ADD_S":0}}
{"id_image":1563,"data":{"Best_template_id":37,"GT_R":[0.325960609268765,0.9444599279766164,0.041782449642223586,0.33753319083649685,-0.07498101766203422,-0.9383228337685166,-0.8830750778095415,0.319959190556045,-0.343227442021232],"GT_T":[151.36265801858775,32.41681854757807,990.1491435681748],"R_pred":[0.373762427236203,0.9157721997737658,0.14718330784440126,0.23628433618409667,0.059440126528003234,-0.9698642089655519,-0.896923274567308,0.3972759110238787,-0.19416614035306076],"T_pred":[108.15389283888854,52.29143926204021,720.7523797529598],"rotation_error":10.88139487461823,"translation_error":273.56281598749655,"ADD":0,"ADD_S":0}}
{"id_image":1567,"data":{"Best_template_id":37,"GT_R":[0.33077939954848296,0.9430250888226409,0.035901135368635685,0.3365822908299838,-0.08234907817156607,-0.9380468091641638,-0.8816452710126782,0.3223696299828936,-0.34464441554192937],"GT_T":[150.69385915332444,32.75402051005263,990.2174486229645],"R_pred":[-0.10722113900107515,0.9531015975421802,0.28302115135419864,-0.6048235080962205,0.16340443094280818,-0.7794148548766815,-0.7891084535128827,-0.2547475941217134,0.5589378425940631],"T_pred":[127.28284585445495,89.99592998597414,688.9914059581412],"rotation_error":66.15437449305303,"translation_error":307.5090901479815,"ADD":0,"ADD_S":0}}
