{"id_image":1,"data":{"Best_template_id":22,"GT_R":[0.6155426282490462,-0.7872002747152219,-0.03771988906432555,-0.19894986552077276,-0.10889926681888931,-0.9739401059834828,0.7625789371251613,0.6070060649389416,-0.22364550906920733],"GT_T":[-31.677025422232273,-17.368816807616497,865.056765056294],"R_pred":[0.6789152908865824,-0.7338922942487944,0.02182036302695195,-0.2668169740887236,-0.2742986886132489,-0.9238879432935518,0.6840195392958628,0.6214196085313795,-0.3820404952281665],"T_pred":[-16.42583820502793,16.04562756354243,691.8091641664171],"rotation_error":11.211822658424191,"translation_error":177.0984331332877,"ADD":0,"ADD_S":0}}
{"id_image":36,"data":{"Best_template_id":22,"GT_R":[0.609160304011732,-0.7927779371553533,-0.020665842847375732,-0.18625494062652728,-0.11768910284587072,-0.9754267744096374,0.7708650760967027,0.5980404962914244,-0.2193500045932242],"GT_T":[-47.54392055014297,-20.624979740453274,857.3694396811588],"R_pred":[0.14556742558900354,-0.9888286442193547,-0.0320630157456,0.17958428664556514,0.05827903362066278,-0.982014785138312,0.9729129501642956,0.1371913503525436,0.18606161557680884],"T_pred":[-41.42310035706453,26.6230178997841,636.0240856897401],"rotation_error":37.71849102982765,"translation_error":226.4146714646256,"ADD":0,"ADD_S":0}}
{"id_image":47,"data":{"Best_template_id":22,"GT_R":[0.6245636521890725,-0.7806766111406835,-0.02154245471722178,-0.18248158481557564,-0.11905916022552619,-0.975974147637646,0.7593548693744658,0.6134888758861301,-0.21681937469597998],"GT_T":[-24.395090683468215,-21.783960857519098,865.0794295130081],"R_pred":[0.7250786214371749,-0.6881553875963892,0.026517074816605146,-0.2207647350220788,-0.2687379657438596,-0.9375728438572033,0.6523219485080948,0.673959990125464,-0.3467765955261213],"T_pred":[-8.100514742191692,13.929229651367432,693.5844847554645],"rotation_error":11.356765885968663,"translation_error":175.9302738553629,"ADD":0,"ADD_S":0}}
{"id_image":83,"data":{"Best_template_id":22,"GT_R":[0.6483560298162269,-0.7610510488761957,-0.02086610662784509,-0.1692011189126235,-0.11731610680604301,-0.9785743648106761,0.7422968557005021,0.6379953191679695,-0.2048329708565904],"GT_T":[-3.182798020397842,-14.00835493497242,873.8116262427217],"R_pred":[0.1933183057043597,-0.9301411596101384,0.3121945801558746,-0.3288202893423443,-0.36121660340176664,-0.8725822498445106,0.9243945315699422,0.06603020994967262,-0.37567906699414255],"T_pred":[-9.3695190766752,13.377400369869127,579.9426191023297],"rotation_error":37.63360956643155,"translation_error":295.20712807912446,"ADD":0,"ADD_S":0}}
{"id_image":112,"data":{"Best_template_id":22,"GT_R":[0.6647649468317126,-0.7464489096042396,-0.03001657167948718,-0.17934682759164805,-0.1204579130201553,-0.9763836821566041,0.725204605642379,0.6544489331842311,-0.21394953128846064],"GT_T":[7.423095042063199,-24.208037318315366,878.8066953601489],"R_pred":[0.3680651974490548,-0.9280967519670249,0.05625326137253428,-0.060318652407799156,-0.08420659906537603,-0.9946209875352268,0.9278414037961956,0.3626922492445923,-0.0869750638942175],"T_pred":[4.608742646636957,18.817699021035715,664.3886606141389],"rotation_error":21.820574636873122,"translation_error":218.71037513408032,"ADD":0,"ADD_S":0}}
{"id_image":1024,"data":{"Best_template_id":22,"GT_R":[0.9704843061877538,-0.24109489453234348,0.005747985968890892,-0.05702875853463301,-0.2525872788160113,-0.9658917605444589,0.23432352592357092,0.9370555030237454,-0.2588812841574994],"GT_T":[71.41915012233497,-8.855300323114646,1000.9610991395713],"R_pred":[0.9479546951862169,-0.26561411456191153,-0.17558769324727203,-0.27276410083987457,-0.3929411785650275,-0.8781782139639663,0.1642608936035022,0.880367180404528,-0.4449404302815828],"T_pred":[61.42821149050799,34.004905445052,737.6195829341948],"rotation_error":15.775741013428162,"translation_error":266.99357717102686,"ADD":0,"ADD_S":0}}
{"id_image":1027,"data":{"Best_template_id":22,"GT_R":[0.9736380541620182,-0.2280117975833827,0.006327552801320991,-0.05238012971444529,-0.25049721582618745,-0.9666989890232974,0.22200334685406545,0.9408839944912755,-0.25583655962012575],"GT_T":[82.84236377136222,-3.202382029485854,998.3668973579089],"R_pred":[0.9931248632181855,0.11703348844564673,-0.0024836747177830396,0.0161290579872668,-0.15782140704397774,-0.9873359392664195,-0.11594334627870831,0.9805078103008166,-0.15862400320504386],"T_pred":[72.8087755454701,43.794474586166615,677.1507683297738],"rotation_error":20.709147015975944,"translation_error":324.79097735660474,"ADD":0,"ADD_S":0}}
{"id_image":1059,"data":{"Best_template_id":16,"GT_R":[0.9782295367682443,-0.20533659652444655,0.030068581891794056,-0.026945973299812093,-0.269340018094528,-0.9626676876287587,0.20576934213763715,0.9409000441338533,-0.2690093747814608],"GT_T":[91.91297764509498,-19.065713859707213,1001.8789157884851],"R_pred":[0.986558527114093,-0.16334591723684783,-0.004514853322589829,-0.010948980761046015,-0.038510769854466116,-0.9991981987701494,0.1630410758022833,0.9858169363159012,-0.03978159969087356],"T_pred":[67.77646790832137,35.13848352121865,680.0764866126649],"rotation_error":13.729409513610213,"translation_error":327.2269388962995,"ADD":0,"ADD_S":0}}
{"id_image":1074,"data":{"Best_template_id":22,"GT_R":[0.9720666391967575,-0.2330252547325954,0.02801821557867495,-0.030242025096124513,-0.2427387114394296,-0.9696198404749345,0.23274730720654035,0.9416883561589471,-0.24300521444932932],"GT_T":[70.94316355038367,9.45383732412122,1021.7702223791538],"R_pred":[0.9974884882918335,0.05544295757858265,0.044077138974886326,0.05248843172079281,-0.16078707418992563,-0.9855924519338279,-0.04755712628790379,0.9854306648508473,-0.16329336946383813],"T_pred":[58.4094959047258,47.99428276435517,669.5298647482111],"rotation_error":17.48288625588425,"translation_error":354.56413849028473,"ADD":0,"ADD_S":0}}
{"id_image":1075,"data":{"Best_template_id":22,"GT_R":[0.9753413616980193,-0.2189650313230265,0.0276433081043366,-0.029026674271066397,-0.2514300277727176,-0.9674400189120506,0.21878504921969366,0.9427817294448778,-0.251586018994692],"GT_T":[70.64242007506556,4.9344578660135365,1021.8476864181793],"R_pred":[0.9995443287625501,-0.0034254730316270344,0.029990014557057056,0.02929179469888852,-0.12983437476076828,-0.9911029340556906,0.007288731161256036,0.9915297783047113,-0.12967487471776853],"T_pred":[60.38737110046629,50.230788709261624,706.0437501127259],"rotation_error":14.520284220679768,"translation_error":319.2006419218972,"ADD":0,"ADD_S":0}}
{"id_image":1083,"data":{"Best_template_id":22,"GT_R":[0.9780313373591235,-0.205354928639052,0.035843641878043966,-0.017878085000120187,-0.25394095581566345,-0.9670545037403808,0.20769186916315022,0.9451681778131037,-0.2520336458442211],"GT_T":[79.20271253418508,3.7819917966521115,1025.8829065431134],"R_pred":[0.9990746787323697,-0.03990869943226793,-0.016033777640876122,-0.024683676250232996,-0.2267612940781591,-0.973637525794262,0.03522076720609369,0.9731323708610373,-0.22753656044642717],"T_pred":[66.00590425380832,47.828171187770884,709.4104130201798],"rotation_error":10.138766838823889,"translation_error":319.7953420929813,"ADD":0,"ADD_S":0}}
{"id_image":1087,"data":{"Best_template_id":22,"GT_R":[0.9781633898893503,-0.20437162604170162,0.03779025743002367,-0.01517720103585421,-0.25158151558175584,-0.9677168866811864,0.20728102239022958,0.9460123045394955,-0.24918909060164895],"GT_T":[78.26439666042869,9.01921470967894,1031.4476322171918],"R_pred":[0.9879297520021179,-0.15315972070704836,-0.02317121192282179,-0.053243101851609055,-0.19527877389543905,-0.979301471749692,0.14546469404722426,0.9687147673174146,-0.20107640927496817],"T_pred":[70.76886864203377,59.524554518750335,831.9917790873897],"rotation_error":5.413368235577508,"translation_error":205.88737124272947,"ADD":0,"ADD_S":0}}
{"id_image":1090,"data":{"Best_template_id":3,"GT_R":[0.9779545593142098,-0.205908750224923,0.03473480903004677,-0.01796829558046872,-0.2487015648600766,-0.9684139585736745,0.2080433869712518,0.9464404617515472,-0.24691866720209713],"GT_T":[72.89907871903026,8.54890351586565,1036.0001815358567],"R_pred":[0.9998111091532971,-0.007178064957581891,0.01806160007083981,0.014531914703284559,-0.34100936399766896,-0.9399475714745805,0.012906179477703221,0.9400324936135825,-0.34084063942247156],"T_pred":[56.36333500169028,45.814428082147494,676.8003702976723],"rotation_error":12.68139366115989,"translation_error":361.5060919749942,"ADD":0,"ADD_S":0}}
{"id_image":1094,"data":{"Best_template_id":22,"GT_R":[0.9746062972822116,-0.2218161923623119,0.03066397641705661,-0.025143869345297144,-0.24447686041070354,-0.9693290348813769,0.22250899096794294,0.9439433332483262,-0.24384582451521],"GT_T":[62.386074124135206,7.719040257227053,1041.672097171815],"R_pred":[0.9699847087992277,-0.007699785679917165,-0.24304398366583863,-0.21534976397180966,-0.4914008286850751,-0.8438896282837627,-0.11293424570502503,0.870899499866721,-0.4783094367445956],"T_pred":[53.797178805890695,38.33397425570289,674.6133567513169],"rotation_error":26.05467237965994,"translation_error":368.4333891297061,"ADD":0,"ADD_S":0}}
{"id_image":1097,"data":{"Best_template_id":16,"GT_R":[0.9773503052495404,-0.21066074462768955,0.020226568626885776,-0.0317790558783001,-0.24058318486066024,-0.9701079278744418,0.20922930825959096,0.9474928827655434,-0.24182809189946655],"GT_T":[65.31385130629293,4.691967154641365,1042.171253687449],"R_pred":[0.6803977876770597,0.7327752055210568,-0.009967381689062749,-0.14265942054171615,0.11909709819075341,-0.982580363600476,-0.7188234416425665,0.6699674465047647,0.1855706883347171],"T_pred":[92.83531803187032,66.19403792813725,762.594928079302],"rotation_error":63.92729943407325,"translation_error":287.58104541278067,"ADD":0,"ADD_S":0}}
{"id_image":1103,"data":{"Best_template_id":3,"GT_R":[0.9813184153691814,-0.19059934870575695,0.026184896201150158,-0.02305861588120747,-0.25164195760495,-0.9675453697047125,0.1910034046083281,0.9488665920592696,-0.2513358489515997],"GT_T":[77.20907364209188,-0.13352676340733804,1041.7775499414865],"R_pred":[0.908303881561062,-0.2046264702558306,-0.36484526365535824,-0.2715695170562745,0.37494376175013433,-0.8863786848353701,0.3181729971995267,0.9041820520201107,0.2849925624604471],"T_pred":[51.13485823352155,61.24551141865886,596.2922403073121],"rotation_error":39.76284083345844,"translation_error":450.44912269554294,"ADD":0,"ADD_S":0}}
{"id_image":1104,"data":{"Best_template_id":22,"GT_R":[0.9819827904180536,-0.18743470230508466,0.02403463595344218,-0.024229502598290986,-0.2510253168385633,-0.9676773537966361,0.1874094436584719,0.9496606765856777,-0.2510438095485207],"GT_T":[76.11599337055287,-1.5489259832492128,1042.4338739017785],"R_pred":[0.998183370793558,-0.053960715666383594,-0.02679924319794441,-0.03833118459313817,-0.22559729943014215,-0.9734662699742163,0.046483099712665815,0.9727250894546715,-0.22725585094008882],"T_pred":[64.51799323802729,46.171652232091645,740.6721288615081],"rotation_error":8.359469056625077,"translation_error":305.73177453779596,"ADD":0,"ADD_S":0}}
{"id_image":1107,"data":{"Best_template_id":16,"GT_R":[0.9824045943466402,-0.18491183215446227,0.026241027570728947,-0.021973197103260244,-0.2539627264000438,-0.9669645835110253,0.1854676087078405,0.9493743564685055,-0.25355651569152626],"GT_T":[74.34839637479043,-4.565420291674821,1044.7031083120219],"R_pred":[0.944674645018163,-0.18621174856466088,0.2700277758977742,0.1210525301345675,-0.5671988265671463,-0.814635977654358,0.3048542274724539,0.8022534984886908,-0.5132769468375036],"T_pred":[4.213202895509106,3.9225650894506945,264.9027992562929],"rotation_error":22.556228967967986,"translation_error":782.9939420350689,"ADD":0,"ADD_S":0}}
{"id_image":1113,"data":{"Best_template_id":16,"GT_R":[0.9856410841603178,-0.1641693299165683,0.039506261822283534,-0.0032382091180128258,-0.2522978990391997,-0.9676440825361725,0.1688255393847147,0.9536218730584533,-0.24920650825221052],"GT_T":[87.16502573583541,2.486282117971389,1048.183336041645],"R_pred":[0.9739467597267241,-0.1929805017843405,0.119105982842501,0.05129217049992239,-0.3241445423974828,-0.944616021926017,0.22090002821009525,0.9261149181203111,-0.3058011379504473],"T_pred":[40.31688690677429,33.743829376333174,528.0286053784828],"rotation_error":6.098758954790715,"translation_error":523.1947306726458,"ADD":0,"ADD_S":0}}
{"id_image":1119,"data":{"Best_template_id":22,"GT_R":[0.9867542866700421,-0.1570150769857842,0.04076928980857365,-0.0006346449656860674,-0.255052071645434,-0.9669274498771084,0.16222115911165616,0.9540935705632273,-0.2517737155886345],"GT_T":[92.59646216982829,-0.5991531983577056,1054.8151514006527],"R_pred":[0.9995102536211414,0.028734159971248122,-0.01239358531454349,-0.006737798328606607,-0.18915024044147455,-0.9819250422586316,-0.030559040886211922,0.9815276535032924,-0.18886399982112986],"T_pred":[76.72907182754516,47.645165248444364,736.1291643090362],"rotation_error":11.760726967547289,"translation_error":322.70737008507996,"ADD":0,"ADD_S":0}}
{"id_image":1120,"data":{"Best_template_id":22,"GT_R":[0.9877206742522701,-0.1514367142775681,0.038400908759235505,-0.0011620990145990368,-0.25291276510524396,-0.967488196480516,0.15622506975529052,0.955563814321429,-0.24998316343548366],"GT_T":[92.93970326888943,-0.5753557328027847,1055.8878867428537],"R_pred":[0.9963120788637427,0.07813824980165696,0.03544933607475012,0.0460750031913236,-0.13868119516251384,-0.989264686617902,-0.07238325490834356,0.9872496847435457,-0.14176996996064842],"T_pred":[78.19419781265451,49.798785746895916,739.0072104726852],"rotation_error":14.845435306944943,"translation_error":321.1982986480717,"ADD":0,"ADD_S":0}}
{"id_image":1122,"data":{"Best_template_id":3,"GT_R":[0.988012403093751,-0.14942395925341603,0.03878802092481794,-0.0006157837691853447,-0.2550699420072691,-0.9669228743697277,0.1543745146823638,0.9553075427656402,-0.2521037453416847],"GT_T":[93.60324698426905,-0.8544495422921443,1058.3917048283513],"R_pred":[0.9988681502008601,0.04743645313023315,0.0034930543561826413,0.01171545353288729,-0.17418633301095374,-0.9846430162961173,-0.046099529963230766,0.9835694710118956,-0.17454491980733458],"T_pred":[76.63155280848257,47.27613010877412,719.641395605105],"rotation_error":12.454391341887582,"translation_error":342.57314999805374,"ADD":0,"ADD_S":0}}
{"id_image":1124,"data":{"Best_template_id":16,"GT_R":[0.988870918549674,-0.14530965656919795,0.03193119367637827,-0.005906291169018557,-0.25279920338222783,-0.9675009115024812,0.1486590995008761,0.9565446638432817,-0.25084335692816945],"GT_T":[92.66552245021252,-3.5485845045647153,1061.7738304410884],"R_pred":[0.9919478957851587,-0.06617253766440033,-0.10798410673080297,-0.09762350655801912,0.14364770097095336,-0.9848020049599188,0.0806785164384691,0.9874140637365932,0.13603103954787152],"T_pred":[92.56364125780367,67.84895431457092,837.6523070320789],"rotation_error":24.040739216141517,"translation_error":235.21920879125193,"ADD":0,"ADD_S":0}}
{"id_image":1126,"data":{"Best_template_id":16,"GT_R":[0.9889843861631091,-0.145113675748055,0.029195433347901745,-0.007992454124363094,-0.24930061418404342,-0.9683935779092779,0.14780617927737366,0.957492417501115,-0.24771366045049453],"GT_T":[92.48847317336751,-2.299393557877415,1065.129995108994],"R_pred":[0.9996168379946705,0.021478705903613837,0.017459736259243495,0.01895705599999259,-0.07160682730101126,-0.9972527725264524,-0.020169462693622336,0.9972016483523225,-0.0719865633160895],"T_pred":[70.26829070732181,47.81936938487649,679.7075197394736],"rotation_error":14.176059471520709,"translation_error":389.3020824857028,"ADD":0,"ADD_S":0}}
{"id_image":1128,"data":{"Best_template_id":3,"GT_R":[0.9900556304461792,-0.13976274645955822,0.016027520516723022,-0.01943859628918601,-0.24874935171824436,-0.9683731734449467,0.139329108907137,0.9584313277965568,-0.24899244921848265],"GT_T":[91.65137298121637,-2.8968111364084543,1067.8155613395386],"R_pred":[0.9952876590959068,-0.03674605730326909,-0.08973406780066895,-0.09473492501787027,-0.17110361025481924,-0.9806879465658918,0.020682592517590366,0.9845675608257829,-0.17377844669670497],"T_pred":[73.15085685603033,49.33051654056864,706.0851115978141],"rotation_error":9.433220925591414,"translation_error":365.9492876390482,"ADD":0,"ADD_S":0}}
{"id_image":1132,"data":{"Best_template_id":3,"GT_R":[0.9898404645979961,-0.14106919723662809,0.017729368537859988,-0.017196569166732005,-0.24257004690327608,-0.9699812399574632,0.14113520536882443,0.9598232252560199,-0.24253146592550762],"GT_T":[89.90972033230632,3.409166041643222,1073.5970981293158],"R_pred":[0.9902537078160492,-0.0743480538476451,-0.11777079878150869,-0.11902208909438382,-0.012614521252580946,-0.9928114706031437,0.07232797843279946,0.9971525664323568,-0.021340637131741093],"T_pred":[72.80337409675204,57.08453901206323,728.2743899064678],"rotation_error":15.29264372571076,"translation_error":349.88776137413913,"ADD":0,"ADD_S":0}}
{"id_image":1133,"data":{"Best_template_id":22,"GT_R":[0.9883020958345361,-0.15197240775070778,0.012804405630225975,-0.02426577532836389,-0.23957919533606375,-0.970573380284554,0.15056877707415572,0.9589090349810789,-0.24046384815349459],"GT_T":[88.01300224450974,3.3926209575196267,1074.8899439901459],"R_pred":[0.9856187604338483,0.1663058659548392,-0.029966948958062803,-0.0019470985258682183,-0.16614736802874552,-0.9860990117145697,-0.16897297975763653,0.9719760341932983,-0.16343414901939468],"T_pred":[68.88070898460167,46.12952364995137,637.9603343172668],"rotation_error":18.980365409202374,"translation_error":439.43141820541234,"ADD":0,"ADD_S":0}}
{"id_image":1540,"data":{"Best_template_id":22,"GT_R":[0.9949698085591572,0.01656539125476734,0.0987968196564996,0.09982346201040299,-0.24661225936769027,-0.9639595701813508,0.008396104107124363,0.968973244917651,-0.2470249720404131],"GT_T":[88.23962125907467,17.275266270064144,1028.6186189408902],"R_pred":[0.9254097629361602,0.35517597297436143,0.1321620175548026,0.14444308034777806,-0.008157736221887715,-0.9894794833039136,-0.35036119534287125,0.9347638629950614,-0.058851960345128754],"T_pred":[67.22672782485583,57.027645669393664,655.5429575632634],"rotation_error":23.985140735312047,"translation_error":375.7755213830988,"ADD":0,"ADD_S":0}}
{"id_image":1542,"data":{"Best_template_id":22,"GT_R":[0.9943554251899577,0.02083828346623292,0.10403250960375852,0.10595746501541024,-0.2456648461363521,-0.9635468661221028,0.0054785338583351936,0.9691311783870756,-0.2464861202751716],"GT_T":[89.19908163223667,18.801564238817576,1029.1527395681283],"R_pred":[0.9452102231921411,0.30123044740859295,0.1258485261220073,0.14953704208556984,-0.056820536913065496,-0.987122130047346,-0.2902004600571149,0.9518569452070672,-0.09875246246908972],"T_pred":[65.67042400794078,55.63827427659193,648.7921022146421],"rotation_error":19.48895300689808,"translation_error":382.86388623629495,"ADD":0,"ADD_S":0}}
{"id_image":1543,"data":{"Best_template_id":16,"GT_R":[0.9936678140916965,0.009020900034829075,0.11199063546653933,0.11074443606520931,-0.24672363760066773,-0.9627369755597773,0.01894602971920687,0.9690436725266193,-0.24616107050349728],"GT_T":[87.20876632364923,21.63227735367589,1029.725429192921],"R_pred":[0.9865444341851021,-0.052079417368100074,0.15497681654039558,0.15554766280606275,0.007068070247950992,-0.9878031013205725,0.050348822965066396,0.9986179332805761,0.015073797015454806],"T_pred":[65.11008226141892,69.41373728050185,787.6540497896727],"rotation_error":15.35492229022277,"translation_error":247.72963584563817,"ADD":0,"ADD_S":0}}
{"id_image":1568,"data":{"Best_template_id":22,"GT_R":[0.9917814046256088,0.015897168445401334,0.12695066824055426,0.12720586941812392,-0.22881219207504772,-0.9651238443960002,0.013705146233339769,0.973340720776329,-0.22895320067551903],"GT_T":[78.36524288102555,40.8244539223712,1035.3172103501315],"R_pred":[0.9234581823418687,0.35737278907454373,0.13967703853867158,0.1545612368046606,-0.013276698079166385,-0.9878939990533034,-0.3511919838824137,0.9338674525419527,-0.06749645575538134],"T_pred":[59.9457011768342,71.41320393212592,669.8031112199938],"rotation_error":23.434359384509552,"translation_error":367.2540099259202,"ADD":0,"ADD_S":0}}
{"id_image":1569,"data":{"Best_template_id":3,"GT_R":[0.99203825387268,0.018580403748881053,0.12456073882935877,0.12552489269162512,-0.22601044863733885,-0.9660032266542962,0.010203294686789254,0.973948201874772,-0.22654293125530978],"GT_T":[77.48921421136738,41.14501945644126,1035.4134625208758],"R_pred":[0.9451713595497886,-0.30714836882280877,0.11095485846186678,0.028552797877665348,-0.26073054848101385,-0.9649892843043114,0.3253242057089547,0.9152483054440897,-0.23766510169050953],"T_pred":[47.301842446777535,70.40713254427594,733.3093941580536],"rotation_error":19.176733953732,"translation_error":305.0154369827657,"ADD":0,"ADD_S":0}}
{"id_image":1571,"data":{"Best_template_id":22,"GT_R":[0.9918874660155522,0.0028166075649879796,0.12709070561068084,0.12443711317025645,-0.2258936234057219,-0.9661718809158402,0.02598757935647865,0.9741482473405109,-0.22441126354598684],"GT_T":[78.83868773222778,44.0283963788798,1036.2757798574125],"R_pred":[0.9581014255247176,0.2668480758128583,0.10408536324805388,0.136444717095674,-0.10569502353986227,-0.984993097019258,-0.25184220770987886,0.9579251883283386,-0.13767656293622102],"T_pred":[61.260292926928514,69.57888760505129,671.7557757479561],"rotation_error":16.828770894189756,"translation_error":365.8369322003832,"ADD":0,"ADD_S":0}}
{"id_image":1572,"data":{"Best_template_id":22,"GT_R":[0.9922277923600161,0.01725838650243732,0.1232274586990064,0.12392811305369071,-0.22593820585416313,-0.9662264381828054,0.01116628027274396,0.9739888624262503,-0.22632070278491376],"GT_T":[80.53020722306718,42.22600855591259,1036.0647685673841],"R_pred":[0.9247083934098376,0.37062939248034865,0.08688061111113995,0.11162940244590425,-0.04581081234349807,-0.9926934300084791,-0.3639412915113752,0.9276503775141132,-0.08373478029442548],"T_pred":[65.13306750006892,72.26764207114486,661.9209060789501],"rotation_error":23.336881008825767,"translation_error":375.66368136097117,"ADD":0,"ADD_S":0}}
{"id_image":1576,"data":{"Best_template_id":16,"GT_R":[0.99235694651022,0.008150356949705926,0.12312745852156871,0.12191595208437563,-0.21888289017705598,-0.9681046738397404,0.01906006408726249,0.9757175483349393,-0.2182033062189131],"GT_T":[86.00932902708239,52.264352331420014,1037.3064856418498],"R_pred":[0.9764876254219361,-0.21508940270931848,-0.014438360016887766,-0.055791149299743784,-0.18745624212673107,-0.9806872615403639,0.2082288766181154,0.9584345080024368,-0.1950487857241994],"T_pred":[32.26337025383186,60.093512319895545,514.7449826645443],"rotation_error":15.113655530371863,"translation_error":525.3764823671512,"ADD":0,"ADD_S":0}}
{"id_image":1577,"data":{"Best_template_id":16,"GT_R":[0.9915798231868004,0.02850670137161446,0.12632340635052397,0.12949891827134863,-0.21441787258499764,-0.9681191596257116,-0.0005118711535469387,0.9763264112285823,-0.21630414933613373],"GT_T":[86.78800630206025,53.79374225701284,1037.4547769905932],"R_pred":[0.9628564171866761,0.25736515343175115,0.08167433918611393,0.13891486360470132,-0.21277806922567166,-0.9671753480761813,-0.2315387236557298,0.9425967701279516,-0.24062657457610354],"T_pred":[63.359410310451636,71.93983929646889,675.725686022145],"rotation_error":13.491890329108651,"translation_error":362.94092522167193,"ADD":0,"ADD_S":0}}
{"id_image":1579,"data":{"Best_template_id":3,"GT_R":[0.9922693601859002,0.028146798037820157,0.12087069680080467,0.12410004322069056,-0.21668260382764576,-0.9683226337478567,-0.001064625812478271,0.9758366874815851,-0.21850036590024735],"GT_T":[86.59485075744595,53.01073059619022,1037.5259536596775],"R_pred":[0.9773082758533006,-0.07211348344120454,0.199168721074932,0.1981972858027305,-0.020457592202939457,-0.9799486327464767,0.074742021976126,0.997186608628111,-0.0057006774761378005],"T_pred":[47.01958702865604,75.58681230640259,646.398955079363],"rotation_error":13.591737708503354,"translation_error":393.7717739795919,"ADD":0,"ADD_S":0}}
{"id_image":1580,"data":{"Best_template_id":22,"GT_R":[0.9921305597131697,0.030725829273927065,0.12137781811059341,0.1251489581049094,-0.21399454785151117,-0.9687846347718879,-0.0037925779814489877,0.9763514602987428,-0.21615567439148564],"GT_T":[86.31940455685394,52.98186708784191,1037.7711701672083],"R_pred":[0.9183512219717382,0.3708439188117601,0.13822380758520314,0.15752141394304014,-0.02210096800675608,-0.9872682266550209,-0.3630675381418724,0.9284321919739217,-0.07871230941916921],"T_pred":[64.77707321747559,79.24655024935218,662.5222288032435],"rotation_error":22.701444529999698,"translation_error":376.7833244928528,"ADD":0,"ADD_S":0}}
{"id_image":1583,"data":{"Best_template_id":22,"GT_R":[0.9928847503863314,0.03175982282927475,0.11476807108027899,0.11888761951961702,-0.2094150534659167,-0.9705725827098775,-0.006791143260479112,0.9773108059812345,-0.21170063432703334],"GT_T":[87.63384242949769,54.732295777435446,1037.4242279912337],"R_pred":[0.9444191100378818,0.31606643858529027,0.09041322356418086,0.11518496327654182,-0.060552015491948774,-0.9914967865075734,-0.3079041552662733,0.946802756554856,-0.0935925817033003],"T_pred":[66.38490632382454,79.48440272137194,666.7552566264146],"rotation_error":18.73455759727457,"translation_error":372.10169364898104,"ADD":0,"ADD_S":0}}
{"id_image":1586,"data":{"Best_template_id":22,"GT_R":[0.9928225980280221,0.017297125077602428,0.11834214387659799,0.11933108037507689,-0.20952500458915813,-0.9704944539934918,0.00800877974403115,0.9776505466370004,-0.21008479676772204],"GT_T":[88.80596960419213,54.51357702356599,1036.9707802942517],"R_pred":[0.9324359091944537,0.348200381068397,0.09653895518667872,0.12712102191890587,-0.06602177525289962,-0.9896875117827589,-0.3382358955389057,0.9350923055058674,-0.10582466230853642],"T_pred":[69.24258499234257,78.26136693457813,674.428003584846],"rotation_error":21.061003555169478,"translation_error":363.8460505313953,"ADD":0,"ADD_S":0}}
{"id_image":1587,"data":{"Best_template_id":22,"GT_R":[0.9919854224618756,0.03145582748245708,0.12237096271124243,0.12626161405472877,-0.21076560979381992,-0.9693483098268835,-0.0047000091621743345,0.9770307911176607,-0.2130479536967493],"GT_T":[89.370112862545,53.875869441494025,1037.2136835651354],"R_pred":[0.9352460743939128,0.3202915228566021,0.1507584847263121,0.1820052122632948,-0.0697897323134679,-0.9808177689931025,-0.3036262225825825,0.9447447981597002,-0.12356529978282271],"T_pred":[67.86565528763285,81.28102683563708,685.6215086907529],"rotation_error":18.60198666078501,"translation_error":353.31365920423644,"ADD":0,"ADD_S":0}}
{"id_image":1588,"data":{"Best_template_id":22,"GT_R":[0.9906032727836535,0.04382622702779931,0.12955080083393253,0.13583932471774762,-0.20538995767319523,-0.969207129817018,-0.0158682549632877,0.977698819640981,-0.20941395744351296],"GT_T":[88.0521386360821,56.43508627106658,1037.3717329351487],"R_pred":[0.9078304250297925,0.38589334268705866,0.1641043797710312,0.16066825365230386,0.04138561739564192,-0.9861404275969528,-0.38733658703838636,0.9216146476389089,-0.024429686835173773],"T_pred":[64.46316222828641,80.56954141423981,653.7203065724657],"rotation_error":24.57089339306788,"translation_error":385.13287146535095,"ADD":0,"ADD_S":0}}
{"id_image":1589,"data":{"Best_template_id":22,"GT_R":[0.9908399574838755,0.03346607439176522,0.13082967197140968,0.13493923425331175,-0.20755495926976292,-0.9688720061352837,-0.005270000986411116,0.977651101733277,-0.21016960301507714],"GT_T":[86.99258689326004,57.12090520122745,1037.6141143604505],"R_pred":[0.879717730446203,0.46320220575237203,0.10742639957067682,0.1031897935803294,0.03456480966006178,-0.9940609339643182,-0.4641643903181615,0.8855783367490991,-0.01739046409008599],"T_pred":[67.5561760154623,80.70662553822302,635.302009988751],"rotation_error":29.36825123088749,"translation_error":403.47129959342925,"ADD":0,"ADD_S":0}}
{"id_image":1597,"data":{"Best_template_id":3,"GT_R":[0.9911576419645006,0.021220676554531213,0.13097890259242667,0.13260604717964228,-0.192844370653229,-0.9722278174261605,0.0046272140218517055,0.9809997173033322,-0.1939532325535656],"GT_T":[80.25638422376666,73.71640333892604,1041.2255110098745],"R_pred":[0.984461513541423,0.1598723073847653,0.07263865146876938,0.09247238032204999,-0.12033487269009614,-0.9884171069402998,-0.14927956066824546,0.9797756701133833,-0.13324882371175423],"T_pred":[53.005325850760364,84.01111208827291,636.6023332482617],"rotation_error":9.699286402055684,"translation_error":405.6704539310061,"ADD":0,"ADD_S":0}}
{"id_image":1605,"data":{"Best_template_id":22,"GT_R":[0.9915004196013264,0.05253038739832527,0.11903015479078326,0.1272121335743545,-0.19952468441307578,-0.9716002687489289,-0.027289051759141703,0.978484112528761,-0.20451193283457839],"GT_T":[94.62327903269662,59.1507324352424,1039.920774997203],"R_pred":[0.9579821199261925,0.26770531047728774,0.10297633050355444,0.13399365911554115,-0.10025728409272155,-0.9858976500140264,-0.25360590927371246,0.9582704961171509,-0.13191549966870172],"T_pred":[71.67436081676395,80.1481620344389,674.8601846127349],"rotation_error":13.753043616918031,"translation_error":366.3833778283495,"ADD":0,"ADD_S":0}}
{"id_image":1608,"data":{"Best_template_id":3,"GT_R":[0.9924739967490392,0.041763505868281606,0.11511291119804547,0.12123269811500649,-0.20263305785191676,-0.9717215953208801,-0.017256821522297655,0.9783635065814774,-0.20617123507212026],"GT_T":[96.44692003070084,55.89765566163784,1039.4441883711584],"R_pred":[0.9840935937168639,0.16551123151253216,0.06454324944277878,0.09820073430993326,-0.20404708454553364,-0.9740233072516579,-0.14804193522923725,0.9648682912872993,-0.217054753188935],"T_pred":[62.316321791430816,69.0637504606819,633.9026612980259],"rotation_error":7.680431850041531,"translation_error":407.1881309287343,"ADD":0,"ADD_S":0}}
{"id_image":1609,"data":{"Best_template_id":22,"GT_R":[0.9926652986376552,0.05119767410781428,0.10952219546859374,0.11768800710023626,-0.20184853875993863,-0.9723199707174488,-0.027673654058121937,0.9780780807056568,-0.2063932634594315],"GT_T":[96.19525578622171,53.90237989101915,1039.5074441790302],"R_pred":[0.9344890451245423,0.3455964826777608,0.08540079451024485,0.09378100231180689,-0.00756765561433527,-0.9955640884412695,-0.3434171634435498,0.9383527064751629,-0.039482275809826974],"T_pred":[69.89406322741664,75.1118887064961,631.9623048926065],"rotation_error":20.716222140681175,"translation_error":408.9433170381925,"ADD":0,"ADD_S":0}}
{"id_image":1611,"data":{"Best_template_id":22,"GT_R":[0.9923645122859117,0.060263526124619854,0.10761412585968023,0.11748530415697644,-0.19625701354316694,-0.9734883704027504,-0.03754582133891263,0.9786985791991643,-0.2018393088653405],"GT_T":[93.8904670002482,54.00558955049135,1039.17100831642],"R_pred":[0.9509273848799009,0.27950620804052784,0.13271544127296825,0.1714111137927521,-0.11878888509426799,-0.9780119788869609,-0.25759530033329747,0.9527672750702904,-0.1608700742877068],"T_pred":[70.3474018030741,79.04221904384528,682.9773825996116],"rotation_error":13.475302727347835,"translation_error":357.84774379133887,"ADD":0,"ADD_S":0}}
{"id_image":1619,"data":{"Best_template_id":22,"GT_R":[0.9938184571921945,0.050356926964659106,0.09893789804739778,0.10700815812710868,-0.1972254205557814,-0.9745005846819378,-0.029559796250106123,0.9790640756870019,-0.20139442212216088],"GT_T":[88.14054660514662,48.55006755822317,1038.435318311572],"R_pred":[0.936772219920829,0.3023817938542084,0.17613363883742572,0.1751963943795383,0.030449576330604623,-0.9840625217422397,-0.3029257852692817,0.9527004114866319,-0.024451882794404908],"T_pred":[63.897727061872786,76.23348094732627,664.584016117235],"rotation_error":19.781516431259128,"translation_error":375.6579319389931,"ADD":0,"ADD_S":0}}
{"id_image":1622,"data":{"Best_template_id":3,"GT_R":[0.9949055810593603,0.04452974799025128,0.09044673304609387,0.09755901683718791,-0.1991220389713694,-0.9751064379250424,-0.025411303130467848,0.9789626593269881,-0.20245140854026342],"GT_T":[89.46359047027846,47.14650690077083,1038.0999742837548],"R_pred":[0.9925696201108727,0.06604470484918404,0.10219415929661381,0.1118461533667085,-0.1644772952331792,-0.9800192127350609,-0.04791646074188109,0.9841673212996669,-0.17064201263408138],"T_pred":[58.370679881090034,70.49053807959034,671.5880895162671],"rotation_error":2.4241180571634526,"translation_error":368.56841231500175,"ADD":0,"ADD_S":0}}
{"id_image":1624,"data":{"Best_template_id":22,"GT_R":[0.9949291190173978,0.044152070738030146,0.09036906414036915,0.09742389859886767,-0.19980788132328633,-0.97497938738176,-0.024990993611539905,0.9788400360507138,-0.20309565673928612],"GT_T":[90.71704031959253,47.26150203685409,1038.5200072503453],"R_pred":[0.93026295773407,0.3533611212355191,0.09872561707599994,0.09752533107537406,0.021248508511591227,-0.9950061862544733,-0.3536942737259099,0.9352456462797406,-0.014694959962228981],"T_pred":[67.42681016643289,73.049076006944,645.3977267886515],"rotation_error":22.126061791969594,"translation_error":394.6549900701277,"ADD":0,"ADD_S":0}}
{"id_image":1626,"data":{"Best_template_id":3,"GT_R":[0.9943583845941651,0.05459704084804808,0.09094093558386522,0.10005793968944246,-0.19823506141866695,-0.9750343720051861,-0.03520627500328749,0.978632842865183,-0.20257968961675873],"GT_T":[90.80070480572589,46.57587700768161,1038.316764202892],"R_pred":[0.9487613359936544,0.3129512828490285,-0.043742678092255904,0.051810948222732994,-0.29061877141534115,-0.9554351654326414,-0.3117171040668071,0.9042135943814298,-0.29194215654478256],"T_pred":[67.29530830765385,61.540657087036784,633.4960390026004],"rotation_error":17.64525135768143,"translation_error":405.77859462894924,"ADD":0,"ADD_S":0}}
{"id_image":1631,"data":{"Best_template_id":22,"GT_R":[0.9934278126182745,0.057936712362889387,0.09871166164410443,0.10849091091321639,-0.20181170249481803,-0.9733972147515934,-0.03647412248328683,0.9777095852320186,-0.20677182470145902],"GT_T":[95.88541728927791,45.37953684804361,1036.9053282190414],"R_pred":[0.9169968940442886,0.38988887554877705,0.08428143945399741,0.12061536702860542,-0.06961931135042786,-0.9902550604382928,-0.38022181624636214,0.918226451486997,-0.11086728209853064],"T_pred":[73.48051979168676,71.69625034279773,670.8065363734788],"rotation_error":20.974702300514032,"translation_error":367.7266297561588,"ADD":0,"ADD_S":0}}
{"id_image":1639,"data":{"Best_template_id":16,"GT_R":[0.9927219356605411,0.06791508169986192,0.09945334309925487,0.11069525960038926,-0.18931406009520926,-0.9756574118650245,-0.04743386082369881,0.9795655355168511,-0.19545365099940962],"GT_T":[100.3056569836968,50.339411215281565,1034.2235574230742],"R_pred":[0.838798673253522,-0.5117411995761715,0.18584329529060872,0.5292263347791847,0.6862499084293179,-0.49897950835374316,0.12781342779348986,0.516896515597749,0.8464524321180633],"T_pred":[11.980541967146078,59.084351301774525,354.2390776486272],"rotation_error":73.53826432377278,"translation_error":685.7526468442748,"ADD":0,"ADD_S":0}}
{"id_image":1641,"data":{"Best_template_id":22,"GT_R":[0.9937285736260456,0.05057819788977407,0.09972822430978852,0.10786206020231907,-0.19836071765404334,-0.9741761263365147,-0.029489871243622033,0.9788230249332649,-0.20257244843754119],"GT_T":[99.28510576381042,51.30392272085582,1033.9064309604194],"R_pred":[0.9271769389310194,0.34995729800783415,0.1336892422207617,0.14591725544083944,-0.00868067792956733,-0.9892587125698191,-0.3450377928272761,0.9367254322381449,-0.05911333283737738],"T_pred":[75.67281075900999,76.80029260675573,679.9211262745688],"rotation_error":20.560287627240182,"translation_error":355.686942811072,"ADD":0,"ADD_S":0}}
{"id_image":1643,"data":{"Best_template_id":22,"GT_R":[0.9916479677389507,0.0750379860642774,0.10489982906584576,0.11750119387073149,-0.19025315916929006,-0.9746783875326737,-0.05318057075413778,0.9788629101188633,-0.1974811492952793],"GT_T":[99.00147808287636,52.67569517393276,1034.0039771714605],"R_pred":[0.9390382484303489,0.33152679160442733,0.09108871737672591,0.1257704581340381,-0.08466136505412558,-0.9884403093398844,-0.3199827492937965,0.93963952647579,-0.12119653641394504],"T_pred":[72.75800652041978,75.62258378734474,666.9306678001179],"rotation_error":16.193206188083984,"translation_error":368.72495704727555,"ADD":0,"ADD_S":0}}
{"id_image":1644,"data":{"Best_template_id":3,"GT_R":[0.9919596246255716,0.06372494158127315,0.10933547329655305,0.11966938260805293,-0.19132647118139795,-0.9742044534234681,-0.04116233490506748,0.9794555879524066,-0.19741355224938853],"GT_T":[96.70455597309831,53.80490280780473,1034.5151268511363],"R_pred":[0.9791233935387031,-0.1404035008486183,0.14698379902120307,0.07574326436424456,-0.41901455131989795,-0.9048147676102731,0.18862751159017482,0.897058338533028,-0.39963232994799336],"T_pred":[60.550070923367414,67.36485677399975,718.7180011789005],"rotation_error":18.301108530101864,"translation_error":318.1490904020038,"ADD":0,"ADD_S":0}}
{"id_image":1645,"data":{"Best_template_id":22,"GT_R":[0.9917525395065093,0.0726136680262544,0.10561326901898231,0.11767228457907825,-0.1892947297054957,-0.9748438600444999,-0.050794983500795816,0.9792319586902517,-0.19627757559944745],"GT_T":[96.02231160458496,52.5096598316499,1034.7194288878272],"R_pred":[0.9438966792492477,0.28984333668761464,0.15827159909482436,0.18750348876151715,-0.07584646576484531,-0.9793312796665088,-0.2718483043987995,0.9540640197642778,-0.12593786399143603],"T_pred":[68.04754543040848,76.65144115932144,664.1696408025197],"rotation_error":14.330552135237538,"translation_error":372.387645603663,"ADD":0,"ADD_S":0}}
{"id_image":1648,"data":{"Best_template_id":22,"GT_R":[0.9911470758174448,0.07866212333073433,0.1069553057867485,0.12011493842075184,-0.1880582300412383,-0.9747849408184944,-0.05656503981357498,0.9790025022970988,-0.19584206055200226],"GT_T":[93.85849609579586,52.863691927752015,1035.271630247658],"R_pred":[0.8684875181776337,0.4303624461389355,-0.24600324331798173,-0.11699430757687693,-0.30429081426864313,-0.9453673531206445,-0.48170713381084707,0.8498207253915605,-0.21392281769530946],"T_pred":[74.24621032594635,68.69587446661336,603.3150522015507],"rotation_error":29.878832296072293,"translation_error":432.6913277087547,"ADD":0,"ADD_S":0}}
{"id_image":1649,"data":{"Best_template_id":22,"GT_R":[0.9926271779408797,0.06434122683188087,0.10272299228026306,0.1133009313600595,-0.19141962659128015,-0.974946546645658,-0.04306614654511005,0.9793969747347343,-0.1972973758700672],"GT_T":[92.46379172585942,50.433705673956695,1035.687023062197],"R_pred":[0.9460763797062051,0.3230513039734581,-0.02402787470937995,0.0575128589792262,-0.24049811013661448,-0.968944234759025,-0.31879735697467276,0.9153133419882863,-0.24610918545271293],"T_pred":[77.10197489714115,73.49508087646123,738.8469334078925],"rotation_error":16.92426477046112,"translation_error":298.1305943181367,"ADD":0,"ADD_S":0}}
{"id_image":1724,"data":{"Best_template_id":16,"GT_R":[0.9931196639814763,0.10395641688657614,0.053901914164202924,0.0731041865918318,-0.190817354392642,-0.9788993867170185,-0.09147786319068402,0.9761053126510679,-0.1971043047867129],"GT_T":[82.28753796131191,25.37246531130031,1014.2368787731194],"R_pred":[0.983684861059586,0.17807337881093213,-0.025572756617960386,0.14907411161593923,-0.886422731449986,-0.43821416044516925,-0.10070254896526537,0.4272523995574563,-0.8985067521751264],"T_pred":[23.534611423668142,-3.3355407034952664,308.5362890318325],"rotation_error":52.900016238206724,"translation_error":708.7237673080277,"ADD":0,"ADD_S":0}}
