{"id_image":1,"data":{"GT_R":[-0.527019631356639,0.849689437722372,-0.01668907860214905,0.47864084546981334,0.2805350591724363,-0.8319873891286671,-0.702249882723733,-0.4464617074692194,-0.5545438679878207],"GT_T":[138.41140817152322,108.32771259697988,916.1397167692343],"R_pred":[0.6211168256101905,-0.6945816551423951,-0.3630016711856447,-0.5879426180277092,-0.10670297293167463,-0.8018341184274124,0.5182059116322809,0.7114568152089015,-0.4746491685889312],"T_pred":[138.14055533849458,103.63188290004851,668.3765091809338],"rotation_error":170.75614019208518,"translation_error":247.8078513934597,"ADD":0,"ADD_S":0}}
{"id_image":2,"data":{"GT_R":[-0.5268708041016987,0.8498179865338618,-0.014701807947134705,0.4795351639128693,0.28293177451281254,-0.830660957749086,-0.7017507228608958,-0.4447010684956408,-0.5565856691478399],"GT_T":[136.60578327961542,109.16702018586635,916.2231195914334],"R_pred":[0.16548882897785522,-0.9860700787409059,0.016710694044284047,-0.4638563058047681,-0.09277820130083547,-0.881038894106574,0.8703164798213875,0.1380507340628262,-0.47274857987732044],"T_pred":[120.9746941650475,117.83755976254032,734.4103092480352],"rotation_error":157.76423813320147,"translation_error":182.68937355090662,"ADD":0,"ADD_S":0}}
{"id_image":3,"data":{"GT_R":[-0.5246757185215108,0.8512377326370162,-0.010437991698702855,0.4763761504115206,0.28341739720493586,-0.8323110967102547,-0.7055365655177843,-0.44166609756810576,-0.5542114555426777],"GT_T":[138.0707763037109,109.52463252022977,916.2849860861637],"R_pred":[0.3346657422235475,-0.9395432313017081,-0.0725076375087993,-0.7473669155102171,-0.2177700636522948,-0.6277092423866482,0.5739699770743296,0.2642625888997924,-0.7750637067527242],"T_pred":[101.3612926480905,76.41437886041945,558.7608301164738],"rotation_error":168.8177382539943,"translation_error":360.92575024444903,"ADD":0,"ADD_S":0}}
{"id_image":4,"data":{"GT_R":[-0.5235933115780087,0.8519141480655567,-0.009663571161766329,0.47627114218997624,0.2832782474541612,-0.8324182792209509,-0.7064110240051463,-0.4404512526362298,-0.5540650428388748],"GT_T":[137.18463470718876,109.97227327800306,916.438797306608],"R_pred":[0.4982267763106768,-0.8634625410080974,-0.07875607686337704,-0.5854215704922614,-0.2680052292926962,-0.7651501694923313,0.6395714691646623,0.4273238085428998,-0.639016978243103],"T_pred":[124.62881834991983,102.53408290210544,661.210016503096],"rotation_error":178.6887062215188,"translation_error":255.64566444771313,"ADD":0,"ADD_S":0}}
{"id_image":5,"data":{"GT_R":[-0.5241168544034174,0.8515866194603301,-0.010123896522182587,0.47558674529942324,0.28280169886837486,-0.8329714921769336,-0.7064845577164832,-0.4413891575412524,-0.553224279597065],"GT_T":[137.0432379657389,110.76134085718786,916.2247137603248],"R_pred":[0.49134579085834784,-0.8709586862111729,0.0032063560456925266,-0.5470326345096928,-0.3114654661303091,-0.7770100129275129,0.6777422892126247,0.38002661791187287,-0.6294800704480596],"T_pred":[121.8908566094721,105.60270730490991,669.85963710862],"rotation_error":177.8404288002588,"translation_error":246.88450164903594,"ADD":0,"ADD_S":0}}
{"id_image":7,"data":{"GT_R":[-0.5250415909584712,0.8509381676014511,-0.015334616138499327,0.4730061102150705,0.2767778250054327,-0.8364567437327696,-0.7075289655692701,-0.4464278211470482,-0.547818677773725],"GT_T":[139.71235755568372,113.03954909060278,912.6055529859003],"R_pred":[-0.13033991486500723,-0.1305632116685747,0.9828350595861799,-0.9907919713311888,0.053789623476806936,-0.12424953099259778,-0.036643909980237865,-0.9899797594723898,-0.1363719168170261],"T_pred":[75.76960747643643,78.52253549622596,717.371965659389],"rotation_error":115.62581450074619,"translation_error":208.31767360344148,"ADD":0,"ADD_S":0}}
{"id_image":8,"data":{"GT_R":[-0.5274627619072952,0.8495311722949901,-0.008954861257064435,0.47008320525881336,0.28305602445006267,-0.8360030012977981,-0.7076767193660425,-0.4451704352089566,-0.5486519587069192],"GT_T":[136.68382478036946,112.22573911698883,911.5474401015268],"R_pred":[0.20610452517311173,-0.9785114626305479,0.0060201498147259835,-0.4338591459700921,-0.09689504733459708,-0.8957553188567335,0.8770901699148544,0.18200732760702737,-0.4445066552213587],"T_pred":[127.5504561244547,125.80998207451466,768.7452389703406],"rotation_error":160.0856738904061,"translation_error":143.73732545044004,"ADD":0,"ADD_S":0}}
{"id_image":9,"data":{"GT_R":[-0.528288658770596,0.8490465199955919,-0.005572856979540665,0.46842498371430247,0.28597371325046417,-0.835941579576948,-0.7081596188918525,-0.4442288068359174,-0.5487907939833975],"GT_T":[135.12275260420702,111.03673948264597,910.8000872021918],"R_pred":[0.34259694943586283,-0.9367120977501827,0.07209560434376877,-0.3474852994339902,-0.19763989940216875,-0.9166201158831127,0.872858119578727,0.28897909282983236,-0.3932045103921571],"T_pred":[130.1265126070042,131.07386525000138,774.5166132998426],"rotation_error":168.5884251122532,"translation_error":137.8391601904871,"ADD":0,"ADD_S":0}}
{"id_image":10,"data":{"GT_R":[-0.5279783536305551,0.8492271783937255,-0.007222066508405109,0.4685998259759537,0.28422269137832046,-0.8364403798679078,-0.7082753393018354,-0.44500642361327086,-0.5480109478435051],"GT_T":[133.68342434692792,111.95968308332228,909.729632943103],"R_pred":[0.7378886094707808,-0.6576618363514396,0.15166182453119031,0.4359508934911257,0.2928897723953417,-0.8509773203149975,0.515235109903786,0.6940435794912716,0.5028282920534368],"T_pred":[112.95393072037167,127.11319357819048,568.8915919101443],"rotation_error":161.73207271411457,"translation_error":341.8039072355908,"ADD":0,"ADD_S":0}}
{"id_image":12,"data":{"GT_R":[-0.5275669978045218,0.8494806683953732,-0.007503470802725754,0.46671920946034273,0.2824521600656212,-0.8380906936419599,-0.7098216508498032,-0.4456511495896774,-0.5454809118420286],"GT_T":[132.51339616988892,113.89838151048231,909.1729649811869],"R_pred":[0.2731935753238883,-0.9619589317766162,-0.0005328948700882852,-0.43173966372631084,-0.1221177471995405,-0.8936935260951604,0.8596313937771487,0.2443814014897629,-0.44867760969169856],"T_pred":[130.45342591215166,133.7723296736466,807.1618710208878],"rotation_error":164.01166389301974,"translation_error":103.94941358195274,"ADD":0,"ADD_S":0}}
{"id_image":13,"data":{"GT_R":[-0.526504677953722,0.8501604011601553,-0.0044484932380587285,0.465647561161412,0.28399008125927827,-0.8381665460081001,-0.7113127866186238,-0.44337019011912043,-0.5453972624004203],"GT_T":[128.7511483482993,113.62338668054811,909.6486094377085],"R_pred":[0.25939964113263636,-0.9647724172401182,-0.04388632033924128,-0.4880947988038329,-0.09175250721408434,-0.8679544600960208,0.833351842597654,0.24656776016460158,-0.49470096632865623],"T_pred":[120.69949793819517,122.38666825682512,768.249577277935],"rotation_error":163.2084103971426,"translation_error":141.8989445839267,"ADD":0,"ADD_S":0}}
{"id_image":14,"data":{"GT_R":[-0.5233653143835564,0.8520876095427238,0.005932337198391657,0.4667619982056777,0.29250330001707703,-0.8346116944999659,-0.7128977476144243,-0.4340378504022931,-0.5508080032473214],"GT_T":[119.51422635585357,110.113380179381,911.3509220991135],"R_pred":[0.21563382865558922,-0.9751163914506896,-0.05147887978110799,-0.5321555879765544,-0.07314953319060213,-0.8434806316563084,0.8187261337740844,0.20927773153917428,-0.5346871505442762],"T_pred":[112.41651483340416,116.76117534764109,753.0854696409633],"rotation_error":160.89541511776838,"translation_error":158.5639433516903,"ADD":0,"ADD_S":0}}
{"id_image":15,"data":{"GT_R":[-0.5210971365544226,0.8534383015694822,0.010094248918682212,0.4656944263241516,0.2942177329447577,-0.8346048141671202,-0.7152534880361195,-0.4302094469679049,-0.5507573571496418],"GT_T":[111.37172855242844,110.19625436269442,913.1585578638791],"R_pred":[0.5403023058681398,-0.8414709848078965,0.0,0.8414709848078965,0.5403023058681398,0.0,0.0,0.0,1.0],"T_pred":[0.0,0.0,0.0],"rotation_error":178.877280967876,"translation_error":926.5017151610475,"ADD":0,"ADD_S":0}}
{"id_image":16,"data":{"GT_R":[-0.5203273337723323,0.8539160886091794,0.009278610749373951,0.46267246959958896,0.2910249745426678,-0.8374000080708573,-0.7177703060502982,-0.4314296226370845,-0.5465115228196605],"GT_T":[109.63618699195979,113.08625687015535,914.0485945378774],"R_pred":[0.03360623517383654,-0.9968981345240863,0.07116691885867893,-0.527730562828948,-0.07817100267333355,-0.8458071573339205,0.8487467667176605,-0.009132563903014923,-0.5287206467151389],"T_pred":[99.82462092908628,127.77610710083201,800.9706713829677],"rotation_error":150.6359731765177,"translation_error":114.44944400665962,"ADD":0,"ADD_S":0}}
{"id_image":17,"data":{"GT_R":[-0.5181331479313028,0.855216048788818,0.011985457478344029,0.45984662872447835,0.2903591380206573,-0.8391863504344944,-0.7211658523501225,-0.4292987913355228,-0.5437130613021848],"GT_T":[105.8335175736915,114.02383655495713,914.746250419166],"R_pred":[0.45266467827945944,-0.8775581239829529,0.15807095896993245,-0.5463331618686058,-0.4130566823502675,-0.7286317680477856,0.7047089933304422,0.2434664580538988,-0.6664152748263532],"T_pred":[90.89478579661896,104.91383593346254,669.5853170614934],"rotation_error":175.2904575761955,"translation_error":245.78454195338682,"ADD":0,"ADD_S":0}}
{"id_image":18,"data":{"GT_R":[-0.5159729238305898,0.8564702640731731,0.015189707166667833,0.4589058722896807,0.29134995162209837,-0.8393582339652607,-0.7233100478709923,-0.4261156348735854,-0.5433681178328644],"GT_T":[102.71885394122572,112.77035211759006,915.8392249988358],"R_pred":[0.35851792206243804,-0.9174300224661673,-0.17258926223192148,-0.7410894074767065,-0.16728318673675413,-0.6502329010139523,0.5676719032027703,0.3610242226124498,-0.7398716922556375],"T_pred":[86.2568821142058,78.97946439787299,576.5209023013772],"rotation_error":171.65549333268825,"translation_error":341.39382643442275,"ADD":0,"ADD_S":0}}
{"id_image":19,"data":{"GT_R":[-0.5148984468265893,0.8571573000441733,0.01272211626482109,0.4603228015065316,0.28897695530590345,-0.8394024436493513,-0.7231763263982061,-0.4263503167886293,-0.5433620896021016],"GT_T":[100.60749189939129,111.42576791143071,916.3869007549321],"R_pred":[0.31977225544200505,-0.9473597264933327,-0.01597664758362416,-0.3962337128735753,-0.11839014231935518,-0.9104848263337638,0.8606651784706725,0.2974782728538018,-0.413233744686908],"T_pred":[102.72517718655165,130.26008487600342,784.6263124010231],"rotation_error":167.67984258985845,"translation_error":133.11674849494216,"ADD":0,"ADD_S":0}}
{"id_image":20,"data":{"GT_R":[-0.5114457555498015,0.8592494582221353,0.01067666020138465,0.4601386313011599,0.2843370247016541,-0.8410862578272591,-0.7257382520334844,-0.425257253463845,-0.5407965592422702],"GT_T":[98.06684058981588,112.03007994162428,918.8302334347984],"R_pred":[0.19543132413847175,-0.9795549794171947,0.04773510075890569,-0.5659098980465038,-0.15239003973844212,-0.8102612313825164,0.8009697777310198,0.1313366593434419,-0.584121645784528],"T_pred":[82.69390889331844,103.6638735989112,682.9566993832749],"rotation_error":160.44213733687255,"translation_error":236.52197467353693,"ADD":0,"ADD_S":0}}
{"id_image":21,"data":{"GT_R":[-0.5107101603055013,0.8596311227776021,0.01445043271585269,0.4577473047920509,0.2860997490741498,-0.8417933309852039,-0.727766211096346,-0.42329756661135115,-0.5396081364786712],"GT_T":[92.44305761736284,109.92090921735456,919.8467409920671],"R_pred":[0.6129573024345681,-0.7788507244889393,0.1329469606842954,0.27713960968420737,0.054362126975539174,-0.9592905690638163,0.7399168751530285,0.624849028257026,0.24917204849265875],"T_pred":[105.06781297958578,151.27190995141822,774.2676139403864],"rotation_error":169.76076700389177,"translation_error":151.86366235144575,"ADD":0,"ADD_S":0}}
{"id_image":23,"data":{"GT_R":[-0.5121508712771081,0.8588370180482505,0.009991447589283785,0.45870387824751696,0.2833377346753014,-0.8422060928805635,-0.7261489254147909,-0.42675369136601676,-0.5390639771364725],"GT_T":[95.62760143494933,107.76131289374486,919.420547759667],"R_pred":[0.2672145738017403,-0.9630897904095986,-0.03247194414798599,-0.4307995803040353,-0.08924957741140083,-0.8980235155839482,0.8619791721137011,0.25395387089131366,-0.4387474652935292],"T_pred":[92.9855635052996,111.22549327261494,718.4078863738804],"rotation_error":164.65287981755864,"translation_error":201.05986906271465,"ADD":0,"ADD_S":0}}
{"id_image":24,"data":{"GT_R":[-0.5119340694563114,0.858994122345972,0.0072596289245621575,0.461344071623551,0.2820564505652563,-0.8411934746855592,-0.7246281631211803,-0.42728698881612065,-0.5406865397838281],"GT_T":[98.65811930815588,105.65703572027675,919.1765867647982],"R_pred":[0.4491411931301872,-0.8750289564246909,0.18054504715418798,0.6624474880020688,0.1905458441041529,-0.7244691897757866,0.5995294106825292,0.44499056924046376,0.665242721879546],"T_pred":[109.46416439038624,157.17956218645085,797.2577033250001],"rotation_error":176.26297608504456,"translation_error":132.79892877197426,"ADD":0,"ADD_S":0}}
{"id_image":25,"data":{"GT_R":[-0.5143453513780258,0.8575564731834315,0.00682089536760605,0.46144981175220307,0.283455208990614,-0.8406656808312876,-0.7228514506908903,-0.42924516110250066,-0.5415126464994077],"GT_T":[100.3171937644081,104.76131280025075,918.4578989352217],"R_pred":[0.2157702132832673,-0.9756617988790894,0.03908029257455642,-0.4573415649802173,-0.13634187799834496,-0.878777324039105,0.8627177452684855,0.171740928470484,-0.47562921008592074],"T_pred":[102.15504020913421,119.73046038639728,781.9196287908165],"rotation_error":161.63201684440176,"translation_error":137.36867282257913,"ADD":0,"ADD_S":0}}
{"id_image":26,"data":{"GT_R":[-0.5151054551595742,0.8571100538016945,0.005310831708122722,0.4620070958052841,0.28286526102177706,-0.8405579442435457,-0.7219528785262365,-0.4305223188738938,-0.5416961382483813],"GT_T":[102.06173443016999,104.08114446972807,917.6458773187616],"R_pred":[0.2652476360272421,-0.9632197482941327,-0.04302799179775846,-0.39781638610983844,-0.06868001013433633,-0.9148908017629513,0.8782857248779969,0.2597898625892386,-0.4014018096264595],"T_pred":[107.84263807036706,92.72861366284017,756.6827485911326],"rotation_error":164.27373843913568,"translation_error":161.4664906796634,"ADD":0,"ADD_S":0}}
{"id_image":27,"data":{"GT_R":[-0.5195974268434018,0.8544105342110822,0.0008666298856557899,0.46122252332561625,0.2813398929453866,-0.8415000837778124,-0.7192303676782454,-0.4368420270019127,-0.5402574098162624],"GT_T":[111.07959856049453,102.37660674618601,913.4985640642411],"R_pred":[0.22727476394108115,-0.9735457740807141,-0.02355435087429314,-0.4443746961389277,-0.08215650956996379,-0.8920658256915328,0.8665317715507964,0.21321100746646238,-0.451291208853191],"T_pred":[111.6645779937043,117.9137676499867,768.0908542115857],"rotation_error":161.79390940476404,"translation_error":146.23661530027937,"ADD":0,"ADD_S":0}}
{"id_image":28,"data":{"GT_R":[-0.5212952257892336,0.8533729273376442,-0.0026309672640602126,0.45965890457526376,0.27818844718089214,-0.8434014681483549,-0.719003665723941,-0.4408700952736395,-0.5372776931752592],"GT_T":[113.08478006762735,102.83400034603284,912.524695873546],"R_pred":[0.26830535228564123,-0.960280930599359,-0.0766340150462359,-0.6013770573732445,-0.10481718898931036,-0.7920599672736127,0.7525675204258917,0.2585998670139026,-0.6056139331128512],"T_pred":[98.88436804825999,92.31665727255677,650.4526789861329],"rotation_error":164.41117895598208,"translation_error":262.66710536776674,"ADD":0,"ADD_S":0}}
{"id_image":29,"data":{"GT_R":[-0.5216232991683486,0.8531654301225405,-0.00428411095697577,0.4613465002972865,0.2778350635360875,-0.8425963695854088,-0.7176840891805245,-0.4414942712807629,-0.5385296111330059],"GT_T":[115.27421632105515,103.04011104222273,912.2675106931387],"R_pred":[-0.16853617750415667,-0.9633935809017515,-0.20849068360381934,0.424279699252696,0.12001616965071199,-0.897542676324872,0.8897091062107487,-0.23972677635106204,0.38852127229535155],"T_pred":[97.28086071278638,133.07553991626847,682.8076032645063],"rotation_error":138.14621369112453,"translation_error":232.1157835022212,"ADD":0,"ADD_S":0}}
{"id_image":30,"data":{"GT_R":[-0.5224576258814129,0.8526640162198827,-0.0011437224935785012,0.45893226268798964,0.2800736953599956,-0.8431734146277137,-0.7186235113198993,-0.4410473745588327,-0.5376416618740261],"GT_T":[113.9929580717995,103.15734123119441,912.1093061050957],"R_pred":[0.16244079574404913,-0.9867182891361199,-7.591000358303512e-05,-0.5323576616658634,-0.08757584472913582,-0.8419773105527443,0.8307877634773482,0.13681187559662678,-0.5395129310332043],"T_pred":[107.21547328329828,112.68060500245572,759.4171398049463],"rotation_error":157.85136970829492,"translation_error":153.13890590685267,"ADD":0,"ADD_S":0}}
{"id_image":31,"data":{"GT_R":[-0.5227994402911542,0.8524546412830183,0.0012405934344130436,0.4575943708293434,0.28186307715030773,-0.8433036914620327,-0.719228592211153,-0.4403109452729573,-0.5374357230595772],"GT_T":[113.0624968093849,103.794447433142,912.3928306501479],"R_pred":[0.2751601810490547,-0.9595731702681713,0.05921322205844154,-0.30828462328583534,-0.1464044281340407,-0.9399608153897986,0.9106302574648846,0.240385262285847,-0.3361063222630639],"T_pred":[77.9403613185028,90.7254177336969,523.4567175028516],"rotation_error":164.971690288262,"translation_error":390.7373338303512,"ADD":0,"ADD_S":0}}
{"id_image":32,"data":{"GT_R":[-0.522099909471244,0.8528841230916543,-0.0007473738574520672,0.4576887915072914,0.2794377700181638,-0.8440595269573852,-0.7196761221287287,-0.44102507175454697,-0.5362505001787075],"GT_T":[112.91323072519846,103.49916209279158,912.317325515482],"R_pred":[0.06908189763386241,-0.9958527060989248,-0.05920370913002476,-0.2273819933220182,0.042065569746604914,-0.9728966630402218,0.9713522123988856,0.08067140507851311,-0.22353300398475462],"T_pred":[87.21820375449194,106.89179441866062,622.3581139444876],"rotation_error":152.3298014159417,"translation_error":291.1152499268916,"ADD":0,"ADD_S":0}}
{"id_image":33,"data":{"GT_R":[-0.5208800948214181,0.8536266938061653,-0.0020973410018318077,0.45897663536770705,0.27799310723151577,-0.8438373348784608,-0.7197393799384991,-0.44050140886935063,-0.5365956592105325],"GT_T":[112.13444336357725,103.93281233382893,912.6610826219367],"R_pred":[0.4869299971441182,-0.8661289065736736,-0.11278251229123215,-0.7608321699211095,-0.35718191643935,-0.5418076114100366,0.428991360162842,0.349630942232243,-0.8329013249715892],"T_pred":[71.81773821502883,45.94106216880292,383.4515460602882],"rotation_error":179.40133641755304,"translation_error":533.9018761804763,"ADD":0,"ADD_S":0}}
{"id_image":34,"data":{"GT_R":[-0.5198048085965637,0.8542851775289861,0.00022489291161215423,0.4578868451958667,0.27883204170929565,-0.8441521789218523,-0.7212098842327203,-0.43869189716270085,-0.5361037677941615],"GT_T":[111.2367270945416,104.53164986440082,913.124640601859],"R_pred":[0.3337965776433879,-0.9293706459948311,-0.15763897714940694,-0.2984411573882887,0.05443630507554015,-0.9528743696135713,0.8941547518915838,0.36511216229108623,-0.2591917988996325],"T_pred":[113.01616831845935,120.9206910461094,740.5137322995697],"rotation_error":167.2501888958873,"translation_error":173.39634582904696,"ADD":0,"ADD_S":0}}
{"id_image":35,"data":{"GT_R":[-0.5186772824894034,0.8549704301635669,0.0007036950407505161,0.45872140786644133,0.27898260238880424,-0.8436496601962804,-0.7214913779773808,-0.4372589925781387,-0.536894356502092],"GT_T":[111.13405190837118,104.92891267475747,913.5000654354551],"R_pred":[0.2502801032717399,-0.9646106649971126,-0.0829827384467135,-0.2817774245896839,0.009426741447839282,-0.9594334888554186,0.9262620325252959,0.26350977499801415,-0.26944618309154744],"T_pred":[107.00696781909038,119.33727574880568,730.772635987825],"rotation_error":162.80770610902675,"translation_error":183.34106801830364,"ADD":0,"ADD_S":0}}
{"id_image":36,"data":{"GT_R":[-0.5193650047205094,0.8545525804478199,-0.0008776816927704291,0.4576614493105828,0.2772813889395513,-0.844785200674974,-0.7216699073266336,-0.4391536340365133,-0.5351050736550276],"GT_T":[111.96662472212093,102.44335921961601,913.0973649069099],"R_pred":[-0.21120441978493548,-0.9686044638115558,0.13114147226425793,0.851202155851259,-0.24821464788222475,-0.46243310700129625,0.4804660060165317,0.013959987859290646,0.8769022384516365],"T_pred":[62.48144221224802,115.89309133075827,499.149553625654],"rotation_error":156.1246170871646,"translation_error":417.1120581407821,"ADD":0,"ADD_S":0}}
{"id_image":37,"data":{"GT_R":[-0.5178286875881128,0.8554722125757624,0.0045254050590774544,0.460958819103041,0.2834731660125658,-0.8409279860407771,-0.7206739529776481,-0.43337113494988816,-0.5411285757498868],"GT_T":[108.76871369885242,98.80474483188056,913.0128190155117],"R_pred":[0.2552412876970409,-0.9650057046149276,-0.06013214710455478,-0.36650306003802885,-0.03901319507002443,-0.929598557224133,0.8947219635381249,0.25931054870767506,-0.36363532184237385],"T_pred":[107.71006874590918,114.44920976662684,756.7937562892691],"rotation_error":163.4017475206477,"translation_error":157.00403043010266,"ADD":0,"ADD_S":0}}
{"id_image":38,"data":{"GT_R":[-0.5188983115663569,0.8548274625114387,0.0038213867561444665,0.4600509827122359,0.28302236689974275,-0.8415770890323854,-0.7204851861393597,-0.4349347444491925,-0.5401239267993923],"GT_T":[108.92479395911091,97.53973798052712,912.5841745702554],"R_pred":[0.2155183720381727,-0.9706271093857233,-0.10693383860841582,0.3288019560815391,0.17524459403712206,-0.9279970937118918,0.9194787137236888,0.16484036758718784,0.356912521807167],"T_pred":[103.97034918254322,129.8848552897797,706.8137063108921],"rotation_error":160.65283858691302,"translation_error":208.3560384161472,"ADD":0,"ADD_S":0}}
{"id_image":39,"data":{"GT_R":[-0.5192399391368117,0.8546030940630276,0.00668048298064984,0.4596327760051028,0.2858364489252395,-0.8408551378678996,-0.7205061877391412,-0.4335348612576622,-0.5412203896319008],"GT_T":[109.07462134751309,96.25712343731902,912.5090661456574],"R_pred":[0.18716167713926848,-0.9304170644272156,-0.3151104454521597,0.06338293518983468,0.3315485286815324,-0.9413066326420059,0.9802821584304885,0.15620390312586108,0.1210257431751989],"T_pred":[105.73312130946317,114.171069435739,664.3634834879217],"rotation_error":155.40473123327448,"translation_error":248.81379639458441,"ADD":0,"ADD_S":0}}
{"id_image":40,"data":{"GT_R":[-0.5195256380693083,0.8544375254900851,0.005525490170286244,0.4583862087998966,0.28415853307428884,-0.8421030816063624,-0.7210943915640329,-0.4349608926949683,-0.5392890832018257],"GT_T":[109.96799394690224,98.1242288138742,912.4144977879292],"R_pred":[0.22590427431121307,-0.969789775140613,-0.0920600395429163,-0.3303511636929643,0.012637877655661711,-0.943773485903829,0.9164253201950656,0.243614605639891,-0.3175162301746035],"T_pred":[102.44442100677712,111.17607186888573,711.9810990821333],"rotation_error":161.3642267494006,"translation_error":200.99876137348363,"ADD":0,"ADD_S":0}}
{"id_image":41,"data":{"GT_R":[-0.5192717114964706,0.8545832295022733,0.006653101004872709,0.4544166895017296,0.2826944487406796,-0.8447427067575053,-0.7237838145356321,-0.4356284349921585,-0.5351323579073703],"GT_T":[111.3593107194138,102.96205525669622,912.727527094491],"R_pred":[0.378313073274423,-0.8910802705543774,-0.25070933372812043,-0.54663639250661,0.0035181441621797704,-0.8373626914599273,0.7470394052371134,0.45383209900842325,-0.48576594459944233],"T_pred":[102.97542940530928,92.13208810858417,618.3756277465332],"rotation_error":171.51630302514303,"translation_error":294.670355319412,"ADD":0,"ADD_S":0}}
{"id_image":42,"data":{"GT_R":[-0.5197639258419688,0.8543006879184951,0.004032501175625359,0.44198613631726114,0.27294220844528644,-0.8544890042890172,-0.7310909788780937,-0.4423508201257327,-0.5194539758602587],"GT_T":[117.83843648302181,113.87438812200784,912.9376017770852],"R_pred":[0.31212056525278253,-0.94640892190863,-0.08301147678500875,-0.5790489372098524,-0.12023816472015603,-0.806377772548865,0.7531819707497144,0.29975479358381124,-0.5855458843345267],"T_pred":[105.65792925660485,103.59841151933891,673.0391002566816],"rotation_error":167.144355923913,"translation_error":240.42722700053434,"ADD":0,"ADD_S":0}}
{"id_image":43,"data":{"GT_R":[-0.5184728275953899,0.8550875902108329,0.003262047947818449,0.44292063839337853,0.2718190473523325,-0.8543634565100321,-0.7314429858511324,-0.44151937974317,-0.5196666473981435],"GT_T":[118.85408140145996,113.93756718568076,912.9982783332889],"R_pred":[0.2684241983190979,-0.9618754284925903,-0.052384251631042544,-0.6792552498622113,-0.15043524537643416,-0.7183185522337263,0.6830525274760161,0.22839635945156211,-0.6937393946561626],"T_pred":[95.1633337047715,86.9680995194949,595.7620189951668],"rotation_error":164.77605381950067,"translation_error":319.260783610311,"ADD":0,"ADD_S":0}}
{"id_image":44,"data":{"GT_R":[-0.5199547873331187,0.8541936756137621,0.0010187262451723362,0.4419641440212115,0.27004732926344976,-0.8554196684664953,-0.7309687971225621,-0.4443290563606509,-0.5179350039326479],"GT_T":[121.01749749315923,114.4005811643223,912.6742017692737],"R_pred":[0.2675906723680408,-0.9393034063966506,-0.21471921850004266,-0.6085140296104277,0.008035256562356041,-0.7935024325225835,0.7470648618620073,0.34299350632865666,-0.5694291411470561],"T_pred":[101.62475014605717,92.25328569954456,615.4017901316176],"rotation_error":165.15562481432968,"translation_error":298.7264100593396,"ADD":0,"ADD_S":0}}
{"id_image":45,"data":{"GT_R":[-0.5206478172544862,0.8537705495916791,0.001485674323236692,0.44151642544157244,0.27073497474667657,-0.8554332637516984,-0.7307460375857308,-0.4447238538712543,-0.517911816792253],"GT_T":[122.2153842257266,113.93602289476665,912.8004422965621],"R_pred":[0.6032016389033136,-0.7463985183329855,-0.28113526042579623,-0.06518598047668744,0.3051674080093246,-0.9500650720019989,0.7949204807863799,0.5914068860938247,0.13542276140721837],"T_pred":[138.82550188152607,136.74815250255696,762.0898459457935],"rotation_error":178.3845307173771,"translation_error":153.3296224419353,"ADD":0,"ADD_S":0}}
{"id_image":46,"data":{"GT_R":[-0.5205560040241302,0.8537942510161818,0.007540336159492334,0.44108689329541856,0.2764694890262058,-0.8538195523204891,-0.7310713092228454,-0.4411347474190418,-0.5205151626735591],"GT_T":[120.80392647067755,110.16775690086497,913.409467854296],"R_pred":[-0.9811829361302233,0.000571539484041747,-0.19307956699115592,0.1869352713080693,-0.24746828122307618,-0.9506916714316346,-0.04832442640996998,-0.9688958267693771,0.24270481388104548],"T_pred":[3.0937755422575357,64.38039053750899,211.5220101344881],"rotation_error":70.36786235013734,"translation_error":713.1606872609137,"ADD":0,"ADD_S":0}}
{"id_image":47,"data":{"GT_R":[-0.5223513576159902,0.85270060880847,0.007197111213864137,0.4403042594262343,0.2769325315805124,-0.8540737103921776,-0.7302621496457494,-0.4429574600493789,-0.520103503448667],"GT_T":[122.65080412305981,109.2016284239736,913.285865182656],"R_pred":[0.38846879778801857,-0.9146328818015678,-0.1119762683450875,-0.5326565087838072,-0.1237323263702772,-0.8372379321681771,0.7519102584719652,0.3848857011352315,-0.535251305711872],"T_pred":[103.48455691926144,90.68413616977428,598.9476815404507],"rotation_error":171.6026483569626,"translation_error":315.46590346143944,"ADD":0,"ADD_S":0}}
{"id_image":48,"data":{"GT_R":[-0.524216198081041,0.8515613053984119,0.0063437839306877165,0.44233401310332005,0.2786488832002793,-0.8524644012152357,-0.7276941381756774,-0.4440695091781004,-0.5227471783364547],"GT_T":[126.23062812928379,106.26849063506425,913.3147038016101],"R_pred":[-0.8655109978637363,-0.5006240502446406,-0.016317870374865817,0.08407167510056685,-0.11307865742074918,-0.9900228132127591,0.49378402771120916,-0.8582475036681274,0.1399591241210214],"T_pred":[75.68046403512307,143.1802463620948,810.0479327437636],"rotation_error":95.00336243253162,"translation_error":120.75521854359853,"ADD":0,"ADD_S":0}}
{"id_image":49,"data":{"GT_R":[-0.5246698616243435,0.851179815079826,0.014668254917267393,0.43718118330528494,0.2841845938788009,-0.8532954475487912,-0.7304762960703509,-0.44128570168090997,-0.521222202871109],"GT_T":[122.74841902927419,106.2065706070907,914.0879713035629],"R_pred":[0.18008082157704708,-0.9831187045664032,0.032380710798460055,-0.5080957289660613,-0.12115578579238018,-0.8527367740255358,0.8422645830774216,0.13710903799789648,-0.5213362483011408],"T_pred":[115.3390576044791,116.01066972716582,760.6533428116953],"rotation_error":158.730540852395,"translation_error":153.92596992293704,"ADD":0,"ADD_S":0}}
{"id_image":50,"data":{"GT_R":[-0.5243132944081661,0.8514119875743962,0.013911098873170102,0.4367493691451343,0.2829100019867575,-0.8539396969636596,-0.7309896681278361,-0.44165631769793057,-0.5201868914681848],"GT_T":[122.09719276491252,106.62108095138325,914.2661525801344],"R_pred":[0.8002002615768181,-0.5916537254508364,0.09810917659698656,0.17365164196867322,0.07199481809588375,-0.9821720080560862,0.5740423752772752,0.8029711173681698,0.16035191317392194],"T_pred":[127.47853641657723,138.2395008903393,718.3933000207348],"rotation_error":157.2702525679635,"translation_error":198.4813787454374,"ADD":0,"ADD_S":0}}
{"id_image":53,"data":{"GT_R":[-0.5264844625644117,0.8498177149030887,0.02498135205469856,0.43606482945794517,0.29514441282948156,-0.8501398292226277,-0.7298370222949346,-0.4366918289942982,-0.5259643461763076],"GT_T":[119.3664951296608,103.58765921049456,914.3408771834861],"R_pred":[-0.4615292393348892,-0.8725090842094921,-0.16037038133917328,0.8514418636354145,-0.38491154000781924,-0.356216028861506,0.2490733106697922,-0.3009501691986936,0.9205386909691885],"T_pred":[55.549455813779176,99.8741717619419,388.53381781157],"rotation_error":137.58298616299257,"translation_error":529.6786461444497,"ADD":0,"ADD_S":0}}
{"id_image":54,"data":{"GT_R":[-0.5263393512448534,0.8499328833142952,0.024130686686819683,0.43550917170207104,0.293855218276156,-0.8508715729813271,-0.7302743654224153,-0.43733769260884814,-0.5248207269309846],"GT_T":[120.00778733167704,102.79953303095199,913.996453298369],"R_pred":[0.13841288585695033,-0.9725264658218464,-0.18717410692940395,-0.08291060337070294,0.17695119684198823,-0.9807212171585227,0.9868980215186658,0.1512631720289413,-0.0561404302645257],"T_pred":[112.99753362028477,120.65178923884568,719.5894536803893],"rotation_error":154.8899836024066,"translation_error":195.35078246394497,"ADD":0,"ADD_S":0}}
{"id_image":55,"data":{"GT_R":[-0.5266710671299899,0.8497591712059344,0.022934643635346006,0.4358511369725926,0.29310283850063246,-0.8509556997738641,-0.7298298614359585,-0.4381781452319438,-0.524737668186904],"GT_T":[121.0553794851806,102.19086346790571,913.9668838993083],"R_pred":[0.16801330197910846,-0.9855943617590115,-0.019372259210625076,-0.2967972207496077,-0.03183541808035606,-0.9544097211947066,0.9400441160463617,0.16610316139223757,-0.29787044106812405],"T_pred":[104.52021263152551,111.66266729510255,692.1253562153429],"rotation_error":158.08914579727815,"translation_error":222.65846091216633,"ADD":0,"ADD_S":0}}
{"id_image":56,"data":{"GT_R":[-0.5241033298642851,0.8512574397998686,0.02600552020251121,0.4370887429950626,0.2950640309935726,-0.8496415692388632,-0.7309377141134531,-0.43393377128473787,-0.5267189369208052],"GT_T":[116.55318312660934,98.79728177251657,913.8379735618108],"R_pred":[0.6877529110754689,0.7258958633461094,-0.008433794177277142,-0.724523157290557,0.685632953760851,-0.07052408997564964,-0.04541065796639532,0.05461362736696088,0.9974744226539756],"T_pred":[24.628757584134952,-19.17987523697053,67.14080835831167],"rotation_error":131.03723676501716,"translation_error":859.8050936991457,"ADD":0,"ADD_S":0}}
{"id_image":57,"data":{"GT_R":[-0.5222914424191211,0.852319292898355,0.02762313481623315,0.4399177089260115,0.2970426738303236,-0.8474896274200977,-0.7305375086967316,-0.4304848187220494,-0.530093336690478],"GT_T":[115.69187705195147,97.22894040349797,914.0639534593492],"R_pred":[0.14727356065763075,-0.988882136125393,0.020557703745876954,-0.3365763097932166,-0.0696483983959203,-0.939076934168263,0.930068215786995,0.131381967761802,-0.3430916678233862],"T_pred":[102.59165309105968,106.7187238934949,712.7504464992589],"rotation_error":157.3857106046732,"translation_error":201.96237259223034,"ADD":0,"ADD_S":0}}
{"id_image":59,"data":{"GT_R":[-0.5211320748829247,0.8530141878172044,0.028070989091085047,0.43918472251917834,0.29622187621614826,-0.8481571098014546,-0.7318059226042283,-0.42967365037160926,-0.5290010042410959],"GT_T":[114.48641325155317,93.72052899050612,913.5749124449126],"R_pred":[0.1677334276455415,-0.9633153619975281,-0.2094970419596639,-0.043402560398282775,0.20508570332086973,-0.9777811984509917,0.9848764973341334,0.17309929992046613,-0.007410625202585175],"T_pred":[109.64357431218929,114.01410957369585,702.8445852293241],"rotation_error":156.5782038950561,"translation_error":211.76060377291145,"ADD":0,"ADD_S":0}}
{"id_image":60,"data":{"GT_R":[-0.5237158730860382,0.851199642203906,0.03437631933187315,0.4401960965175279,0.30494608687292296,-0.8445331592218543,-0.729349395458875,-0.4271635542153219,-0.5343992024245067],"GT_T":[117.27849504876097,89.79381774360529,912.862574576131],"R_pred":[0.8627222022621914,-0.37907917623059495,-0.33467802418474996,-0.2179150818399196,0.3185308985336245,-0.9225242998350033,0.4563150433971859,0.8688135846242825,0.19219660855938372],"T_pred":[115.86623801034632,85.80111286115114,541.2518415253245],"rotation_error":154.98098346451346,"translation_error":371.63486526532824,"ADD":0,"ADD_S":0}}
{"id_image":61,"data":{"GT_R":[-0.5243045371304194,0.8507188555485581,0.0371749736047445,0.4401595163143215,0.30812916362559106,-0.8433963117972237,-0.72894766394849,-0.425834017841223,-0.5360056494148515],"GT_T":[117.15748879618491,89.23985306758202,912.8112667310082],"R_pred":[0.2718490937961714,-0.9622151774650645,0.015492658199147913,-0.46442139231699314,-0.14527643624867648,-0.8736174949193899,0.8428587310816366,0.23029700242677753,-0.4863665799710075],"T_pred":[120.92132359439896,109.6507155773986,809.3720564301591],"rotation_error":164.2257957140766,"translation_error":105.50090041533379,"ADD":0,"ADD_S":0}}
{"id_image":62,"data":{"GT_R":[-0.5242325498787016,0.8507304149036918,0.0379192897587486,0.43973416593311554,0.3085648099562151,-0.8434588645866882,-0.7292568396073812,-0.4254939159102247,-0.5358548698389733],"GT_T":[117.47851299647276,88.98071508120417,912.6552302263145],"R_pred":[0.5670632773514049,-0.8183731740917385,-0.09329837837013527,-0.5036017398067599,-0.25484316124992235,-0.8254939435439551,0.6517856450882362,0.5150925267281202,-0.5566463525127534],"T_pred":[106.5592459072912,87.03806784506935,637.919856316578],"rotation_error":176.8867849657453,"translation_error":274.95914232731315,"ADD":0,"ADD_S":0}}
{"id_image":63,"data":{"GT_R":[-0.5249044360671103,0.8503030658353394,0.038204558143648,0.43900225413163557,0.30891143313059455,-0.8437130208717056,-0.7292139854106321,-0.4260972468546202,-0.5354336789234497],"GT_T":[117.79692271619122,89.35082836284083,912.7140654517161],"R_pred":[-0.3607527130151388,-0.8940271568118655,0.265655647286311,0.915314667770973,-0.39405727554994163,-0.08317404973590346,0.17904339981001843,0.2131532464426693,0.9604734012534757],"T_pred":[41.76304196146194,85.49163504900707,362.1053155402849],"rotation_error":166.6638931813988,"translation_error":555.847137147154,"ADD":0,"ADD_S":0}}
{"id_image":64,"data":{"GT_R":[-0.523108552501535,0.8514407125627351,0.037487858870319885,0.4347677880569726,0.30442874647861234,-0.8475265106780154,-0.7330313749528606,-0.42704978905400165,-0.5294285053369924],"GT_T":[116.35250632873814,94.08166975940745,914.7988978802267],"R_pred":[0.09520340809434052,-0.9864714907587747,-0.13345526968757254,-0.041452391787729304,0.13001929772242582,-0.9906445787641718,0.9945943948677263,0.09984478023375803,-0.028513322461150514],"T_pred":[92.28008908807894,105.8322337571267,610.2480946269355],"rotation_error":153.52008818099486,"translation_error":305.72659156229406,"ADD":0,"ADD_S":0}}
{"id_image":65,"data":{"GT_R":[-0.5217638256530981,0.8522343975280655,0.0381917813525882,0.43477803302115564,0.30416910655594087,-0.8476144547174658,-0.7339832736342251,-0.42565004701100206,-0.5292369806023806],"GT_T":[115.5701189202678,95.52550507793299,915.3731226823728],"R_pred":[0.11710792159413508,-0.9908903712906674,-0.06649817127820129,-0.21365384215312483,0.04025365688632232,-0.9760797502460983,0.9698648207008589,0.12851426065118748,-0.20699351288426698],"T_pred":[95.26704607040287,106.23011676900275,668.0642397515951],"rotation_error":155.3977848088924,"translation_error":248.37167120078857,"ADD":0,"ADD_S":0}}
{"id_image":66,"data":{"GT_R":[-0.5206490423727091,0.8528754296234857,0.0390830933232885,0.4339721629898691,0.303791027003305,-0.8481621645750035,-0.7352509491067445,-0.42463421668383766,-0.528293280695609],"GT_T":[113.9892832069046,96.320616221795,916.0330181933422],"R_pred":[0.3458503860258514,-0.9278408926664556,-0.13963806208081303,-0.4701584901674083,-0.0425783711694111,-0.881554352511553,0.8119966161316643,0.37053793355670767,-0.4509580193169337],"T_pred":[92.1681467933176,83.5951179543391,566.3149351392403],"rotation_error":168.8506141829795,"translation_error":350.62920288471565,"ADD":0,"ADD_S":0}}
{"id_image":67,"data":{"GT_R":[-0.5196888990173757,0.8534683215477825,0.03892239426360998,0.432277341883587,0.3019693560517312,-0.849677304886338,-0.7369269183158071,-0.4247430655015875,-0.5258651183850901],"GT_T":[113.43631374135894,97.43688917131412,916.3668764566241],"R_pred":[0.9871820333187364,-0.1400567179209365,0.0765228649352634,0.14739375151588097,0.6161709801724616,-0.7736978772152491,0.061210416652397355,0.7750596357432912,0.6289164061580177],"T_pred":[136.0412840149428,131.9369743205533,771.4907608731114],"rotation_error":135.5385524200183,"translation_error":150.6330953772832,"ADD":0,"ADD_S":0}}
{"id_image":68,"data":{"GT_R":[-0.518527032295786,0.8541577105851306,0.039297406249588156,0.4325890538571471,0.3016971959670297,-0.849615325280649,-0.737562050805831,-0.4235494087040319,-0.525937006877686],"GT_T":[113.24556140892048,99.03528391460239,916.9350419112942],"R_pred":[0.11816673370237502,-0.9850632980003113,-0.12524744300328866,-0.050840411312751355,0.11996400650753986,-0.9914756122669934,0.9916914215741017,0.1235270661653105,-0.0359052684285846],"T_pred":[95.33484953627735,112.42782841905559,651.3017166459382],"rotation_error":155.22297126337637,"translation_error":266.57309942981686,"ADD":0,"ADD_S":0}}
{"id_image":70,"data":{"GT_R":[-0.5161091657805871,0.8556010306867381,0.03972985430794615,0.43166651516118976,0.2998904904612673,-0.8507235047222582,-0.7397946107786578,-0.42191650673411635,-0.5241104499953082],"GT_T":[110.98979100221658,99.26782064239019,918.1797151405212],"R_pred":[0.4055382859725649,-0.9105220768279658,-0.0805496506468028,-0.37406370828317376,-0.0849061199735035,-0.9235081444884423,0.8340353953855164,0.4046486110194041,-0.3750259468946013],"T_pred":[118.1447701051228,119.90606633795436,807.3667012024232],"rotation_error":172.75159188538214,"translation_error":112.94536276181775,"ADD":0,"ADD_S":0}}
{"id_image":71,"data":{"GT_R":[-0.5139218364033139,0.8569791394423418,0.038349257543787804,0.43383158919916165,0.29821168381436236,-0.8502117604872288,-0.7400508037248162,-0.4203059455453653,-0.5250425905336726],"GT_T":[110.18588764144212,99.98363730684927,919.488016360359],"R_pred":[0.546509232394909,-0.8189096321789273,-0.17525602195559747,-0.3737947894603147,-0.051261812873013346,-0.9260937759823737,0.749403172050563,0.571628586466375,-0.33411920755174795],"T_pred":[97.48020309192593,90.6040153134929,552.1527530370274],"rotation_error":178.07898579163532,"translation_error":367.6745944574243,"ADD":0,"ADD_S":0}}
