{"id_image":1,"data":{"Best_template_id":77,"GT_R":[0.5001264964919965,-0.8653303241370234,-0.0328347976545731,-0.39564000860994214,-0.19460677790656813,-0.8975506642977844,0.7702876557990976,0.4618796607773614,-0.4396866701767152],"GT_T":[42.32000523894471,-2.651275137921104,1008.5038635888244],"R_pred":[0.45524594350375425,-0.8898198836942928,-0.031172191223133583,-0.43252632750497494,-0.1904141178274837,-0.8812851069586052,0.7782493860829158,0.41468426340320214,-0.47155578116200436],"T_pred":[51.813477072400026,31.49323872355339,777.0511402873204],"rotation_error":3.524239385869448,"translation_error":234.15024441151365,"ADD":0,"ADD_S":0}}
{"id_image":35,"data":{"Best_template_id":77,"GT_R":[0.5055507719345511,-0.8616886686446483,-0.0437123523610717,-0.3913999668641435,-0.1838943831416311,-0.9016585665029683,0.7689102272166535,0.4729442294881544,-0.4302328066258102],"GT_T":[49.61280628422614,13.644723423040826,1015.3484905933412],"R_pred":[0.49997206580576004,-0.8658613454117471,-0.017665331462493605,-0.31499477040732093,-0.1628102075798069,-0.9350246686178174,0.8067256212802217,0.4730507021763939,-0.35414235152048806],"T_pred":[57.269618487463035,47.78792301973315,762.3160647071759],"rotation_error":5.020129467369325,"translation_error":255.44039109282025,"ADD":0,"ADD_S":0}}
{"id_image":56,"data":{"Best_template_id":17,"GT_R":[0.5026787188190756,-0.8631342230641202,-0.0481077910742327,-0.3957501739098185,-0.18029060271486858,-0.9004870534021854,0.7685669252551439,0.4716949070911365,-0.43221323311466325],"GT_T":[39.74017283411525,16.063591097370704,1017.6010145121054],"R_pred":[0.4137984969593479,-0.9103208662663926,-0.009312591164054196,-0.19603838894943,-0.07911305785252404,-0.9773996491381276,0.8890105477283698,0.4062721311106973,-0.21119470047914563],"T_pred":[46.60555039291991,52.8943578365753,777.2050111820802],"rotation_error":14.94497990539151,"translation_error":243.2979186196876,"ADD":0,"ADD_S":0}}
{"id_image":83,"data":{"Best_template_id":17,"GT_R":[0.5034601782204526,-0.8625699225832546,-0.05001631645698265,-0.40824100607467867,-0.1864629306413487,-0.8936276634794132,0.7614899282944004,0.47032511399925025,-0.44601291510115254],"GT_T":[31.75077376585905,3.115245674067228,1015.413390451263],"R_pred":[0.5630569345580496,-0.8169149597434597,-0.12496734370800072,-0.47349152023534885,-0.1949551184632914,-0.8589518508334341,0.677327593348529,0.5428097736153111,-0.4965731375702719],"T_pred":[47.47454568665828,36.919392559594485,802.8494640794406],"rotation_error":7.215764388588068,"translation_error":215.80866559218873,"ADD":0,"ADD_S":0}}
{"id_image":100,"data":{"Best_template_id":77,"GT_R":[0.5115275120155903,-0.8573670865192251,-0.0571157801840719,-0.41933239444047954,-0.19106201102618478,-0.887499121527955,0.7499997630371741,0.47793140428236636,-0.45725566059982137],"GT_T":[34.19649461155217,-7.072464451225329,1015.5779485316274],"R_pred":[0.494913316740592,-0.867757768330753,-0.045357076784750816,-0.3904305998797447,-0.17543755856384396,-0.9037619209297881,0.7762890927936379,0.464992600529072,-0.4256255700293882],"T_pred":[46.67912585319239,30.01346837612305,768.6644981161347],"rotation_error":2.4726907381525507,"translation_error":249.99486893229093,"ADD":0,"ADD_S":0}}
{"id_image":116,"data":{"Best_template_id":77,"GT_R":[0.5282095994279333,-0.8471404331361001,-0.057861782600220804,-0.4255130068740426,-0.20511429565901876,-0.8814000673230364,0.7348013969843633,0.4901856769628242,-0.4688125439532522],"GT_T":[43.48841745424572,-17.235774176928793,1019.5921387613167],"R_pred":[0.5292057426235568,-0.8471097257961062,-0.04843959574455475,-0.35053570508132376,-0.166283313912245,-0.9216694521234288,0.772700460357951,0.5047325747125975,-0.38494028963802046],"T_pred":[54.89532836924511,26.178088372858895,798.4415028274667],"rotation_error":5.365086137923096,"translation_error":225.6601091288863,"ADD":0,"ADD_S":0}}
{"id_image":138,"data":{"Best_template_id":17,"GT_R":[0.5482091320194936,-0.8338844245924214,-0.06405942652347354,-0.43768974276039424,-0.22078751334776672,-0.871596559639426,0.7126673758590905,0.5058555879811217,-0.48601998023044385],"GT_T":[56.82634323532531,-39.46302193057169,1015.5587202174231],"R_pred":[0.3897151260596343,-0.917869197672865,0.07508832454978814,-0.37790255624667196,-0.2337397961594711,-0.8958545449310171,0.8398284220616461,0.32075199711724295,-0.43795705022609904],"T_pred":[55.9580005985964,6.611537841214085,761.2607961004428],"rotation_error":13.382265278085475,"translation_error":258.4396511514905,"ADD":0,"ADD_S":0}}
{"id_image":169,"data":{"Best_template_id":77,"GT_R":[0.5618251716913599,-0.8250364175479646,-0.060563986907561804,-0.4310441453394004,-0.22946815990675015,-0.8726650881001932,0.7060828741883944,0.5163915158593309,-0.48454788189604553],"GT_T":[59.78637053344356,-34.010832822069446,1009.277963597202],"R_pred":[0.6286346944008689,-0.7775188473341832,-0.01681853250581472,-0.3215869223906132,-0.2401954162406204,-0.9159082996481299,0.7080962309904351,0.5811803541561932,-0.4010350652998089],"T_pred":[65.82969141414759,11.390469281381684,761.8727681604238],"rotation_error":7.451225521080775,"translation_error":251.60908308140705,"ADD":0,"ADD_S":0}}
{"id_image":240,"data":{"Best_template_id":17,"GT_R":[0.6338633077899719,-0.7732847361883507,-0.015768454001622974,-0.3583813049113177,-0.275577621052277,-0.8919746194301194,0.6854049674936608,0.5710417273755998,-0.45180976861935607],"GT_T":[87.43183138855278,-0.05954519479199938,1025.0145187437367],"R_pred":[0.6906224060278582,-0.7190904756818577,-0.0771335210912363,-0.4544882583917589,-0.34856794269864544,-0.8197199596855377,0.5625665429763117,0.6011732504914648,-0.567547009169468],"T_pred":[87.06444841252161,33.50802157716759,791.4938622871921],"rotation_error":9.86147988039815,"translation_error":235.9212018898187,"ADD":0,"ADD_S":0}}
{"id_image":407,"data":{"Best_template_id":17,"GT_R":[0.7181253137331549,-0.6957090697704806,0.01687540573442324,-0.3052961656510836,-0.3367393588380649,-0.8907304531434695,0.6253719499612883,0.6345046892809422,-0.45421839294324734],"GT_T":[77.18885587371575,-4.222950900881363,1036.6886275553475],"R_pred":[0.3864924125882232,-0.8660319271085813,0.3171944454752189,-0.5197376924693563,-0.4886242377257023,-0.7007988907907926,0.7619031080382619,0.1059955448854969,-0.6389589958878921],"T_pred":[60.238054366087816,26.043208146922293,771.6247204400886],"rotation_error":33.55043435209027,"translation_error":267.3242318056194,"ADD":0,"ADD_S":0}}
{"id_image":515,"data":{"Best_template_id":35,"GT_R":[0.7617381421236351,-0.6478852822305043,0.0005114353992736473,-0.28281687153010826,-0.3332265819037548,-0.8994301942762277,0.5828980161650583,0.6849859937353817,-0.4370643748613584],"GT_T":[85.50836887471627,10.547915591976114,1043.6770684354644],"R_pred":[0.7346935565788943,-0.6783910524757507,0.0033102631764234114,-0.3940925819545543,-0.4307615619202949,-0.8118716115374282,0.5521923711623034,0.5951722916037262,-0.5838266254097376],"T_pred":[76.05915020667719,41.23198932915163,774.8492311373695],"rotation_error":10.082925713319158,"translation_error":270.738261464677,"ADD":0,"ADD_S":0}}
{"id_image":520,"data":{"Best_template_id":17,"GT_R":[0.7680103216794686,-0.640429253549021,0.003288559812600764,-0.2766028831331699,-0.336328101184255,-0.9002076388449869,0.5776255148638715,0.6904592229406649,-0.43544834849063724],"GT_T":[90.50639805542716,9.860685254522174,1042.0752271383315],"R_pred":[0.7847128489994415,-0.6177889399706337,-0.05062183585312757,-0.25601674617093284,-0.24864706914290877,-0.9341467019085866,0.5645185296296555,0.7459969575384356,-0.35328086425416433],"T_pred":[81.87148606534117,46.108556043796405,763.078757675365],"rotation_error":6.14308161798069,"translation_error":281.4737995171708,"ADD":0,"ADD_S":0}}
{"id_image":532,"data":{"Best_template_id":17,"GT_R":[0.775659030490999,-0.631077086564564,0.009779147149364207,-0.2652649572306601,-0.3400194060123254,-0.9022314706463742,0.5727023101225845,0.6972295427064475,-0.43114142370193126],"GT_T":[93.41406073110326,13.33165894779315,1039.5465300907779],"R_pred":[0.8413049641171009,-0.5368671281255555,-0.06308442034402789,-0.25303824022368476,-0.28800027468626815,-0.9235948737217714,0.47767939701898837,0.7929877228046174,-0.37814397409548006],"T_pred":[86.9688792298963,48.722156505948,782.8651980081745],"rotation_error":8.390371061272665,"translation_error":259.18976430734483,"ADD":0,"ADD_S":0}}
{"id_image":546,"data":{"Best_template_id":17,"GT_R":[0.7877942008111074,-0.6157524895482747,0.015110396589838194,-0.2537633029278812,-0.3468234889724411,-0.9029495867404342,0.5612345449592554,0.7075048175695482,-0.4294811929037459],"GT_T":[102.71345217421437,13.404688753664443,1036.476767418851],"R_pred":[0.6878650011045674,-0.7135732793072247,0.13287180029693135,-0.32565800354161145,-0.46700594714836174,-0.8221023720056728,0.6486822064653122,0.5222246838160709,-0.5536178958708787],"T_pred":[80.74372822969765,39.94711780555457,753.868804666435],"rotation_error":13.889399100724587,"translation_error":284.70059698083503,"ADD":0,"ADD_S":0}}
{"id_image":553,"data":{"Best_template_id":17,"GT_R":[0.7873267271069684,-0.6162842595247309,0.01762951584864359,-0.2511269421713598,-0.3466774457741707,-0.9037419127872641,0.5630733503583889,0.7071136607610155,-0.42771405742367796],"GT_T":[97.83724807186267,15.516551337798782,1035.3186769846334],"R_pred":[0.8129553176052238,-0.5803414808810368,-0.04803558208448669,-0.2863685512542937,-0.3265963170646511,-0.9007374193028304,0.5070470436063178,0.7460151548384331,-0.43169976178066355],"T_pred":[89.14802981616519,48.17708336082565,788.2352826429099],"rotation_error":4.545740598235388,"translation_error":249.3840745223118,"ADD":0,"ADD_S":0}}
{"id_image":571,"data":{"Best_template_id":17,"GT_R":[0.795104391307098,-0.6061518644175731,0.019695849512672992,-0.24062837091457426,-0.3451160364687338,-0.9071893402990678,0.5566922619043192,0.7165721487539662,-0.42026047849176174],"GT_T":[101.03871634216414,21.530999455222332,1029.415623825776],"R_pred":[0.8977415005594636,-0.4331440931408319,-0.0802894311254507,-0.21312695337670562,-0.2675476426781525,-0.9396782218619985,0.3855348232230206,0.8606999787815554,-0.3325033031532534],"T_pred":[93.09967459225176,54.89095987784345,766.5962644777986],"rotation_error":13.83589972908304,"translation_error":265.0470354321794,"ADD":0,"ADD_S":0}}
{"id_image":582,"data":{"Best_template_id":77,"GT_R":[0.7982838995153306,-0.6017741523006261,0.024718161146998263,-0.2264472455738115,-0.337917706163277,-0.9135274532830322,0.5580898615545263,0.7236575197680009,-0.4060248201082973],"GT_T":[101.37807613862267,40.787810778796384,1028.1016656754712],"R_pred":[0.7577330609463513,-0.6468752646939228,-0.085982557975677,-0.23602308075348152,-0.14883077116317311,-0.9602825141106188,0.6083861550861499,0.747931677014781,-0.2654514886327606],"T_pred":[106.07106778279494,85.77203217336617,940.9522995639292],"rotation_error":11.248940556078406,"translation_error":98.18664042878505,"ADD":0,"ADD_S":0}}
{"id_image":601,"data":{"Best_template_id":17,"GT_R":[0.8101658607471401,-0.5850528910049678,0.03666309924652754,-0.21259159583219908,-0.3515255211822571,-0.9117200406691878,0.5462933659639763,0.7308511702305829,-0.40917178119250663],"GT_T":[105.74802103800161,35.10816389685037,1022.4806335407955],"R_pred":[0.7799772626890639,-0.6236154575044106,0.05233766186637584,-0.262961204557164,-0.4024848648740472,-0.8768451051612054,0.56787927817972,0.6701564703178537,-0.47791571506406394],"T_pred":[90.72143853382408,61.13921211503788,783.7732087045076],"rotation_error":5.417883834678673,"translation_error":240.5922865036709,"ADD":0,"ADD_S":0}}
{"id_image":611,"data":{"Best_template_id":17,"GT_R":[0.8109915847128125,-0.5836286477931437,0.040864746581977286,-0.20943540204952354,-0.3548229251301079,-0.9111733324984941,0.5462873223691092,0.7303965752939868,-0.4099906218419651],"GT_T":[104.07268626152252,32.19376211570303,1018.3343169438442],"R_pred":[0.8499226262260496,-0.5267548198500067,-0.01268421041302259,-0.268253439060683,-0.41185837111042584,-0.87086897669993,0.45351033269500185,0.7435738308406596,-0.4913515403739108],"T_pred":[92.92257850039535,57.67611395086962,786.442049317129],"rotation_error":7.17872141716035,"translation_error":233.55448816752823,"ADD":0,"ADD_S":0}}
{"id_image":618,"data":{"Best_template_id":17,"GT_R":[0.8146280599198187,-0.5777211028551621,0.051170314577972546,-0.2010878081239238,-0.36409588716017105,-0.9093945581654597,0.5440073394926376,0.7305287975715983,-0.41277532446718546],"GT_T":[101.66638476371607,27.00509119271999,1014.5221216225395],"R_pred":[0.8918005477458646,-0.4524066191467593,-0.004475934804691689,-0.1184783676059776,-0.22397817015896598,-0.9673658334372082,0.4366401944961087,0.8632276815791073,-0.2533442525615294],"T_pred":[94.28861288184194,61.24695026636234,795.1240562672754],"rotation_error":13.414390421398446,"translation_error":222.17661333361107,"ADD":0,"ADD_S":0}}
{"id_image":636,"data":{"Best_template_id":17,"GT_R":[0.8212275895843745,-0.5672926855350868,0.06134925253179315,-0.1833274819171921,-0.36413932164031304,-0.9131230247338836,0.5403481264158418,0.7386353653128456,-0.40304171057762894],"GT_T":[105.84491034546622,38.85234938903629,1004.2648061857511],"R_pred":[0.8194485416236539,-0.5678696799599495,0.07764093129948119,-0.14130372086153908,-0.33144430719531476,-0.9328332807626998,0.5554613812872597,0.7534379190152312,-0.3518436529034554],"T_pred":[93.10622697279462,66.76986405021466,787.3478517788088],"rotation_error":3.282019699445631,"translation_error":219.07676003654467,"ADD":0,"ADD_S":0}}
{"id_image":637,"data":{"Best_template_id":17,"GT_R":[0.8221296149870753,-0.566202125915287,0.05931840968544061,-0.1841088852416688,-0.36302274371025706,-0.9134098171064546,0.5387078892902037,0.7400211172439819,-0.4026944443223676],"GT_T":[106.70805949383718,38.82639668141521,1003.6581932395256],"R_pred":[0.8458457618149122,-0.5321510221584047,0.0368813887416998,-0.18619193397788392,-0.35932621493095496,-0.9144491429188223,0.4998774959340805,0.7666159148355572,-0.4030167839923235],"T_pred":[92.34018166928186,63.39914419885974,767.647227353104],"rotation_error":2.7058170418916956,"translation_error":237.7213323460457,"ADD":0,"ADD_S":0}}
{"id_image":649,"data":{"Best_template_id":17,"GT_R":[0.8193720136283291,-0.569001876795654,0.06976131581629003,-0.1786801190663237,-0.36912113620678993,-0.9120429361980041,0.5447048118501853,0.734838383533512,-0.40411675164954597],"GT_T":[92.38366019292764,32.97126632340019,1001.4938229996453],"R_pred":[0.8125730739277437,-0.5782471731932117,0.07317927453642559,-0.17994166619886603,-0.3682936308246368,-0.912129814368318,0.5543879474638619,0.7280041264910976,-0.4033162475263555],"T_pred":[78.08564468820413,58.03843251894904,760.6783133347071],"rotation_error":0.6852315350058612,"translation_error":242.5384624418002,"ADD":0,"ADD_S":0}}
{"id_image":654,"data":{"Best_template_id":17,"GT_R":[0.8205864727394941,-0.5677020264546747,0.06597645287393542,-0.18081302751685152,-0.36738453597884235,-0.9123245538557155,0.5421668524653623,0.7367115988939101,-0.4041182087042775],"GT_T":[94.38810172908036,32.58174931208499,999.7046533648454],"R_pred":[0.7099132709090321,-0.6755051894883706,0.1992884511493842,-0.14686548084158996,-0.4187313307341022,-0.8961554570490641,0.688805980174685,0.6069240575524494,-0.39647132309873684],"T_pred":[70.2058241588625,53.9913987643627,721.0596128415602],"rotation_error":11.76959840620117,"translation_error":280.51063125374714,"ADD":0,"ADD_S":0}}
{"id_image":669,"data":{"Best_template_id":17,"GT_R":[0.8283205814132809,-0.5556002944741266,0.07206551460992008,-0.16453977694252556,-0.36420471981604313,-0.9166683640491606,0.5355473826574011,0.7474382618615663,-0.39309708092352974],"GT_T":[97.69634205723456,43.952786778065644,993.5240258643095],"R_pred":[0.8644719069731552,-0.49997751733440743,0.05206538403121885,-0.13720344081039393,-0.3343253877959427,-0.9324171549820827,0.4835943939749351,0.7989048862256475,-0.3576135412436174],"T_pred":[86.01697292658784,68.53542709167857,769.6031994559295],"rotation_error":4.6729591753627195,"translation_error":225.5687264837265,"ADD":0,"ADD_S":0}}
{"id_image":672,"data":{"Best_template_id":17,"GT_R":[0.8312701735241139,-0.5515871210749985,0.06886501934969495,-0.16427054260273666,-0.36211830983822224,-0.9175427596158114,0.5310423253283607,0.7514138024623787,-0.3916276546138283],"GT_T":[101.70943407981136,44.44960872904313,991.264431036845],"R_pred":[0.904477622553402,-0.42545550658599873,0.030130420106540157,-0.07808973866619359,-0.2346310599889126,-0.968942856108411,0.41931160610599727,0.8740342542510164,-0.24544225263935],"T_pred":[89.54970805011816,71.4111459674224,754.2120288499157],"rotation_error":12.707682332532695,"translation_error":238.89040334422694,"ADD":0,"ADD_S":0}}
{"id_image":675,"data":{"Best_template_id":17,"GT_R":[0.834425126616774,-0.5466445642313449,0.07011038095000763,-0.16194671476383596,-0.36480067756947476,-0.9168929721164752,0.5267907683438059,0.7537251115256286,-0.3929259079725431],"GT_T":[104.48950137369657,41.92954609012394,989.1245550118689],"R_pred":[0.8914444070838725,-0.4530970078364902,0.005474538199937984,-0.13567011181859737,-0.2784121784569152,-0.9508313623592799,0.43234302334837355,0.8468705688453781,-0.30966070106730254],"T_pred":[91.7921343683272,67.56939796528,762.3906564187192],"rotation_error":9.070000239114345,"translation_error":228.5320238047562,"ADD":0,"ADD_S":0}}
{"id_image":681,"data":{"Best_template_id":17,"GT_R":[0.8368338862344149,-0.5431682606945507,0.06838833751269242,-0.16090496333938262,-0.36343278796513806,-0.9176194039026084,0.5232763854363781,0.7568915120242535,-0.3915316351950316],"GT_T":[105.21602339069551,41.015354039734596,985.7088986233414],"R_pred":[0.8971127212606305,-0.4407929128327213,-0.029839124464217603,-0.2102957661120442,-0.36664926130362363,-0.9062803153223926,0.3885414470911624,0.8193106414431293,-0.4216225998572105],"T_pred":[87.00486995379272,59.58505416180324,717.8915636276557],"rotation_error":9.004662379586431,"translation_error":269.0773212225759,"ADD":0,"ADD_S":0}}
{"id_image":685,"data":{"Best_template_id":17,"GT_R":[0.835964072409088,-0.5443342543195644,0.06974735367664925,-0.15988670187448376,-0.36316237826990344,-0.9179051627371609,0.5249762772387688,0.7561849292214451,-0.39062157463928876],"GT_T":[103.06649141859067,41.319921252631175,983.4571119632345],"R_pred":[0.9341716909240063,-0.356575466634758,-0.013311215962028194,-0.07752856654597962,-0.1664164602846076,-0.9830029924245741,0.3482995452846712,0.9193255671091424,-0.18310633089531617],"T_pred":[94.25031519142475,71.53762312356844,774.7605919398884],"rotation_error":18.305404018599432,"translation_error":211.05703480216954,"ADD":0,"ADD_S":0}}
{"id_image":694,"data":{"Best_template_id":17,"GT_R":[0.8374389915188282,-0.5423692954259995,0.06731829300750539,-0.15893059513262398,-0.35952350684961637,-0.9195023076573935,0.5229120524787602,0.7593283327208317,-0.38727828892312327],"GT_T":[99.30267813003616,41.686831421362555,979.4263911681943],"R_pred":[0.9490317494094124,-0.305191965915697,-0.0787185019764907,-0.1190657744164928,-0.11590420172069187,-0.9860981479478045,0.2918254272257844,0.9452111298350233,-0.14633468509033393],"T_pred":[97.2807567630378,74.78441720664395,815.7093673085967],"rotation_error":22.384842886496877,"translation_error":167.04131899704464,"ADD":0,"ADD_S":0}}
{"id_image":698,"data":{"Best_template_id":17,"GT_R":[0.8373758701911012,-0.5425494110145871,0.06664895259109062,-0.16088685104680886,-0.3611492019524247,-0.9185237414857946,0.5224146956826082,0.7584281009209224,-0.38970647387014845],"GT_T":[98.49686770980071,36.96980719532701,978.1118490215655],"R_pred":[0.8689420316017789,-0.49363641278839454,0.03553642758042824,-0.16071394117618998,-0.3493561625905264,-0.9231041657210944,0.4680926989682593,0.79641280980998,-0.3829045070813128],"T_pred":[85.10876144676944,60.1542032882781,765.0301203881207],"rotation_error":3.8348365857531967,"translation_error":214.757027100214,"ADD":0,"ADD_S":0}}
{"id_image":780,"data":{"Best_template_id":17,"GT_R":[0.8522538771657777,-0.5180458766693384,0.07273690639659809,-0.13603940769167297,-0.35373479281024645,-0.9253997500413286,0.5051296285659701,0.7787815715267519,-0.37194628930609924],"GT_T":[91.36367182890204,37.801867493912454,950.6305039686877],"R_pred":[0.8588060409740964,-0.5076014738979157,0.06923097343719778,-0.21413185346363173,-0.4784377976096216,-0.8516130712657507,0.4654027646228889,0.7165458935163319,-0.5195789152441171],"T_pred":[75.0470009163761,53.05837075077518,737.412673106887],"rotation_error":9.469406830965733,"translation_error":214.3847896626665,"ADD":0,"ADD_S":0}}
{"id_image":946,"data":{"Best_template_id":35,"GT_R":[0.8949887991716113,-0.4383356218376932,0.08280898640220029,-0.07670266344610442,-0.3340834709523539,-0.939417312873384,0.43944483104117715,0.8344168993373252,-0.3326221497125331],"GT_T":[102.91223220617452,28.019659447395334,886.5903605965384],"R_pred":[0.9422208834731565,-0.2925958257484226,0.16311802322754915,0.09928837133006245,-0.22113017201682536,-0.970176925278288,0.3199400351092188,0.9303166825218218,-0.17930210304372862],"T_pred":[93.88980549325161,53.988812320749645,775.0995773223111],"rotation_error":14.162778940123504,"translation_error":114.8302914733322,"ADD":0,"ADD_S":0}}
{"id_image":1038,"data":{"Best_template_id":17,"GT_R":[0.9163893928966175,-0.393379364029288,0.07405173471663207,-0.05814977471537142,-0.31385980585168305,-0.947686764423434,0.3960430267528437,0.8641445060583037,-0.3104921606059023],"GT_T":[113.48469402579897,28.831880302946345,860.1686985841357],"R_pred":[0.9355420587137779,-0.3448824386278523,0.07627030813948482,-0.015403564262522623,-0.2555621410254754,-0.9666699138188203,0.35287928047081,0.9031855266779804,-0.24440155035069372],"T_pred":[97.08781815847351,50.290247954610585,741.6423353778946],"rotation_error":5.136637531749406,"translation_error":121.56404836702438,"ADD":0,"ADD_S":0}}
{"id_image":1057,"data":{"Best_template_id":17,"GT_R":[0.9194423545885865,-0.3872186976849897,0.06846795519045869,-0.06186460241497546,-0.3143941260851642,-0.9472749423172779,0.38832856216239975,0.8667288301182356,-0.3130218264703449],"GT_T":[112.15343608661696,21.187335083743605,856.2454025669997],"R_pred":[0.985825334514938,-0.16181013884115814,0.044338344541890395,0.004945617708153119,-0.2361312757574131,-0.9717085784712726,0.16770196985722932,0.9581542149243939,-0.23198394282497933],"T_pred":[95.0904169126235,41.84979501493297,693.9198540244921],"rotation_error":14.680498658839323,"translation_error":164.52254430127826,"ADD":0,"ADD_S":0}}
{"id_image":1063,"data":{"Best_template_id":35,"GT_R":[0.9210603054159452,-0.3836684350713258,0.06668128508965385,-0.06104610271867722,-0.31136952906766713,-0.9483257648345607,0.3846050349402762,0.8693958390956456,-0.3102112931409209],"GT_T":[112.77907117112204,21.71459431327967,854.1011608311657],"R_pred":[0.8959024220497959,-0.4413748028422349,-0.05046913493699154,-0.22764064493216146,-0.35854446886476293,-0.9053317627374811,0.38149519910502094,0.8225777454213452,-0.42169570284431057],"T_pred":[93.00813491378217,37.30916030063467,727.1071194399971],"rotation_error":10.274724637633883,"translation_error":129.46647039943434,"ADD":0,"ADD_S":0}}
{"id_image":1080,"data":{"Best_template_id":17,"GT_R":[0.9230442801270237,-0.3808886586516631,0.05396940418466959,-0.06576453503358125,-0.2944650168546102,-0.9533965589427966,0.3790305418887372,0.8764784335413689,-0.29685305048947963],"GT_T":[113.5181202698893,27.462064568456547,848.9569880652087],"R_pred":[0.9877735242411255,-0.07970490492547619,0.13397982288048998,0.10642846055045851,0.9727567980400683,-0.2059543508928453,-0.11391421155029849,0.21769552130821285,0.9693462809590901],"T_pred":[90.1799027512991,61.20994972246161,623.9185969092438],"rotation_error":98.27539876160158,"translation_error":228.74848555428304,"ADD":0,"ADD_S":0}}
{"id_image":1091,"data":{"Best_template_id":17,"GT_R":[0.9201458989888982,-0.3886226174255286,0.0480037005376204,-0.07332373831915578,-0.2914221414444125,-0.9537798296509613,0.384649811397246,0.8740968756326806,-0.2966461407804139],"GT_T":[101.67537150476855,21.202625500416637,849.134200668141],"R_pred":[0.9834145672197115,-0.1509859254968698,0.10049397634645305,0.0633062231909693,-0.2334840566078502,-0.9702976437234285,0.1699650290070371,0.9605667314725177,-0.2200532737835117],"T_pred":[88.2663026767992,43.08239326456018,714.582914579549],"rotation_error":15.472227209521403,"translation_error":136.97655256408018,"ADD":0,"ADD_S":0}}
{"id_image":1092,"data":{"Best_template_id":17,"GT_R":[0.9201870769930371,-0.38848275491141915,0.04834495655034048,-0.07315791254248219,-0.2919628072406588,-0.9536275755495386,0.3845827991800449,0.8739797110364497,-0.2970812425345331],"GT_T":[101.55578798625893,19.84859057201585,848.8580523771284],"R_pred":[0.9704107749120096,-0.2390605618935976,0.03395549560512935,-0.01171803443467602,-0.18708604510585627,-0.982273637738302,0.24117548715335957,0.952811030306517,-0.1843516339026394],"T_pred":[91.33608897446125,42.79509442492385,755.4507963742907],"rotation_error":11.488203293487938,"translation_error":96.72590015576449,"ADD":0,"ADD_S":0}}
{"id_image":1110,"data":{"Best_template_id":17,"GT_R":[0.9203737891106252,-0.3869594803503181,0.05634344126559951,-0.06486731317797546,-0.29317127103856205,-0.9538562164936473,0.38562271248265034,0.8742502660872461,-0.2949286910155603],"GT_T":[93.11062264871674,17.97155340185015,846.0784694900494],"R_pred":[0.7007953756934583,-0.7125697905001149,0.03361748166188061,0.3153315918002906,0.26716101434650696,-0.9105992420521996,0.6398842306381362,0.6487443919449076,0.4119209697268066],"T_pred":[66.98441880732845,54.17049832809815,721.5292191147936],"rotation_error":46.177341820837405,"translation_error":132.30819290570585,"ADD":0,"ADD_S":0}}
{"id_image":1149,"data":{"Best_template_id":17,"GT_R":[0.9216110983713016,-0.3818119043916768,0.06965665832594854,-0.051904304476101254,-0.2991128668666082,-0.9528051516524074,0.3846278202824449,0.8745006631503438,-0.29548352958838797],"GT_T":[86.46821499478463,11.968687184059352,845.835772760242],"R_pred":[0.8082903911055623,-0.5746262424868334,0.1283406603219708,0.15819163149692259,0.001984562565622121,-0.9874064356868274,0.5671349498759166,0.8184135525251802,0.09250516565227855],"T_pred":[79.65888208338163,48.329085441887145,905.0172010333742],"rotation_error":25.05690952388473,"translation_error":69.79174040396228,"ADD":0,"ADD_S":0}}
{"id_image":1150,"data":{"Best_template_id":17,"GT_R":[0.9219525202851476,-0.38091345424457546,0.07006270403798907,-0.05096767195000355,-0.2986501060617227,-0.9530008488782631,0.38393493056156597,0.8750512292938764,-0.29475521468032634],"GT_T":[86.32536409805338,12.172636288868157,845.6927151831687],"R_pred":[0.8705428633738455,-0.4914871938558092,0.024402075825807584,-0.10140772660855843,-0.22769999729125415,-0.968436463696843,0.48153047256944204,0.840590893068266,-0.24806320661828268],"T_pred":[62.59285183134854,32.54949699620152,680.0406760364052],"rotation_error":7.868605791186953,"translation_error":168.57949657136908,"ADD":0,"ADD_S":0}}
{"id_image":1160,"data":{"Best_template_id":35,"GT_R":[0.9232917774696442,-0.37582779008961337,0.07927500058566558,-0.04054246524703787,-0.30059871002618993,-0.9528886838550171,0.3819522119623793,0.8765812581874654,-0.29277756930420124],"GT_T":[85.25350777517193,12.901301379225313,845.2718278135068],"R_pred":[0.5016232266051565,-0.8305664835533331,0.24193688211614817,0.24482347575261948,-0.1319376968733578,-0.9605487545482325,0.8297201963617847,0.5410653939604757,0.1371591601306912],"T_pred":[28.063799234214446,28.26491711598762,446.7979153839558],"rotation_error":41.81732555702238,"translation_error":402.8500494457212,"ADD":0,"ADD_S":0}}
{"id_image":1182,"data":{"Best_template_id":17,"GT_R":[0.933113455721252,-0.3538491640760212,0.06394950272094027,-0.0442411007493438,-0.28946848522659185,-0.9561645958239876,0.3568495422485486,0.8893810547542242,-0.28576212415602303],"GT_T":[104.41875701016234,16.51852242896113,839.3881407347698],"R_pred":[0.9876506869488882,0.15333831005019252,0.03214783414694363,0.06174616532651977,-0.19237728847937943,-0.9793765312405599,-0.14399142903957324,0.9692669093434855,-0.19946961376327196],"T_pred":[88.35890145976417,35.43273122861917,634.6116660086258],"rotation_error":30.319182725781957,"translation_error":206.27426125448565,"ADD":0,"ADD_S":0}}
{"id_image":1220,"data":{"Best_template_id":17,"GT_R":[0.9365402079330377,-0.3433418245197571,0.07076746022935655,-0.027703460527780596,-0.2737257122864635,-0.9614086319197066,0.34946293969392583,0.8984383797041424,-0.26586685231477325],"GT_T":[103.42574820623332,29.85857928277888,836.303826012358],"R_pred":[0.9169925200127587,-0.3764503689166679,0.13194634509206846,0.39875718060648263,0.8560707190922812,-0.328839831570924,0.010836473384803931,0.35415821839303596,0.935122733757046],"T_pred":[84.82177411753635,70.24501183085249,701.8786451583169],"rotation_error":85.94232800415622,"translation_error":141.5884918822665,"ADD":0,"ADD_S":0}}
{"id_image":1528,"data":{"Best_template_id":77,"GT_R":[0.9623101002052806,-0.2703396685892777,0.029586368191969036,-0.053729556580640846,-0.2956427149842501,-0.9537860839804798,0.26659317832536705,0.9162495853042861,-0.2990251113064502],"GT_T":[87.12763055855608,14.364179165334727,823.3514876344015],"R_pred":[0.9889077966131159,-0.14342801054873078,0.03859761116734198,0.13783226611365101,0.7893137852716906,-0.5983193251082998,0.05535012390020311,0.5970026416776636,0.8003275639474899],"T_pred":[36.87666552908441,32.133720379187984,252.8036396856602],"rotation_error":71.2190559836135,"translation_error":573.0320784042408,"ADD":0,"ADD_S":0}}
{"id_image":1536,"data":{"Best_template_id":17,"GT_R":[0.9630688084163356,-0.2684365895746345,0.020973897130121315,-0.06098612305737478,-0.29334544200087465,-0.9540595306736973,0.26225671414924256,0.9175462396011632,-0.29888263215803024],"GT_T":[87.43730897731034,14.049685117376015,817.8569525427732],"R_pred":[0.9217800471628403,0.04065223820179799,-0.3855761146410077,-0.2809151105786639,-0.615402926108515,-0.7364549810990857,-0.267223212504169,0.7871636640916944,-0.5558463102627288],"T_pred":[70.74537655142088,17.540741714084582,615.982785707974],"rotation_error":37.470738376466926,"translation_error":202.59315713892272,"ADD":0,"ADD_S":0}}
{"id_image":1545,"data":{"Best_template_id":77,"GT_R":[0.9633178361539331,-0.26785607205157286,0.01646596212967486,-0.063664333341452,-0.2877068298984303,-0.9555997238844013,0.26070056655277085,0.9194996424112001,-0.2942062727854375],"GT_T":[89.69797588989736,24.548015221851173,814.2878711772782],"R_pred":[0.8277242614188616,0.456444362271337,0.32639100969437423,0.45458373603296787,-0.8864589963735149,0.08685663292328173,0.3289774673027161,0.0764787022586887,-0.9412358015438624],"T_pred":[56.25973355790631,14.0567696626357,418.93508266673774],"rotation_error":82.62926624114775,"translation_error":396.9030230001995,"ADD":0,"ADD_S":0}}
{"id_image":1566,"data":{"Best_template_id":77,"GT_R":[0.9662838308012622,-0.2562436448788142,0.025194681031914024,-0.05574233070617479,-0.3037177306150709,-0.9511299747266917,0.2513736544838161,0.9176570157409453,-0.30776100012397445],"GT_T":[95.1318007073197,22.963226079666168,808.0738989035357],"R_pred":[0.8239277981993022,-0.5483816334223686,-0.14290055101175822,-0.46439000088602755,-0.7978868144868599,0.38434172079685325,-0.3247844060781312,-0.2503082407613182,-0.912064073503309],"T_pred":[34.68130384773798,-8.709727801695866,319.37968046482405],"rotation_error":95.59277779353279,"translation_error":493.4363968269511,"ADD":0,"ADD_S":0}}
{"id_image":1571,"data":{"Best_template_id":35,"GT_R":[0.9672264342740506,-0.25231251349667144,0.02847884217693199,-0.051596013719769546,-0.30512136999227585,-0.9509149721381052,0.24861781939688704,0.9182812448369787,-0.3081399367402692],"GT_T":[96.70263882375193,25.589754219662886,806.1670208057842],"R_pred":[0.8658685011373628,0.08156653632530342,-0.49357738895742553,-0.4948280423548739,0.2847901506274142,-0.8209992561536568,0.0735999132973667,0.9551133284890896,0.2869522303539605],"T_pred":[79.78075601733231,37.1664245387336,624.5548927507036],"rotation_error":48.35105043077595,"translation_error":182.7657913015607,"ADD":0,"ADD_S":0}}
{"id_image":1584,"data":{"Best_template_id":17,"GT_R":[0.9682208228754466,-0.24764790844023593,0.03491816590686561,-0.04701084530650362,-0.3173449513813379,-0.9471437157896924,0.24563929815457491,0.915403448766097,-0.31890185376418245],"GT_T":[98.86982015205061,20.5938732844661,801.9534626140111],"R_pred":[0.9099099509919867,-0.24634033535066238,-0.333736902761865,-0.41250520716951766,-0.621990134868,-0.6655582064589995,-0.04362722938478564,0.7432662452353196,-0.667571684203275],"T_pred":[73.5732582701621,15.482640485207803,624.8963354223764],"rotation_error":33.897941811517725,"translation_error":178.92810576633042,"ADD":0,"ADD_S":0}}
{"id_image":1588,"data":{"Best_template_id":35,"GT_R":[0.967719452563862,-0.24941156509198423,0.036232342559678964,-0.04836815606381152,-0.3248805448962843,-0.9445173838550212,0.2473448656409557,0.9122759698743131,-0.3264559389629484],"GT_T":[97.95108793110705,14.81073982701194,799.8627338755941],"R_pred":[0.9691241131343322,-0.24518278267432464,-0.026150648589825534,-0.11719014878210639,-0.3646903618928312,-0.9237247474063384,0.21694451449626795,0.8982685250093931,-0.3821632303184438],"T_pred":[76.21620870909838,25.235818725624743,648.4604152312429],"rotation_error":4.945037262467463,"translation_error":153.30932566456377,"ADD":0,"ADD_S":0}}
{"id_image":1603,"data":{"Best_template_id":35,"GT_R":[0.9705325467035506,-0.23673168951705253,0.0449900624852725,-0.040762068427416476,-0.3453034913639725,-0.9376057705867281,0.23749618990024998,0.9081436344132888,-0.34477770063930707],"GT_T":[107.33541268746976,3.7743155759847165,789.3460122282963],"R_pred":[0.3013982155886363,-0.93801277741719,0.17114656012340845,0.2725967687663289,-0.08723395015756294,-0.9581655595971215,0.9137013282786356,0.33544338917617283,0.22940709526921815],"T_pred":[61.61568424745241,28.855828889288343,707.8754653868685],"rotation_error":63.825815427175186,"translation_error":96.7306873818006,"ADD":0,"ADD_S":0}}
{"id_image":1611,"data":{"Best_template_id":35,"GT_R":[0.9686505897369123,-0.24190955331533348,0.056534250663022714,-0.03455598713461896,-0.3565577781098246,-0.9336338039647201,0.24601250695796392,0.902411766687483,-0.353739070408034],"GT_T":[102.61539062939669,0.9745875500252339,786.1706618293845],"R_pred":[0.9146316932494547,-0.40316949391696916,-0.030053699911507303,-0.1906856897577604,-0.36465040299717844,-0.9114104735604055,0.3564938055916864,0.8393357151752393,-0.4103994685742497],"T_pred":[84.06448289981529,12.975565425870416,742.012334206712],"rotation_error":11.532258738674956,"translation_error":49.377297880698634,"ADD":0,"ADD_S":0}}
{"id_image":1617,"data":{"Best_template_id":17,"GT_R":[0.9678721450800757,-0.24438261019637217,0.05916751685380836,-0.034582986244715314,-0.3624567939133378,-0.9313585726141441,0.24905403116848543,0.8993902130891736,-0.359263527294796],"GT_T":[101.01895399266793,-0.9159179826797903,784.2544794540535],"R_pred":[0.9776179200214256,-0.2072195792491653,0.036376481808732264,-0.015847124437610688,-0.24493883431142752,-0.9694090138291567,0.2097905410166078,0.9471351611158558,-0.24274042819028113],"T_pred":[85.61136678545964,19.543940248009473,727.2452963834011],"rotation_error":7.585369627691298,"translation_error":62.49837195280203,"ADD":0,"ADD_S":0}}
{"id_image":1628,"data":{"Best_template_id":17,"GT_R":[0.9698520621032913,-0.2360631372130204,0.06050521997457641,-0.029676949343621487,-0.3608437126994752,-0.9321538690300611,0.24188028082562696,0.9022564981712178,-0.35697080208542586],"GT_T":[111.52781987181254,9.364844927777014,780.9649307490528],"R_pred":[0.968531925692029,0.15143481370695566,0.19751811591048957,0.2069924292745725,-0.04942842272723705,-0.9770931200503402,-0.13820290567966026,0.9872306357808377,-0.07921886541387564],"T_pred":[102.88971284360775,37.022697572968156,746.469416669776],"rotation_error":30.47985737587752,"translation_error":45.05012982852999,"ADD":0,"ADD_S":0}}
{"id_image":1629,"data":{"Best_template_id":17,"GT_R":[0.9697617420969749,-0.236324435291501,0.060934226844634926,-0.029180284858221092,-0.36016207885243023,-0.932432918314237,0.2423027817362411,0.90246039841487,-0.356167316062902],"GT_T":[112.18135655876338,10.994667208773045,781.036331841989],"R_pred":[0.8916204786465671,-0.36571639965928415,-0.26695399805643877,-0.4497345482880679,-0.6470123159432709,-0.6157222580789592,0.05245720288190965,0.6690490101913131,-0.7413647306338699],"T_pred":[77.86778335137646,6.663200778658203,596.5487772100954],"rotation_error":35.132664294480016,"translation_error":187.70146702077162,"ADD":0,"ADD_S":0}}
{"id_image":1645,"data":{"Best_template_id":17,"GT_R":[0.9712746056841348,-0.23152713758491755,0.054970875885179744,-0.0343645365802669,-0.36505491144535074,-0.9303511821878498,0.235468826332426,0.9017376017185026,-0.3625249730803439],"GT_T":[120.4772930540724,10.945254811771902,775.3478552204879],"R_pred":[0.9984855172558418,0.05146597600329916,-0.01944029692061947,-0.0003973939262591694,-0.3466059808580046,-0.9380107334735184,-0.0550137610821273,0.9365978578597585,-0.3460605998147004],"T_pred":[100.25040356852477,22.79495213910874,659.9042195516795],"rotation_error":16.950933982584555,"translation_error":117.79972581225569,"ADD":0,"ADD_S":0}}
{"id_image":1650,"data":{"Best_template_id":17,"GT_R":[0.9717143015649903,-0.2296473170695437,0.05508193314719222,-0.03462594249119879,-0.3692612644899899,-0.9286802861398441,0.23360875735687867,0.9005050530619224,-0.366768100189983],"GT_T":[122.35019770304312,9.662874353062845,772.6503290084947],"R_pred":[0.9569244873235876,-0.2308055882635602,-0.1761371794562435,0.2659324485003751,0.9402300132154504,0.2127144919451174,0.1165137691222988,-0.2503922975556277,0.9611078185769428],"T_pred":[97.78074804614039,39.225466763572285,619.3592663387109],"rotation_error":124.45605319119208,"translation_error":158.03719378964115,"ADD":0,"ADD_S":0}}
{"id_image":1673,"data":{"Best_template_id":35,"GT_R":[0.9772103367895502,-0.20965917866891154,0.0332196702946569,-0.0477559664823144,-0.3696210757849204,-0.9279540983575202,0.2068327628417331,0.9052205056231348,-0.3712096550745132],"GT_T":[146.30904124000355,9.244313321291651,760.1539052207454],"R_pred":[0.9814445102808613,-0.1639028239828792,-0.09951149446168263,0.1848723126633141,0.946566776341638,0.26426041310933684,0.050881246546031114,-0.2777538518484251,0.9593038603765155],"T_pred":[107.10915742447717,35.56217571534923,536.477289568515],"rotation_error":127.25738038162737,"translation_error":228.60553178297968,"ADD":0,"ADD_S":0}}
{"id_image":1674,"data":{"Best_template_id":17,"GT_R":[0.9777291030756009,-0.2073999948126838,0.03211166716350897,-0.04779511051814384,-0.3690284865377563,-0.9281879298913522,0.2043563530995423,0.905982534079582,-0.37072220446778825],"GT_T":[148.54469330108682,10.04492032786529,759.236273700321],"R_pred":[0.8885838311044565,-0.4543690345029253,0.0629885353426039,-0.12085971080695876,-0.3643653772822206,-0.923380096245118,0.44250616425467487,0.8128878473214276,-0.37868409297691685],"T_pred":[123.6328276480599,22.679087524929432,720.3266732603961],"rotation_error":15.243013391631191,"translation_error":47.89760158371649,"ADD":0,"ADD_S":0}}
