{"id_image":1,"data":{"GT_R":[0.25344259862252894,0.967062444907854,0.023598126881120306,0.3379252561470427,-0.06565103180890929,-0.9388805087260805,-0.9064072681266561,0.24592676377433598,-0.34343354111832913],"GT_T":[-83.37310979913636,21.041325702374337,837.3672823741553],"R_pred":[0.13133767577243616,0.9913211731392775,-0.00572246524329878,0.3397101041868067,-0.05042880780651371,-0.9391772891507771,-0.9313149091666487,0.12140538303131387,-0.3433850214190139],"T_pred":[-75.94162035841498,31.029172585694717,713.0108029548362],"rotation_error":7.33327848971946,"translation_error":124.97807045333884,"ADD":0,"ADD_S":0}}
{"id_image":2,"data":{"GT_R":[0.2535592337491106,0.9670759536808422,0.02170649209121142,0.3377121175987371,-0.0674727783047172,-0.9388282769966023,-0.9064537335478003,0.24537937055903908,-0.34370177278867914],"GT_T":[-82.60516898224708,20.64615021661311,837.4392686270319],"R_pred":[0.15817735580624925,0.9868271820550902,0.03394166860000919,0.38691885514014507,-0.03032004568364277,-0.9216151552393119,-0.9084457736415434,0.15891131988298218,-0.3866179881560945],"T_pred":[-76.318414318667,26.931505896059758,706.1987927866459],"rotation_error":6.1549452490597245,"translation_error":131.54121589459382,"ADD":0,"ADD_S":0}}
{"id_image":3,"data":{"GT_R":[0.25295910273681804,0.967239912673179,0.021404281828002848,0.3379690073017617,-0.06761447786641037,-0.9387255083109438,-0.9065258125149681,0.24469302482264324,-0.3440011213218755],"GT_T":[-82.14160797757941,20.568091720513387,837.4557087150623],"R_pred":[0.12586794354745523,0.9920319148069574,-0.005471817940724544,0.3845591975227243,-0.05387538597588837,-0.9215268126249108,-0.9144788047777888,0.11388644691266298,-0.3882761811157055],"T_pred":[-72.92849882924212,26.946543289055334,690.2919876930648],"rotation_error":8.035958557611337,"translation_error":147.58972460720875,"ADD":0,"ADD_S":0}}
{"id_image":4,"data":{"GT_R":[0.2534296183859205,0.9671056645233282,0.021902092417958898,0.33820494315332045,-0.06736824706785018,-0.9386582234749167,-0.9063064728221298,0.24529055576875367,-0.34415391923574595],"GT_T":[-82.11913340309876,20.210566215903892,837.3653448971263],"R_pred":[0.22921114082127714,0.9733658628565158,0.0045989073701763195,0.3213181839669865,-0.07120344493640673,-0.9442905771431516,-0.9188127543605209,0.21791963301818124,-0.3290807742327931],"T_pred":[-80.15331972529394,31.045032497521337,713.3724821975331],"rotation_error":1.9802170323381614,"translation_error":124.48084223471301,"ADD":0,"ADD_S":0}}
{"id_image":5,"data":{"GT_R":[0.2525993448146263,0.967282820940827,0.023597789216367793,0.33910770727360356,-0.06566097336975903,-0.9384532360467509,-0.9062004051263571,0.24505495473183486,-0.34459955548199256],"GT_T":[-81.45907236663419,19.626909931052506,837.3017260376109],"R_pred":[0.2503388073213675,0.9676078089374538,0.03264367675638241,0.36354592328310553,-0.06269950832815596,-0.9294638956514889,-0.8973097810751589,0.24454835869141994,-0.367465994410616],"T_pred":[-81.24611634447326,27.939612709510627,713.3475176767545],"rotation_error":1.5033596051362383,"translation_error":124.23281429685547,"ADD":0,"ADD_S":0}}
{"id_image":6,"data":{"GT_R":[0.2525938237608344,0.9673181473258131,0.022177215072514134,0.3391258076321491,-0.06704171773785221,-0.938349488747034,-0.9061957728628971,0.24454081795482932,-0.34497751091400003],"GT_T":[-81.49222959126956,19.08045075787212,837.4485037883809],"R_pred":[0.057032096687731126,0.9979871199428121,-0.027731721469331228,0.2736756818283163,-0.04234064831467199,-0.9608896350133556,-0.9601296584957719,0.04721205278892815,-0.27553958145473023],"T_pred":[-68.79759972372199,31.317228582474808,694.305247716715],"rotation_error":12.428985599347024,"translation_error":144.22511611297534,"ADD":0,"ADD_S":0}}
{"id_image":7,"data":{"GT_R":[0.25370885324804165,0.9670779413247315,0.01978816795054644,0.3368630018677383,-0.06916045554705649,-0.9390100263187512,-0.9067276117764811,0.24490043473129783,-0.34331935450010975],"GT_T":[-81.46273171972075,19.643421968393405,837.5426161089795],"R_pred":[0.18376025383700056,0.982966231329192,0.0030914682994093723,0.3934849097558623,-0.07067711292325407,-0.916610261508813,-0.900778438298887,0.16965298044926508,-0.3997700230388708],"T_pred":[-77.47439807915144,26.752595787932503,721.9402396199071],"rotation_error":5.440590681056605,"translation_error":115.88941542499107,"ADD":0,"ADD_S":0}}
{"id_image":8,"data":{"GT_R":[0.2533523849887019,0.9671622471541267,0.02023586619132379,0.33623476034565775,-0.06842522806338709,-0.9392893469126465,-0.9070604611024837,0.2447741801567326,-0.3425295769129469],"GT_T":[-81.35803655101944,20.17761642706216,837.6992910375137],"R_pred":[-0.023469380872726542,0.9976995763874501,-0.0635982974438275,-0.46796181440904633,-0.06717960127819514,-0.881191603130157,-0.8834369974233839,0.00908055330942964,0.4684619676506838],"T_pred":[-65.57379514553675,68.6192093581792,691.3606880790345],"rotation_error":50.36677493047149,"translation_error":154.95391869291342,"ADD":0,"ADD_S":0}}
{"id_image":9,"data":{"GT_R":[0.2541111411622245,0.9669921572240952,0.018781493016453314,0.3365015655457487,-0.07018830761208841,-0.9390639223890019,-0.9067488816646032,0.24494630870140632,-0.343230119671953],"GT_T":[-81.3285553807278,20.747987127881192,837.9329013049934],"R_pred":[0.19108984697574793,0.9815603025020649,-0.004903359546247932,0.3511396623649776,-0.07302288956114833,-0.9334712610007604,-0.9166163908075147,0.17665511640537035,-0.3586186860034073],"T_pred":[-75.40353620972348,29.62786830259967,697.7989006061852],"rotation_error":4.05173909628632,"translation_error":140.5400166988302,"ADD":0,"ADD_S":0}}
{"id_image":10,"data":{"GT_R":[0.2537899740344751,0.9670485206771409,0.020158463399542453,0.33558257152581855,-0.0684845287276718,-0.9395177702319196,-0.9071794320206298,0.24520436414641442,-0.34190642097510665],"GT_T":[-80.47859344063775,21.86168947518449,838.0283320517209],"R_pred":[0.10574206461336322,0.9940687013148803,-0.025417176032171807,0.3978283456277581,-0.06571631432228286,-0.9151032583522889,-0.9113458307285902,0.08665323478117865,-0.40241768563965186],"T_pred":[-70.29848825463849,27.843533255348675,690.4796484038562],"rotation_error":9.770925122160303,"translation_error":148.02037374235326,"ADD":0,"ADD_S":0}}
{"id_image":11,"data":{"GT_R":[0.25386980368368134,0.967015657104626,0.02072407227704577,0.33409392879366945,-0.0675616309808028,-0.9401158325808989,-0.9077068949155069,0.2455904473078492,-0.34022689445482784],"GT_T":[-80.61005930340075,22.42988337606844,838.2083613381856],"R_pred":[0.08270218034350052,0.996238045401487,-0.025886410741069565,0.2669332008725131,-0.047170632923742906,-0.9625599189980475,-0.960159890663209,0.07269586153418761,-0.26983012448097166],"T_pred":[-69.47779368770472,34.34098306936035,692.3921048677211],"rotation_error":11.138962326039817,"translation_error":146.7248523076518,"ADD":0,"ADD_S":0}}
{"id_image":12,"data":{"GT_R":[0.25324234495058023,0.9671690814812811,0.02125963857606958,0.33430896485995515,-0.06687039571536348,-0.9400884820911392,-0.9078032773545216,0.2451763271571101,-0.3402676999436245],"GT_T":[-79.88260736874209,22.881841100237725,838.2322017830952],"R_pred":[-0.07129890278652973,0.9878242113966761,-0.1382743426669315,0.4823402867212764,-0.08719587625170833,-0.8716333672882961,-0.8730774961405625,-0.1288417888079476,-0.4702504430510347],"T_pred":[-53.87029766933757,19.489190572826317,616.381517137458],"rotation_error":22.934919510204832,"translation_error":223.39623231208904,"ADD":0,"ADD_S":0}}
{"id_image":13,"data":{"GT_R":[0.2514809268718622,0.9676431570376295,0.020599310052937157,0.33480482081175145,-0.06700351945050709,-0.9399028368477773,-0.9081093810443863,0.24326413699003646,-0.3408222842192383],"GT_T":[-77.96174374564387,23.11095356314096,838.2978865565569],"R_pred":[0.1964207853381711,0.9799298746475196,0.03400464468910247,0.48385896420577085,-0.06670630854335269,-0.8726000063936725,-0.8528184905622381,0.18785023069939277,-0.48725035965233565],"T_pred":[-72.85861495834182,23.93972410156597,687.2665288622093],"rotation_error":9.741632630644329,"translation_error":151.1198193190527,"ADD":0,"ADD_S":0}}
{"id_image":14,"data":{"GT_R":[0.2502253749825315,0.9679662059533756,0.020695770031404954,0.3334942167305513,-0.06610305435793788,-0.9404322687882727,-0.9089384625695011,0.24222148141420918,-0.3393520092814183],"GT_T":[-76.60944371026196,23.479386066724818,838.2745254958598],"R_pred":[0.14982303056975826,0.9871796204762711,0.055040498064784116,0.049848057354698216,0.048056112030081866,-0.9976000106628486,-0.9874554322544673,0.15220711879829524,-0.04200907399914344],"T_pred":[-71.89951718521884,46.05246181231254,713.0428112805854],"rotation_error":18.69578829705293,"translation_error":127.3369914902324,"ADD":0,"ADD_S":0}}
{"id_image":15,"data":{"GT_R":[0.25076615093608173,0.9678458027047047,0.019735145089571932,0.33466316956627445,-0.06754442788729421,-0.9399147428788058,-0.9083597440537265,0.24230249415208663,-0.34084097326759766],"GT_T":[-75.90382426872736,23.3007840934331,838.0623957124262],"R_pred":[0.860740560220621,0.4785315290541984,-0.17358935362556813,0.2607084115593189,-0.7072993026017957,-0.6570835720676863,-0.43721483521640525,0.5203222772859762,-0.7335583927858963],"T_pred":[-73.14652001621599,34.334036317339404,396.4613307511438],"rotation_error":53.07851218334323,"translation_error":441.74747985281823,"ADD":0,"ADD_S":0}}
{"id_image":16,"data":{"GT_R":[0.2495752419559034,0.9680628337555597,0.023777412254693396,0.3355382353548855,-0.06341902192443678,-0.9398895967379872,-0.9083650266531353,0.24255075448454355,-0.3406500628490669],"GT_T":[-74.94607267753311,23.292909771154193,838.1467344508961],"R_pred":[0.16765202972933513,0.9857638475608126,0.012744950754595807,0.36920272241475427,-0.050793893871473816,-0.9279597675044469,-0.9141018251207946,0.16027980904492128,-0.37246239558290395],"T_pred":[-70.82108801040043,31.41554301091312,713.4134860871109],"rotation_error":5.189400016323868,"translation_error":125.0654865126005,"ADD":0,"ADD_S":0}}
{"id_image":17,"data":{"GT_R":[0.24936940696045007,0.9680789036364563,0.02526461188322842,0.33596591896300326,-0.06201469219656114,-0.939830288001466,-0.9082630299303577,0.2428531981038625,-0.34070657417279365],"GT_T":[-75.18118526502884,23.27868000125628,838.3057118937559],"R_pred":[0.16941754960582645,0.9854772547468824,-0.011501054825751922,0.3049235867193539,-0.06351071239010964,-0.95025680511844,-0.9371869077978849,0.15748323653090346,-0.31125508841461486],"T_pred":[-71.62257839205706,34.95528352134326,721.9256153107366],"rotation_error":5.4546299890850545,"translation_error":117.0185183349822,"ADD":0,"ADD_S":0}}
{"id_image":18,"data":{"GT_R":[0.2502812274090433,0.9678321668869417,0.025690564332829218,0.33604750833681396,-0.06195480875112179,-0.9398050939406981,-0.9079818968138775,0.24384770631660538,-0.3407439154027969],"GT_T":[-75.11479622833753,23.17971372171052,838.2946844518523],"R_pred":[0.14932588328926988,0.9887524659839506,0.008386989360654129,0.33148171830609435,-0.042067017409174956,-0.9425233347112075,-0.9315694558156777,0.1435232631211839,-0.33403506093571833],"T_pred":[-69.42335632868131,32.742578820147735,704.388578019038],"rotation_error":6.0147520022536325,"translation_error":134.3677275874623,"ADD":0,"ADD_S":0}}
{"id_image":19,"data":{"GT_R":[0.2504153946883019,0.967750352022962,0.027384307767822528,0.3373280038888069,-0.0607040936346561,-0.939427935807554,-0.907470452639916,0.24448461112949402,-0.3416502860474704],"GT_T":[-75.45319939336225,22.818850978706127,838.4937386034225],"R_pred":[0.06077174721919343,0.9980393655160558,-0.014973964746700874,0.2821868268614805,-0.031568516236699096,-0.9588399363441544,-0.9574327075496092,0.054044922637767334,-0.28355203552664277],"T_pred":[-64.64195018397278,34.37220800805473,697.4022927535126],"rotation_error":11.838622616287998,"translation_error":141.9759108445273,"ADD":0,"ADD_S":0}}
{"id_image":20,"data":{"GT_R":[0.2517147320039058,0.9674233226608859,0.027052675322488787,0.3359264379083084,-0.06112191966651934,-0.9399032639877133,-0.907630309236553,0.24567529272899027,-0.3403682058433128],"GT_T":[-76.14367963166697,23.281170559468165,838.5770563391806],"R_pred":[0.029032967894473183,0.9995736309285236,0.0031053385654636334,0.501993268216124,-0.011893960729385977,-0.8647897388173973,-0.8643840844444863,0.026666271777950112,-0.5021245507924617],"T_pred":[-61.09106222453531,19.34893183859385,648.4349251074813],"rotation_error":16.40475922947225,"translation_error":190.7775507272703,"ADD":0,"ADD_S":0}}
{"id_image":21,"data":{"GT_R":[0.25225343350327145,0.9672830028839607,0.027028889159686653,0.3348912225966372,-0.06106038052853039,-0.9402768128071141,-0.9078631806582032,0.24623902564545674,-0.3393373616334951],"GT_T":[-76.4625733168724,24.220607268625987,838.7761313496179],"R_pred":[0.13688913595479812,0.9902526419262836,-0.02571127409453655,0.5123197502539596,-0.0929882867445756,-0.853745660034667,-0.8478147427104988,0.10369611220448027,-0.5200550724263792],"T_pred":[-67.31528663304172,22.67242901525749,669.5051961239496],"rotation_error":13.662865928737931,"translation_error":169.52498111414957,"ADD":0,"ADD_S":0}}
{"id_image":22,"data":{"GT_R":[0.25199983694825995,0.9673401408518597,0.027362427202331074,0.33414937462958977,-0.06044276609023767,-0.9405805268288955,-0.9082072658592977,0.24616836142379683,-0.33846825000857717],"GT_T":[-76.05159628683896,25.198305121674668,839.0317670943804],"R_pred":[0.13499032978985803,0.9908094709323589,-0.008614126419093704,0.41484846593828545,-0.06441074883082232,-0.9076078479958751,-0.8998212940200272,0.1189447255904672,-0.419730617280098],"T_pred":[-68.50711504938295,30.100300493515796,698.2986879126078],"rotation_error":8.698716334456682,"translation_error":141.0203826819051,"ADD":0,"ADD_S":0}}
{"id_image":23,"data":{"GT_R":[0.2531745034458495,0.9670094743542375,0.028191563962143694,0.33425380842151864,-0.06009067979274502,-0.9405659355538731,-0.9078422662756067,0.2475499594565669,-0.33844084986289585],"GT_T":[-76.3511698135956,24.963222775357153,839.1195497151393],"R_pred":[0.058411111594398823,0.9968178459059807,-0.054243194279714135,0.3833486578100295,-0.07256708137076362,-0.9207485135782612,-0.9217548202193223,0.03298788845453987,-0.3863675071971703],"T_pred":[-64.48297828542015,31.662622140275264,700.6312943744462],"rotation_error":12.650395057739315,"translation_error":139.1572232739255,"ADD":0,"ADD_S":0}}
{"id_image":24,"data":{"GT_R":[0.2538494808586458,0.9668011421422477,0.029246698525926467,0.3343236046074544,-0.059328072448547854,-0.9405899147711769,-0.9076280134320326,0.2485449837248997,-0.338284758430411],"GT_T":[-76.20063079694965,25.304962597034002,839.3822635369212],"R_pred":[0.08257214968964144,0.9964676447585492,-0.0152994459044003,0.38614826861191726,-0.04614318921238014,-0.9212818899432081,-0.9187335602576248,0.07016437157604027,-0.3885943980781106],"T_pred":[-64.90331423484109,30.29517521343362,683.0572509519791],"rotation_error":10.727537050390566,"translation_error":156.81212052371356,"ADD":0,"ADD_S":0}}
{"id_image":25,"data":{"GT_R":[0.2530835282753777,0.9669754261574816,0.03012348954598268,0.33309640887414244,-0.057862173406072116,-0.9411158837219198,-0.9082929737993171,0.24821424699347372,-0.33674043855373254],"GT_T":[-75.54247124616735,25.930855716891465,839.6232987295408],"R_pred":[0.0022817322469309564,0.9974391420157418,-0.07148392597538372,-0.5175312584490646,-0.0599884946930522,-0.8535588890244123,-0.8556612590424324,0.038942759010661576,0.5160690567109762],"T_pred":[-61.21914388888592,76.19747114666201,697.1505446771007],"rotation_error":52.757474236842484,"translation_error":151.75762247951627,"ADD":0,"ADD_S":0}}
{"id_image":26,"data":{"GT_R":[0.2540244566235768,0.9667236902355724,0.030254434504927246,0.3326246394835023,-0.05794494137122172,-0.9412779919050586,-0.9082023783428712,0.24917056151813854,-0.3362761699360086],"GT_T":[-74.91414365616485,26.749161330836174,839.8925860166082],"R_pred":[0.09728828167967873,0.9948999795365971,-0.026627447603819687,0.32953350227349704,-0.05744628845195687,-0.9423946067452094,-0.9391180230019966,0.08290931588894718,-0.3334417253608914],"T_pred":[-64.37949505002753,34.52475559789676,686.2871336182723],"rotation_error":9.702427300353483,"translation_error":154.16249120313992,"ADD":0,"ADD_S":0}}
{"id_image":27,"data":{"GT_R":[0.2539007642223682,0.9667244710884632,0.03127194106825801,0.3328242000576442,-0.05696441391462005,-0.9412675385763231,-0.9081643824933432,0.2493956922614701,-0.3362124605239052],"GT_T":[-74.2948771023125,26.479256089262027,840.0784017929639],"R_pred":[-0.15306227681818593,0.9876089332789697,-0.03464872757849086,-0.5698350408898754,-0.11685174260670378,-0.8134086896657858,-0.8073784525173229,-0.10475812692747088,0.5806597706517825],"T_pred":[-53.03177906259512,78.63292665901128,687.5293827546691],"rotation_error":59.691303453801275,"translation_error":162.6140458315043,"ADD":0,"ADD_S":0}}
{"id_image":28,"data":{"GT_R":[0.2541713110825533,0.9666430355822231,0.03159314295322762,0.3328570577359741,-0.056758386076588264,-0.9412677264984051,-0.9080770686696156,0.2497588043902095,-0.33618038723766647],"GT_T":[-73.46442530237287,26.594159420727074,840.3050185911085],"R_pred":[0.15939975752181423,0.9871041766118587,0.014733017932898163,0.373586914769852,-0.04650022845302615,-0.926428921108662,-0.9137967686606963,0.15317660810071704,-0.3761813290369808],"T_pred":[-68.30513648000556,33.44150182805135,709.2545970391923],"rotation_error":6.097399757850003,"translation_error":131.33056517098635,"ADD":0,"ADD_S":0}}
{"id_image":29,"data":{"GT_R":[0.2538705729256707,0.9666505156040728,0.03369292282476344,0.3326211617337393,-0.054540009417010975,-0.941482796041585,-0.9082473046577757,0.2502212893236562,-0.3353756557800043],"GT_T":[-71.89214458888715,27.438991127111745,840.475701820072],"R_pred":[0.13513601482704996,0.9906638997729914,-0.017980411097386073,0.38860697233965424,-0.06968515241144435,-0.918764714484835,-0.9114400027131078,0.11717088896121575,-0.3943958724864755],"T_pred":[-65.7235301557527,33.868691142742044,716.9128277270635],"rotation_error":8.351737049955393,"translation_error":123.88372249993277,"ADD":0,"ADD_S":0}}
{"id_image":30,"data":{"GT_R":[0.2546579720353766,0.9664019172825229,0.034855901346947646,0.3333781414295596,-0.053900025067147576,-0.9412517397345952,-0.9077492850790422,0.25131707853056745,-0.3359041441583995],"GT_T":[-70.9107663929617,27.37675213785976,840.4745273148972],"R_pred":[-0.5254570002302725,0.8506936183684662,0.014673396885847567,-0.508625312864213,-0.30024933619972394,-0.8069390480237071,-0.6820522208913221,-0.4314750326250539,0.5904524233148881],"T_pred":[-31.225488236333497,82.35274215400399,721.5652902135222],"rotation_error":72.32233910174438,"translation_error":136.88202018035514,"ADD":0,"ADD_S":0}}
{"id_image":31,"data":{"GT_R":[0.25475391879024517,0.9663688808232624,0.03508003911804865,0.3334155880979098,-0.05372687970881689,-0.9412486105632286,-0.9077084228639309,0.25148327504095475,-0.3358895349919182],"GT_T":[-69.94443046592814,26.821565345638177,840.4062611747131],"R_pred":[0.17780259888627759,0.9838975987564509,-0.018214032792761847,0.37962965846530666,-0.08565653866436485,-0.921164632298459,-0.90789182078197,0.15687087857639598,-0.38874666456687357],"T_pred":[-64.96291735062357,33.28196366484776,699.4446634289379],"rotation_error":6.3281594878190885,"translation_error":141.19746548151113,"ADD":0,"ADD_S":0}}
{"id_image":32,"data":{"GT_R":[0.2545027827082267,0.9664220780394283,0.0354397126531166,0.33353009021787056,-0.05331759179516195,-0.9412309447127438,-0.907736499153991,0.2513655798928934,-0.33590075688893883],"GT_T":[-68.28130838242934,27.043116136015332,840.3074411975896],"R_pred":[0.10505419806933636,0.9943949842760191,-0.011926051932801773,0.4541237568366838,-0.05863861898296452,-0.8890068199065218,-0.8847232499174782,0.08797799503549741,-0.4577386191321299],"T_pred":[-58.96893589176826,28.082348316030323,681.5581707064572],"rotation_error":11.813926680021659,"translation_error":159.02556764997104,"ADD":0,"ADD_S":0}}
{"id_image":33,"data":{"GT_R":[0.2550123742095555,0.9662628684685174,0.036119879174099756,0.3350517986367089,-0.05326150561360088,-0.9406939317718657,-0.9070333213088039,0.25199033265567367,-0.3373304957103231],"GT_T":[-65.11941381239835,26.143397193517995,840.1611028563907],"R_pred":[0.1376343074336669,0.9904783553506948,0.0030700161298330975,0.3962281826084055,-0.05221760962838584,-0.9166659961793813,-0.9077775193978395,0.1273811164438438,-0.39964237319061274],"T_pred":[-59.213012349900985,32.01502379479868,706.0171692579611],"rotation_error":8.026555022476206,"translation_error":134.40221909790387,"ADD":0,"ADD_S":0}}
{"id_image":34,"data":{"GT_R":[0.2550364989529288,0.9663204951733576,0.03434964101276485,0.3336640141121285,-0.05460869657239494,-0.9411089694625193,-0.9075376437760044,0.25147804637285587,-0.33635458963250964],"GT_T":[-63.40567259486289,26.97620463436077,840.1472614888288],"R_pred":[-0.30182457819658626,0.9532793269582068,0.01266683822274961,0.4727605405091032,0.16119546988513844,-0.866321817701742,-0.8278885162472019,-0.25548883592559973,-0.49932560457419817],"T_pred":[-33.17913243263507,18.98970607268965,654.8962304147747],"rotation_error":33.69957239445546,"translation_error":187.87062677133568,"ADD":0,"ADD_S":0}}
{"id_image":35,"data":{"GT_R":[0.25512914853509855,0.9661981771190484,0.03700457024556993,0.3339955346228686,-0.05214824652797536,-0.9411310425971167,-0.9073904719791878,0.252468161754874,-0.3360108126941651],"GT_T":[-62.41649041299625,27.873331701391756,840.3803760530436],"R_pred":[0.06818904539164983,0.9972567119081923,-0.0287976499498957,0.36966524992722466,-0.052065678630894396,-0.9277051083749336,-0.9266595151860355,0.052613835278998766,-0.3722014605726531],"T_pred":[-53.15496413584122,34.2881027342251,696.3630121039561],"rotation_error":11.714659748907604,"translation_error":144.45735105985452,"ADD":0,"ADD_S":0}}
{"id_image":36,"data":{"GT_R":[0.2563746697329778,0.9658327472384856,0.03793241688824957,0.33376827658820457,-0.05162995753490499,-0.9412409974203946,-0.9071222804772214,0.25397017492372786,-0.3356009987578277],"GT_T":[-62.10642390525281,28.11855609168646,840.7375105104313],"R_pred":[0.045405778225573123,0.9985105476576115,-0.030248992053072743,0.34120360708075,-0.043960713220183245,-0.9389608906702441,-0.9388921204370688,0.03231318476519429,-0.34269147096406577],"T_pred":[-51.96462067842364,35.63191980181346,692.740423811909],"rotation_error":12.872956194071255,"translation_error":148.53432087629554,"ADD":0,"ADD_S":0}}
{"id_image":37,"data":{"GT_R":[0.25763544886338285,0.9654668605023347,0.03869974531194399,0.33350677193950934,-0.05126312644559804,-0.9413528122993993,-0.9068605652508838,0.2554323884868569,-0.3351977727223206],"GT_T":[-62.5614352748985,28.277641399733927,841.20935885986],"R_pred":[0.18327410366320662,0.982993337568918,0.011606085540258881,0.3986987885399681,-0.0635334970683632,-0.9148785552011952,-0.8985821492458052,0.172300879409781,-0.40356229755938056],"T_pred":[-59.50294009598984,32.97429100037833,696.2868352393094],"rotation_error":6.190730535553178,"translation_error":145.03086141500947,"ADD":0,"ADD_S":0}}
{"id_image":38,"data":{"GT_R":[0.25924385266374755,0.9650459103201624,0.038451573640221115,0.3323303375085031,-0.05175177435747907,-0.9417427096640475,-0.9068349989614687,0.2569192676534713,-0.33413086318955937],"GT_T":[-63.40322776701208,28.66019710010571,841.8289829512659],"R_pred":[-0.56996432074622,0.8213121642066334,0.024228124205478874,-0.4260716567056046,-0.27021056681408945,-0.8633939963505366,-0.7025692965312686,-0.5024266896853955,0.5039482166486294],"T_pred":[-19.478203964131968,78.73125852044289,685.0440673449688],"rotation_error":70.39994870736564,"translation_error":170.3467894311967,"ADD":0,"ADD_S":0}}
{"id_image":39,"data":{"GT_R":[0.2614711820698734,0.964430059873276,0.03882080681093911,0.33307512889370205,-0.05240608495991363,-0.941443116616881,-0.9059212622771388,0.25909049396628264,-0.33493015062136344],"GT_T":[-64.22620334282682,28.759554066192774,842.5740359817371],"R_pred":[0.10776188562680811,0.9940917716657336,-0.012997134785717845,0.4379433621394384,-0.059202478333471475,-0.8970511011738294,-0.8925205810311377,0.09097590925985971,-0.4417356634574372],"T_pred":[-56.23920335358868,30.337466978382448,685.3888860333946],"rotation_error":11.48234115740127,"translation_error":157.39584919008976,"ADD":0,"ADD_S":0}}
{"id_image":40,"data":{"GT_R":[0.26327844820011614,0.9638829836419289,0.04015542781520196,0.3327043481856121,-0.05164794092956704,-0.9416163381680411,-0.9055340382782278,0.2612667564499613,-0.3342863601229762],"GT_T":[-64.80760169917666,28.62655250594833,843.2584631467716],"R_pred":[0.20070753064406377,0.9794401271918753,0.020335299091129355,0.38572902243003543,-0.05992887797057156,-0.9206637012722713,-0.9005163010173285,0.19262805307522501,-0.3898266599022142],"T_pred":[-62.37637605892176,34.11757604942221,699.7558893755776],"rotation_error":5.076680679872912,"translation_error":143.6281688131747,"ADD":0,"ADD_S":0}}
{"id_image":41,"data":{"GT_R":[0.26414110549116904,0.9635127896710239,0.043263066996801144,0.33285479571469084,-0.0489660351212863,-0.9417063101580979,-0.9052277346669361,0.26314321350542286,-0.3336440214450845],"GT_T":[-65.24934715104172,29.20864185401548,843.8458655721768],"R_pred":[0.30072279955270376,0.9517889505454484,0.06052760897952342,0.28085090212832403,-0.027727848776894826,-0.9593507894278882,-0.911421180685906,0.3054978887354206,-0.2756491817062219],"T_pred":[-69.76971374071674,41.906324560785826,727.1720321088311],"rotation_error":4.139780918142389,"translation_error":117.44976915796549,"ADD":0,"ADD_S":0}}
{"id_image":42,"data":{"GT_R":[0.2648422975334225,0.9632754003150944,0.04425970289661113,0.3318843647941629,-0.04796091346208243,-0.9421002125639675,-0.905379540198928,0.2641958792846517,-0.3323984413135415],"GT_T":[-65.27567057151487,30.161031145699706,844.5526780471477],"R_pred":[0.5306671417778405,0.8475204313083382,0.0100748772829376,0.5767825371917463,-0.35238621158313316,-0.7369843028699725,-0.6210590063979347,0.39690436682029057,-0.6758347683946089],"T_pred":[-67.51849767929373,18.79069352947739,490.4066449457969],"rotation_error":28.846870769965918,"translation_error":354.3356143719754,"ADD":0,"ADD_S":0}}
{"id_image":43,"data":{"GT_R":[0.26545355958034217,0.9630869713214707,0.04470007371302421,0.3307515108970466,-0.04741833048973108,-0.9425262609813332,-0.9056143481101825,0.2649809629223328,-0.3311296678634264],"GT_T":[-65.19045838153947,30.660848217657644,845.0849859063278],"R_pred":[0.5254498496022842,0.8506805501997334,-0.015654298605059846,0.4959771845950314,-0.3212018304293575,-0.8067440836411611,-0.6913096903082755,0.4161393824678329,-0.5906935977689],"T_pred":[-67.12641252258584,25.32310457238929,513.033884677346],"rotation_error":23.81976244340375,"translation_error":332.0996435605409,"ADD":0,"ADD_S":0}}
{"id_image":44,"data":{"GT_R":[0.26743629230944804,0.9625323252632322,0.04480579190149483,0.329627154568295,-0.04769320202075904,-0.9429056880909125,-0.9054411301724188,0.2669362488435078,-0.33003302106602217],"GT_T":[-65.12179482511127,31.31543832319444,845.4397384618005],"R_pred":[0.2239282254032079,0.9743272028331601,0.023294885427516454,0.4036012073871299,-0.07095006265222703,-0.912179891252431,-0.8871089083440782,0.2136646681811381,-0.4091273570755476],"T_pred":[-64.08533072900099,36.423578842182984,710.762837091107],"rotation_error":5.569519156405411,"translation_error":134.77772486652148,"ADD":0,"ADD_S":0}}
{"id_image":45,"data":{"GT_R":[0.26933136788414463,0.9619939658241835,0.045024144627044495,0.3301930858715833,-0.0483245398803746,-0.9426760953429256,-0.9046728970383705,0.2687576592783745,-0.3306590179567595],"GT_T":[-65.00434486890596,31.039021939051274,845.8785870074804],"R_pred":[0.1602400015469012,0.9870677266148183,-0.004521612511461437,0.35637907954601344,-0.062124982392413375,-0.932273800031235,-0.9204982854770485,0.14777614705424208,-0.3617251951352263],"T_pred":[-58.918691048421096,37.20405110773228,698.3271928860365],"rotation_error":7.232001375659982,"translation_error":147.80546902687712,"ADD":0,"ADD_S":0}}
{"id_image":46,"data":{"GT_R":[0.26911844030984894,0.9619054777891148,0.0480975018114233,0.33087586588918744,-0.04543989501619441,-0.9425804876845929,-0.9044871708087693,0.26957941589728035,-0.3304998755814108],"GT_T":[-64.28011652485256,29.69595786778838,846.0347168220468],"R_pred":[0.19280252183257418,0.9812374768578338,-0.00044898181681690685,0.34394360127423584,-0.06800970976027776,-0.9365241473239396,-0.9189831264596262,0.18040979293817422,-0.35060279504661107],"T_pred":[-60.202802811184526,37.93561220361718,701.4975550296928],"rotation_error":5.41256771925043,"translation_error":144.8292357560542,"ADD":0,"ADD_S":0}}
{"id_image":47,"data":{"GT_R":[0.27129109129994755,0.9613202950697941,0.04758708230081084,0.3310800097521314,-0.04678032506632517,-0.9424427170133723,-0.9037626366234525,0.27143061224647613,-0.33096516039122137],"GT_T":[-63.85280758488734,29.858094184034528,846.2249221488776],"R_pred":[0.4449932659371787,0.8887373210794342,-0.11012251082823121,0.48807774834614903,-0.3437867502584916,-0.8022410996178511,-0.7508402658621316,0.3032435398607136,-0.5867556993270941],"T_pred":[-60.828365771889644,25.83356554153177,518.1290334695309],"rotation_error":21.668478360711905,"translation_error":328.1345093819984,"ADD":0,"ADD_S":0}}
{"id_image":48,"data":{"GT_R":[0.27289724722765796,0.9609313342148625,0.04622564935972478,0.3303089631526845,-0.04845980960147492,-0.9426282094133216,-0.9035614152896173,0.2725089925364517,-0.33062930922153855],"GT_T":[-63.10828824049198,29.725371730048437,846.1746713264622],"R_pred":[0.2711276678557901,0.9622633656245078,-0.02321643598993728,0.4033450273590168,-0.13548059070033525,-0.9049628713092279,-0.8739579947731092,0.23599623878461068,-0.4248566801307036],"T_pred":[-60.89621137381177,33.92633886237969,669.1751987140174],"rotation_error":7.049944718456888,"translation_error":177.06313764867784,"ADD":0,"ADD_S":0}}
{"id_image":49,"data":{"GT_R":[0.2734777159105819,0.9606792600593358,0.04800412918619296,0.3300246820630748,-0.046837339096059,-0.9428099663986295,-0.9034894119414927,0.2736801564277977,-0.3298565775720416],"GT_T":[-62.777355204106804,29.750532726154,846.2253652262747],"R_pred":[0.13670991252673226,0.9905473221255805,-0.011242884272956555,0.28921126042400935,-0.05076519162102966,-0.9559182716967158,-0.9474530313745846,0.12743193457497987,-0.2934175444474799],"T_pred":[-57.117598336296936,41.2528149832758,719.8420431336694],"rotation_error":9.033284720895399,"translation_error":127.03180486826288,"ADD":0,"ADD_S":0}}
{"id_image":50,"data":{"GT_R":[0.27448692629340227,0.9602626610813108,0.05051063440542945,0.33150239141683685,-0.04518860289042431,-0.9423719805470617,-0.9026426025888701,0.27541217693486014,-0.3307336275689764],"GT_T":[-62.79559486984249,29.185022281079057,846.1118627694394],"R_pred":[0.03789593294844307,0.9991804803915931,0.014222020615685227,0.3408494255946613,0.000453939654922908,-0.9401177920934055,-0.9393538030677031,0.04047420837046156,-0.34055289034014635],"T_pred":[-51.25985335704725,34.473174311365256,689.838000948389],"rotation_error":13.929098622417273,"translation_error":156.78825776380774,"ADD":0,"ADD_S":0}}
{"id_image":51,"data":{"GT_R":[0.2760840505160722,0.9598441082615389,0.04976367896157372,0.333141598707681,-0.046999314144441126,-0.9417053638326248,-0.9015513745380199,0.27656752985876426,-0.3327408503276509],"GT_T":[-62.77581426100241,27.302248641780352,845.9990161231565],"R_pred":[0.034599617833944274,0.9993895666891167,-0.004833263771481966,0.3725330065552027,-0.017384685094005592,-0.9278560943115715,-0.927373724812541,0.030302915983811907,-0.3729071034590139],"T_pred":[-50.47237411808201,30.822426543243097,684.8260718753244],"rotation_error":14.556820194336751,"translation_error":161.68019127067845,"ADD":0,"ADD_S":0}}
{"id_image":52,"data":{"GT_R":[0.27895602785936585,0.9591133567916142,0.04779812155425953,0.3326937326447879,-0.04983190969196745,-0.9417179749032961,-0.9008322831090869,0.2785995108729162,-0.3329919092607192],"GT_T":[-63.27934214965678,26.22674962722656,845.6717436173032],"R_pred":[0.21725111222073967,0.9757126188027992,0.02805066394641642,0.39682114297880144,-0.06202758676777764,-0.9157977718714778,-0.8918155272946581,0.21008918103688518,-0.4006589588258346],"T_pred":[-62.415741457224065,32.398203650994894,718.2853126343299],"rotation_error":5.551137062030952,"translation_error":127.53876057694485,"ADD":0,"ADD_S":0}}
{"id_image":53,"data":{"GT_R":[0.28048262401188967,0.9586269503608733,0.048609865086993415,0.33345355935278764,-0.04982528287169916,-0.9414492295130863,-0.9000773890238282,0.2802682202464512,-0.33363328258453695],"GT_T":[-63.37870144862229,26.077496580954588,845.5310093663833],"R_pred":[0.13339781719770993,0.9910496155470546,-0.005067730352109112,0.3698759306926557,-0.05452891300279117,-0.9274795919808564,-0.9194546308878584,0.12184932158518313,-0.3738394368818016],"T_pred":[-57.497059072045936,34.389338684341936,722.2140783914882],"rotation_error":9.44263565814906,"translation_error":123.73659887545243,"ADD":0,"ADD_S":0}}
{"id_image":54,"data":{"GT_R":[0.2807906166989131,0.9585082498113331,0.04916685670324384,0.3329368206368906,-0.049229428266089864,-0.9416632577855631,-0.9001718656529019,0.28077942240375137,-0.3329458892486792],"GT_T":[-63.10444082137191,25.971055729770356,845.4621168185524],"R_pred":[-0.17565883679629526,0.9843952407335272,0.01048728165702073,-0.4960032753123725,-0.07929648904704789,-0.864692325456986,-0.850367405263614,-0.15709257412746352,0.5021923926337757],"T_pred":[-40.98248265833149,74.61152439582742,689.5852605761208],"rotation_error":56.5669732970115,"translation_error":164.78128090606856,"ADD":0,"ADD_S":0}}
{"id_image":55,"data":{"GT_R":[0.2813033119751419,0.9582275762849988,0.05164537636415254,0.33462348323306973,-0.047508811200729965,-0.9411534757954809,-0.8993860682770836,0.2820307013408506,-0.33401043860875335],"GT_T":[-62.80702116789652,25.113810016435487,845.3748386264501],"R_pred":[-0.14798373397495834,0.9866102685715057,-0.06856378364771354,0.31508094776754053,-0.018682159066305992,-0.9488809057445142,-0.9374565647712632,-0.16202208146386393,-0.30809744284135154],"T_pred":[-37.75503937511301,30.976704310060374,642.3325598416432],"rotation_error":25.84591539653239,"translation_error":204.66592851613444,"ADD":0,"ADD_S":0}}
{"id_image":56,"data":{"GT_R":[0.28293588122904945,0.9577320545629372,0.05192684629893668,0.3358386503416806,-0.04821158086732782,-0.9406849798097653,-0.898420922765791,0.28359179580109767,-0.3352844601960174],"GT_T":[-62.76446793257845,24.814218897256673,845.4220130665414],"R_pred":[-0.13338499699961162,0.9909864920707857,-0.012418337596152185,-0.44024545454929254,-0.0704730958812606,-0.8951075256669432,-0.8879146255829444,-0.11392679794565025,0.44567735233658695],"T_pred":[-43.427934634031104,70.79718745496584,689.9493448211888],"rotation_error":52.25634790484123,"translation_error":163.27916428226402,"ADD":0,"ADD_S":0}}
{"id_image":57,"data":{"GT_R":[0.2857146794349626,0.9569229023170686,0.05163224337155264,0.3355554552506099,-0.04943061103064838,-0.9407227924761756,-0.8976469463994041,0.2861030578341571,-0.3352240707619891],"GT_T":[-64.02231359633831,23.759050665809426,845.3468127004977],"R_pred":[0.11862662441869376,0.9927879021657029,-0.01731777388838107,0.44644607751697385,-0.068907469147509,-0.892153383990328,-0.8869124104717075,0.09810169218269355,-0.4514005251903874],"T_pred":[-55.33971633415452,26.506007478252982,690.9783473616544],"rotation_error":12.70574328404724,"translation_error":154.63685316901783,"ADD":0,"ADD_S":0}}
{"id_image":58,"data":{"GT_R":[0.2868900123286807,0.9566040904849992,0.051005131036101894,0.3345222129611768,-0.050148478823315565,-0.9410532581980611,-0.8976575771976648,0.28704015440671055,-0.33439318339132684],"GT_T":[-63.831374728921034,23.88019751819455,845.3659293439638],"R_pred":[0.2487832841765204,0.9682914627361281,0.022771049749052585,0.4709278088756559,-0.10038451692060746,-0.8764416395802916,-0.8463650963632172,0.22876755004795918,-0.480969366699311],"T_pred":[-61.00487373832293,26.29849960685089,681.4711946091667],"rotation_error":9.529834729385517,"translation_error":163.9369432636566,"ADD":0,"ADD_S":0}}
{"id_image":59,"data":{"GT_R":[0.2877618846163585,0.9563731499481313,0.05042996092207093,0.3324015176045356,-0.05035441981700592,-0.9417931976497812,-0.8981661236803012,0.2877738458623825,-0.3323908018756669],"GT_T":[-63.208594852863946,25.21137929477988,845.3844258032852],"R_pred":[-0.14545268837645642,0.9893635873025983,0.0017909672792487674,-0.5408276288558709,-0.07799446154639678,-0.8375096058160909,-0.8284618224820005,-0.12278662829405124,0.5464196671076003],"T_pred":[-43.6217393677213,77.77348135934808,705.7530829509133],"rotation_error":58.517093533403276,"translation_error":150.47701282255238,"ADD":0,"ADD_S":0}}
{"id_image":60,"data":{"GT_R":[0.28895766783786675,0.9559189115118463,0.052180708428564426,0.3324836406614312,-0.049092247134047765,-0.9418312321573342,-0.8977518508261719,0.28949851368476615,-0.33201314578182556],"GT_T":[-63.51833409152925,25.65514038305319,845.4013417288992],"R_pred":[-0.12898194359095716,0.991139112496631,-0.031731969792148706,0.3670588320272613,0.017991901439206703,-0.9300237122317823,-0.9212119582692586,-0.13160376575916288,-0.3661269954260754],"T_pred":[-38.10954719466785,27.35449964105738,618.4643007639947],"rotation_error":24.763753800940894,"translation_error":228.36136896455275,"ADD":0,"ADD_S":0}}
{"id_image":61,"data":{"GT_R":[0.28970138198325995,0.9555889276273323,0.054058441447081364,0.3322278174851606,-0.047429534934991635,-0.9420067077876435,-0.8976066860212746,0.29085903534176755,-0.33121393334878213],"GT_T":[-63.19787862532459,26.501023102844837,845.4040359344197],"R_pred":[0.13151781571492271,0.991255037939062,-0.010794160921740348,0.4264125070273067,-0.06639878428413015,-0.9020884520357617,-0.8949164419096695,0.11403793757350367,-0.43141616890621853],"T_pred":[-54.82755133601257,29.69454449344445,679.7477557521645],"rotation_error":11.666638630452656,"translation_error":165.89835478878098,"ADD":0,"ADD_S":0}}
{"id_image":62,"data":{"GT_R":[0.2897777380803134,0.9554399489877934,0.056240865280185855,0.3329933947604974,-0.04555456369125689,-0.9418289865097237,-0.8972985548260299,0.291647941714485,-0.3313556222126883],"GT_T":[-62.949031257987876,26.67496114241093,845.5659003642727],"R_pred":[0.21433977012885252,0.975860490786055,0.04188992079141168,0.42174908512888687,-0.053780592646715975,-0.9051162119018281,-0.8810142859988468,0.2116694365688349,-0.4230955890677357],"T_pred":[-59.48296668260808,30.59378972514994,693.1001353346895],"rotation_error":7.101334962205344,"translation_error":152.55549917049095,"ADD":0,"ADD_S":0}}
{"id_image":63,"data":{"GT_R":[0.2910986196599608,0.9551708866391615,0.053940928328104244,0.3306343424649795,-0.047535274929583,-0.9425614899300155,-0.8977431055521076,0.29221234071784274,-0.3296504675372465],"GT_T":[-62.24152162215847,27.72486536908504,845.5739661969038],"R_pred":[0.1410310073761225,0.9899238908883994,-0.012686418204060745,0.4303747495881585,-0.07284422024867365,-0.8997062267725462,-0.8915648209050231,0.121426561446559,-0.4363115404156291],"T_pred":[-54.081208079360046,30.447408336877913,678.118593845327],"rotation_error":11.56258530382783,"translation_error":167.67618998156382,"ADD":0,"ADD_S":0}}
