{"id_image":1,"data":{"Best_template_id":37,"GT_R":[0.25344259862252894,0.967062444907854,0.023598126881120306,0.3379252561470427,-0.06565103180890929,-0.9388805087260805,-0.9064072681266561,0.24592676377433598,-0.34343354111832913],"GT_T":[-83.37310979913636,21.041325702374337,837.3672823741553],"R_pred":[-0.1809360889155494,0.9834916830701803,0.0024982113058847344,-0.032659313104411725,-0.0034696631075669115,-0.999460519833309,-0.9829524408614552,-0.18092006734938082,0.03274795008551168],"T_pred":[-66.62375147147476,51.550751709055014,749.2846299784718],"rotation_error":33.48395532897063,"translation_error":94.70966018682745,"ADD":0,"ADD_S":0}}
{"id_image":24,"data":{"Best_template_id":24,"GT_R":[0.2538494808586458,0.9668011421422477,0.029246698525926467,0.3343236046074544,-0.059328072448547854,-0.9405899147711769,-0.9076280134320326,0.2485449837248997,-0.338284758430411],"GT_T":[-76.20063079694965,25.304962597034002,839.3822635369212],"R_pred":[0.8106623733627125,0.2720088511168058,0.5184956136054093,0.5464531793969518,-0.03345844047563035,-0.8368210414944773,-0.21027467546258957,0.961712908135819,-0.17576360028188012],"T_pred":[-123.71286840173356,30.17267534842844,766.2561928524327],"rotation_error":61.801678889794104,"translation_error":87.34145386582671,"ADD":0,"ADD_S":0}}
{"id_image":39,"data":{"Best_template_id":37,"GT_R":[0.2614711820698734,0.964430059873276,0.03882080681093911,0.33307512889370205,-0.05240608495991363,-0.941443116616881,-0.9059212622771388,0.25909049396628264,-0.33493015062136344],"GT_T":[-64.22620334282682,28.759554066192774,842.5740359817371],"R_pred":[-0.06989113664879021,0.9960615423982142,0.05455852612773382,0.30441627368261653,0.07337969584662296,-0.9497084566089993,-0.9499715581716804,-0.0497677002959509,-0.3083459334450869],"T_pred":[-45.55224011914089,37.431782463865204,664.2079961678528],"rotation_error":19.343537360171133,"translation_error":179.55046256345074,"ADD":0,"ADD_S":0}}
{"id_image":46,"data":{"Best_template_id":37,"GT_R":[0.26911844030984894,0.9619054777891148,0.0480975018114233,0.33087586588918744,-0.04543989501619441,-0.9425804876845929,-0.9044871708087693,0.26957941589728035,-0.3304998755814108],"GT_T":[-64.28011652485256,29.69595786778838,846.0347168220468],"R_pred":[-0.4731483288695836,0.878648031765231,0.06409598398500316,-0.18590621248788675,-0.02846306170296975,-0.9821551477627662,-0.8611443195227667,-0.4766209084729479,0.1768133777746823],"T_pred":[-14.700663962647315,51.33168713053102,515.0925000193832],"rotation_error":53.89839320245788,"translation_error":335.33412853355657,"ADD":0,"ADD_S":0}}
{"id_image":53,"data":{"Best_template_id":37,"GT_R":[0.28048262401188967,0.9586269503608733,0.048609865086993415,0.33345355935278764,-0.04982528287169916,-0.9414492295130863,-0.9000773890238282,0.2802682202464512,-0.33363328258453695],"GT_T":[-63.37870144862229,26.077496580954588,845.5310093663833],"R_pred":[-0.8227763233097602,-0.5682181446472968,0.012932977014464081,-0.4874111457992737,0.6936984693020483,-0.5302950203788793,0.29235166623693487,-0.4426178642820244,-0.8477145330044232],"T_pred":[-25.516715769097438,63.28784916730913,371.04498724822986],"rotation_error":142.04867278543156,"translation_error":477.44646347491795,"ADD":0,"ADD_S":0}}
{"id_image":62,"data":{"Best_template_id":37,"GT_R":[0.2897777380803134,0.9554399489877934,0.056240865280185855,0.3329933947604974,-0.04555456369125689,-0.9418289865097237,-0.8972985548260299,0.291647941714485,-0.3313556222126883],"GT_T":[-62.949031257987876,26.67496114241093,845.5659003642727],"R_pred":[-0.012242662634401602,0.9998483956267976,0.012381557823591294,-0.015948833260635398,0.0121856547967783,-0.9997985519767462,-0.9997978555334297,-0.012437667775449968,0.015797230487109293],"T_pred":[-50.331100662791805,55.02577523662937,734.2015095075722],"rotation_error":27.34756536669228,"translation_error":115.60712946524572,"ADD":0,"ADD_S":0}}
{"id_image":75,"data":{"Best_template_id":37,"GT_R":[0.31366994243138663,0.9479510897529327,0.054770870980689355,0.33018255553952613,-0.05480887772120753,-0.9423253914432036,-0.8902762453622848,0.313662923953246,-0.3301883245748153],"GT_T":[-71.9391923314928,26.265230425597878,846.6762310000906],"R_pred":[0.2387452354236888,-0.9544645858558061,-0.1788800349664318,0.3820555622042541,0.261674041044855,-0.8863183647155499,0.892767752526534,0.1432621743181361,0.42713193448671255],"T_pred":[-86.25232014810447,35.342167653137366,617.6678461704807],"rotation_error":153.10015467935844,"translation_error":229.6347028207933,"ADD":0,"ADD_S":0}}
{"id_image":85,"data":{"Best_template_id":37,"GT_R":[0.3202859902825788,0.9454281034998071,0.059847586414645125,0.3306185157591925,-0.052354288028271086,-0.942311733743928,-0.8877541656429839,0.32159527413122724,-0.32934547407568115],"GT_T":[-69.1453721006015,27.64339124080849,849.2131770398454],"R_pred":[0.38131265448995266,0.9213950915889011,0.075044951340554,0.3618401034621346,-0.07405659863427816,-0.9292940114545197,-0.8506893669561982,0.38150583926671666,-0.36163641347776465],"T_pred":[-70.1919532216086,33.653496966856,703.8716110649638],"rotation_error":4.467680807440201,"translation_error":145.46954149550342,"ADD":0,"ADD_S":0}}
{"id_image":98,"data":{"Best_template_id":37,"GT_R":[0.32873458134824474,0.9424211613788032,0.06144756595158867,0.3370622422437526,-0.056297087643176494,-0.9397976028600392,-0.8822255560835708,0.329654898458545,-0.33616219128828817],"GT_T":[-66.52291602957666,18.743964545504248,849.4230261181197],"R_pred":[0.013310977869916196,0.9968222047099895,0.07853858965669436,-0.06997745122209226,0.07928163842234687,-0.994393070234064,-0.9974597606864182,0.00774041382513041,0.07081039334172234],"T_pred":[-51.28905117587475,50.54941305490309,719.3052853670705],"rotation_error":31.027575420758232,"translation_error":134.8120308111339,"ADD":0,"ADD_S":0}}
{"id_image":104,"data":{"Best_template_id":24,"GT_R":[0.3258781635341368,0.9434077777680407,0.06152556637043443,0.3389809921318731,-0.05584593303709223,-0.9391346734814341,-0.8825507649456398,0.3268988370455116,-0.3379964620182588],"GT_T":[-56.75330541830526,16.56240357352545,848.981389592302],"R_pred":[-0.6691584784872953,0.648005101762488,-0.36375310137283423,0.4791270707994168,0.002052682686696894,-0.8777431495152541,-0.5680353692295388,-0.7616332283872433,-0.3118503562939866],"T_pred":[27.64953184279275,25.705170446385974,361.78326009263],"rotation_error":69.04542027243443,"translation_error":494.5396308808769,"ADD":0,"ADD_S":0}}
{"id_image":107,"data":{"Best_template_id":24,"GT_R":[0.3253866940622779,0.943459226573921,0.06329797427442073,0.342063988950699,-0.05503730965809462,-0.9380637286607956,-0.8815413380387103,0.32688502058167224,-0.3406323778177496],"GT_T":[-53.44011164611387,14.613316078541645,848.6498421871411],"R_pred":[0.8235716605853745,0.3888839402776014,0.4129152466000932,0.4594291359765429,-0.030422258578613914,-0.887693277657786,-0.33264784517037854,0.9207843217481188,-0.2037195226932386],"T_pred":[-81.99066476722234,24.791257108047407,710.0799396252935],"rotation_error":48.845617953649004,"translation_error":141.84619298071158,"ADD":0,"ADD_S":0}}
{"id_image":116,"data":{"Best_template_id":37,"GT_R":[0.32896680032375625,0.9425480287750411,0.058164880979585845,0.3442471354916748,-0.062337909561830857,-0.9368080209272784,-0.8793605406472874,0.32820138443559216,-0.34497666005189803],"GT_T":[-47.414199038056175,11.181610617536327,848.4105633448444],"R_pred":[0.08321994738718197,0.9959808497968214,-0.03311475796191127,0.2819746294815218,-0.05540660061060365,-0.9578206601120772,-0.9558058111800916,0.07037226333420288,-0.2854522654798671],"T_pred":[-37.058393762015704,25.21879333112797,699.508745740217],"rotation_error":15.83575369168157,"translation_error":149.92010034485614,"ADD":0,"ADD_S":0}}
{"id_image":119,"data":{"Best_template_id":37,"GT_R":[0.32731750425608247,0.9429448617420074,0.06097287843499209,0.34594777493444817,-0.059538908854888634,-0.9363631449409792,-0.8793084127661435,0.3275808641571336,-0.3456977821253233],"GT_T":[-43.36050802655819,10.102179666837685,848.1770510125275],"R_pred":[0.8297197955508351,0.506198062761058,0.2352202842614386,0.36907270122658,-0.18138525717183976,-0.9115287870879455,-0.4187486144220607,0.8431268645569642,-0.33732282487544013],"T_pred":[-70.19776750433957,18.727544876508087,670.3420628541415],"rotation_error":40.70059127199132,"translation_error":180.05532048393135,"ADD":0,"ADD_S":0}}
{"id_image":128,"data":{"Best_template_id":37,"GT_R":[0.3325769791079396,0.9410385959173678,0.06194777303404889,0.34735783058028724,-0.06116233217536891,-0.9357358895135686,-0.8767754498649665,0.33272177163539757,-0.34721898899355813],"GT_T":[-40.50739904467909,10.96711754233413,848.5328840181538],"R_pred":[0.3330190785537899,0.9405776008736693,0.06642341495223858,-0.3483512921232497,0.18818532530471896,-0.9182797289584581,-0.8762132563453071,0.2826659867665186,0.3903207262368516],"T_pred":[-44.02627538579685,54.68323311855926,702.0665767176173],"rotation_error":43.385018150773796,"translation_error":152.8916623823325,"ADD":0,"ADD_S":0}}
{"id_image":132,"data":{"Best_template_id":37,"GT_R":[0.33585749146216703,0.939628249868447,0.06556387755789217,0.3522229304972647,-0.060729893631411395,-0.9339445205494886,-0.8735785847890637,0.336764564842561,-0.3513553468796355],"GT_T":[-40.772776623965946,7.1741455053662655,848.8638470091547],"R_pred":[0.09214125067673906,0.99563660445974,0.014756076158838005,0.3009688647150746,-0.013721079325495267,-0.9535352507664634,-0.9491721300142799,0.09230105005915473,-0.3009198959227058],"T_pred":[-31.699114334117834,21.197511435798894,693.9730479074838],"rotation_error":15.113494728612897,"translation_error":155.7887858150362,"ADD":0,"ADD_S":0}}
{"id_image":140,"data":{"Best_template_id":37,"GT_R":[0.33663957287062274,0.93900759646166,0.07026724407408423,0.3511947853039504,-0.05596557389888524,-0.9346284248521675,-0.8736915328818744,0.33931019843057364,-0.34861476026204474],"GT_T":[-36.065183285104126,9.46973940741686,848.3075328122749],"R_pred":[0.12341326709463263,0.9918936347086371,0.030268513830671584,0.2458044990656056,-0.0010038310196824884,-0.9693189055013787,-0.9614308678964576,0.1270669498641272,-0.24393580407166932],"T_pred":[-27.709270852499678,27.380375897529753,709.2215251234318],"rotation_error":14.584856968777036,"translation_error":140.4832007995377,"ADD":0,"ADD_S":0}}
{"id_image":143,"data":{"Best_template_id":37,"GT_R":[0.3352803367170658,0.9392270803501387,0.07375604843367943,0.3508693244307937,-0.05182792832679764,-0.9349889446743668,-0.8743441838294849,0.3393614840412751,-0.3469237236281435],"GT_T":[-32.226231090389646,11.904194979024105,848.0238317799536],"R_pred":[0.19936433208031462,0.978379049743102,0.05502997472246102,0.19022218188694695,0.016449742498355402,-0.9816032434185957,-0.9612852774345082,0.20616459685290905,-0.1828299056285329],"T_pred":[-31.092313671469597,32.89679850572461,744.1467871311722],"rotation_error":13.171198905872334,"translation_error":105.98309099336126,"ADD":0,"ADD_S":0}}
{"id_image":254,"data":{"Best_template_id":37,"GT_R":[0.4498586252139975,0.892645354284268,0.028481899262465433,0.30159784889427693,-0.12182115412344928,-0.9456206314404594,-0.8406346035232223,0.4339852664083816,-0.32402296806804765],"GT_T":[-52.64947526066347,29.621161667270382,847.3670332448291],"R_pred":[0.39794595868122107,0.9167403311298103,0.03501684236605812,0.31770520081118975,-0.10190366784568228,-0.9426977500010904,-0.8606407028178515,0.38626779280649626,-0.3318053237872959],"T_pred":[-51.998479525085955,39.71617334798193,715.4922625154857],"rotation_error":3.3217094593354757,"translation_error":132.2621949432201,"ADD":0,"ADD_S":0}}
{"id_image":357,"data":{"Best_template_id":24,"GT_R":[0.5766971310854432,0.8165102019747436,0.02704318478371228,0.2978187350279954,-0.17929288897097856,-0.9376345302003957,-0.7607389145160898,0.5487846861291714,-0.3465697717808631],"GT_T":[-81.38280509188736,37.88848825314393,792.7133854346688],"R_pred":[0.6482952426888755,0.7484287262662085,0.13988466680273515,0.36460900245500005,-0.1438794409020454,-0.919977707237781,-0.6684112159709329,0.6474203798037681,-0.36616020835012],"T_pred":[-93.97588457872143,42.351511351739134,707.1922333410064],"rotation_error":8.806822666941532,"translation_error":86.55848705683142,"ADD":0,"ADD_S":0}}
{"id_image":498,"data":{"Best_template_id":37,"GT_R":[0.6962209847800254,0.7177257885704941,0.01211791183717093,0.2501326131480576,-0.2267452273639999,-0.9412867164818352,-0.6728378340210365,0.6583740271823267,-0.3373918434398095],"GT_T":[-90.4947765684254,39.210124983677915,790.5106311505092],"R_pred":[0.6894180135904608,0.7243619886742517,-0.0015848977464350544,0.2467294295342993,-0.23688297174554526,-0.9396866745350168,-0.6810487435849675,0.647445879638509,-0.3420328080761477],"T_pred":[-91.5222391227938,44.58682845821055,683.0864755617591],"rotation_error":0.9938933503320242,"translation_error":107.5635338928099,"ADD":0,"ADD_S":0}}
{"id_image":515,"data":{"Best_template_id":24,"GT_R":[0.7076989115196893,0.706287218218395,0.01790808247615381,0.2573770334251333,-0.23412003185046562,-0.9375205459776388,-0.6579656158635475,0.6680907403410536,-0.34746878505763135],"GT_T":[-86.27794078368682,33.655024868940856,778.5426188375984],"R_pred":[0.6699012627215182,0.7424270705952319,-0.0058602944889738495,0.277226632108832,-0.25745177433235233,-0.9256694757540175,-0.6887508204377758,0.6184825209660382,-0.3782878250826806],"T_pred":[-91.63740748510041,39.67304350475377,700.5737502931623],"rotation_error":3.787958026705301,"translation_error":78.38421329403074,"ADD":0,"ADD_S":0}}
{"id_image":517,"data":{"Best_template_id":37,"GT_R":[0.7091459047913258,0.7048379563832,0.017750903555925818,0.2579034239607272,-0.2358823107338136,-0.936934037936138,-0.6561999021509368,0.6689998101415092,-0.3490554848842669],"GT_T":[-86.44011338762796,33.354371165237495,777.051873262327],"R_pred":[0.7045027146035783,0.7096433172118406,0.009071243176310861,0.2606284293861169,-0.24680950387307285,-0.9333583934339762,-0.6601126774361439,0.6599177457338925,-0.35883118865781827],"T_pred":[-91.23377903245431,38.14552725942474,677.7693488747999],"rotation_error":0.8638121202144053,"translation_error":99.51358729235508,"ADD":0,"ADD_S":0}}
{"id_image":522,"data":{"Best_template_id":24,"GT_R":[0.7180539038138357,0.6956642123260492,0.02119045942911602,0.25896227312857173,-0.23878780202940564,-0.9359054283936488,-0.6460162020413663,0.6775184568746412,-0.3516134766041444],"GT_T":[-92.05819345279156,32.65797369908905,775.0664423890192],"R_pred":[0.6388085128948553,0.7689484075858197,-0.02533831731381081,0.31732264894736795,-0.29333406225780867,-0.9018101043924699,-0.700878035265829,0.5680435497306205,-0.43138904169131037],"T_pred":[-95.78354953558662,36.82183479213982,701.8288030356147],"rotation_error":8.381121847066048,"translation_error":73.45044475838927,"ADD":0,"ADD_S":0}}
{"id_image":527,"data":{"Best_template_id":24,"GT_R":[0.7126644336098859,0.7011274441224621,0.02303132782284273,0.2621671327783731,-0.2357412542909429,-0.9357853800965676,-0.6506747661637338,0.6729382612347133,-0.35181706681883335],"GT_T":[-81.01378069807903,33.567102557860274,776.7490125753377],"R_pred":[0.7158127889113515,0.6979615889092541,0.021486545516274436,0.1421887581258396,-0.11556186113902081,-0.9830706044393339,-0.6836624958951492,0.7067496562838608,-0.18196294966025334],"T_pred":[-87.48662200865496,47.76629976662987,700.7581502367092],"rotation_error":10.115613187601912,"translation_error":77.57658174329299,"ADD":0,"ADD_S":0}}
{"id_image":535,"data":{"Best_template_id":24,"GT_R":[0.7012761295419918,0.712622510393852,0.019503992083447365,0.25453054739499714,-0.224734170320979,-0.9405900622572843,-0.665902039754992,0.6645764971672298,-0.33898627537706877],"GT_T":[-65.34375733217833,43.94751755915028,787.0472354185769],"R_pred":[0.7016691541169342,0.7111670515778086,0.04360989464504966,0.29224417853072976,-0.23143983747908123,-0.9279164519193284,-0.64981054029288,0.6638350897457763,-0.3702286257793855],"T_pred":[-73.83748069884362,50.11478140227821,695.4640946520591],"rotation_error":2.3789223821088203,"translation_error":92.18269985523312,"ADD":0,"ADD_S":0}}
{"id_image":538,"data":{"Best_template_id":24,"GT_R":[0.7027957179192209,0.7111804324019406,0.017360858876073422,0.2503787465383358,-0.22443688072387682,-0.9417738926666436,-0.665874722807499,0.6662208508752456,-0.33579838893132413],"GT_T":[-65.63522713833393,48.36107680643968,788.6481567551433],"R_pred":[0.6457456171990139,0.7633216827491802,0.0187778197143455,0.2857366225129878,-0.21877201379066913,-0.933002351838861,-0.7080728637810765,0.6078476903196517,-0.359380028590808],"T_pred":[-69.00655567387525,51.741857933234385,680.2669204103524],"rotation_error":4.634539427464945,"translation_error":108.48634904331172,"ADD":0,"ADD_S":0}}
{"id_image":551,"data":{"Best_template_id":24,"GT_R":[0.7087774188515451,0.705082637732054,0.02218523498297132,0.2510733593921355,-0.22274863165285344,-0.9419908194384492,-0.6592393620110587,0.6732308471376822,-0.3349073574160903],"GT_T":[-65.54154802901043,47.91143050403093,791.8952058792453],"R_pred":[0.6904229343417776,0.7217609983602509,0.04875687624226799,0.31309300024334297,-0.23737889510482865,-0.9195781822974233,-0.6521418135141405,0.6501633036436499,-0.3898701497443262],"T_pred":[-70.63192395860156,49.122037864665415,681.4725296203085],"rotation_error":3.9470066257787786,"translation_error":110.54657357635355,"ADD":0,"ADD_S":0}}
{"id_image":553,"data":{"Best_template_id":24,"GT_R":[0.7086667490571894,0.7051234683409573,0.024348554919250264,0.25323148615946667,-0.22198944397850398,-0.9415915308772117,-0.6585334987399665,0.6734398631230738,-0.3358759517225625],"GT_T":[-64.00792627445553,45.641948935617535,792.8734683554213],"R_pred":[0.659562046968386,0.7499731901475152,0.05018087542910005,0.3077846700322967,-0.20856669993874788,-0.9283148865389212,-0.6857452173307388,0.6277261709827135,-0.3683929304036638],"T_pred":[-68.45267241581017,49.32299144166879,691.5086800798842],"rotation_error":4.496086552707434,"translation_error":101.5289423974115,"ADD":0,"ADD_S":0}}
{"id_image":559,"data":{"Best_template_id":24,"GT_R":[0.7069521804829648,0.7069678882978245,0.02038618154971551,0.2543473975775134,-0.22723408502845996,-0.9400388586968553,-0.6599439714360392,0.6697470554494194,-0.34045948864856285],"GT_T":[-54.45277004048798,40.074913254266406,796.6217965823116],"R_pred":[0.6139739182615644,0.7893194602312646,0.0032889808096950857,0.30560910419199383,-0.2338727715160317,-0.9229878667557754,-0.7277630817302486,0.5676956195388818,-0.38481499506497446],"T_pred":[-54.85654280619576,42.509129415970634,669.8681575747403],"rotation_error":7.6565139334617704,"translation_error":126.77765356098818,"ADD":0,"ADD_S":0}}
{"id_image":563,"data":{"Best_template_id":24,"GT_R":[0.7072776437868106,0.7066613916401367,0.01968843143620178,0.2552920808884523,-0.22934508772227932,-0.9392695487354136,-0.6592296477338111,0.6693494597849882,-0.3426162826650181],"GT_T":[-49.739208959746,36.513562316679995,799.1863474039511],"R_pred":[0.6349635353152214,0.7723477196383021,-0.017329419768443988,0.26733626239613206,-0.2407180398009204,-0.9330520607782126,-0.7248121354034178,0.5878212528344969,-0.3593237302044218],"T_pred":[-53.733884158133336,42.09391182511372,702.5805934688254],"rotation_error":6.074032780206622,"translation_error":96.84920972290345,"ADD":0,"ADD_S":0}}
{"id_image":567,"data":{"Best_template_id":24,"GT_R":[0.7056284475035395,0.7081372823436929,0.025099181967384216,0.25938947932853246,-0.2251826958305007,-0.9391542212926368,-0.6593975645731972,0.6692032432868597,-0.3425796740162262],"GT_T":[-44.690269225327114,34.336373273111334,799.8826664127857],"R_pred":[0.6295023316339194,0.7768305508961171,0.016158888015403383,0.34476827626578127,-0.2606239497303945,-0.9017815658504286,-0.696320077369726,0.5732446702947739,-0.4318899140179763],"T_pred":[-48.61273797934028,37.8123939452418,688.0242167570152],"rotation_error":8.01608939040438,"translation_error":111.98116466724142,"ADD":0,"ADD_S":0}}
{"id_image":570,"data":{"Best_template_id":24,"GT_R":[0.7048606627043189,0.7086972661278621,0.030321715295958535,0.26413707112382484,-0.22255452139707135,-0.9384572709859251,-0.6583329996141017,0.6694898561728844,-0.34406408482231016],"GT_T":[-40.59911256443033,32.19114239367293,799.8779196251274],"R_pred":[0.6511572881950247,0.7588135244290076,0.01400789684888809,0.26737542768315936,-0.21208974841050668,-0.9399618711896857,-0.7102848489878895,0.61580839046151,-0.34099187605492204],"T_pred":[-46.327190645162496,39.552363532688304,693.6733493415622],"rotation_error":4.3219004324708985,"translation_error":106.61336315993972,"ADD":0,"ADD_S":0}}
{"id_image":575,"data":{"Best_template_id":24,"GT_R":[0.7043458224148046,0.708940951570723,0.03606059615995852,0.2644745692835782,-0.21493997368321568,-0.9401355113572167,-0.6587497783012649,0.6717167704596201,-0.3388893381144142],"GT_T":[-36.32424038674904,35.783067850761455,799.8390656564424],"R_pred":[0.6635060740657883,0.7472417361441177,0.0372756950589766,0.28902314537129814,-0.2100435220984802,-0.9339953641555974,-0.6900907991833296,0.6304851358983732,-0.3553353096635958],"T_pred":[-42.32263830909052,41.82530059064486,676.4902284306872],"rotation_error":3.32936741372584,"translation_error":123.64232689117227,"ADD":0,"ADD_S":0}}
{"id_image":578,"data":{"Best_template_id":24,"GT_R":[0.705900838498137,0.7072729366100468,0.03832601151192374,0.2649102093961234,-0.2134406040339463,-0.9403546121586839,-0.6569068851866458,0.6739491712100396,-0.3380317146539512],"GT_T":[-35.962977296118574,37.183795445788434,800.7120837576324],"R_pred":[0.7120045964896793,0.7020295090713097,0.014283660968550826,0.31074553938675764,-0.29678887025304607,-0.9029693107991841,-0.6296718703648764,0.647356883710227,-0.42946757826893267],"T_pred":[-45.85416218346004,40.602868120837734,701.6835377336934],"rotation_error":5.859220774642231,"translation_error":99.58001066503384,"ADD":0,"ADD_S":0}}
{"id_image":587,"data":{"Best_template_id":24,"GT_R":[0.7112805204464616,0.7019096086451909,0.03745011731706533,0.2575469043518423,-0.21067053759166637,-0.9430209817741588,-0.6540260646059805,0.6803966048599805,-0.3306212893862405],"GT_T":[-34.617490611294144,42.23946876168309,804.9108611798267],"R_pred":[0.7066135738508208,0.7048730085335899,0.062058835717214045,0.25815280856802414,-0.17514136358012208,-0.9500961162912605,-0.6588280387765927,0.6873714749712132,-0.30572221168519514],"T_pred":[-43.113352943540676,48.91455529650168,675.2778779519575],"rotation_error":2.081716606024593,"translation_error":130.08246152949607,"ADD":0,"ADD_S":0}}
{"id_image":589,"data":{"Best_template_id":24,"GT_R":[0.7147861245913181,0.6980161365615677,0.04306022454436174,0.2596017114846332,-0.20765769818285817,-0.9431251771803316,-0.6493752409928112,0.6853106625966974,-0.3296376112155048],"GT_T":[-38.45226009310213,43.343070748281605,806.1224236867632],"R_pred":[0.67195097899747,0.7393482433379969,0.04296576424735954,0.27267412511756495,-0.19304389680906725,-0.942540649200946,-0.6885714947016847,0.6450567641516429,-0.33131717085973617],"T_pred":[-45.33633026941838,49.163973515901226,686.2999592542654],"rotation_error":3.411382229178689,"translation_error":120.16112646733853,"ADD":0,"ADD_S":0}}
{"id_image":596,"data":{"Best_template_id":37,"GT_R":[0.7186066737655401,0.6940150802066786,0.044133355232024975,0.25786750376200523,-0.20699053522594515,-0.943747394318803,-0.6458398611118529,0.6895633739781002,-0.32770848552293913],"GT_T":[-36.794052385710295,42.85465655338497,811.3630980027472],"R_pred":[0.6856412900676782,0.7270449243604644,0.03607907033193675,0.176811461810169,-0.11825381726153611,-0.9771150094413792,-0.706140020340783,0.6763295887840202,-0.20962957570046453],"T_pred":[-40.83960035095073,52.47934407903607,670.8230087485867],"rotation_error":7.6449807350142365,"translation_error":140.92734921182924,"ADD":0,"ADD_S":0}}
{"id_image":598,"data":{"Best_template_id":24,"GT_R":[0.7173469863441838,0.6952190763001541,0.045649366161141215,0.2597897358008232,-0.20611240451206775,-0.9434126346656505,-0.6464696910730316,0.6886120431773777,-0.32846525105089613],"GT_T":[-33.12582967800169,40.80108365264129,813.0865149617864],"R_pred":[0.7075450912010413,0.7053585494847836,0.043003029963394,0.2570790990428383,-0.20023747342131726,-0.9454180509558562,-0.6582478870096227,0.6799810812857733,-0.32300998179746343],"T_pred":[-39.66100199477356,47.211249168754655,685.8145306129467],"rotation_error":0.901546225818278,"translation_error":127.60077076273943,"ADD":0,"ADD_S":0}}
{"id_image":601,"data":{"Best_template_id":24,"GT_R":[0.7181751285153761,0.6941584562403526,0.048672089174514356,0.260672536422319,-0.20351961819233672,-0.9437325107338834,-0.6451936070672187,0.6904513496874524,-0.3271114651195212],"GT_T":[-31.179679151481565,40.59538826718354,815.4858680800511],"R_pred":[0.7670271400707065,0.6365594017860527,0.08038342113107172,0.2914755559697898,-0.23409387006192167,-0.9274923505191479,-0.5715867096662188,0.7348416074210924,-0.36509785720506593],"T_pred":[-42.18805106896502,44.28422420251255,676.4253033905661],"rotation_error":5.390059628941946,"translation_error":139.5443743566535,"ADD":0,"ADD_S":0}}
{"id_image":603,"data":{"Best_template_id":24,"GT_R":[0.7194240036565642,0.6927997573809209,0.04957885767598947,0.26069538604853215,-0.20317262006422293,-0.9438001954304442,-0.6437917227927863,0.69191629389038,-0.3267779486694984],"GT_T":[-31.669740945363603,40.24266764653256,816.8383364516014],"R_pred":[0.6844899544666787,0.7238986464791073,0.08628007800135756,0.2939206265403685,-0.1657215904469536,-0.9413538228285098,-0.6671462864532194,0.6697067299090317,-0.3262035076240447],"T_pred":[-40.88835062984817,48.09174610751639,699.55298246526],"rotation_error":3.410873632662117,"translation_error":117.90863012054277,"ADD":0,"ADD_S":0}}
{"id_image":604,"data":{"Best_template_id":24,"GT_R":[0.7199950689075346,0.6920769988769722,0.05134758146589059,0.2612411516319642,-0.20174372012783914,-0.9439558761604693,-0.6429303409900577,0.6930571036172622,-0.3260537979255666],"GT_T":[-32.78020324872497,40.06362258307878,817.344748090922],"R_pred":[0.6803389946518144,0.7277522960865164,0.08669168297456037,0.28929898186794817,-0.15798612541024706,-0.94411147819949,-0.6733832129228696,0.6673956695384388,-0.31802212004043373],"T_pred":[-41.29460996229312,48.65023034319392,697.0964807245214],"rotation_error":3.7244544923092375,"translation_error":120.85475066844293,"ADD":0,"ADD_S":0}}
{"id_image":608,"data":{"Best_template_id":24,"GT_R":[0.7264158395539682,0.685224674689068,0.05279947315156085,0.2604822600699608,-0.20341630860124943,-0.943806653349163,-0.6359793023186924,0.699349052419309,-0.32625309702805827],"GT_T":[-38.48575257923641,39.14638124219883,818.9383842092234],"R_pred":[0.7063850610121578,0.7032303339373995,0.08054342312779883,0.3245368130588437,-0.220647379976128,-0.9197774680210856,-0.6290437206971065,0.6758563687204283,-0.38408614438895994],"T_pred":[-47.003833032444305,44.533125580945125,695.9399377426913],"rotation_error":4.135824320810655,"translation_error":123.41066624226082,"ADD":0,"ADD_S":0}}
{"id_image":628,"data":{"Best_template_id":24,"GT_R":[0.7478602811462717,0.6622206423460586,0.0465747811290226,0.25137406410301905,-0.21755109215788052,-0.9431238309212726,-0.6144237033513116,0.7170320458617142,-0.3291631468937068],"GT_T":[-53.990940741199644,33.891943896823435,818.4420957951334],"R_pred":[0.6889422134132275,0.7238788667667803,0.0368512255661142,0.29301810417246965,-0.23165289895116584,-0.9276191702604537,-0.6629472205269845,0.6498740806155934,-0.3717050741375247],"T_pred":[-54.19016936790597,39.958348850511435,686.529573631047],"rotation_error":5.470069644476364,"translation_error":132.0520899675518,"ADD":0,"ADD_S":0}}
{"id_image":631,"data":{"Best_template_id":24,"GT_R":[0.7469602933831379,0.6634445938444129,0.04349642561921037,0.250967102514087,-0.22076812601644216,-0.9424845157793701,-0.6156828661847928,0.7149136338653621,-0.3314081318884543],"GT_T":[-49.77708794600367,33.29049810149162,817.8246150339595],"R_pred":[0.7272831717728421,0.683918009546334,0.05757902633958989,0.26067135417,-0.19764186716203577,-0.9449804958092429,-0.6349091534788366,0.7022776150233503,-0.322019437714406],"T_pred":[-53.78574799766987,41.575235993965286,691.2710725666267],"rotation_error":1.925541877166138,"translation_error":126.88776674048536,"ADD":0,"ADD_S":0}}
{"id_image":634,"data":{"Best_template_id":24,"GT_R":[0.7478828017166739,0.6623889997714462,0.04373326274217935,0.25188210520827126,-0.2222040596884176,-0.941903181120989,-0.6141882372438908,0.7154477595044735,-0.33302689831373977],"GT_T":[-47.565733521631834,32.17409973540027,817.6227037889483],"R_pred":[0.7097235184037468,0.7037069716805715,0.033000385342687066,0.2615020859540519,-0.21966237091045182,-0.9398750458692255,-0.6541476794014378,0.6756810940185898,-0.33992039173835303],"T_pred":[-50.60458790398555,39.86078205630624,681.962110707874],"rotation_error":3.293432913845322,"translation_error":135.91216367996103,"ADD":0,"ADD_S":0}}
{"id_image":644,"data":{"Best_template_id":24,"GT_R":[0.7524131987123948,0.6576679119049021,0.036706576722081725,0.24440401371496115,-0.2269963662066033,-0.9427295960603668,-0.6116711653400476,0.7182930770836146,-0.33153261248938365],"GT_T":[-43.80388327238037,35.524267998186374,816.2753665489246],"R_pred":[0.7068827595092491,0.7067376582814955,0.028959397013352317,0.3284293873933082,-0.2916854023588613,-0.8983617108643964,-0.6264590184561518,0.6445475222336496,-0.4383007982851703],"T_pred":[-46.25500941446328,39.002870196610544,679.2812019918462],"rotation_error":7.5644743382036275,"translation_error":137.0602415557158,"ADD":0,"ADD_S":0}}
{"id_image":653,"data":{"Best_template_id":24,"GT_R":[0.7572034786374209,0.6520593614257552,0.03822786348051255,0.24264933657215623,-0.22647311964272093,-0.9433089026210547,-0.6064351509978557,0.7235517803347015,-0.32970832339161854],"GT_T":[-43.53572347196644,38.05863220954789,813.8542860738648],"R_pred":[0.7279949939084662,0.685163319693175,0.023969025663153676,0.27189713195362686,-0.25644662787680084,-0.9275273994260277,-0.6293609762923063,0.6817524128286206,-0.3729858028434184],"T_pred":[-46.09004260997622,42.245608094099595,657.9189284273069],"rotation_error":3.6921603665833667,"translation_error":156.01247090433685,"ADD":0,"ADD_S":0}}
{"id_image":753,"data":{"Best_template_id":24,"GT_R":[0.8062640175026665,0.5913507073009506,0.015590422665843548,0.2187814116575274,-0.27359961019443174,-0.9366317103819244,-0.5496118531256842,0.7585816991428657,-0.3499708521786883],"GT_T":[-43.30694329921947,51.08403387062482,759.0865260635225],"R_pred":[0.8463081786176043,0.5308078813593808,0.04478236139060024,0.2539778195310222,-0.32817723567178464,-0.9098323852078983,-0.4682496492163345,0.7813723152720421,-0.41255250688268547],"T_pred":[-58.31320029921808,50.140655508644855,658.3927271169016],"rotation_error":6.027307978404067,"translation_error":101.81020998989425,"ADD":0,"ADD_S":0}}
{"id_image":956,"data":{"Best_template_id":37,"GT_R":[0.9056734929778855,0.42220580679987024,-0.03869754611466902,0.1261428862295266,-0.35547462282142644,-0.9261343827895063,-0.40477536279515797,0.8338933397305033,-0.37520331975396487],"GT_T":[-61.55973902188748,46.04727272751873,731.3853128692898],"R_pred":[0.878475759101423,0.47611399919417796,-0.039947471040161386,0.14976398766459778,-0.3537929322907319,-0.9232558199437053,-0.45370815362959527,0.8050751647097629,-0.38210324586107836],"T_pred":[-78.97928496009874,50.89644166003456,713.9095351648742],"rotation_error":3.507166267351482,"translation_error":25.14672595793889,"ADD":0,"ADD_S":1}}
{"id_image":1025,"data":{"Best_template_id":24,"GT_R":[0.9377582441866672,0.3386317253580329,-0.07706104158559594,0.06259577367663993,-0.38306719469601175,-0.9215972829005101,-0.3416013973137288,0.8594111517567176,-0.38042093407165944],"GT_T":[-52.50929211632955,45.285714280664514,737.3674680165927],"R_pred":[0.9511853838478924,0.30561568151069335,-0.04295836087296252,0.10758120082554275,-0.458807877161698,-0.8819986491391641,-0.2892622526066467,0.8343227115865482,-0.4692898487585235],"T_pred":[-67.39747807312419,45.23154594696601,654.9203645532369],"rotation_error":6.15104279778826,"translation_error":83.78058178832234,"ADD":0,"ADD_S":0}}
{"id_image":1028,"data":{"Best_template_id":37,"GT_R":[0.9398895540339121,0.33349503108467937,-0.0734115670684614,0.06258481903624846,-0.37957059895301276,-0.9230438929099453,-0.3356949894374259,0.8629639868950092,-0.3776265985259056],"GT_T":[-56.14908504140719,47.99524390336037,737.2960971103705],"R_pred":[0.9093760368836055,0.39172800461822777,-0.13994425297128252,0.0178009322136716,-0.3727632924629213,-0.9277557084731558,-0.4155939729521987,0.8411876712066249,-0.3459551292520214],"T_pred":[-72.89091284030039,60.541853010308536,738.2843817301779],"rotation_error":5.5398644686507605,"translation_error":20.944758404433685,"ADD":0,"ADD_S":1}}
{"id_image":1036,"data":{"Best_template_id":37,"GT_R":[0.9454226222313654,0.32066830275855845,-0.05785705074022944,0.07000986143074871,-0.37331373380740634,-0.925059726800143,-0.3182362485966444,0.87052160678981,-0.37538967100783494],"GT_T":[-64.17532296061418,47.28541127208029,732.3296489190444],"R_pred":[0.9676516450592226,0.25155202415548705,-0.019284007816234475,0.08691747830330525,-0.4041508300726373,-0.9105533803775551,-0.23684519370165358,0.8794223591056093,-0.4129414831735251],"T_pred":[-82.48483872357541,49.47091571131319,681.1871592439613],"rotation_error":5.177607403775025,"translation_error":54.36514551892611,"ADD":0,"ADD_S":0}}
{"id_image":1037,"data":{"Best_template_id":24,"GT_R":[0.9459213564090523,0.31937417363396814,-0.05686631751260061,0.07066951257958505,-0.3739654459894523,-0.9247470375417285,-0.31660605469509495,0.8707177973936595,-0.3763117305294697],"GT_T":[-64.29019320482595,46.53604562775708,731.6479537785525],"R_pred":[0.9524415314507402,0.30469726605708897,0.0038347392484635867,0.1502039809115956,-0.45849316342703417,-0.875912543128011,-0.26512995546727114,0.8348314770946328,-0.4824546730687934],"T_pred":[-76.78110983468868,41.706892930719704,638.6331171972748],"rotation_error":7.5850884541586385,"translation_error":93.97395138157849,"ADD":0,"ADD_S":0}}
{"id_image":1044,"data":{"Best_template_id":24,"GT_R":[0.9470839269545127,0.3167933339641395,-0.05170360742224521,0.07270570930508755,-0.3686119575893421,-0.9267357173322986,-0.31264222578476897,0.87393693582278,-0.3721395560270772],"GT_T":[-61.27430767820648,46.98108345924393,728.9767677068314],"R_pred":[0.9355263247120963,0.3505095764563907,-0.043971952231392886,0.10276939905703487,-0.38913821237838875,-0.9154288078733421,-0.3379777306097758,0.8518887770591381,-0.4000707001675481],"T_pred":[-73.57209726967912,50.05852416439151,678.0621008600612],"rotation_error":2.7758042390941715,"translation_error":52.469129688298054,"ADD":0,"ADD_S":0}}
{"id_image":1046,"data":{"Best_template_id":24,"GT_R":[0.946906060184741,0.3179717651153572,-0.04757009145106422,0.07576739235222073,-0.3644840664059204,-0.9281219027690447,-0.3124548045466732,0.8752392357782411,-0.3692247997737009],"GT_T":[-58.548920814778064,49.07728952335055,729.4069137692317],"R_pred":[0.9530441667046852,0.30275151439730497,-0.006952470087046969,0.13403588467312186,-0.44230175629296964,-0.8867939659244689,-0.2715533058721002,0.8442219358144475,-0.462112675826622],"T_pred":[-71.99124728520214,48.503054714675116,655.8743416583868],"rotation_error":6.324310301968713,"translation_error":74.75336144809515,"ADD":0,"ADD_S":0}}
{"id_image":1047,"data":{"Best_template_id":24,"GT_R":[0.9470502951118875,0.3176185794195225,-0.04705377557788936,0.07567893038647121,-0.3632250286177457,-0.9286232537101234,-0.3120387938695327,0.8758910130831624,-0.3680296865307152],"GT_T":[-57.24162222926489,50.51940514934851,729.7152286060897],"R_pred":[0.9189977473776025,0.39057455517820927,-0.05380201819854469,0.09298564077484467,-0.3473279263275222,-0.933122168958982,-0.38314071948121636,0.8525343561642355,-0.3555114071799224],"T_pred":[-69.85479116832563,56.59300258500764,694.9048160889218],"rotation_error":4.5281590333422495,"translation_error":37.51993385003666,"ADD":0,"ADD_S":1}}
{"id_image":1048,"data":{"Best_template_id":37,"GT_R":[0.9469149128660274,0.3182764193820499,-0.04529929998287416,0.07688577548624807,-0.36102110339282134,-0.9293831861657671,-0.3121544106083863,0.876563310872158,-0.3663276387239025],"GT_T":[-55.94258178397732,51.5235609082991,729.9203885456076],"R_pred":[0.9448937882458107,0.3058990138958878,-0.11662556423016511,-0.03136303673881699,-0.2700208756685766,-0.9623435387790032,-0.32587127652034714,0.9129701638064075,-0.24554712610474777],"T_pred":[-75.06806276584999,67.02600601012514,731.9867748663588],"rotation_error":8.35287674812826,"translation_error":24.705865282351297,"ADD":0,"ADD_S":1}}
{"id_image":1049,"data":{"Best_template_id":24,"GT_R":[0.9469933635337519,0.31826122566892906,-0.04373668414895439,0.0778907705799548,-0.35955141417740155,-0.9298695486260318,-0.3116666730368757,0.8771725934053397,-0.3652831483888226],"GT_T":[-55.10942358708508,52.542323150620625,730.2783581869417],"R_pred":[0.9568579318356923,0.2901641124230014,0.015089272510406218,0.16239245541057856,-0.4910041647021257,-0.8558876098360643,-0.24093897299699102,0.8214132322448547,-0.51694169224799],"T_pred":[-67.17712871838135,45.36451167949859,626.6917451814879],"rotation_error":10.371227887308377,"translation_error":104.53390301042299,"ADD":0,"ADD_S":0}}
{"id_image":1054,"data":{"Best_template_id":24,"GT_R":[0.9462451794884419,0.3206694968753511,-0.04232379714132348,0.07964779948595002,-0.35782610654466657,-0.9303852257320003,-0.31349066584952384,0.8770010530284841,-0.364132264770521],"GT_T":[-48.307312104760506,51.5228846979486,731.7022451948782],"R_pred":[0.9544833349519117,0.2979618544289342,-0.01342745710651394,0.1412924487457563,-0.4913422297232849,-0.8594296115552328,-0.2626747175243641,0.8184140434986568,-0.51107773007408],"T_pred":[-62.17294341081684,46.81888006925586,651.8309627083737],"rotation_error":9.57178259848744,"translation_error":81.2022484731873,"ADD":0,"ADD_S":0}}
{"id_image":1062,"data":{"Best_template_id":24,"GT_R":[0.9438859574175145,0.3282171219712218,-0.03678339983857778,0.08723559382364579,-0.3551783352933246,-0.930719509577334,-0.31854271469069245,0.8752830388910278,-0.3638808622463746],"GT_T":[-37.102093169237776,50.503340915391405,738.4011342920505],"R_pred":[0.949595276880733,0.31134489811599875,-0.0365125258362502,0.08555648269398552,-0.3694586877044339,-0.9253001493292603,-0.30157735059987223,0.8755367682152795,-0.3774737992342062],"T_pred":[-51.634739507065696,53.17585713035865,673.5234870562472],"rotation_error":1.2979202289895073,"translation_error":66.53908072218152,"ADD":0,"ADD_S":0}}
{"id_image":1064,"data":{"Best_template_id":24,"GT_R":[0.9431321308672985,0.3303882254625603,-0.03668306947021847,0.08769755752341206,-0.35373662976612996,-0.9312250962187684,-0.32064097696443056,0.8750505738132832,-0.36259522707728575],"GT_T":[-34.546894342930536,50.44792881806932,740.5607940680356],"R_pred":[0.9425731144639194,0.33396602881845877,0.0047555740993783235,0.17421226078830226,-0.479442440617181,-0.8601075713688777,-0.2849666859140115,0.8115427516343603,-0.5100905313656742],"T_pred":[-47.382005919207295,45.08570836201935,641.3287876407],"rotation_error":9.695666011634005,"translation_error":100.20221852329182,"ADD":0,"ADD_S":0}}
