{"id_image":1,"data":{"GT_R":[-0.9614879163959711,-0.2714235696469264,0.043252056588721645,-0.18125033798405746,0.507859963919702,-0.8421563659198432,0.20661490174872,-0.8175619724476703,-0.5374967335874469],"GT_T":[-118.14002937133463,-46.11549318942204,935.6427546540357],"R_pred":[-0.9528741733129242,-0.3005591328489044,0.04117059016246746,-0.20073807174126398,0.5229335443552533,-0.8283988983223303,0.22745337189589074,-0.7976244202938911,-0.5586235295474256],"T_pred":[-125.50309794160786,-66.36743462915848,975.7503094584123],"rotation_error":2.2193561204263714,"translation_error":45.529900760216165,"ADD":0,"ADD_S":1}}
{"id_image":2,"data":{"GT_R":[-0.961193901330807,-0.27246572481792075,0.04322844669585243,-0.18155376029688802,0.5067694044881995,-0.8427477362762584,0.2077135092989204,-0.8178916881906854,-0.536570841588686],"GT_T":[-118.21931803920009,-45.572090315584234,934.8617088715861],"R_pred":[-0.9863861502688905,-0.15282636001747274,0.06071627657825947,-0.14494733333564597,0.6336120798536804,-0.7599513160870099,0.07767002714434333,-0.7584061154469306,-0.6471379535586628],"T_pred":[-137.71921066279234,-77.26375156042464,1012.3817422546535],"rotation_error":10.90359429507428,"translation_error":85.98815488485168,"ADD":0,"ADD_S":0}}
{"id_image":3,"data":{"GT_R":[-0.9610906328863879,-0.2729131802321526,0.042699011677282815,-0.18165634467578326,0.5079815296692778,-0.8419953543761245,0.20810217057510963,-0.8169896923851958,-0.537793166023989],"GT_T":[-117.62574988433599,-45.575825530571464,934.1404006544453],"R_pred":[-0.9615413571623966,-0.27447087256502967,0.010196008027047426,-0.15323314327348428,0.5052669052257421,-0.8492496442661187,0.2279425854657795,-0.8181510218761524,-0.5278930603201594],"T_pred":[-131.16962144590988,-68.73596144321681,1009.5270469622548],"rotation_error":1.992864076518864,"translation_error":80.01859030192529,"ADD":0,"ADD_S":0}}
{"id_image":4,"data":{"GT_R":[-0.9603837174619766,-0.2757585172933023,0.04025089561973248,-0.18110641626085688,0.5078043376597777,-0.8422208047900367,0.21181003067449933,-0.8161444643419589,-0.5376293112715155],"GT_T":[-114.84810492998623,-45.135464025443305,933.8562340640426],"R_pred":[-0.9681423512447637,-0.2493655195231647,0.022742589984493036,-0.16959809346587829,0.5861999476619862,-0.7922159478663786,0.184219636355628,-0.7708349103628012,-0.6098169123162891],"T_pred":[-127.42545838408202,-72.31598469121808,999.4161416582087],"rotation_error":5.4173580847666365,"translation_error":72.07684792863425,"ADD":0,"ADD_S":0}}
{"id_image":5,"data":{"GT_R":[-0.9598366466750619,-0.2770139552235324,0.0444712973419404,-0.1849307928873974,0.5054707115056867,-0.8427925812653241,0.2109866880894556,-0.817167612738055,-0.5363977900453468],"GT_T":[-115.96072314879339,-44.941785866263686,932.9777795540465],"R_pred":[-0.9696945887140327,-0.23406043702711005,0.0700579505652367,-0.20191238797792865,0.6062754742851453,-0.7691953177583521,0.13756377502734257,-0.7600301053899117,-0.6351617484556406],"T_pred":[-138.46396596732956,-77.80753444217838,1045.150319494471],"rotation_error":7.785593173331941,"translation_error":119.0345835607928,"ADD":0,"ADD_S":0}}
{"id_image":6,"data":{"GT_R":[-0.9600547109302456,-0.2752046686552251,0.05057930528063768,-0.18879283862576615,0.5036667114882659,-0.8430167553112711,0.20652720490715895,-0.8188906911014803,-0.535504136312775],"GT_T":[-120.40206399099033,-43.381296207838396,931.9051337755238],"R_pred":[-0.9772383468303268,-0.1958937618622221,0.08143001625811377,-0.18667038898522184,0.6116533606385101,-0.7687875729326807,0.10079374663358648,-0.7664892696464074,-0.6342986837101912],"T_pred":[-143.2183988119148,-76.46767473499254,1034.4528073598829],"rotation_error":8.921912237325932,"translation_error":110.14226680192714,"ADD":0,"ADD_S":0}}
{"id_image":7,"data":{"GT_R":[-0.9598951104320508,-0.2752857152568633,0.0530964283533753,-0.19033613971851357,0.5008247141711154,-0.8443617752300977,0.20584931049483865,-0.8206043045679647,-0.5331368828999987],"GT_T":[-121.72135790242697,-40.482363481310514,931.5495815698769],"R_pred":[-0.9755739113645501,-0.19062538162330625,0.10916733644200487,-0.20400814913735163,0.6019230604453765,-0.7720552469801782,0.08146298883803081,-0.7754679833397642,-0.6261095657027883],"T_pred":[-138.1798784566911,-67.71608058178633,989.2376948086663],"rotation_error":9.279483212138459,"translation_error":65.88229394150815,"ADD":0,"ADD_S":0}}
{"id_image":8,"data":{"GT_R":[-0.959108591713288,-0.2780137421418582,0.05309776126261185,-0.19136773205259544,0.4987351820701511,-0.8453641294307757,0.20854144462087024,-0.8209568351894551,-0.5315445293196277],"GT_T":[-121.50513757386071,-39.637850763946155,931.6881445007324],"R_pred":[-0.9723447477469986,-0.21980938056800997,0.07892735738090716,-0.19853424300785333,0.5999463037983738,-0.7750152172131641,0.12300343849715877,-0.769251759031448,-0.626994326405669],"T_pred":[-142.68045604015214,-69.73599626841805,1032.02758355241],"rotation_error":7.963770650262812,"translation_error":106.87513978546446,"ADD":0,"ADD_S":0}}
{"id_image":9,"data":{"GT_R":[-0.9600842384574573,-0.27335651862976057,0.05928011352497871,-0.19366295344870593,0.4967103473932536,-0.846033562118305,0.20182416636494666,-0.8237442139812955,-0.5298236544453397],"GT_T":[-126.58676204843431,-38.05289913570744,930.8937783221684],"R_pred":[-0.9644725271818354,-0.24601464452406033,0.09627844510161125,-0.23669493036662784,0.642824695851598,-0.7285272269051012,0.11733820456364989,-0.7254331155130705,-0.6782171780976791],"T_pred":[-143.7194885423816,-70.07486487812001,1005.458400671867],"rotation_error":11.331189171466427,"translation_error":82.93864909243354,"ADD":0,"ADD_S":0}}
{"id_image":10,"data":{"GT_R":[-0.9602958513510996,-0.27322326831976224,0.05639475603474795,-0.19103204185709785,0.49666185220947684,-0.8466603509286876,0.20331885538703454,-0.8238178170586555,-0.5291367886223933],"GT_T":[-126.03056576347255,-36.95748199471729,931.3220722921698],"R_pred":[-0.9740824210937541,-0.21729655061301686,0.06281437739733581,-0.1860097322762281,0.6115199479717949,-0.76905379053165,0.12870049112049367,-0.7608058637551748,-0.6360901046715677],"T_pred":[-144.1083855500065,-66.95592973013039,1013.054139350142],"rotation_error":8.465120459794367,"translation_error":88.9204432081711,"ADD":0,"ADD_S":0}}
{"id_image":11,"data":{"GT_R":[-0.9594782591476887,-0.27615409300630905,0.0560373259273237,-0.19250793628887244,0.49717597114491074,-0.846024544377812,0.2057732297471512,-0.8225293326625619,-0.5301912355139687],"GT_T":[-123.7415687600283,-38.83553982113741,931.6856290965989],"R_pred":[-0.9734588651632867,-0.20998338420457963,0.09102096567823227,-0.20736046362631305,0.6409470459305963,-0.7390456835930531,0.0968476946534431,-0.7383047220970719,-0.6674778358638427],"T_pred":[-140.84220554642664,-69.96792831437998,1000.874770243859],"rotation_error":11.182243841913428,"translation_error":77.77399722587225,"ADD":0,"ADD_S":0}}
{"id_image":12,"data":{"GT_R":[-0.9582594052187299,-0.2793622554312968,0.06078617816782925,-0.19813640424757242,0.4956385266829014,-0.8456265209756748,0.20610879258356535,-0.8223739847719942,-0.5303024256415781],"GT_T":[-123.53677688662684,-39.440121418135966,931.8096947979245],"R_pred":[-0.9707261933346122,-0.22444568315838312,0.0855265624566996,-0.20945561114455666,0.6167583180987857,-0.7587736974988113,0.11755426208416825,-0.7544755213839107,-0.6457148620701887],"T_pred":[-138.61870805720446,-67.95599019307954,993.2108226135542],"rotation_error":9.239559247286172,"translation_error":69.3593390745265,"ADD":0,"ADD_S":0}}
{"id_image":13,"data":{"GT_R":[-0.9577597016698086,-0.28074822963709756,0.06226777993317708,-0.20025374700932366,0.4957214015860669,-0.8450789510986428,0.20638784070764174,-0.8218509729569627,-0.5310031055733938],"GT_T":[-121.87036875560567,-41.039460423028096,932.0531413952965],"R_pred":[-0.9302837632663556,-0.36594501080254804,-0.025619696948055576,-0.16298951211283985,0.4748881603298387,-0.8648211688665817,0.3286434827350234,-0.8003533496195696,-0.5014259436931137],"T_pred":[-129.83093257521065,-61.2524098338254,997.4372186695362],"rotation_error":7.501472235785033,"translation_error":68.89855920999507,"ADD":0,"ADD_S":0}}
{"id_image":14,"data":{"GT_R":[-0.9553395265603546,-0.28820660352123806,0.06530242559656477,-0.20691085095719994,0.4945954060490105,-0.8441340974917679,0.21098764665752742,-0.8199457801971872,-0.5321404857589513],"GT_T":[-118.21760962232602,-43.40873239442121,932.7431482929387],"R_pred":[-0.9608314157626902,-0.2742537305238771,0.03984823430468609,-0.18805704019834485,0.5396094597191129,-0.8206437598699479,0.2035621283915617,-0.7959940466331286,-0.5700490659665307],"T_pred":[-135.03876937069532,-70.12014575336183,1019.0394595155907],"rotation_error":3.104851696532933,"translation_error":91.888543081002,"ADD":0,"ADD_S":0}}
{"id_image":15,"data":{"GT_R":[-0.954227587277545,-0.29136522784724717,0.06750488050539791,-0.21061876916718164,0.4943903755342264,-0.8433377349209028,0.21234647323101738,-0.8189528962092849,-0.5331279740395809],"GT_T":[-116.33600884769189,-45.377673652404276,933.186048577614],"R_pred":[-0.9339435369026853,-0.3481669496491083,0.08080374403292054,-0.21377369158828885,0.3629499077522067,-0.906955441709999,0.2864441981650486,-0.8643188876998462,-0.4134036546801235],"T_pred":[-116.63813729268976,-52.06463110758552,918.834957007867],"rotation_error":8.794627795630696,"translation_error":15.835419503377299,"ADD":1,"ADD_S":1}}
{"id_image":16,"data":{"GT_R":[-0.9533277968914343,-0.2942993299930756,0.06748552601149589,-0.21232332284050026,0.49451060257361196,-0.8428385442061418,0.21467522070810052,-0.8178303994477825,-0.5339177756555831],"GT_T":[-115.2600419380554,-46.63542614288263,933.7275310850989],"R_pred":[-0.9903207297572083,-0.10730987617482528,0.08803091893473676,-0.13608602108533238,0.625934038072975,-0.7679109159575885,0.027302876740611007,-0.772457876169959,-0.6344788274360962],"T_pred":[-135.08992077211042,-78.42794840961093,1006.781565462449],"rotation_error":13.635189502659367,"translation_error":82.10286539129288,"ADD":0,"ADD_S":0}}
{"id_image":17,"data":{"GT_R":[-0.952913100153478,-0.29681505815521986,0.06211236024460217,-0.20979116623168753,0.4973690388639286,-0.8417913443558775,0.21896393840873155,-0.8151838249139565,-0.5362180094371087],"GT_T":[-111.46680368195683,-47.562735992551254,934.6693847999987],"R_pred":[-0.9888236685724519,-0.13736171040465953,0.05796130593442769,-0.12859661386121682,0.589102838963215,-0.7977598360590172,0.07543648569722058,-0.7962974354097767,-0.6001830812222764],"T_pred":[-140.66162849683397,-83.64918148665795,1072.6248568434687],"rotation_error":10.6363224583822,"translation_error":145.55508102126535,"ADD":0,"ADD_S":0}}
{"id_image":18,"data":{"GT_R":[-0.952810921190976,-0.2983865512501249,0.05583038924285924,-0.20589667390093327,0.500084990679374,-0.8411427096726604,0.22306647368586438,-0.812944675773086,-0.5379243588447468],"GT_T":[-106.13772821922512,-49.209209405301195,935.7563826049768],"R_pred":[-0.980408818410402,-0.1848235337142892,0.06810881123968197,-0.16795752164466746,0.6037806007236017,-0.7792555788140554,0.10290199077812191,-0.7754284284027833,-0.6229943279988103],"T_pred":[-127.49060670268135,-82.03748108917522,1041.6771371479217],"rotation_error":9.32989790663157,"translation_error":112.92850430350292,"ADD":0,"ADD_S":0}}
{"id_image":19,"data":{"GT_R":[-0.9520568134647834,-0.3019993165223187,0.048834539948648684,-0.20233161195526925,0.5018659636720751,-0.8409470529860422,0.22945749716255542,-0.8105100062621844,-0.5389098160699555],"GT_T":[-101.40913257489291,-50.4666142017735,936.7672600060278],"R_pred":[-0.9725501074475864,-0.22854511649471526,0.04374263629578407,-0.1741539659564923,0.5902311572647779,-0.7882243190459842,0.1543265519776592,-0.7742055997732759,-0.6138314138543164],"T_pred":[-122.67846887143556,-82.16093545502663,1049.5327887396757],"rotation_error":6.997997607791702,"translation_error":119.05032186759938,"ADD":0,"ADD_S":0}}
{"id_image":20,"data":{"GT_R":[-0.950661871249376,-0.3065737857090608,0.04748861417978849,-0.20378277342627246,0.5016889692271154,-0.8407026894565618,0.2339125727511986,-0.8089009467872057,-0.5394114267624803],"GT_T":[-96.61237875535659,-52.119946676112235,937.646300533107],"R_pred":[-0.9622350567079828,-0.26401504609745857,0.06633061944789748,-0.17688165396114064,0.42117433622622746,-0.8895645333512168,0.206921666661943,-0.8677028488708296,-0.4519681293269361],"T_pred":[-108.7142242037337,-69.4677983377449,994.0759846638174],"rotation_error":6.243470148246902,"translation_error":60.2636861768525,"ADD":0,"ADD_S":0}}
{"id_image":21,"data":{"GT_R":[-0.9494411714269703,-0.31021301768300846,0.048269996423111985,-0.20619164681493754,0.500208490969574,-0.8409970524549205,0.23674363242210703,-0.8084295625396852,-0.5388814031208048],"GT_T":[-95.4024033391957,-52.61070673298738,937.8029059440555],"R_pred":[-0.9304615804065842,-0.36631727707616357,0.007273231935445407,-0.17452181592565985,0.4256637861510114,-0.8878921538822133,0.32215428470422636,-0.8274188743768727,-0.45999415558419565],"T_pred":[-98.87078980414056,-67.31374567178145,970.2868562191533],"rotation_error":6.76229717091452,"translation_error":35.82479705707948,"ADD":0,"ADD_S":1}}
{"id_image":22,"data":{"GT_R":[-0.949330509242149,-0.3105446750349341,0.04829950172369932,-0.2059829592410564,0.49874021951644903,-0.8419202262185015,0.23736595386777357,-0.8092087929190698,-0.5374368895667102],"GT_T":[-96.03405323339219,-51.961151478218945,938.0270126322034],"R_pred":[-0.9766384043175768,-0.203419301671362,0.06926770473714905,-0.18395611640785822,0.6248105476407493,-0.7587963671453661,0.11107463458484096,-0.7538118911667566,-0.647634200986515],"T_pred":[-110.22526052981763,-81.13582766915742,995.334698196284],"rotation_error":10.51033311169089,"translation_error":65.85379958732645,"ADD":0,"ADD_S":0}}
{"id_image":23,"data":{"GT_R":[-0.9489966372015015,-0.3118858258484453,0.04618068000003125,-0.20473391489717227,0.4982007988533082,-0.842544287801994,0.2397707475533925,-0.8090260330317764,-0.5366446707086608],"GT_T":[-93.67687071231889,-51.66758517345699,938.5496410690843],"R_pred":[-0.9654926447779724,-0.2473419408228311,0.081522494991452,-0.22802313424901474,0.6516389806142461,-0.7234445999461758,0.12581495589512395,-0.7170694549721259,-0.6855523274113264],"T_pred":[-106.25351327333746,-82.24129437287061,987.8548206803704],"rotation_error":12.011137622504737,"translation_error":59.36265129539884,"ADD":0,"ADD_S":0}}
{"id_image":24,"data":{"GT_R":[-0.9478365767832079,-0.31517139667140504,0.04768272334019614,-0.20761881444706737,0.4969071566418859,-0.8426015422665403,0.24187095306937698,-0.8085477416026201,-0.5364219643644168],"GT_T":[-92.05943179551238,-51.362142322450694,939.1694344540302],"R_pred":[-0.9656509464152909,-0.24962563679776928,0.07214770364024786,-0.21567042488181004,0.6151122379379729,-0.7583687774231206,0.1449293535435537,-0.7478796535487827,-0.6478205818659982],"T_pred":[-109.88230537341775,-83.17159522244059,1034.3167802115242],"rotation_error":9.233763867645784,"translation_error":101.8946196865506,"ADD":0,"ADD_S":0}}
{"id_image":25,"data":{"GT_R":[-0.9465711127468286,-0.31829150848808385,0.051908317089880925,-0.2119466787881442,0.4926656843250971,-0.8440141717248401,0.24306930330264243,-0.8099198977445097,-0.533804287820166],"GT_T":[-91.19391672203048,-48.57695646505153,939.9578594668661],"R_pred":[-0.9653718113071172,-0.24703803981636357,0.08384195141636663,-0.22372867907988442,0.6186874497973585,-0.7531077729119597,0.1341743048828117,-0.7457868638873513,-0.6525329183744555],"T_pred":[-105.71474007340727,-78.20207939734519,1008.619611313827],"rotation_error":10.002610718342686,"translation_error":76.17702006674348,"ADD":0,"ADD_S":0}}
{"id_image":26,"data":{"GT_R":[-0.944823845162205,-0.32332306909584796,0.05263196799591642,-0.21432436549308512,0.4886273675192327,-0.845758992166927,0.24773600661817502,-0.8103729054692164,-0.5309635561626327],"GT_T":[-88.32062553830455,-45.2501932673855,941.409825797221],"R_pred":[-0.977706871127303,-0.17871674434938137,0.11022522143147181,-0.1855293711427272,0.48946037229491235,-0.852060676475748,0.09832663216973986,-0.8535155940239657,-0.5117059743290804],"T_pred":[-110.59644285785639,-68.64245306941496,1038.2333091545536],"rotation_error":9.135230371899684,"translation_error":102.06956836073795,"ADD":0,"ADD_S":0}}
{"id_image":27,"data":{"GT_R":[-0.9425499667755826,-0.3291390510209017,0.057148066196785245,-0.21980578484354674,0.4822090220932,-0.8480327159165022,0.2515639052637677,-0.8118750598560562,-0.5268536204158435],"GT_T":[-85.60984440403433,-42.679953743615165,942.6288330681087],"R_pred":[-0.9494900602355175,-0.3013994435599567,0.08733270255581158,-0.2636647081793148,0.61537541920314,-0.7428283887287,0.17014566457794375,-0.7283347230925549,-0.66376124017829],"T_pred":[-96.87328596313623,-70.9752952438623,999.5873401279624],"rotation_error":10.327734002675829,"translation_error":64.58918634615482,"ADD":0,"ADD_S":0}}
{"id_image":28,"data":{"GT_R":[-0.9404372961979012,-0.3339069113374555,0.06391111026804744,-0.22701699682984253,0.47685126241006764,-0.8491616973527191,0.2530652526364896,-0.8130909284253487,-0.5242515862581971],"GT_T":[-85.89190965518078,-40.0167010996691,943.8132773196083],"R_pred":[-0.9601578022378159,-0.26086158007426147,0.10024086413737045,-0.24299759439680865,0.6021752227425116,-0.7604848257739075,0.13801870858405807,-0.7545437277959218,-0.6415719748591133],"T_pred":[-97.87785353628468,-66.89339617386082,994.9178820779996],"rotation_error":10.043558811027147,"translation_error":58.972029101459945,"ADD":0,"ADD_S":0}}
{"id_image":29,"data":{"GT_R":[-0.940150842637705,-0.3338445352398043,0.06829317801166175,-0.22950428149317245,0.472211746241605,-0.8510843858112599,0.25188181343062377,-0.8158209791322657,-0.5205693431214335],"GT_T":[-85.8605508513678,-36.788140107825825,945.0668880562804],"R_pred":[-0.9723346487906392,-0.21720517133073391,0.08594907974126767,-0.20216085915701187,0.5981244423311372,-0.775485743589761,0.11703126841183545,-0.7714071979397471,-0.6254875036167107],"T_pred":[-100.99612405634593,-65.07584071589343,1005.6051032233826],"rotation_error":10.613562775933676,"translation_error":68.51390426441397,"ADD":0,"ADD_S":0}}
{"id_image":30,"data":{"GT_R":[-0.9396899566969674,-0.33502917267782495,0.06883875440565768,-0.23014532688190986,0.4704767781282298,-0.8518712212905327,0.2530144679703977,-0.8163372524793171,-0.5192083688474746],"GT_T":[-84.03792243887254,-36.66939293254481,946.2851325845457],"R_pred":[-0.9730528740950259,-0.21333520584203827,0.08749968093510291,-0.1911219567632477,0.5339110019693591,-0.8236573557123505,0.12899806920414322,-0.8181852674818886,-0.560296676964261],"T_pred":[-98.6701523880777,-60.437208441182975,1014.4526329688183],"rotation_error":8.077532832122127,"translation_error":73.66016098257509,"ADD":0,"ADD_S":0}}
{"id_image":31,"data":{"GT_R":[-0.9382895294871364,-0.3379252015387073,0.07361917852634017,-0.23544823942701723,0.46820648403471643,-0.8516728783579495,0.25333388964481246,-0.8164486998751875,-0.5188772164455117],"GT_T":[-85.5191026768483,-37.396493125971915,947.4050592266203],"R_pred":[-0.9688576512049796,-0.2053474816045626,0.13837363730217564,-0.2334087310699496,0.5707777752102224,-0.7872312846847397,0.08267536490325371,-0.7950126685309696,-0.6009323097599102],"T_pred":[-97.56859394677818,-59.207882661418665,975.7753056258496],"rotation_error":11.015551780080305,"translation_error":37.759738268214896,"ADD":0,"ADD_S":1}}
{"id_image":32,"data":{"GT_R":[-0.9383619228676779,-0.33618232123360764,0.08037024670507742,-0.2395991090613423,0.4650285816779928,-0.8522562807880414,0.24913955991069353,-0.8189805549358543,-0.5169140248581509],"GT_T":[-89.94072585717184,-36.15735386131331,948.3098956738713],"R_pred":[-0.9647029843613282,-0.2432477082920064,0.10088956524355669,-0.21342263401256104,0.49774942487348994,-0.8406522999012435,0.1542690223456652,-0.8325118992836059,-0.5320949222607897],"T_pred":[-100.23633627077594,-54.728911129747374,981.9835810965516],"rotation_error":5.881382336176917,"translation_error":39.809790543396076,"ADD":0,"ADD_S":1}}
{"id_image":33,"data":{"GT_R":[-0.9388619194749962,-0.3343107047437155,0.08230240822046657,-0.239833203140415,0.4635379011688034,-0.8530022837709335,0.24701762825189694,-0.8205902196296886,-0.5153774048200206],"GT_T":[-92.30709078906811,-36.257760658673995,949.5832258496064],"R_pred":[-0.9002792485439401,-0.43174260363416544,0.05563810608162678,-0.20295455614438224,0.3032212973284458,-0.9310565466107259,0.385106118857381,-0.8495028952591308,-0.3606079701905639],"T_pred":[-84.21547899123898,-35.31511066408013,893.3501342819321],"rotation_error":12.088940456414537,"translation_error":56.82009642509868,"ADD":0,"ADD_S":0}}
{"id_image":34,"data":{"GT_R":[-0.9404249248978829,-0.3296921415917897,0.08309760636242465,-0.23847269645861927,0.4653883013178345,-0.8523758609532185,0.24234910842805477,-0.8214109789212015,-0.5162852973793917],"GT_T":[-96.15357738022463,-38.98085384694803,950.4416610375632],"R_pred":[-0.979983009759724,-0.15488020727358315,0.1250816612344301,-0.19643058306024647,0.6500682478670144,-0.7340478861448491,0.03237787239588834,-0.7439243204184157,-0.6674790475131889],"T_pred":[-107.95179018437165,-67.17651052894037,974.302988505795],"rotation_error":16.091209269623096,"translation_error":38.77571185222667,"ADD":0,"ADD_S":1}}
{"id_image":35,"data":{"GT_R":[-0.9413071198345504,-0.3277598368439402,0.08071273041087679,-0.2364340279750426,0.4695448425737528,-0.8506627692058658,0.2409143326449315,-0.8198178111222579,-0.5194796570509655],"GT_T":[-97.25075687543732,-43.155906552601145,951.4278153170584],"R_pred":[-0.971887526376652,-0.224463837727373,0.07106772562965666,-0.19366970076536077,0.5905052810741753,-0.7834510578389479,0.13389056381585754,-0.7751899757970367,-0.6173765612208335],"T_pred":[-117.50366756664884,-74.04972151141875,1063.3595592672514],"rotation_error":9.573232444053897,"translation_error":117.86994314882575,"ADD":0,"ADD_S":0}}
{"id_image":36,"data":{"GT_R":[-0.9410385281114332,-0.3283970241205468,0.08125125513784605,-0.23769134006821815,0.4709230035349465,-0.8495496569124262,0.240726840199379,-0.8187713624561404,-0.5212142465654772],"GT_T":[-96.26849219638996,-46.83311939022475,952.5559986073165],"R_pred":[-0.927789830083067,-0.35998202088234804,0.09807637756307241,-0.31099822172320474,0.6009359047643937,-0.736312531775743,0.20612165650275083,-0.7136448577594187,-0.6694959893189065],"T_pred":[-101.47353382131857,-72.08854173067458,976.196513228036],"rotation_error":10.795512337922293,"translation_error":34.9828922109677,"ADD":0,"ADD_S":1}}
{"id_image":37,"data":{"GT_R":[-0.9413217587711366,-0.32828480468470583,0.078374297963178,-0.23590182641534085,0.4738768251557119,-0.8484052163416681,0.24137859040354148,-0.8171104334439092,-0.5235142611818113],"GT_T":[-97.5429989701884,-50.25917334784084,953.0967716392782],"R_pred":[-0.9850824310108353,-0.1447579253275292,0.09304701590407093,-0.15916345648298627,0.5608915466111533,-0.8124454855930566,0.065418638278181,-0.8151354586785061,-0.5755645800175773],"T_pred":[-115.5176479530914,-75.92971031806823,1029.9586617968653],"rotation_error":11.779651877667506,"translation_error":83.00490728261408,"ADD":0,"ADD_S":0}}
{"id_image":38,"data":{"GT_R":[-0.9425090806262281,-0.32547167318812176,0.0757926937217254,-0.23302539099484565,0.47752437109103535,-0.8471535565420206,0.23953238205667512,-0.8161114976845586,-0.5259149365481425],"GT_T":[-99.50188423923326,-54.53598418195182,953.2604937999522],"R_pred":[-0.9436830329800374,-0.3250588533929638,0.06163663761472672,-0.23854806614387558,0.5394075454451729,-0.8075483391449894,0.2292534697766092,-0.7767729666689394,-0.5865719093578553],"T_pred":[-111.39700969999467,-78.77847139715718,1028.0650977319017],"rotation_error":4.243085052610466,"translation_error":79.52937171587917,"ADD":0,"ADD_S":0}}
{"id_image":39,"data":{"GT_R":[-0.943239387281692,-0.32438704612197966,0.07122254687622927,-0.22940885410906667,0.4813159312399031,-0.8459947134936922,0.24014964735259442,-0.8143137263065268,-0.528413731482435],"GT_T":[-99.06481044901206,-59.30701902310108,953.338780491381],"R_pred":[-0.9720861200268457,-0.2288775071785521,0.05161067679157902,-0.18625049962884999,0.6189895897680953,-0.7629958316706121,0.1426861122855226,-0.7513101719439562,-0.6443397387204876],"T_pred":[-112.74074190828368,-89.36402304300418,1030.784886311443],"rotation_error":10.339298868143764,"translation_error":84.19236247204016,"ADD":0,"ADD_S":0}}
{"id_image":40,"data":{"GT_R":[-0.9434993385257333,-0.32393253191719446,0.06983520158825031,-0.22922986025031236,0.4858272982142886,-0.8434603957550376,0.2392965808038777,-0.8118126381131108,-0.5326327367875272],"GT_T":[-99.7846036063842,-65.63559260794099,952.8074187946787],"R_pred":[-0.964540000076863,-0.242754222218167,0.10360007648152482,-0.22782590328257074,0.5675775776000707,-0.7911706839861524,0.13325894358430773,-0.786718552597362,-0.6027569766945098],"T_pred":[-117.26959200358468,-92.86611669190785,1041.2707088344678],"rotation_error":7.517769695868694,"translation_error":94.19649646245648,"ADD":0,"ADD_S":0}}
{"id_image":41,"data":{"GT_R":[-0.9432503811699249,-0.3241981337619597,0.07193277861738448,-0.23185549580836534,0.4878527293122172,-0.8415711425537018,0.2377436170391084,-0.8104903500609781,-0.5353342518627363],"GT_T":[-101.76938682510328,-71.56004930773737,952.050921760984],"R_pred":[-0.9618435901556209,-0.26074261614008776,0.08288664672291166,-0.22672046688724182,0.5900057374232317,-0.7749135820864796,0.15314939755342497,-0.7641377610981483,-0.6266089243642576],"T_pred":[-121.48428590068787,-103.5405268482679,1058.9771467098533],"rotation_error":7.802704491379977,"translation_error":113.33422153567322,"ADD":0,"ADD_S":0}}
{"id_image":42,"data":{"GT_R":[-0.9419912620176827,-0.3274377417900613,0.07373362032913351,-0.2358492753510065,0.48945536768745984,-0.8395291450439407,0.23880475542480428,-0.8082182750213949,-0.5382890676142621],"GT_T":[-102.89531264626471,-76.11548122689479,951.503086609594],"R_pred":[-0.9495544915582611,-0.2995114510093021,0.09294707244359388,-0.2613519977066051,0.591981153859278,-0.7623997945764438,0.17332455352978396,-0.7482320523672716,-0.6403962796222051],"T_pred":[-123.62118196639403,-110.03909835687051,1069.7750391777],"rotation_error":7.759838472677075,"translation_error":124.77430914466551,"ADD":0,"ADD_S":0}}
{"id_image":43,"data":{"GT_R":[-0.9414825869135894,-0.3290546296066823,0.0730350109215565,-0.23707699802142257,0.49244889695663,-0.837429553700788,0.2395942613507206,-0.8057403224567116,-0.5416431454689749],"GT_T":[-103.33664743407009,-80.70209946650508,951.20760501615],"R_pred":[-0.9574703761861861,-0.27225934369434845,0.09552658528915343,-0.2609867222408834,0.6760494303481397,-0.689088599920153,0.12303011639368318,-0.6847130913726416,-0.7183533761061317],"T_pred":[-115.50257888770368,-113.66202041334893,1008.1147775267993],"rotation_error":14.054184822764652,"translation_error":66.87893958574341,"ADD":0,"ADD_S":0}}
{"id_image":44,"data":{"GT_R":[-0.9407382388299126,-0.3312218320772129,0.0728290157427641,-0.23890884204770454,0.4948385318729724,-0.8354985193534215,0.24069781251284791,-0.8033844957690179,-0.5446451911000186],"GT_T":[-103.69606785759069,-84.95946779403474,950.8346397371008],"R_pred":[-0.9831932225602937,-0.11965308647922643,0.13789208101808983,-0.18246497178543172,0.6693852927177033,-0.7201596100619478,-0.0061336109141590656,-0.7332165224469713,-0.6799675801300558],"T_pred":[-121.48697272300576,-116.61061482382121,994.3292608490732],"rotation_error":17.345984401588954,"translation_error":56.65768676804097,"ADD":0,"ADD_S":0}}
{"id_image":45,"data":{"GT_R":[-0.9411744834605795,-0.3299376667821286,0.07301844696877631,-0.2389550021813057,0.4970228217940531,-0.8341880173080756,0.23893848008339919,-0.802564415577825,-0.5466249382421092],"GT_T":[-105.472271697303,-87.64834983637279,950.5707605345201],"R_pred":[-0.95858070965018,-0.27255520934805,0.08268422427402816,-0.2441362450217569,0.6367473521242025,-0.7314029692512156,0.1466987285331193,-0.7212949933418771,-0.6769143340384423],"T_pred":[-121.15181249375618,-122.12754399510537,1030.880830859362],"rotation_error":10.414031593712851,"translation_error":88.79397628783316,"ADD":0,"ADD_S":0}}
{"id_image":46,"data":{"GT_R":[-0.9408654676516256,-0.3305047159576607,0.07442056355437301,-0.24063682322802046,0.49734678342197286,-0.8335103842055311,0.23846709884551098,-0.8021294855798748,-0.5474681922286293],"GT_T":[-106.4010850802984,-88.34500707774271,950.5270263211812],"R_pred":[-0.8960224323361329,-0.44364801362510087,-0.017895271915859573,-0.1757650651500732,0.3914222181084933,-0.9032692229030155,0.40773820353657164,-0.8062041225257592,-0.42870090995849297],"T_pred":[-99.52260008378316,-96.32670511644395,933.0144690133609],"rotation_error":11.930617283160025,"translation_error":20.437972572835672,"ADD":1,"ADD_S":1}}
{"id_image":47,"data":{"GT_R":[-0.9408233453009062,-0.3307900833262679,0.0736829212412062,-0.24008225924077709,0.49710177974266206,-0.8338161687353516,0.2391910354131613,-0.802163931301931,-0.5471021756806389],"GT_T":[-106.71683035948364,-87.32239578332117,950.8589948950506],"R_pred":[-0.9667372927540678,-0.2398505640409579,0.08882968944992542,-0.22554628377295843,0.6356534935720687,-0.7382909385776263,0.12061459561240484,-0.7337685895695308,-0.6686073408858129],"T_pred":[-122.23597478791332,-121.44677391408803,1022.2813111761382],"rotation_error":10.827156202568563,"translation_error":80.66265734252575,"ADD":0,"ADD_S":0}}
{"id_image":48,"data":{"GT_R":[-0.9398531860107298,-0.334023324664928,0.07144904761530547,-0.2395659521377694,0.49547958151177357,-0.8349303039454574,0.24348466000181776,-0.8018278676672883,-0.5456987879523061],"GT_T":[-106.52668277211444,-85.81825485261828,951.498956645999],"R_pred":[-0.9618934589511842,-0.2614454535043146,0.08004529011034882,-0.23214958212154502,0.6262434779894419,-0.7442618341662297,0.14445603188416412,-0.7344830706814227,-0.663073957967488],"T_pred":[-126.23922934089282,-121.7110050361275,1054.691922227069],"rotation_error":9.879776471165005,"translation_error":111.02099870465024,"ADD":0,"ADD_S":0}}
{"id_image":49,"data":{"GT_R":[-0.9401772121088738,-0.3331141265701055,0.07142492564662535,-0.23854861556313778,0.49400361364784284,-0.8360952165318802,0.2432314710341719,-0.8031155703832747,-0.5439149304707264],"GT_T":[-108.31422698049683,-84.4511478691945,951.6012941011198],"R_pred":[-0.983578608409297,0.02837881259299395,0.17823513703936858,-0.12374569807403012,0.6128381132955966,-0.7804591271171505,-0.13137778841113804,-0.7896987336244786,-0.59926270268063],"T_pred":[-127.6928787844363,-109.91096150994811,965.8606794615577],"rotation_error":22.99858103107499,"translation_error":35.02947797523821,"ADD":0,"ADD_S":1}}
{"id_image":50,"data":{"GT_R":[-0.940543982447577,-0.3324329034751988,0.06975890316629266,-0.236459256414312,0.49335281009943904,-0.8370722343163379,0.24385505819824216,-0.803798195001489,-0.5426271298773031],"GT_T":[-110.18010327205252,-81.77232658810436,951.7702758680124],"R_pred":[-0.977000486668441,-0.17866941978297193,0.11639281543138993,-0.19701087689001248,0.5474783625234712,-0.8132983197791855,0.08158899090353908,-0.8175235048627251,-0.570086445690746],"T_pred":[-127.35687213252469,-108.51425803401146,1014.4487702952207],"rotation_error":9.892172389626081,"translation_error":70.27635412857772,"ADD":0,"ADD_S":0}}
{"id_image":51,"data":{"GT_R":[-0.9404461728105818,-0.33252046838311017,0.07065409837233132,-0.23640106169555178,0.49035870997096176,-0.8388456778970667,0.244288262109563,-0.8055914752150698,-0.5397638405786761],"GT_T":[-110.28678140809978,-79.49355624554609,952.3017446882332],"R_pred":[-0.9701134087246535,-0.22666066951420535,0.08663091312000308,-0.21392551864192447,0.6304008994661202,-0.746210813661991,0.11452443707094555,-0.7424416790884515,-0.6600488667257174],"T_pred":[-125.63840383315599,-112.58057522059373,1024.7232964364912],"rotation_error":11.211505178813775,"translation_error":81.088250032679,"ADD":0,"ADD_S":0}}
{"id_image":52,"data":{"GT_R":[-0.9399500814400971,-0.33360872830658445,0.07209862124442287,-0.23756216678693892,0.48779243561292746,-0.8400134339843707,0.24506708880851238,-0.8066986028844523,-0.5377539256857873],"GT_T":[-111.54052564907923,-76.90263170592856,952.3020788776105],"R_pred":[-0.9580988575986369,-0.2755520181036561,0.07821549966080404,-0.23820074848221545,0.6148189414928111,-0.7518364666629116,0.15908168496310063,-0.7389646503728453,-0.6546940224323415],"T_pred":[-125.02144253298763,-108.01924027116598,1024.190050002224],"rotation_error":9.364409137642966,"translation_error":79.48495984176084,"ADD":0,"ADD_S":0}}
{"id_image":53,"data":{"GT_R":[-0.9392900001835691,-0.3358319477085708,0.07036007906592494,-0.23649266135813427,0.48506076953759736,-0.8418950982270462,0.2486067941014621,-0.8074226238000218,-0.535035461599937],"GT_T":[-112.73743050664879,-73.63120053611853,952.601051517047],"R_pred":[-0.9582565809046608,-0.2656451082918542,0.10572133934792169,-0.258328850986639,0.6459958272858375,-0.7183004913524771,0.12251746773759342,-0.7156270450240796,-0.6876535483288599],"T_pred":[-125.28608024125252,-103.86389507813286,1010.7172369809334],"rotation_error":12.565424520621612,"translation_error":66.70064049396642,"ADD":0,"ADD_S":0}}
{"id_image":54,"data":{"GT_R":[-0.9405796699992823,-0.33316769092376136,0.06564301168727918,-0.23095032411483543,0.4859248015337429,-0.8429350494111155,0.2489421212691369,-0.8080070630877282,-0.5339969378084736],"GT_T":[-112.88555814901045,-73.28809722106408,952.5510578687329],"R_pred":[-0.9705855643768885,-0.22655498395415824,0.08146472530321222,-0.20077761610433403,0.5749415154167755,-0.7931775354368793,0.1328608711948608,-0.7862029592260464,-0.6035171048193664],"T_pred":[-129.87354515186922,-103.04299666609879,1033.026342051422],"rotation_error":8.370451157996285,"translation_error":87.46551953586057,"ADD":0,"ADD_S":0}}
{"id_image":55,"data":{"GT_R":[-0.9403846545812666,-0.33382447793995956,0.06509705089429149,-0.23094224457458618,0.4862203664134425,-0.8427666455498178,0.24968588478081308,-0.807557924033694,-0.5343283456771726],"GT_T":[-114.51768983429508,-73.78349272333301,952.0915515379892],"R_pred":[-0.9535950954119712,-0.29690875381886367,0.050015856605309716,-0.21953645612096323,0.5719543730947406,-0.7903619041500234,0.20605858011760125,-0.7646655393069128,-0.610595180587258],"T_pred":[-137.13874363826912,-105.66207666104566,1068.1959245038074],"rotation_error":5.950352729193189,"translation_error":122.50788387227128,"ADD":0,"ADD_S":0}}
{"id_image":56,"data":{"GT_R":[-0.9407758571548013,-0.33232844242606024,0.06707086588338797,-0.23150516436155108,0.485181848187637,-0.8432101862839667,0.24768147537278368,-0.8087988636991166,-0.5333834293800391],"GT_T":[-119.32691866620402,-72.56663926237471,951.3706584700903],"R_pred":[-0.9607132375140908,-0.2697200407351501,0.06543068768569774,-0.20582110248679195,0.5342119483264935,-0.8199117440531836,0.18619277385633368,-0.8011670823810977,-0.568738566542347],"T_pred":[-150.74937432569493,-107.9021764242393,1109.7431474782654],"rotation_error":4.6235253797479,"translation_error":165.28102184108954,"ADD":0,"ADD_S":0}}
{"id_image":57,"data":{"GT_R":[-0.9420887680855502,-0.3287464865793385,0.06629866697652088,-0.22875662054087306,0.48536584942520733,-0.8438544699943763,0.24523532320182975,-0.8101517659078348,-0.5324606744674615],"GT_T":[-123.32092133896381,-71.96966165537457,950.6231380179113],"R_pred":[-0.9592405501701586,-0.2661957465247525,0.09485458049762882,-0.24834943903072654,0.6339459619349411,-0.7324172809809353,0.13483368660084485,-0.7261214374183651,-0.6742162376264105],"T_pred":[-135.84607033530702,-102.02474351223763,999.7436726160148],"rotation_error":11.423727514291299,"translation_error":58.9322850567227,"ADD":0,"ADD_S":0}}
{"id_image":58,"data":{"GT_R":[-0.9421272921153264,-0.32847666377299356,0.06708499370186939,-0.22950583535505323,0.48603985000223543,-0.8432629324649231,0.24438715855308188,-0.8098569648197101,-0.5332978191706332],"GT_T":[-125.72591606738476,-73.19047053380939,949.8596884680322],"R_pred":[-0.9727160795329515,-0.20047803993050636,0.11675608816531549,-0.22182212728213083,0.6562672850217591,-0.7211852705499463,0.06795860847659244,-0.727407592836225,-0.6828322059028366],"T_pred":[-142.3868684259832,-105.52735268292615,1010.2373428697506],"rotation_error":14.304242460321097,"translation_error":70.48916534953932,"ADD":0,"ADD_S":0}}
{"id_image":59,"data":{"GT_R":[-0.9416898475945374,-0.3296150971871702,0.06762613467196728,-0.23035683580108796,0.48503166908371725,-0.8436113393648725,0.24526683192970308,-0.8099986689313513,-0.532679592237241],"GT_T":[-125.83951412265755,-72.60740778238177,949.5002006900876],"R_pred":[-0.9561008507485799,-0.28870756819274146,0.05019066911364302,-0.19493636366555048,0.4987418273697587,-0.8445450868679097,0.21879437222811265,-0.8172542625768963,-0.5331270889583452],"T_pred":[-140.67307893083574,-100.38251040709373,1040.3790187474715],"rotation_error":2.682064988579168,"translation_error":96.17926253740352,"ADD":0,"ADD_S":0}}
{"id_image":60,"data":{"GT_R":[-0.941040771445115,-0.331908369919141,0.06541298216260942,-0.22960703015251568,0.48464814980770843,-0.8440354954735813,0.2484407406842139,-0.8092909359982007,-0.5322823713853544],"GT_T":[-123.10511725689513,-73.66858880734827,949.675667675663],"R_pred":[-0.9096426496313145,-0.4142210763126118,0.031163278231649633,-0.2805370474155056,0.5572731764816405,-0.7815021252699528,0.30634819242018074,-0.7196301179859581,-0.6231238065492315],"T_pred":[-114.6975726771303,-94.01193584912646,930.0898468598805],"rotation_error":8.146028126268199,"translation_error":29.464265674727056,"ADD":0,"ADD_S":1}}
{"id_image":61,"data":{"GT_R":[-0.9388320037182032,-0.33803687386792186,0.06577301387825335,-0.2339253057549651,0.4858168665468022,-0.8421758711393245,0.2527334343790207,-0.8060477573440485,-0.5351756928943889],"GT_T":[-119.13854680740293,-77.32189088707244,949.3426024816769],"R_pred":[-0.9650922047437015,-0.25512524893323923,0.059229584665891614,-0.1960194357955255,0.5535998990060473,-0.8093846629451894,0.17370497152742967,-0.792740978616122,-0.5842844544307233],"T_pred":[-136.1734158746515,-111.6109385553882,1058.8644519186878],"rotation_error":6.220058896566842,"translation_error":116.02138190110314,"ADD":0,"ADD_S":0}}
{"id_image":62,"data":{"GT_R":[-0.9363243144355429,-0.34472649534888766,0.06678286487359095,-0.23838747686681205,0.4844251969081544,-0.8417268628043256,0.25781495210455585,-0.8040485443068703,-0.5357579982972355],"GT_T":[-113.6206263926776,-78.77666741183918,949.4838376037486],"R_pred":[-0.933332417350913,-0.35749546647231195,0.032978632076623104,-0.21452874344433287,0.4817001293859573,-0.8496719388009395,0.28786805477179433,-0.8001012290962288,-0.5262793994073939],"T_pred":[-121.50000209498583,-105.20506802954725,1025.1829301110708],"rotation_error":2.205793909506093,"translation_error":80.56610656535618,"ADD":0,"ADD_S":0}}
{"id_image":63,"data":{"GT_R":[-0.9343347215857133,-0.35076810172173706,0.06308076296292456,-0.23876536301236634,0.4846648900163587,-0.8414812983809844,0.26459203935766223,-0.8012870699169513,-0.5365916143931371],"GT_T":[-108.6055800661742,-81.88406509981607,949.614384057321],"R_pred":[-0.9693122678679402,-0.22950520350310105,0.08809704266154805,-0.21127948224236592,0.5945343790947515,-0.7758156046753737,0.1256769976730357,-0.7706206807758393,-0.6247792078938555],"T_pred":[-123.94085681027234,-117.4243541349513,1034.7785742867984],"rotation_error":10.07720716063346,"translation_error":93.54796713430842,"ADD":0,"ADD_S":0}}
