{"id_image":1,"data":{"GT_R":[0.8819152979576984,0.46043929122600685,0.10109820214042192,0.3461229797506158,-0.4868677682299378,-0.80197216234679,-0.32003854571966334,0.742264146537517,-0.588744626003687],"GT_T":[177.64366956945216,-77.42657206691028,1042.388943967626],"R_pred":[0.910416645048272,0.40572585406134276,0.08079643411217337,0.3352968116059579,-0.6092818774358854,-0.7185761211973868,-0.24231710741490686,0.6812944482192679,-0.6907389479967636],"T_pred":[126.60978933869505,-73.20848604226818,976.1342001616256],"rotation_error":8.738763254453866,"translation_error":83.73732893947165,"ADD":0,"ADD_S":0}}
{"id_image":2,"data":{"GT_R":[0.8808756842482455,0.462643996958103,0.10009137990845934,0.3469857117054308,-0.4872952510256182,-0.8013399154739297,-0.3219610788693728,0.7406112684663637,-0.5897771355879567],"GT_T":[177.513817907187,-77.37977248661592,1042.2398910071522],"R_pred":[0.9092160449677598,0.4051390001381048,0.09585705055071346,0.3391632231064192,-0.587273166723006,-0.7349003576942916,-0.24144252248775605,0.7006943828904504,-0.6713664350565348],"T_pred":[127.76848397382844,-73.06086850635705,985.1030259359811],"rotation_error":7.401644993498133,"translation_error":75.8806466096149,"ADD":0,"ADD_S":0}}
{"id_image":3,"data":{"GT_R":[0.8803040001977837,0.4638199269907508,0.09967932192870291,0.34694955065347494,-0.4861180227781478,-0.8020696251711485,-0.32356035706032654,0.7406488916138861,-0.5888536321641045],"GT_T":[177.19240063628743,-76.9277895719318,1042.4621954328588],"R_pred":[0.9115044758000284,0.40346826152517545,0.07983077438161539,0.3358592815118181,-0.618143721265037,-0.7107016834671054,-0.2373986807437672,0.6746196719652229,-0.6989493290494341],"T_pred":[127.56088011496765,-71.93675014776085,976.4635483458673],"rotation_error":9.496326690103258,"translation_error":82.7285907114649,"ADD":0,"ADD_S":0}}
{"id_image":4,"data":{"GT_R":[0.8804954302419796,0.46243976310326024,0.10428763450716742,0.3507019136205508,-0.4874104359620056,-0.799650317056811,-0.3189598475656219,0.7406620493133753,-0.5913415475948866],"GT_T":[178.63355468329675,-77.04492963133312,1042.7218712891126],"R_pred":[0.9125309895413694,0.3957358458182677,0.10334569880333111,0.3350613248124873,-0.5783849312217961,-0.7437773725722362,-0.2345657727409296,0.7133470485465391,-0.6603899503993017],"T_pred":[129.74878183354403,-73.19397367080086,981.6918394792901],"rotation_error":6.992895275332715,"translation_error":78.28930745056968,"ADD":0,"ADD_S":0}}
{"id_image":5,"data":{"GT_R":[0.8801332609387889,0.4632692082311137,0.10366111133766218,0.35054716016422055,-0.48697660850788904,-0.7999817838025325,-0.3201270416220928,0.7404287917999719,-0.5910021037317142],"GT_T":[178.3377369587048,-77.02336435826902,1042.572028782522],"R_pred":[0.9144549492923532,0.3959503344011584,0.08363897657390923,0.33581380050400195,-0.627105842352159,-0.7028281111899607,-0.2258345347943455,0.6707917673730054,-0.7064256278751654],"T_pred":[123.0387450423628,-70.25636327201164,953.3228067080855],"rotation_error":10.139129436782232,"translation_error":105.21023929046615,"ADD":0,"ADD_S":0}}
{"id_image":6,"data":{"GT_R":[0.8815882989938367,0.46131275977704567,0.09995744775278474,0.34573266467285396,-0.48690599003385365,-0.802117703871506,-0.32135785674230083,0.7416959708730145,-0.5887414075368507],"GT_T":[175.5584891419982,-76.19092168849761,1043.0369924155057],"R_pred":[0.892618980447501,0.44113043106695243,0.09292630699403397,0.36159934198399707,-0.5775024701980436,-0.7319404434733049,-0.26921603150927886,0.6869460238634785,-0.6750021397570177],"T_pred":[121.12775058837329,-68.28463557093843,954.3227145252324],"rotation_error":6.675666384748969,"translation_error":104.38121364143264,"ADD":0,"ADD_S":0}}
{"id_image":7,"data":{"GT_R":[0.881833436084227,0.4594046671314483,0.10638079342261735,0.34939890411230334,-0.4850415255983529,-0.8016580728093156,-0.31668667518961413,0.7440985552265058,-0.5882408003267828],"GT_T":[173.46225148905415,-73.85952188680622,1043.9852678290297],"R_pred":[0.8944268894863512,0.43937661971927927,0.08335901515631662,0.36400619874212164,-0.6069662640244307,-0.7064640412742437,-0.25980767240611313,0.6622236332088164,-0.7028227607147003],"T_pred":[118.31970044358224,-66.19296164601963,940.0170369413242],"rotation_error":8.912696526959166,"translation_error":117.93587289560081,"ADD":0,"ADD_S":0}}
{"id_image":8,"data":{"GT_R":[0.8818868231996204,0.4592310540252785,0.10667983645950131,0.34883525247038877,-0.4833703021419065,-0.8029120958400829,-0.31715684538517547,0.7452916698753894,-0.5864742160588556],"GT_T":[172.40801114564775,-72.81340626062772,1044.1081215882261],"R_pred":[0.87229422298662,0.48161362268330205,0.08456421814239659,0.3626943512029917,-0.5212723809587617,-0.7724816583291959,-0.32795669858932563,0.7045022521578265,-0.6293814269224511],"T_pred":[130.37043140148694,-70.39009759778084,1020.3957816634354],"rotation_error":3.4523769794526467,"translation_error":48.32499974475875,"ADD":0,"ADD_S":1}}
{"id_image":9,"data":{"GT_R":[0.8807179980466415,0.4614666805116428,0.10669452523256552,0.350566094080291,-0.48363337956059105,-0.8019994620075416,-0.31849535981600163,0.7437388968707372,-0.587719345896343],"GT_T":[173.5002523590905,-73.18454680589325,1043.6991428632903],"R_pred":[0.8712898886061984,0.47976212760157283,0.10335487860672214,0.39577893557759064,-0.5623626864729504,-0.726021516909792,-0.2901947004438012,0.6734808904357555,-0.6798606666458902],"T_pred":[123.67305150536069,-69.48524024310082,964.9841877022583],"rotation_error":6.8647582106606,"translation_error":93.23346491451836,"ADD":0,"ADD_S":0}}
{"id_image":10,"data":{"GT_R":[0.8811060494330396,0.46101099394564793,0.10545142770484389,0.34979659403730207,-0.48524506857766775,-0.8013615496112543,-0.3182676070174962,0.742970640774387,-0.5888125896830863],"GT_T":[174.639925965276,-74.04626616594761,1043.3466990418958],"R_pred":[0.9164850825950438,0.39049841098285926,0.08698324206775138,0.332462305260057,-0.6224504898333023,-0.7085366633332748,-0.2225396795223804,0.6782819315934516,-0.7002925905019504],"T_pred":[123.81563142315089,-69.12791239220289,966.9297704365697],"rotation_error":9.943305137303069,"translation_error":91.90672498255994,"ADD":0,"ADD_S":0}}
{"id_image":11,"data":{"GT_R":[0.8808169541786237,0.4611730774002107,0.10714358389778388,0.35111939002026,-0.48446676198124117,-0.8012537129545471,-0.3176098909213514,0.7433783829752751,-0.5886541472517942],"GT_T":[174.49124311727874,-73.70320454580556,1043.2124429912678],"R_pred":[0.908305769317157,0.3981920984005438,0.12815491483567884,0.3443007527367661,-0.5376681042686458,-0.7696557680658653,-0.23756603521981992,0.7432066081672932,-0.625464880298169],"T_pred":[129.15730268643574,-70.48130382527154,1016.0233585115498],"rotation_error":5.253192246325153,"translation_error":52.960297526405995,"ADD":0,"ADD_S":0}}
{"id_image":12,"data":{"GT_R":[0.8825261292239964,0.45794958575438643,0.10690246348084029,0.3491779012181869,-0.48586720468164224,-0.8012542128945627,-0.31499475991324166,0.7444562984225722,-0.5886965917012763],"GT_T":[172.05832950145188,-73.87736847678728,1043.5264192095867],"R_pred":[0.8993007650880953,0.4224999719710363,0.11292434456944954,0.3570692357365436,-0.5602685260918324,-0.7473959724011137,-0.2525068212989242,0.712455579215546,-0.6547116562595734],"T_pred":[121.62019653731173,-68.93754524979589,971.6709591163138],"rotation_error":5.639478922779463,"translation_error":87.92959829112229,"ADD":0,"ADD_S":0}}
{"id_image":13,"data":{"GT_R":[0.8820207713731036,0.4587589426680805,0.1076076065260565,0.34933522888061436,-0.4833555448628749,-0.8027038492585933,-0.31623523537192716,0.7455924714170326,-0.5865899572447657],"GT_T":[170.27587059311264,-74.14762701502423,1043.4668472762671],"R_pred":[0.9069868699801171,0.410011916435181,0.09625510929203009,0.34369984916022545,-0.5884978751402795,-0.7318064393284704,-0.24340343335891712,0.6968216983823956,-0.6746808795960985],"T_pred":[124.34162460099341,-71.58305504739313,1002.1091512964998],"rotation_error":7.550583826466533,"translation_error":61.8626785792253,"ADD":0,"ADD_S":0}}
{"id_image":14,"data":{"GT_R":[0.8825368081067019,0.45856474705716277,0.10414166230511183,0.3471173287644563,-0.48588005795235295,-0.8021410947380387,-0.31723420677586056,0.7440688704095269,-0.5879836284747414],"GT_T":[170.0506253524395,-75.16143911652291,1043.0129564649637],"R_pred":[0.9105973885831279,0.401023131228245,0.0999642142242976,0.3411404409882714,-0.5927636384843012,-0.729557721097639,-0.23331437038449906,0.698435191775691,-0.6765742290845391],"T_pred":[125.27519106096442,-72.692459501735,1001.8134222514177],"rotation_error":7.88496432110926,"translation_error":60.896116425775396,"ADD":0,"ADD_S":0}}
{"id_image":15,"data":{"GT_R":[0.8827511230902387,0.45805310142739497,0.10458322689767634,0.3472179885411877,-0.4860379874459841,-0.8020018043498066,-0.3165278166308505,0.7442815643300686,-0.5880951987647028],"GT_T":[170.97392452814816,-75.92082105992165,1042.6453677290629],"R_pred":[0.848960443666177,0.5222769535690474,0.08057883630807283,0.4138161856193238,-0.5621853158746452,-0.7160334036442704,-0.32866750616634033,0.6412288627202931,-0.6933997519503725],"T_pred":[116.16835023132485,-71.1118181904278,923.4726713524008],"rotation_error":8.633268074850116,"translation_error":131.2589389119366,"ADD":0,"ADD_S":0}}
{"id_image":16,"data":{"GT_R":[0.8827868423987918,0.45841820487780777,0.10266448073002377,0.3464778040217244,-0.4877720951032269,-0.8012693950585039,-0.3172399418487439,0.7429213416498726,-0.5894301163507848],"GT_T":[172.08210234061517,-77.63373869345058,1042.2360834757314],"R_pred":[0.9025436990430066,0.42359545306787705,0.07734186096795646,0.34578383220397757,-0.6059446115441374,-0.7164249221844227,-0.25660945560149995,0.6733483644302142,-0.6933639501842142],"T_pred":[124.41745046007554,-73.87454153484832,987.5730119999333],"rotation_error":8.38173097781418,"translation_error":72.62301278065023,"ADD":0,"ADD_S":0}}
{"id_image":17,"data":{"GT_R":[0.8822709019935495,0.45964876353403533,0.10158785686218981,0.34575501852134427,-0.48630043596950545,-0.8024749518667508,-0.3194547943201265,0.7431251081395107,-0.5879745716504221],"GT_T":[173.0811018006213,-78.07259942205744,1042.3049838912013],"R_pred":[0.9183298762259638,0.38320790523948367,0.0991057001023294,0.33553375622516546,-0.6208511706438263,-0.70849200584313,-0.20996984751205866,0.6838826838516657,-0.698725366552271],"T_pred":[120.41682467046533,-71.68609654126541,957.4069920619365],"rotation_error":10.09720239590785,"translation_error":100.10985226904567,"ADD":0,"ADD_S":0}}
{"id_image":18,"data":{"GT_R":[0.881609005226031,0.4608857417380846,0.10172749398290577,0.34676391391405975,-0.486279930864972,-0.8020522484946004,-0.32018682123523023,0.7423719191608991,-0.5885281530549902],"GT_T":[174.01501165743957,-77.34369972739934,1042.6352054925565],"R_pred":[0.8775858781854485,0.4739085730463439,0.07248234821426053,0.36663251740791875,-0.5659971088236694,-0.738395469909167,-0.308907143958516,0.6745798227018249,-0.6704613629546203],"T_pred":[127.29121749967058,-72.10878354720788,985.8367330123276],"rotation_error":6.184317376658542,"translation_error":73.73319309509463,"ADD":0,"ADD_S":0}}
{"id_image":19,"data":{"GT_R":[0.8816525340938964,0.4613063964271358,0.09942107835876654,0.3459621182311328,-0.4885721801156103,-0.8010047854289646,-0.32093482571579496,0.7406044286158531,-0.5903454848144842],"GT_T":[175.30351699270835,-76.473735334397,1042.7347134823262],"R_pred":[0.8937893706073945,0.4418060243618069,0.07712326384983702,0.36101889032919293,-0.6067282829969767,-0.7081992314575177,-0.2660938214515986,0.6608239004826891,-0.701787610845425],"T_pred":[124.881486816433,-72.18305202200594,970.9413744813229],"rotation_error":8.661100202343576,"translation_error":87.83549746712569,"ADD":0,"ADD_S":0}}
{"id_image":20,"data":{"GT_R":[0.881179091786273,0.46229841067356525,0.09901158598711134,0.345660685918281,-0.4870836184447409,-0.802039824342764,-0.3225557902592483,0.7409651446050939,-0.5890071130118535],"GT_T":[175.51509407499682,-75.33197313530883,1043.5614990191702],"R_pred":[0.9120140732226656,0.39844329439194276,0.09733073203206632,0.3277561024407905,-0.5653037083451529,-0.756972690817866,-0.24658926894052857,0.7222704884496625,-0.6461571588693124],"T_pred":[129.27369903834563,-71.24637865601026,1006.1627866565361],"rotation_error":6.132144904427326,"translation_error":59.61226705610135,"ADD":0,"ADD_S":0}}
{"id_image":21,"data":{"GT_R":[0.8818263902828724,0.4614028776422364,0.09740607513641683,0.3436580050149851,-0.4873257003715263,-0.8027535112019509,-0.32292478991004775,0.7413643383809436,-0.5883012895249623],"GT_T":[175.0837294508301,-74.26252649667423,1044.1027704097094],"R_pred":[0.9231008732445171,0.3688014618108029,0.10895072088528945,0.3254601512451443,-0.5983186507584535,-0.732182000670647,-0.20484254383964573,0.7113369622905859,-0.6723386485339842],"T_pred":[126.66397217995319,-69.31416551652752,988.165768434773],"rotation_error":9.064316902417131,"translation_error":74.14787495609374,"ADD":0,"ADD_S":0}}
{"id_image":22,"data":{"GT_R":[0.8824056396376669,0.46072021499724114,0.09537341215540183,0.34082382484013046,-0.48620387572889845,-0.8046400880362574,-0.324343550159935,0.7425246356546011,-0.5860533454205913],"GT_T":[175.22418136049987,-73.62453100836892,1044.5984143680516],"R_pred":[0.9238394553176369,0.36281399973979594,0.1220109109515326,0.3260443382071387,-0.5788688976425824,-0.7473994172228998,-0.20053865044295194,0.7302580372271658,-0.6530753775358912],"T_pred":[123.82066464540632,-67.43494393864529,965.2287107499413],"rotation_error":8.512340476755224,"translation_error":94.76382416934884,"ADD":0,"ADD_S":0}}
{"id_image":23,"data":{"GT_R":[0.8823116888588649,0.46156049462274085,0.09212169146496615,0.3389668702498442,-0.4873497193177059,-0.804731525682789,-0.3265373812866418,0.7412503076989098,-0.5864483823603927],"GT_T":[175.74915265742803,-73.883978762371,1044.7881078661162],"R_pred":[0.9168004998473112,0.394883421705792,0.05953088897073615,0.3245447951529253,-0.6498882053209434,-0.6872524983758656,-0.23269619554016396,0.649393874198586,-0.7239751906899053],"T_pred":[119.9403750200551,-66.68816168114991,932.2897028834111],"rotation_error":11.712303370588812,"translation_error":125.78668676969299,"ADD":0,"ADD_S":0}}
{"id_image":24,"data":{"GT_R":[0.8807008891978813,0.4645861334599699,0.09233262434570609,0.34058524438844867,-0.48563396752612836,-0.8050847766515417,-0.32919143901196934,0.7404860548060539,-0.5859301967931593],"GT_T":[176.98186620039291,-73.43254964597607,1044.6448902419647],"R_pred":[0.9043850039020477,0.42169786020551775,0.06525855817577136,0.345275983057108,-0.6333058199304832,-0.6926097270224595,-0.25074341514991094,0.6489180635028323,-0.7183544296645586],"T_pred":[124.64826230183952,-67.808991491631,958.0309945647156],"rotation_error":10.710681141844228,"translation_error":101.35283630819309,"ADD":0,"ADD_S":0}}
{"id_image":25,"data":{"GT_R":[0.8814992480304779,0.46364381908144425,0.08939984985114835,0.3380762798242166,-0.48754945313494374,-0.8049843638383641,-0.32964041927684085,0.7398178126528885,-0.5865218620374306],"GT_T":[176.8423519928296,-73.68735977819726,1044.4561960846413],"R_pred":[0.8874442112012153,0.4550972329906203,0.07300192141123785,0.3628132175112767,-0.5920576346495144,-0.7196070639260963,-0.28426983871766376,0.6650971852124341,-0.6905334119490022],"T_pred":[128.61049349367943,-68.68569223012365,975.562485481859],"rotation_error":7.8685211066916665,"translation_error":84.24768372580591,"ADD":0,"ADD_S":0}}
{"id_image":26,"data":{"GT_R":[0.8809781165968189,0.46532916242542893,0.08571131983509302,0.336302931274276,-0.4883835711298254,-0.8052216058621716,-0.33283362616934536,0.7382073805229651,-0.5867463731848661],"GT_T":[178.86263682469547,-74.18015171360118,1044.1968135425354],"R_pred":[0.9326436925378079,0.35099716033204653,0.0835268592027911,0.3052939135625825,-0.6443526300048507,-0.7011457156308342,-0.19227940376204009,0.6794193709666158,-0.7081087128712954],"T_pred":[126.4372551913015,-67.62319431643283,968.616400443423],"rotation_error":12.164006192055002,"translation_error":92.21612209341579,"ADD":0,"ADD_S":0}}
{"id_image":27,"data":{"GT_R":[0.8806984323017215,0.46557210742807853,0.08724166311935695,0.337654848941808,-0.48788659537247114,-0.8049574433444667,-0.33220216674508884,0.7383829681170216,-0.5868838369386505],"GT_T":[179.7196278831648,-73.83184220600168,1044.6101610215305],"R_pred":[0.883013772245339,0.4581910296870192,0.10172344046190085,0.3727857873982149,-0.5529946439884601,-0.7451360147207818,-0.28516212009828673,0.695886416043901,-0.6591089904003926],"T_pred":[127.68526281458752,-68.47153984711068,972.6477789980918],"rotation_error":5.521215905262874,"translation_error":88.96568111331497,"ADD":0,"ADD_S":0}}
{"id_image":28,"data":{"GT_R":[0.8811318328015273,0.46476674890273917,0.08716601296866151,0.33638183199065264,-0.4865102684232124,-0.8063220313596279,-0.3323452156208309,0.7397973410625442,-0.5850191139266624],"GT_T":[177.728724472991,-72.64383582237195,1045.0943719860193],"R_pred":[0.9252023249195936,0.37173704990973055,0.0762379412614803,0.30828311406340303,-0.6191565396209096,-0.7222234425910252,-0.22127399202515707,0.6917056781385214,-0.6874453253053505],"T_pred":[125.08722919377185,-65.09808040862,965.7078808539998],"rotation_error":10.04483237395831,"translation_error":95.55250087910011,"ADD":0,"ADD_S":0}}
{"id_image":29,"data":{"GT_R":[0.8814097659068262,0.4635985471070807,0.09051227825763249,0.33919057626928534,-0.4878423130476954,-0.8043382911787704,-0.32873491295862356,0.7396524746869556,-0.5872378887261663],"GT_T":[176.0889558979598,-71.1269475759013,1045.6697625325185],"R_pred":[0.8956731221617549,0.4367426870411857,0.08381815765727903,0.3485919136344098,-0.572464837055571,-0.7421372434284907,-0.2761400658827251,0.6939307138691757,-0.6649863369749042],"T_pred":[126.42395914496085,-63.35460833580274,963.1063533116924],"rotation_error":6.145744976632838,"translation_error":96.66301103268077,"ADD":0,"ADD_S":0}}
{"id_image":30,"data":{"GT_R":[0.8805884120970165,0.4655980683821899,0.08821002267423435,0.3370380978737413,-0.4845011792408957,-0.8072568949436442,-0.3331204412870567,0.7405922741214199,-0.5835708749928902],"GT_T":[177.00103188133423,-69.71656295926564,1045.6898122145078],"R_pred":[0.932029502535986,0.3507507193845528,0.09107655710302706,0.2948174086060996,-0.5877730087943236,-0.7533960351074672,-0.21072185929633971,0.729038286363677,-0.6512292031463324],"T_pred":[132.89063375317951,-64.35748785334343,1009.6486798687604],"rotation_error":9.14889845470825,"translation_error":57.21372326443116,"ADD":0,"ADD_S":0}}
{"id_image":31,"data":{"GT_R":[0.879139675956832,0.46802909052146935,0.08979094091813371,0.33943292753102133,-0.4827002066259513,-0.8073332003456157,-0.33451376784843984,0.7402359970133481,-0.5832249262375785],"GT_T":[178.66735530490894,-68.10143122236339,1045.8016960810248],"R_pred":[0.9144701221481558,0.40053645745029526,0.057575532576828,0.3196691360696397,-0.6278272859406094,-0.7096791827811623,-0.24810489544309222,0.6673855297214767,-0.702168438179584],"T_pred":[127.15788987807917,-61.36516261364198,966.8137808835157],"rotation_error":10.323213350993854,"translation_error":94.53937322922924,"ADD":0,"ADD_S":0}}
{"id_image":32,"data":{"GT_R":[0.8786606840768302,0.4691911514987517,0.08839783585657657,0.33827382843982445,-0.48111619096895425,-0.8087635495577988,-0.33693550545809686,0.7405320325997622,-0.5814531703381212],"GT_T":[179.146944700901,-67.67075837502266,1045.8932101461833],"R_pred":[0.9019189175828897,0.4269764108714265,0.06506466526052276,0.34141925702317005,-0.6125607509695308,-0.7128830319943035,-0.26452817815850105,0.6651770222512196,-0.6982580984343434],"T_pred":[127.50777437728827,-61.47311459634974,961.4689237281884],"rotation_error":9.417591015959989,"translation_error":99.15883640556719,"ADD":0,"ADD_S":0}}
{"id_image":33,"data":{"GT_R":[0.8791902169838836,0.4682685268066619,0.08802062869510095,0.3380413470245815,-0.48283636128516894,-0.807835468882021,-0.3357850224915246,0.7399962339864133,-0.5827987760027684],"GT_T":[179.25520302587086,-67.27399232756787,1046.0443985256825],"R_pred":[0.8684020791567455,0.48405194444247446,0.10757111135291493,0.3730813730185092,-0.4949176798179975,-0.7847718007868237,-0.3266314712682561,0.7216302413875334,-0.610378306210259],"T_pred":[134.22076158407327,-64.01531801178453,1001.2826689573268],"rotation_error":2.509203556176967,"translation_error":63.579338689716245,"ADD":0,"ADD_S":0}}
{"id_image":34,"data":{"GT_R":[0.8795215981918907,0.4676948675795829,0.08776444149300447,0.33867647729909767,-0.48567446389574925,-0.8058652224685575,-0.33427446794799814,0.7384998125234993,-0.5855592012985165],"GT_T":[179.69304747165106,-68.22319338599785,1045.786403635974],"R_pred":[0.9019409129648098,0.427571709128159,0.06070439089086571,0.33725834209477157,-0.6095755824597812,-0.7174081264916816,-0.26973950435131305,0.6675328028060072,-0.6940032831120213],"T_pred":[132.18128126545108,-64.09501650847793,986.6188869940836],"rotation_error":8.790362322020199,"translation_error":75.99476822737915,"ADD":0,"ADD_S":0}}
{"id_image":35,"data":{"GT_R":[0.8786388506205751,0.46954187639390793,0.08673236509032693,0.3385104837864111,-0.48443639983538317,-0.8066800588774776,-0.33675443916495157,0.7381407486538578,-0.5845894585477769],"GT_T":[180.9558040279245,-68.7365554893497,1045.6247732690374],"R_pred":[0.8737493787324492,0.47820762414471124,0.0887664991679238,0.37631451799182175,-0.549050381364847,-0.7462781400199919,-0.3081386160695237,0.6854641835522747,-0.6596889011903809],"T_pred":[132.33153768950368,-65.27552875471704,981.3544618965059],"rotation_error":5.526076732245336,"translation_error":80.66579762780309,"ADD":0,"ADD_S":0}}
{"id_image":36,"data":{"GT_R":[0.8785771946658484,0.4697298930071405,0.08634558775532084,0.3385255376587179,-0.48494771371971185,-0.8063665231357267,-0.3369018710320081,0.7376858716536137,-0.5850791109470707],"GT_T":[180.95602790770457,-69.07191852698128,1045.5389225013514],"R_pred":[0.936054398106167,0.34101686655246166,0.08665829742639876,0.30066042050995767,-0.6472846038906812,-0.700446966661188,-0.18277164803348755,0.6817111839282267,-0.7084238747969315],"T_pred":[124.86479349435417,-62.89578000593115,947.0235123672351],"rotation_error":12.901504998362633,"translation_error":113.53262658345298,"ADD":0,"ADD_S":0}}
{"id_image":37,"data":{"GT_R":[0.8784710121787493,0.46966682847759267,0.08775764099022498,0.33984795778787663,-0.4851092088721314,-0.805712592301035,-0.3358447583739231,0.7376194434157579,-0.5857696050143677],"GT_T":[178.84847496841658,-69.01465898278967,1046.1436656445123],"R_pred":[0.9136570229643592,0.39651931207034335,0.0894610504251143,0.3361223773227863,-0.6132121497452139,-0.7148374688471022,-0.2285882583397092,0.6831861346369048,-0.693544601009267],"T_pred":[126.07724816968435,-63.207972431600844,963.6051845825198],"rotation_error":9.71445254589839,"translation_error":98.13827409613387,"ADD":0,"ADD_S":0}}
{"id_image":38,"data":{"GT_R":[0.8776031145944105,0.4715612366051811,0.08627181656891926,0.3394097227309717,-0.48411416667279406,-0.8064953635124743,-0.33854689977664304,0.7370647932257489,-0.5849129400272262],"GT_T":[177.01233226651897,-69.04031139446309,1046.0512970469983],"R_pred":[0.8857086453896141,0.4572647014778074,0.08018221912934372,0.36653117258571655,-0.5827826144740317,-0.725271896456599,-0.2849124339249414,0.6717688717477341,-0.6837773672371309],"T_pred":[127.14538855648607,-64.67191961223621,970.7835454679107],"rotation_error":7.507384519598158,"translation_error":90.39374618586105,"ADD":0,"ADD_S":0}}
{"id_image":39,"data":{"GT_R":[0.8785001929048329,0.4701960528255469,0.08457210465137666,0.3375819383877078,-0.4857021063749034,-0.8063077843562743,-0.33804604718381703,0.7368922993314564,-0.5854198416769163],"GT_T":[178.02847143229036,-68.8197583659564,1046.12303156271],"R_pred":[0.88445419101565,0.46404510798209986,0.049019605799443394,0.34539742587116773,-0.5804159365642118,-0.7374401391190067,-0.3137537285777219,0.6691632673273168,-0.6736312934116163],"T_pred":[132.1115686865484,-64.91555924726251,990.2390342970177],"rotation_error":6.79164220778173,"translation_error":72.43359634114702,"ADD":0,"ADD_S":0}}
{"id_image":40,"data":{"GT_R":[0.8780274499278624,0.4719901960287147,0.07931936877448734,0.3345004545036922,-0.48663527773451704,-0.807029556591032,-0.3423112467681959,0.7351261661998407,-0.585160086437752],"GT_T":[180.66751732362707,-69.81563973297315,1045.3655613467126],"R_pred":[0.9267655010924242,0.37067647383393354,0.0608658995739817,0.30803579732758424,-0.6571965106558106,-0.687900206386498,-0.21498756603503438,0.6562710553786967,-0.7232486766821379],"T_pred":[126.24955764799635,-62.97399388216499,945.5758609424323],"rotation_error":12.739055449796728,"translation_error":113.86881381652518,"ADD":0,"ADD_S":0}}
{"id_image":41,"data":{"GT_R":[0.8777044849372573,0.47221143223168477,0.08155114928801135,0.3357479080673917,-0.48455705290650186,-0.8077614595781725,-0.34191824411687255,0.7363565534191205,-0.5838421075913242],"GT_T":[181.6792457607267,-69.6122023840057,1045.384157299943],"R_pred":[0.900297027672257,0.4286066735533635,0.07590508118709721,0.34162588370387875,-0.5877069341795815,-0.73341142280495,-0.26973508772134797,0.6862192644503342,-0.6755339395982997],"T_pred":[131.11927967644334,-63.220319952030835,972.1574807373171],"rotation_error":7.560794556040149,"translation_error":89.21497907792998,"ADD":0,"ADD_S":0}}
{"id_image":42,"data":{"GT_R":[0.8758738280773448,0.47529806471284275,0.08328333510552331,0.3388823713009373,-0.48301706375825265,-0.8073741447198729,-0.34351697457370906,0.7353814215925198,-0.5841326425532987],"GT_T":[181.51333881641534,-68.01003082997046,1045.2431086132553],"R_pred":[0.9266396407321503,0.36557394443266067,0.08771925316449936,0.30727711135288704,-0.602034312534758,-0.7369772475249333,-0.2166096790598634,0.7098664505966931,-0.6702013647067839],"T_pred":[128.28017862371874,-58.989071283119856,964.3636343294634],"rotation_error":9.846350794561424,"translation_error":97.24523852441199,"ADD":0,"ADD_S":0}}
{"id_image":43,"data":{"GT_R":[0.875872512652619,0.47523569663877335,0.08365184602703121,0.33917830095001833,-0.4830227665399713,-0.8072476003485575,-0.34322691284735696,0.7354187733309834,-0.5842556962225086],"GT_T":[180.19851553177855,-66.33025629469674,1045.095628276476],"R_pred":[0.9242896577239675,0.37180852239997175,0.08629629942970081,0.305533701365878,-0.5851996959464607,-0.7511261366733528,-0.22877453082495292,0.7206245475522739,-0.6544940607147655],"T_pred":[134.73166408906698,-63.03576165710043,1023.0185229032153],"rotation_error":8.69964254912449,"translation_error":50.65063530394076,"ADD":0,"ADD_S":0}}
{"id_image":44,"data":{"GT_R":[0.8754058518449364,0.4757129991963795,0.08579551171542601,0.33968856253387597,-0.4791266031633907,-0.8093518979733246,-0.3439126690224041,0.737655029012654,-0.5810243370994036],"GT_T":[177.12081610390203,-64.18723879953438,1045.7082158375529],"R_pred":[0.9053440982378173,0.4092597238251925,0.113395512435375,0.3471570551977188,-0.5594128495378661,-0.7526880115946932,-0.24460998101549775,0.7208077012813141,-0.6485385223416924],"T_pred":[128.892862652396,-61.40125917022677,1016.5000578608427],"rotation_error":7.078752752436474,"translation_error":56.45187037652523,"ADD":0,"ADD_S":0}}
{"id_image":45,"data":{"GT_R":[0.8769957276801194,0.4723505113811917,0.08810143864070079,0.34007839121289707,-0.4806537265235888,-0.8082813333537733,-0.3394464473261732,0.7388220033494036,-0.5821673635587035],"GT_T":[172.10489789927547,-63.77136124620111,1046.535037431735],"R_pred":[0.8645378151615065,0.4955772731578497,0.0835316256587804,0.37992734141554274,-0.5356744151240839,-0.7541274005275158,-0.3289826460479127,0.6837076036661438,-0.6513941443461194],"T_pred":[125.37791213641866,-61.213214948195166,996.1874158415111],"rotation_error":5.158963538933279,"translation_error":68.73745929809016,"ADD":0,"ADD_S":0}}
{"id_image":46,"data":{"GT_R":[0.8775426523756084,0.4720486386504392,0.08418679450872542,0.3364723635793367,-0.4811345408672369,-0.8095040202757917,-0.34162100918188376,0.738701380221664,-0.5810477987044308],"GT_T":[170.4514348152543,-63.514612667817104,1046.3186065282362],"R_pred":[0.9293734982382565,0.3625009299682425,0.06969918611106214,0.307405366353623,-0.6554887305562678,-0.6898090060666991,-0.20436937517490233,0.6625161129254834,-0.7206285857532493],"T_pred":[113.88861038416303,-54.352508801723,929.4284246075788],"rotation_error":13.131346396994102,"translation_error":130.1791530327338,"ADD":0,"ADD_S":0}}
{"id_image":47,"data":{"GT_R":[0.8774040698198701,0.47214158587584965,0.08510776680716023,0.33659865915408976,-0.47942400419211506,-0.8104658917836933,-0.34185200680007277,0.739753100371369,-0.5795709478891118],"GT_T":[169.9030836637615,-62.189420420267595,1046.4012899918262],"R_pred":[0.8755644692306086,0.47771959114821244,0.07190863963466242,0.38285805047171834,-0.5953774462236852,-0.7063606796227817,-0.2946295528454641,0.645995115121893,-0.7041901290338669],"T_pred":[114.36913665974124,-56.082343693285466,936.9190556192987],"rotation_error":9.353493225396726,"translation_error":122.91328365638768,"ADD":0,"ADD_S":0}}
{"id_image":48,"data":{"GT_R":[0.8765917349453225,0.47295988774870934,0.08885946808615704,0.33990648758104736,-0.47779761157238804,-0.8100453942003562,-0.34066278225612867,0.7402831144713373,-0.5795958124872894],"GT_T":[168.50465707280725,-59.93150397861085,1046.7963637902892],"R_pred":[0.8741234251515837,0.47699863685638666,0.0915452786243637,0.36215676398344043,-0.5144987531988037,-0.7772602596671973,-0.323652152630422,0.7125751422790619,-0.622483695130779],"T_pred":[122.4486025960269,-54.728605578128686,1003.173020056794],"rotation_error":3.0966875493546686,"translation_error":63.649245276158396,"ADD":0,"ADD_S":0}}
{"id_image":49,"data":{"GT_R":[0.8759706809010535,0.473915829704959,0.08988244271047352,0.3406922121520991,-0.4759488421244172,-0.8108034795883791,-0.3414737533056247,0.7408621971476003,-0.578376722655717],"GT_T":[166.74976308986402,-58.32787415870592,1047.1893938891717],"R_pred":[0.8282379798949658,0.548211646967582,0.11612854424558025,0.40382566876802467,-0.4402204223740438,-0.8019543683831869,-0.3885185682867216,0.7111047530806625,-0.5859892082986906],"T_pred":[118.725644759975,-52.43928854945612,988.8613420337595],"rotation_error":5.281676315800615,"translation_error":75.78359331074441,"ADD":0,"ADD_S":0}}
{"id_image":50,"data":{"GT_R":[0.8757629715232709,0.47342371723712956,0.09438745565426644,0.3436022602463239,-0.4739755765649044,-0.8107319369152118,-0.3390822485149513,0.7424403445190941,-0.5777590456898469],"GT_T":[164.02920681357924,-55.43482176332252,1048.0676552030284],"R_pred":[0.9055338204550523,0.41138509732346945,0.10378247304933459,0.34185521649764444,-0.5625852385672606,-0.7527501978077235,-0.2512837260258311,0.7171193422620658,-0.6500741019208479],"T_pred":[116.08536748957378,-50.20783138792747,1003.3378306707048],"rotation_error":6.976736431238918,"translation_error":65.77758250500685,"ADD":0,"ADD_S":0}}
{"id_image":51,"data":{"GT_R":[0.8759310313952023,0.4734689445807205,0.09257772055683895,0.3414220444833394,-0.47280353952895326,-0.812334694100541,-0.3408451874555341,0.7431581032178484,-0.5757963684619166],"GT_T":[160.844443844704,-54.63335937223347,1048.2226755822344],"R_pred":[0.9057831889110702,0.41496975610615583,0.08577246762971419,0.3363749944289528,-0.5810455628568617,-0.741105874357554,-0.25769881219946433,0.7001329555174147,-0.6658867522255079],"T_pred":[113.2585746925287,-49.7109163838731,983.8422995090075],"rotation_error":7.909812751646973,"translation_error":80.20896590326878,"ADD":0,"ADD_S":0}}
{"id_image":52,"data":{"GT_R":[0.8759916031210196,0.4731713155171814,0.09352238565095083,0.3424043408242468,-0.4735049594664468,-0.8115123706330706,-0.33970164570917166,0.7429010705652148,-0.5768029443769638],"GT_T":[161.47176283938919,-53.83116757068028,1048.6097777033622],"R_pred":[0.8919834098349771,0.4467576258593918,0.06908849626130152,0.33903922898698113,-0.5600152029940374,-0.7559334452340766,-0.299028423042161,0.6977038025924948,-0.6509926313414703],"T_pred":[117.6312633028706,-49.34339338512922,995.3083857975643],"rotation_error":5.920533523739018,"translation_error":69.16045037337051,"ADD":0,"ADD_S":0}}
{"id_image":53,"data":{"GT_R":[0.8741007146666954,0.47709625285980006,0.09125027938277212,0.342009518557015,-0.4710941384370238,-0.8130809832753776,-0.34493065232743375,0.7419239733094857,-0.5749548019518621],"GT_T":[164.5086442693502,-53.21948915452228,1048.2621499396312],"R_pred":[0.8877494078535954,0.45061319976268044,0.09406770463463107,0.3652084745802342,-0.565052544777298,-0.7398232165426264,-0.2802209109798339,0.6911319453189368,-0.6661928213432607],"T_pred":[114.66060557143034,-47.55619370339848,969.4778285629259],"rotation_error":7.105352857236326,"translation_error":93.40165508268052,"ADD":0,"ADD_S":0}}
{"id_image":54,"data":{"GT_R":[0.8739325366642962,0.4770129568261383,0.09327797043044064,0.34337598254283175,-0.4701021158942135,-0.8130792010571913,-0.3439999148306425,0.7426053693680135,-0.5746316165479198],"GT_T":[164.13884881025072,-50.907831494027455,1048.672504099007],"R_pred":[0.9550215951164556,-0.09221297594310032,0.2818342064564521,0.29300597699728426,0.4396623880016971,-0.8490256073997486,-0.045620722320977886,0.8934168968876526,0.4469060282101259],"T_pred":[109.89170314298077,-39.864303082037125,978.2429740192681],"rotation_error":65.68455612327215,"translation_error":89.58253758453871,"ADD":0,"ADD_S":0}}
{"id_image":55,"data":{"GT_R":[0.873624258951503,0.47795974899281085,0.0912906039463421,0.34133985952544493,-0.46824146897393476,-0.8150075522046443,-0.3467955137713754,0.7431725797333109,-0.5722142364705539],"GT_T":[161.725503758668,-48.677641821293555,1048.9357995903301],"R_pred":[0.9585563717102841,0.06490293506794961,0.2774117720522709,0.20261787848866628,0.5292250790545914,-0.8239337418848759,-0.20028898514488425,0.8459955228718571,0.4941415765855018],"T_pred":[108.65848633910494,-36.12363616735518,979.3691737400839],"rotation_error":66.3574785436256,"translation_error":88.3924591125028,"ADD":0,"ADD_S":0}}
{"id_image":56,"data":{"GT_R":[0.8730098767744158,0.4786452190902933,0.0935500969419902,0.3431566282036949,-0.46655923011456885,-0.8152092280157154,-0.3465498776890518,0.743788349200494,-0.571561342831373],"GT_T":[160.33093822948098,-46.86298816443832,1049.4363282900379],"R_pred":[0.8649222802022198,0.49417240694666087,0.08776720015094551,0.3826347789583322,-0.5360599539657475,-0.7524827916210104,-0.324807751048679,0.6844219151713251,-0.652737747408494],"T_pred":[113.70366151851053,-43.73314866003037,974.8132062971572],"rotation_error":5.90862187421781,"translation_error":88.04833425323338,"ADD":0,"ADD_S":0}}
{"id_image":57,"data":{"GT_R":[0.8731203108994374,0.4785439143786718,0.09304005641522123,0.34270817051440916,-0.46677673997929675,-0.8152732309690501,-0.3467158701156528,0.7437172028234436,-0.5715537447742696],"GT_T":[161.92209042494173,-47.843949750233705,1049.0389858663043],"R_pred":[0.9419496375769457,0.33166783715564724,0.05222380745556657,0.27522792859857576,-0.6736607542448005,-0.685879563414499,-0.19230306182689422,0.6604374565292475,-0.7258387551138202],"T_pred":[113.01590226555,-40.884666466255254,959.078452729344],"rotation_error":15.562979071690018,"translation_error":102.63110827811722,"ADD":0,"ADD_S":0}}
{"id_image":58,"data":{"GT_R":[0.8716310606436352,0.48208645597800903,0.08861022061063462,0.34178180982780343,-0.46817772637456834,-0.8148592560279768,-0.35134744108615357,0.7405421054280974,-0.572846859363358],"GT_T":[166.58728489831825,-49.68980993044467,1048.1688043145941],"R_pred":[0.9309036980703622,0.35958538167906196,0.06416118921627877,0.28732702405014476,-0.6124325898049771,-0.7364574014803954,-0.22552491252500534,0.7040061620664212,-0.6734343602780427],"T_pred":[118.75864529544911,-44.75410371352276,983.2972596179786],"rotation_error":11.210468663736085,"translation_error":80.74811003017895,"ADD":0,"ADD_S":0}}
{"id_image":59,"data":{"GT_R":[0.8709428583425295,0.48317610243029424,0.08943429569731601,0.3436259294841044,-0.4687794314942084,-0.8137364977023012,-0.3512541370073423,0.7394497751613537,-0.574311979558655],"GT_T":[168.98316073841823,-50.64178674705235,1047.8587168134509],"R_pred":[0.9119973179901244,0.3941864144750992,0.11348111130089444,0.3369081669797817,-0.5620047344221812,-0.7554095349605916,-0.23399525422782452,0.7271641830634392,-0.6453514328399194],"T_pred":[121.17439553458017,-46.11931262167225,986.7869658105184],"rotation_error":8.23750490418822,"translation_error":77.69098772119348,"ADD":0,"ADD_S":0}}
{"id_image":60,"data":{"GT_R":[0.8697834813366568,0.4850182560557012,0.09073236072441482,0.3449347765821278,-0.46616946852577246,-0.814681255801593,-0.35283977840915454,0.7398934417999485,-0.5727667418476137],"GT_T":[168.76366231867524,-50.361791685156646,1047.747517968575],"R_pred":[0.9613952651922173,-0.0068302438174321495,0.27508633523928594,0.2566528432152598,0.3827926949546244,-0.8874677857583898,-0.09923941825459107,0.9238090173075658,0.3697680859751421],"T_pred":[122.45739167131302,-43.56867364694423,1027.5558332008338],"rotation_error":60.07662477171832,"translation_error":50.971769517132515,"ADD":0,"ADD_S":0}}
{"id_image":61,"data":{"GT_R":[0.8693880295831481,0.48584778465667117,0.0900878416561485,0.34518884878458533,-0.4667062660894801,-0.8142661596248694,-0.35356557399389066,0.7390114679140929,-0.5734585154694348],"GT_T":[167.92519967608476,-50.81614394567067,1047.452173704234],"R_pred":[0.9157950114104642,0.3870619517863504,0.10724990701650278,0.30928860820837734,-0.5092465603104799,-0.8031242105953907,-0.2562421782381511,0.768668320077838,-0.586079311868694],"T_pred":[124.46208319148363,-46.94054139980372,1022.2027099524569],"rotation_error":6.528708451132603,"translation_error":50.41426593137939,"ADD":0,"ADD_S":0}}
{"id_image":62,"data":{"GT_R":[0.8694857895579441,0.48651430093293124,0.08542971769383752,0.34187484214662267,-0.46788261006655907,-0.8149900563780799,-0.35653273059209917,0.7378285263324741,-0.5731436516106491],"GT_T":[168.56245804689578,-51.698488715205514,1046.982842226658],"R_pred":[0.8998408621772599,0.4323402587387768,0.058037258978808334,0.33923997238919845,-0.6099301662149156,-0.7161713715825433,-0.27423104107569873,0.6641288226050222,-0.6955071840720306],"T_pred":[123.84085726012528,-45.8756379613506,985.8804559024237],"rotation_error":10.079192192501857,"translation_error":75.94358947501046,"ADD":0,"ADD_S":0}}
{"id_image":63,"data":{"GT_R":[0.8682112071885646,0.48882249077508333,0.08520896103059572,0.3439360441004911,-0.4690800398938944,-0.8134322852992145,-0.35765478220116453,0.7355374003100537,-0.5753849142130679],"GT_T":[172.15769111842755,-51.01602171389776,1046.3941143817444],"R_pred":[0.8794930533460378,0.4728209427256236,0.0541509486169543,0.35713763536022736,-0.5805047056581847,-0.7317561042574293,-0.3145547305722309,0.6629137521795404,-0.6794120094948825],"T_pred":[123.19997389891363,-45.59254971203705,957.7074948790523],"rotation_error":7.96239853352964,"translation_error":101.44746720700398,"ADD":0,"ADD_S":0}}
{"id_image":64,"data":{"GT_R":[0.8660029665201424,0.49239069928184287,0.08711905184108995,0.3466015479487848,-0.46551093358819917,-0.8143509638220212,-0.3604245392579855,0.735426338515126,-0.5737976050745149],"GT_T":[175.7000387750633,-50.55261883521939,1046.0926344593993],"R_pred":[0.8997818616204093,0.4251891403710901,0.09801426635649811,0.3438373920387561,-0.5526144712095747,-0.7592055677125588,-0.2686418607270578,0.7168203687955966,-0.643428402811726],"T_pred":[128.34561815951636,-47.44330099778496,999.1468882018823],"rotation_error":7.0250240287818,"translation_error":66.75336771222474,"ADD":0,"ADD_S":0}}
