{"id_image":1,"data":{"Best_template_id":21,"GT_R":[0.8819152979576984,0.46043929122600685,0.10109820214042192,0.3461229797506158,-0.4868677682299378,-0.80197216234679,-0.32003854571966334,0.742264146537517,-0.588744626003687],"GT_T":[177.64366956945216,-77.42657206691028,1042.388943967626],"R_pred":[0.8877519543209657,0.45387434367811924,0.07677595815138244,0.3742734726483294,-0.6145945446487655,-0.6944011184896932,-0.2679847668638398,0.6451911544951101,-0.7154806348813365],"T_pred":[123.41306648603418,-73.25354155536041,955.0268393605057],"rotation_error":9.730054002336471,"translation_error":102.91020268091475,"ADD":0,"ADD_S":0}}
{"id_image":24,"data":{"Best_template_id":21,"GT_R":[0.8807008891978813,0.4645861334599699,0.09233262434570609,0.34058524438844867,-0.48563396752612836,-0.8050847766515417,-0.32919143901196934,0.7404860548060539,-0.5859301967931593],"GT_T":[176.98186620039291,-73.43254964597607,1044.6448902419647],"R_pred":[0.9106898447601595,0.4083530805138301,0.062384038708486064,0.3410224786973741,-0.6579611669621218,-0.6714095410350837,-0.2331258794596076,0.6327202102072512,-0.7384561326994828],"T_pred":[120.23126008240988,-67.22696256838202,947.4947973264851],"rotation_error":12.619488047047904,"translation_error":112.6822131448543,"ADD":0,"ADD_S":0}}
{"id_image":38,"data":{"Best_template_id":21,"GT_R":[0.8776031145944105,0.4715612366051811,0.08627181656891926,0.3394097227309717,-0.48411416667279406,-0.8064953635124743,-0.33854689977664304,0.7370647932257489,-0.5849129400272262],"GT_T":[177.01233226651897,-69.04031139446309,1046.0512970469983],"R_pred":[0.8269930042191483,0.5620817051312919,0.012113122194008424,0.44041390799910346,-0.6342898945941596,-0.6353832853142165,-0.3494540894216932,0.5307923194361701,-0.7721019058479431],"T_pred":[111.14571733446581,-62.42152791270151,872.3961090251495],"rotation_error":16.05398833055319,"translation_error":185.844945006017,"ADD":0,"ADD_S":0}}
{"id_image":49,"data":{"Best_template_id":21,"GT_R":[0.8759706809010535,0.473915829704959,0.08988244271047352,0.3406922121520991,-0.4759488421244172,-0.8108034795883791,-0.3414737533056247,0.7408621971476003,-0.578376722655717],"GT_T":[166.74976308986402,-58.32787415870592,1047.1893938891717],"R_pred":[0.900828827432139,0.4281057413418871,0.07233877174344563,0.35248620614622755,-0.6238407744825052,-0.6975501147370756,-0.2534973336030899,0.653871671142879,-0.7128751219764528],"T_pred":[109.70424848705503,-50.423617464331805,948.333558128069],"rotation_error":10.831031699613998,"translation_error":114.40779813551161,"ADD":0,"ADD_S":0}}
{"id_image":61,"data":{"Best_template_id":21,"GT_R":[0.8693880295831481,0.48584778465667117,0.0900878416561485,0.34518884878458533,-0.4667062660894801,-0.8142661596248694,-0.35356557399389066,0.7390114679140929,-0.5734585154694348],"GT_T":[167.92519967608476,-50.81614394567067,1047.452173704234],"R_pred":[0.904614976332719,0.42209343068473415,0.059235803086855554,0.3325825695998601,-0.6120934225030408,-0.7174471942428013,-0.2665719021069314,0.6687142722428656,-0.694089794699351],"T_pred":[113.79849553587697,-45.45607390100025,959.9869390277157],"rotation_error":10.262214067761464,"translation_error":102.99804720956492,"ADD":0,"ADD_S":0}}
{"id_image":74,"data":{"Best_template_id":21,"GT_R":[0.8640459173160429,0.4952199014429756,0.090446166143164,0.34765259649926417,-0.45705202626435004,-0.8186825322345909,-0.36408993663203915,0.7388242667525687,-0.567078483765735],"GT_T":[166.51640018603456,-39.311190343943636,1045.7612806190355],"R_pred":[0.9170005986794783,0.39235344949784007,0.07189348154474182,0.3249874043273124,-0.6303739974205602,-0.7049906456149752,-0.23128573032090463,0.6698413200476433,-0.7055632621578],"T_pred":[111.84529087829547,-35.618098830593894,962.4845455763402],"rotation_error":12.759960424841584,"translation_error":99.68743008642562,"ADD":0,"ADD_S":0}}
{"id_image":81,"data":{"Best_template_id":21,"GT_R":[0.8670795594326316,0.49115067528515216,0.08332293861461569,0.34403187022074355,-0.46939688862103685,-0.8132094712840802,-0.3602973725316574,0.7337834459068141,-0.5759760285997724],"GT_T":[155.60167308288035,-57.0375278529392,1040.4243471239497],"R_pred":[0.9238485269607488,0.3774125257405651,0.06374703637488523,0.3158722241514466,-0.6577007731523518,-0.6838526383691277,-0.21616807637130875,0.6519121707783386,-0.7268300243860336],"T_pred":[102.24638831754933,-54.41165572945372,972.9719477664793],"rotation_error":14.05569004631571,"translation_error":86.04363890421034,"ADD":0,"ADD_S":0}}
{"id_image":88,"data":{"Best_template_id":63,"GT_R":[0.8723392489073034,0.4840085925290546,0.06898996328323266,0.331465237824346,-0.48178160014255644,-0.81118321935326,-0.3593818099917985,0.7304946410478254,-0.5807088795880492],"GT_T":[142.6586713031151,-64.32474521041267,1040.2297429054995],"R_pred":[0.8464830105201242,0.5300522038439726,0.050111616427074485,0.393532617276013,-0.5595014970248829,-0.729445100036189,-0.35860645844808425,0.637183439856265,-0.6822013426637769],"T_pred":[91.92603604049904,-59.428685857008624,975.4263994881517],"rotation_error":7.97920906184386,"translation_error":82.44540615430559,"ADD":0,"ADD_S":0}}
{"id_image":119,"data":{"Best_template_id":21,"GT_R":[0.8602598172564396,0.5056537440887245,0.0653128507390148,0.34218775990220957,-0.4776407959285997,-0.8091763708677012,-0.3779681334843338,0.7184523253188724,-0.5839247356482256],"GT_T":[139.80352857056627,-68.68444211482158,1030.6617662061572],"R_pred":[0.8733423759281019,0.48477654137445403,0.04758990797721645,0.38937109979865936,-0.6360670167260857,-0.6661898354634059,-0.29268283354142954,0.6003419485311681,-0.744262254708621],"T_pred":[87.97344119340335,-66.06645481535921,946.25126732866],"rotation_error":12.553322811030538,"translation_error":99.08755792617174,"ADD":0,"ADD_S":0}}
{"id_image":246,"data":{"Best_template_id":21,"GT_R":[0.7969386251148032,0.5992120151584845,0.07636937362256646,0.4018319186603127,-0.4314886599176208,-0.8076811831456309,-0.45102102145392486,0.674360475365027,-0.5846525328211255],"GT_T":[144.45987101464124,-84.52729063019257,981.2660556422529],"R_pred":[0.8164711210223937,0.56967863439937,0.09402745367872367,0.4495392292044164,-0.5250024980344068,-0.7226941666181704,-0.3623387778622858,0.6323279454258696,-0.6847422723118265],"T_pred":[98.19991839122801,-98.80407344966527,1009.0415952311079],"rotation_error":8.054501276561197,"translation_error":55.81478606827115,"ADD":0,"ADD_S":1}}
{"id_image":483,"data":{"Best_template_id":63,"GT_R":[0.7361593091106431,0.6730373516567764,0.07133336918283045,0.3805026783983457,-0.3244026782881506,-0.8660147303786482,-0.5597200585627611,0.6646681350061361,-0.4949048481989057],"GT_T":[154.17787650003388,-22.423594202115957,931.6101185636821],"R_pred":[0.748104223755447,0.6614615238456212,0.052997385511815626,0.4448284691445958,-0.44062179606725993,-0.7797307649881062,-0.49241009680725956,0.6068946245455553,-0.6238679437669279],"T_pred":[104.76812100797171,-42.94962617826399,989.5071444836254],"rotation_error":9.08707443360016,"translation_error":78.83341637177604,"ADD":0,"ADD_S":0}}
{"id_image":518,"data":{"Best_template_id":21,"GT_R":[0.734551536668773,0.6751267017210532,0.06809104398956377,0.37163993336081624,-0.3163217035003312,-0.8728261531077466,-0.567729825996967,0.666441442151293,-0.4832584769580353],"GT_T":[138.71815594490977,-15.052121432790745,921.9469291416818],"R_pred":[0.7477990182344414,0.6616660087930794,0.0547240453132104,0.42867550502713186,-0.4182460376028513,-0.8008168101502665,-0.5069851474326829,0.6223088821777744,-0.5964039867785174],"T_pred":[92.48861633338826,-39.57503353681935,1005.9894002819409],"rotation_error":7.883309826035422,"translation_error":99.00343683992202,"ADD":0,"ADD_S":0}}
{"id_image":526,"data":{"Best_template_id":21,"GT_R":[0.7358530470058819,0.6739323765323103,0.06583220615342204,0.36830760477278385,-0.3167648315005945,-0.8740765132838754,-0.5682161562315211,0.6674392908460435,-0.48130667003971755],"GT_T":[130.82170628854664,-13.300964515162873,918.0576398928223],"R_pred":[0.7925048019770757,0.6074305516509599,0.05444505270716424,0.4068970844750328,-0.4601422098929411,-0.7891159036038738,-0.4542806417722347,0.6475316761331841,-0.6118266314203359],"T_pred":[84.31557166274904,-36.863713727344454,1018.3342613338286],"rotation_error":10.536037188237213,"translation_error":113.0195758083168,"ADD":0,"ADD_S":0}}
{"id_image":528,"data":{"Best_template_id":63,"GT_R":[0.7355507091917616,0.6740677847983828,0.06779391046573087,0.3699330798459936,-0.3157998640638806,-0.8737390214557262,-0.5675509934794586,0.6677598084873885,-0.4816467013493408],"GT_T":[128.96466854915855,-11.699407387998157,916.9692616408691],"R_pred":[0.7589676284779505,0.6492465875717897,0.04946723611585643,0.4113391337778136,-0.4191869708919329,-0.8093716083835433,-0.5047457339547045,0.6346346602265215,-0.5852098701266875],"T_pred":[81.39063639626191,-34.75476507104955,1011.2697164731211],"rotation_error":7.4553563061296995,"translation_error":108.10834303950769,"ADD":0,"ADD_S":0}}
{"id_image":537,"data":{"Best_template_id":63,"GT_R":[0.7340015438327532,0.6761185941324889,0.06406700323425442,0.3686316148131761,-0.3174005855818502,-0.8737098280082064,-0.5703963609225786,0.6649214247608637,-0.48221108621563474],"GT_T":[126.33985770733847,-16.42427319735208,912.1191834186445],"R_pred":[0.7571338874300942,0.6509981213874476,0.05431134738715113,0.4290753551856117,-0.4328899182385701,-0.7927803341782296,-0.49258767349308985,0.6235445169652429,-0.6070828767847491],"T_pred":[78.34125377718279,-40.68635198086933,1017.4358455921713],"rotation_error":8.900027204245408,"translation_error":118.25444506450621,"ADD":0,"ADD_S":0}}
{"id_image":541,"data":{"Best_template_id":21,"GT_R":[0.7305134608331961,0.6800740327916515,0.0620353918940756,0.3699673387712939,-0.31777251110086413,-0.8730088595470298,-0.5739983073289604,0.6606967388262002,-0.48374290483763865],"GT_T":[129.70146032292485,-19.56324146546479,910.276679067893],"R_pred":[0.8133939332479911,0.5796441740558678,0.04901980047340895,0.38938341853214775,-0.47992284947954167,-0.7861644941865888,-0.4321699465807174,0.658548927590447,-0.6160701642198654],"T_pred":[81.1628053691737,-45.783959141091394,1007.952131227982],"rotation_error":12.106806944869943,"translation_error":112.1785229659495,"ADD":0,"ADD_S":0}}
{"id_image":553,"data":{"Best_template_id":21,"GT_R":[0.7253787088593403,0.6865614633151738,0.049571989883702025,0.37081382428427856,-0.329074503824444,-0.8684516542605621,-0.5799330943960449,0.6483389816042078,-0.4932897162073118],"GT_T":[132.59945125873105,-31.22079312227602,904.5878570540888],"R_pred":[0.7913405427284409,0.6081275106488597,0.06293708148840046,0.3990287136721471,-0.43574912793426224,-0.8067829839366233,-0.4632021492819396,0.663553787041074,-0.5874862897158034],"T_pred":[87.91894349299923,-60.68907129152191,1035.596012437329],"rotation_error":9.013171106097273,"translation_error":141.51983595730624,"ADD":0,"ADD_S":0}}
{"id_image":554,"data":{"Best_template_id":21,"GT_R":[0.7253941338457889,0.6865978066636252,0.04884068666451045,0.37085808583462937,-0.3300652158217426,-0.8680566258729422,-0.5798856926976103,0.6477968079330878,-0.49405805371192973],"GT_T":[132.12626712713214,-31.750308915162528,903.8574758826727],"R_pred":[0.8577880034972153,0.5101911251918357,0.0624880535122512,0.35022969466602627,-0.49115877530304386,-0.797560166016932,-0.37621656267421755,0.7060227143784417,-0.5999941872645884],"T_pred":[86.38579268226862,-60.65224444746713,1046.5594438344774],"rotation_error":14.998677084090891,"translation_error":152.61508620471503,"ADD":0,"ADD_S":0}}
{"id_image":565,"data":{"Best_template_id":21,"GT_R":[0.7228309827923555,0.689038240881566,0.052348161614987516,0.3774758429765938,-0.3302629822318749,-0.8651233749346163,-0.5788146261251595,0.6450984999085476,-0.49882009604013755],"GT_T":[129.43681262657978,-31.26092289326546,895.437507919154],"R_pred":[0.8049823285023179,0.5922798423809309,0.03475685699550082,0.40818983304043843,-0.5103632112967045,-0.7569084837398338,-0.43056301629541405,0.6234853493580542,-0.6525959761862312],"T_pred":[80.62007538209583,-61.39535670250664,1007.9771235865476],"rotation_error":13.319902285627954,"translation_error":126.31834004120378,"ADD":0,"ADD_S":0}}
{"id_image":574,"data":{"Best_template_id":21,"GT_R":[0.7158840703186744,0.6960844052803256,0.054555716508671595,0.38654029775990106,-0.3300389937131671,-0.8611975784278328,-0.5814605501138534,0.6376056780454809,-0.5053349932131129],"GT_T":[134.2569437687605,-34.865695267646274,885.60760192194],"R_pred":[0.7605262536106687,0.6469125222679248,0.05571360786982099,0.43308015223754315,-0.44146078360543295,-0.7858460143542012,-0.48377825427237525,0.6217849829896414,-0.615907489499636],"T_pred":[91.42003981824944,-69.03795735314068,1033.4110068954342],"rotation_error":8.762622698016834,"translation_error":157.63435652757855,"ADD":0,"ADD_S":0}}
{"id_image":575,"data":{"Best_template_id":21,"GT_R":[0.7158777103660091,0.6959355814497116,0.0564908586832722,0.3893009950578053,-0.33067212327420836,-0.8597101962604605,-0.5796232089518566,0.6374396748290195,-0.5076497974613099],"GT_T":[134.8941331032003,-35.23596548991128,884.7151534017481],"R_pred":[0.8247322564527229,0.5611027268698611,0.07057219753987495,0.3835648584004555,-0.4632994911718773,-0.7988939734909248,-0.41556552379455103,0.6859426443800429,-0.5973173227475281],"T_pred":[93.87216904191861,-70.40977776536018,1064.6761672579273],"rotation_error":12.099289150284283,"translation_error":187.89881615799905,"ADD":0,"ADD_S":0}}
{"id_image":584,"data":{"Best_template_id":21,"GT_R":[0.7118845564282927,0.699496588813474,0.06263806696202964,0.3977013719595589,-0.32801374039924325,-0.8568789477385611,-0.578838252375106,0.6349107818409265,-0.5116983447527433],"GT_T":[132.91567631755902,-32.58470191249309,875.5359873712106],"R_pred":[0.724528504022372,0.6882030186111602,0.037882080639666305,0.4804783314565525,-0.4649057579169803,-0.7436418555032828,-0.49416497231170725,0.5569912399940641,-0.66750411138063],"T_pred":[82.99425328082829,-67.07674951006688,962.1266400786286],"rotation_error":11.247926883965672,"translation_error":105.7345306027421,"ADD":0,"ADD_S":0}}
{"id_image":592,"data":{"Best_template_id":21,"GT_R":[0.7111293271669124,0.6999412745445116,0.0661596014861914,0.3982088660616065,-0.3234386990221537,-0.8583809142565801,-0.5794175169764353,0.6367651731780224,-0.5087298524782409],"GT_T":[130.6794817597586,-19.93533701768392,871.711243288613],"R_pred":[0.8192169146468906,0.5706160177025714,0.05728007592250364,0.385929307753398,-0.4746598990191382,-0.7910477543613436,-0.4241959643530476,0.6701457607150852,-0.6090668626860172],"T_pred":[87.24708263629387,-52.50465059738312,1044.2805654367003],"rotation_error":12.266058729011949,"translation_error":180.90689436094758,"ADD":0,"ADD_S":0}}
{"id_image":597,"data":{"Best_template_id":63,"GT_R":[0.7090457550670879,0.7020205437247842,0.06649122316162381,0.39984243269001574,-0.3225846705256399,-0.8579429345877932,-0.5808447020757228,0.6349070376922333,-0.5094251299181557],"GT_T":[132.61659756791502,-19.39026059392638,869.1367496380822],"R_pred":[0.7698946844135145,0.6360949604108672,0.05143322128461145,0.4411970630138376,-0.47230067352753097,-0.7630709176566779,-0.46109362010309607,0.6101764295065304,-0.6442650063249469],"T_pred":[81.92374687336616,-50.35695248163756,989.2030591752665],"rotation_error":11.077916084364915,"translation_error":133.9575298513944,"ADD":0,"ADD_S":0}}
{"id_image":606,"data":{"Best_template_id":63,"GT_R":[0.7071223403056348,0.704340961755638,0.06230521285937324,0.4026854554440397,-0.32870716528601435,-0.8542807594304235,-0.5812253072338652,0.629171242429847,-0.5160643974001232],"GT_T":[132.63293480848193,-23.211996685609357,861.1709101079115],"R_pred":[0.7449622133077859,0.6659482450576475,0.03929676383881914,0.46062516481150023,-0.4708799840924012,-0.7523938450861478,-0.4825513011959897,0.5786060624343468,-0.6575403152874186],"T_pred":[85.78653144633044,-56.69200356634347,998.9500945716534],"rotation_error":10.71116757968138,"translation_error":149.3271577449903,"ADD":0,"ADD_S":0}}
{"id_image":610,"data":{"Best_template_id":63,"GT_R":[0.7045350408008462,0.7068586641051127,0.06308983571928217,0.407822827838232,-0.3305149483932823,-0.8511409253330544,-0.5807843945468232,0.6253884368951171,-0.5211323999498447],"GT_T":[136.4866853605918,-26.321848230745353,855.4125524628665],"R_pred":[0.7611553530629549,0.6447681707923489,0.07011800365595663,0.452594101124947,-0.4506109811073233,-0.7694857525207317,-0.4645439786828688,0.6174331944741747,-0.6348032311125287],"T_pred":[91.12710674785195,-62.825328463681764,1012.9727335232695],"rotation_error":9.658754050941967,"translation_error":167.97382563015194,"ADD":0,"ADD_S":0}}
{"id_image":613,"data":{"Best_template_id":63,"GT_R":[0.7034601120199382,0.7075418017418941,0.06728073498304621,0.4112036896981689,-0.32795691256158926,-0.8505031052588019,-0.5797021344017524,0.6259621063397742,-0.5216489471628885],"GT_T":[136.94342159246114,-25.082343818790534,851.3443093644917],"R_pred":[0.5134748538228059,0.8580887171925906,-0.0052276111583392515,0.6427232026799963,-0.38862360303142185,-0.6602110116497939,-0.5685511931465952,0.33564184571303113,-0.7510619762562427],"T_pred":[83.56009073979733,-63.873063417389396,861.238958369622],"rotation_error":22.125319395702835,"translation_error":66.72633677069959,"ADD":0,"ADD_S":0}}
{"id_image":621,"data":{"Best_template_id":21,"GT_R":[0.6986139148840304,0.7120382770016338,0.07028115997238173,0.4172494409055996,-0.3256378496838555,-0.8484481898396175,-0.5812415016289774,0.6220626965431517,-0.5245926856109678],"GT_T":[141.16405978698182,-22.4677063342951,841.8187244971728],"R_pred":[0.7470026597937244,0.6647614951385805,0.00889836177173764,0.487062845378258,-0.5381118900680922,-0.6878992501953907,-0.45250061979309686,0.5181966309698129,-0.7257516384675949],"T_pred":[88.0049947729864,-59.525773310900604,912.6304117873499],"rotation_error":15.843963385140361,"translation_error":95.9868823229852,"ADD":0,"ADD_S":0}}
{"id_image":790,"data":{"Best_template_id":63,"GT_R":[0.6037219408461347,0.7956555657755439,0.04950918806739779,0.42786299771008873,-0.27099760107112986,-0.8622608510183261,-0.6726465749946525,0.5417499279882326,-0.5040390814463566],"GT_T":[177.98294499972695,-13.221395704210913,741.817326257981],"R_pred":[0.6544855697331182,0.7558950719192266,-0.016470557347658288,0.5245146975352828,-0.46962098098796573,-0.7101693222643255,-0.5445484102268467,0.4561565240837051,-0.7038382303166588],"T_pred":[152.4299740393983,-71.40645515647357,913.9940157510508],"rotation_error":15.42540405004277,"translation_error":183.5300189973175,"ADD":0,"ADD_S":0}}
{"id_image":844,"data":{"Best_template_id":63,"GT_R":[0.5380504850991173,0.8420111923344329,0.038972730404971824,0.4390173732449654,-0.2404652120827997,-0.8657019082665016,-0.719559737079857,0.48290125920432847,-0.49904062553979067],"GT_T":[133.33302643971808,1.7595758469703338,734.8941980262449],"R_pred":[0.6140099376147172,0.7882147794728941,0.04134317272377136,0.5193097573161903,-0.363980594104606,-0.7731982301269561,-0.5943981598781831,0.49622131003792525,-0.6328153277202401],"T_pred":[100.97382861786859,-56.23614295358948,1028.2197762888327],"rotation_error":10.937940315933352,"translation_error":300.74992260339604,"ADD":0,"ADD_S":0}}
{"id_image":978,"data":{"Best_template_id":21,"GT_R":[0.34916010891256727,0.9365554455600983,0.030835184416175606,0.485559514773189,-0.15268349001114326,-0.8607668418273114,-0.8014477343056442,0.3155184981197351,-0.5080649655591044],"GT_T":[173.81527077437866,-11.112800216281336,714.0672601184348],"R_pred":[0.5165115095453625,0.8550987025457937,0.044967426117915765,0.45569845041128576,-0.2300391638757887,-0.8598958689144173,-0.7249515727273945,0.46463769970572544,-0.5084850294868561],"T_pred":[199.55667732288464,-88.62104702607893,1160.0395341576548],"rotation_error":10.719837915226233,"translation_error":453.38881497709787,"ADD":0,"ADD_S":0}}
{"id_image":1026,"data":{"Best_template_id":21,"GT_R":[0.34832465535335305,0.9373601274486709,-0.005058624592909207,0.4647424978349601,-0.1773812668093028,-0.8674972166699355,-0.8140541696529427,0.29982082721367004,-0.4974168723390793],"GT_T":[148.23892524190225,-2.7178497713552368,706.4347727755036],"R_pred":[0.4264232680623321,0.9044893858212177,0.0078833617065876,0.5190749998331075,-0.23756278138202097,-0.8210511978252621,-0.740759300315089,0.35420739099967175,-0.5708001254010947],"T_pred":[151.1547490273177,-76.30921798622963,1105.282430272034],"rotation_error":6.9973119801681705,"translation_error":405.59048977331116,"ADD":0,"ADD_S":0}}
{"id_image":1028,"data":{"Best_template_id":21,"GT_R":[0.34722832637844364,0.9377431538037514,-0.008346713106398715,0.46424775008164937,-0.1796227834543288,-0.8673003670044236,-0.814804199406187,0.29727788966492635,-0.4977155905349506],"GT_T":[147.73601571985625,-3.0716210073291617,704.8515141414213],"R_pred":[0.447785923876428,0.8941011916080808,0.008415791296346564,0.4802588510428734,-0.23256387196809541,-0.845733694167488,-0.7542142947287016,0.38274940185481315,-0.533538839267274],"T_pred":[155.49304659802317,-77.48170004850247,1147.8560671203816],"rotation_error":6.793105853485855,"translation_error":449.2772700137933,"ADD":0,"ADD_S":0}}
{"id_image":1035,"data":{"Best_template_id":21,"GT_R":[0.3524116767590279,0.9356794548416936,-0.017619034916413454,0.4646610739067321,-0.1912896050235749,-0.8645804671854811,-0.8123398108460669,0.2965016570519091,-0.5021861019083815],"GT_T":[137.8237609558894,-7.014045144402849,701.4039579494884],"R_pred":[0.4647052989489061,0.8853643055713908,0.01338026714594015,0.43505538391626974,-0.21513612668533905,-0.8743244591799413,-0.771217088798138,0.41212436644163447,-0.4851574059321432],"T_pred":[132.19919943715848,-81.77821282683017,1132.5891828947308],"rotation_error":7.363799176698431,"translation_error":437.65513212186085,"ADD":0,"ADD_S":0}}
{"id_image":1040,"data":{"Best_template_id":21,"GT_R":[0.3550124309018064,0.9345327443599716,-0.024772939729288394,0.46472789242275286,-0.19941060726431398,-0.8627073897041541,-0.8111680424864933,0.29475964834154744,-0.5050972127128399],"GT_T":[132.51861482931463,-10.116496261226294,700.1632767234399],"R_pred":[0.4360824737939064,0.8998981363835167,-0.003926854117563328,0.546137340210281,-0.2681163339531101,-0.7936294079074844,-0.7152384788850686,0.34394327381272927,-0.6083888088395077],"T_pred":[119.25894808541098,-89.80617593645964,1096.8269851039315],"rotation_error":8.755954417705578,"translation_error":404.8065727666293,"ADD":0,"ADD_S":0}}
{"id_image":1046,"data":{"Best_template_id":21,"GT_R":[0.3507113632584684,0.9360408052349202,-0.028777219865257615,0.4675061027691352,-0.20162403848084554,-0.8606898181929634,-0.8114428193774763,0.28840095372295066,-0.5083170271742908],"GT_T":[133.05457338616785,-12.046977195225654,695.6674822107606],"R_pred":[0.4424550558647242,0.8966042811891393,-0.018283503303536064,0.5458586806452348,-0.28543355516926455,-0.7877601071060136,-0.7115278099301439,0.3385682332067515,-0.6157107495888566],"T_pred":[117.92840304530225,-92.9155820282985,1067.1104346758748],"rotation_error":9.30171051967187,"translation_error":380.44500156110564,"ADD":0,"ADD_S":0}}
{"id_image":1054,"data":{"Best_template_id":21,"GT_R":[0.3389362921540666,0.9403226983519056,-0.030258283998988906,0.4721492059279515,-0.19782810306190604,-0.8590337913449856,-0.8137548076191952,0.2768724138727532,-0.5110235171567963],"GT_T":[137.10556000891455,-11.829176317501032,688.3729017249898],"R_pred":[0.44951159792003015,0.893197998940196,0.011690082318351613,0.48462775961987836,-0.23285904350403003,-0.8431563321616018,-0.7503834072933635,0.3846738885700683,-0.5375413858589725],"T_pred":[136.03197755208078,-97.21999394967833,1143.7011540646379],"rotation_error":7.495797846875609,"translation_error":463.26726810110557,"ADD":0,"ADD_S":0}}
{"id_image":1057,"data":{"Best_template_id":21,"GT_R":[0.33790977898304614,0.9405697643326755,-0.033832739314371224,0.4742070273000869,-0.2011954206382224,-0.8571162296489815,-0.8129848921977061,0.27358554997416357,-0.5140107937798427],"GT_T":[136.1417189512315,-12.876240324312493,685.1141717971449],"R_pred":[0.5033662139385927,0.8639659298241062,-0.013613477450501343,0.5190572777784572,-0.31493512654581884,-0.7946039318130682,-0.6907980870343702,0.39291059819090784,-0.6069755059134742],"T_pred":[128.97553819366604,-99.43871057405839,1105.0922996543807],"rotation_error":12.198852832586828,"translation_error":428.8659968811435,"ADD":0,"ADD_S":0}}
{"id_image":1066,"data":{"Best_template_id":21,"GT_R":[0.306056417875151,0.9514182536769203,-0.033654920014772514,0.48100802463411185,-0.18504693157639615,-0.8569646096681586,-0.8215600267340867,0.2460921427911431,-0.5142754571648138],"GT_T":[151.70922281179463,-11.167144267949512,681.1437721925473],"R_pred":[0.4090200258656119,0.9122932023447865,-0.020584736976449913,0.4826010715811495,-0.23540570403636096,-0.8436114983900301,-0.7744667999014686,0.3351197807689664,-0.5365593242016569],"T_pred":[166.18032305455634,-95.8533797044132,1118.5114325660618],"rotation_error":6.493273333140759,"translation_error":445.7259713716917,"ADD":0,"ADD_S":0}}
{"id_image":1071,"data":{"Best_template_id":63,"GT_R":[0.28833595306675464,0.957134393304666,-0.027502909051691532,0.4832559354908165,-0.170257147059836,-0.8587639791316638,-0.8266350170453812,0.23432225185369668,-0.5116329297605708],"GT_T":[155.62612521078253,-7.089104208439544,682.1851826253493],"R_pred":[0.31062649567218925,0.9504945014211267,0.008448843389458616,0.5471672320338158,-0.17153477075863988,-0.8192581050006362,-0.7772510536338102,0.2591062044586832,-0.5733626901326481],"T_pred":[170.43205009293015,-87.64399621966395,1096.8080896062713],"rotation_error":4.853662712758765,"translation_error":422.63513937185365,"ADD":0,"ADD_S":0}}
{"id_image":1073,"data":{"Best_template_id":21,"GT_R":[0.28358385312582823,0.9585534796825081,-0.027461675325380273,0.4819854441757031,-0.1672336713046523,-0.8600717072461296,-0.8290172149523313,0.23066686254529278,-0.5094337164818433],"GT_T":[154.32611831586632,-4.113905192165433,682.815875139462],"R_pred":[0.3867089235839364,0.9220848208510781,0.014689846036898435,0.43579663314898887,-0.16868209237109805,-0.8840970796520673,-0.8127345833398245,0.3482900154603102,-0.46707233077340227],"T_pred":[176.84437960328665,-83.24722417851844,1166.4113923442328],"rotation_error":7.291903689506245,"translation_error":490.54436957909746,"ADD":0,"ADD_S":0}}
{"id_image":1076,"data":{"Best_template_id":21,"GT_R":[0.2764062369598378,0.9605684823476301,-0.030136145409786153,0.47906106800093257,-0.16490053014977982,-0.862153305470536,-0.8331267526289852,0.2238685322744334,-0.5057501623740628],"GT_T":[153.58391586864016,-0.12241857690843361,684.6116628957344],"R_pred":[0.3529969214043116,0.9355615111888427,-0.010855056937962904,0.515940398351719,-0.2043218910027152,-0.8319002765991508,-0.7805118056940248,0.28805767415419264,-0.5548189772647738],"T_pred":[171.45814731752415,-77.7212451818693,1130.7296737490062],"rotation_error":5.730245662509835,"translation_error":453.1692240742248,"ADD":0,"ADD_S":0}}
{"id_image":1078,"data":{"Best_template_id":21,"GT_R":[0.27397992896122736,0.961262276179471,-0.030161656979902807,0.47742823132371387,-0.16316748909195095,-0.8633877616280183,-0.8348640524697776,0.22215128760984787,-0.503638170829304],"GT_T":[151.31230851001612,1.9326148322816668,685.7131849697749],"R_pred":[0.36891111423079814,0.9292774853073025,0.018653286518124645,0.4104043585394088,-0.14485307503467465,-0.9003254129173826,-0.8339501497624708,0.3397954413377777,-0.4348174395734576],"T_pred":[168.03915805810558,-69.61903371040428,1152.316177444443],"rotation_error":7.818790592445283,"translation_error":472.353446575015,"ADD":0,"ADD_S":0}}
{"id_image":1081,"data":{"Best_template_id":21,"GT_R":[0.2720847673672557,0.9618395612201331,-0.02887342802100855,0.4770760800636242,-0.16089250882346712,-0.8640098451159497,-0.8356836721610019,0.22131016550725893,-0.502647693805],"GT_T":[145.3441049993165,4.481454006845478,687.1033613789509],"R_pred":[0.3523442548282738,0.9358385092103099,-0.007733742207580774,0.5154015607260947,-0.2009336426283131,-0.8330587629100501,-0.7811624397592438,0.28953748624166487,-0.553130442816379],"T_pred":[154.11954332723624,-71.02924462788394,1133.6543720539737],"rotation_error":5.980512916519323,"translation_error":452.9753625320436,"ADD":0,"ADD_S":0}}
{"id_image":1082,"data":{"Best_template_id":21,"GT_R":[0.2705754323357503,0.9622853830681499,-0.02820846038651172,0.4772337367778645,-0.1595208663149863,-0.8641769260873767,-0.8360840896889254,0.2203627868820479,-0.5023980612292183],"GT_T":[143.3778714061096,4.344218144794116,687.2831990508552],"R_pred":[0.2925259281810103,0.9561697779222695,0.012959055903761951,0.46671616075816363,-0.13093050011551555,-0.874661780019375,-0.834628424287718,0.26190944986307635,-0.48456045385836227],"T_pred":[146.78956634910156,-65.54612417718737,1112.2861383213137],"rotation_error":2.9491254423624964,"translation_error":430.72473576612344,"ADD":0,"ADD_S":0}}
{"id_image":1083,"data":{"Best_template_id":21,"GT_R":[0.27007014863440043,0.9624585991190585,-0.027104233818984767,0.47711236116322486,-0.1582251874013626,-0.8644817943976234,-0.8363168344651747,0.22054005816998629,-0.5019327675597599],"GT_T":[140.96141392899463,4.39080965447234,687.3610006164776],"R_pred":[0.31658651199445365,0.9485572556751878,0.0034803920959826096,0.5158717334447915,-0.16909380838627996,-0.8398116685293732,-0.7960209388300356,0.26766848277557875,-0.5428666947536644],"T_pred":[141.91527118792368,-68.08256027590099,1112.420001989186],"rotation_error":4.258324017334768,"translation_error":431.1942182366309,"ADD":0,"ADD_S":0}}
{"id_image":1086,"data":{"Best_template_id":21,"GT_R":[0.2674950844626259,0.96325821332225,-0.024080082751469778,0.4780768441050578,-0.15437686835410905,-0.8646442933256372,-0.8365931749119324,0.21977715901587533,-0.5018073446615213],"GT_T":[134.87669365511317,5.118115780714687,687.9187321822632],"R_pred":[0.3059322467260842,0.952049641826062,-0.0026343712717872836,0.4563992508891612,-0.14908687734504833,-0.8771960024939212,-0.8355268901722692,0.2671602187870974,-0.48012522668225555],"T_pred":[128.88553112316814,-63.82036649930718,1105.954423305324],"rotation_error":2.987084201610265,"translation_error":423.72425871112483,"ADD":0,"ADD_S":0}}
{"id_image":1087,"data":{"Best_template_id":21,"GT_R":[0.2665050250063566,0.9635592628275425,-0.022978323445168376,0.4779273558973444,-0.15281562902671947,-0.8650047912939257,-0.8369946663879063,0.21954687009230905,-0.5012374665277499],"GT_T":[133.174229202601,5.445542900546455,688.1523523754215],"R_pred":[0.33363504482165784,0.9426908426968768,-0.004651017340542352,0.5193977763841513,-0.18793694285561835,-0.8336100139737304,-0.7867106245336013,0.27570578631130677,-0.5523338778677394],"T_pred":[127.33554008892442,-67.02265934804772,1124.5834496265109],"rotation_error":5.3630429091037595,"translation_error":442.44528845440215,"ADD":0,"ADD_S":0}}
{"id_image":1092,"data":{"Best_template_id":21,"GT_R":[0.2565881092813477,0.9662178846934112,-0.02417950697476621,0.47915321722750687,-0.1488907051722828,-0.8650107151270545,-0.8393893216097226,0.2103665383004461,-0.5011711861763045],"GT_T":[130.1493060831381,5.721173613631702,688.727459262826],"R_pred":[0.3207843052178161,0.9470942910498124,0.010480142497891365,0.5484647454115363,-0.17672328637551615,-0.8172853253872211,-0.7721941806091144,0.2679202939560391,-0.576137885857134],"T_pred":[115.70265645598379,-65.0442908496396,1064.8281291962405],"rotation_error":6.659963996243519,"translation_error":382.97280656792793,"ADD":0,"ADD_S":0}}
{"id_image":1093,"data":{"Best_template_id":21,"GT_R":[0.2545871430562563,0.9667374983797872,-0.024592980717870916,0.47907604015177685,-0.1481724397447031,-0.8651767986126192,-0.8400424286441394,0.20848171452303862,-0.5008641116459792],"GT_T":[130.01869951654055,6.081057731411391,688.8697764221752],"R_pred":[0.3435948146340623,0.9390380956488453,0.012249827622228038,0.49857012416127694,-0.1713422042310636,-0.8497468330879789,-0.7958457354603299,0.298076003679314,-0.5270486328415778],"T_pred":[118.972838520095,-63.72849509795802,1107.0630281845877],"rotation_error":5.993727389797597,"translation_error":424.1237797282886,"ADD":0,"ADD_S":0}}
{"id_image":1099,"data":{"Best_template_id":21,"GT_R":[0.237858271222587,0.9709346201019006,-0.02661908838995064,0.47724860183715884,-0.14069745519334292,-0.8674320885090006,-0.8459646920918966,0.1936225742169743,-0.4968442308691445],"GT_T":[132.57308224125154,10.577477568594528,689.9120290780339],"R_pred":[0.2956958252205254,0.9552645211889569,0.005802887624711317,0.5188167291816296,-0.1554897928062765,-0.840626032106035,-0.8021179342642999,0.2515802434427113,-0.5415848969837308],"T_pred":[123.18292190064567,-56.38629634669414,1074.9898846810452],"rotation_error":4.895301806645647,"translation_error":390.96966251106204,"ADD":0,"ADD_S":0}}
{"id_image":1101,"data":{"Best_template_id":21,"GT_R":[0.2305162446951468,0.9726711566198099,-0.027793641556631835,0.47683017406369216,-0.13781216636926902,-0.8681252657777585,-0.8482306091369729,0.1868649323576971,-0.49556699477928945],"GT_T":[135.1567105269407,11.998083143162457,690.1618504261689],"R_pred":[0.34548368699324494,0.9382653555959315,0.017295794575371615,0.44180187400442605,-0.1463626019671364,-0.8850927029817763,-0.8279203622014202,0.313426404812756,-0.4650932837812429],"T_pred":[136.1665481760472,-54.425478292396576,1163.0339361678841],"rotation_error":7.62627607221983,"translation_error":477.5155691279407,"ADD":0,"ADD_S":0}}
{"id_image":1108,"data":{"Best_template_id":21,"GT_R":[0.21023361521092176,0.9773993792869693,-0.02217957172631259,0.4773655958876412,-0.12242487027993354,-0.8701352377705275,-0.8531842899611821,0.17234455848419356,-0.49231437717112064],"GT_T":[138.13724851614,17.81030825004841,690.1543842468055],"R_pred":[0.19989489172520936,0.9796582644947034,0.017655511020454984,0.5343330592892346,-0.0938889155474486,-0.8400434829745016,-0.8212978838477394,0.17735432429052994,-0.5422317121329912],"T_pred":[134.6444744795636,-45.635950659646994,1075.930188369628],"rotation_error":4.092053385134711,"translation_error":390.97390998213297,"ADD":0,"ADD_S":0}}
{"id_image":1116,"data":{"Best_template_id":21,"GT_R":[0.19366476638710894,0.9809265379661952,-0.016647174681365083,0.4801000496811351,-0.10955756884984516,-0.8703461467751679,-0.8555686195668669,0.16056379756049777,-0.4921603883886163],"GT_T":[136.93605899594485,20.090141718486766,687.6484241552271],"R_pred":[0.21822873773398388,0.9758750604311369,0.006639612605949918,0.4420114339874365,-0.09277390707731226,-0.8921989096552296,-0.8700586820734578,0.19763822655077457,-0.45159386748987473],"T_pred":[140.82350580911253,-40.164793136867786,1134.9562912774209],"rotation_error":3.29425223958205,"translation_error":451.36470553927273,"ADD":0,"ADD_S":0}}
{"id_image":1118,"data":{"Best_template_id":21,"GT_R":[0.19006695524287404,0.9816429985109948,-0.01586599137777049,0.48134339752148686,-0.10725963910777037,-0.8699451278511607,-0.855677160325167,0.15771167097886174,-0.49289399797572947],"GT_T":[137.4350403123211,19.713871538700886,686.5489334812496],"R_pred":[0.29568616797219216,0.9550017899282357,0.023265238098634622,0.4693260586137797,-0.12401343083554894,-0.8742732522949856,-0.8320473188322737,0.26942949023123336,-0.4848762821769718],"T_pred":[141.67473269657555,-43.12160825065115,1159.2294716151557],"rotation_error":6.653770097725727,"translation_error":476.85759262323825,"ADD":0,"ADD_S":0}}
{"id_image":1159,"data":{"Best_template_id":21,"GT_R":[0.10411845838691655,0.9945575314043791,-0.003829846795487396,0.4817896568458358,-0.05380566243244026,-0.874633382221062,-0.870079191746329,0.08922126296634626,-0.4847699124622319],"GT_T":[136.14198196126162,32.699434687478266,684.6828278207822],"R_pred":[0.13387585759664922,0.98993676749935,0.04585249290605192,0.46190612251170426,-0.02139734384552383,-0.8866706759911251,-0.8767667812702327,0.1398833443598424,-0.46012244156500526],"T_pred":[138.2743255964562,-18.520174141688663,1115.665297140654],"rotation_error":3.6659043231646686,"translation_error":434.0206032886523,"ADD":0,"ADD_S":0}}
{"id_image":1290,"data":{"Best_template_id":21,"GT_R":[-0.015668955442820206,0.9998149712591041,0.01115661982268048,0.5023710098190343,0.017518468961665666,-0.8644746860584102,-0.8645106350758066,-0.007939406960710885,-0.5025529875179652],"GT_T":[100.49266546222957,17.26187122082014,679.7751568766681],"R_pred":[0.1645373695483635,0.9847199697786597,0.0570441508063792,0.8047072371746598,-0.10056495655867759,-0.5850922593498202,-0.5704153893969126,0.14217338228890436,-0.8089579796922098],"T_pred":[38.65173508205094,-57.955599635089094,766.1352410602098],"rotation_error":26.52757698794491,"translation_error":130.15388097338493,"ADD":0,"ADD_S":0}}
{"id_image":1440,"data":{"Best_template_id":165,"GT_R":[-0.11944441736968887,0.9928411020638334,0.000230518212856831,0.509512961105453,0.06149586814914553,-0.8582624172914779,-0.8521322753868326,-0.10239684391812869,-0.5132108041572014],"GT_T":[65.80201417889332,1.4246051954246042,679.1980822126975],"R_pred":[-0.04864870238288721,0.9982805135400026,0.032700459366342305,0.4839634248376103,0.052198780544107426,-0.8735300170739176,-0.873734918139313,-0.026670275514449115,-0.4856706592209081],"T_pred":[-14.426203415269336,-36.87932739308653,719.6073319711182],"rotation_error":4.799898249448254,"translation_error":97.65585295372696,"ADD":0,"ADD_S":0}}
{"id_image":1527,"data":{"Best_template_id":165,"GT_R":[-0.3139135684907417,0.9494464081285698,0.0032727710481365406,0.45485443461925384,0.15341117261128873,-0.87725262746974,-0.8334056937286263,-0.27389239442311314,-0.48001827068798253],"GT_T":[85.32029588499368,28.735769433557103,689.8562068029117],"R_pred":[-0.27153738341973876,0.9621623733300712,0.02260567967141225,0.3536922645529895,0.1216070215295676,-0.9274230503443858,-0.8950805725748603,-0.24383457437892575,-0.3733302411223986],"T_pred":[17.314913493279217,-5.287050749942707,779.3429256893011],"rotation_error":7.272968928468336,"translation_error":117.4314999671457,"ADD":0,"ADD_S":0}}
{"id_image":1538,"data":{"Best_template_id":63,"GT_R":[-0.3209827372398686,0.9470718420703721,-0.005109142491788661,0.4644251757833638,0.15269756775009308,-0.8723489691286714,-0.825396603255407,-0.2823806207505338,-0.48885781941111867],"GT_T":[79.78896608858973,20.734404708217532,687.4496651921309],"R_pred":[-0.3982294537814785,0.9126420890330387,-0.09218307581284307,0.39195676185984496,0.07844329567527386,-0.9166332670135566,-0.8293269554121885,-0.4011621451346234,-0.38895466874397755],"T_pred":[37.88415489795511,-12.354967386931738,754.5151252193184],"rotation_error":9.209809770821508,"translation_error":85.72453368337602,"ADD":0,"ADD_S":0}}
{"id_image":1539,"data":{"Best_template_id":63,"GT_R":[-0.32141945101724695,0.9469170579070774,-0.00621667000458918,0.4639749023528797,0.15176111369059764,-0.8727516061561864,-0.8254797339301049,-0.2834029364146182,-0.4881253553380282],"GT_T":[79.08442446666193,21.044050623713147,687.7483294292978],"R_pred":[-0.3649129522476167,0.9244109453895415,-0.11091862479287584,0.384585329226618,0.04116591281203208,-0.922171075324967,-0.8478989691145888,-0.3791698454075249,-0.3705368625495326],"T_pred":[37.8342696382644,-10.689136083819003,753.9558489842977],"rotation_error":9.755183004229194,"translation_error":84.21404905125728,"ADD":0,"ADD_S":0}}
