{"id_image":1,"data":{"Best_template_id":196,"GT_R":[-0.9614879163959711,-0.2714235696469264,0.043252056588721645,-0.18125033798405746,0.507859963919702,-0.8421563659198432,0.20661490174872,-0.8175619724476703,-0.5374967335874469],"GT_T":[-118.14002937133463,-46.11549318942204,935.6427546540357],"R_pred":[-0.8099801931669626,0.48463012875764033,0.330251002992516,0.07406544189008843,0.643153176532018,-0.7621471654702919,-0.58176146056166,-0.5928639218379944,-0.5568356788030346],"T_pred":[-136.64720215297862,-63.07081881709375,797.7028860455326],"rotation_error":50.19384779195758,"translation_error":140.20487103963646,"ADD":0,"ADD_S":0}}
{"id_image":22,"data":{"Best_template_id":195,"GT_R":[-0.949330509242149,-0.3105446750349341,0.04829950172369932,-0.2059829592410564,0.49874021951644903,-0.8419202262185015,0.23736595386777357,-0.8092087929190698,-0.5374368895667102],"GT_T":[-96.03405323339219,-51.961151478218945,938.0270126322034],"R_pred":[-0.9768226915416013,-0.20002800295972434,0.07619860445812879,-0.19015390165620477,0.6474773030160406,-0.737980105263006,0.09827981977163092,-0.7353651746656347,-0.6705066270475158],"T_pred":[-110.62920910392172,-82.86469474732795,993.828304049063],"rotation_error":12.138458930969175,"translation_error":65.43570650080915,"ADD":0,"ADD_S":0}}
{"id_image":32,"data":{"Best_template_id":195,"GT_R":[-0.9383619228676779,-0.33618232123360764,0.08037024670507742,-0.2395991090613423,0.4650285816779928,-0.8522562807880414,0.24913955991069353,-0.8189805549358543,-0.5169140248581509],"GT_T":[-89.94072585717184,-36.15735386131331,948.3098956738713],"R_pred":[-0.9761298105071421,-0.20491372752547915,0.07197886711323409,-0.1875198268992369,0.6279549321947949,-0.7553204072788652,0.10957603551402623,-0.7507882307307728,-0.6513909156851857],"T_pred":[-106.00574883443761,-67.39556070238106,1029.0401944827445],"rotation_error":12.812331086337608,"translation_error":88.04142022750062,"ADD":0,"ADD_S":0}}
{"id_image":38,"data":{"Best_template_id":195,"GT_R":[-0.9425090806262281,-0.32547167318812176,0.0757926937217254,-0.23302539099484565,0.47752437109103535,-0.8471535565420206,0.23953238205667512,-0.8161114976845586,-0.5259149365481425],"GT_T":[-99.50188423923326,-54.53598418195182,953.2604937999522],"R_pred":[-0.9646736447427009,-0.24948700680674318,0.08462264811175157,-0.21321394685865303,0.5506887245539046,-0.8070202856893679,0.15474033735192882,-0.7965539291747957,-0.584429008445342],"T_pred":[-115.70526900920039,-80.27571333927797,1041.048194807051],"rotation_error":6.370039200190182,"translation_error":92.90728595329801,"ADD":0,"ADD_S":0}}
{"id_image":43,"data":{"Best_template_id":195,"GT_R":[-0.9414825869135894,-0.3290546296066823,0.0730350109215565,-0.23707699802142257,0.49244889695663,-0.837429553700788,0.2395942613507206,-0.8057403224567116,-0.5416431454689749],"GT_T":[-103.33664743407009,-80.70209946650508,951.20760501615],"R_pred":[-0.9952744577901373,0.01955396692251526,0.095112544115597,-0.05245622617305244,0.7160118967418706,-0.6961144360374883,-0.08171351177271585,-0.6978141630131206,-0.7116026249895852],"T_pred":[-115.68505936381929,-114.78661821057796,967.972440030439],"rotation_error":24.930356096694165,"translation_error":39.9411740971414,"ADD":0,"ADD_S":1}}
{"id_image":50,"data":{"Best_template_id":195,"GT_R":[-0.940543982447577,-0.3324329034751988,0.06975890316629266,-0.236459256414312,0.49335281009943904,-0.8370722343163379,0.24385505819824216,-0.803798195001489,-0.5426271298773031],"GT_T":[-110.18010327205252,-81.77232658810436,951.7702758680124],"R_pred":[-0.9796814373447404,-0.15344287994952283,0.12914938604166798,-0.19620933256426437,0.5998711471051476,-0.7756652014145281,0.04154731202893098,-0.7852451142564026,-0.6177895526792435],"T_pred":[-128.9507782717496,-112.70538072068256,1019.7245112774264],"rotation_error":12.887058049906532,"translation_error":76.986818274243,"ADD":0,"ADD_S":0}}
{"id_image":56,"data":{"Best_template_id":195,"GT_R":[-0.9407758571548013,-0.33232844242606024,0.06707086588338797,-0.23150516436155108,0.485181848187637,-0.8432101862839667,0.24768147537278368,-0.8087988636991166,-0.5333834293800391],"GT_T":[-119.32691866620402,-72.56663926237471,951.3706584700903],"R_pred":[-0.9892782225963189,-0.002568974491014342,0.14602054193411465,-0.10638299226747742,0.6976846583484122,-0.7084622618470774,-0.10005627043262133,-0.7164003893601144,-0.6904775339370505],"T_pred":[-141.80809369838147,-106.44195857177374,992.1547711482474],"rotation_error":24.16209009411472,"translation_error":57.58718899274171,"ADD":0,"ADD_S":0}}
{"id_image":63,"data":{"Best_template_id":195,"GT_R":[-0.9343347215857133,-0.35076810172173706,0.06308076296292456,-0.23876536301236634,0.4846648900163587,-0.8414812983809844,0.26459203935766223,-0.8012870699169513,-0.5365916143931371],"GT_T":[-108.6055800661742,-81.88406509981607,949.614384057321],"R_pred":[-0.9560773122831312,-0.2806880794364398,0.08444154782893873,-0.24820032787842475,0.6220054070844899,-0.7426344126141081,0.1559255276678791,-0.7309743330787627,-0.6643521311786031],"T_pred":[-123.72946289438025,-120.9524952599827,1041.8704306315747],"rotation_error":10.551596317812514,"translation_error":101.32251574300743,"ADD":0,"ADD_S":0}}
{"id_image":69,"data":{"Best_template_id":195,"GT_R":[-0.92147379980776,-0.3802045673765325,0.07956913607678535,-0.26854869407562615,0.4755471740459599,-0.8376970899661849,0.2806579301867458,-0.7932827160535406,-0.5403085405577599],"GT_T":[-99.47936739324847,-88.15655710630935,947.8692369703442],"R_pred":[-0.9421193266808426,-0.32779308550814457,0.07044762158856636,-0.24189171658711459,0.5190385289353983,-0.8198093698702869,0.23216281300194191,-0.7893989476643783,-0.5682866615409845],"T_pred":[-111.60525811413473,-113.67999806312461,1019.3231078190493],"rotation_error":3.913644431483417,"translation_error":76.83839485123521,"ADD":0,"ADD_S":0}}
{"id_image":81,"data":{"Best_template_id":195,"GT_R":[-0.892102386043518,-0.44144378444739546,0.09633184040473806,-0.3051944149585051,0.4315074492972466,-0.8489160461333052,0.3331809973417166,-0.7867193706619356,-0.5196752660389041],"GT_T":[-58.677697955069796,-67.47760828558603,952.6488151457885],"R_pred":[-0.9565042693302379,-0.27154148639469866,0.10660583435996965,-0.24442624188561343,0.5465329129300216,-0.8009729005165536,0.1592337747800485,-0.7921912624175951,-0.5891329295825465],"T_pred":[-70.15824580505118,-91.21280355570597,1010.6387512546992],"rotation_error":12.003118701564842,"translation_error":63.70239527177906,"ADD":0,"ADD_S":0}}
{"id_image":86,"data":{"Best_template_id":195,"GT_R":[-0.8875303276947312,-0.44987550074197374,0.09950596186835664,-0.3074802183906238,0.41747489856703457,-0.8550857317794345,0.3431416150045336,-0.7895099632568686,-0.5088492911855695],"GT_T":[-63.737730858045964,-58.14373203113601,951.9421278568187],"R_pred":[-0.8171747043563373,-0.5693674513130014,0.08970065744168115,-0.23058637948073352,0.18030086393025302,-0.9562016105738222,0.5282569679219573,-0.8020675182622354,-0.27862568436983437],"T_pred":[-59.010059407003745,-57.12799026489023,913.349588503949],"rotation_error":17.212324201127664,"translation_error":38.894301669878246,"ADD":0,"ADD_S":1}}
{"id_image":90,"data":{"Best_template_id":195,"GT_R":[-0.8858191512431333,-0.45338289846029856,0.09882964586108627,-0.31051475843391496,0.4208938532497281,-0.8523086444192332,0.3448255306222514,-0.7856790365336794,-0.5136186128572852],"GT_T":[-67.05163292233487,-66.19805336094176,949.1481760884542],"R_pred":[-0.9619712386632193,-0.22295772599241798,0.15780110394113706,-0.26543370055997817,0.6266690043263058,-0.7326874569853863,0.06446926858424505,-0.746709991520782,-0.6620180526022279],"T_pred":[-86.29786648699942,-101.62696871375415,1033.348985717358],"rotation_error":19.230609104438848,"translation_error":93.35631682786789,"ADD":0,"ADD_S":0}}
{"id_image":135,"data":{"Best_template_id":196,"GT_R":[-0.8856900893452341,-0.45580882957333424,0.0882697330737682,-0.2969134968111449,0.40991971484824974,-0.8624436196408101,0.3569263706872286,-0.7900659886039082,-0.49839760557736834],"GT_T":[-66.12433769737322,-71.6049360188834,1049.97818413404],"R_pred":[-0.8742511965937582,-0.48182076972491994,0.059444016654897736,-0.32910595714910995,0.498185653508586,-0.8021847191309439,0.3568951025488446,-0.7208743305874532,-0.5941094893003653],"T_pred":[-54.35973175655205,-76.1934561568982,1023.4382052556107],"rotation_error":6.788522291411007,"translation_error":29.391001154558303,"ADD":0,"ADD_S":1}}
{"id_image":202,"data":{"Best_template_id":195,"GT_R":[-0.8800206071764206,-0.4675145732096378,0.08362404573584999,-0.2682602725879368,0.3440038809524877,-0.8998316218458796,0.39191791758641625,-0.8143038562260868,-0.42814689118599103],"GT_T":[-64.1304436141859,-56.9869822670941,1122.8114534088643],"R_pred":[-0.8158453698196486,-0.576554387101837,0.04451259661562912,-0.222290497867295,0.24162437942362114,-0.9445658229186887,0.5338382405764417,-0.7805143803811526,-0.3252906929447481],"T_pred":[-28.80572594135662,-33.079337890963224,895.4151018176806],"rotation_error":10.262917450848,"translation_error":231.36229566474714,"ADD":0,"ADD_S":0}}
{"id_image":390,"data":{"Best_template_id":195,"GT_R":[-0.852481018369238,-0.5168299020502453,0.07850910479768244,-0.26282689159191464,0.2939177770913226,-0.9189855698031761,0.45188481999226465,-0.8040515886972408,-0.3863963237192627],"GT_T":[-67.54629534726773,-55.819872503189714,1069.5855366267526],"R_pred":[-0.935881058087572,-0.35175509224894475,0.019874611689868538,-0.19818269342422967,0.47896756734754986,-0.8551688075791165,0.2912906883853387,-0.8042750925560896,-0.5179684453264397],"T_pred":[-59.67542933793699,-66.97997876047509,1065.4586495321512],"rotation_error":14.25940843892588,"translation_error":14.26638358177454,"ADD":1,"ADD_S":1}}
{"id_image":479,"data":{"Best_template_id":195,"GT_R":[-0.7951733309195386,-0.5984738743107098,0.09761402847851133,-0.3328886458810358,0.29628534024137,-0.8952092404222713,0.5068383626245887,-0.7443408848263269,-0.4348235298390688],"GT_T":[-38.724037137586905,-89.15396491697526,990.3921430796045],"R_pred":[-0.9075074539378416,-0.4007212563896589,0.12590748875563174,-0.3220255639266036,0.47130086410984795,-0.8210816230235962,0.2696845513280456,-0.7856831232544093,-0.5567515357932902],"T_pred":[-52.36364679514415,-117.74548909843585,1075.1085041969493],"rotation_error":16.34119175474225,"translation_error":90.44543132515842,"ADD":0,"ADD_S":0}}
{"id_image":514,"data":{"Best_template_id":195,"GT_R":[-0.766599277508605,-0.6330436484306625,0.10761558861259272,-0.36118784973096485,0.2865367491057539,-0.8873779304975042,0.5309138093219887,-0.7191320890185652,-0.44830663953262817],"GT_T":[-19.861085316676274,-97.5269655657181,957.196143626691],"R_pred":[-0.7023131428958573,-0.6945058965700706,0.15626198816457462,-0.30251151401690074,0.09246849508467425,-0.9486497569197909,0.6443935390760414,-0.7135202429126859,-0.27503786966684474],"T_pred":[-15.117503989323758,-78.6331716668801,841.8295205465872],"rotation_error":12.713488999239376,"translation_error":116.99972107918764,"ADD":0,"ADD_S":0}}
{"id_image":520,"data":{"Best_template_id":195,"GT_R":[-0.7616599547394635,-0.6390046097737673,0.10745530187469444,-0.36293918946246073,0.283328894635401,-0.8876939430325904,0.5367961244294308,-0.7151200720714039,-0.44772056548677863],"GT_T":[-16.335538622194584,-94.61298089328494,951.2446365568861],"R_pred":[-0.7377657628152645,-0.659539482104353,0.14390743817861842,-0.28450022478186854,0.11046004866262282,-0.9522910268129791,0.6121775080127311,-0.7435094143284088,-0.2691327729733961],"T_pred":[-15.651220506422383,-87.92613571803697,904.7296053456175],"rotation_error":11.54378842868764,"translation_error":46.998194840510656,"ADD":0,"ADD_S":0}}
{"id_image":524,"data":{"Best_template_id":195,"GT_R":[-0.76216675901398,-0.6383287094871747,0.10788265950492215,-0.3631301136516308,0.2835777376278099,-0.8875361366610237,0.5359465841252196,-0.7156253626708663,-0.4479294427989561],"GT_T":[-20.40999022929177,-94.59180240497915,947.4264917742339],"R_pred":[-0.7945764098072928,-0.5983225502240235,0.10323979306049644,-0.37034627846608176,0.3428607326505857,-0.8633018892789635,0.4811361169191901,-0.724193788912695,-0.4940155798112025],"T_pred":[-32.12769049231901,-125.79811215538292,1084.242985330945],"rotation_error":4.4444094148265485,"translation_error":140.81864641035952,"ADD":0,"ADD_S":0}}
{"id_image":530,"data":{"Best_template_id":196,"GT_R":[-0.7652739689792445,-0.6350546571738024,0.10517400511683352,-0.3576631466211342,0.2836506831000402,-0.8897302784998562,0.535194201588784,-0.7185040198386099,-0.4442056608242698],"GT_T":[-25.939816131075027,-89.73598208323563,943.2089412219925],"R_pred":[-0.7908220053134325,-0.6084845062940085,0.06593300775922387,-0.34701065768190975,0.35702380135156986,-0.8672471439697237,0.5041667971685657,-0.7087175818819588,-0.4934928872478095],"T_pred":[-42.42994506133509,-129.0145058205802,1125.7487533168758],"rotation_error":4.510536624337985,"translation_error":187.44468458389804,"ADD":0,"ADD_S":0}}
{"id_image":537,"data":{"Best_template_id":195,"GT_R":[-0.7682165284727681,-0.6325159116298209,0.09882408227251127,-0.3460840773114989,0.28045011768103606,-0.8953068335048928,0.5385813904286841,-0.7219904483186178,-0.43435049657313285],"GT_T":[-26.36645446273605,-75.19675430034363,938.4614850362202],"R_pred":[-0.812428420104834,-0.5804244825634541,0.055384855754167406,-0.3103233477080789,0.3500264356311916,-0.8838443948040704,0.493618761873183,-0.7352475191391463,-0.4644906926155964],"T_pred":[-50.167841351280515,-123.10972201659222,1173.7125305253844],"rotation_error":5.112210063204975,"translation_error":241.257565470891,"ADD":0,"ADD_S":0}}
{"id_image":543,"data":{"Best_template_id":195,"GT_R":[-0.7653672793506322,-0.6357642715995911,0.1000855626830848,-0.34491254955372197,0.27388971624100267,-0.8977857928534856,0.5433676503009145,-0.7216562057562231,-0.42890923350905996],"GT_T":[-23.241777936286702,-68.67736037045432,934.4831901100574],"R_pred":[-0.7902479621335472,-0.6081461626344364,0.07527551538704588,-0.32568787255719867,0.3127700852307701,-0.8922456407592603,0.5190718331916515,-0.7296116217946,-0.4452317523821855],"T_pred":[-45.11230576903481,-110.45159885502106,1153.0777193085594],"rotation_error":2.815985822817148,"translation_error":223.62239419200213,"ADD":0,"ADD_S":0}}
{"id_image":560,"data":{"Best_template_id":196,"GT_R":[-0.7594383123606487,-0.6410757566683053,0.11079090616240447,-0.353023300732183,0.26302968207342314,-0.8978809035801734,0.5464696016443548,-0.7209966970081615,-0.42606979516886895],"GT_T":[-16.94650841292986,-63.98731601330324,925.4497868084926],"R_pred":[-0.8045833213235972,-0.5836759537130335,0.10939862935644964,-0.32388306089970487,0.27690268885740466,-0.9046682617212661,0.49774033582795685,-0.7633133576459409,-0.41183403954645703],"T_pred":[-40.257136092525236,-101.92002213923097,1113.3925562784304],"rotation_error":4.209381513574907,"translation_error":193.14440233380546,"ADD":0,"ADD_S":0}}
{"id_image":561,"data":{"Best_template_id":196,"GT_R":[-0.7607027142044783,-0.6396013244069424,0.11063907354159705,-0.3519020309973719,0.2631431100998304,-0.8982876481555009,0.5454331962348605,-0.7222637465368594,-0.4252507258280025],"GT_T":[-17.253669281104003,-63.42113488903928,924.8953023082007],"R_pred":[-0.7723809992995169,-0.6308320816192119,0.07401673270992012,-0.31774730103240406,0.28285933452200984,-0.9050012428501897,0.5499674941373376,-0.7225243813697482,-0.41892036679846456],"T_pred":[-35.521073494262865,-98.11863638281615,1087.2683457618814],"rotation_error":2.297544199947125,"translation_error":167.0407731872924,"ADD":0,"ADD_S":0}}
{"id_image":568,"data":{"Best_template_id":196,"GT_R":[-0.7750089208053806,-0.621731433477106,0.11318636468391047,-0.3476558074940926,0.2698941023796531,-0.8979385693740347,0.5277286338576778,-0.7352597491193381,-0.42531920590465283],"GT_T":[-27.62976332394151,-63.4869116840876,920.0885778536881],"R_pred":[-0.7815478771396649,-0.6153011714125589,0.10289501541287607,-0.3441936714423508,0.2877360237531059,-0.8937218231495674,0.5203014821019812,-0.7339022067640104,-0.4366622477721164],"T_pred":[-53.81548358564525,-104.66411942107783,1128.594141061901],"rotation_error":1.0885878595965608,"translation_error":214.13973071668295,"ADD":0,"ADD_S":0}}
{"id_image":577,"data":{"Best_template_id":195,"GT_R":[-0.7855266244638228,-0.6082346160204105,0.11401201105664939,-0.34353331982067464,0.2753655868828227,-0.8978637817947952,0.5147173262507662,-0.7444627465980146,-0.42525582385011235],"GT_T":[-34.490425681260135,-61.498360360712866,914.9810031317394],"R_pred":[-0.7358588620214604,-0.6453820665321016,0.20492370137013224,-0.2779174492569758,0.01188810351733327,-0.9605313968805277,0.6174735837126779,-0.7637674130214743,-0.1881109040526554],"T_pred":[-46.013455631302925,-63.04712750956886,881.7125735592393],"rotation_error":16.102507728845723,"translation_error":35.24155650835183,"ADD":0,"ADD_S":1}}
{"id_image":583,"data":{"Best_template_id":195,"GT_R":[-0.7971015556775,-0.5940850829252927,0.10812672699782809,-0.33476676156566565,0.285737459766224,-0.8979335113402166,0.502553313600341,-0.7519417467076219,-0.42664172064348793],"GT_T":[-37.61340928901,-61.21137310319579,912.5001300225045],"R_pred":[-0.8126076974020633,-0.5815657150754165,0.03807951118037714,-0.2973376567574094,0.3574942289913855,-0.8853181315842732,0.5012574667742417,-0.730738800999834,-0.4634239492261868],"T_pred":[-68.14760277930927,-111.01063149415515,1162.4559244467343],"rotation_error":4.764003720498404,"translation_error":256.6908690908977,"ADD":0,"ADD_S":0}}
{"id_image":588,"data":{"Best_template_id":195,"GT_R":[-0.8052959589827833,-0.5833231684214036,0.10598406112491993,-0.32900082073277037,0.29096856636919166,-0.8983853824509607,0.4932108760439744,-0.7583343312511679,-0.42622985077761977],"GT_T":[-37.26742033915628,-58.230760469538524,911.3976249202709],"R_pred":[-0.8266821030430167,-0.5562469248176731,0.08477062663008378,-0.33103275169266766,0.3589812599585661,-0.8726681914137477,0.45498793150495304,-0.7494810295327312,-0.4808993330785578],"T_pred":[-63.8459854291714,-99.23224764795128,1106.6058053313816],"rotation_error":4.338023866149898,"translation_error":201.23065316323567,"ADD":0,"ADD_S":0}}
{"id_image":589,"data":{"Best_template_id":195,"GT_R":[-0.8068359078126486,-0.5812920068129084,0.10542721552837818,-0.3272077749179583,0.2911179906245743,-0.8989916675029429,0.4918853238955333,-0.7598348648759472,-0.42508778193121016],"GT_T":[-37.482580018057426,-57.01723913060014,911.0054318587464],"R_pred":[-0.7678683240270981,-0.6194299047016587,0.1633549207006312,-0.2670877408471908,0.07778321853827186,-0.9605279327551965,0.5822734543536734,-0.7811890706321496,-0.22516940351637293],"T_pred":[-44.19522449687305,-59.01363944308235,872.6965367465053],"rotation_error":13.33422640861173,"translation_error":38.9437627204581,"ADD":0,"ADD_S":1}}
{"id_image":595,"data":{"Best_template_id":195,"GT_R":[-0.8141562680628105,-0.571815035005936,0.1008771718805723,-0.3199841546177677,0.2968739259686695,-0.8997092286006464,0.4845198688317775,-0.7647825332705565,-0.424674302492908],"GT_T":[-37.3242709572352,-53.1535320336618,909.3065340753451],"R_pred":[-0.8131787451927666,-0.5445792280296298,0.20536258852422493,-0.18800071761799528,-0.08815691598256548,-0.9782045227556257,0.5508139963198434,-0.8340634403707521,-0.030693955350657776],"T_pred":[-51.14724752941014,-54.11893165782453,904.1144874272236],"rotation_error":24.073395161390085,"translation_error":14.797433093124647,"ADD":0,"ADD_S":1}}
{"id_image":598,"data":{"Best_template_id":195,"GT_R":[-0.8187858860236554,-0.5650541861035132,0.10150847944839485,-0.3170322137526874,0.297622079819322,-0.9005062334604833,0.4786241102902353,-0.7695028067777231,-0.4228290103438043],"GT_T":[-38.47793750600148,-51.00807789663581,908.8677443596007],"R_pred":[-0.7984313816170097,-0.5693022209492209,0.19596507360098037,-0.2235549656439433,-0.021893408872270315,-0.9744454094426669,0.559044279270514,-0.8218367598679412,-0.10978995375113076],"T_pred":[-50.01817600962238,-52.42357287307364,889.2516587163251],"rotation_error":19.646010738754946,"translation_error":22.80288461386186,"ADD":0,"ADD_S":1}}
{"id_image":604,"data":{"Best_template_id":195,"GT_R":[-0.824804551939866,-0.5560818318286785,0.10232770393466578,-0.3137972008394655,0.29964545878440757,-0.9009686401530093,0.4703507731273797,-0.7752328480663645,-0.42164552965554203],"GT_T":[-41.337148806461386,-46.62481046236412,907.430270333577],"R_pred":[-0.8900076661523062,-0.45256233789002576,0.05544081992213934,-0.2814680261400171,0.44969021058211234,-0.8476759196576588,0.358695001987716,-0.7700428850590914,-0.5276095627629422],"T_pred":[-65.99992247927766,-87.78656488048834,1086.7770068526368],"rotation_error":10.52394048808194,"translation_error":185.6550412244482,"ADD":0,"ADD_S":0}}
{"id_image":681,"data":{"Best_template_id":195,"GT_R":[-0.9131713479039834,-0.3974441112625793,0.09031298860049398,-0.24327939815321808,0.35373117499810586,-0.9031555490384056,0.32700818366244494,-0.8467064140991407,-0.4197072441774003],"GT_T":[-91.31084496654384,-41.40633603687596,906.4973297429892],"R_pred":[-0.97371432926328,-0.2074395967271816,0.09407028594101795,-0.19726180420778638,0.5615178087627714,-0.8036078216661063,0.11387794162193822,-0.8010409253914058,-0.5876778456433683],"T_pred":[-122.81943419818157,-83.28806933033991,1036.1659164408186],"rotation_error":16.79925122124169,"translation_error":139.85997695997742,"ADD":0,"ADD_S":0}}
{"id_image":741,"data":{"Best_template_id":195,"GT_R":[-0.9493201375782413,-0.2977344639009752,0.100725536205566,-0.20977021035685506,0.36150658456348256,-0.9084658168951427,0.23406969163859737,-0.8835529612842187,-0.4056413880592352],"GT_T":[-84.16052984050292,-30.109761547307755,909.0254965060341],"R_pred":[-0.9867465476551089,-0.014648169409611056,0.16160656491513903,-0.1428020817342631,0.5513626398457265,-0.8219530429621345,-0.07706371482795614,-0.8341370813693028,-0.5461469704590665],"T_pred":[-120.256507493036,-68.511137597659,1016.8204139063637],"rotation_error":20.456430435245366,"translation_error":119.98887241155549,"ADD":0,"ADD_S":0}}
{"id_image":866,"data":{"Best_template_id":195,"GT_R":[-0.9783136798473502,-0.19527527166906325,0.0690658674191049,-0.13965693317770939,0.37562880877627297,-0.916187573351122,0.15296534832708347,-0.9059636802667713,-0.3947550340295748],"GT_T":[-62.91049716461713,-21.601111786176098,911.2684343953172],"R_pred":[-0.9805044566601295,0.089729968767683,0.17481288045957802,-0.07831224775514906,0.6374945498035371,-0.7664645398335932,-0.18021709774924308,-0.7652118867841353,-0.6180392916337144],"T_pred":[-95.9211059333981,-62.00780647797375,977.9862474418975],"rotation_error":24.7643032646996,"translation_error":84.69750790265385,"ADD":0,"ADD_S":0}}
{"id_image":1012,"data":{"Best_template_id":195,"GT_R":[-0.9891325760589974,-0.11387556152308756,0.09300294563798528,-0.13018467169302184,0.38434910934079025,-0.9139623877115807,0.06833347305586226,-0.9161367377361708,-0.39499746927131363],"GT_T":[-39.01059817922994,-19.54353687171325,893.7020222916623],"R_pred":[-0.9911968833337421,0.061244026923263285,0.11737933223399434,-0.06239163955312841,0.5658880476337304,-0.8221179969196386,-0.11677337788789156,-0.8222042852670552,-0.5570853538777905],"T_pred":[-72.23805410329807,-62.131709444493495,1024.914773719931],"rotation_error":15.560783755794173,"translation_error":141.89644959494734,"ADD":0,"ADD_S":0}}
{"id_image":1024,"data":{"Best_template_id":195,"GT_R":[-0.987694507419069,-0.11967485912350043,0.1006909484311955,-0.139744131769176,0.38619201223242194,-0.9117719451006537,0.07023109695996181,-0.91462212771558,-0.39816360924190697],"GT_T":[-6.452411880019925,-22.833432348346605,889.8664406109696],"R_pred":[-0.9904306702052764,-0.07065715678396994,0.11855232478501873,-0.1367037749979883,0.6202225035248086,-0.7724222446451933,-0.018951660033529105,-0.7812372317783024,-0.6239464899054636],"T_pred":[-31.70650080123394,-66.04917884431043,982.7421332696192],"rotation_error":15.93202403887258,"translation_error":105.50480576385108,"ADD":0,"ADD_S":0}}
{"id_image":1025,"data":{"Best_template_id":195,"GT_R":[-0.9880667219656141,-0.1183524752259923,0.09857344008447379,-0.13724663435471238,0.38603401917795716,-0.9122179954566346,0.06991112429555148,-0.9148608056833837,-0.3976710258812379],"GT_T":[-3.991996351891615,-21.53433838767488,889.2114882113411],"R_pred":[-0.953143093956145,-0.28771141116513255,0.09349003331412019,-0.14786230124509764,0.17345389155584945,-0.9736788420083056,0.2639223035558216,-0.9418789154607397,-0.2078680502056277],"T_pred":[-19.69938455310599,-37.396262281214355,949.6553636645683],"rotation_error":15.919258577939342,"translation_error":64.4343445183803,"ADD":0,"ADD_S":0}}
{"id_image":1028,"data":{"Best_template_id":195,"GT_R":[-0.98902038671021,-0.11361370556927944,0.09450093957496611,-0.13155521375627924,0.38558391995860686,-0.9132461339295055,0.0673196973915628,-0.91565116555211,-0.3962965661100782],"GT_T":[0.4921167946897764,-16.374850277465484,887.428865054579],"R_pred":[-0.9939137769472695,-0.01402931841018893,0.10926381935187446,-0.09272891734720848,0.6420050246506767,-0.7610722017068406,-0.05947059678553848,-0.7665720622017403,-0.6393985623769755],"T_pred":[-27.680622262161826,-62.01331424089394,1003.8122577132368],"rotation_error":18.101703254930257,"translation_error":128.14705110007776,"ADD":0,"ADD_S":0}}
{"id_image":1029,"data":{"Best_template_id":195,"GT_R":[-0.9894107600583011,-0.1095250058995867,0.09524055895454811,-0.1305811183901788,0.38523349098422227,-0.9135334873426803,0.06336574733835715,-0.9162961718567898,-0.3954560274689011],"GT_T":[0.28882436692939706,-15.051283918302104,886.5808708054735],"R_pred":[-0.9903484287781235,-0.08836045832596211,0.10678211002376789,-0.13841181199484948,0.5903642597605587,-0.7951806153935529,0.007222182288242646,-0.8022857783868494,-0.5968964482062213],"T_pred":[-26.40038418188736,-57.294697774698164,1003.7417944338015],"rotation_error":13.679140819263637,"translation_error":127.37151130707325,"ADD":0,"ADD_S":0}}
{"id_image":1032,"data":{"Best_template_id":195,"GT_R":[-0.9900998027240118,-0.10333617079629791,0.09499350352612111,-0.1280441411847444,0.3876673579428347,-0.9128629711346784,0.057506577943281095,-0.9159890952468439,-0.39706099139090845],"GT_T":[1.4472898241205367,-13.386559682314548,883.8054030953192],"R_pred":[-0.9944955150668128,-0.0489016193849463,0.09266769735740996,-0.10275246648557787,0.6282713878828354,-0.771178963534993,-0.0205085626781809,-0.7764558550164367,-0.6298378395012239],"T_pred":[-24.41791930686201,-58.04189035518106,997.6161442880622],"rotation_error":16.328249732475296,"translation_error":124.96396445269346,"ADD":0,"ADD_S":0}}
{"id_image":1033,"data":{"Best_template_id":195,"GT_R":[-0.9901074053734507,-0.10161164630757775,0.096760010081256,-0.12900419101502306,0.3880096778518347,-0.912581820043949,0.05518553022788558,-0.9160368910295633,-0.397280231993593],"GT_T":[1.8223474721708888,-13.945528665718728,882.9168399944189],"R_pred":[-0.993298937557976,-0.046499020072155166,0.10580671896682876,-0.11153721737479769,0.625510372678105,-0.7722021903701027,-0.03027655506300704,-0.7788290022876821,-0.626505159922159],"T_pred":[-25.780732287919992,-58.62728977147845,999.9141291396221],"rotation_error":16.168973272869138,"translation_error":128.24490420706942,"ADD":0,"ADD_S":0}}
{"id_image":1039,"data":{"Best_template_id":195,"GT_R":[-0.9911589924657497,-0.08484233093741074,0.10200800379007365,-0.12753320628490666,0.39714557862841937,-0.9088511167819443,0.03659702047137879,-0.9138252432616382,-0.4044553562802069],"GT_T":[-6.042712952880786,-21.915373136791175,879.3613137791061],"R_pred":[-0.990139392245174,-0.05183242813747044,0.1301437025665531,-0.13943227383387172,0.4542704440843486,-0.8798846541706046,-0.013513879453128583,-0.8893546891003511,-0.4570181747341606],"T_pred":[-35.739430707788884,-56.41478427429208,992.0047312160358],"rotation_error":4.439079510999055,"translation_error":121.49339038037989,"ADD":0,"ADD_S":0}}
{"id_image":1042,"data":{"Best_template_id":195,"GT_R":[-0.9921346191305114,-0.07568020631534045,0.09970677838556961,-0.12186432901882177,0.40196918440589624,-0.9075077054713081,0.0286014866482652,-0.9125196984046953,-0.4080302724043387],"GT_T":[-12.57372753994533,-24.856577983188956,878.7740213950437],"R_pred":[-0.9947585745508931,-0.019604365635764384,0.1003546072958007,-0.09762298346741151,0.47403244123242383,-0.8750788523088362,-0.030415973704562144,-0.880289107911286,-0.47346167219359525],"T_pred":[-45.06260544367683,-64.04223142932047,1028.8487447612727],"rotation_error":5.555430166496129,"translation_error":158.47228532741624,"ADD":0,"ADD_S":0}}
{"id_image":1063,"data":{"Best_template_id":195,"GT_R":[-0.9960463450356681,-0.022303177601481605,0.08599317110052333,-0.08743122113575537,0.4177264740018731,-0.904356081852015,-0.015750852241301537,-0.9082990400149633,-0.41802497996427407],"GT_T":[-42.21881601041478,-35.39159050692851,876.4554798549432],"R_pred":[-0.9725617655389531,-0.22365951110204702,0.06403151806218291,-0.1260118918281382,0.27507946441863784,-0.9531276364543463,0.19556230549277118,-0.9350442296216518,-0.2957155276978256],"T_pred":[-59.54625891243862,-54.431626926940545,919.4932378398935],"rotation_error":14.42613019644299,"translation_error":50.14989408532619,"ADD":0,"ADD_S":0}}
{"id_image":1068,"data":{"Best_template_id":195,"GT_R":[-0.9965485080502721,-0.012953241711317669,0.08199826045953036,-0.07975585318368375,0.4234520912869,-0.902400839799648,-0.023033385134209165,-0.9058250878866833,-0.42302372022320756],"GT_T":[-45.97088987673452,-40.335579755785886,874.7749904381579],"R_pred":[-0.9870822383728667,0.08842036385940488,0.13360574068422956,-0.07371294954770136,0.48977565076286267,-0.8687267769493424,-0.1422499763015417,-0.867353244747943,-0.4769311198353763],"T_pred":[-85.72875781935942,-80.67207705141506,1014.889610496677],"rotation_error":7.820006916759524,"translation_error":151.1285142902115,"ADD":0,"ADD_S":0}}
{"id_image":1080,"data":{"Best_template_id":195,"GT_R":[-0.9967456080565024,0.004719558426716698,0.08047907355358294,-0.0706448509571539,0.4298109338428267,-0.9001507102517139,-0.03883863393701313,-0.9029061923402276,-0.42807977084043175],"GT_T":[-52.30854270707625,-45.78770385903115,874.0145466648564],"R_pred":[-0.9359345341707762,-0.3493562860349539,0.0444604673209312,-0.1242056971191741,0.20931335633081904,-0.9699282775879189,0.32954437113941437,-0.9133116140011527,-0.23929563970314427],"T_pred":[-60.17600334690899,-57.056840517946526,877.0199057997218],"rotation_error":24.431519175520695,"translation_error":14.06849535260066,"ADD":1,"ADD_S":1}}
{"id_image":1083,"data":{"Best_template_id":195,"GT_R":[-0.9968212301195875,0.010541628471373982,0.07897931716416384,-0.06677459363208085,0.4302981686250566,-0.9002136135601463,-0.04347379569239228,-0.9026246833282378,-0.4282270536862627],"GT_T":[-52.93713729950598,-46.12671020026344,873.8375516020328],"R_pred":[-0.9763260059157189,0.16846267487351244,0.13567555913693835,-0.02103799579520768,0.5503143410816373,-0.8346924755458167,-0.21527873305456913,-0.8177863126601865,-0.5337420855807374],"T_pred":[-96.00086817240609,-92.29430374126947,1014.857515013346],"rotation_error":12.657407578741491,"translation_error":154.5074810181993,"ADD":0,"ADD_S":0}}
{"id_image":1089,"data":{"Best_template_id":195,"GT_R":[-0.9965574924244097,0.00923805592179656,0.08239143616507598,-0.07027649898868861,0.4331298262065817,-0.8985874021744267,-0.043986853380351056,-0.9012836403128478,-0.4309898108486513],"GT_T":[-46.441058620541554,-47.23180178704773,874.0216652022117],"R_pred":[-0.993289136979599,0.011393658632182599,0.11509506897038109,-0.08329389640997893,0.6199465287941045,-0.7802105025292757,-0.08024224061656797,-0.7845613334718419,-0.6148371303375539],"T_pred":[-78.47391816388058,-93.87896121466633,988.4713348524176],"rotation_error":12.767914499125459,"translation_error":127.67454114360552,"ADD":0,"ADD_S":0}}
{"id_image":1096,"data":{"Best_template_id":195,"GT_R":[-0.9962036820392673,0.005774677536610284,0.0868623286260742,-0.07593990470422171,0.4302077928087629,-0.8995298571546219,-0.04256265805554005,-0.9027113133582678,-0.42813604746776324],"GT_T":[-38.97207938710248,-43.452362121725415,874.3549066910558],"R_pred":[-0.9895146289144976,0.09394438736701924,0.10970529270021383,-0.02030709450800216,0.6615231019266068,-0.7496497899219625,-0.1429979757788453,-0.744017229437353,-0.6526790491685157],"T_pred":[-74.8794001346723,-93.85926191824049,996.0752693967067],"rotation_error":16.917320134156025,"translation_error":136.5504958891032,"ADD":0,"ADD_S":0}}
{"id_image":1106,"data":{"Best_template_id":195,"GT_R":[-0.9964780889065291,0.004170866490239582,0.08375515251459444,-0.07421257225061723,0.42122306376149105,-0.9039156996735814,-0.03904920320455281,-0.906947207675118,-0.41943048381227654],"GT_T":[-36.05119803020112,-28.393977064597145,876.731446977399],"R_pred":[-0.933050059180761,-0.3595572122030333,0.011670399117473057,-0.0851965972161044,0.18933452472577617,-0.9782095775291004,0.3495126991764035,-0.913712782497677,-0.20729164048455395],"T_pred":[-44.142088704986215,-41.91970829493932,913.5883533636076],"rotation_error":25.7417909756181,"translation_error":40.085402150764594,"ADD":0,"ADD_S":1}}
{"id_image":1110,"data":{"Best_template_id":195,"GT_R":[-0.996681669947716,0.0016993592035839476,0.08138217739721713,-0.07349451040742616,0.4110219335569218,-0.9086585184211363,-0.03499393244836243,-0.9116232216990656,-0.40953345948532394],"GT_T":[-26.442084898792196,-14.36171244216241,877.8106001886291],"R_pred":[-0.9959463783702216,0.02792834097547689,0.08550332848256194,-0.053345109670649885,0.5819710556528906,-0.8114579407809656,-0.07242313639622165,-0.8127297817556683,-0.5781221247815358],"T_pred":[-55.45542035238859,-56.22562126264048,1011.1428269395998],"rotation_error":11.43404842128385,"translation_error":142.72996597156632,"ADD":0,"ADD_S":0}}
{"id_image":1111,"data":{"Best_template_id":195,"GT_R":[-0.9966368670082799,0.0028603406310676706,0.08190028767685595,-0.07353753177380469,0.40985324311965354,-0.9091825175070937,-0.03616696900813273,-0.9121470134091944,-0.40826458072463584],"GT_T":[-23.982657000295863,-12.217867736615519,878.230340177389],"R_pred":[-0.9950243620949203,-0.015674754721051662,0.09839116272324333,-0.08980198793010785,0.5688223927067159,-0.8175430805279972,-0.04315230934026176,-0.8223110041947884,-0.5673997625825736],"T_pred":[-54.00723875855989,-52.78143039045091,1034.9661826546478],"rotation_error":10.579340376723422,"translation_error":164.66026370070705,"ADD":0,"ADD_S":0}}
{"id_image":1134,"data":{"Best_template_id":195,"GT_R":[-0.9916486130215042,0.1005732683017652,0.08074137028035466,-0.030552731097753492,0.4250266822794812,-0.9046652859292107,-0.12530122147409084,-0.8995758879264836,-0.4184042993463062],"GT_T":[-99.52605918175412,-35.96057837080184,905.0733061791578],"R_pred":[-0.9955233339866914,0.051748393779030684,0.07909105656970972,-0.040432595040764886,0.523199294273923,-0.8512506703254556,-0.0854312398733166,-0.8506377620424328,-0.5187647839253826],"T_pred":[-134.24861340851052,-74.56163785169095,1035.1264038467577],"rotation_error":6.908991968475097,"translation_error":140.03394509195067,"ADD":0,"ADD_S":0}}
{"id_image":1178,"data":{"Best_template_id":195,"GT_R":[-0.9862905826682367,0.15041191116182323,0.06788388323628242,-0.0032490079427074077,0.3935857557864844,-0.9192824026225541,-0.16498878450340154,-0.9068991277413414,-0.3877017134932932],"GT_T":[-111.75478980306505,-23.419735139247038,959.733340747876],"R_pred":[-0.9827874855719956,0.16033529338748664,0.09176792412070325,0.01270223134002478,0.5542135003311857,-0.8322776275796672,-0.18430250004288892,-0.8167863795050719,-0.546710708449119],"T_pred":[-134.97423769864594,-52.37935397030716,1033.219748325706],"rotation_error":10.586275472421521,"translation_error":82.32894012503033,"ADD":0,"ADD_S":0}}
{"id_image":1355,"data":{"Best_template_id":195,"GT_R":[-0.9742178382245423,0.21549049824868724,0.06681702135883681,0.01556400546042495,0.35964876643635674,-0.9329581951333937,-0.22507301713872194,-0.9078635456608771,-0.3537300233574813],"GT_T":[-77.17188908516034,-7.331277154079237,920.4002179257569],"R_pred":[-0.9875055340434189,0.13218164226824097,0.0857953010420315,0.007822477549398653,0.5848870858846286,-0.8110770035023659,-0.15739005393801475,-0.8002718976776947,-0.5786132220306848],"T_pred":[-107.0038110384981,-46.52065548880636,1044.2757149123236],"rotation_error":15.195584796853403,"translation_error":133.30750052176845,"ADD":0,"ADD_S":0}}
{"id_image":1531,"data":{"Best_template_id":196,"GT_R":[-0.948002014673085,0.31454459344218527,0.04852296844649902,0.061829768570993364,0.3315720289730491,-0.9414016605022814,-0.31220148502329936,-0.88945019802613,-0.33377911194747245],"GT_T":[-63.51076247308258,-1.102118771165376,886.2095434668219],"R_pred":[-0.9548154742898605,0.28775738356858027,0.0743175501371914,0.05755316288207117,0.4243535631824371,-0.9036656941904125,-0.2915733929886244,-0.8585567783298523,-0.4217406962636715],"T_pred":[-97.9522887185349,-33.29433045822547,992.1956814904408],"rotation_error":5.81691458917341,"translation_error":115.9983563529341,"ADD":0,"ADD_S":0}}
{"id_image":1539,"data":{"Best_template_id":195,"GT_R":[-0.9466066648696732,0.3192448608973122,0.04494156099545754,0.06553050190178333,0.32702132797043354,-0.9427425965260263,-0.3156619634906536,-0.8894601273448063,-0.3304802716231915],"GT_T":[-63.125664129942095,1.2344280467406943,885.3820193271879],"R_pred":[-0.9042993088824046,0.42668559444072685,0.013496794121905076,0.06417958758139816,0.16714009367556815,-0.983842045058049,-0.422047083265229,-0.8888214627150304,-0.1785291766754864],"T_pred":[-104.86986073093846,-18.96274985005045,1000.2138907210369],"rotation_error":11.185399922076444,"translation_error":123.84208748511449,"ADD":0,"ADD_S":0}}
{"id_image":1543,"data":{"Best_template_id":195,"GT_R":[-0.947404633703444,0.3170316080731918,0.043778435430226345,0.06527545429688966,0.32533279359288153,-0.9433435034429052,-0.31331200244880936,-0.8908698750662228,-0.3289167658307359],"GT_T":[-55.57876990829133,2.249436424289133,886.6814663998085],"R_pred":[-0.9526190687106217,0.30231941652569017,0.03346461295867903,0.09407215144198908,0.3974632755479347,-0.9127833121358991,-0.2892530730208123,-0.8663867006033005,-0.40707093333440514],"T_pred":[-92.55438979437372,-28.804001640953537,1001.7117190938292],"rotation_error":4.89720189014613,"translation_error":124.75364329943297,"ADD":0,"ADD_S":0}}
{"id_image":1547,"data":{"Best_template_id":195,"GT_R":[-0.9469343325099756,0.318821661932137,0.04084636717204455,0.06597259212019656,0.31715572481589865,-0.9460757176252279,-0.314583423434928,-0.893176753241183,-0.3213597175594149],"GT_T":[-50.614334075928824,9.109383243197106,887.0956800365311],"R_pred":[-0.941694823384537,0.3329555631578511,0.04849177840628016,0.0916397665411242,0.3924720567518567,-0.9151873239163963,-0.3237483788361786,-0.8573833901069026,-0.40010087424266016],"T_pred":[-92.68130899397156,-24.207368572325365,1040.8742071985964],"rotation_error":4.986179406051125,"translation_error":162.8725629024926,"ADD":0,"ADD_S":0}}
{"id_image":1550,"data":{"Best_template_id":195,"GT_R":[-0.9468061308496865,0.31910898526544607,0.04158099508174842,0.06529771204983104,0.3170294715087287,-0.9461651237876225,-0.3151116231381079,-0.8931186564724982,-0.32100213591116716],"GT_T":[-47.753437403986496,10.919568679778655,886.5944092185769],"R_pred":[-0.9693262761733801,0.24059276250060274,0.05021646096825959,0.04392286699455861,0.37060155412857154,-0.9277528064266182,-0.2418209090935407,-0.8970895221268701,-0.36980134831468303],"T_pred":[-84.66178866394928,-19.057691790869498,1028.0594974371822],"rotation_error":5.464904368710338,"translation_error":149.24219819726486,"ADD":0,"ADD_S":0}}
