{"id_image":1,"data":{"Best_template_id":22,"GT_R":[0.8634563674055322,-0.5039123101103098,-0.022711968311650545,-0.23796630592405105,-0.3672293278660238,-0.8991746573048012,0.444764805842605,0.7818028508438329,-0.43700018554305514],"GT_T":[-51.177316828780974,-76.18756282741714,1029.7130430973602],"R_pred":[0.8555811959888785,-0.5176615969585242,-0.002699648975645258,-0.2971745772288972,-0.4868809949384867,-0.8213611674632151,0.4238727258494789,0.7035434370400024,-0.5704020901775104],"T_pred":[-81.39992413489004,-75.12421792970001,1059.216384035284],"rotation_error":8.96676809645408,"translation_error":42.249068880274045,"ADD":0,"ADD_S":1}}
{"id_image":35,"data":{"Best_template_id":22,"GT_R":[0.8664758665078652,-0.49808763137595025,-0.033572972483716504,-0.23954838988735203,-0.35583339913311124,-0.9033265233075596,0.4379890218615718,0.7907539251546436,-0.4276372549763295],"GT_T":[-44.1592095062863,-59.01769901841654,1038.2862625762637],"R_pred":[0.8801666982391393,-0.4741155355084531,-0.02282635100809513,-0.2846327448302107,-0.48869727243630906,-0.8247176343959987,0.3798562673975936,0.7323861241878117,-0.5650838709571555],"T_pred":[-75.2516286996032,-55.405198760674295,1073.952624633416],"rotation_error":9.286227207935086,"translation_error":47.45395738815685,"ADD":0,"ADD_S":1}}
{"id_image":56,"data":{"Best_template_id":4,"GT_R":[0.8647428008109238,-0.5007768835229807,-0.03798008222660974,-0.2451244408849413,-0.3548557454899326,-0.9022148537614129,0.4383302374631636,0.7894938842996835,-0.4296112411264225],"GT_T":[-54.44244121468114,-56.14461091592566,1040.2897233849333],"R_pred":[0.9250747576540046,-0.37978455092239427,0.0006226010436384821,-0.1775212916174229,-0.4338523587118856,-0.8833223204825151,0.33574228773549836,0.8170286566093068,-0.4687657096091023],"T_pred":[-91.78914200117065,-59.82007262470969,1155.593395314452],"rotation_error":8.48211960071019,"translation_error":121.25684244131708,"ADD":0,"ADD_S":0}}
{"id_image":83,"data":{"Best_template_id":22,"GT_R":[0.8651616873767478,-0.49990411271929575,-0.03988648975447136,-0.2529865656835563,-0.36638962582451695,-0.8954085012018599,0.43300436526125863,0.7847643473659572,-0.44345530503995045],"GT_T":[-62.48764936536639,-69.31469477975807,1037.1431705323512],"R_pred":[0.8189988277809944,-0.5737706147038746,0.0053105362907398534,-0.32302737945413357,-0.4686981870359173,-0.8221771838188163,0.47423014688688087,0.6716467011543958,-0.5692068838410734],"T_pred":[-92.08628094920257,-66.0733254975919,1047.905703971936],"rotation_error":9.992164709701884,"translation_error":31.66097901987897,"ADD":0,"ADD_S":1}}
{"id_image":100,"data":{"Best_template_id":4,"GT_R":[0.8696644380791495,-0.49140469485125876,-0.04696031051742683,-0.26040505851256984,-0.37586531726766553,-0.8893334072697966,0.4193718196090773,0.7856510554242496,-0.45484153820156686],"GT_T":[-59.93046209745681,-79.60445889654935,1037.4500389935608],"R_pred":[0.9241630094014349,-0.38177607771864774,-0.013029141792504556,-0.22537331320787846,-0.5173859617807075,-0.8255414200668285,0.3084308702899041,0.7658712640085261,-0.5641911070002744],"T_pred":[-95.20960888064091,-81.88839624102746,1104.584852325371],"rotation_error":10.432188696121804,"translation_error":75.87435488121099,"ADD":0,"ADD_S":0}}
{"id_image":116,"data":{"Best_template_id":22,"GT_R":[0.8790952516296393,-0.47425777412914316,-0.04765023469292726,-0.25887436947990505,-0.39111905415264586,-0.8831815315800378,0.4002188573412552,0.7887369569738896,-0.46660419936821346],"GT_T":[-49.63135975129187,-90.87081925150021,1042.080797618707],"R_pred":[0.808745642583519,-0.5881522712588033,0.0027187157411954765,-0.34521460770796003,-0.47842367836329003,-0.8074265654574281,0.47619046633380807,0.6520641761318055,-0.5899618207802435],"T_pred":[-76.99427611620364,-84.10883346029688,1035.990864520257],"rotation_error":11.545959300985345,"translation_error":28.836451393630064,"ADD":0,"ADD_S":1}}
{"id_image":138,"data":{"Best_template_id":22,"GT_R":[0.8899629584049298,-0.45284888139596524,-0.053787523052630015,-0.2617869765675663,-0.41074283034844755,-0.8733603519611454,0.37340779793952805,0.7913396394223777,-0.4840956207489103],"GT_T":[-35.29826391462204,-114.14203439841248,1038.6942488584182],"R_pred":[0.8459411783151944,-0.5329636914375525,-0.018254490953135832,-0.35947631950320436,-0.5446219751946477,-0.7577358905657768,0.39390392045158795,0.6475620493391642,-0.6523059816593215],"T_pred":[-57.84288656073085,-103.11287222405889,1015.6829435242067],"rotation_error":12.82834720422351,"translation_error":34.05029517798549,"ADD":0,"ADD_S":1}}
{"id_image":169,"data":{"Best_template_id":4,"GT_R":[0.8973699082475949,-0.4384084506110416,-0.05025014984193127,-0.2517029873566093,-0.4149927440032188,-0.8743146297685163,0.36245353566317956,0.7972323183380338,-0.48275068371592905],"GT_T":[-31.21834244909298,-109.67409955872016,1033.6166055052215],"R_pred":[0.5403023058681398,-0.8414709848078965,0.0,0.8414709848078965,0.5403023058681398,0.0,0.0,0.0,1.0],"T_pred":[-35.29826391462204,-114.14203439841248,1038.6942488584182],"rotation_error":122.1749983643344,"translation_error":7.898776039291371,"ADD":0,"ADD_S":0}}
{"id_image":240,"data":{"Best_template_id":4,"GT_R":[0.9338389325075108,-0.3576548006548899,-0.005269811102691049,-0.16554568388073987,-0.4190872349855954,-0.892726044731966,0.3170794339992478,0.8345353960068661,-0.4505687944474181],"GT_T":[4.44233773733685,-81.81517824571026,1057.0756239771786],"R_pred":[0.9602214420891871,-0.27768340214808607,0.029439944354996847,-0.07992408388273149,-0.37432147239014824,-0.92384824301569,0.26755732650717506,0.8847459315979564,-0.38162509554954205],"T_pred":[-25.51971403925007,-80.33965449782777,1106.8673895175693],"rotation_error":6.82277402089222,"translation_error":58.13021273505445,"ADD":0,"ADD_S":0}}
{"id_image":407,"data":{"Best_template_id":4,"GT_R":[0.9682566799788784,-0.24844256940911444,0.02746856740433593,-0.08914793649810757,-0.445907354411575,-0.8906287037053788,0.2335187891717975,0.8599090304947997,-0.45390112015166356],"GT_T":[4.184149507996477,-92.3975790615395,1075.3500491926106],"R_pred":[0.9997969440530914,0.01777330550715432,0.00949632947243343,0.01854300130411851,-0.6269650493526526,-0.7788266713414874,-0.007888457690519053,0.7788446164040522,-0.6271673107980753],"T_pred":[-22.648391400132034,-78.45373595159141,1000.5050057365145],"rotation_error":19.262748437389998,"translation_error":80.72296167885665,"ADD":0,"ADD_S":0}}
{"id_image":515,"data":{"Best_template_id":22,"GT_R":[0.9826132798233813,-0.18533206708085806,0.011100123345247884,-0.07127337256498338,-0.43173890185938407,-0.8991784924728342,0.17143932339174578,0.8827538926945321,-0.4374418810706289],"GT_T":[16.490087360708962,-77.80749520167016,1088.7210362034677],"R_pred":[0.9569577664703289,-0.2900660943871387,0.009669233636198385,-0.152853127744277,-0.5320394569457214,-0.8328084639289479,0.2467139123173065,0.7954845549348482,-0.5534768001725049],"T_pred":[-9.722368337114576,-62.42155859808619,1057.8471711288246],"rotation_error":9.89432143874468,"translation_error":43.3245360451458,"ADD":0,"ADD_S":1}}
{"id_image":520,"data":{"Best_template_id":4,"GT_R":[0.9843385317158125,-0.1757412177975453,0.013872152210484549,-0.06433137953475396,-0.4313558638231939,-0.8998852430848854,0.16413140216894329,0.884899462400469,-0.43590635867462724],"GT_T":[22.42868105891781,-78.87513544286863,1087.7975156758453],"R_pred":[0.9955730538271524,0.09395995535920636,0.002412733340617,0.049003172693123,-0.49697656879983676,-0.8663792351678039,-0.0802058823234614,0.8626620525169963,-0.49938081619929897],"T_pred":[-5.97896957866727,-70.58651565359679,1094.019906627588],"rotation_error":16.028067233197916,"translation_error":30.239278792896595,"ADD":0,"ADD_S":1}}
{"id_image":532,"data":{"Best_template_id":22,"GT_R":[0.9862816668272151,-0.16381238034314435,0.020354480722470886,-0.05263375704458558,-0.4289492910444202,-0.9017942266871556,0.156456472640747,0.8883512434979685,-0.4316867154246148],"GT_T":[26.696065606138983,-75.92778649794151,1086.2436594597061],"R_pred":[0.9890270870980136,-0.14315460769932747,0.03649903123193664,-0.024873338010577,-0.40488772104219656,-0.9140280358968581,0.14562533448074833,0.9030906331280976,-0.40400565628919366],"T_pred":[0.12706633787726543,-66.19116152644537,1091.4163154196501],"rotation_error":2.3254284222665103,"translation_error":28.76577754263559,"ADD":0,"ADD_S":1}}
{"id_image":546,"data":{"Best_template_id":22,"GT_R":[0.9891746708932915,-0.14447562666706895,0.02566939887929523,-0.039265216321354345,-0.4291622562156562,-0.902373874321336,0.14138788770389443,0.8915983906115333,-0.4301897443333352],"GT_T":[37.90712838931634,-76.62746753716522,1084.367370421223],"R_pred":[0.9822371350646979,-0.18763576344748523,0.001740912224628452,-0.11641557239747785,-0.6166370274155379,-0.7785924421181448,0.1471652982304663,0.7645597404360293,-0.6275275119874263],"T_pred":[7.846629613177168,-59.10810103850855,990.9672094815486],"rotation_error":13.712965551567484,"translation_error":99.6702154745419,"ADD":0,"ADD_S":0}}
{"id_image":553,"data":{"Best_template_id":22,"GT_R":[0.9890060875633401,-0.1451630981566233,0.028188572900214207,-0.0370394960180793,-0.4277310323967048,-0.9031467113466288,0.1431605953164275,0.8921739732688245,-0.42840559446042087],"GT_T":[33.12621329991909,-74.5511125783333,1083.2713403015393],"R_pred":[0.9772538838076686,-0.21097801963031332,0.021520265233023667,-0.08355600344375687,-0.47631512245907665,-0.8752955491748499,0.19491854932595679,0.8535878275547667,-0.48310928347424514],"T_pred":[4.8131676396718035,-61.91379404171328,1085.3079052563094],"rotation_error":5.280226055584432,"translation_error":31.072141399817376,"ADD":0,"ADD_S":1}}
{"id_image":571,"data":{"Best_template_id":22,"GT_R":[0.9907203442228922,-0.1325032859441399,0.030242278215658037,-0.028658614732579513,-0.4211811888852341,-0.9065235703612378,0.13285507712869335,0.8972459425201804,-0.42107016972268085],"GT_T":[37.50482940550636,-68.59262748734233,1078.8153614229066],"R_pred":[0.9997548654335213,0.007980723737130019,0.02065229020311528,0.02213642702512167,-0.3420486613251665,-0.9394214665868688,-0.00043317498028488423,0.9396483498278989,-0.3421414780834725],"T_pred":[8.285354088428251,-64.21075540491698,1204.6889654144547],"rotation_error":9.566622806270646,"translation_error":129.29479000552638,"ADD":0,"ADD_S":0}}
{"id_image":582,"data":{"Best_template_id":4,"GT_R":[0.9912612914752964,-0.12711327490297744,0.03525749664349781,-0.0198420302940138,-0.407917342703939,-0.9128029238523871,0.1304117172413965,0.904127109020483,-0.4068754763399007],"GT_T":[38.59974634466537,-48.977436749941695,1079.0941388584502],"R_pred":[0.9967976450766356,0.07995084213810404,-0.001522370218494759,0.04667739760459229,-0.5972035665597776,-0.8007303670032404,-0.06492823209157164,0.7980950838901899,-0.5990230060254562],"T_pred":[8.591667320327142,-36.364968214398054,1002.6311664658132],"rotation_error":17.417036234697424,"translation_error":83.10322085459848,"ADD":0,"ADD_S":0}}
{"id_image":601,"data":{"Best_template_id":4,"GT_R":[0.9931741382274677,-0.10667291867249484,0.04717370488332388,-0.0010841007641801568,-0.41286768499364573,-0.9107898775469587,0.1166339714274104,0.9045230758600967,-0.41016578773221807],"GT_T":[45.42351558142191,-55.99650900828341,1074.0561918008868],"R_pred":[0.9998658122995027,0.0013097401555884295,0.016329175587922674,0.014224868645659198,-0.5637921403871923,-0.82579420895865,0.00812468501974769,0.8259156779104956,-0.5637351172979882],"T_pred":[14.246035462675913,-43.202317075898016,1023.5260773032647],"rotation_error":11.79298137625532,"translation_error":60.737295666668565,"ADD":0,"ADD_S":0}}
{"id_image":611,"data":{"Best_template_id":22,"GT_R":[0.993142356631106,-0.1050165663592661,0.05137127826227368,0.0032853256657927655,-0.4141666986624133,-0.9101949116856182,0.11686239699501935,0.9041232451333496,-0.41098135521653184],"GT_T":[44.14768305070767,-59.22871167769231,1069.8132216243669],"R_pred":[0.9983263194780083,-0.018299226869610257,0.054860715757892614,0.039044668646172925,-0.4865196480169763,-0.8727967380460058,0.04266232164104895,0.873477973614339,-0.48499088230891896],"T_pred":[13.256334715273182,-49.53153374871611,1065.2898408272697],"rotation_error":6.709306166595835,"translation_error":32.692072978061844,"ADD":0,"ADD_S":1}}
{"id_image":618,"data":{"Best_template_id":22,"GT_R":[0.9932677491922258,-0.09805859889931977,0.06166199109079999,0.015111704644524805,-0.4180809483255874,-0.9082845475148394,0.11484527913937723,0.9031017055390207,-0.41378458020963765],"GT_T":[42.9726424535158,-65.2959819959363,1065.8515643684673],"R_pred":[0.9996077903947801,0.027511729594585324,0.005231645704692273,0.019446435934938458,-0.5474770979051972,-0.8365946828654431,-0.020151960487588823,0.8363682992581782,-0.5477973772157814],"T_pred":[12.10314436764876,-49.12613112215638,983.5732125300643],"rotation_error":11.588092367095145,"translation_error":89.35388727189017,"ADD":0,"ADD_S":0}}
{"id_image":636,"data":{"Best_template_id":22,"GT_R":[0.9937283010274947,-0.08570589857760566,0.07181655491907209,0.030598019198991563,-0.4093276890091663,-0.9118744135980301,0.107550191029936,0.9083535049911309,-0.4041383492424739],"GT_T":[48.84567299746544,-53.699660921594166,1057.031961482647],"R_pred":[0.9928406982031563,-0.09239065392038295,0.07570544933908645,0.019793810363888685,-0.4977812259456303,-0.8670767302651732,0.1177945374911221,0.8623675655799152,-0.492388696837187],"T_pred":[16.189562656979895,-44.41305300640103,1036.8570494508665],"rotation_error":5.73420919239832,"translation_error":39.49290701671091,"ADD":0,"ADD_S":1}}
{"id_image":637,"data":{"Best_template_id":22,"GT_R":[0.9939924436644504,-0.08431656742298772,0.06978498363250922,0.02936907257775088,-0.40874567612843743,-0.9121753073781029,0.10543537297264523,0.908745312502708,-0.4038138357345636],"GT_T":[49.70080855113296,-53.62445499379906,1056.593798783086],"R_pred":[0.9891614573414718,-0.12930768484209793,0.06956388395476995,7.189842786677059e-05,-0.47333881315139126,-0.8808804475041142,0.1468318975587801,0.8713379887306699,-0.4681992132138615],"T_pred":[18.0560267765352,-47.34600091655512,1093.893671847247],"rotation_error":5.015582573387694,"translation_error":49.31624204827969,"ADD":0,"ADD_S":1}}
{"id_image":649,"data":{"Best_template_id":22,"GT_R":[0.992876547411676,-0.08808970775789597,0.08022603181479206,0.03709166225205983,-0.41134967265703987,-0.9107223717094535,0.11322659228030418,0.9072114758718822,-0.4051521102203118],"GT_T":[35.70999952831382,-60.045543793930406,1053.7922245893055],"R_pred":[0.9902548649951779,-0.11259245816938226,0.08196487489624787,0.018640319098574415,-0.47609397833636674,-0.8791968279604713,0.1380139154479902,0.872156787599126,-0.4693556188941259],"T_pred":[2.501633027346158,-55.428868994185294,1094.0735419457576],"rotation_error":4.457904111096094,"translation_error":52.40890973718495,"ADD":0,"ADD_S":1}}
{"id_image":654,"data":{"Best_template_id":4,"GT_R":[0.9933264790707184,-0.0863679952701537,0.07644146019622229,0.03438158664676378,-0.4108987361219153,-0.9110330642776365,0.11009412055601224,0.9075810556789536,-0.4051867909647108],"GT_T":[37.623192633510705,-60.266686081156514,1052.2030532717908],"R_pred":[0.9396257998304134,0.3400405961191717,0.0384154823472905,0.21919548934255884,-0.5118579627958408,-0.8306351565966661,-0.2627864032725681,0.7889067238358476,-0.555490312554285],"T_pred":[6.311509202794794,-51.398583789136545,976.1334869486022],"rotation_error":26.25552564205582,"translation_error":82.7384050977845,"ADD":0,"ADD_S":0}}
{"id_image":669,"data":{"Best_template_id":22,"GT_R":[0.9939857005380901,-0.07200949883751785,0.0825031452161567,0.04698568849515098,-0.40008401795523757,-0.9152730170511418,0.09891642438744416,0.9136450428092663,-0.39429500468839657],"GT_T":[42.55579051104086,-48.842891602611395,1047.8161422218375],"R_pred":[0.9988581679882289,-0.0033451644758493125,0.04765679508557452,0.04205138341345385,-0.411849799641516,-0.9102809586541167,0.02267248103348246,0.9112456048782198,-0.41123886756228883],"T_pred":[10.861865327537904,-41.54111221440283,1089.8386416884143],"rotation_error":4.484688005195134,"translation_error":53.138604960894504,"ADD":0,"ADD_S":1}}
{"id_image":672,"data":{"Best_template_id":4,"GT_R":[0.994592427384228,-0.06706982135265024,0.0792968552091432,0.0461948824273821,-0.39814043455294396,-0.916160298292375,0.09301861452059595,0.9148696029776185,-0.39288932018456385],"GT_T":[46.79517503624512,-48.17957067923065,1046.0678126762878],"R_pred":[0.9952707154981162,-0.05767227546568897,0.07816720229404761,0.03376496992493894,-0.5491210037129027,-0.8350605068420506,0.09108309216224952,0.8337505813634819,-0.5445767516137824],"T_pred":[13.639450919784561,-43.88665092147171,1074.22717657249],"rotation_error":9.870505309859158,"translation_error":43.71133693645319,"ADD":0,"ADD_S":1}}
{"id_image":675,"data":{"Best_template_id":22,"GT_R":[0.9948711870366473,-0.06121042615035219,0.08053107571006807,0.0495355548714259,-0.3993173951608891,-0.9154731600877599,0.08819407945989831,0.9147675394432407,-0.39423720258999434],"GT_T":[50.16448605966306,-50.945582349461716,1044.0987385861663],"R_pred":[0.9970193115186116,0.03246552232594878,0.06998915858228974,0.07704981452646026,-0.3722208514798448,-0.924940519063284,-0.003977252869965933,0.9275762111997712,-0.3736128395490253],"T_pred":[18.427340215322072,-48.05186621020312,1087.288418195782],"rotation_error":5.667943749652387,"translation_error":53.674653647888896,"ADD":0,"ADD_S":1}}
{"id_image":681,"data":{"Best_template_id":22,"GT_R":[0.9952588807092928,-0.05700150019868497,0.07880281694194327,0.04977019770421908,-0.397614803124713,-0.9162013045489236,0.08355840548325623,0.9157799516429682,-0.39289313734189807],"GT_T":[51.14997467220998,-51.76091576515847,1041.1035702808997],"R_pred":[0.9945902027057307,-0.09239421926819966,0.04747248600603095,-0.006913109273662142,-0.5148702618307227,-0.8572402361080198,0.10364621364016809,0.852274557714932,-0.512723649415427],"T_pred":[16.641525892076277,-44.67471109592273,1048.9563879064074],"rotation_error":8.257544150570906,"translation_error":36.093130627376915,"ADD":0,"ADD_S":1}}
{"id_image":685,"data":{"Best_template_id":4,"GT_R":[0.995067023773485,-0.058442009369303875,0.080163392913701,0.05052362064327062,-0.39687607666154734,-0.9164810785228599,0.08537557535878804,0.9160106607947754,-0.39196482248857156],"GT_T":[48.96035222940508,-51.44637906147603,1038.8296971112184],"R_pred":[0.967518956567893,0.24976835757228605,0.03902353440448689,0.15691445838499918,-0.47232069026663287,-0.8673471152288418,-0.19820424170919723,0.8452981326737296,-0.4961714879623657],"T_pred":[15.034207667617013,-49.26101035146331,1050.7684613840684],"rotation_error":18.7885344473492,"translation_error":36.0318361118154,"ADD":0,"ADD_S":1}}
{"id_image":694,"data":{"Best_template_id":4,"GT_R":[0.9953996729337378,-0.05601026090068491,0.0777317820557497,0.049567734013047766,-0.3932454074813972,-0.9180969104483694,0.0819907596023506,0.9177263132792408,-0.38866041340371504],"GT_T":[45.25579438139031,-50.7940371058403,1035.3315694931582],"R_pred":[0.9934445681925045,0.10487205562784013,0.045494415890298165,0.09564848987109087,-0.544614810413972,-0.8332143029636092,-0.06260396404532255,0.8321036955969758,-0.5510754789134311],"T_pred":[8.662713841548316,-49.0456781331199,1051.8865373873837],"rotation_error":13.698769538701809,"translation_error":40.20170723329658,"ADD":0,"ADD_S":1}}
{"id_image":698,"data":{"Best_template_id":4,"GT_R":[0.9954409915493314,-0.05619959670655908,0.0770632856861738,0.0486638922349149,-0.395624448759173,-0.917121898698457,0.08202983532625391,0.9166920891168792,-0.39108584505569677],"GT_T":[44.39116228518847,-55.62071275675612,1033.7780756983761],"R_pred":[0.9977900128007681,0.061556139156758255,0.02501863479802156,0.05508959890012023,-0.5558507845647025,-0.8294546650612248,-0.037151399005513015,0.828999847425148,-0.5580134644621173],"T_pred":[8.596118333555532,-53.436053928592614,1058.9812473291931],"rotation_error":12.821669796570424,"translation_error":43.83215447530757,"ADD":0,"ADD_S":1}}
{"id_image":780,"data":{"Best_template_id":4,"GT_R":[0.996160984244466,-0.027529041069563078,0.08309007702015994,0.06664355388587831,-0.37688922038511574,-0.9238577479501832,0.056749154552307154,0.925849628124862,-0.37360763877149933],"GT_T":[40.1751071816469,-54.45389966448913,1009.518202302326],"R_pred":[0.9579665272795586,0.2831131258486088,0.04633670881894754,0.1885933424656909,-0.499780434700751,-0.8453709648834331,-0.2161774358936676,0.8185758822873772,-0.5321661781322458],"T_pred":[1.7783633423507428,-56.44768681759272,1007.6661631593498],"rotation_error":20.222913900511188,"translation_error":38.49305357671075,"ADD":0,"ADD_S":1}}
{"id_image":946,"data":{"Best_template_id":4,"GT_R":[0.993684458617914,0.06290706063267698,0.09291970920218062,0.10859112350632696,-0.33045312588116754,-0.9375547510849314,-0.028273193205985682,0.9417240469947109,-0.33519709665936814],"GT_T":[60.639221255559804,-63.08886164904253,953.7573007971631],"R_pred":[0.9702512791649642,0.2399338775732114,0.032313923801249644,0.16468797646173836,-0.5562717890972636,-0.8145179967707694,-0.17745513711270147,0.7956088429920902,-0.579237639717154],"T_pred":[15.869122447456524,-73.18797091542872,945.418460692827],"rotation_error":18.55832201223326,"translation_error":46.64643619342664,"ADD":0,"ADD_S":1}}
{"id_image":1038,"data":{"Best_template_id":4,"GT_R":[0.9900900607451119,0.11253927663484634,0.08400552135750654,0.11477165384079571,-0.30371380014853455,-0.9458251641318437,-0.0809278122863962,0.9460941798692996,-0.3136198960578234],"GT_T":[75.38098971616701,-60.67163976598928,931.8373168331016],"R_pred":[0.9596824263255782,0.2798919010751774,0.02588753202552893,0.18293907080023092,-0.5520107731773498,-0.8135216055341692,-0.21340791216962363,0.7854582293213734,-0.580958202467901],"T_pred":[29.2313274578508,-78.48057780098141,978.0375015152323],"rotation_error":19.564312585316838,"translation_error":67.68608915540793,"ADD":0,"ADD_S":0}}
{"id_image":1045,"data":{"Best_template_id":22,"GT_R":[0.9904562005017656,0.11323761146220601,0.0785749902347435,0.10975775253933127,-0.30318412180035575,-0.9465901131531625,-0.08336632976596542,0.9461802773373754,-0.3127192458410993],"GT_T":[73.82536964152906,-61.67424808838351,930.2641862666633],"R_pred":[0.9958727853720037,0.06681139170920578,0.061429905528875194,0.08775550946718971,-0.5361135267578682,-0.8395720677734548,-0.023159574986632188,0.8414977863102908,-0.5397639388856196],"T_pred":[27.10021624498272,-79.6127388219172,1002.1139554727914],"rotation_error":14.917134843146803,"translation_error":87.56379813999472,"ADD":0,"ADD_S":0}}
{"id_image":1057,"data":{"Best_template_id":4,"GT_R":[0.9897472261270405,0.11938978385326832,0.07840141638363055,0.11180549004595904,-0.3060175643920569,-0.9454383977197863,-0.08888271981539558,0.9445104860080552,-0.31622801110826465],"GT_T":[74.35900647365814,-68.34275166686889,928.0445230564098],"R_pred":[0.9471015565338949,0.32019111104550013,0.021824161347493765,0.193470186503125,-0.5153676223589456,-0.8348445967714788,-0.2560623528469565,0.7949049416323535,-0.5500529112939457],"T_pred":[29.27582110151256,-87.05370539931204,983.5731557980597],"rotation_error":18.785270570785908,"translation_error":73.9325533647655,"ADD":0,"ADD_S":0}}
{"id_image":1063,"data":{"Best_template_id":4,"GT_R":[0.9894120620671353,0.12327096345241087,0.07660185366438065,0.1110287752352076,-0.3029873309395803,-0.9465045832205488,-0.09346725458618386,0.9449888974266227,-0.31346579362301225],"GT_T":[75.24856484772803,-67.56174312532698,926.3532224982134],"R_pred":[0.9299553521437455,0.3645894403653336,0.04751402943653446,0.19138283264713776,-0.3696644178009882,-0.9092418982755986,-0.31393574881997854,0.8546477392387751,-0.41354756368148277],"T_pred":[30.028858445159013,-86.71142849832934,996.3799838108478],"rotation_error":15.295681332522337,"translation_error":85.52940779028101,"ADD":0,"ADD_S":0}}
{"id_image":1076,"data":{"Best_template_id":22,"GT_R":[0.9896962965390093,0.1271773976623925,0.06578140559742071,0.10041018945072763,-0.2889491488283584,-0.952063913321649,-0.10207328466347866,0.9488592409439585,-0.29874277755540113],"GT_T":[76.52718079120608,-56.77549880093105,923.4512307582407],"R_pred":[0.9409242859903788,0.32850842582807427,0.08212004745162184,0.17162125001983297,-0.2535922853368818,-0.9519648624603996,-0.2919034679052751,0.909820403693816,-0.29499016669593553],"T_pred":[27.281075489069256,-65.60391106017241,940.3259381899153],"rotation_error":11.976924255938119,"translation_error":52.800336185983554,"ADD":0,"ADD_S":1}}
{"id_image":1080,"data":{"Best_template_id":4,"GT_R":[0.9898893158463538,0.12663797890993142,0.06388608697406761,0.09860765397174373,-0.290653936183576,-0.9517335355412833,-0.10195602082840564,0.9484109844504343,-0.3002026518921825],"GT_T":[75.51738983656284,-60.33577725423543,922.758339451244],"R_pred":[0.9202778192324,0.3912206516124774,0.0059276623357170655,0.2274912511917781,-0.5226843317799217,-0.8216135465916905,-0.31833389084427843,0.7574612142305936,-0.5700140725247559],"T_pred":[29.2788521835883,-78.76937912400422,951.0675240290959],"rotation_error":23.13484842358424,"translation_error":57.26438660844609,"ADD":0,"ADD_S":0}}
{"id_image":1091,"data":{"Best_template_id":4,"GT_R":[0.9912650955213476,0.11846971127273784,0.057953889051030646,0.09053826575993525,-0.29175723587615826,-0.9521974713069838,-0.09589744586222837,0.9491270841173968,-0.2999349126846499],"GT_T":[62.50989674803032,-66.28852583025237,922.6903501971744],"R_pred":[0.9418189856911122,0.3361130937747764,0.002233021476327951,0.19516334384891945,-0.5414321185263304,-0.817779022869747,-0.27365720785222114,0.7706356137768604,-0.5755280039835491],"T_pred":[14.865785209579796,-82.8619772032392,926.2297099820782],"rotation_error":21.708173750480316,"translation_error":50.56844591628329,"ADD":0,"ADD_S":0}}
{"id_image":1092,"data":{"Best_template_id":4,"GT_R":[0.99122804661188,0.11861242131318032,0.0582944387134985,0.09094859319200266,-0.29214433562064307,-0.9520400422458888,-0.09589311281377877,0.9489910637331775,-0.30036966717168584],"GT_T":[62.42533489251787,-67.69046123249751,922.3759911432313],"R_pred":[0.9653422508846515,0.26058139245609474,0.014549108653021336,0.1994701793406179,-0.7007057199956136,-0.6849986434433651,-0.1683032566849983,0.6641602456268151,-0.7283990540343611],"T_pred":[13.645896239459512,-78.8101848716911,869.2478692441239],"rotation_error":30.183699199453724,"translation_error":72.97725142567336,"ADD":0,"ADD_S":0}}
{"id_image":1110,"data":{"Best_template_id":4,"GT_R":[0.9905529761376352,0.1200473026186248,0.0662829555971764,0.09875074086045693,-0.2890867170889788,-0.9521955103199377,-0.09514612345315145,0.9497465071409344,-0.29821109999598056],"GT_T":[54.61777099039171,-69.71908469082585,919.7520462696222],"R_pred":[0.9690378639321283,0.2437377347244329,0.039465617152904045,0.1640167569620079,-0.5159520900656062,-0.8407686627084754,-0.18456468162008471,0.8212096915090168,-0.5399541840472598],"T_pred":[6.099792741860164,-92.1193893091404,982.7785568309789],"rotation_error":16.643670256143295,"translation_error":82.63237194864419,"ADD":0,"ADD_S":0}}
{"id_image":1111,"data":{"Best_template_id":4,"GT_R":[0.9905136967175026,0.1206828011425924,0.06571472713742108,0.09834930036814007,-0.28862047437773364,-0.9523791988984044,-0.09596917686659032,0.9498074140322446,-0.29775207544180804],"GT_T":[54.837709782904085,-70.63421968339213,919.6650336243449],"R_pred":[0.9756532996994829,0.21471196660757924,0.04471476468703889,0.14422040759215926,-0.47449866576825067,-0.8683613822701362,-0.16523048392915557,0.8536684295320145,-0.4939120362988549],"T_pred":[5.760303981791949,-91.10720155767659,974.8906415436263],"rotation_error":13.203147851245628,"translation_error":76.66552365337377,"ADD":0,"ADD_S":0}}
{"id_image":1149,"data":{"Best_template_id":4,"GT_R":[0.9889399666309346,0.12516363441325762,0.07956797047658028,0.11294301968060402,-0.28782218304269597,-0.9510009268921332,-0.09612859840143202,0.9494697186222507,-0.29877544590804217],"GT_T":[49.30970572601871,-76.30032892144378,919.5038170177481],"R_pred":[0.9700609981670569,0.24005860141441973,0.036790321038087256,0.17374607583570054,-0.5801402870910735,-0.7957697835590277,-0.169687833879827,0.7783374044595567,-0.6044807059388517],"T_pred":[0.4886812192581516,-96.63646732617644,943.7259743926804],"rotation_error":20.64156261168169,"translation_error":58.17012864866421,"ADD":0,"ADD_S":0}}
{"id_image":1150,"data":{"Best_template_id":4,"GT_R":[0.9887872035750132,0.12611418588614093,0.07997017659383097,0.11352931376653931,-0.28695660701436704,-0.9511926643778011,-0.09701071854726645,0.9496063835638479,-0.29805652425748763],"GT_T":[49.285009669595716,-76.06072157781294,919.4630117313715],"R_pred":[0.9825139443112438,0.18426453266594264,0.026700772186644586,0.12944839627946655,-0.5729589157894559,-0.8092967277321991,-0.13382623784084918,0.7986016922213305,-0.586792872525384],"T_pred":[-0.37695841023868093,-100.90618154924236,1020.6256448204053],"rotation_error":18.913697710633116,"translation_error":115.40141371864074,"ADD":0,"ADD_S":0}}
{"id_image":1160,"data":{"Best_template_id":4,"GT_R":[0.987335746888344,0.13121739371067453,0.08915573905424795,0.12354871899880794,-0.2834834019585654,-0.9509854188904265,-0.09951131873638412,0.9499577380646232,-0.2961054247250351],"GT_T":[49.295840454630465,-75.5438424771097,919.3235912900589],"R_pred":[0.8874332110285229,0.4589487231835848,0.04275939021737807,0.2968997217952234,-0.4981923153969589,-0.8146502145567359,-0.35258027619468973,0.7356429068288325,-0.5783741543939372],"T_pred":[0.6769725501916642,-90.01317846385524,898.4610703333924],"rotation_error":25.970761613313265,"translation_error":54.848890425184955,"ADD":0,"ADD_S":0}}
{"id_image":1182,"data":{"Best_template_id":4,"GT_R":[0.985135859502912,0.15513796529688245,0.07374915277962975,0.11485564195644893,-0.2756560248429121,-0.954370070552854,-0.12772896106672216,0.9486547228531421,-0.28937772799201394],"GT_T":[69.84041274193677,-70.9486159292775,915.2365697323781],"R_pred":[0.9346612743867063,0.35534118091543826,0.011872123122655981,0.21906357668355175,-0.5492644445413403,-0.8064240319666214,-0.28003473272511636,0.7563340631680651,-0.5912185157446085],"T_pred":[20.599541575402416,-91.20829340275807,945.5428763368508],"rotation_error":22.532815756441245,"translation_error":61.26654996466664,"ADD":0,"ADD_S":0}}
{"id_image":1220,"data":{"Best_template_id":4,"GT_R":[0.9828361826940811,0.1659790781622088,0.08051768886249193,0.12147453218212657,-0.25380011252876555,-0.9595986306349387,-0.13883752229508495,0.9529099347235372,-0.26960623478169266],"GT_T":[70.35360573104631,-56.290669597608954,914.3018942510286],"R_pred":[0.9371169917912516,0.3489836245012837,0.004708877367496311,0.2190796054275423,-0.5776791424325348,-0.786314781041361,-0.2716907620472722,0.7379005612061548,-0.6178081349333419],"T_pred":[20.90779938792994,-74.46320241348488,909.2477321798198],"rotation_error":24.868657246116175,"translation_error":52.921387624542696,"ADD":0,"ADD_S":0}}
{"id_image":1528,"data":{"Best_template_id":4,"GT_R":[0.9694765940713415,0.24205930660182812,0.03901343867094195,0.10964852243734005,-0.2857147022881282,-0.9520209893555929,-0.21929882312726057,0.9272406562396687,-0.3035352034740854],"GT_T":[59.226929914401886,-73.59660834250198,901.3490156766787],"R_pred":[0.962790379240486,0.2691075136279432,0.024815957586750995,0.13808555640904446,-0.41093088299403774,-0.9011482611163077,-0.23230812459568795,0.8710436013832643,-0.43280016143262645],"T_pred":[9.309415465467975,-110.86288859576902,1065.3305450649555],"rotation_error":8.118783050610114,"translation_error":175.41515291785038,"ADD":0,"ADD_S":0}}
{"id_image":1536,"data":{"Best_template_id":4,"GT_R":[0.9692816369336248,0.2440675674554996,0.030393641022359134,0.1022102643976725,-0.2873154268985659,-0.9523673840255651,-0.2237092811305364,0.926218643454584,-0.30343578587566794],"GT_T":[59.22087672308614,-73.67655027270675,896.00492340269],"R_pred":[0.961323731264718,0.2753716627217785,0.005208750053791358,0.14724861990685695,-0.4978795246475561,-0.8546542124580264,-0.23275422153594932,0.8223663577181198,-0.5191714996517313],"T_pred":[7.9196412105814575,-108.64579332577145,1040.7831454690124],"rotation_error":13.77215562157118,"translation_error":157.52903957524515,"ADD":0,"ADD_S":0}}
{"id_image":1545,"data":{"Best_template_id":4,"GT_R":[0.9692568589166414,0.24468436351621603,0.025883713150688638,0.0971063406916043,-0.2837483631434652,-0.9539689262368469,-0.2260769799024238,0.9271555940128553,-0.29878585644626443],"GT_T":[61.2728381079175,-62.67455603370958,892.922441922937],"R_pred":[0.9456122791358935,0.3249803080399809,0.014325394712221717,0.1663314071667588,-0.4451988407648151,-0.8798476317929094,-0.27955550528892775,0.8343774874527141,-0.47503992242205106],"T_pred":[11.54618440160857,-95.0529103537659,1025.6098208884744],"rotation_error":11.904275767249665,"translation_error":145.3514308634298,"ADD":0,"ADD_S":0}}
{"id_image":1566,"data":{"Best_template_id":4,"GT_R":[0.9659897526320663,0.2562616670470768,0.03455136185096518,0.11187350359045094,-0.2937196829421513,-0.9493225152576554,-0.23312535862818198,0.9209011400562066,-0.3123990658676343],"GT_T":[68.44368798287326,-65.6841698191433,885.7175137318509],"R_pred":[0.9300227887926483,0.36738426935433866,-0.009295749422365635,0.20150948621683118,-0.5309420323688381,-0.8231005316658934,-0.3073296915219442,0.7636290702265246,-0.5678196049926422],"T_pred":[17.208047816675293,-93.6031294214253,964.184906753658],"rotation_error":17.79080179563597,"translation_error":97.78389896170387,"ADD":0,"ADD_S":0}}
{"id_image":1571,"data":{"Best_template_id":4,"GT_R":[0.9648269567214338,0.2601512429938511,0.03781435270161142,0.11616811748024153,-0.2928839541923256,-0.9490651788606362,-0.23582438365767014,0.9200769716889311,-0.3128039028495374],"GT_T":[70.62231086391242,-63.1977079964507,883.8572108728938],"R_pred":[0.8710731375230559,0.49114433957301573,0.0029709916063356268,0.2786518206774574,-0.48920592246268374,-0.8264567310274462,-0.40445611865674236,0.720732129943449,-0.5629924022118792],"T_pred":[19.91286762762881,-89.35105804292218,930.9455526528745],"rotation_error":21.33430018960919,"translation_error":73.9780865092861,"ADD":0,"ADD_S":0}}
{"id_image":1584,"data":{"Best_template_id":4,"GT_R":[0.9633131835654383,0.26471116911433146,0.04422744912898837,0.12616779752382054,-0.3012205823855294,-0.945170443004542,-0.2368746267671969,0.9160755941836647,-0.3235676462482103],"GT_T":[73.66274406050948,-69.2579939066121,878.7024136175226],"R_pred":[0.9294517182962575,0.3688469645693295,0.008451040416825484,0.2452606505087553,-0.6005921913033024,-0.7610100085133702,-0.27562060276430217,0.7093947677235075,-0.6486850906706224],"T_pred":[20.727929553309256,-92.96005352118725,888.2692673981858],"rotation_error":22.36600533330524,"translation_error":58.782709261696674,"ADD":0,"ADD_S":0}}
{"id_image":1588,"data":{"Best_template_id":4,"GT_R":[0.9637379171967658,0.2629339715153739,0.04555035738264757,0.12869516069625483,-0.3084323137343072,-0.9425005339121676,-0.2337657607046919,0.9141859409691538,-0.3310855222123167],"GT_T":[72.63799032287753,-75.67374007839283,875.8296576120424],"R_pred":[0.9670235804855961,0.2532284252743338,0.02721689581675628,0.1551727782135332,-0.5010641404481379,-0.8513848342896781,-0.2019574303815353,0.8275325321641742,-0.523834997421552],"T_pred":[25.623584263161998,-112.04964454891103,1024.6782946400765],"rotation_error":12.327298964324372,"translation_error":160.27937343370021,"ADD":0,"ADD_S":0}}
{"id_image":1603,"data":{"Best_template_id":4,"GT_R":[0.9598088518939192,0.2753627855021442,0.05423812822728408,0.14534860936802046,-0.32238665706322006,-0.9353830729365709,-0.24008372406517567,0.9056726273119579,-0.3494530635086844],"GT_T":[83.87337175835746,-88.45199540624412,863.7974085965043],"R_pred":[0.87947394614018,0.47583821403060134,-0.010177039293774892,0.31926952302583733,-0.6056821633218077,-0.7288457235249922,-0.3529766985616383,0.6377516061147809,-0.6846023219143678],"T_pred":[36.14011742869423,-92.67050587406571,820.9911826887896],"rotation_error":25.86842451297178,"translation_error":64.25443467909226,"ADD":0,"ADD_S":0}}
{"id_image":1611,"data":{"Best_template_id":4,"GT_R":[0.9606203618789175,0.2699604987935682,0.06580433342347462,0.15627389047075976,-0.3290777240915046,-0.9312820176855402,-0.22975432403828583,0.9048919975703896,-0.35830643595228573],"GT_T":[79.3018422971648,-92.20450316851574,859.4734015585618],"R_pred":[0.9793794393355032,0.20195872896714262,0.005346550369242309,0.11405377811900885,-0.5308617668433163,-0.8397484862747726,-0.16675625776460237,0.8230421959401404,-0.5429492556384775],"T_pred":[39.773753672826984,-109.8619470999949,967.2688481547717],"rotation_error":13.110972079943187,"translation_error":116.16416583165041,"ADD":0,"ADD_S":0}}
{"id_image":1617,"data":{"Best_template_id":4,"GT_R":[0.9611422808495799,0.2674329920934361,0.06844921284435439,0.15914954283536356,-0.33420959789460497,-0.9289646347123917,-0.22555849804568365,0.9037611772126276,-0.36378517367577207],"GT_T":[77.6040682770455,-94.57850577404189,856.9058038441467],"R_pred":[0.8220179390263257,0.5691824172117445,0.017829297684071987,0.35332835475386537,-0.48522578266940436,-0.7998218636420178,-0.4465933067633664,0.6637675163563366,-0.5999725848605936],"T_pred":[35.34196656627641,-102.18126473913476,883.6923842097074],"rotation_error":24.23064311006488,"translation_error":50.61035538872783,"ADD":0,"ADD_S":0}}
{"id_image":1628,"data":{"Best_template_id":4,"GT_R":[0.9587264237856996,0.2756436341520967,0.06974231135211548,0.16261987080780305,-0.33037950425442264,-0.9297333628277847,-0.23323322056619844,0.9027019083946834,-0.3615689946595172],"GT_T":[89.06387617373844,-84.18238768755255,854.0637720533401],"R_pred":[0.9329135193340589,0.3595674906166375,0.019585329596260637,0.21713799826224034,-0.5183192221147414,-0.8271615765357072,-0.28726895960825144,0.7759229366876736,-0.561622774794229],"T_pred":[45.930922247231415,-104.68124118550017,944.5511961397322],"rotation_error":13.954730161797535,"translation_error":102.31631652354895,"ADD":0,"ADD_S":0}}
{"id_image":1629,"data":{"Best_template_id":4,"GT_R":[0.9587730018530223,0.27537294642529536,0.07017247406192903,0.16271643894637983,-0.32954200946536977,-0.9300134447477003,-0.2329755567451671,0.9030902931292355,-0.3607637374845928],"GT_T":[89.7157252482414,-82.49831786892074,854.2040295643324],"R_pred":[0.9149125538495447,0.40340206939528145,-0.014205253116687022,0.26945592332367174,-0.6365697059439002,-0.7226150530263566,-0.30054704156636136,0.6573018940198645,-0.6911046924479727],"T_pred":[40.67627293212828,-90.11287072908398,818.969769662928],"rotation_error":24.08414140712856,"translation_error":60.86298028789145,"ADD":0,"ADD_S":0}}
{"id_image":1645,"data":{"Best_template_id":22,"GT_R":[0.9577718453286896,0.2802752067180913,0.06418666524599358,0.1606160886187128,-0.33635569832162754,-0.9279368888416769,-0.23848768870489476,0.8990610625705387,-0.36716896359797213],"GT_T":[98.15713455530951,-82.93027000936057,848.0688835037662],"R_pred":[0.9884240036364904,0.15102325224933974,0.014490214465098503,0.0865512550785234,-0.48285535006132335,-0.8714124116407165,-0.1246068588784126,0.8625790909807571,-0.49033707031313284],"T_pred":[55.237190276286476,-101.99798686011583,944.3095978438922],"rotation_error":11.458708519127825,"translation_error":107.08862936611318,"ADD":0,"ADD_S":0}}
