{"id_image":22,"data":{"Best_template_id":148,"GT_R":[-0.0019229046494746499,-0.9984329637917455,0.05591852418105662,-0.5142382569336207,-0.04697155478483275,-0.8563600943826362,0.8576461372391091,-0.0304018743640091,-0.5133419327560481],"GT_T":[124.42870600698566,-70.74814112667916,1091.5034875207941],"R_pred":[-0.2983931587749886,-0.9531935932112844,0.04882106776019013,-0.2563009590746662,0.030751403952653078,-0.96610774219667,0.9193863938375916,-0.30079282740102276,-0.253480440686077],"T_pred":[141.1277673405234,-83.807580674311,1069.756823272553],"rotation_error":23.03952990659127,"translation_error":30.3698043563872,"ADD":0,"ADD_S":1}}
{"id_image":42,"data":{"Best_template_id":140,"GT_R":[0.007824055712999562,-0.9988613195773854,0.047059287418916185,-0.49324382059045696,-0.044792875921027056,-0.8687369256997328,0.8698563748089811,-0.01641397512514142,-0.49303211122301355],"GT_T":[150.1113173287785,-61.785983729284425,1088.4411934434797],"R_pred":[-0.45404484272833795,-0.8659252851037215,0.20980152861654236,-0.5640762280990973,0.09709837616295958,-0.8199938501232871,0.6896820207061325,-0.4906580336288762,-0.5325348855710303],"T_pred":[135.94685450995019,-66.8015784255328,1011.4278192569836],"rotation_error":30.22949982422777,"translation_error":78.46558481711754,"ADD":0,"ADD_S":0}}
{"id_image":49,"data":{"Best_template_id":98,"GT_R":[0.01331080731788321,-0.9982365448477126,0.05784967123198065,-0.49492154384154075,-0.05684820738895813,-0.8670763529391413,0.8688365167918163,-0.01708945751947597,-0.4948048345391713],"GT_T":[157.04802334643293,-69.41497955519581,1089.245830406243],"R_pred":[-0.1922174592298318,-0.951198988402768,0.24139787246117,-0.564010473105755,-0.09422214259405459,-0.8203745328031634,0.8030844504746999,-0.2938412365658317,-0.5183750506141402],"T_pred":[96.60044775133582,-25.06158008359622,746.0322733190004],"rotation_error":16.662810391522967,"translation_error":351.3071009935469,"ADD":0,"ADD_S":0}}
{"id_image":62,"data":{"Best_template_id":98,"GT_R":[0.012460390853993152,-0.9966326755430941,0.08103819515598955,-0.509910869868626,-0.07604728338819655,-0.8568593964768787,0.8601374513092737,-0.03064571177807637,-0.5091413737076318],"GT_T":[153.09805969525476,-89.01791740607653,1085.1295012430992],"R_pred":[0.08784858203532653,-0.9957639460645029,0.027143882412648757,-0.6599853441659855,-0.07859242186616966,-0.7471563268227843,0.7461246357817759,0.0477220592939917,-0.6640938434711263],"T_pred":[144.3933307607073,-84.94669551003017,997.0087215192337],"rotation_error":11.923523905414525,"translation_error":88.6432116560135,"ADD":0,"ADD_S":0}}
{"id_image":89,"data":{"Best_template_id":98,"GT_R":[-0.03589994633110735,-0.9958073212518096,0.08413184267642797,-0.4935064803424904,-0.05554028048599734,-0.8679671881348104,0.8690018302949856,-0.07267917164782518,-0.4894432894475334],"GT_T":[116.22092301580832,-76.60498655893777,1107.6256862973657],"R_pred":[-0.030931859267130934,-0.982069622421978,0.18596364375391128,-0.5484553847880118,-0.13886492000073059,-0.8245685083061469,0.8356075101262027,-0.1274981988466659,-0.5343260224914599],"T_pred":[81.04296196753336,-37.8996065127606,816.5493197130262],"rotation_error":6.85121815425976,"translation_error":295.7381385144192,"ADD":0,"ADD_S":0}}
{"id_image":100,"data":{"Best_template_id":98,"GT_R":[-0.06150565793769324,-0.9934098054987363,0.09670998662287413,-0.4856984994413303,-0.05485862090128683,-0.8724028299171751,0.8719604463809891,-0.10062957147804577,-0.479123639213894],"GT_T":[106.1103721556218,-70.8102373692613,1113.0156927021471],"R_pred":[0.047017337545093185,-0.9932931957662994,0.10563142153044597,-0.5217029938561113,-0.11459798398471377,-0.8453953443615652,0.8518305912396789,-0.015359990592812511,-0.5235921261031795],"T_pred":[78.7501534189989,-28.69070706450625,799.3146449988146],"rotation_error":6.674010808117417,"translation_error":317.6963703484469,"ADD":0,"ADD_S":0}}
{"id_image":128,"data":{"Best_template_id":98,"GT_R":[-0.1583269227566117,-0.9853135310873804,0.06394323382397876,-0.47898886764942755,0.020014829219402033,-0.8775932185447338,0.8634253289452292,-0.16957389899678085,-0.4751232534935165],"GT_T":[22.431272881784775,-90.51610239098096,1107.4139926460784],"R_pred":[0.13217563375071284,-0.9912208345100597,-0.0032953111808050606,-0.5439600623700311,-0.069755096160809,-0.8362067191227227,0.8286356572034476,0.11231867072208951,-0.5484044710049631],"T_pred":[25.55295002460094,-48.09645448149599,806.4632914902822],"rotation_error":17.682549994772007,"translation_error":303.94159952713613,"ADD":0,"ADD_S":0}}
{"id_image":205,"data":{"Best_template_id":98,"GT_R":[-0.1244478038881735,-0.9895360722773017,0.07301624369701384,-0.4645274941792054,-0.006921270892885395,-0.8855320636498814,0.8767708589690648,-0.14412028933703908,-0.4588046965494721],"GT_T":[57.05319259619532,-84.9991330673811,1102.2976346418172],"R_pred":[-0.029065897373669825,-0.9918331198647131,0.12418629533605274,-0.582277074979976,-0.0841826555788251,-0.8086202374739707,0.8124706650474386,-0.09581410563756743,-0.5750748434753916],"T_pred":[47.72197379965266,-67.34225388646743,943.6144256842811],"rotation_error":9.723024770910685,"translation_error":159.93498001281463,"ADD":0,"ADD_S":0}}
{"id_image":360,"data":{"Best_template_id":140,"GT_R":[-0.14207304248888875,-0.9869722417925286,0.0755054846418221,-0.43250815207562515,-0.006716181112488539,-0.9016051892134886,0.8903670098439427,-0.16075063181945365,-0.42591900924121046],"GT_T":[109.10138964197859,-79.84822199031345,1167.9829259121802],"R_pred":[-0.03468902059820156,-0.9992175717965028,-0.018997791004177533,-0.41936141732919396,0.03180809731555645,-0.9072619503764136,0.9071563666235206,-0.023505087922936263,-0.42013668887178596],"T_pred":[100.39388088353243,-33.28098982760377,795.2067732609934],"rotation_error":8.255664596157255,"translation_error":375.7743841795168,"ADD":0,"ADD_S":0}}
{"id_image":454,"data":{"Best_template_id":140,"GT_R":[-0.20826123730281815,-0.97561290463662,0.06932629015730563,-0.3941814798307307,0.018852548375058446,-0.9188390675703332,0.8951254846960712,-0.21868552532865532,-0.3884943032183101],"GT_T":[134.5342227430508,-48.38979125752375,1202.9020004532672],"R_pred":[-0.4717755726204437,-0.8737524747745165,0.11825574786901544,-0.5129982497819656,0.16292456808518108,-0.8427860824876601,0.7171196586339634,-0.45827087834561864,-0.525097321704313],"T_pred":[143.08864325717587,-60.20774098973706,1141.1958386865863],"rotation_error":19.55062805201373,"translation_error":63.40735325008762,"ADD":0,"ADD_S":0}}
{"id_image":512,"data":{"Best_template_id":98,"GT_R":[-0.2658076823927004,-0.9617759744176788,0.06582092100226788,-0.3829964043436433,0.042698344610995864,-0.9227623780524439,0.8846810867503402,-0.27048653895059177,-0.37970606954561326],"GT_T":[103.39306310338675,-62.93716057884117,1223.1796285132318],"R_pred":[-0.16094863847870655,-0.9680203398765864,0.1924374115318238,-0.49346165116102825,-0.08993271990620477,-0.8651056032206147,0.8547462398895255,-0.2341980518183061,-0.46320636644936963],"T_pred":[66.26465887942602,-10.762321008426646,775.9981528679592],"rotation_error":10.686198557942026,"translation_error":451.7432948530613,"ADD":0,"ADD_S":0}}
{"id_image":513,"data":{"Best_template_id":98,"GT_R":[-0.2652788143367479,-0.961766192584594,0.06805926923464464,-0.38449534818829906,0.04079179580757092,-0.9222255684638989,0.8841895928869571,-0.27081450528134937,-0.3806149963716376],"GT_T":[104.67598096079608,-63.284137561859765,1223.0946900008096],"R_pred":[-0.06141225144727991,-0.984421836043926,0.16474885156528818,-0.5254275028657075,-0.10845304382395149,-0.8438980249518461,0.8486191575756952,-0.13838925538214797,-0.5105819614814959],"T_pred":[72.51593340928862,-15.29547797846123,807.5794640020704],"rotation_error":14.949664174124113,"translation_error":419.51171991245945,"ADD":0,"ADD_S":0}}
{"id_image":526,"data":{"Best_template_id":98,"GT_R":[-0.27090138006911424,-0.9600436238210814,0.07019989793457428,-0.3857298576962735,0.041448649946076735,-0.9216799964240235,0.881944408952443,-0.2767619120992637,-0.38154656978096113],"GT_T":[104.94908623640718,-66.75656306881889,1222.4464439093708],"R_pred":[-0.11766852932134664,-0.9820502104542774,0.14741608241321735,-0.4654147101611044,-0.07659762826008731,-0.8817720515590094,0.8772361510864712,-0.17236643377304806,-0.44804748379536186],"T_pred":[70.62912445958678,-12.077003982211282,769.1534093635881],"rotation_error":10.513119143032844,"translation_error":457.8671085871886,"ADD":0,"ADD_S":0}}
{"id_image":530,"data":{"Best_template_id":140,"GT_R":[-0.2743681056528874,-0.9582623245497034,0.08034711388921585,-0.38940619759671496,0.0343192698703645,-0.9204262467855282,0.8792535412169916,-0.2838231316672163,-0.3825685308334839],"GT_T":[98.95448070334218,-68.61946894579116,1223.0889929719056],"R_pred":[-0.08624823421381456,-0.9948416086913519,-0.053398648966075546,-0.3462801877726742,0.08019129568908445,-0.9346974845648335,0.9341580560328753,-0.06212511337703125,-0.35141029671421203],"T_pred":[98.0800449890793,-22.891255684162097,819.6957768042043],"rotation_error":13.585461665945578,"translation_error":405.97773458164073,"ADD":0,"ADD_S":0}}
{"id_image":546,"data":{"Best_template_id":98,"GT_R":[-0.30065985867159717,-0.9501665757731413,0.08238481416738322,-0.38580025278181385,0.042168600086846,-0.9216179388722832,0.8722170133148899,-0.30887705249256586,-0.37925252215983446],"GT_T":[71.78778350754368,-76.52427925288352,1226.1537625449616],"R_pred":[-0.2084349080628638,-0.9528627412997441,0.22047105330079642,-0.5539290101915322,-0.07076965432180948,-0.8295506661412557,0.8060505820164484,-0.29503262916143463,-0.5130674487443502],"T_pred":[48.65946289542899,-28.824031190021824,831.5571539620494],"rotation_error":12.809884350922935,"translation_error":398.1415783169743,"ADD":0,"ADD_S":0}}
{"id_image":562,"data":{"Best_template_id":140,"GT_R":[-0.30045424518695824,-0.950013162151826,0.08486569668801615,-0.38031193550649595,0.03772862379960312,-0.9240880989499098,0.8746948953944914,-0.3099213169010127,-0.37263742151630813],"GT_T":[81.04035448094652,-69.88073006342661,1225.8315250370147],"R_pred":[0.012965760749227062,-0.9979813532645005,0.06216998942053448,-0.09780635663147857,-0.06314285098411165,-0.9932003307349802,0.9951210005073099,0.006796977707323015,-0.09842761524783772],"T_pred":[79.82338635028904,-29.236465218981927,863.4377066092421],"rotation_error":25.371727244066744,"translation_error":364.6679543239819,"ADD":0,"ADD_S":0}}
{"id_image":563,"data":{"Best_template_id":98,"GT_R":[-0.2985628554584035,-0.9506245241166154,0.0846970042022914,-0.38189014682129485,0.03766497488220974,-0.9234392695628483,0.8746544272741876,-0.30804898228079086,-0.3742801800976797],"GT_T":[84.50188511495026,-71.07906970113976,1225.5335283555191],"R_pred":[-0.12069512722140696,-0.9739651607279505,0.1918972432141376,-0.5357339230293963,-0.09883436970724291,-0.8385826918557912,0.8357163693386299,-0.20401870760484064,-0.5098573496250782],"T_pred":[61.54437868827983,-23.101900726479865,829.1240502406134],"rotation_error":14.29753081736682,"translation_error":399.96166089199795,"ADD":0,"ADD_S":0}}
{"id_image":588,"data":{"Best_template_id":140,"GT_R":[-0.3244641906850707,-0.9405372887492508,0.10055603942113182,-0.3743589163078867,0.03005825928570347,-0.9267967886131282,0.868665345079311,-0.33835615264046165,-0.36185124703418997],"GT_T":[54.40355883854981,-58.42686238376175,1232.4715546767156],"R_pred":[-0.04002206634390226,-0.9976537148101962,-0.055545472641613525,-0.2703978009955176,0.06432963257067248,-0.9605970682810305,0.961916453452353,-0.0234257059389526,-0.2723379754623084],"T_pred":[66.65214884926017,-5.841854725947751,754.090841406945],"rotation_error":19.84540137451406,"translation_error":481.4180281378309,"ADD":0,"ADD_S":0}}
{"id_image":598,"data":{"Best_template_id":98,"GT_R":[-0.3252080557831688,-0.9406395045963988,0.09714234684592588,-0.3741612207575941,0.033650613205546596,-0.9267525650271667,0.8684726353331037,-0.3377341823101983,-0.3628944653094966],"GT_T":[61.40322555256376,-63.8856078784563,1234.5962563478447],"R_pred":[0.19459632564965368,-0.9806138287504378,0.022995410565184782,-0.4419458843553274,-0.10858220544031927,-0.8904458096723822,0.8756803671117916,0.16311475569403194,-0.45450794396779753],"T_pred":[60.6834031117646,-12.483144389608526,814.0172215372362],"rotation_error":30.759953151853885,"translation_error":423.70916430883534,"ADD":0,"ADD_S":0}}
{"id_image":603,"data":{"Best_template_id":148,"GT_R":[-0.32402665140520376,-0.9405832052204633,0.10153969668520303,-0.37355758001418166,0.02859725647970887,-0.9271664078448901,0.8691739121191996,-0.3383570893932762,-0.3606278675920893],"GT_T":[62.18279377717629,-63.50718554984005,1235.4542392086544],"R_pred":[-0.0013662270485481631,-0.9988439491045774,0.04805100166306464,-0.37051036730289344,-0.04412554964908766,-0.9277796093842765,0.9288273257956651,-0.01907095187288621,-0.3700217529415472],"T_pred":[91.8666382054996,-81.344591038374,1253.6324468585092],"rotation_error":19.145788366256244,"translation_error":39.11202996481417,"ADD":0,"ADD_S":1}}
{"id_image":610,"data":{"Best_template_id":140,"GT_R":[-0.3275104187942248,-0.939303094863877,0.10220570981668956,-0.3765686097974843,0.030553712852833592,-0.9258842906816226,0.8665642705471976,-0.341723969944525,-0.363718678937846],"GT_T":[66.05542222750596,-63.97425337008277,1235.0395540751394],"R_pred":[-0.160330882766493,-0.9870462881212807,-0.005799408359353331,-0.38263191241155653,0.06756668259433929,-0.921426916802125,0.9098828647884252,-0.14551415226429748,-0.38850843472852803],"T_pred":[72.95154465551295,-14.98200133252405,795.6887234952762],"rotation_error":11.78459772982181,"translation_error":442.12775257324597,"ADD":0,"ADD_S":0}}
{"id_image":612,"data":{"Best_template_id":98,"GT_R":[-0.32717947510743883,-0.9396045442913622,0.10048449910422723,-0.37712086489004404,0.0323301030207094,-0.9255997067161736,0.8664493487259605,-0.34073148635478695,-0.3649221156043565],"GT_T":[67.83730766990507,-64.72643409221583,1234.7599825064442],"R_pred":[-0.0019500577335268554,-0.9904937649772609,0.13754380689804435,-0.4854071200075351,-0.11931551398004259,-0.8661083858095757,0.8742860659537166,-0.06845370453707267,-0.48056005370226607],"T_pred":[54.112078605392234,-13.148331990916294,805.48067219639],"rotation_error":19.7614667600444,"translation_error":432.5845683672977,"ADD":0,"ADD_S":0}}
{"id_image":618,"data":{"Best_template_id":98,"GT_R":[-0.33287583355635564,-0.9375816037275717,0.10067129789604705,-0.37120874119257957,0.03215078802718319,-0.9279928000211346,0.8668330969673993,-0.34627609262691095,-0.35874045936780424],"GT_T":[67.42614997253769,-56.101981688744274,1234.737886820941],"R_pred":[-0.00933177753052572,-0.994189971201477,0.10723441187663335,-0.46808103221743996,-0.09042144058053092,-0.8790472742472943,0.8836362742703454,-0.05839746780253546,-0.4645176751727268],"T_pred":[55.81974806208368,-8.689429002782598,815.7010075287944],"rotation_error":19.48460743716548,"translation_error":421.8703176622018,"ADD":0,"ADD_S":0}}
{"id_image":621,"data":{"Best_template_id":148,"GT_R":[-0.34095175638776787,-0.9349822319002937,0.09777190691779555,-0.3609360215196828,0.03416283368499896,-0.9319647863002517,0.8680313683821063,-0.35304414145715984,-0.349116381144997],"GT_T":[60.77338412467,-49.2859048719853,1236.0818834905365],"R_pred":[-0.546397206133896,-0.8037508090449692,0.2354458113635277,-0.01891103318272208,-0.2692089594941095,-0.9628961049625555,0.8373126452843255,-0.5305762651001795,0.13189526511330507],"T_pred":[54.68565356554295,-18.20888747363435,878.7601599265133],"rotation_error":30.463451520378104,"translation_error":358.7222541249736,"ADD":0,"ADD_S":0}}
{"id_image":622,"data":{"Best_template_id":98,"GT_R":[-0.34174850836209264,-0.934679682186476,0.0978885934538475,-0.36256616368378247,0.035030863084667366,-0.9312995636265113,0.8670378613992978,-0.353760681760731,-0.35085502659961926],"GT_T":[60.78660413093199,-48.73884992751169,1235.7582320203026],"R_pred":[-0.07813946980537034,-0.9892079072885961,0.1239432911304656,-0.4502520501516597,-0.07590526254250574,-0.8896693107287563,0.8894758650985211,-0.12532400917649028,-0.4394616913124149],"T_pred":[49.51248568878379,-1.3889709127743248,793.6873818327144],"rotation_error":16.02358663760506,"translation_error":444.7423449312364,"ADD":0,"ADD_S":0}}
{"id_image":638,"data":{"Best_template_id":98,"GT_R":[-0.3583617414029473,-0.9275002510264927,0.10639644849218546,-0.36060653338320214,0.03239818093242469,-0.9321547595454933,0.8611276781402191,-0.37241559222972276,-0.3460731132006445],"GT_T":[43.27839638768323,-47.82909863831828,1237.9268903936104],"R_pred":[-0.2777483478069426,-0.9299658620374769,0.24087206300317693,-0.4415342421597004,-0.09910397805510507,-0.8917544025874571,0.8531725313739145,-0.35403657576378467,-0.3830858059632087],"T_pred":[29.89192586847032,10.112817549218397,707.9628079538958],"rotation_error":9.233852454347089,"translation_error":533.2901573445865,"ADD":0,"ADD_S":0}}
{"id_image":641,"data":{"Best_template_id":98,"GT_R":[-0.36115370053515583,-0.9260300826889197,0.10970815166333404,-0.3604549834126035,0.03012822696479096,-0.9322900868419067,0.8600237745223561,-0.3762442933121506,-0.34467264810651654],"GT_T":[40.22584071254845,-47.97357098511216,1238.6161634782004],"R_pred":[0.18085667067633027,-0.981941728234587,0.05550952191783043,-0.37379675156537623,-0.12083256125416819,-0.9196061551881491,0.9097070150279407,0.14556762858695715,-0.3889000029783025],"T_pred":[42.64723338184077,-2.8759511634193946,825.717532682808],"rotation_error":31.779608217252996,"translation_error":415.3612136066036,"ADD":0,"ADD_S":0}}
{"id_image":649,"data":{"Best_template_id":140,"GT_R":[-0.363500505520188,-0.9246265423763608,0.11372551253152616,-0.35865508589368406,0.026230750042864008,-0.9331017690041739,0.8597876681634729,-0.3799705133901799,-0.34115670892971556],"GT_T":[40.98235388955274,-44.78365144055648,1240.6987234883966],"R_pred":[-0.28982514187973385,-0.9521166573897639,0.09734093617453515,-0.5325768249424865,0.07593482800840479,-0.8429684617051304,0.7952127467970895,-0.2961549807385936,-0.529083088668643],"T_pred":[51.78062196848298,-16.284116177210503,876.4945548693181],"rotation_error":12.432961839420294,"translation_error":365.47708894436227,"ADD":0,"ADD_S":0}}
{"id_image":654,"data":{"Best_template_id":140,"GT_R":[-0.36450835141822735,-0.9240806759827978,0.11492536996102008,-0.352305471975746,0.022608990693634128,-0.9356125419550251,0.8619833819049191,-0.3815268500980794,-0.33379995374381494],"GT_T":[42.426545110435434,-39.84692008457805,1242.2231799590584],"R_pred":[-0.5398876840003175,-0.7948215719541333,0.27709196563800614,-0.4107001712047541,-0.038607050534361864,-0.9109527238125055,0.7347425794366071,-0.6056138740199055,-0.30558988457971425],"T_pred":[41.77372567447745,-22.521113867039865,998.4724123551557],"rotation_error":15.673319290675614,"translation_error":244.36662301099022,"ADD":0,"ADD_S":0}}
{"id_image":663,"data":{"Best_template_id":98,"GT_R":[-0.35708508055417826,-0.9259618743537036,0.12282040591640665,-0.3605532203203205,0.015339873393459373,-0.9326124359099337,0.8616803843287403,-0.3773049101789233,-0.33933556185841013],"GT_T":[55.06351534643346,-42.23993688880384,1240.9401301844932],"R_pred":[-0.17297797122061187,-0.9465314456474438,0.27231754235260136,-0.5551146488750438,-0.13469632144448918,-0.8207951191336723,0.8135885619136602,-0.29314693140110204,-0.5021339746854214],"T_pred":[37.92048839537625,1.257102484728116,792.1762917320963],"rotation_error":16.535926584553987,"translation_error":451.1927066230529,"ADD":0,"ADD_S":0}}
{"id_image":793,"data":{"Best_template_id":140,"GT_R":[-0.3561023750300779,-0.9269274323790434,0.1183040860546958,-0.3618497184424578,0.020059225378035353,-0.932021047930226,0.8615434277550872,-0.3747028815993923,-0.3425514114549202],"GT_T":[131.40147004784157,-39.403045099909626,1234.0677734457574],"R_pred":[-0.12417542809142379,-0.9922363786306343,-0.006887087938744874,-0.4645499441874872,0.06426739310569995,-0.8832117818161167,0.8767974751410466,-0.10647380478484714,-0.4689237853648758],"T_pred":[110.78334929118395,22.002026959035607,641.7246812386776],"rotation_error":17.096733639720647,"translation_error":595.8741718379355,"ADD":0,"ADD_S":0}}
{"id_image":920,"data":{"Best_template_id":98,"GT_R":[-0.34415496785645383,-0.9283846658845825,0.1402097473133541,-0.38872046536492955,0.004953381264836972,-0.9213426485165789,0.8546659526010012,-0.3715864232565089,-0.36258710201564853],"GT_T":[125.5859735273643,-56.13736517316972,1132.9007314161138],"R_pred":[-0.04827648250802463,-0.9816760602427356,0.18434070083124193,-0.3809951478816841,-0.15250404020227903,-0.9119129426719391,0.9233158064970328,-0.11425686179955552,-0.36665145711486163],"T_pred":[82.64761771263561,14.501009116048497,603.3836072860842],"rotation_error":17.646547358113065,"translation_error":535.9308416850379,"ADD":0,"ADD_S":0}}
{"id_image":1025,"data":{"Best_template_id":140,"GT_R":[-0.463068427082364,-0.8755849834624186,0.13754293158651223,-0.3642007380878226,0.04649783923700263,-0.930158796240055,0.80803911801914,-0.4808203126761432,-0.3404202103506397],"GT_T":[68.96033071335711,-70.26799091424336,1160.7149036474698],"R_pred":[-0.24649532144252306,-0.9686601793206888,0.030618842325568663,-0.28970210470058194,0.04349789937933235,-0.9561279324868813,0.9248311992136727,-0.2445514051237413,-0.29134492137842993],"T_pred":[89.03145148058435,-19.67204493837039,855.5729323041546],"rotation_error":15.47995587672846,"translation_error":309.9587429212647,"ADD":0,"ADD_S":0}}
{"id_image":1038,"data":{"Best_template_id":140,"GT_R":[-0.46613795864674107,-0.8748915163754882,0.1314521597342137,-0.3638217297470649,0.05412592360934277,-0.9298945371022243,0.8064424186875011,-0.4812838619241948,-0.34353547435231857],"GT_T":[78.34092003177689,-75.16396687461906,1160.6990327990025],"R_pred":[-0.13026033126203196,-0.988007853803142,0.08290191145452958,-0.2777505652306574,-0.04390339109192676,-0.959649475467308,0.9517808937006227,-0.14803031133500422,-0.2687008695789907],"T_pred":[84.05208064919228,-10.566725459891293,705.0984104702212],"rotation_error":21.707048220900198,"translation_error":460.19272921284113,"ADD":0,"ADD_S":0}}
{"id_image":1040,"data":{"Best_template_id":140,"GT_R":[-0.46490844068162124,-0.875893757634529,0.1291132923755258,-0.3629051015419852,0.05550890448028214,-0.9301717103106906,0.8075644873371325,-0.479299684759365,-0.34367292404169364],"GT_T":[81.49416878507108,-75.05486293948411,1160.824302971955],"R_pred":[-0.233834943033839,-0.9701701715560467,0.063961376152118,-0.26986973801932695,0.0015634875923946634,-0.9628955706658582,0.9340725581654465,-0.24241987073971472,-0.26218516806409725],"T_pred":[98.49132234951016,-24.89269793541232,875.2177037278335],"rotation_error":16.153483082517617,"translation_error":290.4759466100094,"ADD":0,"ADD_S":0}}
{"id_image":1041,"data":{"Best_template_id":140,"GT_R":[-0.46506877633809196,-0.8758856254710827,0.12858732538162257,-0.36313681428624245,0.05627752380876448,-0.930035034379575,0.8073685614557036,-0.47922461352186435,-0.34423925278519674],"GT_T":[82.82200393950089,-74.7482124245224,1160.7433326892692],"R_pred":[-0.1646455740335515,-0.9830598762743153,0.08053020930489235,-0.25010738501673757,-0.0373666401785514,-0.9674967856080225,0.9541164137102198,-0.17943526370614588,-0.23971828304794407],"T_pred":[85.59199441328508,-7.8446544747993014,685.7112843788636],"rotation_error":20.336560137881087,"translation_error":479.72826249402516,"ADD":0,"ADD_S":0}}
{"id_image":1042,"data":{"Best_template_id":140,"GT_R":[-0.4651977021771092,-0.8758218615261983,0.12855604450347757,-0.3628159552234179,0.05617857449768221,-0.9301661308368802,0.8074380538159697,-0.479352678241687,-0.3438960855696302],"GT_T":[83.42000924891951,-74.5366856470521,1160.8198047698254],"R_pred":[-0.114030096029763,-0.9902626047368852,0.07985681473213624,-0.3075069994691995,-0.04125261554003412,-0.9506511805013214,0.9446886166758298,-0.1329593748888202,-0.29980864255768447],"T_pred":[85.20519436720238,-9.595210973836002,693.3856395734184],"rotation_error":22.04828192832044,"translation_error":471.92719863502293,"ADD":0,"ADD_S":0}}
{"id_image":1044,"data":{"Best_template_id":140,"GT_R":[-0.4657880099107412,-0.8753197537999567,0.1298349808328269,-0.36214890741855643,0.05468968143909814,-0.930514283799584,0.8073976445625797,-0.48044155925729193,-0.3424693767395822],"GT_T":[84.10195336813331,-73.52346400473469,1160.6352781342396],"R_pred":[-0.18441075121243694,-0.9817472491797972,0.04652970626564085,-0.1694155800418513,-0.014881450514461103,-0.9854323435272813,0.9681379220319533,-0.18960717591506893,-0.1635789802057842],"T_pred":[97.66648666925305,-22.083873023284028,828.8613299530089],"rotation_error":21.75401449789411,"translation_error":336.01187594455365,"ADD":0,"ADD_S":0}}
{"id_image":1046,"data":{"Best_template_id":140,"GT_R":[-0.4679415700423515,-0.8743333540233613,0.12873496851206911,-0.3604119118407511,0.055794881997146675,-0.9311226814252973,0.8069296377486405,-0.48210827237634857,-0.34122876059001017],"GT_T":[84.21916475382395,-71.62389227461169,1160.1886364663942],"R_pred":[-0.17614318689253006,-0.9811507757467699,0.07947787719142302,-0.4063151449835358,-0.0010720727266999575,-0.9137323752702851,0.8965944348858916,-0.193240797741006,-0.39846758139159594],"T_pred":[83.89202420820904,-2.3260595218292184,657.4743155443434],"rotation_error":18.166657444042855,"translation_error":507.46821093078125,"ADD":0,"ADD_S":0}}
{"id_image":1048,"data":{"Best_template_id":98,"GT_R":[-0.46924320084141524,-0.8736284801570451,0.12877702075959124,-0.35926688385584066,0.055650611660664,-0.9315742824584267,0.806684178765702,-0.4833998057943666,-0.33997996159722244],"GT_T":[84.36599810406486,-70.3159645070513,1159.7768984089128],"R_pred":[-0.26049595919205615,-0.9314348604693325,0.2541081579703526,-0.28107209071795586,-0.17863223542075168,-0.9429151628264456,0.9236559614185618,-0.3170483010064243,-0.215267368091153],"T_pred":[46.00482812295803,25.380589248296996,490.1194016146627],"rotation_error":17.28588907075067,"translation_error":677.5474690202235,"ADD":0,"ADD_S":0}}
{"id_image":1049,"data":{"Best_template_id":140,"GT_R":[-0.4696620795171573,-0.873203549869173,0.13012883629575075,-0.3610553771617837,0.05547119450657267,-0.9308927829870329,0.8056409489726242,-0.48418816438568923,-0.3413271639378353],"GT_T":[84.83937865408916,-70.24416478781946,1159.3843441717943],"R_pred":[-0.24185104908923294,-0.9676386872608791,0.07199611774588938,-0.26547650524994015,-0.005379955176914475,-0.9641023188658829,0.9332900380989373,-0.25228243497781777,-0.25558418923506826],"T_pred":[95.0730250137475,-12.446824086074889,788.6681211389767],"rotation_error":16.03166622978927,"translation_error":375.33422190059594,"ADD":0,"ADD_S":0}}
{"id_image":1053,"data":{"Best_template_id":140,"GT_R":[-0.47258654755402985,-0.8715927021174542,0.1303392385915659,-0.3593186976598251,0.05551879233680161,-0.9315616677009125,0.804706781018709,-0.4870763438386902,-0.3394167543913684],"GT_T":[83.68873763869787,-69.47317297752656,1158.3336322554435],"R_pred":[-0.24808455510159422,-0.9604714395547843,0.12628803316072568,-0.21700679693593006,-0.07195136768360688,-0.9735147922718312,0.9441197506691894,-0.26891934569312587,-0.1905788076054863],"T_pred":[84.22390192204195,-3.611865887116346,674.1386552876733],"rotation_error":17.529873251024203,"translation_error":488.6540431565946,"ADD":0,"ADD_S":0}}
{"id_image":1055,"data":{"Best_template_id":140,"GT_R":[-0.4726650209602827,-0.8718662856780767,0.12820790972524948,-0.3585765407915623,0.05738329290292714,-0.9317349963011565,0.8049917035723019,-0.48637035359757674,-0.3397544620233584],"GT_T":[84.36057419229391,-70.49338838945201,1157.6883639373161],"R_pred":[-0.1961773353110311,-0.9804953311526114,-0.011973249274696451,-0.2267053360947346,0.05723209744661717,-0.9722804007116643,0.9540016476382192,-0.18802497868578993,-0.23351116395960936],"T_pred":[99.66885211275859,-18.340713436977023,808.1387721856677],"rotation_error":20.34069010284582,"translation_error":353.75014059549545,"ADD":0,"ADD_S":0}}
{"id_image":1064,"data":{"Best_template_id":98,"GT_R":[-0.474481780114504,-0.8705105197035533,0.13068538856907766,-0.36322672116587107,0.05838384154651744,-0.9298698705956135,0.8018317283852284,-0.48867406239538996,-0.34389489207858753],"GT_T":[87.93807712929322,-75.0067740644601,1155.438940447574],"R_pred":[0.16529614355925926,-0.9862176241280421,0.00720990871487584,-0.913806775861843,-0.15590140236575845,-0.37503590378705565,0.3709910528751612,0.0554035251552627,-0.9269822479891131],"T_pred":[80.44528575944834,-41.184039954096875,683.5353795088382],"rotation_error":58.60873041382025,"translation_error":473.1734249636928,"ADD":0,"ADD_S":0}}
{"id_image":1068,"data":{"Best_template_id":140,"GT_R":[-0.47725003520654713,-0.8691260638230882,0.12981692389729232,-0.3635133338432763,0.06075982778255746,-0.9296050886344985,0.8000575864300803,-0.49084390312897297,-0.3449366488695162],"GT_T":[87.34769938445368,-75.94705576650765,1155.156580541905],"R_pred":[-0.2811899187955045,-0.9590002164976583,0.03536685348206409,-0.21638980679131353,0.027457117400890407,-0.975920877028897,0.9349372605071398,-0.28207213875439346,-0.21523853617307143],"T_pred":[99.74381731956228,-23.016650077205803,822.7817842551386],"rotation_error":16.205707525530652,"translation_error":336.79117683360505,"ADD":0,"ADD_S":0}}
{"id_image":1088,"data":{"Best_template_id":140,"GT_R":[-0.49030003091012925,-0.8631878760271035,0.120468628505539,-0.3581743462348748,0.07354829260034315,-0.9307528875562368,0.7945550937121856,-0.49949673659496646,-0.34523261126556964],"GT_T":[82.70156854549866,-79.08653828308542,1156.6657946363991],"R_pred":[-0.26591167125044635,-0.9582259116221263,0.10532846428548948,-0.24913342670909505,-0.03724011459852883,-0.9677529176194057,0.9312483657913062,-0.28357763691912224,-0.22882352381341375],"T_pred":[89.57394528683265,-16.04878090539872,758.2570445150275],"rotation_error":16.463704070570788,"translation_error":403.42350029535527,"ADD":0,"ADD_S":0}}
{"id_image":1100,"data":{"Best_template_id":140,"GT_R":[-0.4999152247640197,-0.8573851218254495,0.12237846405197517,-0.35673607402203095,0.07508960127343373,-0.931182768513778,0.7891931882677692,-0.5091678939294105,-0.3433986974140921],"GT_T":[76.85703254537516,-83.40033745463856,1157.756210369378],"R_pred":[-0.30478996278104786,-0.9445005629724539,0.12256331071183207,-0.4472064251042718,0.02830547838409614,-0.8939827812877074,0.8408980270718827,-0.3272880786679605,-0.43101394597907167],"T_pred":[82.17342519338133,-17.39647255889837,718.661625128824],"rotation_error":12.893162328674567,"translation_error":444.0594881314182,"ADD":0,"ADD_S":0}}
{"id_image":1103,"data":{"Best_template_id":140,"GT_R":[-0.5023074804691169,-0.8558281227572522,0.12347055722052937,-0.3582564083921818,0.0760230028773241,-0.9305224657327485,0.7869815998026254,-0.5116427582489668,-0.34479313450454474],"GT_T":[76.70355525436877,-84.02329732701469,1157.9693173585922],"R_pred":[-0.2687986723378001,-0.9622931972446094,0.04170223358746361,-0.281272953304014,0.037012576828631794,-0.9589137577989704,0.9212126787496326,-0.2694844553833337,-0.2806159810446903],"T_pred":[92.24051155924116,-28.265634646634087,830.8855749966526],"rotation_error":16.340811352930096,"translation_error":332.16575452067644,"ADD":0,"ADD_S":0}}
{"id_image":1115,"data":{"Best_template_id":140,"GT_R":[-0.511450877000106,-0.8508448751732116,0.12034051717603128,-0.35886321832773144,0.08423887035343862,-0.9295815647235096,0.7807925903008743,-0.5186202167232009,-0.34842012001364986],"GT_T":[73.21715448732797,-90.27471611726321,1157.0012191510402],"R_pred":[-0.28105994130688355,-0.9590652229441996,0.03462957596569799,-0.25906116644080757,0.04107606220846516,-0.9649870823776735,0.9240631046821963,-0.28019039107799404,-0.2600013909821665],"T_pred":[91.18677514803063,-39.189052493387024,871.7471979519754],"rotation_error":16.784322670481384,"translation_error":290.34894335061375,"ADD":0,"ADD_S":0}}
{"id_image":1120,"data":{"Best_template_id":140,"GT_R":[-0.5154123990463371,-0.8486431021329724,0.11897649726778246,-0.3578258337695671,0.08697605349567325,-0.929728496082223,0.7786606408323665,-0.5217658779649922,-0.34849523864225135],"GT_T":[71.37533670848902,-90.4593966691799,1156.6094185483373],"R_pred":[-0.28416451261055387,-0.9571784372337027,0.05531698715270894,-0.23844777803813916,0.014671392855467258,-0.9710444929972852,0.9286512730414365,-0.28912659775006383,-0.23240616074448672],"T_pred":[90.4354052259665,-36.18802526892137,878.0788964850267],"rotation_error":17.282244767257247,"translation_error":284.4080162133552,"ADD":0,"ADD_S":0}}
{"id_image":1132,"data":{"Best_template_id":140,"GT_R":[-0.5266645391668381,-0.842581185139303,0.11261316072770926,-0.35028293615269845,0.09440030765174352,-0.9318742575591938,0.7745500301875156,-0.5302311068863423,-0.3448596899436687],"GT_T":[66.01081903466938,-89.36204039114588,1157.1836389523087],"R_pred":[-0.29466584945425467,-0.9509568733387479,0.09409071269363023,-0.3520952355021361,0.016508218713810696,-0.9358185849039291,0.8883698454484471,-0.30888266990022234,-0.3396917925608629],"T_pred":[74.87976339568174,-15.439839683095105,674.7587477474787],"rotation_error":14.870916156013505,"translation_error":488.13617524784223,"ADD":0,"ADD_S":0}}
{"id_image":1136,"data":{"Best_template_id":140,"GT_R":[-0.5288600641459749,-0.8410670664917002,0.11363804852509587,-0.3512411024661825,0.09500885592044718,-0.9314523201046567,0.7726170251818847,-0.5325214305190823,-0.3456636963121647],"GT_T":[66.03583351858089,-91.58334562746616,1157.403072691541],"R_pred":[-0.21625416375076328,-0.9758058116879509,0.03220488373643571,-0.18963988040227692,0.009624300303184619,-0.9818065433702732,0.9577425815016622,-0.21842708330171273,-0.18713299243810122],"T_pred":[84.18949971927303,-33.6996570721378,823.5436150488418],"rotation_error":22.94594645599532,"translation_error":339.32611814414406,"ADD":0,"ADD_S":0}}
{"id_image":1147,"data":{"Best_template_id":140,"GT_R":[-0.5396187623714449,-0.8341532612122569,0.11401822092153206,-0.3497985359771008,0.098950503803241,-0.9315838584491695,0.7658024367708012,-0.5425827548546497,-0.3451812101740523],"GT_T":[58.99925998638479,-96.49864095724213,1155.3710807713576],"R_pred":[-0.2770926814379117,-0.9605769536003277,0.022617738734487913,-0.30013684831915644,0.06416937500950082,-0.9517353432503877,0.9127636704944996,-0.27050731510035647,-0.3060854036091966],"T_pred":[78.95643848429934,-37.4157737129134,816.328295395684],"rotation_error":17.940471333330063,"translation_error":344.7304519341215,"ADD":0,"ADD_S":0}}
{"id_image":1151,"data":{"Best_template_id":140,"GT_R":[-0.5424178848700598,-0.832325010571922,0.11409617599944971,-0.3506023651773904,0.10085037966383113,-0.9310787827505129,0.7634537506348841,-0.5450361358651437,-0.34651810383801657],"GT_T":[57.54374333592505,-97.87389181519669,1153.8673562169154],"R_pred":[-0.2338748597704351,-0.97169656749026,0.0332916009679049,-0.28373816964973336,0.03546136390539267,-0.9582458675902489,0.9299436547722548,-0.23355571583161117,-0.28400092702525676],"T_pred":[75.54228245883108,-34.047645538860415,782.5490144333828],"rotation_error":20.74288417559284,"translation_error":377.1936479703212,"ADD":0,"ADD_S":0}}
{"id_image":1161,"data":{"Best_template_id":140,"GT_R":[-0.5525297240767151,-0.8256608022534058,0.11399416588175212,-0.3467669089365079,0.10334606050054167,-0.9322401541648372,0.7579340397471273,-0.5546201316026287,-0.3434128110161664],"GT_T":[51.06668934490676,-96.60742165441991,1151.6755984025813],"R_pred":[-0.3095875986113845,-0.9508633674818832,0.0037914597518353688,-0.3280650906341576,0.10306911338246894,-0.9390154706786007,0.8924846301719926,-0.29195139021344857,-0.34385399613672735],"T_pred":[73.32260568568702,-30.522522542676032,751.2163919850153],"rotation_error":16.978238627943572,"translation_error":406.48507439678997,"ADD":0,"ADD_S":0}}
{"id_image":1164,"data":{"Best_template_id":148,"GT_R":[-0.554468626273792,-0.8243304327550133,0.11421363626047742,-0.3456625698571865,0.10327963872275396,-0.9326576343334327,0.757022743550235,-0.5566088630864078,-0.34220481000102376],"GT_T":[51.41720346645784,-94.42606465229159,1152.3423407928942],"R_pred":[-0.3186939334746587,-0.9477629787021349,-0.01339824496367964,-0.2543678260662679,0.09913319596190973,-0.9620133151473003,0.9130888159586508,-0.303179725014775,-0.2726735566775676],"T_pred":[72.1366098811502,-34.00152247893251,752.2156093554119],"rotation_error":17.718167763743168,"translation_error":405.1935590676145,"ADD":0,"ADD_S":0}}
{"id_image":1176,"data":{"Best_template_id":148,"GT_R":[-0.5657732529894224,-0.8175889946667237,0.10700360524755657,-0.3418008658106538,0.11444754409433272,-0.9327776167279017,0.7503817673959748,-0.5643139682470509,-0.3442037313654674],"GT_T":[47.10749900809555,-96.60111384711897,1155.3578587695954],"R_pred":[-0.299997130764885,-0.9508096990089356,0.07721811836204107,-0.21272292254101505,-0.012230224889719477,-0.9770360176701556,0.9299197168349782,-0.3095340657660876,-0.19858998557799823],"T_pred":[64.99760373762214,-24.45421137949056,693.5138778126475],"rotation_error":20.044314867950924,"translation_error":467.7874454590125,"ADD":0,"ADD_S":0}}
{"id_image":1177,"data":{"Best_template_id":140,"GT_R":[-0.5656010071787846,-0.8174119547477396,0.1092389475473158,-0.343551690178235,0.11312519752468397,-0.9322955987555719,0.7497120828629199,-0.5648358575595184,-0.34480688550454747],"GT_T":[47.48081526337621,-96.49458761478243,1155.6619232176342],"R_pred":[-0.2959292150809138,-0.9499345873727203,0.1002505829140854,-0.28234498545400966,-0.013272856675359601,-0.9592211113526694,0.9125279222306402,-0.3121667999462705,-0.2642814411961909],"T_pred":[62.62755639302705,-16.665408145310753,661.456539902741],"rotation_error":18.542549070334804,"translation_error":500.84037632666787,"ADD":0,"ADD_S":0}}
{"id_image":1189,"data":{"Best_template_id":140,"GT_R":[-0.5811026566184329,-0.8070854156908999,0.10456012863642347,-0.3344841961047024,0.11972750254889941,-0.9347647051562974,0.7419164134134979,-0.5781679554104348,-0.33953103815409036],"GT_T":[39.56224339270872,-97.53804310648835,1157.4546136851366],"R_pred":[-0.3324519448136637,-0.9353384277947547,0.12090380424142677,-0.36957684619119235,0.011258976358784034,-0.9291319552198839,0.8676915691355913,-0.3535749721654361,-0.3494224948529025],"T_pred":[49.68441481644907,-51.88278502576384,850.9679882630908],"rotation_error":16.15408237590503,"translation_error":310.0337280157476,"ADD":0,"ADD_S":0}}
{"id_image":1347,"data":{"Best_template_id":148,"GT_R":[-0.6501569288221897,-0.7481313510783143,0.13264737837586563,-0.3250903212632369,0.1161108802759616,-0.9385276270946621,0.6867410596674364,-0.6533118844890453,-0.31870119754500287],"GT_T":[26.123004440449506,-95.88033086071539,1136.6767366401652],"R_pred":[-0.4480028965609014,-0.8906623226835008,0.07755018778232436,-0.16412438278950614,-0.003334534549591428,-0.9864340159652347,0.878838205614097,-0.45465317312361186,-0.14468552284739822],"T_pred":[35.48460215593552,-77.85080526600753,984.9521769636908],"rotation_error":18.797101513029084,"translation_error":153.07855928893787,"ADD":0,"ADD_S":0}}
{"id_image":1520,"data":{"Best_template_id":140,"GT_R":[-0.7383113363990691,-0.6724459321224273,0.052085442142875374,-0.24367948185041305,0.19394229983253664,-0.9502666255023156,0.6289015961332715,-0.7142847939849458,-0.30705097094800243],"GT_T":[18.21005702558995,-105.48726094423891,1139.4767220187643],"R_pred":[-0.46403011028600993,-0.8849806064217358,0.03854066690354718,-0.31355237984542517,0.12340498036614533,-0.9415179849127162,0.8284690470024959,-0.4489772122037467,-0.33475140190972796],"T_pred":[25.96025966110013,-82.55870490232334,957.3606298994827],"rotation_error":20.01137532031915,"translation_error":183.7173245283564,"ADD":0,"ADD_S":0}}
