{"id_image":1,"data":{"GT_R":[0.8634563674055322,-0.5039123101103098,-0.022711968311650545,-0.23796630592405105,-0.3672293278660238,-0.8991746573048012,0.444764805842605,0.7818028508438329,-0.43700018554305514],"GT_T":[-51.177316828780974,-76.18756282741714,1029.7130430973602],"R_pred":[0.8880405396886518,-0.45950395653433945,0.015495605789242972,-0.23725719696776099,-0.4868731189711513,-0.8406328500066509,0.3938185144917501,0.7428396058050426,-0.5413836880539717],"T_pred":[-81.03071062180345,-75.67354249668706,1040.7888062934285],"rotation_error":7.776552671541367,"translation_error":31.845908186720887,"ADD":0,"ADD_S":1}}
{"id_image":2,"data":{"GT_R":[0.863920239538303,-0.503185826675981,-0.021122179475616322,-0.2370004004419042,-0.36918536956143233,-0.898627841160539,0.44437878009540216,0.7813490965297372,-0.4382019757798728],"GT_T":[-50.301385418042045,-76.45544900197577,1029.7996749478446],"R_pred":[0.9116940502066972,-0.4108413062148791,0.004835279243291413,-0.21664564101222533,-0.4906891768989463,-0.8439720362101085,0.3491111929573594,0.768396741782451,-0.5363653812188132],"T_pred":[-82.35493825402655,-77.4089509161358,1063.931406051761],"rotation_error":8.934041188031234,"translation_error":46.83283552657922,"ADD":0,"ADD_S":1}}
{"id_image":3,"data":{"GT_R":[0.8641626699738106,-0.5027077035838038,-0.022542956825918014,-0.23761395815927835,-0.3681533574310902,-0.8988896328161988,0.44357908665529255,0.7821440215185818,-0.437595102845457],"GT_T":[-49.77452448706313,-76.72783177505842,1030.1626916788891],"R_pred":[0.9142946832026865,-0.4050496100043637,0.00021378169314498208,-0.21733998653574682,-0.49103402135263574,-0.84359286396158,0.34180193463457875,0.7712460069974898,-0.5369832717790072],"T_pred":[-82.82625588035873,-77.83662765654744,1065.445339068903],"rotation_error":9.203196827168725,"translation_error":48.35815942785063,"ADD":0,"ADD_S":1}}
{"id_image":4,"data":{"GT_R":[0.8649299758058036,-0.5013268086311576,-0.02381788508905929,-0.2373625470008778,-0.36678246371479833,-0.8995164544937262,0.442215462001759,0.7836723592701281,-0.4362370381147274],"GT_T":[-49.04904755568177,-76.56436693738034,1030.664648187258],"R_pred":[0.9016977299391775,-0.4323414065996781,-0.0047023357967428125,-0.22695208463878536,-0.46402164314547056,-0.8562573596592832,0.36801352570339463,0.7731525223602321,-0.5165280457703798],"T_pred":[-81.8518272396783,-78.53911037011025,1078.6332364608236],"rotation_error":7.018748276903568,"translation_error":58.145571005716086,"ADD":0,"ADD_S":0}}
{"id_image":5,"data":{"GT_R":[0.8651648004047628,-0.5008991214511479,-0.02428660357243193,-0.2385213914300044,-0.36841269132508087,-0.8985427082953349,0.44113150418946556,0.7831812657250666,-0.4382126202426698],"GT_T":[-48.1575084518187,-77.44568983778389,1030.7263060658297],"R_pred":[0.906981966442178,-0.42115967496799644,0.002870667088293005,-0.23242912304562716,-0.5062049619958482,-0.8305017996434582,0.351227013922507,0.7525829287405034,-0.557008545768775],"T_pred":[-79.15634020071634,-76.09073383089265,1040.2866249698332],"rotation_error":9.566805895902213,"translation_error":32.467879098015025,"ADD":0,"ADD_S":1}}
{"id_image":6,"data":{"GT_R":[0.8652881517495516,-0.5007543885727939,-0.022841819037937923,-0.23668385904261358,-0.3679646435767433,-0.8992121498809872,0.4418794652027718,0.7834841487442612,-0.43691552672857],"GT_T":[-47.5857135218723,-77.64643634268252,1030.869083272647],"R_pred":[0.893363883132606,-0.44930087974360816,0.005449016044278693,-0.22138489879536388,-0.4506770201786874,-0.8647999480042916,0.39101112375429625,0.7713747098164929,-0.5020870025761708],"T_pred":[-80.99645218021823,-80.06420865886825,1081.1971269415053],"rotation_error":5.656488037960168,"translation_error":60.4568859618465,"ADD":0,"ADD_S":0}}
{"id_image":7,"data":{"GT_R":[0.8651662735725377,-0.5008969869401386,-0.024286338218609264,-0.23814329915133123,-0.36774503348191495,-0.8989169689430867,0.4413336250514568,0.7834963447436204,-0.4374453398946651],"GT_T":[-47.116320265891545,-77.5260226586887,1031.0581713715203],"R_pred":[0.8949552437923849,-0.44615571244225405,-0.0004380224395995058,-0.22670331054929996,-0.45390399427658684,-0.8617289440222766,0.3842664708174531,0.7713081383175631,-0.5073687368872806],"T_pred":[-78.6585986879826,-79.28577609817502,1069.6046559094202],"rotation_error":5.968540340446355,"translation_error":49.83817342615048,"ADD":0,"ADD_S":1}}
{"id_image":8,"data":{"GT_R":[0.8655234441405966,-0.5002921533824304,-0.023991349850207722,-0.2382114688392633,-0.36903337995575386,-0.8983700581382729,0.4405948786263184,0.7832766356729722,-0.4385825274419493],"GT_T":[-45.82953659460182,-77.98495524456152,1031.2220366351814],"R_pred":[0.9024363843761088,-0.43062314389049905,-0.013125551418496223,-0.23649636239676586,-0.4696885909623409,-0.8505657517751986,0.36010837636366444,0.7706856268710827,-0.5257048809047258],"T_pred":[-76.28532415570807,-76.40812483960964,1056.188445581561],"rotation_error":7.362884758493711,"translation_error":39.41272593682239,"ADD":0,"ADD_S":1}}
{"id_image":9,"data":{"GT_R":[0.8669145776179227,-0.49772532925116214,-0.026992338936455095,-0.23937627299439235,-0.36821363576779875,-0.8983977391660185,0.4372169278037389,0.785295646874724,-0.4383532301461201],"GT_T":[-44.72408299662783,-77.97316585523545,1031.503681276135],"R_pred":[0.9200586938849955,-0.39170251967843395,0.007818943931358624,-0.19337624584746294,-0.471391918631094,-0.8604622516945398,0.3407310190584022,0.7901637774074829,-0.509454195708074],"T_pred":[-78.18132974583096,-80.20877389144667,1084.9548264394305],"rotation_error":8.492985538431885,"translation_error":63.09841695792628,"ADD":0,"ADD_S":0}}
{"id_image":10,"data":{"GT_R":[0.866976690577875,-0.4976221888728246,-0.026898100804118582,-0.23945545805104285,-0.36863674698040605,-0.8982026512812821,0.4370503136685032,0.7851622286154971,-0.43875789325729264],"GT_T":[-43.904586045719036,-78.12628702085256,1031.7693569269209],"R_pred":[0.8910100683203805,-0.45394549898017555,-0.005877253384929143,-0.23337565497218649,-0.4468915293270274,-0.8636108873109775,0.3894057804116603,0.7708576035633236,-0.5041246802236484],"T_pred":[-74.28864620357328,-76.85061259037285,1048.6347853412196],"rotation_error":5.289077580442787,"translation_error":34.77443216684525,"ADD":0,"ADD_S":1}}
{"id_image":11,"data":{"GT_R":[0.8672631383346723,-0.49710461974078435,-0.027236314688449496,-0.23951044204848282,-0.3686452838392136,-0.8981844700793759,0.43645091658499174,0.7854866164488349,-0.43877364133948027],"GT_T":[-43.044496933946135,-77.96828185056772,1031.9870979472666],"R_pred":[0.9116439789967038,-0.41073133265362805,-0.014318796584653848,-0.23260534794603038,-0.4869321781453838,-0.8418977408174334,0.338821498234637,0.7708416350088824,-0.5394470929302233],"T_pred":[-74.06543637778047,-76.85183830763549,1068.6664608500564],"rotation_error":8.762293462754993,"translation_error":48.051230921976824,"ADD":0,"ADD_S":1}}
{"id_image":12,"data":{"GT_R":[0.8676333671295856,-0.4964996438126698,-0.026466397417004756,-0.23789179701448376,-0.3677970699587986,-0.8989620805636743,0.43659995599675366,0.7862656667505856,-0.43722606207399],"GT_T":[-42.727997778290835,-77.10238424749566,1032.4376119618823],"R_pred":[0.9540259206432088,-0.2997234634500897,0.0006230556641962925,-0.147001166416977,-0.46971727366164284,-0.8704920102424384,0.2611995402234203,0.8303803515747202,-0.49218215317676617],"T_pred":[-76.9172811893207,-82.7326512839088,1112.9659248732578],"rotation_error":12.973848522240052,"translation_error":87.66650550474475,"ADD":0,"ADD_S":0}}
{"id_image":13,"data":{"GT_R":[0.8671934667079573,-0.49717561943218597,-0.028129417417372553,-0.2397488074889183,-0.367334547119644,-0.8986581212294132,0.4364582974251396,0.7860553304937961,-0.43774676150909986],"GT_T":[-42.80579576805112,-76.6775049898543,1032.6835618470532],"R_pred":[0.9053669353719671,-0.4245106507042977,0.010070738492538228,-0.23076160651531255,-0.5117843052516775,-0.8275420870605492,0.3564544757660414,0.7469053034599977,-0.5613133477565674],"T_pred":[-72.48233795163755,-72.58903476999697,1033.8536664390672],"rotation_error":9.718309006452714,"translation_error":29.97969128375236,"ADD":0,"ADD_S":1}}
{"id_image":14,"data":{"GT_R":[0.8673461331744098,-0.49699259312843463,-0.026615909275069082,-0.23774685903715884,-0.3667448377414685,-0.8994302139916773,0.4372490468363476,0.7864463956936045,-0.4362527051709483],"GT_T":[-43.11955863494414,-75.41981732182909,1032.9304377385668],"R_pred":[0.9266206167371464,-0.3757706777763376,0.01306255569102524,-0.19526189755583062,-0.5106082480199469,-0.837348200223119,0.32132074940869537,0.7733534863033282,-0.5465138252797657],"T_pred":[-75.19521817570909,-76.0061973763092,1074.771134892458],"rotation_error":10.880369994938807,"translation_error":52.724147360265505,"ADD":0,"ADD_S":0}}
{"id_image":15,"data":{"GT_R":[0.8665807685986342,-0.49835463238991984,-0.026080526202039184,-0.2378437445649067,-0.36650923443586303,-0.8995005967685504,0.4387120672301036,0.7856935504243505,-0.4361397135131804],"GT_T":[-43.7847437151844,-74.70676760007646,1032.8971790904016],"R_pred":[0.9489632731283069,-0.31484085834392433,-0.018545624035652658,-0.15229328205257786,-0.40594775831991,-0.9011177357907756,0.2761801269013844,0.8579520099820859,-0.4331776610958076],"T_pred":[-78.05068929051808,-80.07087730860145,1109.3437795787622],"rotation_error":11.55326948606751,"translation_error":83.94647952930396,"ADD":0,"ADD_S":0}}
{"id_image":16,"data":{"GT_R":[0.8655276439353571,-0.500123228633199,-0.027177755509440973,-0.23979416211942672,-0.36613436498699703,-0.8991353404716902,0.43972775227857747,0.7847437549430858,-0.43682571361314093],"GT_T":[-44.13827486139261,-74.35069850472335,1033.0528011527974],"R_pred":[0.8818211042464983,-0.4705110731890192,0.03179418361907849,-0.2574492856635505,-0.536799132377625,-0.8034715656387329,0.3951093588069179,0.7003327933812228,-0.5944935433611032],"T_pred":[-72.78295450290926,-70.29748478610698,1009.3162432690901],"rotation_error":11.27392050916019,"translation_error":37.42152313015179,"ADD":0,"ADD_S":1}}
{"id_image":17,"data":{"GT_R":[0.8654046389809119,-0.5003115963828397,-0.027611119370524836,-0.23937410129904424,-0.3643860605083244,-0.899957422784806,0.4401982299848267,0.7854376883506072,-0.4351030422735609],"GT_T":[-44.50650830747193,-73.04434274616142,1033.3601883590993],"R_pred":[0.9157745853850626,-0.40166881798967,-0.004366854428294736,-0.21465224796001045,-0.4801442469284619,-0.8505209665770822,0.33953103128952855,0.7798228406479778,-0.5259230133728583],"T_pred":[-77.62143330838535,-74.16451645624014,1097.630624908297],"rotation_error":8.854962182124083,"translation_error":72.30865827258393,"ADD":0,"ADD_S":0}}
{"id_image":18,"data":{"GT_R":[0.8656820910019026,-0.4997704472577996,-0.028685629342112204,-0.24061210017783133,-0.3651611910052484,-0.8993120815824445,0.4389751916656148,0.7854220670771848,-0.43636449757211493],"GT_T":[-44.60906343451262,-72.38837610708222,1033.354402949261],"R_pred":[0.9030841710901346,-0.42939588516879584,0.007625859069685881,-0.22503885285147157,-0.4882650604728983,-0.8431813241697723,0.36578203158949474,0.7597475926394919,-0.5375752048269699],"T_pred":[-78.21646305595536,-73.29302438332203,1089.7152918262414],"rotation_error":8.357550353140917,"translation_error":65.62640850162676,"ADD":0,"ADD_S":0}}
{"id_image":19,"data":{"GT_R":[0.8659082289761338,-0.4993660230644974,-0.02892713431298703,-0.2396008868561324,-0.3633184612377804,-0.9003284728778386,0.4390840512070715,0.7865331926426925,-0.43424799350576704],"GT_T":[-44.131118205126576,-71.71520830595503,1033.855253995957],"R_pred":[0.8795789383490089,-0.47484315928032583,0.029408592239501763,-0.21894876549843112,-0.4589011771284095,-0.8610871893814662,0.42237699901810843,0.7509551808961965,-0.5076061337155192],"T_pred":[-74.4291659474262,-68.61676134517482,1038.6199155985107],"rotation_error":6.041866117336476,"translation_error":30.82651570888747,"ADD":0,"ADD_S":1}}
{"id_image":20,"data":{"GT_R":[0.8655920549546623,-0.4997618269189584,-0.03142994076458659,-0.24148501788805987,-0.36162259556928256,-0.9005073941163609,0.43867366790199125,0.787063345599553,-0.4337031685343287],"GT_T":[-44.126087587354334,-70.84284467131246,1034.0809013896428],"R_pred":[0.9408000498063092,-0.33896192490055366,-0.0002824042450012554,-0.18518431175222108,-0.5132870163714338,-0.8379995283443586,0.28390497876103254,0.7884422948397827,-0.5456708813400939],"T_pred":[-76.30072389189559,-72.4075093094763,1068.9189052064735],"rotation_error":12.777416623348383,"translation_error":47.44830773274146,"ADD":0,"ADD_S":1}}
{"id_image":21,"data":{"GT_R":[0.8661681424959939,-0.4986814172100267,-0.032698104265750046,-0.24177636407052996,-0.36088614721031187,-0.900724525801281,0.43737413842240797,0.7880860286472203,-0.43315727427445433],"GT_T":[-42.82967884595996,-70.60247876772017,1034.6016067920123],"R_pred":[0.8653900682451084,-0.5005413726633696,0.023629727780827448,-0.218473156488101,-0.41931809641138257,-0.8811593578440055,0.45096508698218757,0.757384095604208,-0.4722285697085086],"T_pred":[-73.53765636681361,-67.89304776694027,1038.1570417964342],"rotation_error":4.086800751262226,"translation_error":31.03162931332979,"ADD":0,"ADD_S":1}}
{"id_image":22,"data":{"GT_R":[0.8671361121326102,-0.4970818904334017,-0.03135635620582269,-0.24018510815249003,-0.362179185337727,-0.9006317712474518,0.4363312019071977,0.7885023580270518,-0.43345034355128514],"GT_T":[-41.594415567393185,-70.90581157789723,1034.92037885285],"R_pred":[0.8791335361723444,-0.4762610270486753,0.017310681432316427,-0.25705572051727515,-0.5044611652311953,-0.8242822874009421,0.4013060953018963,0.7202043924387893,-0.5659143495136165],"T_pred":[-71.3275181094656,-67.64069677113862,1029.0415968989007],"rotation_error":9.31469433892468,"translation_error":30.484068605433688,"ADD":0,"ADD_S":1}}
{"id_image":23,"data":{"GT_R":[0.8675474611150616,-0.4964749855959707,-0.0295500112817965,-0.23852194702447363,-0.3631889677611252,-0.9006669761139405,0.4364263881661934,0.7884209799004668,-0.4335033568384602],"GT_T":[-41.38020027278824,-71.07564643028388,1035.0546766983787],"R_pred":[0.8847443646455369,-0.4655877189452707,0.021342099130694236,-0.23553025636843355,-0.48614739034522453,-0.8415380046055838,0.40218516576694463,0.7395192971301474,-0.5397761588002454],"T_pred":[-70.87770490163398,-70.23355788709372,1046.9741555461121],"rotation_error":7.832952924821081,"translation_error":31.825867913458588,"ADD":0,"ADD_S":1}}
{"id_image":24,"data":{"GT_R":[0.8671579328802349,-0.4971489478875637,-0.029668399565361644,-0.23876263884088278,-0.3627079618697125,-0.9007973156564157,0.4370699041032062,0.7882177657036757,-0.4332253174380156],"GT_T":[-41.68585726489116,-70.20316276509193,1035.1832930562555],"R_pred":[0.9532350728777185,-0.30186537837847915,0.014838772598456854,-0.1666361600296599,-0.5658984334280706,-0.8074598152318325,0.2521414008178361,0.7672263397329847,-0.5897359219290835],"T_pred":[-74.40736616184581,-70.19261422499885,1073.1636114925664],"rotation_error":16.355032383582394,"translation_error":50.13184461286814,"ADD":0,"ADD_S":0}}
{"id_image":25,"data":{"GT_R":[0.8682339816849216,-0.49532719572563383,-0.028642114560673934,-0.23638612050202665,-0.3622146956703423,-0.9016217962323462,0.4362235418214002,0.789590273937374,-0.4315755950768092],"GT_T":[-41.799366790149556,-69.31419240874773,1035.6438672031422],"R_pred":[0.8565106540459124,-0.5150594036399372,0.03321611397976257,-0.2820402426405855,-0.5209699119043378,-0.805632454920745,0.4322531677582988,0.6806645000383513,-0.5914837591603486],"T_pred":[-70.17835742726068,-63.77704155232359,1005.7156418772752],"rotation_error":11.355705377236255,"translation_error":41.614009904645215,"ADD":0,"ADD_S":1}}
{"id_image":26,"data":{"GT_R":[0.8679551755928603,-0.49576135623013246,-0.02955030435917918,-0.23722939187106723,-0.36158514571271366,-0.9016529251986456,0.436320365397196,0.7896051179075296,-0.4314494199932196],"GT_T":[-41.94457238892972,-68.90773029176873,1035.8310381685906],"R_pred":[0.9422307813590647,-0.3349066090993849,0.006222366192843415,-0.1462179090459625,-0.42794241502307057,-0.8919000014006327,0.30136601954054587,0.8394658138398333,-0.4521898601920586],"T_pred":[-75.78728992993422,-72.6457946691568,1105.6528913394452],"rotation_error":10.468687968253441,"translation_error":77.68136093080562,"ADD":0,"ADD_S":0}}
{"id_image":27,"data":{"GT_R":[0.8667840006156162,-0.49783298084931266,-0.029114126663336307,-0.2378278538485482,-0.3613592553473002,-0.9015862968043891,0.43831896405567466,0.7884049567992544,-0.4316183790029109],"GT_T":[-41.992558440261526,-68.05723404075748,1036.052050115391],"R_pred":[0.9137278170265883,-0.40613158256664633,-0.012594206355992121,-0.21773190879348253,-0.4632199687234004,-0.8590809487289535,0.34306601738582704,0.7877083205208661,-0.5116847755183107],"T_pred":[-74.2135797503209,-69.12473140519646,1103.9937155586983],"rotation_error":8.002867548373983,"translation_error":75.20241796708856,"ADD":0,"ADD_S":0}}
{"id_image":28,"data":{"GT_R":[0.8670343112697753,-0.49726666094252975,-0.031244678430215035,-0.2391299714922364,-0.3602927805862785,-0.9016687212326919,0.4371126495036955,0.789249835201087,-0.4312976751026051],"GT_T":[-40.71598422137673,-67.69663739150205,1036.7488355367009],"R_pred":[0.8526076452154523,-0.5223472529886017,0.014613371117678048,-0.256653920587723,-0.44295874011043024,-0.8590205583143694,0.4551801493552987,0.7286569164257223,-0.5117324787209093],"T_pred":[-68.59073371063579,-61.40027820523071,1013.4987509703559],"rotation_error":6.062056512482392,"translation_error":36.84036143190895,"ADD":0,"ADD_S":1}}
{"id_image":29,"data":{"GT_R":[0.8679294750788568,-0.49581825707997934,-0.029347679410234646,-0.23681219265645548,-0.36115366313051905,-0.9019355733857383,0.4365974983373296,0.7897675490176462,-0.4308724943271621],"GT_T":[-39.655336433029184,-67.12755415693017,1037.242859158086],"R_pred":[0.8210858922144413,-0.5700255678498487,0.029812910020191152,-0.24359890893324054,-0.39716620430202687,-0.8848268631358653,0.5162146154197392,0.719256462020174,-0.46496517360902695],"T_pred":[-66.44112365525281,-59.90524392370606,983.0826434441507],"rotation_error":6.448869632591355,"translation_error":60.85202649377574,"ADD":0,"ADD_S":0}}
{"id_image":30,"data":{"GT_R":[0.8685785309853514,-0.49456727014773616,-0.0312029109489522,-0.23736968230478786,-0.359953178524786,-0.9022688577019735,0.43500081572448757,0.7910988538938699,-0.430042940251302],"GT_T":[-39.786424937203805,-66.20409343518067,1037.5525587440486],"R_pred":[0.918889402014205,-0.39436871011210417,0.010751155774726406,-0.2016062212569261,-0.4928234567384565,-0.8464513996910054,0.33911236842156117,0.7756277206062673,-0.532357436888643],"T_pred":[-71.9068456744374,-65.33141246904903,1070.0973800528868],"rotation_error":9.622966021026054,"translation_error":45.73454268307233,"ADD":0,"ADD_S":1}}
{"id_image":31,"data":{"GT_R":[0.8677909319127555,-0.4959317878591037,-0.03145800802970987,-0.23734763141291518,-0.3580341986939361,-0.9030379551652925,0.43658256517527977,0.791115645628107,-0.4284075148415217],"GT_T":[-40.67168124035418,-64.75456680800755,1037.9322558417605],"R_pred":[0.9379241095043668,-0.3463873132682411,0.01772551881470774,-0.18497905272441753,-0.5427963654310891,-0.819240413876157,0.29339583307132755,0.7651064859753897,-0.5731761947732762],"T_pred":[-70.5349360946497,-61.945446842077196,1045.907292146176],"rotation_error":13.816594846169364,"translation_error":31.037176893724357,"ADD":0,"ADD_S":1}}
{"id_image":32,"data":{"GT_R":[0.8674718881289598,-0.4966161791306231,-0.029408529583425845,-0.2359384129328862,-0.35864688726921856,-0.9031637130733121,0.4379781872258828,0.7904083583320547,-0.42828710419782895],"GT_T":[-41.25118374860995,-63.71477507533485,1037.9945417456925],"R_pred":[0.9474127917376858,-0.3199119686935862,-0.008082965940710979,-0.16833870603503012,-0.47673248333141044,-0.862779357302386,0.27216003031719493,0.8187688755828842,-0.5055160198000486],"T_pred":[-73.63896732592896,-64.16344844793187,1086.6247461348357],"rotation_error":12.344421110158256,"translation_error":58.43001464809317,"ADD":0,"ADD_S":0}}
{"id_image":33,"data":{"GT_R":[0.8673537685156588,-0.4968123310682258,-0.029574339383582785,-0.23607471867423335,-0.35838043758178423,-0.9032344905606268,0.4381392121715296,0.790405694758658,-0.42812781500507063],"GT_T":[-42.05024974931294,-62.31981893493826,1037.9162826852091],"R_pred":[0.8792324801195853,-0.4760748043725735,0.01740765763618715,-0.2369240784094812,-0.4686770636550135,-0.8510045775867087,0.4133004076607968,0.7441065721019605,-0.5248696813325083],"T_pred":[-71.51694643637096,-55.98094403752737,1028.4349901569099],"rotation_error":6.997184597474634,"translation_error":31.596874158993725,"ADD":0,"ADD_S":1}}
{"id_image":34,"data":{"GT_R":[0.8672994614677567,-0.4967944995557257,-0.031410560602231984,-0.23737426287899202,-0.3572912394339596,-0.9033251868907664,0.4375446542167889,0.7909098445297693,-0.4278046075219241],"GT_T":[-43.10293726737416,-60.64762468103233,1038.1207791150066],"R_pred":[0.9108618796527456,-0.4122110621873669,0.02031443835871205,-0.2024464381893467,-0.48915484639442713,-0.8483766710095766,0.35964715466678476,0.7686413835197836,-0.5290031641501577],"T_pred":[-73.2580805952594,-57.45643111124942,1047.6208180565607],"rotation_error":9.08322011286795,"translation_error":31.77683315587268,"ADD":0,"ADD_S":1}}
{"id_image":35,"data":{"GT_R":[0.8664758665078652,-0.49808763137595025,-0.033572972483716504,-0.23954838988735203,-0.35583339913311124,-0.9033265233075596,0.4379890218615718,0.7907539251546436,-0.4276372549763295],"GT_T":[-44.1592095062863,-59.01769901841654,1038.2862625762637],"R_pred":[0.9369329804292914,-0.3494802909272416,-0.004485135148103392,-0.1814243456389722,-0.47533789359716005,-0.8608943568871189,0.2987336556087327,0.8074140283423529,-0.5087639824541608],"T_pred":[-76.43016564209593,-57.665918257476584,1073.4936925120141],"rotation_error":11.008725653167867,"translation_error":47.77870910589545,"ADD":0,"ADD_S":1}}
{"id_image":36,"data":{"GT_R":[0.8656623788424063,-0.49945458103679463,-0.034246815798531005,-0.24095512974098868,-0.35571070594924986,-0.9030008247742021,0.43882570997252207,0.7899467388602481,-0.4282714383928227],"GT_T":[-44.82773645043339,-57.97061818998783,1038.2056232641223],"R_pred":[0.9308459230806558,0.3601445923292761,-0.061820224037943156,-0.19417947632571722,0.34420452460105594,-0.918595436641197,-0.3095483782189662,0.8670750358879793,0.3903340667708459],"T_pred":[-68.92603397962385,-47.18288704228669,983.5253213225918],"rotation_error":67.54796666480436,"translation_error":60.72098901975669,"ADD":0,"ADD_S":0}}
{"id_image":37,"data":{"GT_R":[0.8657457061247713,-0.49916012097499796,-0.03636955893175383,-0.2424396158591943,-0.35469415995699505,-0.9030033791653425,0.4378431785523115,0.790589434151013,-0.4280908159882668],"GT_T":[-46.14641870461767,-57.080143296194834,1038.3787694608136],"R_pred":[0.9722046681439216,-0.2327617250404433,-0.02529945840060517,-0.13457630487300815,-0.46711565562854246,-0.8738948348820035,0.19159149617322274,0.8530093455659873,-0.4854562338369876],"T_pred":[-81.01654688073228,-58.65654676005679,1115.5152187282551],"rotation_error":17.028942419599108,"translation_error":84.66665632046727,"ADD":0,"ADD_S":0}}
{"id_image":38,"data":{"GT_R":[0.8648344280482292,-0.500699934440224,-0.03688600066527374,-0.24322347752740353,-0.35356736971668157,-0.9032346477540178,0.4392085975024245,0.7901202960317948,-0.427558588999718],"GT_T":[-47.12073419862472,-56.519163284114164,1038.4869942251833],"R_pred":[0.9392073703203069,-0.3428231375091359,-0.019021354431450116,-0.1713110601231826,-0.4198768962808886,-0.8912664655696407,0.2975601388215263,0.8403426017749667,-0.4530808707356711],"T_pred":[-79.41060819845177,-57.80055826013926,1094.1178358310983],"rotation_error":10.240924672403736,"translation_error":64.33559258910809,"ADD":0,"ADD_S":0}}
{"id_image":39,"data":{"GT_R":[0.8649448922073457,-0.5004144728305824,-0.03815480085028157,-0.24401194367330598,-0.3528925175886779,-0.9032855540917165,0.4385527600439905,0.7906024106465306,-0.42733942533439395],"GT_T":[-48.14979407046515,-55.773515161409335,1038.4685333131144],"R_pred":[0.9175018490671036,-0.39752564306875016,-0.012795314033760719,-0.22571377111683555,-0.49392694805010817,-0.8396960542470844,0.3274807635368262,0.7733107610092351,-0.5429059001527382],"T_pred":[-79.15804319103437,-53.94620784501911,1065.437445504338],"rotation_error":10.283390150675665,"translation_error":41.13602788711792,"ADD":0,"ADD_S":1}}
{"id_image":40,"data":{"GT_R":[0.8645097211512281,-0.501102303436668,-0.038982267521956396,-0.24489469358043914,-0.3522250849356227,-0.9033077870963718,0.43891853657913316,0.7904650109674414,-0.4272189514707844],"GT_T":[-48.92479604259705,-55.5613730864041,1038.446033512582],"R_pred":[0.8468763986831336,-0.530845201616128,0.03168181299448772,-0.29436729057796424,-0.5175639704381274,-0.8034148584275183,0.4428862874274544,0.6710669925018315,-0.5945761750888383],"T_pred":[-73.80247732105111,-46.78075910463482,968.2932640799951],"rotation_error":12.05643294538424,"translation_error":74.94937802777883,"ADD":0,"ADD_S":0}}
{"id_image":41,"data":{"GT_R":[0.8641183433039876,-0.5017509526393318,-0.039300501186178595,-0.24559758130974677,-0.3522324668102182,-0.9031132792308768,0.4392949982587234,0.7900497664171325,-0.42759978150903194],"GT_T":[-49.831711208002126,-54.93981215246274,1038.416206230191],"R_pred":[0.8600565527945667,-0.5092368578223817,0.03131371313519876,-0.2764448633928238,-0.5167175541269584,-0.8102969867652087,0.428813436705112,0.6882447180271282,-0.5851822319661711],"T_pred":[-73.98792979415617,-46.23485249542134,959.910081537211],"rotation_error":11.259490226515382,"translation_error":82.59849171336295,"ADD":0,"ADD_S":0}}
{"id_image":42,"data":{"GT_R":[0.8640040072306031,-0.5019174374244728,-0.039702517811133556,-0.2457474236580616,-0.351576950671242,-0.9033279498345076,0.43943757665414385,0.7902360866104261,-0.4271085488793216],"GT_T":[-49.768990939373445,-55.05488637232941,1038.571328454698],"R_pred":[0.902961694474554,-0.42970436616869284,-0.0037862920125211474,-0.22848936665036185,-0.47263786693630333,-0.8511204709473377,0.36394063752122907,0.7693943101124827,-0.524956767674423],"T_pred":[-79.86064539552372,-53.105365135555786,1072.740528225083],"rotation_error":8.2515540169891,"translation_error":45.572387625726314,"ADD":0,"ADD_S":1}}
{"id_image":43,"data":{"GT_R":[0.864643607799431,-0.5008078092697392,-0.03977822540235502,-0.2458606030343288,-0.3527683129396923,-0.9028322363168915,0.43811329686371775,0.7904094297092551,-0.4281482420465446],"GT_T":[-49.56985146099873,-55.49551359798524,1038.727773181382],"R_pred":[0.8694422728020542,-0.4939246748032038,0.010418727626068824,-0.24503074885941592,-0.4494415487418868,-0.8590472783135324,0.42898725666176923,0.7443391094689592,-0.5117902145769943],"T_pred":[-79.00369255114806,-51.23666742737883,1047.5809033451767],"rotation_error":6.154702692933337,"translation_error":31.03009322773853,"ADD":0,"ADD_S":1}}
{"id_image":44,"data":{"GT_R":[0.8651027756606463,-0.5001283761682948,-0.03832301849333159,-0.24429333190931543,-0.3533740415177484,-0.9030214245449127,0.4380842428832902,0.7905687943966059,-0.42788210437405194],"GT_T":[-49.49605069690368,-56.060370368023115,1039.0442743503515],"R_pred":[0.8326435647068747,-0.5534102841138153,0.021017887365183452,-0.2870533924477201,-0.4637248607576089,-0.8381882863650575,0.4736085345899972,0.6918788267842878,-0.5449758205747417],"T_pred":[-74.87697774437008,-49.38499790302891,986.3874366912326],"rotation_error":9.099176020231726,"translation_error":58.83446785341078,"ADD":0,"ADD_S":0}}
{"id_image":45,"data":{"GT_R":[0.8649040602211638,-0.5005051657053597,-0.03789336401182426,-0.24417740515736083,-0.35358960725860755,-0.902968776302333,0.4385417186373793,0.7902345636745494,-0.4280324578672271],"GT_T":[-50.20101588372393,-55.74644498152182,1039.1334045586893],"R_pred":[0.8786202324492898,-0.477486105550438,-0.0057884485859373835,-0.2161146583088688,-0.3868038842156682,-0.8964804569089684,0.4258179676749173,0.7889168360238916,-0.4430454652101239],"T_pred":[-83.07144469335626,-54.27432038288089,1091.3372371211515],"rotation_error":2.5842788886288153,"translation_error":61.70796038739745,"ADD":0,"ADD_S":0}}
{"id_image":46,"data":{"GT_R":[0.8654247764208883,-0.4994196778020068,-0.040242217209437055,-0.24490409292868298,-0.3515783802318652,-0.9035567969039748,0.43710528813950367,0.7918162086474947,-0.42657423732720556],"GT_T":[-50.86019441593414,-54.996496330193395,1039.4573398834482],"R_pred":[0.8864244136130025,-0.46283222961160964,0.0061714004561948255,-0.2395571341508739,-0.4701307774456853,-0.8494642026452531,0.3960607761799503,0.751507404708072,-0.5276101612371331],"T_pred":[-81.27885453456123,-51.68891277402415,1055.4122920199686],"rotation_error":7.526401343912307,"translation_error":34.50790474764084,"ADD":0,"ADD_S":1}}
{"id_image":47,"data":{"GT_R":[0.8659154444947778,-0.4987004414609071,-0.03857137450068429,-0.24361502814483915,-0.35313588752311253,-0.9032979709300613,0.4368534595388069,0.7915767773435672,-0.42727643071775284],"GT_T":[-51.241161112965855,-54.62209417658945,1039.3360476710889],"R_pred":[0.9092237664446743,-0.4162480908473821,-0.007047651954359746,-0.19224711947350137,-0.4047952806325147,-0.8939697007347537,0.36926032495558136,0.8141733891767485,-0.4480719861474775],"T_pred":[-83.78568731953908,-53.82280146371092,1085.2506581712366],"rotation_error":5.8137411854248295,"translation_error":56.2844251301501,"ADD":0,"ADD_S":0}}
{"id_image":48,"data":{"GT_R":[0.8653334698785461,-0.499797952743694,-0.03740824007642503,-0.24348290365076897,-0.3539703650344515,-0.9030072249121913,0.43807934913468044,0.7905106560462094,-0.4279947024320539],"GT_T":[-51.52970751676286,-54.79431228856729,1039.3728628162582],"R_pred":[0.909928140323029,-0.41476571350337393,-0.00042702495343702185,-0.21502208125500372,-0.4708423773383038,-0.8556126227885964,0.3546777185291463,0.7786378224851728,-0.5176165157474288],"T_pred":[-83.2844811530963,-54.23167269612262,1078.1734750650858],"rotation_error":8.352788225039749,"translation_error":50.14149701484418,"ADD":0,"ADD_S":0}}
{"id_image":49,"data":{"GT_R":[0.8646936072704006,-0.5008270865604931,-0.038429584175307396,-0.2449905258821156,-0.3537176563940444,-0.9026975525866664,0.4385023136853182,0.7899727587888967,-0.4285560456128951],"GT_T":[-52.075915792429946,-54.97826865131633,1039.4142068900892],"R_pred":[0.9586485494808589,-0.2828625750370346,-0.03133244678703902,-0.144086795673516,-0.38746256325075923,-0.9105557409580644,0.24542199145712906,0.8774175321490728,-0.4121971862915218],"T_pred":[-88.74263775025963,-56.36964582426919,1151.3546240284265],"rotation_error":13.649018097345682,"translation_error":117.80085491487392,"ADD":0,"ADD_S":0}}
{"id_image":50,"data":{"GT_R":[0.8646903096976088,-0.5008420140179406,-0.03829602009080259,-0.2441780349962604,-0.3524899582574523,-0.9033976435706835,0.43896085667102125,0.7905113690080419,-0.4270901770407405],"GT_T":[-52.85042751355206,-54.2014607777194,1039.744265097082],"R_pred":[0.9223297651700237,-0.3863860930204024,-0.0036866518465957787,-0.18428184589841076,-0.43146720392489746,-0.8831060260294374,0.33962921775619287,0.8151943566154392,-0.4691589873258922],"T_pred":[-85.95510388138122,-55.70693018628979,1111.6465757710544],"rotation_error":8.120156362341852,"translation_error":79.17151202178272,"ADD":0,"ADD_S":0}}
{"id_image":51,"data":{"GT_R":[0.8642471950795217,-0.5015503741155941,-0.03902399442438923,-0.24512344149032053,-0.35210287657992423,-0.9032926962360678,0.4393069456018658,0.7902352825102236,-0.42724536753984493],"GT_T":[-53.396792888832515,-53.826587402837035,1039.6924330142108],"R_pred":[0.93258754679075,-0.3609374674537186,0.0021475937481159058,-0.18408385236953262,-0.48073561227479067,-0.8573251462470783,0.31047319186622735,0.7991354176101058,-0.5147708047796794],"T_pred":[-86.14683289778509,-53.46969332828524,1084.957625866335],"rotation_error":10.952606118365573,"translation_error":55.87155070255746,"ADD":0,"ADD_S":0}}
{"id_image":52,"data":{"GT_R":[0.8630144507644876,-0.5037092167662998,-0.038513838205175926,-0.24573462045950165,-0.351965008441777,-0.9031810931145648,0.4413844784351505,0.7889224690304397,-0.42752920885211526],"GT_T":[-54.064586065894936,-53.63742571921202,1039.7819977303802],"R_pred":[0.9590579118761047,-0.28278648141963453,-0.015483139027631487,-0.11879278540987363,-0.35204799920629065,-0.9284128824986281,0.2570918042303371,0.89224100565999,-0.37122741280304145],"T_pred":[-88.49583486365606,-57.56512415574294,1123.6919523182435],"rotation_error":14.252513625059287,"translation_error":90.78446005632752,"ADD":0,"ADD_S":0}}
{"id_image":53,"data":{"GT_R":[0.8639212679886057,-0.5021531113659614,-0.0384964914129973,-0.2446734292013836,-0.35167430722570747,-0.9035815614971984,0.4401982217851868,0.790043043627527,-0.42668263656321154],"GT_T":[-54.26791967630393,-53.848670519970774,1040.1400522828376],"R_pred":[0.877216719429429,-0.4795556581500763,0.02274198517539905,-0.2280887299045787,-0.45797253513319025,-0.8592070113506961,0.422452788420182,0.748523565293656,-0.5111224058443211],"T_pred":[-83.95758139337002,-50.56187261047521,1040.142790245941],"rotation_error":6.679426999447211,"translation_error":29.871040505280796,"ADD":0,"ADD_S":1}}
{"id_image":54,"data":{"GT_R":[0.8638510545099527,-0.5023970199283573,-0.03686293764030218,-0.2437241717920479,-0.352787914485939,-0.9034039472984211,0.440863159875378,0.7893914502552901,-0.4272027820967384],"GT_T":[-54.454569125365495,-54.25437934723223,1040.2589507537027],"R_pred":[0.9232367608926975,-0.3839995315096786,0.013350772888038376,-0.18324493746925394,-0.4705781577152413,-0.8631207855064196,0.3377205593804586,0.7944183767270725,-0.5048210242155861],"T_pred":[-86.68784714888919,-55.13114232581686,1088.8133776819036],"rotation_error":9.590744686433649,"translation_error":58.286235937727106,"ADD":0,"ADD_S":0}}
{"id_image":55,"data":{"GT_R":[0.8638985204761362,-0.5022437991555029,-0.03782127063448187,-0.24486339733170726,-0.3531899080337306,-0.9029386258714031,0.44013713227537665,0.7893093358061827,-0.4281010603166533],"GT_T":[-54.66399904742482,-54.90939436936694,1040.3099312049897],"R_pred":[0.9085466504960669,-0.4172627083173078,0.02085224496505525,-0.21590000169564322,-0.5116593550145486,-0.8316200416620065,0.35767327708426666,0.7510636036141023,-0.5549534126266816],"T_pred":[-84.45457586877072,-53.53664390563682,1047.8059861903778],"rotation_error":10.583776615939007,"translation_error":30.74985774809609,"ADD":0,"ADD_S":1}}
{"id_image":56,"data":{"GT_R":[0.8647428008109238,-0.5007768835229807,-0.03798008222660974,-0.2451244408849413,-0.3548557454899326,-0.9022148537614129,0.4383302374631636,0.7894938842996835,-0.4296112411264225],"GT_T":[-54.44244121468114,-56.14461091592566,1040.2897233849333],"R_pred":[0.8997681459183783,-0.43615780939361937,0.013551711905260722,-0.21412186323062535,-0.4683547673786027,-0.8572022162596059,0.38022244972811553,0.7683815309979113,-0.5148016234862285],"T_pred":[-84.46755897346358,-54.3989774289184,1054.3333477992942],"rotation_error":7.585791474074642,"translation_error":33.19304625055296,"ADD":0,"ADD_S":1}}
{"id_image":57,"data":{"GT_R":[0.8650756188448304,-0.5001483366317023,-0.038666765577918843,-0.2459732365258734,-0.35573834196006243,-0.9016360092982294,0.4371972198135081,0.7894948837238591,-0.4307638009433759],"GT_T":[-54.36466509587597,-57.38255118881956,1040.1156226820422],"R_pred":[0.8254902652182191,-0.5639327251342422,0.023360298641535104,-0.30295432117551513,-0.4776287900687184,-0.8246753410758534,0.476218963619717,0.6736843626062279,-0.565123772521386],"T_pred":[-79.11194052325632,-48.124689381817205,971.724837273087],"rotation_error":10.461924071702205,"translation_error":73.31735930303223,"ADD":0,"ADD_S":0}}
{"id_image":58,"data":{"GT_R":[0.8645261183742932,-0.5011562112729704,-0.03790460962179487,-0.24631168501391465,-0.35674502996120944,-0.9011453915421268,0.4380933423603177,0.7884010619167142,-0.4318560580251425],"GT_T":[-54.83620443050753,-58.0651847384987,1039.8186627807518],"R_pred":[0.8999475387453254,-0.43598694761981643,0.0031319341287536495,-0.20772435749958834,-0.4350702160853479,-0.8761075837914153,0.38333408250195367,0.7878002847045716,-0.4821054787199387],"T_pred":[-85.48510626820782,-56.22943289543374,1062.8938198468973],"rotation_error":5.867969827387689,"translation_error":38.40817676372557,"ADD":0,"ADD_S":1}}
{"id_image":59,"data":{"GT_R":[0.8638486819120642,-0.5022995008078871,-0.03820726017588999,-0.2473233672805863,-0.3568219135638638,-0.9008382348441071,0.4388577952193202,0.7876384289885697,-0.43247054342905533],"GT_T":[-55.320839645547245,-58.41229162157644,1039.6068979787094],"R_pred":[0.8761121028361085,-0.480591214401335,-0.038205600431650194,-0.3159002897811488,-0.5124016158942785,-0.798530895423038,0.36419032137095453,0.7116717422162991,-0.6007401610934119],"T_pred":[-81.8949670479523,-52.956104624621474,1017.5064628145793],"rotation_error":11.453588903183759,"translation_error":34.991191151329986,"ADD":0,"ADD_S":1}}
{"id_image":60,"data":{"GT_R":[0.8631263411209438,-0.5035940814076768,-0.037481177841335714,-0.24729100342034263,-0.3567909639491509,-0.9008598743768269,0.44029457690280704,0.7868249776190906,-0.43248953173333027],"GT_T":[-56.77255997422544,-58.8156708635472,1039.425012177428],"R_pred":[0.9100416638965981,0.40522969134149156,-0.0872528923737807,-0.23499743656752692,0.3309623070731462,-0.9139147422508905,-0.34146797035593585,0.8522046987385717,0.39641742730220353],"T_pred":[-79.62316344993164,-49.311673614702656,1003.3112393977983],"rotation_error":69.61172193545747,"translation_error":43.779911229794926,"ADD":0,"ADD_S":0}}
{"id_image":61,"data":{"GT_R":[0.862511557580311,-0.5046037057349325,-0.03805920935230761,-0.2484075726313901,-0.356673314519308,-0.9005985285596708,0.4408709698483997,0.7862313001857499,-0.4329822983156675],"GT_T":[-57.54049845942491,-59.3427226032818,1039.131097464955],"R_pred":[0.8627147618680574,-0.5055978711565803,0.009697027218454002,-0.2775229834532267,-0.4894006228175958,-0.8267212492980747,0.4227342348452056,0.7105334777951589,-0.5625281714031353],"T_pred":[-86.58373288927679,-55.06416530512185,1031.8539185609247],"rotation_error":8.981518660471078,"translation_error":30.24521204260659,"ADD":0,"ADD_S":1}}
{"id_image":62,"data":{"GT_R":[0.8627281897640633,-0.5043875543557206,-0.035966528147722325,-0.24638025318700443,-0.3571755859030809,-0.9009570497395357,0.44158534134097177,0.7861419645034118,-0.4324156887784866],"GT_T":[-57.89688885587784,-59.27899223338115,1038.8716310073405],"R_pred":[0.94686794585713,-0.3213017930532426,-0.014361437569781227,-0.17228210896134716,-0.4689921184049796,-0.8662362655799167,0.27158786430937953,0.8226855721688455,-0.4994281542975818],"T_pred":[-89.7207725370827,-58.69965672148746,1063.788593660515],"rotation_error":12.511461578780441,"translation_error":40.42215024030628,"ADD":0,"ADD_S":1}}
{"id_image":63,"data":{"GT_R":[0.8620332756491811,-0.5056111076899575,-0.03543285406678404,-0.24662319538774313,-0.3573475263369537,-0.9008217833751122,0.44280362254239375,0.7852773729028493,-0.43274109503272484],"GT_T":[-59.423110220373594,-59.782014261584415,1038.5165250487723],"R_pred":[0.9559270420940433,-0.2932975155834809,-0.013418552302331799,-0.1534997324928365,-0.46028819558822637,-0.8743984269923879,0.2502824850403245,0.8379208461153669,-0.48502302350233567],"T_pred":[-91.57117550505949,-60.185964466176706,1071.9451399400812],"rotation_error":13.88685764931169,"translation_error":46.380314475730444,"ADD":0,"ADD_S":1}}
