{"id_image":1,"data":{"GT_R":[0.017042721593643888,-0.999500233792667,0.02661667787480611,-0.5292700913615932,-0.03160299871810176,-0.8478640811749488,0.8482828627063241,0.00036206837285634747,-0.529544503574294],"GT_T":[171.52834247590351,-74.91162315570685,1083.5500973431554],"R_pred":[0.07142848580485395,-0.9947576181714541,0.07317959077148123,-0.2338908795866929,-0.08802552846382694,-0.9682698811719941,0.9696355128922358,0.052046012609225256,-0.2389522645000281],"T_pred":[170.11988728810636,-61.84738119894021,1056.3724097674412],"rotation_error":18.733968186192385,"translation_error":30.18749519062653,"ADD":0,"ADD_S":1}}
{"id_image":2,"data":{"GT_R":[0.016788806354710833,-0.9994494576959392,0.028596794959968606,-0.5313065378846925,-0.03314601313323632,-0.8465316181471498,0.8470138180542884,-0.0009811510557428387,-0.5315701498682618],"GT_T":[169.79434748343965,-74.42805421724752,1083.229172082239],"R_pred":[-0.024609373441345284,-0.9991899198010643,0.0318415280218719,-0.6005768358350929,-0.01068599961406802,-0.7994956370553603,0.7991882400267992,-0.03879837084455212,-0.5998273446773463],"T_pred":[166.10380431683004,-68.52949915502185,1045.6778155901434],"rotation_error":5.379232017390894,"translation_error":38.190541172955044,"ADD":0,"ADD_S":1}}
{"id_image":3,"data":{"GT_R":[0.014048051667689018,-0.9993631259766024,0.03277949729077215,-0.528794962494222,-0.03524884101967845,-0.8480176362370511,0.8486339836973302,-0.005420474662713316,-0.5289532836109887],"GT_T":[170.8831359474342,-73.51191659588305,1083.977009736202],"R_pred":[-0.02696184468418117,-0.9960165852524517,0.08499424000055084,-0.6390067550935984,-0.04821236628106029,-0.7676886964664327,0.7687284474220892,-0.07501019690432781,-0.635161431830049],"T_pred":[146.29138723200543,-55.72968543505931,936.4565888625583],"rotation_error":8.668747496459233,"translation_error":150.6095495799544,"ADD":0,"ADD_S":0}}
{"id_image":4,"data":{"GT_R":[0.012749012156050102,-0.9993570479518639,0.033515247296966755,-0.5286302655793742,-0.03518769297502542,-0.8481225804684148,0.8487569614072129,-0.006904080095643611,-0.5287393858586047],"GT_T":[169.73536378427306,-73.0335809199867,1084.2151655824625],"R_pred":[-0.020897800258864896,-0.9931486574349144,0.11497402393396439,-0.6393007758169535,-0.07514176905754144,-0.7652765726080633,0.768672752206153,-0.08949557965693239,-0.6333504095188444],"T_pred":[148.61806772782097,-60.22357984481414,972.7412065873004],"rotation_error":9.31004227724025,"translation_error":114.17740518306084,"ADD":0,"ADD_S":0}}
{"id_image":5,"data":{"GT_R":[0.013380122214725936,-0.9993633489213124,0.0330737367379182,-0.5277819150344246,-0.03515232107550054,-0.8486522897190515,0.8492754251881138,-0.006100724724812596,-0.527916118111596],"GT_T":[169.71548379679402,-72.078051855579,1084.1590408245947],"R_pred":[-0.011985321238967006,-0.9994453213192446,0.031070915143763034,-0.5779237471761801,-0.018433840586149275,-0.8158825503533503,0.8160027539932948,-0.02773523416732937,-0.5773822496934261],"T_pred":[157.9876130444105,-58.24822958102125,986.5154492530413],"rotation_error":3.7436789894736324,"translation_error":99.31302991814724,"ADD":0,"ADD_S":0}}
{"id_image":6,"data":{"GT_R":[0.012770071760162803,-0.9994566981288113,0.030360056387215433,-0.5229875048224415,-0.03255451522333976,-0.851718523392856,0.8522454673909613,-0.005001469654794149,-0.5231191049721649],"GT_T":[168.15507025855382,-68.14678571814686,1083.3975803861556],"R_pred":[-0.03329070786638655,-0.9974742684389105,0.06274402419366387,-0.7101964394424233,-0.020562163860983085,-0.7037032150137288,0.7032160025006962,-0.06798736073428835,-0.7077181448905536],"T_pred":[151.98507198887287,-61.067768109593494,981.6517624098958],"rotation_error":14.100942625731255,"translation_error":103.26564196286141,"ADD":0,"ADD_S":0}}
{"id_image":7,"data":{"GT_R":[0.014664171354508725,-0.9995025541454728,0.027900822908306536,-0.5223733359845807,-0.03145082433956713,-0.8521365224330927,0.8525909384388819,-0.002078947656440135,-0.522574574949356],"GT_T":[172.34635141432128,-68.84054091365181,1081.58559982901],"R_pred":[-0.042311513819443314,-0.9937703451126078,0.10310304056174002,-0.7319127296410778,-0.03941381861866422,-0.6802575299776121,0.6800834448710348,-0.104245153732266,-0.7256855075965638],"T_pred":[156.8667986656027,-63.50647144402866,988.0811640536376],"rotation_error":16.45851291309064,"translation_error":94.92706863733802,"ADD":0,"ADD_S":0}}
{"id_image":8,"data":{"GT_R":[0.017269366526888527,-0.9992601839599656,0.03435815540859806,-0.5230981829822082,-0.03831464593992929,-0.8514101897709968,0.8520983106716199,-0.0032693519230966757,-0.523372986770331],"GT_T":[170.37177863325545,-69.59186915797545,1080.387944062806],"R_pred":[0.09472373428106862,-0.9954309619956515,-0.012025558792063074,-0.6037284026994808,-0.0478365951922195,-0.7957535271265528,0.791542437231121,0.08263691705785964,-0.605501205615141],"T_pred":[157.18688556982556,-47.20889664098531,918.9646640358554],"rotation_error":7.654907724727367,"translation_error":163.50019632541634,"ADD":0,"ADD_S":0}}
{"id_image":9,"data":{"GT_R":[0.018123856976952592,-0.9991218941789669,0.03776486283039725,-0.5231732317008548,-0.04166422102500058,-0.8512074943342539,0.8520340651925599,-0.004330425309505776,-0.5234685175387932],"GT_T":[169.24190668746385,-70.69387499084512,1079.6476563459642],"R_pred":[-0.12805097391968778,-0.9757429316998915,0.1775631699309302,-0.6981608268674971,-0.03847414762888557,-0.7149064272979531,0.7043964848761755,-0.2155121138171395,-0.6762988399311034],"T_pred":[140.82750822180316,-61.1426216355731,960.0140730627745],"rotation_error":17.274031163857746,"translation_error":123.3320669169126,"ADD":0,"ADD_S":0}}
{"id_image":10,"data":{"GT_R":[0.017815031645566443,-0.9991888117052004,0.036106862607049116,-0.5224103221361398,-0.040093257970039785,-0.8517510852630035,0.852508391104739,-0.0036888228279825935,-0.5227006638966096],"GT_T":[167.61835168612185,-69.66771924079234,1078.7252492508983],"R_pred":[0.004720170629517906,-0.991157781907708,0.1326045676174873,-0.6940349375804318,-0.09871465158862902,-0.7131415869092629,0.719925847158549,-0.0886660528360661,-0.688364079297807],"T_pred":[138.2244839233652,-55.757834465025525,935.9686569095045],"rotation_error":13.705594550948625,"translation_error":146.4135547463295,"ADD":0,"ADD_S":0}}
{"id_image":11,"data":{"GT_R":[0.017354167147974595,-0.9991933305101346,0.03621060751764889,-0.5216986380537979,-0.03994474170487213,-0.8521939048951045,0.8529539900176739,-0.004101566480964247,-0.521970486737675],"GT_T":[166.97002428461096,-68.97028316198121,1078.6665836528723],"R_pred":[0.15710539090225273,-0.9871064758393986,-0.030638236002967334,-0.6202729566110459,-0.07448499327679137,-0.7808414980478102,0.7684916105244367,0.1416784780144093,-0.6239774462439154],"T_pred":[154.4689741412492,-54.27675538485479,951.9812403273654],"rotation_error":11.401628841468696,"translation_error":128.14582407057043,"ADD":0,"ADD_S":0}}
{"id_image":12,"data":{"GT_R":[0.017340651002488806,-0.9992080597742367,0.035811478957313264,-0.5198388450902228,-0.03960591391418491,-0.8533464008855467,0.8540889384164971,-0.0038179864272464507,-0.5201135783498774],"GT_T":[166.31524029428692,-67.23411216602267,1078.7256021816738],"R_pred":[-0.02176875928013977,-0.9932789907577997,0.11367923134227287,-0.6320251066955325,-0.07443005745464282,-0.7713653032473,0.7746421016352674,-0.08863979392160853,-0.6261570101081921],"T_pred":[142.1091677737445,-52.48562506138273,947.9917108344385],"rotation_error":9.328357335286471,"translation_error":133.77145497278636,"ADD":0,"ADD_S":0}}
{"id_image":13,"data":{"GT_R":[0.0159879362171823,-0.9991175541807008,0.03882568024758389,-0.5197055786758673,-0.04147715808805228,-0.8533381582885995,0.8541963186840585,-0.006534667478774276,-0.5199101889326575],"GT_T":[162.43020921399102,-67.42563570440038,1079.3147442259353],"R_pred":[-0.11945421589232452,-0.9859316030479642,0.1169169124499172,-0.6159947740496307,-0.018755909138063354,-0.7875269228514981,0.7786405644770215,-0.16609361813048812,-0.6050882426284856],"T_pred":[132.10967140294827,-43.19539346929571,889.083365119993],"rotation_error":11.272003570898839,"translation_error":194.15050154061274,"ADD":0,"ADD_S":0}}
{"id_image":14,"data":{"GT_R":[0.01199115027651693,-0.9987222488132845,0.04908241935314255,-0.5251345921635198,-0.04806203987911757,-0.8496613489065942,0.8509355368599167,-0.015586486106002162,-0.5250397670204743],"GT_T":[152.91832974223968,-71.80825483067937,1080.1358380052588],"R_pred":[0.08589734070552169,-0.9938204013108698,0.0703040311648066,-0.5893111457399827,-0.10757831372904114,-0.8007117333484289,0.8033268452917213,0.027348059410466807,-0.5949101304231864],"T_pred":[129.8398798157773,-42.70912785512424,878.2866644625868],"rotation_error":6.407218517810677,"translation_error":205.2375767290372,"ADD":0,"ADD_S":0}}
{"id_image":15,"data":{"GT_R":[0.009226179385257757,-0.9985436297719197,0.05315838798682381,-0.5250978358149854,-0.050079159376137626,-0.8495669443560251,0.8509923536338653,-0.020074874955693135,-0.5247950768004304],"GT_T":[144.3840970673867,-71.65523035556431,1082.0959268540887],"R_pred":[-0.1822701237329768,-0.96087005954009,0.20858171222278626,-0.7206466006745941,-0.013768123657928455,-0.6931658644993217,0.668914104299287,-0.27665712976600454,-0.6899382244948591],"T_pred":[111.71727243608757,-51.49366285602263,894.5462464200219],"rotation_error":20.46777743254585,"translation_error":191.43796088145945,"ADD":0,"ADD_S":0}}
{"id_image":16,"data":{"GT_R":[0.008345455505346863,-0.9985949404233676,0.052317059304628974,-0.5207831158784938,-0.049003751752313154,-0.8522809292561914,0.8536485882346836,-0.020133036835658483,-0.5204601809684192],"GT_T":[142.3821011335456,-67.9443479564952,1083.916878767246],"R_pred":[-0.1403005781919483,-0.97116758743193,0.19274144567437973,-0.655337486191094,-0.05483727871103816,-0.7533429843413328,0.7421917049871569,-0.23200515077302236,-0.6287488235082785],"T_pred":[108.45114076818838,-36.78052417952111,843.8499794946924],"rotation_error":15.178216204897158,"translation_error":244.44756106383258,"ADD":0,"ADD_S":0}}
{"id_image":17,"data":{"GT_R":[0.005714140163534521,-0.9984728541355996,0.0549424416216381,-0.5179628948215043,-0.04995374093776669,-0.8539433374839197,0.8553845715127959,-0.023578610255593418,-0.5174575272803364],"GT_T":[138.12320686944105,-66.4176402951898,1085.3272488271377],"R_pred":[0.03626705901945859,-0.9964763287666729,0.07562821323932595,-0.6564946021017806,-0.08081423927687537,-0.7499892640173758,0.753458384943259,-0.0224496088561415,-0.6571122257429868],"T_pred":[122.6548794420183,-45.42156970847739,913.6493080284389],"rotation_error":10.118040717568805,"translation_error":173.64739989520635,"ADD":0,"ADD_S":0}}
{"id_image":18,"data":{"GT_R":[0.0031203240595792216,-0.9983075969952557,0.058065202582321986,-0.5176585067081797,-0.05129257968939505,-0.8540488621719973,0.855581781111099,-0.027392421864822877,-0.5169427614709896],"GT_T":[134.5937443743335,-67.56885694922431,1086.6061825144363],"R_pred":[0.19635720988571148,-0.9794693820782443,-0.04564620134426406,-0.612186557867332,-0.08609638968509148,-0.7860121055363847,0.7659448181771624,0.18228313486018205,-0.6165236364107206],"T_pred":[123.26309748985899,-46.04619994532542,916.3389296147241],"rotation_error":14.369699963400661,"translation_error":171.99577242869287,"ADD":0,"ADD_S":0}}
{"id_image":19,"data":{"GT_R":[0.0019210304879119285,-0.9984533610503424,0.05556400999215525,-0.5176562239444352,-0.04853316452370998,-0.8542112553056064,0.8555871897544818,-0.027122356565843157,-0.5169481280709092],"GT_T":[132.02999121605345,-68.99906142594585,1087.1474322785434],"R_pred":[0.0066574905234843,-0.9931649820435369,0.11652895031875704,-0.6624113718989462,-0.09167700276995672,-0.743509584028393,0.7491107075719092,-0.0722401938368033,-0.6584941170546132],"T_pred":[110.14476209912134,-49.74294203142731,924.059420234012],"rotation_error":10.906021345160498,"translation_error":165.67275292055055,"ADD":0,"ADD_S":0}}
{"id_image":20,"data":{"GT_R":[-0.0020520614434319014,-0.99857091562717,0.05340003144991998,-0.5150681021884908,-0.0447169504247483,-0.8559821946031269,0.857147069011354,-0.029260892434055205,-0.5142400614537862],"GT_T":[128.39448590801143,-67.9984316999213,1090.2057649025223],"R_pred":[0.05852913635778623,-0.9950724066545494,0.08003277898420935,-0.5825672172936268,-0.09914915732623764,-0.8067123910888301,0.8106724230735695,0.0005917061944470947,-0.5854996774993196],"T_pred":[112.59315691113595,-48.28389038172305,942.8343001231807],"rotation_error":6.075533395512489,"translation_error":149.52154951264777,"ADD":0,"ADD_S":0}}
{"id_image":21,"data":{"GT_R":[-0.0029934280968811787,-0.9983609139413354,0.05714140021709265,-0.5138986350556808,-0.04748299096493934,-0.8565362267163422,0.8578462496035696,-0.03192909085316033,-0.5129144689765088],"GT_T":[122.79235662766938,-69.78952379008315,1091.552072350572],"R_pred":[0.06375102202711358,-0.9975767169519133,0.027865767277086062,-0.5852584205502035,-0.059989140465788626,-0.8086246868611278,0.8083368037925649,0.035241975279744764,-0.5876645427561564],"T_pred":[113.78249016242539,-47.269802568660175,927.671092265602],"rotation_error":6.461229030923802,"translation_error":165.66620407078335,"ADD":0,"ADD_S":0}}
{"id_image":22,"data":{"GT_R":[-0.0019229046494746499,-0.9984329637917455,0.05591852418105662,-0.5142382569336207,-0.04697155478483275,-0.8563600943826362,0.8576461372391091,-0.0304018743640091,-0.5133419327560481],"GT_T":[124.42870600698566,-70.74814112667916,1091.5034875207941],"R_pred":[-0.09905401072930153,-0.9792595737455673,0.17674555209704418,-0.6709256702643535,-0.06544923722584572,-0.7386305858322433,0.7348789342053337,-0.19174744998096982,-0.6505273764316365],"T_pred":[101.47219610534549,-54.84514404691977,942.8390009131797],"rotation_error":14.250088371272058,"translation_error":151.2647885044253,"ADD":0,"ADD_S":0}}
{"id_image":23,"data":{"GT_R":[-0.0012147977872656148,-0.9986068086243145,0.052740856214873726,-0.5132907158214072,-0.04464086312049095,-0.8570528176158178,0.8582141127455332,-0.02811241127652462,-0.5125218577953113],"GT_T":[126.11224322650261,-71.91584986714489,1091.1365417997984],"R_pred":[-0.01786343747708974,-0.9956097114025318,0.09188144623627198,-0.6806702795553264,-0.055203292708069895,-0.7305070615704277,0.7323720831186669,-0.07559033691652667,-0.6766958200205395],"T_pred":[111.53032715680384,-53.64556033092965,927.3860453239678],"rotation_error":12.245178059699196,"translation_error":165.4105826483961,"ADD":0,"ADD_S":0}}
{"id_image":24,"data":{"GT_R":[-0.0013984643255201823,-0.9987476318065882,0.050005724524915016,-0.514929833223141,-0.04214770560939796,-0.8561954037492566,0.8572319476112792,-0.026946408998221538,-0.5142264455252998],"GT_T":[128.91772504792362,-74.4227724032514,1090.5103052270701],"R_pred":[0.06945869439636954,-0.9968158958606063,0.039160688609478245,-0.6740885622637743,-0.07583598916917977,-0.7347472442764855,0.7353775220918228,0.02463681201675255,-0.6772096628783008],"T_pred":[119.74380319805023,-64.91961621165844,984.9128387529704],"rotation_error":12.206364835635586,"translation_error":106.42037279326745,"ADD":0,"ADD_S":0}}
{"id_image":25,"data":{"GT_R":[0.0014208877050315497,-0.9987655435956799,0.049652832167654835,-0.515753753472667,-0.043271600777806264,-0.8556437823106824,0.8567365689528962,-0.024392494279430466,-0.5151781343947225],"GT_T":[131.2288348262814,-75.44796234040452,1089.539027187162],"R_pred":[0.006416220905156256,-0.9932198160302748,0.11607423983848936,-0.4807265553463616,-0.10484720987628215,-0.8705797158020512,0.8768470853541781,-0.05021413770987021,-0.47813986372183676],"T_pred":[121.38978720415817,-61.14200720159625,1015.6345445970519],"rotation_error":4.466958437061219,"translation_error":75.91666323973867,"ADD":0,"ADD_S":0}}
{"id_image":26,"data":{"GT_R":[0.0023477862498806536,-0.998835673572115,0.04817185998753049,-0.5159327021806106,-0.042475663763644415,-0.8555754272110403,0.8566259758039398,-0.02284466108601362,-0.5154315369307128],"GT_T":[133.0972303780676,-76.18806736234274,1088.64120742105],"R_pred":[0.14151282686694056,-0.9898964917210133,0.008891316581733033,-0.5867601271145384,-0.09110872439033157,-0.8046190114386417,0.7972996131070538,0.10864684081185227,-0.5937248444531745],"T_pred":[128.9127312458992,-65.78385797952403,1011.086538434684],"rotation_error":9.76127208339,"translation_error":78.36124225312822,"ADD":0,"ADD_S":0}}
{"id_image":27,"data":{"GT_R":[0.007720952603464307,-0.9990058710207558,0.04389211312713314,-0.514448842014232,-0.04160796118831821,-0.8565109366492618,0.8574866148734803,-0.01596674226525224,-0.514259268883968],"GT_T":[143.11764176864656,-77.62401079001484,1084.5918896454007],"R_pred":[-0.162815879409404,-0.9695883332749506,0.1827278123035616,-0.6711328627815223,-0.026921186283309306,-0.7408481154891181,0.7232369389811479,-0.2432564772132545,-0.6463393972109209],"T_pred":[115.15319414090509,-59.164395801173825,926.004733407872],"rotation_error":16.986046489989334,"translation_error":162.08841365183162,"ADD":0,"ADD_S":0}}
{"id_image":28,"data":{"GT_R":[0.009815842205062444,-0.9991331163282579,0.040458810393794294,-0.5114337079876229,-0.039784023447437915,-0.8584014355670683,0.859266958125027,-0.012266100784490646,-0.5113798506643802],"GT_T":[145.39607391578167,-76.6217993443147,1084.1383073505087],"R_pred":[-0.038144352187763575,-0.9925971418808807,0.11530794563290969,-0.6049899371611122,-0.06890072690214522,-0.793246409236215,0.7953189198868392,-0.10001801718821585,-0.5978831088998657],"T_pred":[124.54131057627151,-52.85498235118575,914.158175405635],"rotation_error":8.21690608849511,"translation_error":172.896003423817,"ADD":0,"ADD_S":0}}
{"id_image":29,"data":{"GT_R":[0.01025389242394385,-0.9991935018781994,0.038819287899330396,-0.5127249388016634,-0.038583286406119,-0.8576858978879525,0.8584927611881509,-0.011109125791438431,-0.5127065764289174],"GT_T":[147.5812748810554,-76.70936772049382,1083.5744537884268],"R_pred":[0.2392473383521423,-0.9689088963754993,-0.06305760553515827,-0.6785199231919372,-0.12038215230211213,-0.7246508478148073,0.6945296429404748,0.21615662823869897,-0.6862250994720709],"T_pred":[136.7287625666939,-59.62581993929671,931.3755012829453],"rotation_error":19.276405347839724,"translation_error":153.53874355383934,"ADD":0,"ADD_S":0}}
{"id_image":30,"data":{"GT_R":[0.011131542358911305,-0.9990554712510175,0.04198476156601783,-0.5117837684641349,-0.041763949040243345,-0.8580989013712644,0.8590427199464173,-0.011935110097632207,-0.5117653122892268],"GT_T":[146.72046638483388,-76.30791896120336,1083.6341259965059],"R_pred":[0.08875295663142813,-0.995728838508998,0.02543605414960115,-0.7143327494077216,-0.08142633067644778,-0.695052858274948,0.6941553398287627,0.04351818969225835,-0.7185085464718729],"T_pred":[130.5010636641007,-64.20605155277111,945.6201752751901],"rotation_error":15.661113498040848,"translation_error":139.4896942899165,"ADD":0,"ADD_S":0}}
{"id_image":31,"data":{"GT_R":[0.011459818097556763,-0.9989485766967139,0.044377759632654765,-0.5115493385837317,-0.04398949804514568,-0.8581269082524818,0.8591780554665926,-0.012867796066575302,-0.5115150279902738],"GT_T":[146.02748240081579,-75.55590272093393,1083.9924031878263],"R_pred":[0.09469482378064131,-0.9950493748212136,0.030160106383512297,-0.6073537317757717,-0.08175091231296883,-0.7902140424176483,0.7887676050949334,0.05651132633294714,-0.6120883393341962],"T_pred":[132.3961117492659,-59.96598714432273,960.3500774524053],"rotation_error":8.334906124956875,"translation_error":125.36460603691036,"ADD":0,"ADD_S":0}}
{"id_image":32,"data":{"GT_R":[0.010699733378966703,-0.9990445069867038,0.04236806416677084,-0.5103639037112978,-0.04189192100469067,-0.8589376042387796,0.8598922244458286,-0.01243302654973185,-0.5103250913681041],"GT_T":[145.56290508828747,-75.67916018924485,1084.1565672769668],"R_pred":[0.0640039385571225,-0.9959311522877683,0.06344001696038559,-0.3396899317110273,-0.0815163598647145,-0.9369983102271657,0.9383572060485995,0.03842164724688718,-0.3435251531976982],"T_pred":[134.06355285589183,-53.27053731653819,977.6813650945984],"rotation_error":11.234871559386072,"translation_error":109.41366532838633,"ADD":0,"ADD_S":0}}
{"id_image":33,"data":{"GT_R":[0.009313346440765542,-0.9991158096650334,0.04097715994345668,-0.5107349264467785,-0.03998390340773463,-0.8588081058863754,0.8596884812888508,-0.012929594351913078,-0.5106556484033252],"GT_T":[144.35992497125008,-75.37762959325826,1084.4427036165116],"R_pred":[0.09785961008612243,-0.9951215893578076,0.012510759680484707,-0.7323380431975259,-0.08051844284317178,-0.6761640117957547,0.6738727529730006,0.05700704128528011,-0.7366449009152833],"T_pred":[135.03180399383288,-69.00043875540011,987.0180988425226],"rotation_error":17.41094183067446,"translation_error":98.0777039867867,"ADD":0,"ADD_S":0}}
{"id_image":34,"data":{"GT_R":[0.0079826381871149,-0.9990317773378068,0.043258554203248055,-0.5102204543481159,-0.04127471247382236,-0.8590524609206133,0.8600074925098512,-0.015213623204195642,-0.5100555547530612],"GT_T":[143.2953414243668,-74.63688948521808,1085.0854822147944],"R_pred":[0.2194200869390086,-0.9707706505090304,-0.09725826215778377,-0.604318531028554,-0.056973472413595516,-0.7947031750890569,0.7659333773267548,0.2331488098863287,-0.5991558177514592],"T_pred":[127.43729237959985,-44.13528400390514,859.0548904841428],"rotation_error":16.10414871415199,"translation_error":228.6299500383806,"ADD":0,"ADD_S":0}}
{"id_image":35,"data":{"GT_R":[0.006649325931784657,-0.9990228559762502,0.04369711525112951,-0.5110289696407895,-0.04095566885289821,-0.8585874855753778,0.8595383277914742,-0.016621238912284564,-0.51080119885781],"GT_T":[142.90266011664355,-74.41057818212734,1085.336470381245],"R_pred":[0.014265833318518495,-0.997615300490623,0.06752923979086656,-0.5613180939285056,-0.06388047996106794,-0.8251310694116499,0.8274771800044988,-0.026134201861692685,-0.5608908272247413],"T_pred":[132.13008394791794,-54.52824995806352,962.0487781186102],"rotation_error":3.7200700269978735,"translation_error":125.3443673898692,"ADD":0,"ADD_S":0}}
{"id_image":36,"data":{"GT_R":[0.00750163571278862,-0.9990835432659455,0.042142060599570964,-0.5092127942146052,-0.04008613745050378,-0.8597066418572111,0.8606086355026871,-0.015009844859552188,-0.5090459447522911],"GT_T":[143.83595471289556,-76.56039133430008,1085.2649048814808],"R_pred":[-0.06936246488612874,-0.9867605442266888,0.14660312691879973,-0.6318994728457162,-0.07025706831544853,-0.7718594435316735,0.7719403504690157,-0.14617651216651578,-0.6186602642877639],"T_pred":[120.30748849683003,-50.16059541521022,894.5106886498953],"rotation_error":11.314002379675118,"translation_error":194.00440447880712,"ADD":0,"ADD_S":0}}
{"id_image":37,"data":{"GT_R":[0.005547961616342015,-0.9988561148916247,0.04748347827667361,-0.5153337200145934,-0.04354931406510626,-0.8558817892240711,0.8569720661595497,-0.019721257636156595,-0.5149864574492392],"GT_T":[140.5248668487509,-81.31242781447989,1084.036033300477],"R_pred":[-0.1335268349080796,-0.9758576629447427,0.17283635622014126,-0.6973577969115018,-0.03139895563000439,-0.7160350610634105,0.7041751823560437,-0.2161386759869001,-0.6763293467656586],"T_pred":[117.47953911895061,-70.74645905204036,967.9466776028469],"rotation_error":17.078198048850684,"translation_error":118.82535643688857,"ADD":0,"ADD_S":0}}
{"id_image":38,"data":{"GT_R":[0.006817661012856255,-0.9988798228329768,0.04681809098934589,-0.5143039468726807,-0.04365440559636838,-0.8564959909213963,0.857581311397694,-0.01823972106736874,-0.5140253674523221],"GT_T":[140.94078538294434,-82.36939543624136,1083.777931298118],"R_pred":[0.19225148925573843,-0.9812505896165419,-0.013661817453762215,-0.6142397323584791,-0.10946431665726553,-0.7814903163641518,0.7653423522000693,0.1586343082562756,-0.6237677774403853],"T_pred":[131.0812378494561,-67.10403043266189,963.5355146446076],"rotation_error":13.47631786525808,"translation_error":121.60789780657338,"ADD":0,"ADD_S":0}}
{"id_image":39,"data":{"GT_R":[0.007139055514006038,-0.9987396560211873,0.04968488915584008,-0.5154098734464436,-0.046252690459934104,-0.8556953633003143,0.8569148533459637,-0.019498868884149204,-0.5150896618814588],"GT_T":[141.35756029816,-83.79202784401973,1083.5055389492604],"R_pred":[-0.17702526906456462,-0.9732944718713521,0.14615035113637104,-0.7500795205686146,0.03727596594568572,-0.6602963086269479,0.637214851471759,-0.2265135170083281,-0.736647038734523],"T_pred":[125.07282943719146,-80.25488472196862,1000.6577738842859],"rotation_error":21.73236488961332,"translation_error":84.50713589361116,"ADD":0,"ADD_S":0}}
{"id_image":40,"data":{"GT_R":[0.007504132245920443,-0.9987930518397179,0.048541686778241694,-0.513442118653998,-0.04550339001871708,-0.8569173215206163,0.8580920913936151,-0.01849310155627002,-0.513162998651025],"GT_T":[142.26257323856626,-81.5565425173294,1083.7958102388925],"R_pred":[-0.09932416108845898,-0.9900570747342293,0.09960772958347314,-0.1341805218061075,-0.08586210237905956,-0.9872301084057802,0.9859666822930246,-0.11142121945010452,-0.1243181936175759],"T_pred":[141.31754297386533,-61.4600534184842,1027.332591390897],"rotation_error":24.242355084205723,"translation_error":59.94044576892829,"ADD":0,"ADD_S":0}}
{"id_image":41,"data":{"GT_R":[0.0071773327449934435,-0.9987400252236271,0.049658648494789306,-0.5092054265158485,-0.0463895953287674,-0.8593938743113912,0.8606157802113775,-0.019117661665827936,-0.5088971024920758],"GT_T":[143.64965569961407,-75.84702831743718,1085.0187720712242],"R_pred":[0.1764796228277089,-0.9796207421304854,-0.09590695654802933,-0.7242947954558301,-0.06326458151746261,-0.6865818538244488,0.6665223117062069,0.1906326160790343,-0.7206991145302437],"T_pred":[136.89474677618358,-64.56080608337595,951.97017760131],"rotation_error":20.49371107752677,"translation_error":133.69718058844833,"ADD":0,"ADD_S":0}}
{"id_image":42,"data":{"GT_R":[0.007824055712999562,-0.9988613195773854,0.047059287418916185,-0.49324382059045696,-0.044792875921027056,-0.8687369256997328,0.8698563748089811,-0.01641397512514142,-0.49303211122301355],"GT_T":[150.1113173287785,-61.785983729284425,1088.4411934434797],"R_pred":[0.055983091769988724,-0.9968462222331455,0.05624502338322496,-0.6072417353069007,-0.07871130861395426,-0.7906086293468741,0.7925423448228726,0.010106389849264097,-0.6097331322364544],"T_pred":[134.68257245143616,-49.21220017899701,969.4382678472078],"rotation_error":8.404642442951895,"translation_error":120.65588465438152,"ADD":0,"ADD_S":0}}
{"id_image":43,"data":{"GT_R":[0.00633618952639995,-0.998909431372666,0.0462446182258965,-0.4934735785264913,-0.04334562460015264,-0.8686801761815371,0.8697385579884721,-0.017316698081404278,-0.4932099904710083],"GT_T":[150.7167765078949,-61.813445086521234,1088.486220716129],"R_pred":[-0.0067399028117134385,-0.9987675017103035,0.04917368439976383,-0.5739396949930113,-0.03640497028614331,-0.8180879565485573,0.8188698310607234,-0.033736562744653475,-0.5729869493389516],"T_pred":[147.36993920849886,-56.45734504392603,1048.5969640100473],"rotation_error":5.510208389892847,"translation_error":40.38616010638559,"ADD":0,"ADD_S":1}}
{"id_image":44,"data":{"GT_R":[0.00813414673357179,-0.9989959824677268,0.044056552179027694,-0.4917124351981682,-0.04235927749919589,-0.8697265705295126,0.8707197315269279,-0.014588618323185799,-0.49156299402734194],"GT_T":[153.16537032022256,-61.02613913771003,1088.4341806426912],"R_pred":[0.07883919396482819,-0.995378935795181,0.054819300161797924,-0.6205449820909417,-0.09203915576168797,-0.7787507425411734,0.7801976074666785,0.02737823920431659,-0.6249336967401757],"T_pred":[131.25313077425966,-39.569164881383635,908.1332303323968],"rotation_error":9.954128121047384,"translation_error":182.89062487987613,"ADD":0,"ADD_S":0}}
{"id_image":45,"data":{"GT_R":[0.008931554115692658,-0.9989672418457768,0.04454714521083675,-0.4916804443057048,-0.0431790117773883,-0.8697041013082063,0.8707303182603647,-0.014134861290542913,-0.4915588886484916],"GT_T":[154.5866601434571,-61.45917824108583,1088.5508705018904],"R_pred":[-0.038863259799204686,-0.9929412101819471,0.11205980617594374,-0.5927980416682997,-0.06736866172406963,-0.8025284700318968,0.80441290941407,-0.09761770607793663,-0.5859954390847024],"T_pred":[133.44946785862425,-43.14741948459887,935.0848117998983],"rotation_error":8.358299431835375,"translation_error":155.99337351299593,"ADD":0,"ADD_S":0}}
{"id_image":46,"data":{"GT_R":[0.00865687996820005,-0.9986816560312087,0.05058956833493378,-0.49430109010040235,-0.048251528962678286,-0.8679505394456043,0.8692481935103279,-0.017493052708818166,-0.49406702285324783],"GT_T":[153.51004248193144,-65.5984952618272,1088.7268156671078],"R_pred":[-0.08279479278366486,-0.9946810324901008,0.06127532857796586,-0.6588100604935152,0.00849617270380354,-0.7522613370643997,0.7477394776795199,-0.10265212444861938,-0.6560093100450207],"T_pred":[145.7931522041776,-61.2382755605839,1026.9847355909644],"rotation_error":12.864518842791934,"translation_error":62.37504600023072,"ADD":0,"ADD_S":0}}
{"id_image":47,"data":{"GT_R":[0.010768476078007707,-0.9986757708707473,0.05030978861262395,-0.4938592764756512,-0.04906004518807889,-0.868156990635694,0.8694759752020235,-0.015497240827577401,-0.4937333594745317],"GT_T":[155.84369984282205,-66.45070697937823,1088.6259498645018],"R_pred":[-0.16681732112239978,-0.9800931741218164,0.10765384997002653,-0.6863976727048673,0.03705360788023537,-0.7262818082868382,0.7078348792471929,-0.19504973771548784,-0.6789148573556417],"T_pred":[153.4990607196003,-75.92922694501543,1092.3716723397067],"rotation_error":17.84493731680904,"translation_error":10.458016552787662,"ADD":1,"ADD_S":1}}
{"id_image":48,"data":{"GT_R":[0.012978585070264162,-0.9986880476286888,0.04952297551080187,-0.4965296921752115,-0.049426376149258745,-0.8666109260437014,0.8679229801599363,-0.013342639944878124,-0.4965201571628955],"GT_T":[159.90012640282177,-69.90908147882172,1088.0356783309023],"R_pred":[-0.05143736511663011,-0.9907031269283105,0.12594249387846496,-0.5988650307869231,-0.0703211846256474,-0.7977566081791012,0.7991963916150002,-0.11645705340302182,-0.5896803221595996],"T_pred":[135.39908423391563,-49.53878449540173,922.3081317456118],"rotation_error":9.0450004460672,"translation_error":168.76276178036102,"ADD":0,"ADD_S":0}}
{"id_image":49,"data":{"GT_R":[0.01331080731788321,-0.9982365448477126,0.05784967123198065,-0.49492154384154075,-0.05684820738895813,-0.8670763529391413,0.8688365167918163,-0.01708945751947597,-0.4948048345391713],"GT_T":[157.04802334643293,-69.41497955519581,1089.245830406243],"R_pred":[-0.11024682100076721,-0.9884422979803666,0.10405509128589896,-0.3662389469049104,-0.056925324089992846,-0.9287779827532688,0.9239668133808739,-0.14050384706669516,-0.3557302302732393],"T_pred":[156.55287397113864,-60.12270862658199,1076.5725540097974],"rotation_error":11.147912440856045,"translation_error":15.722703537729117,"ADD":1,"ADD_S":1}}
{"id_image":50,"data":{"GT_R":[0.012908804155778428,-0.9982858632313724,0.057081367935331744,-0.49387797542023937,-0.05600261061531081,-0.8677259952484613,0.8694356030707315,-0.016989602572822626,-0.4937541680624735],"GT_T":[156.24990607273577,-68.81742577473841,1089.6358242318336],"R_pred":[0.15162523095186342,-0.9884367723296259,-0.001592622172784386,-0.6391481407907351,-0.09681536672652857,-0.762965555506508,0.7539890207838178,0.1167027500627083,-0.6464371776632749],"T_pred":[143.67405452733658,-57.247602657052916,964.4787452376672],"rotation_error":13.531824074273294,"translation_error":126.31827766170042,"ADD":0,"ADD_S":0}}
{"id_image":51,"data":{"GT_R":[0.012713317187383492,-0.9981061514992486,0.06018004301767887,-0.4956888256352189,-0.0585597414504263,-0.8665232241568693,0.8684076768321941,-0.018814560563633176,-0.4954946242109398],"GT_T":[155.29881355289,-69.96082260257165,1089.4966720019531],"R_pred":[-0.09144289717331133,-0.9847183548484177,0.1482159174352639,-0.6703888154094195,-0.04918514643288807,-0.7403780504204123,0.7363538773786056,-0.16706460724821742,-0.6556465391310264],"T_pred":[146.2352761590343,-71.5364178315854,1061.7372606701013],"rotation_error":14.66809920333786,"translation_error":29.24406141264339,"ADD":0,"ADD_S":1}}
{"id_image":52,"data":{"GT_R":[0.013900383420757334,-0.9979441221310423,0.06255338817883975,-0.4961603444073924,-0.06119852603617887,-0.8660713080139641,0.8681198052466811,-0.01899763407885259,-0.49599108973858685],"GT_T":[155.47821391487992,-70.82877479506661,1089.1975327194552],"R_pred":[0.01147840924850363,-0.9973223997344147,0.07222379877237317,-0.621681316593701,-0.0636898776381376,-0.7806765912237676,0.7831861762821446,-0.03593926090541438,-0.6207477610157979],"T_pred":[145.68624858896348,-63.86479815620915,1015.3623079282808],"rotation_error":8.718514517783818,"translation_error":74.80655035178249,"ADD":0,"ADD_S":0}}
{"id_image":53,"data":{"GT_R":[0.015253168690564698,-0.997554281337095,0.06820677973065095,-0.4996788138257249,-0.06669083382559854,-0.8636393763531239,0.8660765358321423,-0.020908271082739186,-0.49947381631354965],"GT_T":[154.81288096913798,-72.673023103885,1088.626028675092],"R_pred":[-0.08891378972318975,-0.9917775850926651,0.09204107618244123,-0.5284025741737934,-0.03136459108062084,-0.8484143928722888,0.8443252084378208,-0.12407048051050251,-0.5212690843147363],"T_pred":[149.75574648415602,-66.19047260968664,1046.647999830868],"rotation_error":6.453813438931194,"translation_error":42.775611927306414,"ADD":0,"ADD_S":1}}
{"id_image":54,"data":{"GT_R":[0.015095426822614838,-0.9976153089418672,0.06735276277779972,-0.49851884310720407,-0.06589977661326829,-0.8643707600902155,0.8667482269753826,-0.020528661308343254,-0.49832446889945003],"GT_T":[155.3603225250461,-73.25425964554975,1088.5098575882323],"R_pred":[0.04727647574849636,-0.9960526008906305,0.0751275655123484,-0.5933185156521334,-0.0885079858447223,-0.8000871673924408,0.8035782935253732,-0.0067492740884331215,-0.5951607963182121],"T_pred":[137.53055099704355,-55.661616820532345,952.8818671203575],"rotation_error":6.817666975546689,"translation_error":137.9215488336154,"ADD":0,"ADD_S":0}}
{"id_image":55,"data":{"GT_R":[0.015505408046087856,-0.9976870029897026,0.06617060198346178,-0.49842393943255986,-0.06508274086456814,-0.8644871141762578,0.8667952339991162,-0.019576446535454116,-0.49828065270809546],"GT_T":[156.4281775849405,-73.87032206696055,1088.4685641273963],"R_pred":[0.07636389277531586,-0.9969357198581545,0.016962498374446633,-0.4147497598202468,-0.04723060762690168,-0.9087089228307605,0.9067255332289079,0.06235735862026792,-0.4170855634239283],"T_pred":[144.208046581143,-45.7561156087489,918.339772910914],"rotation_error":7.056998854236335,"translation_error":172.86857958375882,"ADD":0,"ADD_S":0}}
{"id_image":56,"data":{"GT_R":[0.01244085438743938,-0.9975285277440707,0.06914579114862224,-0.5005312565404152,-0.06607692694047103,-0.8631926301966101,0.865629727678519,-0.02387063290196528,-0.5001161402116574],"GT_T":[151.38862316810665,-77.65414204937221,1088.0533926279738],"R_pred":[0.017686787934451442,-0.9949937376407383,0.09835974577171025,-0.6201250337891901,-0.08808456765133865,-0.7795422063042081,0.7843035891799283,-0.04720774298132102,-0.6185784582428424],"T_pred":[137.80414034186578,-67.91587349283319,994.9478300965812],"rotation_error":8.49302519679814,"translation_error":94.59396292799434,"ADD":0,"ADD_S":0}}
{"id_image":57,"data":{"GT_R":[0.01029269627967146,-0.9974441637703141,0.07069673943647735,-0.5040383604879796,-0.06623647324068395,-0.8611374689399653,0.863620391007038,-0.026770521128821334,-0.5034320422870062],"GT_T":[150.11524093437345,-79.91937952602412,1087.6529067298],"R_pred":[0.13501844226727466,-0.9897545830241133,0.0464315154876801,-0.5752597765585831,-0.11645655481858996,-0.809638228046054,0.8067504011288053,0.08260590912609522,-0.5850897829017042],"T_pred":[134.28525791030245,-60.62675470631912,943.6072071267766],"rotation_error":8.914509392301769,"translation_error":146.1915090184813,"ADD":0,"ADD_S":0}}
{"id_image":58,"data":{"GT_R":[0.008962710316178523,-0.9975954563222142,0.06872287914297445,-0.5048335755576533,-0.06383873424401852,-0.8608525402488818,0.8631703685703312,-0.026977684436787143,-0.504191799751048],"GT_T":[149.6452433519994,-83.32357391303935,1087.2777358443818],"R_pred":[-0.07024156501240475,-0.9773484473339542,0.19964001362080874,-0.5984941367805754,-0.11882043084856408,-0.7922666681441517,0.7980419104181696,-0.1751334282964569,-0.5765911823027194],"T_pred":[115.63916662591485,-51.54632027156915,875.3057826887047],"rotation_error":10.868951666135088,"translation_error":217.02146444056467,"ADD":0,"ADD_S":0}}
{"id_image":59,"data":{"GT_R":[0.008928058901861626,-0.9974285591423127,0.07110307178653125,-0.5029683469817745,-0.06593537020964052,-0.8617862506869267,0.864259657222408,-0.02806865290311426,-0.5022631762734671],"GT_T":[148.6099062798791,-83.22351742206783,1087.4313864850753],"R_pred":[0.019862399149601084,-0.9985848955369883,0.04933245894342031,-0.6055193726029278,-0.0512783270631485,-0.7941768207245546,0.7955826635256569,-0.014097502579787258,-0.6056810100361694],"T_pred":[139.47781261813415,-73.2350492579849,993.5525236410833],"rotation_error":7.195775425454641,"translation_error":94.84938333902252,"ADD":0,"ADD_S":0}}
{"id_image":60,"data":{"GT_R":[0.011884010218618495,-0.996922738565185,0.07748525221652988,-0.5084192080781205,-0.07275109295722615,-0.858031023545709,0.8610287523460393,-0.029197741317531577,-0.5077186347204844],"GT_T":[152.52771632876207,-88.0164845010636,1085.607075583342],"R_pred":[-0.0365008646664583,-0.9924764912039425,0.11686787961673667,-0.6809975923950309,-0.060885420779463795,-0.729750124829506,0.7313753933724956,-0.10622325519404313,-0.6736517305145209],"T_pred":[138.8958006100538,-75.16419844135191,965.2305749063343],"rotation_error":12.875082369186655,"translation_error":121.82574563024143,"ADD":0,"ADD_S":0}}
{"id_image":61,"data":{"GT_R":[0.012550672121122621,-0.9966914035291548,0.08029811269469038,-0.5100543600598781,-0.07545318248193357,-0.8568265647652596,0.8600511273029514,-0.030202149631033508,-0.5093139830855586],"GT_T":[152.7502393886564,-88.80712305370588,1085.2411044798926],"R_pred":[0.24039782654409925,-0.9651160522268513,-0.10372989312117775,-0.5865933359858874,-0.05930098716017096,-0.8077076519996433,0.7733803353912103,0.25501842807116315,-0.5803864731145032],"T_pred":[141.99686756111524,-49.61370128920912,840.754688899986],"rotation_error":17.69382428131806,"translation_error":247.8414144536418,"ADD":0,"ADD_S":0}}
{"id_image":62,"data":{"GT_R":[0.012460390853993152,-0.9966326755430941,0.08103819515598955,-0.509910869868626,-0.07604728338819655,-0.8568593964768787,0.8601374513092737,-0.03064571177807637,-0.5091413737076318],"GT_T":[153.09805969525476,-89.01791740607653,1085.1295012430992],"R_pred":[0.005649173251806805,-0.9959815978412646,0.08937977177825107,-0.6321948771975633,-0.07280979914384544,-0.7713808206027621,0.7747888254787422,-0.05214776994459175,-0.6300657791080841],"T_pred":[145.8293195712466,-84.46922146611763,1030.858422620154],"rotation_error":8.579075740692426,"translation_error":54.944291720273036,"ADD":0,"ADD_S":1}}
{"id_image":63,"data":{"GT_R":[0.013247335350915917,-0.9965972689729142,0.08134625473921867,-0.5094528857653153,-0.07672993970255587,-0.8570707453281747,0.8603972414045973,-0.030087947263380634,-0.5087355980089125],"GT_T":[153.6248464996325,-88.53377415564206,1085.2628004484277],"R_pred":[0.018637286717797075,-0.9970467356764598,0.07450139878360867,-0.6666158192181408,-0.06792690433455162,-0.7422999967908204,0.7451684380808985,-0.035829353112222406,-0.6659130996936717],"T_pred":[145.31081366006939,-83.5312036778272,1018.8304130871793],"rotation_error":11.18987196196826,"translation_error":67.13725451608663,"ADD":0,"ADD_S":0}}
