{"id_image":3,"data":{"GT_R":[0.616712632360135,-0.7861305573213252,-0.040787250742973936,-0.1986087555759651,-0.10525121501009672,-0.9744105465264197,0.7617212365649438,0.6090324488297189,-0.22104213873573703],"GT_T":[-31.976346303711008,-17.169339060376668,864.9392683325169],"R_pred":[-0.7425008340305754,0.6694128063071493,0.024062547992407368,0.34890176964924635,0.41716107629603894,-0.8391925831173405,-0.5718042205156623,-0.6147057273000774,-0.5433017598213341],"T_pred":[-17.57054814274463,-8.651909324117241,597.759614626637],"rotation_error":170.1401410849071,"translation_error":267.703270402811,"ADD":0,"ADD_S":0}}
{"id_image":4,"data":{"GT_R":[0.6154570619239708,-0.7873462445855247,-0.03604020973226204,-0.19586448483020238,-0.10849269167259322,-0.974611197246082,0.7634455695393908,0.6068902266094848,-0.22098558486011863],"GT_T":[-32.298529153917265,-17.255862019885434,864.7300196568619],"R_pred":[-0.6857793664613806,0.7266926511155658,0.04030448300695827,0.399241023203162,0.4219103638446252,-0.8140013822299006,-0.6085337015544166,-0.5421341491689369,-0.5794629396064542],"T_pred":[-23.947135970539463,-9.585006148520552,628.9037471099863],"rotation_error":174.82917872229538,"translation_error":236.0987476062842,"ADD":0,"ADD_S":0}}
{"id_image":5,"data":{"GT_R":[0.6143357969667679,-0.7881629129566289,-0.03730488083409851,-0.19707708586455808,-0.10748924531639885,-0.9744775801251212,0.7640366191001224,0.6060086541194255,-0.22136261505366092],"GT_T":[-32.994403852491175,-17.216160678529125,864.3438932629203],"R_pred":[-0.7625831213838493,0.6433979702735052,0.06712700520952086,0.17939536112103105,0.3100363093120977,-0.9336459667970449,-0.6215177289415968,-0.699940382286997,-0.3518510677193015],"T_pred":[-17.217035766087633,3.9908629514198966,605.0410956889192],"rotation_error":168.25091872020505,"translation_error":260.64651162959865,"ADD":0,"ADD_S":0}}
{"id_image":6,"data":{"GT_R":[0.6149892413452924,-0.7876132049604387,-0.03813497651932727,-0.1968541621378017,-0.10651922349088083,-0.974629386497872,0.7635687664083641,0.6068932676565765,-0.22055310519326016],"GT_T":[-33.702203953533164,-16.756603760503037,863.9798058065495],"R_pred":[-0.8206248158773777,0.5670932784965608,0.0705700010644896,0.17826894466537271,0.37136095810041236,-0.9112141472599277,-0.5429503613905364,-0.7351845022052389,-0.40584313814960626],"T_pred":[-13.352005076741728,0.7167715281887775,621.3629279867624],"rotation_error":162.92273700252176,"translation_error":244.0950610752416,"ADD":0,"ADD_S":0}}
{"id_image":7,"data":{"GT_R":[0.6155807463945235,-0.7872431458505817,-0.03618389517745968,-0.1958871661072693,-0.10837706535837255,-0.9746190426245241,0.7633401733060701,0.6070453482626544,-0.22092511121156064],"GT_T":[-34.60259563128181,-17.545114238049525,863.552063728564],"R_pred":[-0.4458130187223534,0.890811923377452,-0.08777738607538516,-0.6335316722619938,-0.3832826321707118,-0.6721101428465519,-0.6323672766506694,-0.24402569750920805,0.7352299547601147],"T_pred":[-39.356405500706224,61.731997672867344,570.5919057709556],"rotation_error":166.54784238248473,"translation_error":303.5343692759645,"ADD":0,"ADD_S":0}}
{"id_image":8,"data":{"GT_R":[0.6139657917216037,-0.7883782617634362,-0.03880168726784034,-0.19783512593471167,-0.10610731873476383,-0.9744759413912712,0.7641378292503693,0.6059709885566942,-0.22111529199356844],"GT_T":[-35.38950401420473,-17.461126082212992,863.1318207752619],"R_pred":[-0.7163268843491408,0.6976962700773468,0.009783122140229972,0.34548108778502473,0.36681820599165416,-0.8637634061106902,-0.6062331339852094,-0.6153570658351319,-0.5038026089504186],"T_pred":[-23.016476189005427,-7.295028541249389,613.791167311778],"rotation_error":171.99623631438118,"translation_error":249.8543632326093,"ADD":0,"ADD_S":0}}
{"id_image":9,"data":{"GT_R":[0.6121667591373673,-0.7897498405398576,-0.039330195140183224,-0.19942741622816954,-0.1060707982266065,-0.9741542947090637,0.7651673479259637,0.6041885008145137,-0.22243115785760043],"GT_T":[-36.27830628790031,-17.623325389826,862.5653714141974],"R_pred":[-0.8074815404736054,0.5898796810149065,-0.003940015244298711,0.3109690073741574,0.41998822310191974,-0.8525890973431597,-0.5012702247761225,-0.6896751803432141,-0.5225670362465002],"T_pred":[-13.840060144856869,-8.431655825933772,565.9140696322211],"rotation_error":163.74398167187206,"translation_error":297.6406499930559,"ADD":0,"ADD_S":0}}
{"id_image":10,"data":{"GT_R":[0.6136158170307688,-0.7888015929104651,-0.03560114521484878,-0.1955839078257465,-0.10815517777775462,-0.9747046646144231,0.7649985940568947,0.6050572788368825,-0.22064301516472842],"GT_T":[-37.19245834294081,-17.3108317774156,862.2417135175702],"R_pred":[-0.8265215522016389,0.5618812989742499,0.0339341952785536,0.24489563227567995,0.4132097009184371,-0.8770882922255834,-0.5068414476327764,-0.7166220404996662,-0.4791289993640611],"T_pred":[-14.49264819796989,-3.8148766962697485,607.3011377062167],"rotation_error":162.2590544317355,"translation_error":256.30473928352274,"ADD":0,"ADD_S":0}}
{"id_image":11,"data":{"GT_R":[0.6116773546968266,-0.7903150996449689,-0.035382171439612684,-0.19634588996422758,-0.10833533877163673,-0.9745313168183565,0.7663541132853156,0.6030461474185763,-0.22144114221823902],"GT_T":[-37.98119661576458,-17.468855319019333,861.8902574733869],"R_pred":[-0.7762370736004365,0.6295002256475328,0.03443067640834302,0.2910676717250845,0.4062897628068347,-0.8661456223493283,-0.5592276960637492,-0.6623126863861754,-0.49860434154463484],"T_pred":[-19.818946090537164,-5.696740591579787,610.5253448568428],"rotation_error":166.92732470933586,"translation_error":252.29500455621383,"ADD":0,"ADD_S":0}}
{"id_image":12,"data":{"GT_R":[0.6121901822020883,-0.7899658247666721,-0.034298449771983694,-0.1987892238500344,-0.1117801251950043,-0.9736465750371082,0.765313840413904,0.6028754327046375,-0.2254679757055205],"GT_T":[-38.47043963935312,-17.890489218964042,861.2666956867323],"R_pred":[-0.44259603460287433,0.8894043943102747,-0.11431786183875467,-0.6582846279920629,-0.40882634803303275,-0.6320778161771896,-0.6089089412245173,-0.20450144384709598,0.76642616132364],"T_pred":[-44.35059973031187,65.52213741033891,611.9182746499567],"rotation_error":165.90094164649022,"translation_error":262.99596505921517,"ADD":0,"ADD_S":0}}
{"id_image":13,"data":{"GT_R":[0.6130784656331233,-0.7893279655153062,-0.03311276268282785,-0.1938495798461002,-0.10966815432520784,-0.9748820000300377,0.7658701115003979,0.6040985143801038,-0.22024652527015795],"GT_T":[-38.311196630403394,-16.469061832999902,861.8072212994088],"R_pred":[-0.7725560797635846,0.6340510901741485,0.03370932614716121,0.31376246815143777,0.4273796776393769,-0.8478795461151195,-0.5520056314928681,-0.6444577768867691,-0.5291162033148518],"T_pred":[-19.326178368043863,-7.149866962940537,596.2919189455991],"rotation_error":167.40646133950233,"translation_error":266.35625409493053,"ADD":0,"ADD_S":0}}
{"id_image":14,"data":{"GT_R":[0.6123938106898172,-0.7897971782503463,-0.034552384261838175,-0.19472320660377906,-0.10833572239289653,-0.9748575429191358,0.7661964084106087,0.6037248662455151,-0.22013556340152904],"GT_T":[-38.40058480452661,-15.976310592681816,861.8270185554904],"R_pred":[-0.7892621087213909,0.6128205166960085,0.03894018558122875,0.20142116415491504,0.31827661990293965,-0.9263527988048824,-0.5800817514515881,-0.7232917858925244,-0.37463869807223704],"T_pred":[-18.816383285737835,3.4237919775853722,614.0515480456282],"rotation_error":165.69440348944835,"translation_error":249.30420918076976,"ADD":0,"ADD_S":0}}
{"id_image":15,"data":{"GT_R":[0.6121289205199388,-0.7900912371142357,-0.03247397351805414,-0.19391334636095733,-0.11016989841197247,-0.9748132257945187,0.7666130004186619,0.6030083915417909,-0.22064777458663],"GT_T":[-38.38252101766072,-16.61619021346752,861.7948150059495],"R_pred":[-0.7827515918271707,0.62180982424106,0.025543844059427945,0.3371013281112535,0.45813984890554005,-0.8224783118298244,-0.5231277473788398,-0.6351853440706192,-0.5682226135945574],"T_pred":[-15.69389313057547,-10.490546439750856,557.460431121914],"rotation_error":166.41211415244035,"translation_error":305.24042091622897,"ADD":0,"ADD_S":0}}
{"id_image":16,"data":{"GT_R":[0.6126266414789476,-0.7895769290889744,-0.035448775861881617,-0.1947419514101729,-0.10732693204542083,-0.9749650952921914,0.7660053738551067,0.6041924159353557,-0.219514786004892],"GT_T":[-38.10780673495158,-15.664352683515899,861.9979803850528],"R_pred":[-0.76297278759133,0.6449865485027431,0.04318422913094405,0.31274615226874064,0.42677057538668906,-0.84856155947887,-0.5657405497542252,-0.6339236769790453,-0.5273313968740665],"T_pred":[-20.786383272588868,-6.06855290400648,611.319632026098],"rotation_error":168.26828091594777,"translation_error":251.45923212350823,"ADD":0,"ADD_S":0}}
{"id_image":17,"data":{"GT_R":[0.6134077592901936,-0.789208244915213,-0.029699725314803662,-0.1911539600159998,-0.11187576318352242,-0.9751641421373707,0.7662843364935545,0.6038500357375624,-0.2194855315089712],"GT_T":[-37.802667289925736,-16.748001409856666,861.8250334151779],"R_pred":[-0.6738232730398499,0.7376706012424448,0.04247682629945282,0.33678296771508553,0.357785317669463,-0.8709574611410027,-0.657677298807617,-0.5725659355242605,-0.48951896808024203],"T_pred":[-28.292088021834942,-5.367774344356038,626.1211681208279],"rotation_error":175.60300718285967,"translation_error":236.17000825840296,"ADD":0,"ADD_S":0}}
{"id_image":18,"data":{"GT_R":[0.613561735826635,-0.7890573443190854,-0.03049428708984401,-0.19044444941415228,-0.11038863727902286,-0.9754714212518746,0.766336709367107,0.6043202581292091,-0.21800217228428792],"GT_T":[-38.24153095932147,-16.688827249098907,861.6463537879185],"R_pred":[-0.740769134547675,0.6709018842537369,0.03393745727473324,0.35266159156972754,0.43139214233655776,-0.8303798054876952,-0.5717437285471485,-0.6031512921606497,-0.5561633102173709],"T_pred":[-23.826733455124092,-9.140656954226303,618.6541954489912],"rotation_error":170.2469288332533,"translation_error":243.53634282401822,"ADD":0,"ADD_S":0}}
{"id_image":19,"data":{"GT_R":[0.6128704685548093,-0.78968243209339,-0.028128126894707752,-0.1894551503791643,-0.11229141047280543,-0.9754467636274634,0.767134380800646,0.60315228604923,-0.21842893402371472],"GT_T":[-38.85122359348792,-17.04617141271965,861.1471927099975],"R_pred":[-0.7141340610181071,0.6998356768827684,0.015574602910636115,0.30244530343222753,0.3285370930069005,-0.8947570714726781,-0.6312997555247224,-0.6342660355723085,-0.44628154207160825],"T_pred":[-24.12079707801714,-3.067266598450165,573.9898289322553],"rotation_error":172.20756030921422,"translation_error":287.8745331162809,"ADD":0,"ADD_S":0}}
{"id_image":20,"data":{"GT_R":[0.610571979594556,-0.7913983855356032,-0.02983683916607802,-0.19036823645094136,-0.11009284017070808,-0.9755199480821093,0.7687407660615908,0.6013056071234376,-0.21787684434157734],"GT_T":[-39.967980770771455,-16.508012338775355,860.8426426907213],"R_pred":[-0.7437928501663046,0.6676693151648334,0.03146238434714976,0.36680261582665064,0.44706753054260473,-0.8158348265165347,-0.5587736903829778,-0.595271626000988,-0.5774284840687444],"T_pred":[-22.510453510797454,-10.682052037941553,577.7105102604304],"rotation_error":169.79132477606694,"translation_error":283.72964506019355,"ADD":0,"ADD_S":0}}
{"id_image":21,"data":{"GT_R":[0.6109396851835499,-0.7910860614095222,-0.030591113030236344,-0.19538697243783457,-0.11322229621444149,-0.9741683626435854,0.767187846261142,0.6011348111904036,-0.22373938322903753],"GT_T":[-40.237226841890504,-17.85933204498301,860.0493596785012],"R_pred":[-0.7317217700281001,0.6802743148806876,0.04254536144581894,0.3309838326040387,0.4091943221535793,-0.8502997761213482,-0.5958464179817529,-0.608101030447149,-0.5245761936529618],"T_pred":[-24.545748827216315,-7.6996677524645065,596.1813074595361],"rotation_error":170.83510719863492,"translation_error":264.52937500900003,"ADD":0,"ADD_S":0}}
{"id_image":22,"data":{"GT_R":[0.6121455535934506,-0.7903148569768974,-0.026107408423595605,-0.19068214694329277,-0.11549261777645785,-0.9748343870131443,0.7674097675209212,0.6017183678965144,-0.22139703647267447],"GT_T":[-40.55449656038692,-16.992760846071064,860.1817072425894],"R_pred":[-0.7127141693472296,0.7007377456462347,0.03170370070388073,0.318701289871667,0.36374886756151703,-0.8752806688039271,-0.6248743878939383,-0.6137209245042464,-0.4825749953943211],"T_pred":[-26.019429208761885,-4.871045789532123,591.1943216641802],"rotation_error":172.39855551597395,"translation_error":269.6524017307022,"ADD":0,"ADD_S":0}}
{"id_image":23,"data":{"GT_R":[0.6128554262673642,-0.7896979961944375,-0.028022923387984806,-0.19054178102052913,-0.11326985167073625,-0.9751218181932764,0.7668778432978258,0.6029484702998402,-0.2198889707826447],"GT_T":[-41.000685783451516,-16.38729534302125,860.196582614245],"R_pred":[-0.7345203480681293,0.6772378435727341,0.04276402117232547,0.3123552903907898,0.3933757723817122,-0.8646905077933816,-0.6024234647146137,-0.6217752045040424,-0.5004813325441784],"T_pred":[-25.030638579431418,-5.527012936625413,610.8923314092723],"rotation_error":170.7327014091474,"translation_error":250.05119038012486,"ADD":0,"ADD_S":0}}
{"id_image":24,"data":{"GT_R":[0.6119853446585348,-0.7904047110913303,-0.027107875968737274,-0.18924876532653373,-0.11307704789948313,-0.975396946426646,0.7678919883837739,0.6020587757143139,-0.21878495164096873],"GT_T":[-40.79635346107624,-16.786406247487147,860.3383101020521],"R_pred":[-0.4661716757459984,0.8846009634782428,-0.01284928579852529,-0.3832353993702562,-0.21500735416428035,-0.8982774996206884,-0.7973798325777295,-0.4138272261084814,0.43924074211037345],"T_pred":[-43.62047840434695,47.05318328064133,589.999948498233],"rotation_error":169.84479242052493,"translation_error":277.7882262217972,"ADD":0,"ADD_S":0}}
{"id_image":25,"data":{"GT_R":[0.6116135344922957,-0.7907756208205579,-0.02456153075369634,-0.1912565609691091,-0.11765799206198535,-0.9744621979486082,0.7676906143124251,0.6006927756522624,-0.22320231850269348],"GT_T":[-40.85993688217108,-17.693090317850615,859.9177074331645],"R_pred":[-0.7436242715593796,0.6680310723189382,0.027521430998251162,0.29965204299208403,0.36979226684600885,-0.8794670730115821,-0.5976885442088147,-0.6457462085040058,-0.4751633806642181],"T_pred":[-23.816552178023485,-3.979789291073416,608.5408580423752],"rotation_error":169.77536281765825,"translation_error":252.32687529643795,"ADD":0,"ADD_S":0}}
{"id_image":26,"data":{"GT_R":[0.61216727847844,-0.790336801070403,-0.024875165379935785,-0.18703515723852054,-0.1141618543655477,-0.9756967220216144,0.7682900769725644,0.6019418138980862,-0.2177064971073538],"GT_T":[-40.472347825933895,-16.700431837178787,860.5546651197034],"R_pred":[-0.772843501522795,0.632681860609864,0.04926038377059461,0.2935170618363101,0.4252036927162893,-0.8561831311766261,-0.5626372335394854,-0.6472368059340203,-0.5143188315426164],"T_pred":[-20.96183731111428,-6.282739817912525,601.7129844745504],"rotation_error":167.46517535819532,"translation_error":259.78491866689365,"ADD":0,"ADD_S":0}}
{"id_image":27,"data":{"GT_R":[0.6128562051306125,-0.7898231212389228,-0.024228099623926268,-0.18657666050894697,-0.11484232489925804,-0.975705416096463,0.7678519503593647,0.6024869275525795,-0.21774379732156662],"GT_T":[-40.58717291635775,-16.400180205761473,860.5140208496666],"R_pred":[-0.7184137408980041,0.6914552200927196,0.07596956953586159,0.32070892415285857,0.42615068126257594,-0.8458967920663597,-0.6172742363469024,-0.5833397598878126,-0.5279083648478946],"T_pred":[-26.453117617958128,-6.839341143006424,602.6607213698217],"rotation_error":172.3423921274799,"translation_error":258.4173082736618,"ADD":0,"ADD_S":0}}
{"id_image":28,"data":{"GT_R":[0.6125334520086654,-0.7900261386117655,-0.02572448544932192,-0.18722796800584748,-0.11339220854028342,-0.9757504782737911,0.7679505910480686,0.6024956706720699,-0.21737126834032514],"GT_T":[-40.83047620213565,-16.26749927151445,860.6253665000324],"R_pred":[-0.6425083681510491,0.7608375979988546,0.09115451896208537,0.3509740091973621,0.39794060899996264,-0.8476205026877704,-0.6811756320684159,-0.5126103990167111,-0.5227143934273497],"T_pred":[-31.794947806072628,-7.276382740785968,581.6767109172788],"rotation_error":178.2672224034034,"translation_error":279.2397418013613,"ADD":0,"ADD_S":0}}
{"id_image":29,"data":{"GT_R":[0.6107820202921328,-0.7915420435137601,-0.020169031653243446,-0.1829061106656817,-0.11626177162126332,-0.9762320708365514,0.7703830687224481,0.5999537978499009,-0.2157894011970041],"GT_T":[-41.06114200600886,-15.575268593546435,860.6752314881381],"R_pred":[-0.7375161662374823,0.6730690868402622,0.05520786971421621,0.3527783289425403,0.45368276703511856,-0.8183638539939718,-0.5758622710048603,-0.5840804321627061,-0.5720425627501429],"T_pred":[-24.470319782916814,-9.241511897234085,592.9250273640902],"rotation_error":170.62926554078825,"translation_error":268.3384871098361,"ADD":0,"ADD_S":0}}
{"id_image":30,"data":{"GT_R":[0.6132023802174921,-0.7896098698365226,-0.022336888668323552,-0.18324840722089147,-0.11468910363864268,-0.976354047665145,0.7683765681129094,0.6027959680492803,-0.21502192293259328],"GT_T":[-41.059209708981534,-15.38732633656821,860.6343660476233],"R_pred":[-0.8005893136043731,0.5989411079758087,0.018063779205615027,0.01626879195263925,0.051861022187980055,-0.9985217878374109,-0.5989925519995054,-0.7991119968779898,-0.0512634284338378],"T_pred":[-19.091826569975524,22.72148275793994,603.863419165988],"rotation_error":164.70984360191554,"translation_error":260.5113556355445,"ADD":0,"ADD_S":0}}
{"id_image":31,"data":{"GT_R":[0.6130945026894824,-0.789677003574081,-0.02292989676595888,-0.18287778258891887,-0.11362825122462616,-0.9765471238000584,0.7685510647805625,0.6029087183682268,-0.21407958132057986],"GT_T":[-41.969402228508095,-14.975061105734444,860.6202881786924],"R_pred":[-0.7650325547927386,0.6412593421709554,0.05925914432194562,0.22218421733210494,0.34919328370289604,-0.9103286352660281,-0.6044496370052805,-0.6832645949376149,-0.4096219349948459],"T_pred":[-24.468350575369424,1.0787005901818056,632.5804975875403],"rotation_error":168.0864917949876,"translation_error":229.27310388794314,"ADD":0,"ADD_S":0}}
{"id_image":32,"data":{"GT_R":[0.6130377355699678,-0.7897379647541809,-0.022325898306671425,-0.1835777718810693,-0.1149041171950868,-0.9762664340567484,0.7684297815213632,0.6025867055909204,-0.2154192310662728],"GT_T":[-42.95639176026202,-15.70829990530894,860.2080722402433],"R_pred":[-0.6879167744320922,0.7245622528466162,0.04219067675188293,0.24182531660604598,0.28362804691645715,-0.9279416184495344,-0.6843179288191501,-0.6281438312617516,-0.3703299873686664],"T_pred":[-31.174849513329466,2.910383847020031,622.3489654635841],"rotation_error":174.42092122579308,"translation_error":238.8774053755935,"ADD":0,"ADD_S":0}}
{"id_image":33,"data":{"GT_R":[0.6114982362701499,-0.7909999191200575,-0.01971918336064828,-0.1835249708835217,-0.1175474372342077,-0.9759615867002844,0.7696672460118528,0.6004175883211401,-0.21704788408143275],"GT_T":[-44.24564628757582,-17.008955548374576,859.4073551349165],"R_pred":[-0.6880177202103356,0.7255272443703864,0.015551024174825623,0.3193807019035333,0.32197200649739444,-0.8912519252622393,-0.651634547831972,-0.6082304207357236,-0.45324184643903503],"T_pred":[-30.720209706998798,-4.600823647849175,597.506435714467],"rotation_error":174.24306512180988,"translation_error":262.5433121700739,"ADD":0,"ADD_S":0}}
{"id_image":34,"data":{"GT_R":[0.6098136930656155,-0.7922972477916668,-0.01981571130122455,-0.18582480005595145,-0.11863057949032899,-0.9753954790629645,0.7704524469546511,0.5984913687532935,-0.21957113306229334],"GT_T":[-45.27169995796784,-19.321277444514564,858.577745744497],"R_pred":[-0.74805585246584,0.6636265880730255,0.0034918754502958893,0.34635689669390224,0.39489928459443435,-0.8509356351331009,-0.5660824513303473,-0.6353379467884467,-0.5252583665839754],"T_pred":[-25.08261754952628,-9.822650659596107,577.3477323700613],"rotation_error":169.15747154032786,"translation_error":282.11370647644765,"ADD":0,"ADD_S":0}}
{"id_image":35,"data":{"GT_R":[0.6086432020073221,-0.7932340327040838,-0.018232436080435177,-0.1852866948221807,-0.1197503405610302,-0.9753605309145778,0.7715061211770124,0.5970256391170707,-0.21986043458399254],"GT_T":[-46.83661243490858,-20.32987453157083,857.8439660135089],"R_pred":[-0.7390365049111995,0.6729230535061124,0.03161658534137263,0.36551325131826795,0.43996347726994034,-0.8202634953350609,-0.565884358786658,-0.5946483857949609,-0.5711113637041906],"T_pred":[-26.241271679463807,-14.94073351342398,555.1873699047906],"rotation_error":170.15840208606983,"translation_error":303.40439362320086,"ADD":0,"ADD_S":0}}
{"id_image":36,"data":{"GT_R":[0.609160304011732,-0.7927779371553533,-0.020665842847375732,-0.18625494062652728,-0.11768910284587072,-0.9754267744096374,0.7708650760967027,0.5980404962914244,-0.2193500045932242],"GT_T":[-47.54392055014297,-20.624979740453274,857.3694396811588],"R_pred":[-0.6850382560322436,0.72353133603078,0.08499996208126703,0.3637131087762664,0.44077007362318055,-0.8206305604244337,-0.6312173653161058,-0.5312477275054743,-0.5651021940708275],"T_pred":[-32.89398714812225,-14.272126686922306,590.5397334268094],"rotation_error":174.91948379096644,"translation_error":267.3070732891028,"ADD":0,"ADD_S":0}}
{"id_image":37,"data":{"GT_R":[0.6119096364842418,-0.7906923909006851,-0.01929702962763868,-0.18582260991948435,-0.1200058819718766,-0.9752267965654863,0.7687887550259342,0.6003371624500251,-0.22036175240829362],"GT_T":[-46.91768462833476,-21.85262100814396,857.273685135964],"R_pred":[-0.753291015417912,0.6566669921599186,0.03662113458505439,0.2986832151771325,0.3911785265263741,-0.8704985338046852,-0.5859530553398473,-0.6448006062282364,-0.49080667797575556],"T_pred":[-25.54720096808832,-8.26325260821856,590.338365135791],"rotation_error":169.08275280574196,"translation_error":268.13398436038744,"ADD":0,"ADD_S":0}}
{"id_image":38,"data":{"GT_R":[0.6100568425167882,-0.7920661403847393,-0.021503061362076845,-0.187635841544624,-0.11804570014891061,-0.9751190164338318,0.7698205580064351,0.598912332911048,-0.22063449415097414],"GT_T":[-45.891541113361825,-20.88508363254481,857.7243121957574],"R_pred":[-0.7482423247933803,0.6626082119617305,0.03292082667060353,0.3641505943569958,0.4516791223651345,-0.8144816235182402,-0.5545518623332215,-0.5974414848839509,-0.5792546107908125],"T_pred":[-24.165137917248604,-13.142757815712292,577.0928073102953],"rotation_error":169.4756417260529,"translation_error":281.57773658294303,"ADD":0,"ADD_S":0}}
{"id_image":39,"data":{"GT_R":[0.6104785904480392,-0.7918040764912083,-0.019065445229500225,-0.18371777182541957,-0.1181490921999839,-0.9758528431235624,0.7704311400685571,0.5992395748667992,-0.21759569625211034],"GT_T":[-43.93358009442723,-19.274645034377414,858.8574086914325],"R_pred":[-0.7253093568822128,0.6879185285146177,0.026352133602316474,0.3661160033561617,0.41786697321437816,-0.8314723475757722,-0.5829969201510606,-0.5934267358511391,-0.5549408078988607],"T_pred":[-24.186912006415515,-10.880664869424878,570.6241719701176],"rotation_error":171.34674801284672,"translation_error":289.0307744072131,"ADD":0,"ADD_S":0}}
{"id_image":40,"data":{"GT_R":[0.6116831795827627,-0.7907509805370226,-0.023596607082693167,-0.1865278915782804,-0.11517352215055027,-0.9756754235413635,0.7687980506641284,0.6012060238429077,-0.21794676977527552],"GT_T":[-41.17284451715286,-17.919963483703285,860.0434947179849],"R_pred":[-0.7426902983677595,0.6689819857407762,0.02956727016036992,0.32757044506424127,0.40146378733694077,-0.8552920150319974,-0.5840451388641319,-0.6255317179899094,-0.5173019868101894],"T_pred":[-21.457800265783003,-6.962409445868445,597.9233855329462],"rotation_error":169.92849375188942,"translation_error":263.08877322968794,"ADD":0,"ADD_S":0}}
{"id_image":41,"data":{"GT_R":[0.6154944739848921,-0.7877650408565601,-0.024347326583635767,-0.1843776983577769,-0.11388487960510132,-0.9762351303382527,0.7662704007942924,0.6053567981397309,-0.2153416771018686],"GT_T":[-37.81047191606511,-17.257265421582456,861.7265215997306],"R_pred":[-0.7132073732408829,0.6980789644256379,0.06341137264930397,0.38293781080433453,0.4638063535837963,-0.7989006818320324,-0.5871063581764582,-0.545499244547352,-0.598110941537642],"T_pred":[-22.433917085161198,-12.650568358901348,603.4939640621839],"rotation_error":173.03901091342715,"translation_error":258.7309681284355,"ADD":0,"ADD_S":0}}
{"id_image":42,"data":{"GT_R":[0.6165471645682139,-0.7870340905127445,-0.021162765054280795,-0.182494468919153,-0.11671141424843072,-0.976254965892257,0.7658752318325057,0.6057689241044789,-0.21558718724825882],"GT_T":[-34.11971119905022,-17.43466230461257,862.9797804035778],"R_pred":[-0.7847391218844083,0.6153459363419456,0.07439011501229151,0.27301500085431657,0.45090372185733396,-0.8497932942332043,-0.5564596300654749,-0.6465564261861898,-0.5218404620808325],"T_pred":[-13.979488453853111,-5.932087965483927,610.7970944276016],"rotation_error":166.89039891224655,"translation_error":253.24700372306714,"ADD":0,"ADD_S":0}}
{"id_image":43,"data":{"GT_R":[0.6195007739960375,-0.7846956626161197,-0.02171500058951964,-0.1812634532475909,-0.11607885622161317,-0.97656015542084,0.7637812403533591,0.6089160421705639,-0.21414694691822278],"GT_T":[-31.20496496155634,-17.363874955510756,864.1485153623812],"R_pred":[-0.7474749018496342,0.6634822129446849,0.03275094213764629,0.3533176938261399,0.4388282485156849,-0.826193909160576,-0.5625370017467809,-0.6059877238118606,-0.5624331073603885],"T_pred":[-14.111919079075053,-11.576633466490282,576.4308660382248],"rotation_error":170.19159168840602,"translation_error":288.2830382006737,"ADD":0,"ADD_S":0}}
{"id_image":44,"data":{"GT_R":[0.6237099636831626,-0.781342681418413,-0.02213250800397092,-0.18079122932502553,-0.11665522119585284,-0.9765783855150564,0.7604607248534437,0.6131034827757851,-0.21401892445933224],"GT_T":[-28.383807883290775,-18.60830816927318,864.7566197395543],"R_pred":[-0.7479554145283132,0.6635427144021275,0.01654581643908548,0.3532744978638718,0.41907263862888877,-0.8364061529613772,-0.56192510803203,-0.619749295857993,-0.5478603683847862],"T_pred":[-12.385422727498344,-11.422617751946147,572.6858637018433],"rotation_error":170.28309034795484,"translation_error":292.59683697334594,"ADD":0,"ADD_S":0}}
{"id_image":45,"data":{"GT_R":[0.623154356553133,-0.7818260625904923,-0.020661872735505644,-0.18140309797148454,-0.1187888696423188,-0.9762075734134934,0.7607704731571281,0.6120761811425405,-0.2158490064838957],"GT_T":[-27.02218814155504,-19.969976105819555,865.0774877157397],"R_pred":[-0.708117484165526,0.7029270100792782,0.06680753789874727,0.34212303369996727,0.42433132918469696,-0.8383881874670465,-0.6176742332581286,-0.5708209365233154,-0.5409639544328514],"T_pred":[-15.746928394771327,-11.622949574320153,586.8751352314416],"rotation_error":173.92497114187918,"translation_error":278.55583508889674,"ADD":0,"ADD_S":0}}
{"id_image":46,"data":{"GT_R":[0.6246527134663645,-0.7804697733802269,-0.026007564312570005,-0.1851875398169982,-0.1156972037522789,-0.9758684143249882,0.75862717247674,0.6143953173794781,-0.2168037930791883],"GT_T":[-25.288891911620535,-21.151205172977587,865.2057012461713],"R_pred":[-0.766468168974377,0.6419057909469426,0.021988667486819935,0.1383257267329891,0.1984061934634338,-0.9703097318481048,-0.6272101237008666,-0.7406699250976311,-0.24086411684394415],"T_pred":[-11.128950576627783,7.869543487662585,618.3110949318548],"rotation_error":168.61931551475112,"translation_error":248.99729801452835,"ADD":0,"ADD_S":0}}
{"id_image":47,"data":{"GT_R":[0.6245636521890725,-0.7806766111406835,-0.02154245471722178,-0.18248158481557564,-0.11905916022552619,-0.975974147637646,0.7593548693744658,0.6134888758861301,-0.21681937469597998],"GT_T":[-24.395090683468215,-21.783960857519098,865.0794295130081],"R_pred":[-0.769293210819634,0.63883107263479,0.009100352910841103,0.3542370016986641,0.4383467433690583,-0.8260558571944645,-0.531699259369767,-0.6322554809679586,-0.5635147774208025],"T_pred":[-8.737757288923932,-14.403864341491113,573.8348242314298],"rotation_error":168.44418747478593,"translation_error":291.758526900648,"ADD":0,"ADD_S":0}}
{"id_image":48,"data":{"GT_R":[0.6269790015115113,-0.7787239034044215,-0.022049681560661144,-0.18324730717321747,-0.11991158432816089,-0.9757259687008967,0.7571775335658976,0.6158000308819729,-0.21788105606895822],"GT_T":[-23.54527507847712,-22.750263638104112,864.6248462969231],"R_pred":[-0.6426713470841179,0.7644905481244887,0.05027664930565923,-0.2000209151710166,-0.10407685730632954,-0.9742482441695173,-0.7395709385388494,-0.6361778128806106,0.219801313160793],"T_pred":[-20.950988395396493,31.707641892284126,615.2326606527869],"rotation_error":178.46235333493956,"translation_error":255.28191486768117,"ADD":0,"ADD_S":0}}
{"id_image":49,"data":{"GT_R":[0.6243260248928633,-0.7809255923419263,-0.01929933768843914,-0.1833548912143556,-0.12248148161358566,-0.9753863206375071,0.7593403384688088,0.6124978873638279,-0.21965501024103898],"GT_T":[-23.387619329799882,-23.700675252090065,864.2246906693806],"R_pred":[-0.7324599892227157,0.6793447728929848,0.044643518351919376,0.28115618626985117,0.3615563477782795,-0.8889478085373879,-0.6200431945518409,-0.6385669008993582,-0.4558275441060328],"T_pred":[-13.179057435178093,-6.3193214121909165,611.0748106078486],"rotation_error":171.7416268920666,"translation_error":253.95115272908714,"ADD":0,"ADD_S":0}}
{"id_image":50,"data":{"GT_R":[0.6256114233086691,-0.7798652955686614,-0.020490653945176514,-0.18322954988082493,-0.12135562428195726,-0.9755509325351126,0.7583114109083109,0.614070771875322,-0.2188164704816474],"GT_T":[-23.552730810655977,-23.409021619091263,864.0714775693581],"R_pred":[-0.7985561634711213,0.5990852362588167,0.05835180784689806,0.2375170959650205,0.40270139278036166,-0.88397806385515,-0.5530765615234718,-0.6920465793206945,-0.4638726647948754],"T_pred":[-7.842935423687995,-6.918368689031469,617.2522803634631],"rotation_error":166.03406535387677,"translation_error":247.86781843257216,"ADD":0,"ADD_S":0}}
{"id_image":51,"data":{"GT_R":[0.6259835752877151,-0.7795035138332814,-0.022783052898500432,-0.18255946200963022,-0.11807722374576408,-0.9760787230960583,0.7581668528518618,0.6151681338586407,-0.21622022071458702],"GT_T":[-23.487833882362825,-22.97177083569611,864.0841064111614],"R_pred":[-0.799976812391061,0.5952043672705782,0.07595301717949063,0.23433252647716724,0.4264349569251551,-0.873636935200813,-0.5523815408496785,-0.6810910281998085,-0.4806138206858629],"T_pred":[-7.28620318501523,-7.0517547637482645,602.7983598296526],"rotation_error":166.0157732613042,"translation_error":262.27119764785607,"ADD":0,"ADD_S":0}}
{"id_image":52,"data":{"GT_R":[0.6253742537781991,-0.7800758790723286,-0.019716004085531296,-0.18234766716011203,-0.1215256462523776,-0.9756948333058686,0.7587200073224083,0.6137703325292291,-0.2182444270438246],"GT_T":[-23.17757729977312,-22.809116783682477,863.896416837186],"R_pred":[-0.7653738497798839,0.6418139483757778,0.04772552507217126,0.3262793945700263,0.4508734010568628,-0.8308158236928536,-0.5547473539838987,-0.6203128500117598,-0.5544973772328874],"T_pred":[-9.724230383240313,-11.964852679291576,593.9158489291981],"rotation_error":169.19281290985282,"translation_error":270.53298810892187,"ADD":0,"ADD_S":0}}
{"id_image":53,"data":{"GT_R":[0.6243687883680629,-0.7809119812028885,-0.01843928775603937,-0.1804866630884784,-0.12125866456196166,-0.9760738903539571,0.7599919647802889,0.6127582784057933,-0.21665404446486652],"GT_T":[-22.92113537870662,-21.85702212075852,864.1073115710117],"R_pred":[-0.3220002363309531,0.9442718948501545,-0.06831131969819826,-0.6129606413326807,-0.2629233820097885,-0.7450842552151828,-0.7215227646996588,-0.19804515593327182,0.6634628974038619],"T_pred":[-37.4059694945718,52.74930092228725,562.6654974718597],"rotation_error":160.12368508763964,"translation_error":310.8747032885679,"ADD":0,"ADD_S":0}}
{"id_image":54,"data":{"GT_R":[0.6255853536109907,-0.779863079814603,-0.021350002578811842,-0.18242351291640077,-0.11961804954004683,-0.9759162639780736,0.7585277250557151,0.614413656212283,-0.21709685621488115],"GT_T":[-22.29233604981542,-21.393188401696328,864.3269188433502],"R_pred":[-0.7574355432721572,0.6519807941053843,0.034820136497786036,0.3254659272030268,0.42326534806772487,-0.8455284592223858,-0.5660064734770143,-0.6291005398525901,-0.5327937525340306],"T_pred":[-9.97751589803354,-9.323222007755183,595.4485564486633],"rotation_error":169.74805246131874,"translation_error":269.430719570301,"ADD":0,"ADD_S":0}}
{"id_image":55,"data":{"GT_R":[0.6251127857444918,-0.7802312704796361,-0.021743545345335152,-0.1800908018276969,-0.11706961559570823,-0.976658252712782,0.7594741351645278,0.6144381326786618,-0.21369437626474594],"GT_T":[-22.160144061896347,-18.744681038800948,864.7383305638197],"R_pred":[-0.7698569659637453,0.638211750363442,0.002452275500055112,0.3453788146509099,0.4198457769980899,-0.8393110257390893,-0.5366877363490142,-0.6453024757700078,-0.5436460138892489],"T_pred":[-6.99316012852752,-9.387992541236423,566.4252000996162],"rotation_error":168.35144868387317,"translation_error":298.8449578437428,"ADD":0,"ADD_S":0}}
{"id_image":56,"data":{"GT_R":[0.6261125829623737,-0.7794343606497027,-0.021584112516074973,-0.1785355907469282,-0.11636050101616031,-0.9770290285778372,0.7590181485673598,0.615583674730427,-0.21201208103181882],"GT_T":[-21.406603705988413,-17.56890054714037,865.2013144836453],"R_pred":[-0.7205408451849629,0.6933596272275077,0.008562578529340614,0.44910440457717427,0.47604763971072184,-0.756097796925261,-0.528323881922369,-0.5409538539069513,-0.654402631209331],"T_pred":[-10.296532118148463,-15.547858135015913,565.6242934669626],"rotation_error":172.71742980370124,"translation_error":299.78977605039915,"ADD":0,"ADD_S":0}}
{"id_image":57,"data":{"GT_R":[0.6285564225094687,-0.7775273567094187,-0.019193221850629962,-0.1797195484057369,-0.12118780461715369,-0.9762245136967082,0.7567150451492306,0.6170620623350017,-0.21590956042012366],"GT_T":[-19.92402728450375,-17.816020065947782,865.3393869447467],"R_pred":[-0.7510946347693024,0.6601943728714048,-0.000489540295356472,0.3777401065214967,0.42914167733393205,-0.8204570876652524,-0.5414510703155886,-0.6164258356071328,-0.5717079041347526],"T_pred":[-7.6117057961307255,-9.469539546255815,581.1558930736007],"rotation_error":170.23422828658883,"translation_error":284.5725130547754,"ADD":0,"ADD_S":0}}
{"id_image":58,"data":{"GT_R":[0.6282416869359833,-0.7777492948157992,-0.020457822144678745,-0.1766127592629994,-0.11695553882236139,-0.9773076822440746,0.7577066112944537,0.6175984769714272,-0.21083635771389997],"GT_T":[-19.60061998800162,-15.008751714204156,866.3478604239777],"R_pred":[-0.7257178992576909,0.6875245124392486,0.02536878972630252,0.3550381463713539,0.40583613466718427,-0.842166816265989,-0.5893059013094956,-0.6021686446449803,-0.5386199755748301],"T_pred":[-9.121500752063517,-6.745017747244521,568.3696143081255],"rotation_error":172.55482830819545,"translation_error":298.2769458025831,"ADD":0,"ADD_S":0}}
{"id_image":59,"data":{"GT_R":[0.6290083705386205,-0.7770595878756615,-0.022978357907969538,-0.1765455249266935,-0.11399861884598729,-0.9776689920418393,0.7570870193092475,0.6190178856763269,-0.20889249144422037],"GT_T":[-18.69273144451208,-13.820966561328978,866.7675550389689],"R_pred":[-0.7397743457869006,0.6716060640761927,0.040978189462786696,0.3760613850671297,0.4631972328423605,-0.8025124037350269,-0.5579531808108589,-0.5782677737720336,-0.5952265365722371],"T_pred":[-9.116423314428543,-8.81591577390089,583.5175821832778],"rotation_error":171.64764899392495,"translation_error":283.4559989372897,"ADD":0,"ADD_S":0}}
{"id_image":60,"data":{"GT_R":[0.6307854264660363,-0.7757181560311395,-0.01923906653082551,-0.17247419648877307,-0.11598936844723784,-0.978161376572474,0.7565459202683038,0.6203280402137104,-0.20695638081683507],"GT_T":[-18.70697085952669,-12.773078315228668,866.9438923131471],"R_pred":[-0.7065687802434919,0.7057747978678585,0.051405189230348036,0.4066953878263925,0.46445167780019325,-0.786691490045066,-0.5791022537565922,-0.5349453931787519,-0.6152024106022881],"T_pred":[-12.478202623870445,-9.112752072851073,602.5126156142352],"rotation_error":174.65641851465017,"translation_error":264.529952252199,"ADD":0,"ADD_S":0}}
{"id_image":61,"data":{"GT_R":[0.6281361091260442,-0.7778115510982267,-0.02130530878562572,-0.17463421679376168,-0.11424068796336675,-0.9779836258341709,0.7582531438734434,0.6180282099797596,-0.2075911532988097],"GT_T":[-19.61882496814448,-12.450194487952114,866.7882536317069],"R_pred":[-0.8016638121704781,0.5952776455446225,0.054586234264207445,0.1992240606686973,0.3521540676908186,-0.9144929120881612,-0.5635999520111508,-0.7222409828607491,-0.40090280214706353],"T_pred":[-4.628200388022653,5.21731952149932,607.0075365073001],"rotation_error":165.7994771057074,"translation_error":260.8119645764883,"ADD":0,"ADD_S":0}}
{"id_image":62,"data":{"GT_R":[0.6286859530887414,-0.7774098064256951,-0.019683719481758472,-0.17342647102900519,-0.11548500841511801,-0.9780526670419658,0.7580748904167527,0.6183020670807078,-0.20742750165722773],"GT_T":[-20.14469098276023,-12.282162713856813,866.558794589601],"R_pred":[-0.7849482148435626,0.618892504752312,0.02878137549377685,-0.045177822112598576,-0.010845108870777387,-0.998920090899539,-0.6179120199535422,-0.7854008219851762,0.03647306433442121],"T_pred":[-6.243208913488273,30.390586308974235,599.6251227817568],"rotation_error":167.25272890773908,"translation_error":270.68025391170613,"ADD":0,"ADD_S":0}}
{"id_image":63,"data":{"GT_R":[0.6285682318238579,-0.7774652865660268,-0.021204430245218696,-0.1737174019271634,-0.11376858138084518,-0.9782013966731155,0.7581054537295712,0.6185495279358392,-0.20657059940779915],"GT_T":[-20.675575702608192,-11.741581437805472,866.6728656429008],"R_pred":[-0.7444066135957571,0.6676082399704215,0.012571060356760144,0.3304781475710978,0.38472321871250503,-0.86184235157102,-0.5802094342673798,-0.6374066856466803,-0.5070204428620617],"T_pred":[-9.17109192080843,-2.7982532016163075,586.8569114603691],"rotation_error":170.88323885350394,"translation_error":280.19511859078943,"ADD":0,"ADD_S":0}}
{"id_image":64,"data":{"GT_R":[0.6287769470423974,-0.7772620938900022,-0.02243537368332058,-0.17358988530417072,-0.1121866205554211,-0.9784071565105109,0.7579617980529368,0.6190944470479061,-0.20546421173793541],"GT_T":[-20.51679021745387,-10.708621581176018,866.90998468552],"R_pred":[-0.766612096071988,0.6412020053260887,0.03414502191997276,0.33922411935055186,0.4495745917438818,-0.8263229897014631,-0.5451906923333849,-0.6218863841765024,-0.5621605057000358],"T_pred":[-6.582844191385152,-5.272316906752876,586.9732879153055],"rotation_error":169.22749960349464,"translation_error":280.33598138481904,"ADD":0,"ADD_S":0}}
{"id_image":65,"data":{"GT_R":[0.6285015873458981,-0.77759670773428,-0.018151374418229883,-0.17292666760337147,-0.11694142421216706,-0.9779682243298946,0.7583410756711633,0.6177937161674003,-0.20796521833922385],"GT_T":[-19.372512714943433,-11.618723497222728,867.1311936328872],"R_pred":[-0.7272580940297924,0.6862223744937228,0.013946949930021602,0.4337852452388331,0.4752828585928619,-0.7654649341027213,-0.5319079109030427,-0.5506405879264578,-0.6433264468734097],"T_pred":[-9.05088755124959,-11.102282934834177,578.3449069109255],"rotation_error":172.45707236530416,"translation_error":288.97114398419325,"ADD":0,"ADD_S":0}}
