{"id_image":1,"data":{"GT_R":[0.800270328363595,-0.5984833728683278,-0.03721742358490441,-0.16673638817023093,-0.16247691893389601,-0.97252257766676,0.5759917033378716,0.7844862673094515,-0.22981459219802255],"GT_T":[-23.310093543898354,-112.62940453072957,848.1679482820954],"R_pred":[0.820981648497497,-0.5709511786915762,-0.001970883312564009,-0.13896396469910116,-0.1964684626022412,-0.9706127753732785,0.5537852917380877,0.7971291581377584,-0.24063864174556326],"T_pred":[-38.85005178097045,-110.13888309989706,838.8581589887006],"rotation_error":2.9020726732288167,"translation_error":18.285654915665177,"ADD":0,"ADD_S":1}}
{"id_image":2,"data":{"GT_R":[0.8007199378192621,-0.5978367816478722,-0.03792319999896546,-0.16679149093276066,-0.1616950739307169,-0.9726436406909489,0.5753494433307682,0.7851409582491011,-0.22918676445370603],"GT_T":[-23.354224268018655,-112.76067589957691,848.130455358018],"R_pred":[0.8280575282240754,-0.5601120369320417,0.024397459606966876,-0.05150643901511631,-0.11933468758081456,-0.9915171804260234,0.5582721708014977,0.8197766393499075,-0.12766536290143438],"T_pred":[-39.524276865761884,-110.22737487759896,810.6677143958634],"rotation_error":7.397607854637518,"translation_error":40.88208868782556,"ADD":0,"ADD_S":0}}
{"id_image":3,"data":{"GT_R":[0.8011085406383068,-0.5971608259010961,-0.04029479062487916,-0.16736527264754586,-0.15886961888853354,-0.9730102711387073,0.5746415432893082,0.7862308662852266,-0.22721596443310443],"GT_T":[-23.898400025592625,-112.4949555275094,848.2782737496603],"R_pred":[0.8162971307385494,-0.577531303801579,-0.010797568117865253,-0.1350373599924326,-0.17262364343817488,-0.9756874443859592,0.5616261263102758,0.7979089364428614,-0.2189004874145693],"T_pred":[-38.40685979236251,-109.43880151197733,838.5612729300714],"rotation_error":2.2574072292100413,"translation_error":17.72725548691974,"ADD":0,"ADD_S":1}}
{"id_image":4,"data":{"GT_R":[0.8002317170550122,-0.5986376467831864,-0.035536750514799854,-0.16386783179516193,-0.16127929549732406,-0.9732098324274916,0.5768673953338221,0.7846159682711801,-0.22715827667915062],"GT_T":[-23.76996222379919,-112.54903555582744,848.1076683721891],"R_pred":[0.8166548630198189,-0.5764925133535157,-0.027041019829650792,-0.16428008379220194,-0.18729074374370824,-0.9684700467113869,0.5532511986207604,0.7953480743393269,-0.2476581350761907],"T_pred":[-37.82934134976036,-102.36523131219411,788.3533515075568],"rotation_error":2.0753919102815748,"translation_error":62.2250302871685,"ADD":0,"ADD_S":0}}
{"id_image":5,"data":{"GT_R":[0.7993595178553574,-0.5997264868159828,-0.036792644950241836,-0.16530064204458444,-0.16062814579210744,-0.9730748558372888,0.5776676231523512,0.7839181714603705,-0.22753427782437607],"GT_T":[-24.5948535189545,-112.51657084339622,847.6975889541136],"R_pred":[0.8200333400879274,-0.5720868894354884,0.0161836979786944,-0.10828132646315891,-0.1828539420690561,-0.9771589380490695,0.5619790703252365,0.7995505154809381,-0.2118926561033896],"T_pred":[-39.89764071021894,-116.5817150314953,875.7347257793772],"rotation_error":3.7345420833472285,"translation_error":32.19909524271939,"ADD":0,"ADD_S":0}}
{"id_image":6,"data":{"GT_R":[0.7998431617869572,-0.5990291618545373,-0.03762814117015686,-0.1653403578814215,-0.1596344393562466,-0.9732318676776277,0.5769869494590638,0.784653523455038,-0.22672639486713678],"GT_T":[-25.37876145817181,-112.07539229351868,847.4004392359885],"R_pred":[0.8372977977381919,-0.5455635120193811,-0.03595625475285302,-0.1634013043674974,-0.18693549290635553,-0.9686873258295776,0.521758959322956,0.8169550635407901,-0.24566646600887465],"T_pred":[-39.81355442047782,-105.16904647655973,814.8901912861742],"rotation_error":3.946401429096423,"translation_error":36.23502562668438,"ADD":0,"ADD_S":0}}
{"id_image":7,"data":{"GT_R":[0.8003235562655858,-0.5985065015781258,-0.03568145436252785,-0.16392006159366607,-0.16117370354533647,-0.9732180681331689,0.576725220987031,0.7847383554727936,-0.22709797746078125],"GT_T":[-26.087135259519066,-112.8400448103577,846.9333467682004],"R_pred":[0.8389087854201429,-0.5440637830732036,-0.015054889337839383,-0.12451067434102686,-0.16491289070296367,-0.9784175133628461,0.5298387884253505,0.8226775421926056,-0.20608862135472278],"T_pred":[-41.75334287520387,-118.84647176110816,886.4576503646076],"rotation_error":4.162380631868552,"translation_error":42.93806936220363,"ADD":0,"ADD_S":0}}
{"id_image":8,"data":{"GT_R":[0.7990538493344127,-0.6000393412010164,-0.038286766269457165,-0.16639447480983283,-0.1594932983719284,-0.9730756064720741,0.5777760052906565,0.7839096859057301,-0.227287271290489],"GT_T":[-27.13676643116731,-112.77881938557887,846.5106981456955],"R_pred":[0.8168876480069741,-0.5762556977843196,0.024978817120528685,-0.09914402460181804,-0.1829424043573154,-0.9781117211616056,0.568212137251034,0.7965308829286354,-0.20657569949425458],"T_pred":[-43.99164214411473,-118.35197237646531,888.2637519674194],"rotation_error":4.184560704265863,"translation_error":45.37030276511826,"ADD":0,"ADD_S":0}}
{"id_image":9,"data":{"GT_R":[0.7976755797829783,-0.6018374077324975,-0.038800958970516115,-0.16793953877307768,-0.1598737713793295,-0.9727466756540423,0.5792323872859468,0.7824524079222477,-0.2286002711954612],"GT_T":[-28.08775684839526,-112.92817027878374,845.8406873479813],"R_pred":[0.8160646210425897,-0.5779382520885173,-0.0050902903142940326,-0.14241506474017399,-0.19254260562062467,-0.9708992194640351,0.5601397000906707,0.7930414376271204,-0.23943432207735704],"T_pred":[-43.880930160799274,-116.07423794183605,873.9399119706172],"rotation_error":2.6761479262038765,"translation_error":32.386547969943976,"ADD":0,"ADD_S":0}}
{"id_image":10,"data":{"GT_R":[0.7988379529995466,-0.6005224218663012,-0.035082832847543474,-0.16368587959869904,-0.16088053632614596,-0.9733060597180653,0.5788478144073462,0.7832561475325229,-0.2268151057542458],"GT_T":[-28.632892952956908,-112.61203338297943,845.681609722719],"R_pred":[0.8157169433189927,-0.5767914480347197,-0.04378919794116731,-0.16618405069393505,-0.16116652843472085,-0.9728351409191879,0.5540656366147202,0.8008351737944029,-0.22731980718013403],"T_pred":[-43.75641188279818,-101.34003731426132,782.4398779100661],"rotation_error":1.7442516111678357,"translation_error":65.99466162393728,"ADD":0,"ADD_S":0}}
{"id_image":11,"data":{"GT_R":[0.7973648757118568,-0.6024899893006133,-0.034848297087642637,-0.1643733783076605,-0.1612532273219431,-0.9731283777519222,0.5806804915788147,0.781666473044162,-0.22761091994847124],"GT_T":[-29.41252937064855,-112.76076129540921,845.2815560626525],"R_pred":[0.8316686478166476,-0.555264852279428,0.002864273369279746,-0.09312830585424903,-0.14456793934999143,-0.985102649250734,0.5474069591150138,0.8190122433365707,-0.17194349763003947],"T_pred":[-45.272959709210596,-108.0515248733851,804.4167499666951],"rotation_error":5.115023878598736,"translation_error":44.08698827843762,"ADD":0,"ADD_S":0}}
{"id_image":12,"data":{"GT_R":[0.797771856547183,-0.6020126706262909,-0.03376849548921944,-0.1658250538149775,-0.1652132794446362,-0.9722174318143944,0.5797077340810705,0.7812073826459032,-0.23163207484282336],"GT_T":[-29.7939775937148,-113.1024019946212,844.2598814327057],"R_pred":[0.7948334148716919,-0.6063834474142484,-0.02321545402132774,-0.17928772003464627,-0.19811304198550306,-0.9636426391770077,0.5797376614022788,0.7700976154340837,-0.2661839714456057],"T_pred":[-43.50586633527125,-101.69923213323476,791.2961579430821],"rotation_error":2.1418177935868,"translation_error":55.88563484146673,"ADD":0,"ADD_S":0}}
{"id_image":13,"data":{"GT_R":[0.7984658394727083,-0.601157886650111,-0.03258972590152084,-0.16161615358823608,-0.16188684295010478,-0.9734850057058299,0.5799415559028074,0.7825615429287389,-0.22641858244806626],"GT_T":[-29.514778320862572,-111.75808501939551,845.301254555791],"R_pred":[0.7992739629257835,-0.6008597769709155,-0.011342865924199197,-0.12818997691790654,-0.15201977908566922,-0.9800292427190787,0.5871358122331658,0.7847658983322388,-0.19852965221370522],"T_pred":[-45.28104529815554,-112.20629281735373,855.9718262552233],"rotation_error":2.0432250347242764,"translation_error":19.043034553929512,"ADD":0,"ADD_S":1}}
{"id_image":14,"data":{"GT_R":[0.7979232835073167,-0.6017979048410176,-0.03402410160223035,-0.1628084747622115,-0.16082993851870134,-0.9734621852429363,0.5803547771355048,0.7822871090572968,-0.22630754425630267],"GT_T":[-29.74736613727204,-111.2813981954156,845.3378082288615],"R_pred":[0.8286124601603289,-0.5592140334561574,-0.02609704298848392,-0.13313571281405623,-0.1515652608995065,-0.9794400715010375,0.5437612277834273,0.8150506956466942,-0.20004022266859126],"T_pred":[-45.59587784003099,-108.6665742577816,833.8979164918852],"rotation_error":3.37103991454613,"translation_error":19.720135658028553,"ADD":0,"ADD_S":1}}
{"id_image":15,"data":{"GT_R":[0.797751800124248,-0.6021399569063368,-0.031943230334010204,-0.1615459060669948,-0.16238737804455963,-0.9734137798107668,0.5809429072532752,0.7817021702668895,-0.2268186167729004],"GT_T":[-29.53034882413946,-111.89606683860549,845.265616659183],"R_pred":[0.8092485555834286,-0.5871392194986562,0.01960388259102458,-0.06267284903210912,-0.11946499327980578,-0.9908583296187473,0.5841137639880885,0.8006220408577099,-0.13347456091893656],"T_pred":[-44.53253355836531,-106.80139182948295,797.9662373590259],"rotation_error":6.281723640242639,"translation_error":49.88238709633445,"ADD":0,"ADD_S":0}}
{"id_image":16,"data":{"GT_R":[0.7980871852035759,-0.601529136568717,-0.03492251026557838,-0.16309141813514694,-0.15986193954342925,-0.973573980139551,0.5800499448229346,0.7826915495544694,-0.22568789361852856],"GT_T":[-29.539667139105504,-110.98652258215954,845.5633470674092],"R_pred":[0.8348357542605347,-0.5502611369600345,-0.01618470140889,-0.11982884211316638,-0.15294763824096066,-0.9809424389607835,0.537299089898785,0.8208652149457685,-0.1936233118350551],"T_pred":[-45.740187011025576,-114.65939414493819,876.3873257079401],"rotation_error":4.17540698947978,"translation_error":35.01520368167313,"ADD":0,"ADD_S":0}}
{"id_image":17,"data":{"GT_R":[0.7987637845055352,-0.6009376963238283,-0.029178810594359807,-0.15843700250701315,-0.16331202101458966,-0.9737702692453726,0.5804090131555,0.782434441290372,-0.2256584740710578],"GT_T":[-28.674857535770705,-112.01965361201145,845.3985596539812],"R_pred":[0.8188583894860566,-0.5739157467378351,-0.009573589434181629,-0.1330314720447882,-0.17353071236447248,-0.9758020902375006,0.5583668734925971,0.8003173167641893,-0.21844593627135817],"T_pred":[-42.74334676095201,-102.19399831981872,787.9865477699695],"rotation_error":2.265775725982107,"translation_error":59.92165718310816,"ADD":0,"ADD_S":0}}
{"id_image":18,"data":{"GT_R":[0.798870118076837,-0.6007559759358585,-0.029974724819140142,-0.158143260224003,-0.16169257382650784,-0.9740872473197474,0.5803412931099347,0.7829099063897125,-0.22417740865843824],"GT_T":[-29.189436919438503,-111.99170208780201,845.3601861767527],"R_pred":[0.8256164036810821,-0.5641376035242012,0.010311074759073446,-0.10970542054477192,-0.178426243219414,-0.9778183862219513,0.5534638874179695,0.8061717186930942,-0.20920058628888105],"T_pred":[-43.42276914791115,-99.06789762964546,759.4735536404578],"rotation_error":3.580606757801815,"translation_error":88.01207937790865,"ADD":0,"ADD_S":0}}
{"id_image":19,"data":{"GT_R":[0.7983749416028636,-0.6015277094224387,-0.027602693957509413,-0.15668961245536997,-0.16326927316586642,-0.974059045661455,0.5814158347247991,0.7819896336331389,-0.22460287679532526],"GT_T":[-29.57512858556338,-112.32326997858237,844.8364562665104],"R_pred":[0.8320611296730911,-0.5542306227487978,0.022420822790854222,-0.09975459992718874,-0.1892778068516331,-0.976843350607866,0.5456402627010818,0.8105568016128886,-0.212777759830718],"T_pred":[-46.67727969640075,-115.31598308805675,868.0319531715857],"rotation_error":4.446167265320872,"translation_error":28.973625611008593,"ADD":0,"ADD_S":0}}
{"id_image":20,"data":{"GT_R":[0.7966009829043977,-0.6037953785989489,-0.029293252655886497,-0.15814743190379887,-0.1613874074634901,-0.9741373999694827,0.583452057397266,0.7806316767712201,-0.22405038064932065],"GT_T":[-30.871035782418303,-111.8166141445081,844.6150055158038],"R_pred":[0.8110217775683094,-0.5849195237947447,0.010622005162342296,-0.11885387256527266,-0.18252095179190014,-0.9759917310783001,0.5728153570620969,0.7902880821831416,-0.21754841730776703],"T_pred":[-45.09062841347289,-105.52613108956211,807.4575124863452],"rotation_error":2.6874259358242956,"translation_error":40.27960128764891,"ADD":0,"ADD_S":0}}
{"id_image":21,"data":{"GT_R":[0.796871381053862,-0.6034016345327626,-0.030050572656200304,-0.16216549356603632,-0.16571583667595347,-0.9727489283429788,0.5819783924616156,0.7800282512180701,-0.22990480643015457],"GT_T":[-31.210765025308568,-113.07395454723905,843.2411889275733],"R_pred":[0.8048354072873383,-0.5934600115309289,-0.006721747565511471,-0.12460333953835767,-0.15788898607395824,-0.9795637170967626,0.5802706049357604,0.7892251154076684,-0.20102174573224496],"T_pred":[-46.28339331693503,-111.37820719554189,835.3355130432102],"rotation_error":2.273018974237521,"translation_error":17.104367684510475,"ADD":0,"ADD_S":1}}
{"id_image":22,"data":{"GT_R":[0.7978480482008596,-0.602317199719211,-0.025575909077132003,-0.15703229401722357,-0.1666768509759418,-0.9734271945313286,0.5820474838258854,0.7806621476993157,-0.22756605026389704],"GT_T":[-31.087975991021562,-112.20400184939717,843.597681581327],"R_pred":[0.8196076576315325,-0.572435036236048,-0.02369423645504931,-0.13026068460375126,-0.14591366305168596,-0.9806841270161363,0.5579206409502299,0.8068626476819173,-0.1941577353015097],"T_pred":[-46.94702453381519,-106.07808077551405,813.1706372153903],"rotation_error":2.851792130637874,"translation_error":34.854574427653105,"ADD":0,"ADD_S":0}}
{"id_image":23,"data":{"GT_R":[0.7983648626855111,-0.6015461074747581,-0.027497355343263637,-0.15748058975374207,-0.16449660835831778,-0.9737248223627575,0.5812167646385186,0.7817178534978706,-0.22606080940366782],"GT_T":[-31.71453423679918,-111.63899187067265,843.7437710460957],"R_pred":[0.8396764131538006,-0.5428713833963172,-0.015303015472011017,-0.08983502519899395,-0.11105070774759092,-0.989746133387878,0.5356054419445941,0.8324412299965253,-0.142015524366909],"T_pred":[-48.154974031442315,-109.24579555397993,818.2184186240208],"rotation_error":6.371264627570682,"translation_error":30.455854371904287,"ADD":0,"ADD_S":1}}
{"id_image":24,"data":{"GT_R":[0.7977136140318253,-0.6024512838566846,-0.02657522155492274,-0.15628429710459066,-0.16397304510992095,-0.974006820758291,0.5824324311329748,0.7811310936466227,-0.22495773461228327],"GT_T":[-31.427334785623277,-112.05131552254515,844.0088822285203],"R_pred":[0.7987618334652772,-0.5994931298160169,-0.050867678368337,-0.1572680469334012,-0.126437573408966,-0.9794285586219169,0.5807291062216029,0.790330011662121,-0.1952746216312033],"T_pred":[-44.62822171464941,-97.49166621247217,761.2927979958513],"rotation_error":2.221605867750844,"translation_error":85.01880612271167,"ADD":0,"ADD_S":0}}
{"id_image":25,"data":{"GT_R":[0.7974606859531598,-0.6028930152860376,-0.024025594983588455,-0.15701761985801713,-0.16891504711055141,-0.9730430268690039,0.5825812839974498,0.7797363759096326,-0.22936820552485798],"GT_T":[-31.247634023102755,-112.860961155105,843.1697237561696],"R_pred":[0.8190823260355728,-0.5736755406837775,0.0007191643281717619,-0.10758673507225525,-0.1548412859770844,-0.982063781326577,0.563497327067882,0.8043137137822146,-0.18854763909742797],"T_pred":[-46.478168542510794,-110.60530722303805,825.4737577866293],"rotation_error":3.459932436356338,"translation_error":23.456435534907147,"ADD":0,"ADD_S":1}}
{"id_image":26,"data":{"GT_R":[0.7978789406801131,-0.602326062695664,-0.02434369786688913,-0.15386473499447093,-0.16444117118488197,-0.9743122849645647,0.5828509101981295,0.7811283813218932,-0.22388066110275293],"GT_T":[-30.88685090973352,-111.96233502900142,844.3342512843401],"R_pred":[0.5781738326229426,-0.8159121496956574,-0.0015437775451559443,-0.20106511714252262,-0.14064505270772654,-0.9694285883020496,0.790751438783744,0.5608086421658035,-0.2453687611200467],"T_pred":[-35.73150839028526,-103.85947638751324,798.404778466078],"rotation_error":17.704672007631533,"translation_error":46.88969500467325,"ADD":0,"ADD_S":0}}
{"id_image":28,"data":{"GT_R":[0.7981479740656082,-0.6019348342486108,-0.025196047883658573,-0.15425277158375292,-0.16374929371547128,-0.9743684436524822,0.5823792248416324,0.7815756565439244,-0.22354622975068414],"GT_T":[-31.32461612678673,-111.54171512517105,844.4298245449545],"R_pred":[0.8280204380872052,-0.5606787326009793,0.004638202112080436,-0.08800390563687968,-0.13812652517323545,-0.9864970226190359,0.5537485590974736,0.8164315169397414,-0.16371350416182767],"T_pred":[-48.093234436057756,-113.56453790585749,858.1806622540662],"rotation_error":4.844628316029941,"translation_error":21.779896916799483,"ADD":0,"ADD_S":1}}
{"id_image":29,"data":{"GT_R":[0.7968740898736455,-0.6038270235392262,-0.019626002517284673,-0.14933140356312347,-0.16538799131988882,-0.9748579170099454,0.5853983942853075,0.7797689349967609,-0.2219648547702969],"GT_T":[-31.030484378446065,-110.8287777694492,844.6756596293731],"R_pred":[0.7933487546416801,-0.6080521760236763,-0.02950092780520891,-0.19832623613769929,-0.2123397608939661,-0.9568586781771627,0.575555781456454,0.764973448674113,-0.2890521843122535],"T_pred":[-43.500760040594805,-98.82742272276622,787.909136773153],"rotation_error":4.026314603922857,"translation_error":59.34625864561534,"ADD":0,"ADD_S":0}}
{"id_image":30,"data":{"GT_R":[0.7986958335636191,-0.60133956883454,-0.021813434726044686,-0.15007446742406058,-0.16396074733310892,-0.9749850443971039,0.5827195225637299,0.781989739391826,-0.22120021298935158],"GT_T":[-31.222511751190655,-110.66658238501792,844.6677639705794],"R_pred":[0.7768565121349872,-0.6264942188323588,-0.0632372779545049,-0.1949277170765292,-0.1437789255146032,-0.9702220393771722,0.5987463107767723,0.7660500077328497,-0.2338166824324259],"T_pred":[-43.1205932829828,-98.01823361767349,779.6102260618451],"rotation_error":3.1219773531147346,"translation_error":67.33519369114455,"ADD":0,"ADD_S":0}}
{"id_image":31,"data":{"GT_R":[0.798607323145216,-0.6014358199000256,-0.022405638181343026,-0.1499956044473663,-0.16284088825876775,-0.9751844060770477,0.5828615446038641,0.7821493521320704,-0.2202591904459941],"GT_T":[-32.19055194226726,-110.27559678124639,844.7456063218146],"R_pred":[0.8149899261316707,-0.5785988070315355,-0.03185656612972537,-0.13276480604066246,-0.1329292047040394,-0.9821931239902552,0.5640611018151127,0.8047069323911876,-0.18515352111338731],"T_pred":[-48.31181631834289,-109.27115850326788,847.5439520786373],"rotation_error":2.630288975862542,"translation_error":16.393132718071946,"ADD":0,"ADD_S":1}}
{"id_image":33,"data":{"GT_R":[0.7974246333142407,-0.603113686370224,-0.019181841193235592,-0.14959061177269176,-0.16678945993964853,-0.9745790223550268,0.584581754885264,0.7800220741229077,-0.2232219564535387],"GT_T":[-34.16716158161785,-112.23506812980773,843.2756353564279],"R_pred":[0.7708579464548481,-0.6324384302613383,-0.07615548776016545,-0.19700442724991793,-0.12299901612246786,-0.9726564129623761,0.6057782449307223,0.7647828933504456,-0.21940793970860445],"T_pred":[-45.819316112267515,-96.07654163384036,757.2730374243504],"rotation_error":3.9865495241457003,"translation_error":88.27976854746278,"ADD":0,"ADD_S":0}}
{"id_image":34,"data":{"GT_R":[0.7961388433942482,-0.6048077658869219,-0.01926491689431589,-0.15152407154660139,-0.1684345956893082,-0.9739975176967531,0.585835961765324,0.7783555579452708,-0.22574055552946984],"GT_T":[-35.213024818095995,-114.51171783317109,842.2244534547945],"R_pred":[0.8210917146781826,-0.5707243944557732,-0.009058789098619624,-0.13594125392655143,-0.18011338424433876,-0.9742069309427686,0.5543720515752206,0.8011447025282901,-0.22547459733446398],"T_pred":[-52.31634890123877,-119.38198885991964,872.5439009626461],"rotation_error":2.489644789357114,"translation_error":35.14985251389218,"ADD":0,"ADD_S":0}}
{"id_image":35,"data":{"GT_R":[0.7952602808272683,-0.6060101298631969,-0.01767217546020258,-0.1507110904475394,-0.1693739140333695,-0.9739602781312309,0.5872360823432436,0.777215799978759,-0.22602848479440846],"GT_T":[-36.63264447226106,-115.5036737703707,841.4841319935279],"R_pred":[0.8006765881009965,-0.5964907308833822,-0.055819434224614495,-0.1728296586531997,-0.1407659624711761,-0.9748409372299576,0.5736261067601143,0.7901795693257148,-0.21579929996054667],"T_pred":[-52.50388619037796,-115.08597109403644,852.134798114748],"rotation_error":2.3424846281191702,"translation_error":19.11824986829125,"ADD":0,"ADD_S":1}}
{"id_image":36,"data":{"GT_R":[0.7956314653073248,-0.6054474964433687,-0.020109911212931725,-0.15218610956201728,-0.1676389990666953,-0.9740308438419983,0.5863531148783824,0.7780298269242845,-0.2255194250661368],"GT_T":[-37.57128763014816,-115.82934553753682,841.044974335238],"R_pred":[0.7766071076274557,-0.6299801067355443,0.0025427347461675076,-0.15642575453440946,-0.19674027216082296,-0.9678968171393197,0.6102559984964161,0.7512777984391376,-0.25133500725443053],"T_pred":[-52.189039986726954,-112.90750586817721,832.1357504244522],"rotation_error":2.6672436330541176,"translation_error":17.366349694285912,"ADD":0,"ADD_S":1}}
{"id_image":37,"data":{"GT_R":[0.7977424399124932,-0.6027067971982658,-0.018762940721461653,-0.1511608024155913,-0.16976029358757264,-0.973822942445175,0.5837438615613684,0.7796963557239257,-0.22653130477090272],"GT_T":[-36.79594268660569,-117.01791251434703,840.8137001154619],"R_pred":[0.8033459182658202,-0.5953604676876272,0.013462879350841395,-0.07533000668297779,-0.12401973068332665,-0.9894162402620938,0.5907289782114875,0.7938293392889963,-0.14447925243856663],"T_pred":[-52.51310138819587,-117.35776463465676,839.9273729556265],"rotation_error":5.156938804750073,"translation_error":15.745797945766759,"ADD":0,"ADD_S":1}}
{"id_image":38,"data":{"GT_R":[0.7963071764266385,-0.6045300619576999,-0.02095436320894093,-0.15342415765721482,-0.16834348959739626,-0.9737151018760648,0.5851122088294745,0.7785904217380961,-0.22680274793950406],"GT_T":[-35.994021011926726,-116.07302395582661,841.2588692961554],"R_pred":[0.822935453605319,-0.5680450161645729,-0.010104395578056702,-0.12139655235067154,-0.15843895135488717,-0.9798775310062653,0.5550136181002936,0.8076025992430644,-0.19934373684434578],"T_pred":[-51.82172654519737,-118.96766145796813,862.3897171387177],"rotation_error":3.091742968022945,"translation_error":26.55951654797681,"ADD":0,"ADD_S":1}}
{"id_image":39,"data":{"GT_R":[0.7966537162689067,-0.6041535094044995,-0.01851989349821079,-0.14961855338504437,-0.16742002351035845,-0.974466795325165,0.5856259235797631,0.7790826060091599,-0.22376827151351072],"GT_T":[-33.798425281430106,-114.48856675147572,842.6891560447349],"R_pred":[0.80595797529713,-0.5908268481328847,-0.036815453009731214,-0.15915208597792393,-0.15636127633954575,-0.9747931907796359,0.57017747726811,0.7915016025169053,-0.22005194302560607],"T_pred":[-47.26199032175663,-105.98792624016006,800.0827654249055],"rotation_error":1.4133449561368563,"translation_error":45.48442584387773,"ADD":0,"ADD_S":0}}
{"id_image":40,"data":{"GT_R":[0.7975247026784071,-0.6028457965910166,-0.023061122028652254,-0.153109901156112,-0.1652843370029148,-0.9742890147705066,0.5835332101001491,0.7805502205943703,-0.22412014495442223],"GT_T":[-31.467055355028723,-113.16758403194667,843.8104145968564],"R_pred":[0.8084981642900084,-0.5883166271330105,0.01463777915275516,-0.09911913406323666,-0.1606486308106393,-0.9820221049860443,0.5800914717544472,0.7925121851791967,-0.18819755774253322],"T_pred":[-45.970705907529926,-115.08970698659903,857.5112131154738],"rotation_error":3.1888915013854184,"translation_error":20.044009480381362,"ADD":0,"ADD_S":1}}
{"id_image":41,"data":{"GT_R":[0.8004172327072825,-0.5989691839638327,-0.023842475932951447,-0.1513746992820484,-0.16348008677038067,-0.9748643013848337,0.5800145515231462,0.783907080211844,-0.22152110766462693],"GT_T":[-28.153458607340326,-112.54294996345877,845.6889544874994],"R_pred":[0.8379377096995848,-0.545597695732068,0.013548028464394735,-0.09107032516962385,-0.1642569170821615,-0.9822045922638332,0.5381139196647057,0.8217924431403112,-0.18732482446425794],"T_pred":[-42.839611349153365,-113.24412071816981,852.5843446855256],"rotation_error":4.744510458068536,"translation_error":16.239492872813514,"ADD":0,"ADD_S":1}}
{"id_image":42,"data":{"GT_R":[0.801252234603195,-0.597970729584334,-0.02066604033093871,-0.14881635238670807,-0.16571410492595143,-0.974880805890212,0.5795243238552085,0.7841998670597048,-0.2217665345849745],"GT_T":[-24.149127184582934,-112.6828483132318,846.9114862914761],"R_pred":[0.8323342272227071,-0.5541765606314222,-0.010395856881796506,-0.09465507668520151,-0.12363496784943305,-0.9878030224607476,0.5461319901372723,0.8231662859784755,-0.15536124026637055],"T_pred":[-38.26930491593298,-114.9954130315108,863.1353901786982],"rotation_error":4.947613578239036,"translation_error":21.6319770729114,"ADD":0,"ADD_S":1}}
{"id_image":43,"data":{"GT_R":[0.8034875292818464,-0.5949427601860215,-0.021242121907742977,-0.1477952894416824,-0.1647825909632349,-0.9751944635613097,0.5766833485886319,0.786695624608435,-0.22033004451091104],"GT_T":[-21.269495081002255,-112.63170534160176,848.1749842309739],"R_pred":[0.8084946947756577,-0.5884477925609726,-0.00809468651240508,-0.09564681340631923,-0.1178167462396253,-0.9884183837782077,0.5806789264342492,0.799905250473846,-0.15153737050490684],"T_pred":[-34.03710429080432,-110.32311629829667,836.6644605095292],"rotation_error":4.105190452821469,"translation_error":17.344554899075128,"ADD":0,"ADD_S":1}}
{"id_image":44,"data":{"GT_R":[0.8066689286857429,-0.5906058457559382,-0.021693707641222124,-0.1471885352203239,-0.16521508506873975,-0.9752124267046525,0.5723815609843587,0.7898667027188124,-0.2202044773824912],"GT_T":[-18.462952615946257,-113.86886733462002,848.7310736307373],"R_pred":[0.8426288311842355,-0.5383189322305781,0.013761542763077006,-0.11228157577686382,-0.20063306018887142,-0.9732107803042017,0.5266588085261217,0.818510294597068,-0.22950249898523306],"T_pred":[-33.25274020601661,-114.98172225122191,861.1495793139565],"rotation_error":4.2031190144755,"translation_error":19.3441346776988,"ADD":0,"ADD_S":1}}
{"id_image":45,"data":{"GT_R":[0.8062644787641181,-0.5912100752739053,-0.020218426998923816,-0.14721832791579673,-0.16743249220330902,-0.9748295970466814,0.5729436156124138,0.7889467251356436,-0.22203155998089946],"GT_T":[-16.96291041824825,-115.18792307129459,848.8859322667776],"R_pred":[0.8283845618541483,-0.5601095140341447,0.00750666171778408,-0.09640994338658515,-0.15576265610317722,-0.9830783884207194,0.5518008159634293,0.8136432432289459,-0.1830315061675884],"T_pred":[-31.636640712224246,-115.38841894691186,855.6856309810714],"rotation_error":3.5300391097960766,"translation_error":16.17388209248658,"ADD":0,"ADD_S":1}}
{"id_image":46,"data":{"GT_R":[0.8073367023473276,-0.5895371372762876,-0.02557684516252038,-0.1516797984240168,-0.1654393369316595,-0.9744860217405482,0.5702640278364688,0.7906176839334098,-0.222986262823402],"GT_T":[-15.736032813559326,-116.39897075364095,848.8832110696338],"R_pred":[0.8203050636480187,-0.5718022218291952,0.011908890150443718,-0.11002929214965157,-0.1782125777453969,-0.9778209611183364,0.5612425121304212,0.8008011589930029,-0.20910367364777976],"T_pred":[-29.076823206069054,-117.27568472222887,863.0495656882522],"rotation_error":2.617642882634892,"translation_error":19.47898659735785,"ADD":0,"ADD_S":1}}
{"id_image":47,"data":{"GT_R":[0.807320112848335,-0.5897361063376075,-0.02111051938004192,-0.1481874231217827,-0.16797481282866994,-0.9745899708885118,0.5712038666214954,0.7899336536550774,-0.22300135488429054],"GT_T":[-14.412173387618193,-116.98979989756661,848.76946639409],"R_pred":[0.8233126523316623,-0.5675877423100513,0.0006567267182251979,-0.12000704174843954,-0.17520650190778436,-0.9771903558775158,0.5547563306906844,0.8044543718997469,-0.21236425567875528],"T_pred":[-28.451634135118784,-111.95023483804829,826.6952371289523],"rotation_error":2.0929596015024394,"translation_error":26.641607904171114,"ADD":0,"ADD_S":1}}
{"id_image":48,"data":{"GT_R":[0.8091372630006405,-0.5872212313155059,-0.021637419135625596,-0.14870202013236924,-0.16899682181978115,-0.9743345546860881,0.5684931650084593,0.7915874135901982,-0.22406275691921432],"GT_T":[-13.5966879178687,-117.93530159845692,848.1733305399329],"R_pred":[0.8272897946156635,-0.5609357191145716,0.030703660143239164,-0.08793516366051665,-0.18328375982902184,-0.979119231950295,0.5548504327445112,0.8073154169247332,-0.20095475828870754],"T_pred":[-27.045823153364754,-126.42475270369391,912.4213364448389],"rotation_error":3.7682394626947078,"translation_error":66.18728187052031,"ADD":0,"ADD_S":0}}
{"id_image":49,"data":{"GT_R":[0.8071636776995059,-0.5900266261675259,-0.018865266198602734,-0.1481308998960054,-0.17150317412818325,-0.9739833735508346,0.5714400609508933,0.7889583035051955,-0.22583261029076807],"GT_T":[-13.189882645253878,-118.83762047644899,847.6480698599477],"R_pred":[0.8408668156536027,-0.5392675143787157,0.046190326567063206,-0.13170799352810295,-0.28664934857608076,-0.9489389629484657,0.5249723828673004,0.7918476487915527,-0.3120597672400566],"T_pred":[-28.34998121922604,-119.36836971404578,862.239886732151],"rotation_error":7.218509753248412,"translation_error":21.04831117115293,"ADD":0,"ADD_S":1}}
{"id_image":50,"data":{"GT_R":[0.8081220719657719,-0.5886728425375579,-0.02006712431940574,-0.14830568503350366,-0.17038473664520387,-0.9741534035035098,0.5700375873208663,0.7902109041780515,-0.22499602962093754],"GT_T":[-13.46207372753954,-118.56768016895724,847.5538420576081],"R_pred":[0.8204859939877266,-0.571457959030444,0.015444569619500248,-0.11422963112729495,-0.19036041928322955,-0.9750458974544917,0.5601377732687686,0.7982472748660482,-0.22146548969632546],"T_pred":[-27.63076769589776,-114.29699894231086,825.0936242691422],"rotation_error":2.3787882448766378,"translation_error":26.897062851061285,"ADD":0,"ADD_S":1}}
{"id_image":51,"data":{"GT_R":[0.8083785833820465,-0.5882384662697419,-0.02236277206843879,-0.1485203791518512,-0.16704821451483554,-0.9746983970331523,0.5696191698167714,0.7912459123792019,-0.22240386798819717],"GT_T":[-13.615958434937966,-118.19489574099657,847.8076170557814],"R_pred":[0.8381768725940172,-0.5453956090562591,0.0017776025048990562,-0.1229478240886383,-0.19212249596388925,-0.9736389367196008,0.5313599183231479,0.8158630866553271,-0.22808783622293394],"T_pred":[-29.112948559119147,-115.71578852724394,847.966800535434],"rotation_error":3.314620374491005,"translation_error":15.694840389963948,"ADD":0,"ADD_S":1}}
{"id_image":52,"data":{"GT_R":[0.807951036732912,-0.5889340746511853,-0.01929047619655756,-0.14741056827918053,-0.17031838313668932,-0.974300695931792,0.5705125961866288,0.790031169669711,-0.22442461834101085],"GT_T":[-13.01366870717514,-117.97062763184651,847.4403625082113],"R_pred":[0.8346966623561847,-0.5504980852656111,0.015275469562061328,-0.09438574977174416,-0.17033031010366295,-0.9808562156096151,0.5425613440814514,0.8172756227729333,-0.19413331586732563],"T_pred":[-28.33750684101155,-112.54718180213318,816.6074935220198],"rotation_error":3.775788537493288,"translation_error":34.85540976289764,"ADD":0,"ADD_S":0}}
{"id_image":53,"data":{"GT_R":[0.8072042897718609,-0.5899976613309055,-0.018005491805632757,-0.14568596075437631,-0.16957488899985879,-0.9746895962018798,0.5720107830467503,0.7893965332995767,-0.22283587010941133],"GT_T":[-12.640235809234152,-117.03585262131189,847.825132856988],"R_pred":[0.821382918319916,-0.569878568552909,-0.023843628003006045,-0.1064351946686096,-0.11207113357609753,-0.987983608343187,0.5603585020574895,0.8140506606612736,-0.15270845113755355],"T_pred":[-26.87115214630669,-109.14368965819148,803.9895256035763],"rotation_error":4.312746220457541,"translation_error":46.75858936392935,"ADD":0,"ADD_S":0}}
{"id_image":54,"data":{"GT_R":[0.8080934223761396,-0.5886821540020805,-0.020926343476497127,-0.14798465438123792,-0.16849861023270504,-0.974529959793531,0.5701622589909353,0.7906077355175781,-0.2232789337691494],"GT_T":[-12.284689309970469,-116.58919215920211,847.9749896946986],"R_pred":[0.8175767651419221,-0.5753937016410868,0.02214319786839075,-0.07285437394144434,-0.14151173585558197,-0.9872520796700003,0.571192150941932,0.8055411328584706,-0.15761665513333636],"T_pred":[-27.310506436900802,-103.61555280666029,758.0065522820312],"rotation_error":4.654826125157991,"translation_error":92.13256877379915,"ADD":0,"ADD_S":0}}
{"id_image":55,"data":{"GT_R":[0.8077325900185742,-0.589163465293907,-0.021316086940510983,-0.14640423704465677,-0.16543178026556482,-0.9752937886630629,0.5710806643412518,0.7908977442030078,-0.21988105297565141],"GT_T":[-12.193295408209973,-114.00238675616764,848.7243185577213],"R_pred":[0.8483060243669194,-0.5294952152754372,-0.003421406612786504,-0.09035557762515697,-0.13838618983964196,-0.986248007376284,0.5217401255556409,0.8369492693479605,-0.16523668455612142],"T_pred":[-26.9070592300773,-110.00934725442481,827.3500900657874],"rotation_error":5.293773567990325,"translation_error":26.254463504203784,"ADD":0,"ADD_S":1}}
{"id_image":56,"data":{"GT_R":[0.8084890077963933,-0.588131472684377,-0.021164755859247524,-0.14509061599346268,-0.16434174811127147,-0.975674876453513,0.5703459865354481,0.7918926924753428,-0.21820157805108958],"GT_T":[-11.418341766172768,-112.8494190059322,849.3366832550902],"R_pred":[0.8441901799767293,-0.5359974927145559,-0.007044702588984153,-0.11528985902673722,-0.16871443277359965,-0.978899222892468,0.5234989860892307,0.8271892939210421,-0.20422214274156264],"T_pred":[-25.125829934653538,-113.2825810102499,875.6017336664288],"rotation_error":3.7889113560012677,"translation_error":29.62998032940933,"ADD":0,"ADD_S":0}}
{"id_image":57,"data":{"GT_R":[0.8103554517520958,-0.5856376687523439,-0.018793532616551888,-0.14496477496387905,-0.16930620678214112,-0.9748441087693763,0.5677226507376683,0.7926946236701987,-0.22209455718340249],"GT_T":[-9.690566397364933,-113.00119504421215,849.0642585265413],"R_pred":[0.8439785615397895,-0.5363699182732231,0.0027383266430074382,-0.0737965829744553,-0.12117264361057706,-0.9898844653704382,0.5312760600690776,0.8352391880246042,-0.1418493806312801],"T_pred":[-24.882034551214115,-105.34422210645604,795.6531951893455],"rotation_error":5.902444387281507,"translation_error":56.05489832341932,"ADD":0,"ADD_S":0}}
{"id_image":58,"data":{"GT_R":[0.8101056333288342,-0.5859411450242462,-0.020055682611694096,-0.14307999527510853,-0.16441336153194291,-0.9759599624987232,0.5685560691494489,0.7934994677475294,-0.21702839656322198],"GT_T":[-9.490961507251011,-110.29066078828822,850.5686364444513],"R_pred":[0.8242284440710328,-0.5661777944498876,-0.009496160071551019,-0.12741970318620408,-0.169102512678829,-0.9773272529944337,0.5517351640272563,0.8067509189815447,-0.2115213074331978],"T_pred":[-22.382411876748023,-106.91069490607465,839.8499096402226],"rotation_error":1.5475145331718423,"translation_error":17.102770719910367,"ADD":0,"ADD_S":1}}
{"id_image":59,"data":{"GT_R":[0.8106561222712795,-0.5850881110612823,-0.022582716221430425,-0.14379159851125345,-0.16154422382616596,-0.9763342783170638,0.5675925925204888,0.7947172126838052,-0.21508776673213617],"GT_T":[-8.821502286643737,-109.15600777135643,851.1592788103824],"R_pred":[0.7844825059956675,-0.6197312880563882,-0.022810707808549047,-0.1275417185512132,-0.12523314946204767,-0.9838952018913495,0.6068939840003031,0.7747578904921112,-0.17728480844238595],"T_pred":[-21.110327153692424,-98.05028615908552,780.7455899448454],"rotation_error":3.3645954141571646,"translation_error":72.33560567794329,"ADD":0,"ADD_S":0}}
{"id_image":60,"data":{"GT_R":[0.8120319648980169,-0.5833076546089322,-0.01885757150317036,-0.13934244236169588,-0.1624005972377399,-0.9768371458046475,0.5667334810566749,0.7958500629289414,-0.21315479031095558],"GT_T":[-8.464600568459193,-108.09694411718976,851.5074046318259],"R_pred":[0.8241278396341736,-0.5663904500122501,-0.00389385089994454,-0.11337503706444146,-0.1582232748365264,-0.9808728236986902,0.5549409021783732,0.8088060666407776,-0.1946107439339551],"T_pred":[-22.816263771061756,-100.81571664876093,812.1735059241086],"rotation_error":1.8190332937273967,"translation_error":42.49873054194571,"ADD":0,"ADD_S":0}}
{"id_image":61,"data":{"GT_R":[0.8100172013064204,-0.5860334530736511,-0.020902391260847236,-0.1418847630731608,-0.16127843386799193,-0.9766568057300199,0.5689818029717264,0.7940748736727935,-0.21378765830654395],"GT_T":[-9.591510810190584,-107.79250005016597,851.3247030256582],"R_pred":[0.8218496826748771,-0.5678350298379353,0.04611375040218907,-0.1141269284789421,-0.2434006097674989,-0.9631880332317113,0.5581560205562301,0.7863329587736743,-0.2648439817384424],"T_pred":[-23.564259958158033,-106.10256830129923,851.9751007550253],"rotation_error":5.036044567024056,"translation_error":14.089592090412651,"ADD":0,"ADD_S":1}}
{"id_image":62,"data":{"GT_R":[0.8104479686933755,-0.5854929075901685,-0.019285131171318977,-0.14039326579394082,-0.16216295509576076,-0.9767261505272457,0.5687385393908929,0.7942932950312892,-0.21362435229912727],"GT_T":[-9.957741552643125,-107.60951429431283,851.1072228889398],"R_pred":[0.824081658925789,-0.5663389343212007,-0.012232370745130505,-0.09801906686518189,-0.12129309846336163,-0.9877652792015095,0.5579262334332368,0.8151982554796617,-0.15546743166952173],"T_pred":[-23.72717476995376,-103.4600193977339,833.2563348069164],"rotation_error":3.652490406195823,"translation_error":22.923128153453167,"ADD":0,"ADD_S":1}}
{"id_image":63,"data":{"GT_R":[0.8103437609060679,-0.5855854757386532,-0.020805022881495182,-0.14112454335413208,-0.16058365985653356,-0.9768808878148597,0.5687060555270584,0.7945447113675335,-0.2127686727511061],"GT_T":[-10.635941558019024,-107.09760738212347,851.3025052974133],"R_pred":[0.8621736880394341,-0.5054626023085899,0.034118753199801094,-0.060564789286849385,-0.16970135840149142,-0.9836327339283337,0.5029795601722998,0.8459958667890268,-0.17692528203951793],"T_pred":[-25.972963036147043,-109.81969151963021,871.2524953061172],"rotation_error":6.66030861234933,"translation_error":25.310789620626473,"ADD":0,"ADD_S":1}}
{"id_image":64,"data":{"GT_R":[0.8104877294469733,-0.5853412860797106,-0.022037790698727504,-0.1414169523707526,-0.15902472952423896,-0.9770940338374853,0.568428304278515,0.7950388430337694,-0.21166397534769146],"GT_T":[-10.594592701535092,-106.09324488651038,851.6409679307168],"R_pred":[0.8242951593656532,-0.564750457608385,-0.03993007484932337,-0.15112162947767463,-0.1515071066253542,-0.9768356308745224,0.545618679436807,0.8112351800021579,-0.2102325840028168],"T_pred":[-23.185917237154587,-101.98341238859467,839.4756754913615],"rotation_error":1.7521485176378584,"translation_error":17.984062857353816,"ADD":0,"ADD_S":1}}
{"id_image":65,"data":{"GT_R":[0.8103242473333833,-0.5857133736916764,-0.01775115156284743,-0.13952881276679374,-0.16343692355356232,-0.9766377924471523,0.5691268718481013,0.7938696289936044,-0.21416112013735505],"GT_T":[-9.038951893461613,-106.92292422444474,851.6341458457255],"R_pred":[0.8274992195432056,-0.5613806840521592,-0.009837135178236978,-0.12306895111069657,-0.16425887475743509,-0.9787098933473259,0.5478129926607238,0.8110923188124461,-0.20501262262492734],"T_pred":[-22.308259230887536,-102.31037299897159,832.808362023421],"rotation_error":1.8384051985917045,"translation_error":23.489578168771395,"ADD":0,"ADD_S":1}}
