{"id_image":1,"data":{"GT_R":[-0.888800154374123,0.45524946687574985,-0.05275501966907288,0.15161264602174085,0.18344755196788856,-0.9712669209190921,-0.4324911950904046,-0.8712604167821704,-0.2320697374100931],"GT_T":[19.826959191155,56.52491050704691,810.7227026810766],"R_pred":[-0.8390841383187216,0.543566465856895,-0.021755597389482295,0.13237168482387146,0.1652208576842633,-0.9773330063202439,-0.5276509697506658,-0.8229444485394632,-0.2105870099015149],"T_pred":[16.511802325852802,48.34791480468853,613.1168483824091],"rotation_error":6.256445654861593,"translation_error":197.80274815296212,"ADD":0,"ADD_S":0}}
{"id_image":2,"data":{"GT_R":[-0.8891241149426462,0.454533060938549,-0.05346224001400611,0.1518001339628013,0.18268551496167695,-0.9713814729035337,-0.4317575420850405,-0.8717947542060966,-0.23142823697932957],"GT_T":[19.833678285501712,56.34890807881652,810.5419909837335],"R_pred":[-0.8301877086597683,0.5558588960577593,-0.04253535075314119,0.15069126830080998,0.1502920666889418,-0.9770897790624258,-0.5367313201669314,-0.8175776307873253,-0.20853370851746544],"T_pred":[16.08587944845893,48.178481597161834,604.3582840252926],"rotation_error":6.954197892095342,"translation_error":206.37956022857324,"ADD":0,"ADD_S":0}}
{"id_image":3,"data":{"GT_R":[-0.8893580629758802,0.45378983783146487,-0.05583400125658853,0.15284590354882652,0.17999496834101514,-0.9717193588070548,-0.4309061782196514,-0.8727405243277611,-0.22943982811596694],"GT_T":[19.60123137562921,56.44752922255125,810.3000830927373],"R_pred":[-0.8211780244861281,0.5704697834127075,-0.015194680454638898,0.1458583757269546,0.18406933896483602,-0.9720307673542762,-0.5517173065360145,-0.8004265766865234,-0.23436149214949675],"T_pred":[14.711551593253818,47.20557876768162,611.4593299634059],"rotation_error":8.092424299829704,"translation_error":199.1154632910868,"ADD":0,"ADD_S":0}}
{"id_image":4,"data":{"GT_R":[-0.8888131855716068,0.4554162330037406,-0.05107514790050781,0.14899670397674983,0.18178141871103987,-0.9719853115121868,-0.4333723271970811,-0.8715225191635734,-0.22942501217751926],"GT_T":[19.115717379361236,56.57076342064958,810.2199577733769],"R_pred":[-0.7647701824562694,0.6442883831801196,-0.004364324111704121,0.13855980910124005,0.15784769717344327,-0.9776938599576396,-0.6292278977664869,-0.7483158315819519,-0.20998968754722036],"T_pred":[11.556365166524035,47.597845749268416,599.7377215477082],"rotation_error":13.336547135995055,"translation_error":210.80898658257738,"ADD":0,"ADD_S":0}}
{"id_image":5,"data":{"GT_R":[-0.8881176180492787,0.4566300581964416,-0.052326701783848295,0.15051636513857705,0.18138106215139094,-0.9718256044426048,-0.4342726981570392,-0.870971016288825,-0.22981723565992068],"GT_T":[18.59196013172246,56.5499860866812,809.9145874643102],"R_pred":[-0.8203577236650175,0.571303516727601,-0.025009937981262553,0.13339095110812652,0.14864645882634098,-0.9798525830148422,-0.556075587834622,-0.8071657339438193,-0.19814999006135525],"T_pred":[14.710150466239273,48.91529729510558,610.1534616024076],"rotation_error":8.091950974562458,"translation_error":199.944653153912,"ADD":0,"ADD_S":0}}
{"id_image":6,"data":{"GT_R":[-0.8884646587619772,0.45585728697787753,-0.05316372862905721,0.1507248209044028,0.18040741923101333,-0.9719747632320055,-0.4334903260340823,-0.8715775300961117,-0.22899457595918107],"GT_T":[17.874620192495264,56.934345271038445,809.439776266678],"R_pred":[-0.8110421974230845,0.5842923963017106,-0.02851227144826024,0.1524167697944175,0.1640069198987455,-0.9746131840431678,-0.5647828629522766,-0.7947981667375252,-0.22207249236701687],"T_pred":[13.281024269488965,48.812601485943674,613.0190086015631],"rotation_error":8.750174292107165,"translation_error":196.6422686396992,"ADD":0,"ADD_S":0}}
{"id_image":7,"data":{"GT_R":[-0.8888795074329693,0.4552708112570617,-0.051220153440516725,0.14906604975100202,0.18168607051679028,-0.971992044422583,-0.4332125301778374,-0.8716189690633634,-0.22936184160623485],"GT_T":[16.809092942286338,56.27311800841025,809.0281885175306],"R_pred":[-0.8525208255401023,0.5136704379420473,-0.0967001716898572,0.3085382467912605,0.3452098661024646,-0.8863601404691516,-0.42191514820802256,-0.7854761801162046,-0.4527855763853993],"T_pred":[15.921999545461281,43.21411237737203,658.3476379327074],"rotation_error":14.29037122198131,"translation_error":151.24798473801772,"ADD":0,"ADD_S":0}}
{"id_image":8,"data":{"GT_R":[-0.8878465185186939,0.4569825519145869,-0.053818667010892066,0.1517852071253263,0.18044625160375383,-0.9718027904093035,-0.43438465203256393,-0.8709796660508629,-0.22957183320047508],"GT_T":[16.31590809713638,56.21071354340039,808.6878401572798],"R_pred":[-0.7828278435168923,0.6221941446396053,-0.007417128209890711,0.2153321152341418,0.2597029874251745,-0.9413747598439369,-0.5837916131321881,-0.7385315190962601,-0.3372811108524876],"T_pred":[10.205945419040017,42.58304182819816,599.0845634446832],"rotation_error":13.042534804788376,"translation_error":210.13466798451503,"ADD":0,"ADD_S":0}}
{"id_image":9,"data":{"GT_R":[-0.8867824002314851,0.4589841927586604,-0.054326751351904984,0.15323928076362747,0.181082641052279,-0.9714551456874169,-0.43604534743331763,-0.8697943719004768,-0.23091565099617237],"GT_T":[15.6155829523502,56.064573767424015,808.3229053569106],"R_pred":[-0.84857875604694,0.5262262019185906,-0.05477297874100642,0.17123314376469256,0.17521172033526178,-0.9695256899812497,-0.5005929536682355,-0.8320978533030192,-0.2387883105728149],"T_pred":[13.321524228287656,48.24442422613945,626.8867149886751],"rotation_error":4.438025109815175,"translation_error":181.61913065427913,"ADD":0,"ADD_S":0}}
{"id_image":10,"data":{"GT_R":[-0.8877628610711658,0.4575106748289853,-0.05061566170525715,0.14888579758588263,0.18135728271658005,-0.9720811424452922,-0.4355579784264285,-0.8705133074487834,-0.2291194580197085],"GT_T":[14.358373378986935,56.48717931443021,807.8220681774628],"R_pred":[-0.8127239078454579,0.582257562645783,-0.02135369659332309,0.15391769858014015,0.17920466400868973,-0.9716969848987523,-0.5619512360340537,-0.7930080826443858,-0.23526365886059497],"T_pred":[10.759148131707807,47.42026530891991,607.3063849917232],"rotation_error":8.515739419757267,"translation_error":200.75283947034936,"ADD":0,"ADD_S":0}}
{"id_image":11,"data":{"GT_R":[-0.8866449848319546,0.45969899244913737,-0.050375030769356184,0.1494981665392583,0.1818411033593554,-0.971896627391692,-0.4376195667914864,-0.8692582360732581,-0.22995237100330299],"GT_T":[13.726932272168376,56.35176298291511,807.6508375405941],"R_pred":[-0.8464917804377843,0.5320991497031754,-0.017948831060204118,0.1330650022319241,0.1788033296527639,-0.9748451541071039,-0.5155049668357115,-0.8275867713963552,-0.22215932340882993],"T_pred":[11.846388802237952,48.66046098081833,602.389839292682],"rotation_error":5.135838501479633,"translation_error":205.41365575822638,"ADD":0,"ADD_S":0}}
{"id_image":12,"data":{"GT_R":[-0.8869821078493823,0.4591653247300659,-0.04929754134321968,0.15025005057407131,0.18599322925673822,-0.9709945656115505,-0.43667766330004,-0.8686617766689889,-0.23396282522952433],"GT_T":[13.129738830970014,56.216182480544006,807.3153116801062],"R_pred":[-0.802187930563599,0.5970272206766724,-0.007281608969078646,0.185242574110734,0.23726803754559078,-0.9536189318045724,-0.5676087673696733,-0.7663304614396796,-0.30092841519990776],"T_pred":[9.27007207974013,45.0484655620623,591.244292193571],"rotation_error":10.28054758627137,"translation_error":216.39385478925357,"ADD":0,"ADD_S":0}}
{"id_image":13,"data":{"GT_R":[-0.887540182727903,0.4582118045562988,-0.04812233255940328,0.14667933376327408,0.18200045547200666,-0.9722962955097509,-0.43675868989781963,-0.8700105234268005,-0.22874332228098546],"GT_T":[13.142020468044288,57.42094439134909,807.4200042758387],"R_pred":[-0.747896409836292,0.6636266941456344,0.01582943370186446,0.15595780084098831,0.19884061210986448,-0.96754306122912,-0.6452349374536592,-0.7211532581865736,-0.252209939724947],"T_pred":[7.439308824530886,49.50355731314156,621.1805787161218],"rotation_error":14.77993380636507,"translation_error":186.49485132584374,"ADD":0,"ADD_S":0}}
{"id_image":14,"data":{"GT_R":[-0.8870914532919814,0.45892691546128356,-0.04955365354279325,0.14803180433090046,0.18115914903389446,-0.9722491111318572,-0.4372137619712173,-0.869808920538557,-0.22864006976000126],"GT_T":[13.196544525085672,57.824840668665296,807.4554556804287],"R_pred":[-0.8334267695569163,0.5522268516336807,-0.02110270410813897,0.15456260249342738,0.19626539492390038,-0.9682924644268509,-0.5305753685353114,-0.8102625494801783,-0.2489264534224921],"T_pred":[11.09409592477659,49.42787782437746,619.4810056050403],"rotation_error":6.45441971437006,"translation_error":188.17365159944677,"ADD":0,"ADD_S":0}}
{"id_image":15,"data":{"GT_R":[-0.8870110590662706,0.45930307381861996,-0.04747315650526353,0.14652492872099193,0.18248240018168357,-0.972229724767023,-0.43788408976607496,-0.8693336728097051,-0.22916356380965344],"GT_T":[13.11670608881702,57.31205481051159,807.5031519199779],"R_pred":[-0.7935358953487348,0.6084964330382648,-0.005733565451816025,0.14277974352998776,0.17702245656741245,-0.9737951502797441,-0.5915359056140149,-0.7735600434682152,-0.22735463821717006],"T_pred":[8.802597120329944,49.1027835680946,608.6943396209961],"rotation_error":10.388430038698543,"translation_error":199.02499219508925,"ADD":0,"ADD_S":0}}
{"id_image":16,"data":{"GT_R":[-0.8871943952058402,0.45863004002903124,-0.05045226649878116,0.14847500603918615,0.18025195543243547,-0.9723498557212732,-0.43685462505795414,-0.870153334465145,-0.2280132833273161],"GT_T":[13.52102830546664,58.06160983026691,807.5546071968566],"R_pred":[-0.7363985076440075,0.6725466250882657,-0.07347295435779311,0.13228682179208373,0.2496413837542082,0.9592598064640431,0.6634888354146043,0.6966779863033336,-0.27280459798270273],"T_pred":[8.777210743364236,9.424872659053467,574.8246988798911],"rotation_error":150.2543329526808,"translation_error":237.80505930897976,"ADD":0,"ADD_S":0}}
{"id_image":17,"data":{"GT_R":[-0.8878479433243976,0.4579613041129456,-0.04471438338442286,0.14331055724603065,0.1828695168140203,-0.9726362897168083,-0.4372521869452739,-0.869960105282153,-0.22799075732268068],"GT_T":[13.42195198037432,57.27364877242662,807.4009664543702],"R_pred":[-0.7658881005448043,0.6423632441612392,0.028015709780763065,0.12018807722078079,0.18583197188668166,-0.9752032118069954,-0.6316409134451659,-0.7435293812455269,-0.219530899161828],"T_pred":[7.3328721682829645,47.767737240651854,599.9288442985322],"rotation_error":13.379121914960699,"translation_error":207.77901895729244,"ADD":0,"ADD_S":0}}
{"id_image":18,"data":{"GT_R":[-0.8879103022699847,0.45776041417088015,-0.045510349726419604,0.14329786248052828,0.18122220952873444,-0.9729454599908993,-0.43712773161812857,-0.870410189427068,-0.2265054491123009],"GT_T":[13.016088579642824,57.21315743421198,807.0910391074581],"R_pred":[-0.8212000325237603,0.5698977319176773,-0.02910466866435818,0.1902203810251097,0.2253006353849617,-0.955539549332101,-0.5380025215792552,-0.7902254101522043,-0.29342305281648084],"T_pred":[10.51899165232335,46.71919166625253,617.5964310959362],"rotation_error":8.39175967319861,"translation_error":189.80138375692596,"ADD":0,"ADD_S":0}}
{"id_image":19,"data":{"GT_R":[-0.887587406374728,0.4586159684431132,-0.04313736404393566,0.14159971239021094,0.1825322265401126,-0.9729490801125547,-0.43833512425972804,-0.8696857337179975,-0.2269525878895335],"GT_T":[12.32814258885884,56.98533270607832,806.694019455532],"R_pred":[-0.8583525168852962,0.5125812769393691,-0.02216734733527917,0.11334330782349886,0.1473082146227963,-0.9825749765164344,-0.5003841037925812,-0.8459082245940455,-0.1845400342360577],"T_pred":[10.700343509968613,47.43205912581436,588.4814260929396],"rotation_error":4.540785588899474,"translation_error":218.42767834678992,"ADD":0,"ADD_S":0}}
{"id_image":20,"data":{"GT_R":[-0.8861945524515122,0.46114130163270406,-0.044819591084393415,0.143353998002332,0.1809218461822881,-0.9729933126240847,-0.44057860106612506,-0.8686867189713613,-0.226438498989919],"GT_T":[11.513045251054493,57.37097849923479,806.4667625396573],"R_pred":[-0.8219664428724435,0.5692683385139873,-0.017456390152218004,0.16076699053396826,0.20250960853823374,-0.9659937024661923,-0.5463745432816879,-0.7968208187636766,-0.25797566016682894],"T_pred":[9.7421506504327,50.174871708740596,637.0542150550785],"rotation_error":7.556279040590909,"translation_error":169.57455960680358,"ADD":0,"ADD_S":0}}
{"id_image":21,"data":{"GT_R":[-0.886383579881998,0.4607040162366652,-0.04557770224285025,0.1465664503623039,0.18587085070261572,-0.9715807012863896,-0.4391397639992013,-0.8678727190099662,-0.232276069062333],"GT_T":[11.2559217705014,56.314081015508485,806.0874189660575],"R_pred":[-0.8286065128925425,0.5593929163678855,0.022154275196733075,0.2134785453411146,0.27913909589301533,0.9362202069081138,0.5175308275562939,0.780487623387752,-0.3507148589202286],"T_pred":[9.386115679885046,11.65690027945732,622.4809856017616],"rotation_error":146.0188221269343,"translation_error":188.96846916580148,"ADD":0,"ADD_S":0}}
{"id_image":22,"data":{"GT_R":[-0.8872310612088329,0.45949267414283596,-0.041109269183773535,0.1413554968575079,0.18595195950022933,-0.972337493256264,-0.4391363851834857,-0.8684977924748943,-0.22993392384947225],"GT_T":[10.569371075013393,57.292030631901355,806.022081035177],"R_pred":[-0.712688222291654,0.7011718567133958,-0.020821267008784894,0.24824517686102732,0.2798612699025975,0.9273898866031173,0.6560867549127929,0.6557710705433678,-0.3735163625149588],"T_pred":[6.458992775490287,15.111742643043165,642.3402145032724],"rotation_error":144.6372856731983,"translation_error":169.07934627256063,"ADD":0,"ADD_S":0}}
{"id_image":23,"data":{"GT_R":[-0.8875821405257954,0.45863631263050103,-0.043032032812805245,0.14216813977411819,0.1838766776911214,-0.9726128614696015,-0.4381627365646012,-0.869391472281073,-0.2284095542697297],"GT_T":[10.173820222700941,57.730502663234105,805.8564735723634],"R_pred":[-0.9516650552067926,-0.0106427007540906,-0.3069533443683444,0.29765379854705765,0.2144780057663107,-0.9302695315084836,0.07573532140791504,-0.9766708339881788,-0.20094338289198466],"T_pred":[25.086586865587197,86.53900483415386,1472.5202990206785],"rotation_error":31.713345048103434,"translation_error":667.4526024877413,"ADD":0,"ADD_S":0}}
{"id_image":24,"data":{"GT_R":[-0.8871061163157227,0.4596425724963419,-0.042107565041320155,0.14108117839288833,0.18315809465580238,-0.9729076685872965,-0.43947608737748967,-0.8690120462819028,-0.22732786499594781],"GT_T":[10.400546136131856,57.30106478825121,805.9778140247197],"R_pred":[-0.806838642742804,0.5904623014087792,-0.019122635592351833,0.1601764884241285,0.18748778529996302,-0.969119096354741,-0.5686430313765086,-0.784985732977589,-0.24585056820876405],"T_pred":[7.598783267241459,48.13816867868427,612.2729540503497],"rotation_error":8.937781747951906,"translation_error":193.94169566645155,"ADD":0,"ADD_S":0}}
{"id_image":25,"data":{"GT_R":[-0.8869692118924395,0.460132968377317,-0.039557965806126506,0.14095922911439557,0.18815768491915427,-0.9719699747504161,-0.43979109202438843,-0.8676837313426873,-0.23175007913153736],"GT_T":[10.219042392665973,56.759383254742595,805.9463719931051],"R_pred":[-0.8381901947329661,0.543692819868637,-0.0428405774564537,0.1558793812799735,0.16355520802067258,-0.9741413205593363,-0.5226268419678473,-0.8231936658846475,-0.22184087202792546],"T_pred":[9.37237043284664,49.95852636734503,631.5935775850879],"rotation_error":5.608004207408337,"translation_error":174.48743629755901,"ADD":0,"ADD_S":0}}
{"id_image":26,"data":{"GT_R":[-0.887281453106394,0.45950222882166053,-0.039877707189063784,0.13862220840234268,0.18321132612517224,-0.97325025909347,-0.43990515546953424,-0.869074466154039,-0.22625678026762083],"GT_T":[10.57667665346921,57.43995954747742,806.1273791234621],"R_pred":[-0.7957208700851761,0.5986919725655271,0.09163088396653318,0.32661794542073075,0.29676533818503115,0.8973578170278924,0.5100480513050027,0.7439746340014033,-0.43168591513095156],"T_pred":[5.581430577156834,15.41332013418917,684.9292871097554],"rotation_error":141.6976583538947,"translation_error":128.37510822390917,"ADD":0,"ADD_S":0}}
{"id_image":27,"data":{"GT_R":[-0.8877015532338951,0.4587457607842268,-0.03923860455082137,0.13792024746312498,0.18363578609027886,-0.9732707605143397,-0.4392778057222098,-0.8693846528555333,-0.22628346682223846],"GT_T":[10.363155337368072,57.78505337450634,806.0552768779045],"R_pred":[-0.8281512589122247,0.5604329294182308,-0.008967942116098637,0.1391792572034375,0.1901137621665081,-0.9718466400616899,-0.5429499302204548,-0.8060841699590662,-0.23544359030350892],"T_pred":[8.900380561586946,49.452214283401226,613.0661744433864],"rotation_error":6.984874817899266,"translation_error":193.17445373507286,"ADD":0,"ADD_S":0}}
{"id_image":28,"data":{"GT_R":[-0.8874681348698639,0.45906718905412314,-0.04073083592145763,0.13912177168443368,0.18259425926245856,-0.9732959319609236,-0.4393700881705714,-0.8694344475064317,-0.22591253741158435],"GT_T":[10.236713826356386,57.81814128606937,806.1404922137524],"R_pred":[-0.8584160140670538,0.5095663393248836,-0.058856542714208426,0.16197187544319266,0.1603956981500102,-0.9736725997892651,-0.4867104461162168,-0.8453492567229294,-0.2202216515226071],"T_pred":[10.849478300041591,50.156717566135285,616.6171414420369],"rotation_error":3.5303419999626695,"translation_error":189.67913269902752,"ADD":0,"ADD_S":0}}
{"id_image":29,"data":{"GT_R":[-0.8866138346761262,0.46117374515916965,-0.035157585380778913,0.13400292608065995,0.18337992993131857,-0.9738659657540162,-0.442673234314009,-0.8681532774273057,-0.22438669030255662],"GT_T":[9.82939428861217,58.66859813614492,806.2405771134373],"R_pred":[-0.7918158177280769,0.6100022702960981,0.03041284316243717,0.344580519662837,0.4872883115911535,-0.8023804377323341,-0.5042737116532113,-0.6248578491307034,-0.596037492206023],"T_pred":[6.5936431371930295,40.81753911682197,657.6500160736684],"rotation_error":25.9291356249087,"translation_error":149.69397190180553,"ADD":0,"ADD_S":0}}
{"id_image":30,"data":{"GT_R":[-0.8879587867906376,0.45840480603040507,-0.03735192207944189,0.1349770449215427,0.18209730532838422,-0.9739722612955922,-0.43967107033899056,-0.8698883934262238,-0.22356852414714048],"GT_T":[9.748465608533976,58.7441509425956,805.9694945310373],"R_pred":[-0.8290800601068573,0.5590965118821267,-0.006111001100378821,0.15971794666326575,0.2263421822676085,-0.9608638790380283,-0.5358324658387918,-0.7976091191351659,-0.27695353694355374],"T_pred":[7.740401613546932,49.81171792364039,624.8795430900577],"rotation_error":7.54631017406348,"translation_error":181.3212375689688,"ADD":0,"ADD_S":0}}
{"id_image":31,"data":{"GT_R":[-0.887878847735245,0.4585116762027275,-0.037943522787369066,0.13509045074702702,0.1809791664084936,-0.9741644937668111,-0.43979833226568876,-0.8700650166886188,-0.22262842973546],"GT_T":[8.883008744058086,59.07274932746462,805.8837577422778],"R_pred":[-0.8128833971601808,0.5824245762205728,0.0014817677314472588,0.11970557695782266,0.16956045306719925,-0.9782227903708031,-0.569992243338906,-0.7950036891549194,-0.20755234704418402],"T_pred":[6.204651422130817,49.38023097723262,603.0707829936143],"rotation_error":8.671937278957001,"translation_error":203.0621117695655,"ADD":0,"ADD_S":0}}
{"id_image":32,"data":{"GT_R":[-0.887863514983551,0.4585902662729095,-0.0373390881610907,0.13518383403205997,0.18243083730449833,-0.9738807045476079,-0.4398004423439934,-0.8697205424967462,-0.2239679801397691],"GT_T":[7.8650764030967295,58.44335263713534,805.5835080120218],"R_pred":[-0.8555790453035845,0.5151239037440909,-0.05130166692082727,0.13451081984820995,0.12552065705737736,-0.982930009713635,-0.49989132477086384,-0.8478749485881351,-0.1766825825470577],"T_pred":[8.73995548333233,49.286865232809596,592.0416129965361],"rotation_error":4.8085205912103115,"translation_error":213.7399064325502,"ADD":0,"ADD_S":0}}
{"id_image":33,"data":{"GT_R":[-0.8870432894969174,0.4603801862714568,-0.03471592960985185,0.134018775620466,0.18480637217403992,-0.9735937587696807,-0.4418069396306014,-0.8682716636429679,-0.22563039479582955],"GT_T":[6.555386761372184,57.33820079183078,805.0300805352133],"R_pred":[-0.8026298423047562,0.5930816667092295,0.06355684743003354,0.23466056297943585,0.21600398735081017,0.9477746027567546,0.5483792085993198,0.7756264655502367,-0.3125441241073501],"T_pred":[1.8738959257945846,8.378585534103136,551.0209330310822],"rotation_error":148.96962888781894,"translation_error":258.72689712977996,"ADD":0,"ADD_S":0}}
{"id_image":34,"data":{"GT_R":[-0.886059310498921,0.4622658781110433,-0.034793478291376974,0.13563941489159964,0.18675593497548157,-0.9729974211698758,-0.4432854576246407,-0.8668520063092319,-0.22817837551683404],"GT_T":[5.682277502829383,55.13546063949452,804.4942464972249],"R_pred":[-0.8199726213961013,0.5717204677363347,-0.027939343803183858,0.14164155877293014,0.15536844144236062,-0.9776493830776686,-0.5546012702736809,-0.8056030996558529,-0.20837724644428268],"T_pred":[4.060242228693868,47.246561901551836,615.2449180575982],"rotation_error":7.47259604219668,"translation_error":189.42062727321377,"ADD":0,"ADD_S":0}}
{"id_image":35,"data":{"GT_R":[-0.8854192042355138,0.46360657650655507,-0.033197494256959205,0.13467970564695805,0.18754539149032212,-0.9729784026057203,-0.44485270055129655,-0.8659652514968771,-0.228494139890337],"GT_T":[4.124596334554487,54.20289924407614,803.8721527179141],"R_pred":[-0.8088392767160255,0.5877964054684197,-0.01656533005713612,0.13425164630473907,0.15716395149162088,-0.9784048179644287,-0.5724993623629322,-0.7935961681295749,-0.2060330119764585],"T_pred":[3.0934917313879584,44.789269573347994,585.3761412337591],"rotation_error":8.559615630218257,"translation_error":218.70113542175378,"ADD":0,"ADD_S":0}}
{"id_image":36,"data":{"GT_R":[-0.885654032823929,0.46297766711836735,-0.03563597970836668,0.13642613789028796,0.18608279820967355,-0.9730156842215326,-0.4438532397201184,-0.8666167711437901,-0.22796686931874305],"GT_T":[3.517734961917874,53.76740226064,803.2989808314162],"R_pred":[-0.8521102262233236,0.5199109303364846,-0.06000655699410998,0.15635284666288152,0.1434666470762508,-0.9772262320041926,-0.49946165989598224,-0.8420866616289261,-0.20353895106490238],"T_pred":[5.66657988038261,47.08762957314225,622.9932129675177],"rotation_error":4.342540442165409,"translation_error":180.44225342926282,"ADD":0,"ADD_S":0}}
{"id_image":37,"data":{"GT_R":[-0.887294451958507,0.45992771139482563,-0.034298531581287844,0.135055999425219,0.1880025361041267,-0.9728376444459601,-0.440986218984716,-0.8678258754165854,-0.2289300344469506],"GT_T":[3.82213939200667,52.70583208072528,803.1290965366562],"R_pred":[-0.8166706972227438,0.576812682598616,-0.018333070967669396,0.1517033086951067,0.18391972011728952,-0.9711640657906031,-0.5568079367507925,-0.7959024222512241,-0.23770623850870942],"T_pred":[4.114998370430324,47.477218243729176,630.6819976872171],"rotation_error":7.890071371426802,"translation_error":172.52659525599498,"ADD":0,"ADD_S":0}}
{"id_image":38,"data":{"GT_R":[-0.8861532727531657,0.4619555904629099,-0.0364830266376913,0.13752335256175857,0.18698691548050708,-0.9726878810056145,-0.4425167078289214,-0.8669670412080106,-0.2292286239873441],"GT_T":[5.14185321341696,53.55111835611456,803.6875848884507],"R_pred":[-0.7806494381996669,0.6246123245773593,0.0211163118136658,0.13356529784395155,0.19974838764534575,-0.9707012376859017,-0.6105299057789069,-0.7549569693824625,-0.2393599977658063],"T_pred":[3.42929221690393,45.40194253804276,592.2078670274134],"rotation_error":11.619076743564461,"translation_error":211.64359900139803,"ADD":0,"ADD_S":0}}
{"id_image":39,"data":{"GT_R":[-0.8864680378807094,0.4615380224796089,-0.03405093341989942,0.13393869200045228,0.18543319936077626,-0.9734857755604827,-0.44298580993368086,-0.8675237696992126,-0.22619808258071966],"GT_T":[6.917587579466006,55.11958416440567,804.5913958529118],"R_pred":[-0.7660509654246861,0.6426769356085433,0.011501078589361335,0.17053655026424666,0.22046069323986295,-0.9603719944688981,-0.619744466208353,-0.733732539262783,-0.2784840344276708],"T_pred":[4.297633148077431,47.263370649076904,629.7936256473125],"rotation_error":13.093981097602208,"translation_error":174.99384195128258,"ADD":0,"ADD_S":0}}
{"id_image":40,"data":{"GT_R":[-0.8870388213203748,0.4600803657336091,-0.038594159691358175,0.13773617750118183,0.183915706204766,-0.9732436930380121,-0.440671232045738,-0.8686204053429735,-0.22650998281448512],"GT_T":[9.842830261845275,56.28924267702576,805.6786567271326],"R_pred":[-0.842219339388829,0.5387776433795246,-0.019627413325506188,0.1462730803079729,0.19331173236275245,-0.9701725414111291,-0.518913066261259,-0.8199690391260621,-0.24161954502486083],"T_pred":[11.219928556239068,50.42262869315123,637.0520963676076],"rotation_error":5.353700477842496,"translation_error":168.73420049898817,"ADD":0,"ADD_S":0}}
{"id_image":41,"data":{"GT_R":[-0.8892268736778529,0.4557689102961315,-0.03938734608936667,0.13633759581118585,0.18184265334228178,-0.9738298834929058,-0.4366779110487649,-0.8713252761608342,-0.2238376183976313],"GT_T":[12.914879056086354,56.8288565515249,806.9239641552057],"R_pred":[-0.8329889102966006,0.5530436771484826,-0.01649746916853778,0.1287547384728636,0.16475821830177595,-0.9778941388631025,-0.5381000767921023,-0.8166991004452676,-0.20844876274092938],"T_pred":[13.044801217166691,49.2032861924444,624.4043361492842],"rotation_error":6.66378026951815,"translation_error":182.67890083556227,"ADD":0,"ADD_S":0}}
{"id_image":42,"data":{"GT_R":[-0.8899297240899376,0.454659805357445,-0.03621563391405326,0.13344080583155227,0.18361470518106432,-0.9738984219846676,-0.43614183985116745,-0.8715326811568725,-0.22407403477903617],"GT_T":[16.32361897076797,56.83723933393405,808.1684223943158],"R_pred":[-0.845923696906628,0.5313316332602894,-0.045823514801645954,0.1472638348294351,0.15014216922941714,-0.9776352550774826,-0.5125684948991229,-0.8337529757164522,-0.20525475273622595],"T_pred":[16.27294016508904,49.37362044318861,628.3570635295765],"rotation_error":5.261886321050081,"translation_error":179.96619947109986,"ADD":0,"ADD_S":0}}
{"id_image":43,"data":{"GT_R":[-0.8916156175513839,0.45129639115283804,-0.03680062703847065,0.13259557928278906,0.18252328406100937,-0.9742194526927448,-0.4329437600851199,-0.8735083065748855,-0.22257982965317172],"GT_T":[19.009557210019103,56.845199427383015,809.0426533201244],"R_pred":[-0.8233624096864919,0.5675134448031988,0.0016829387571078436,0.11597939388384101,0.1711671285682259,-0.9783918408756512,-0.5555385877772943,-0.805375877503986,-0.20675244478625754],"T_pred":[16.65270856730584,49.13585007722147,619.7076631021362],"rotation_error":8.108653274104899,"translation_error":189.5065363616073,"ADD":0,"ADD_S":0}}
{"id_image":44,"data":{"GT_R":[-0.8940160008603313,0.44648423858796754,-0.037264741848196156,0.13192512270547477,0.18284753308004972,-0.9742490417050863,-0.4281727041925645,-0.8759104614021018,-0.22237106930321351],"GT_T":[21.480149756438614,55.63736985830326,809.3824007623048],"R_pred":[-0.7582475171239081,0.6392860416229968,0.12796116505185728,-0.0037502492978843116,0.19198943872669394,-0.98138982624012,-0.651956009563247,-0.7446162853466267,-0.14317803319978462],"T_pred":[12.66341228998073,46.575864108507915,602.5081503061879],"rotation_error":17.012502504026735,"translation_error":207.26022591849647,"ADD":0,"ADD_S":0}}
{"id_image":45,"data":{"GT_R":[-0.893740959029667,0.4471550485465531,-0.03578843248060358,0.13157619755491037,0.18504023410166132,-0.9738820887569322,-0.4288539138187663,-0.875106983229193,-0.2242125003087945],"GT_T":[22.803949301148116,54.44179621615226,809.8925244439288],"R_pred":[-0.8372207804287919,0.5467443519076605,-0.011488188511550645,0.12634284040772706,0.17294233811864912,-0.9767949807220357,-0.5320703444995898,-0.8192445064467182,-0.21386815368577117],"T_pred":[19.87136349137068,47.52343738924451,630.0911307050159],"rotation_error":6.755038585196767,"translation_error":179.9583422318764,"ADD":0,"ADD_S":0}}
{"id_image":46,"data":{"GT_R":[-0.8944364949573657,0.44529955324730586,-0.041148876724288956,0.13630347465117326,0.18382713205509538,-0.9734617502894637,-0.4259176783913356,-0.8763083520051272,-0.22511748260286202],"GT_T":[24.72014787362917,53.079889911607864,809.9428938759902],"R_pred":[-0.8939840705920061,0.39369579966755086,-0.21400023096219947,0.23736580743288319,0.010999357391957787,-0.9713580635371796,-0.38006572456547894,-0.9191749732565023,-0.1032831716661814],"T_pred":[26.286901543299724,48.898546094917066,714.9604611061804],"rotation_error":12.272642429655365,"translation_error":95.08733295264008,"ADD":0,"ADD_S":0}}
{"id_image":47,"data":{"GT_R":[-0.894520458378818,0.4455202651911757,-0.03668433387925216,0.13243670002639793,0.18573890794853912,-0.9736329537290823,-0.42695875163671215,-0.8757921280786526,-0.22515068766577487],"GT_T":[25.357235475837868,52.66179328072182,809.873745451658],"R_pred":[-0.8477868229381031,0.5294423216231804,-0.03079498216875784,0.1320083181993318,0.15443072103383926,-0.9791450129205338,-0.5136451175458608,-0.8341714335046634,-0.20081512081034503],"T_pred":[21.800621758638744,46.61962837838822,628.3476486599418],"rotation_error":5.748082696463207,"translation_error":181.66144630679312,"ADD":0,"ADD_S":0}}
{"id_image":49,"data":{"GT_R":[-0.8944487002666293,0.44584389751152975,-0.034439307708764695,0.13177908464720867,0.1892104731593857,-0.9730530683057514,-0.42731303566592876,-0.87488418634633,-0.2279920286495614],"GT_T":[26.25228930165596,51.00927768858665,809.2753252706641],"R_pred":[-0.7397294987797198,0.6721240561046123,0.03239632449196189,0.11849988586788496,0.1775085039440536,-0.9769588057215319,-0.6623881382425283,-0.7188462869299861,-0.21095490058912914],"T_pred":[15.160023580030648,43.383678933381766,591.0299430684491],"rotation_error":16.251792462107197,"translation_error":218.66009002057376,"ADD":0,"ADD_S":0}}
{"id_image":50,"data":{"GT_R":[-0.8951479072005457,0.44434242293428144,-0.035644460927057836,0.13214182595847646,0.18813651783020308,-0.973212446609367,-0.42573273044703347,-0.8758791046453052,-0.2271268217713931],"GT_T":[26.04285686591788,51.21619678619334,808.9671602259203],"R_pred":[-0.8268029643860958,0.5624902088790016,-0.0012739692389109325,0.13050726267140428,0.1896282541801363,-0.9731438637768883,-0.5471423146425265,-0.8047644935829681,-0.23019426012776156],"T_pred":[20.378299252701407,45.26892858380311,627.6348394468096],"rotation_error":8.071368301973676,"translation_error":181.51822985905008,"ADD":0,"ADD_S":0}}
{"id_image":51,"data":{"GT_R":[-0.8952933828505059,0.44385991406532205,-0.037940216836128096,0.13292219137561506,0.1848809490911037,-0.973729935975604,-0.42518523031896976,-0.8768163887324827,-0.22452156705626586],"GT_T":[26.21072682650301,51.40224596494908,808.7334644908373],"R_pred":[-0.800342869808251,0.5995360642497293,-0.002792563524331465,0.36025076950081253,0.4771784497954096,-0.8015735213471824,-0.47923968306179054,-0.6425396755958297,-0.5978896984093642],"T_pred":[20.080971734422874,36.41201483669996,666.3375109505439],"rotation_error":25.790990496047726,"translation_error":143.31395086109586,"ADD":0,"ADD_S":0}}
{"id_image":52,"data":{"GT_R":[-0.8950348443546744,0.4446324747343346,-0.034867438668340044,0.13127288949545424,0.18791991850395262,-0.9733717148262216,-0.4262396881866807,-0.8757789932368661,-0.22656342126295695],"GT_T":[26.3931409011012,51.8173114802139,808.7712950436709],"R_pred":[-0.8485339180578444,0.5288467063279106,-0.01764514413440571,0.11952266178728346,0.15907579112575254,-0.9800047071300212,-0.5154653462888519,-0.8336762284507316,-0.19819037032983577],"T_pred":[21.95243680902469,45.10223317139236,597.0654509109783],"rotation_error":5.888140221648508,"translation_error":211.85886002115402,"ADD":0,"ADD_S":0}}
{"id_image":53,"data":{"GT_R":[-0.8944967394187989,0.44581271239870746,-0.033579994511422795,0.1297037360783571,0.18689520387165542,-0.973779165390217,-0.4278468283065356,-0.8753974960470482,-0.22500040887663367],"GT_T":[26.66350212730441,52.72556965828394,808.935447485583],"R_pred":[-0.7760851806845235,0.6306279070381489,0.0004849603636491451,0.21351070604440095,0.2620341974981889,0.9411435903972895,0.5933843364349043,0.7305111376332077,-0.33800666719392436],"T_pred":[18.93269985290456,6.6631144334323436,572.0226300085061],"rotation_error":147.2343386688685,"translation_error":241.47297606579932,"ADD":0,"ADD_S":0}}
{"id_image":54,"data":{"GT_R":[-0.8951083653723444,0.44435222636492117,-0.036503241768035134,0.13214793218854354,0.18622145164759446,-0.9735796144931721,-0.42581465638537824,-0.876282865304669,-0.22540877103403567],"GT_T":[27.356780542119996,53.09316179532627,809.083144617973],"R_pred":[-0.737119772483263,0.6743641352204408,0.043444840229991566,0.12817881565080474,0.20265092024779985,-0.9708258318262224,-0.6634942593817821,-0.7100462081098007,-0.23581719639651744],"T_pred":[15.544604907815781,43.66788262779545,578.6624708285293],"rotation_error":16.703854144082396,"translation_error":230.91567787870693,"ADD":0,"ADD_S":0}}
{"id_image":55,"data":{"GT_R":[-0.8948277343478084,0.4448854384081669,-0.036891431737388215,0.13111687310417713,0.18292890170206325,-0.9743429161429982,-0.4267220609893064,-0.8767065548954972,-0.22202199408986495],"GT_T":[27.554857389574405,55.52261949796343,809.2593022411176],"R_pred":[-0.8421565376060404,0.5392065730177236,-0.005351428023269544,0.1258977844655851,0.18696346159799515,-0.9742660888555816,-0.524330157471476,-0.8211582890294522,-0.22533741439041965],"T_pred":[22.446506451686968,48.850513117090514,619.5384526420803],"rotation_error":6.451877135944058,"translation_error":189.9068535504783,"ADD":0,"ADD_S":0}}
{"id_image":56,"data":{"GT_R":[-0.8954021893315661,0.44374172587908384,-0.036743105714084894,0.13001092376205034,0.1816317111109966,-0.9747342863028196,-0.4258558949973454,-0.8775556374665315,-0.22032519632532868],"GT_T":[28.209118443756076,56.625457598667566,809.536085474969],"R_pred":[-0.8311219811142055,0.5556447204770587,-0.022253024845390657,0.13290009852514356,0.1596135843818044,-0.9781927557965248,-0.5399757553083335,-0.8159549303036068,-0.20650359656052175],"T_pred":[23.119689875152975,48.78886053271452,611.8258193306269],"rotation_error":7.517070505153404,"translation_error":197.93095734522078,"ADD":0,"ADD_S":0}}
{"id_image":57,"data":{"GT_R":[-0.8968584025199773,0.4409812520782887,-0.034379931812669635,0.12904034072699402,0.18650836074594598,-0.9739417455700966,-0.4230771131576429,-0.8779241458570722,-0.22417523938476858],"GT_T":[29.328768587951966,56.75135156707923,809.8505382194608],"R_pred":[-0.6642006563901317,0.7425572083421748,-0.08629183269576662,0.3050202994031268,0.3745846227359545,0.8755849344077304,0.6824954981558085,0.5552433275140178,-0.47529437430735094],"T_pred":[22.332862345406276,12.053210825879336,625.8576747231905],"rotation_error":138.03434990189788,"translation_error":189.4735873609611,"ADD":0,"ADD_S":0}}
{"id_image":58,"data":{"GT_R":[-0.8966442510301211,0.4413162442725358,-0.035640664617395644,0.12802135038511406,0.18136292127315556,-0.9750478946965655,-0.42383923178193356,-0.8788329132339776,-0.21911543398209773],"GT_T":[29.756070277143085,59.204375208995685,810.4777119354238],"R_pred":[-0.8501694150361097,0.5246231566193252,-0.0445253778864817,0.1953719832743109,0.23581315923301605,-0.9519569013794728,-0.4889189645417954,-0.818023653369094,-0.30297780222329673],"T_pred":[25.641973265159443,50.41216622339987,644.3837119483176],"rotation_error":7.272521254760529,"translation_error":166.37741903511804,"ADD":0,"ADD_S":0}}
{"id_image":59,"data":{"GT_R":[-0.897005685872297,0.44037049309299287,-0.03816880933445405,0.12921042108788297,0.17865244495007387,-0.9753912234121714,-0.4227140231417219,-0.8798618833469143,-0.21715269163653012],"GT_T":[30.744632587384476,60.17162992397415,810.6767088251253],"R_pred":[-0.7671541799319376,0.6388476122617012,0.05786356816235627,0.08277268242840286,0.18803951545199926,-0.9786673713127382,-0.6360999506811514,-0.7459992419138918,-0.19713443080125792],"T_pred":[19.443972459993155,50.79334593678426,595.0407658696535],"rotation_error":14.736924594257788,"translation_error":216.13541362801863,"ADD":0,"ADD_S":0}}
{"id_image":60,"data":{"GT_R":[-0.8981184563387281,0.43840228341195386,-0.034450268315944096,0.12468866389615976,0.17874624902516179,-0.975962334624648,-0.4217058331953333,-0.8808247493948311,-0.21519967879271482],"GT_T":[30.346616583889638,61.31284523028173,810.6398216815769],"R_pred":[-0.8234733403398524,0.5656818761637205,0.043539323943063646,0.23598032260872048,0.2717098919089618,0.9329989399674068,0.5159505258171659,0.7785741773387516,-0.3572356439246739],"T_pred":[22.64879536905132,13.430841767360086,574.732200375513],"rotation_error":146.77222199571636,"translation_error":240.84091948289046,"ADD":0,"ADD_S":0}}
{"id_image":61,"data":{"GT_R":[-0.8965599154219824,0.4414179728616981,-0.0364867110082863,0.1273803954182505,0.1780683213058763,-0.9757383497067964,-0.4242107200135834,-0.8794558819633383,-0.215876820099762],"GT_T":[29.7978633019661,61.53488204832479,810.6692765723518],"R_pred":[-0.8600710603367614,0.5083782025494266,-0.04277118590608947,0.14516547393532245,0.16349294597480934,-0.9758058422624921,-0.4890856329400121,-0.8454712649103414,-0.2144145141136098],"T_pred":[25.749516816338076,54.42087175600556,635.7659258548591],"rotation_error":4.3924920409324,"translation_error":175.0947753187204,"ADD":0,"ADD_S":0}}
{"id_image":62,"data":{"GT_R":[-0.8969179097973429,0.44082060212418583,-0.034871698528462385,0.12576269534457468,0.1786891802113765,-0.9758349610558675,-0.42393668965560644,-0.8796295022727744,-0.2157085426000254],"GT_T":[29.125644110805787,61.779171553005064,810.4117265827402],"R_pred":[-0.7443011848261374,0.6673554848370133,0.025542183234072424,0.30638622836418566,0.3072290956282151,0.9009649060136794,0.593416569818519,0.6784150202180254,-0.43313950986650807],"T_pred":[18.32848987705066,11.927701238849812,558.59783962405],"rotation_error":142.17547597257757,"translation_error":256.9279690833106,"ADD":0,"ADD_S":0}}
{"id_image":63,"data":{"GT_R":[-0.8968079869317602,0.44092195509478777,-0.036390626034685694,0.12675115714896898,0.17725455397204148,-0.9759679134841952,-0.4238752437292064,-0.8798677028560449,-0.21485067494530957],"GT_T":[28.696079153561573,62.19603391466318,810.4519433901143],"R_pred":[-0.8515893248613619,0.5224706127816882,-0.04266240220260942,0.1449698752947719,0.15651512588728778,-0.9769783777676477,-0.503765180455327,-0.8381691202543873,-0.20902910996509094],"T_pred":[23.932629283969373,53.232869097211406,608.4910437037619],"rotation_error":5.385156492616044,"translation_error":202.21580991684553,"ADD":0,"ADD_S":0}}
{"id_image":64,"data":{"GT_R":[-0.8968904036995258,0.4406510279466388,-0.037623458614142014,0.12730449204251687,0.1757659422764668,-0.9761655355201134,-0.42353499417598983,-0.8803027167348041,-0.21373862271268357],"GT_T":[28.909212546249204,63.10954206551532,810.579792445092],"R_pred":[-0.8673886011998457,0.4959455213086241,-0.04092742848618744,0.14399049419584972,0.17140381252265768,-0.9746217064245657,-0.47634415299215116,-0.8512689192885021,-0.22008515389179595],"T_pred":[25.735611806403103,55.79645848909729,650.570598877511],"rotation_error":3.6041228317572687,"translation_error":160.2076619865581,"ADD":0,"ADD_S":0}}
