{"id_image":1,"data":{"GT_R":[0.8016331844129397,0.003396168609123216,0.5978069987760217,-0.2759702108715422,-0.8849566848336266,0.3750906956910463,0.530306957379306,-0.4656619870547144,-0.7084731270887596],"GT_T":[-18.182748438538447,-32.01197619657698,976.8400257542204],"R_pred":[0.8905670405502208,0.023641318761171953,0.45423720051626676,-0.2723440638690203,-0.7721359724481457,0.5741382681261227,0.36430626835250784,-0.635017423460797,-0.681200275058871],"T_pred":[-41.122370551952024,-23.239697882283195,828.7355115817013],"rotation_error":15.108941017744785,"translation_error":150.12703370082136,"ADD":0,"ADD_S":0}}
{"id_image":2,"data":{"GT_R":[0.8016309112242181,0.003553098922492858,0.5978082436317151,-0.27559258976009343,-0.8851899859578927,0.37481830720097603,0.5305046664032422,-0.46521691186182385,-0.7086168190581412],"GT_T":[-18.575114497233592,-31.238390493545996,977.0642590631282],"R_pred":[0.8912433054258522,0.007098504697414285,0.4534699347968527,-0.23153879351587298,-0.8526323573935363,0.4684099168706347,0.3899681495081554,-0.5224630842046181,-0.7582593013030458],"T_pred":[-41.19930809727135,-20.600291105044175,884.6878768914958],"rotation_error":10.432795941337899,"translation_error":95.69963049965831,"ADD":0,"ADD_S":0}}
{"id_image":3,"data":{"GT_R":[0.8016771097121244,0.005449901500066728,0.5977316343589276,-0.27320109191712993,-0.8860666214208262,0.3744961249271534,0.5316706846071124,-0.46352640938603906,-0.7088501480900455],"GT_T":[-18.80335527220916,-29.745620030792963,977.3731774229142],"R_pred":[0.9072768937463209,0.08068711157123627,0.412720520570903,-0.11376616027550902,-0.8977326667327967,0.4255976032086982,0.4048529348420158,-0.43308850031732804,-0.8053126424207522],"T_pred":[-41.40700337574919,-23.812744837664393,879.075925428866],"rotation_error":13.189936707647988,"translation_error":101.0369915685702,"ADD":0,"ADD_S":0}}
{"id_image":4,"data":{"GT_R":[0.8018435690654446,0.0024433837420508187,0.5975287927240689,-0.27558024719097957,-0.88577890361547,0.3734327326462651,0.5301904862982986,-0.46410189188597123,-0.7095824659888771],"GT_T":[-18.516835108954833,-29.68661292077388,977.6817285189765],"R_pred":[0.8641377937948885,0.06190340716691805,0.49943352061753776,-0.16899076273143265,-0.899088795365874,0.40383345596791526,0.47403374926976494,-0.43336740328348217,-0.766475504060359],"T_pred":[-40.382830841388454,-22.081081831688994,888.166446393264],"rotation_error":7.781774030266161,"translation_error":92.46054080830234,"ADD":0,"ADD_S":0}}
{"id_image":5,"data":{"GT_R":[0.8026373650255076,0.003436441192405539,0.5964569290437357,-0.2734451997025348,-0.8865898739765781,0.3730768815481071,0.5300951468869594,-0.462543510527791,-0.7106710877232815],"GT_T":[-17.552532852642244,-29.38472640017236,977.9791108794615],"R_pred":[0.8606821878097063,0.055721762683732086,0.5060842387888754,-0.13887618799744783,-0.9306085543577284,0.3386460142442497,0.48983627468205654,-0.3617496423213669,-0.7932197805690224],"T_pred":[-39.016819627966385,-20.01291950306103,921.8029923167148],"rotation_error":9.433689815995484,"translation_error":60.86298274046274,"ADD":0,"ADD_S":0}}
{"id_image":6,"data":{"GT_R":[0.8025428915406271,0.0034952920981084572,0.596584737422655,-0.27436555483639885,-0.8858008902392053,0.37427473906321806,0.5297627052045116,-0.4640538726490546,-0.709934016625963],"GT_T":[-18.279691362829972,-29.19678479561471,977.80088188918],"R_pred":[0.911470169042408,0.026351972564776432,0.4105212594832932,0.027977212172581454,-0.999606460914625,0.0020491209794497064,0.41041370170214153,0.009617527732392092,-0.9118487246333473],"T_pred":[-39.06722099126752,-19.668803153760084,970.2216931919125],"rotation_error":30.9434060185499,"translation_error":24.090411443756505,"ADD":0,"ADD_S":1}}
{"id_image":7,"data":{"GT_R":[0.8017358985389197,0.003786290135636624,0.597667101475116,-0.2740086209344064,-0.8863717091941182,0.37318246620598033,0.5311673131161131,-0.4629598353474739,-0.7095981049583927],"GT_T":[-18.380693051561984,-29.094721802472698,977.787954981307],"R_pred":[0.8639011199892497,0.03047813358781387,0.5027384392050441,-0.23744218419689678,-0.8556409483896421,0.4598910486220411,0.44418021572907485,-0.5166717050621962,-0.73195237901314],"T_pred":[-40.992491371924196,-19.1710259877533,870.3081196034582],"rotation_error":7.512908845505549,"translation_error":110.28004431787879,"ADD":0,"ADD_S":0}}
{"id_image":8,"data":{"GT_R":[0.8024324164301806,0.0006708555421856464,0.5967424480850378,-0.2751246028239328,-0.8869610468928107,0.3709540047822582,0.529536262920951,-0.4618436630273731,-0.7115414073556268],"GT_T":[-17.528040759398866,-29.553365944319893,977.5271498685336],"R_pred":[0.8581280682509453,0.04770571949587776,0.5112146152129078,-0.20521858956620936,-0.8808131672308526,0.4266772725716824,0.4706395106409538,-0.47105448597814537,-0.7460604012166232],"T_pred":[-39.949923799355645,-20.563669919581795,866.8443759654687],"rotation_error":6.46093310761562,"translation_error":113.28826908621951,"ADD":0,"ADD_S":0}}
{"id_image":9,"data":{"GT_R":[0.8036930955699062,0.002839168375130501,0.5950362761625702,-0.27374219219018886,-0.8861257401625642,0.3739613786606141,0.528338031647439,-0.4634373486885563,-0.711396565500309],"GT_T":[-16.868089834459518,-30.598611909217876,977.1937204147483],"R_pred":[0.909806173772235,0.02600970647907934,0.4142176014304549,-0.2097008509612593,-0.8324610295700776,0.5128685868263432,0.35815957235853796,-0.5534727901315464,-0.7519239265457316],"T_pred":[-39.18282390864962,-23.591908327464996,860.226557716578],"rotation_error":13.435916040440148,"translation_error":119.28268273955202,"ADD":0,"ADD_S":0}}
{"id_image":10,"data":{"GT_R":[0.8036822302919138,0.0018196083911097096,0.5950562992766529,-0.2743589698139857,-0.8862309999858508,0.37325917317764057,0.5280355748438201,-0.4632411658197571,-0.7117487336420558],"GT_T":[-16.987943262242652,-30.787098021561835,976.9882013787542],"R_pred":[0.9503845968726671,0.022953033900240873,0.31022939296906127,0.1038987449902154,-0.9634263855728661,-0.2470114377340886,0.2932135208625892,0.26698831026241154,-0.9180103884851121],"T_pred":[-36.082433309224214,-14.153216947280821,941.132695001061],"rotation_error":46.91730794177587,"translation_error":43.89650199444592,"ADD":0,"ADD_S":0}}
{"id_image":11,"data":{"GT_R":[0.8038925475466994,0.003265888026231125,0.5947653003559886,-0.2726967623363796,-0.8866635091459654,0.3734492782819175,0.5285761176176088,-0.4624034420290969,-0.7118923262747447],"GT_T":[-16.669205548443045,-30.32583961815015,977.0024242468887],"R_pred":[0.9066954959686953,0.031389626644192564,0.42061617768366766,-0.1874534402902579,-0.8633417427609738,0.4685106646916283,0.3778418787183697,-0.5036424590377412,-0.7769039761392587],"T_pred":[-38.19307018357427,-23.82762715100668,898.5847899704105],"rotation_error":11.984325154243857,"translation_error":81.57713453915309,"ADD":0,"ADD_S":0}}
{"id_image":12,"data":{"GT_R":[0.8042480315857116,0.002229349135145036,0.5942887957696672,-0.27323056467970347,-0.8866509378409761,0.37308801714336215,0.5277588241490995,-0.46243414433931385,-0.7124789508081001],"GT_T":[-16.125888619204172,-30.850840348378355,976.7617495093534],"R_pred":[0.8527410546260782,0.01639996451721397,0.5220763688571219,-0.2383375802485278,-0.8771738425249709,0.4168467917967633,0.46478800715646706,-0.47989279131261364,-0.7440934197059589],"T_pred":[-39.63164808644928,-21.685634040453767,897.7448453158498],"rotation_error":5.167797568614171,"translation_error":82.9469281114384,"ADD":0,"ADD_S":0}}
{"id_image":13,"data":{"GT_R":[0.805088447277141,0.0012692709160510014,0.5931527042058101,-0.27476139349184775,-0.8854426957754289,0.3748294968055926,0.5256783360941671,-0.4647470217295023,-0.7125113930282515],"GT_T":[-15.874088438760758,-32.31390561534495,976.5012996957354],"R_pred":[0.8991694269948376,0.029637598272255566,0.4365958707161892,-0.27345329146895037,-0.7408633300262104,0.6134694968841333,0.34163963315542345,-0.6710015938812118,-0.6580571571423723],"T_pred":[-38.82025964792497,-25.071337079361886,813.5325885888807],"rotation_error":17.79602289909073,"translation_error":164.735492144189,"ADD":0,"ADD_S":0}}
{"id_image":14,"data":{"GT_R":[0.8051052472832722,0.0023235264765038826,0.5931267844936039,-0.2742428891760144,-0.8852241124338776,0.37572421838286446,0.5259223770874225,-0.4651591695342302,-0.712062059455842],"GT_T":[-16.33896979077722,-33.072017429666644,976.0238510956885],"R_pred":[0.8800932494734979,0.04213095801421038,0.47292795921576003,-0.18184278923634276,-0.8902005802742559,0.4177033958230709,0.4385989879536041,-0.45361647815768646,-0.7757983104582603],"T_pred":[-40.36668639035217,-25.24042298206816,899.7795389846665],"rotation_error":8.487019908573089,"translation_error":80.32347207301294,"ADD":0,"ADD_S":0}}
{"id_image":15,"data":{"GT_R":[0.8054613100818268,2.1538191059804895e-06,0.5926475103442241,-0.2763926175096501,-0.8845888326335761,0.375645535959895,0.5242496065269437,-0.4663717758269582,-0.7125020996747491],"GT_T":[-18.39353340528941,-33.70123736632444,975.2169534302698],"R_pred":[0.8729736780357414,0.020446100147837376,0.4873386034837527,-0.2879318477761083,-0.7848691793480116,0.5487035833178191,0.39371589819689234,-0.6193240898740524,-0.6792830508769454],"T_pred":[-42.614989522107095,-24.277116095818396,830.1901591737346],"rotation_error":12.684931584454903,"translation_error":147.3372459715041,"ADD":0,"ADD_S":0}}
{"id_image":16,"data":{"GT_R":[0.8038509621872704,0.005626685414518251,0.594804309656542,-0.2736993229421865,-0.8843133292254372,0.37825770696941635,0.5281213404485654,-0.4668600343698161,-0.7093163979412124],"GT_T":[-21.062548076279725,-34.33625837284055,974.5235089068967],"R_pred":[0.885014802778662,0.05332032623708499,0.46249945045655755,-0.08691460341656895,-0.9570324970168217,0.2766489677672551,0.4573780171538499,-0.28503638796427033,-0.8423536115911742],"T_pred":[-44.75256473243197,-25.65628724915313,916.2785362385042],"rotation_error":14.795738709549541,"translation_error":63.47468494619417,"ADD":0,"ADD_S":0}}
{"id_image":17,"data":{"GT_R":[0.8029193477967601,0.007073258036623519,0.5960459582960297,-0.2728870961092991,-0.8846327265226185,0.378097965390726,0.5299549217147883,-0.46623653149442223,-0.7083580884678001],"GT_T":[-23.629212471150865,-34.73849286123878,973.8140274729313],"R_pred":[0.9162266697859507,0.0196711047449786,0.4001771322940117,-0.21510524538963002,-0.8184924825823295,0.5327286263775227,0.33802133509412374,-0.5741803754869433,-0.7456932837479892],"T_pred":[-46.249401824692825,-27.591158066116257,855.3819674225954],"rotation_error":14.80913264683656,"translation_error":120.78456113605765,"ADD":0,"ADD_S":0}}
{"id_image":18,"data":{"GT_R":[0.8014259380725681,0.00592559963557477,0.5980648627679864,-0.27516045364288916,-0.8841906044728524,0.3774836460956593,0.5310393104304609,-0.46708987465799734,-0.7069825505818996],"GT_T":[-25.88868405855782,-34.90748316761391,973.2155036157076],"R_pred":[0.868396094030548,0.04593305584130772,0.4937391803913964,-0.25604888701396555,-0.8111522750285977,0.5258050533941642,0.4246494923244323,-0.5830284222034202,-0.6926403594735094],"T_pred":[-49.16318202614983,-26.841698841919357,852.3007632196832],"rotation_error":10.706594450828204,"translation_error":123.39827218186663,"ADD":0,"ADD_S":0}}
{"id_image":19,"data":{"GT_R":[0.801625564570496,0.005287650949544994,0.597802774708038,-0.27591636629717275,-0.883816415692634,0.3778088225533991,0.5303452322045845,-0.4678051964509535,-0.7070312006579887],"GT_T":[-27.11487689863485,-34.910286716795625,972.7604589883996],"R_pred":[0.8584809781256733,0.04047881884046517,0.51124541603976,-0.2137872614377203,-0.8778859407225608,0.42849887039363876,0.4661602911481697,-0.47715588679900556,-0.7449945252481445],"T_pred":[-49.64562112176057,-25.483478118729327,871.2826578792303],"rotation_error":6.289370277516247,"translation_error":104.37549172839668,"ADD":0,"ADD_S":0}}
{"id_image":20,"data":{"GT_R":[0.8012657930107482,0.006185753534856096,0.5982766769073053,-0.2759542289984344,-0.883415808575822,0.3787167726158394,0.5308696373191731,-0.4685495095166879,-0.7061440481482524],"GT_T":[-27.699320133561365,-35.41027468701806,972.5074781284443],"R_pred":[0.8798923261351187,0.019287914328880537,0.4747814979223291,-0.0931215399567882,-0.9728015143611081,0.2120980727230001,0.465959089625479,-0.23083585080653415,-0.8541644670541021],"T_pred":[-48.98657135591165,-25.616849321031925,945.0860838843162],"rotation_error":16.93290433275299,"translation_error":36.06925432129832,"ADD":0,"ADD_S":1}}
{"id_image":21,"data":{"GT_R":[0.8011071045533882,0.006667220259446648,0.5984830062556658,-0.27505236784107584,-0.8839945519288811,0.37802245154402825,0.5315760645037775,-0.4674510657137019,-0.706340550764916],"GT_T":[-27.489621977762106,-35.595835885106816,972.5146204693832],"R_pred":[0.8573570809409008,0.024106127961148832,0.514157301178558,-0.2871011685986534,-0.8066823720157372,0.5165621643794203,0.42721394493834725,-0.5904933913887473,-0.6846939462098598],"T_pred":[-49.15893699466241,-24.168324567920216,840.3644160390987],"rotation_error":10.133114447236135,"translation_error":134.40172528346528,"ADD":0,"ADD_S":0}}
{"id_image":22,"data":{"GT_R":[0.8021095297913245,0.006039684738589337,0.5971460091221245,-0.27497640799812356,-0.8838996594162387,0.3782993122777934,0.5301019135332565,-0.4676388058772037,-0.7073231935672571],"GT_T":[-26.5085597641369,-35.785630192851336,972.6281304212874],"R_pred":[0.8558511485862936,0.03030913828067633,0.516333388035487,-0.32786259611990115,-0.7403017805194,0.5869066295632762,0.40003116069756434,-0.6715911180893394,-0.6236508963951471],"T_pred":[-48.959551369176545,-24.796544566442968,799.0785172689851],"rotation_error":15.337254326177149,"translation_error":175.34045526423122,"ADD":0,"ADD_S":0}}
{"id_image":23,"data":{"GT_R":[0.8029080883176454,0.0028652686053706146,0.5960954801724867,-0.275764120775763,-0.8847654359805477,0.37569211493125854,0.5284810167658625,-0.466028243257743,-0.7095953935193757],"GT_T":[-25.07177558492119,-35.81377001461625,972.9840220487872],"R_pred":[0.8851249546635462,0.031685815479730386,0.46427343638123303,-0.0008189540398611823,-0.9975715896856105,0.06964375611929846,0.4653527091853393,-0.06202364508401779,-0.8829495588675249],"T_pred":[-46.29974000692397,-25.71289460824372,969.4661149665192],"rotation_error":25.979925423862806,"translation_error":23.770356070457776,"ADD":0,"ADD_S":1}}
{"id_image":24,"data":{"GT_R":[0.8030875336251274,0.004767577977147016,0.5958423634853767,-0.2739702986812242,-0.885045674240158,0.3763446453102658,0.529141280164495,-0.4654817869100056,-0.7094628419409611],"GT_T":[-23.657354780422736,-35.44941877148909,973.4658488806331],"R_pred":[0.8815005646989045,0.04487480351118095,0.47004574931100634,-0.005070427259403463,-0.994516755610122,0.10445436122117614,0.47215574252879694,-0.09445991118220338,-0.8764395472458615],"T_pred":[-44.877537170073694,-27.983305536861092,966.4044404769685],"rotation_error":24.167168338061234,"translation_error":23.577584187649183,"ADD":0,"ADD_S":1}}
{"id_image":25,"data":{"GT_R":[0.8043758505519139,0.0016604644827736834,0.5941177233425781,-0.2766397066533392,-0.8839299784471639,0.3770130143352255,0.5257839366323448,-0.46761720322137884,-0.7105525881595677],"GT_T":[-21.039573764642704,-35.41400169196897,973.8740815303452],"R_pred":[0.9050161056413363,0.021835381388300247,0.42481650703499907,0.0070031287579321675,-0.9993111254417182,0.036444900274337305,0.42531965004851324,-0.03000817701950652,-0.9045455790586654],"T_pred":[-40.05354054964906,-26.616463187889817,966.7624014212549],"rotation_error":28.60334381117258,"translation_error":22.12472848660769,"ADD":0,"ADD_S":1}}
{"id_image":26,"data":{"GT_R":[0.8048890894635179,0.003560403386760174,0.5934143563557781,-0.2734057892599931,-0.8853027232626524,0.37615095861074127,0.5266893819195678,-0.465002698178774,-0.7115971539182794],"GT_T":[-18.97483637922263,-35.657171231851976,974.6301323968495],"R_pred":[0.8767415206493051,0.014843228835562654,0.48073275790950476,-0.006799377661703707,-0.999041269069287,0.04324709423581871,0.4809137910613054,-0.04118520673935461,-0.8758000367166466],"T_pred":[-40.06475062704939,-24.105823204126914,922.129228859166],"rotation_error":26.539898100034275,"translation_error":57.74567513252798,"ADD":0,"ADD_S":0}}
{"id_image":27,"data":{"GT_R":[0.8061217898795676,0.0013391704162367848,0.5917480308911384,-0.2745187556641785,-0.885033057143785,0.3759722661458949,0.524219480553355,-0.46552581980881885,-0.713077392289242],"GT_T":[-17.779931072470013,-35.85165506328117,975.0015025510022],"R_pred":[0.8567094665928654,0.034638870884380626,0.5146348593653782,-0.22834976897754988,-0.8691699375615505,0.43863424700671727,0.46249894362913635,-0.49329886302636605,-0.7367163354228188],"T_pred":[-40.301577985248244,-25.579956999298066,874.6474569382257],"rotation_error":5.882724442119244,"translation_error":103.36182482731581,"ADD":0,"ADD_S":0}}
{"id_image":28,"data":{"GT_R":[0.8071196828232251,0.0007542990867539941,0.5903876036855163,-0.2742955004085043,-0.8850394893850423,0.37612086524779814,0.5228000433023757,-0.4655156453346536,-0.7141265616832158],"GT_T":[-17.38756319940247,-35.799945800564316,975.4870752895996],"R_pred":[0.918159058664061,-0.017483489561750443,0.39582606102411866,-0.2560377701847877,-0.7885943456302117,0.5590738933976975,0.3023716309972333,-0.6146651817313247,-0.7285314757340761],"T_pred":[-39.3221456505959,-27.50097048442138,841.9016096407971],"rotation_error":16.49710178105363,"translation_error":135.62844661505764,"ADD":0,"ADD_S":0}}
{"id_image":29,"data":{"GT_R":[0.8074332316065793,6.348604077813106e-05,0.5899589553803174,-0.274606309553035,-0.8850254407017766,0.37592912037368537,0.5221520257773378,-0.46554413758126123,-0.7145812952234609],"GT_T":[-17.85079903843147,-36.14235843654589,975.5882065867268],"R_pred":[0.8796972047981984,0.032184511727049205,0.47444386925655296,-0.03150691456089389,-0.9915699602783087,0.12568344444884477,0.47448934888476707,-0.12551163722366443,-0.87126728775752],"T_pred":[-40.556809354867205,-27.006628707918246,975.9562334293796],"rotation_error":22.146650253936745,"translation_error":24.477743072463397,"ADD":0,"ADD_S":1}}
{"id_image":30,"data":{"GT_R":[0.8077148928710541,0.002653928414333221,0.5895673143298265,-0.2722821286977383,-0.8852814153043063,0.37701543884670674,0.5229332280228817,-0.46504983177348214,-0.7143324910001891],"GT_T":[-19.096888264575938,-35.92363567744596,975.6386762638768],"R_pred":[0.8946091505603729,0.009515880794865789,0.44674815695909187,-0.24413152913456918,-0.826965485694091,0.5064858161421235,0.3742649652533142,-0.5621721564462561,-0.7374877641700244],"T_pred":[-41.429382604072764,-25.62572926078263,869.305938229242],"rotation_error":11.551470120855933,"translation_error":109.13953618158865,"ADD":0,"ADD_S":0}}
{"id_image":31,"data":{"GT_R":[0.8074685730835843,0.0019273995879907709,0.5899079954089677,-0.27310458034734064,-0.8851535171319319,0.37671954034000127,0.5228850572198496,-0.46529611933024684,-0.714206447940727],"GT_T":[-21.28359828201798,-35.35057934792205,975.5616014772618],"R_pred":[0.8638227568568837,0.03133688494931687,0.502820290340244,-0.1325876485854433,-0.9487385312068833,0.2869071537030554,0.4860357601851503,-0.31450468843099777,-0.8153870496740577],"T_pred":[-43.69293067562408,-26.777025081480588,954.735789467607],"rotation_error":11.31973081213007,"translation_error":31.771031726215973,"ADD":0,"ADD_S":1}}
{"id_image":32,"data":{"GT_R":[0.807107883542058,0.0020649406775710313,0.5904001694416668,-0.27301686505512546,-0.8853487170101135,0.37632502387695826,0.5234868846255237,-0.4649246454219563,-0.7140083316703089],"GT_T":[-23.176945806472737,-35.17918354741843,975.5005925692868],"R_pred":[0.8684444673632353,0.02885300720354385,0.49494616988264395,-0.023262459933334298,-0.9948342819256086,0.09881097845588165,0.49524041138020714,-0.0973255130008105,-0.8632871361575432],"T_pred":[-45.42925919137936,-24.257610937874055,931.8204717508846],"rotation_error":23.189815462114318,"translation_error":50.2234920525829,"ADD":0,"ADD_S":1}}
{"id_image":33,"data":{"GT_R":[0.8067439286133301,0.0010919427121975724,0.5909000271439762,-0.27484276067810803,-0.8845504064928444,0.37687206269711504,0.523091301275257,-0.46644399247477375,-0.7133057666222663],"GT_T":[-24.282240141824428,-36.214484258508534,975.5673052448617],"R_pred":[0.888479297755004,0.005681064049960577,0.45888153479088317,-0.26586441146984585,-0.8086584188334579,0.5247739288146509,0.3740596906572115,-0.5882510409349329,-0.7169658713386567],"T_pred":[-46.55464302930692,-26.00399505882257,865.2127837587338],"rotation_error":12.102702935048416,"translation_error":113.04173756852597,"ADD":0,"ADD_S":0}}
{"id_image":34,"data":{"GT_R":[0.8078985391343134,0.005877640082212659,0.589291759402924,-0.27012178789442115,-0.8850288165836195,0.37915498288088817,0.5237686666223672,-0.46549969310621464,-0.7134260361690605],"GT_T":[-25.35920909730813,-36.264639446021945,975.4486540734492],"R_pred":[0.836949269107583,0.028694250177285927,0.5465277311784341,-0.24335864620933806,-0.8749501614248794,0.41861531784890016,0.49019637927614446,-0.4833620330863201,-0.7253059042329778],"T_pred":[-48.177105535720806,-21.877619941980242,829.0058055110692],"rotation_error":3.427644117021372,"translation_error":148.90651638913585,"ADD":0,"ADD_S":0}}
{"id_image":35,"data":{"GT_R":[0.8068035194763005,0.006664217913691283,0.5907828922939311,-0.2708790334349588,-0.8844764616413158,0.3799042048477244,0.5250647244890462,-0.4665379410563719,-0.7117928446377135],"GT_T":[-27.95285629701697,-35.58317086070079,974.8545268417291],"R_pred":[0.9281968610970032,0.013454961597536855,0.371846138958144,-0.22858274398177864,-0.7679202473047513,0.5983714757014829,0.29359924421467976,-0.6404041362981805,-0.7097055910789701],"T_pred":[-48.53544222202668,-26.89683940755274,815.3371514216122],"rotation_error":18.631413050780072,"translation_error":161.07417005341628,"ADD":0,"ADD_S":0}}
{"id_image":36,"data":{"GT_R":[0.8053857752820159,0.008036028108630616,0.5926968782634694,-0.27056593594353456,-0.8846792248621088,0.37965368768636765,0.5273972962896707,-0.46613070480348584,-0.7103343217367339],"GT_T":[-31.110562650779258,-34.516336181902666,974.2739143638094],"R_pred":[0.878142499628644,0.010518447401149883,0.47828350652121304,1.092166849755126e-05,-0.9997587024951274,0.02196671723258832,0.4783991536642546,-0.019284684325354635,-0.8779307209135562],"T_pred":[-54.16336832681564,-21.957898254999208,975.030435635098],"rotation_error":27.838938981939368,"translation_error":26.26249297258154,"ADD":0,"ADD_S":1}}
{"id_image":37,"data":{"GT_R":[0.8059641690189481,0.008415607853425872,0.5919048218707471,-0.26927498723997606,-0.8852488480335101,0.3792438561976049,0.5271744640739402,-0.4650426221574612,-0.7112126567055542],"GT_T":[-33.57474005127467,-33.79444753588491,973.6490698232146],"R_pred":[0.8596824516939281,0.01995827618669782,0.5104387813060169,-0.23127691770759307,-0.8757505611828933,0.42375929715290334,0.4554745542675151,-0.48235113952337966,-0.748251500910827],"T_pred":[-55.205998079063136,-22.578991202846275,904.1708441028126],"rotation_error":5.7293586319162255,"translation_error":73.62690835474622,"ADD":0,"ADD_S":0}}
{"id_image":38,"data":{"GT_R":[0.8050480811255538,0.009039937388278282,0.593141065587667,-0.26929044414305126,-0.8853517297254004,0.37899187181313754,0.528563372627508,-0.4648345328545967,-0.7103162544050119],"GT_T":[-35.32963521228907,-32.500764352986295,973.0258615142322],"R_pred":[0.8302282131670669,0.02573381453922656,0.5568293139290347,-0.23351922928063512,-0.8909956691160568,0.3893526514261954,0.506152036069793,-0.4532819083150032,-0.7337204017721682],"T_pred":[-56.52644099968385,-20.27558359240193,885.9025193899529],"rotation_error":2.8170123858459,"translation_error":90.49439962296962,"ADD":0,"ADD_S":0}}
{"id_image":39,"data":{"GT_R":[0.8042610795474927,0.009532987113538744,0.5941994236723035,-0.26789362289841573,-0.8866992425983685,0.3768254630657045,0.5304689603323516,-0.4622484839586248,-0.7105841619931547],"GT_T":[-36.834318448028554,-30.182254675781323,972.6817492627403],"R_pred":[0.9096871600096685,0.0249979459119795,0.41454116033721633,-0.25288700058832164,-0.7584386260946105,0.6006821250721232,0.3294198473786699,-0.6512648870835133,-0.6836202242510915],"T_pred":[-56.99181958890672,-22.479476301626676,840.5092208146356],"rotation_error":17.602645994680014,"translation_error":133.92249595676932,"ADD":0,"ADD_S":0}}
{"id_image":40,"data":{"GT_R":[0.8044163341946172,0.00611965469531298,0.59403393130241,-0.26997564838662746,-0.8869574276211154,0.374727544391858,0.5291761247827994,-0.46181256869357806,-0.7118304010484251],"GT_T":[-37.5065220992599,-28.068172177945456,972.2809475107892],"R_pred":[0.9771551339198087,0.12246536992127317,-0.17369535809631498,-0.019940886631299268,-0.7608481573800614,-0.6486234982266083,-0.21158970980300307,0.6372694207173376,-0.741024615059493],"T_pred":[-45.11607108496551,2.503733672952184,835.8694145976621],"rotation_error":83.05043949631104,"translation_error":140.00233203354574,"ADD":0,"ADD_S":0}}
{"id_image":41,"data":{"GT_R":[0.8047236215359549,0.006707465616050069,0.5936116120652996,-0.2683446753230875,-0.8878389955540567,0.3738111830046112,0.5295384177631118,-0.46010697640597464,-0.7126648287610768],"GT_T":[-36.14182193833024,-26.735077011809896,972.1866042991539],"R_pred":[0.8776336764028294,0.06595601272626327,0.47477250808035065,-0.15553139063101723,-0.8977123449915841,0.4122166083239406,0.45339730543093826,-0.435617205852758,-0.7776043553073764],"T_pred":[-56.30540643945441,-18.553838589641877,893.373635444143],"rotation_error":8.87218165422095,"translation_error":81.76176894976805,"ADD":0,"ADD_S":0}}
{"id_image":42,"data":{"GT_R":[0.8052180061476988,0.0056520392940437245,0.5929515787669868,-0.2690325816636763,-0.887634298117761,0.3738022105776127,0.5284366019934131,-0.4605156488441724,-0.7132184511521901],"GT_T":[-33.68743650452278,-26.26782796758028,972.1748386779051],"R_pred":[0.8737730600093084,0.06242721358445931,0.4823105665502773,-0.10177801421106343,-0.9462946625369691,0.3068674754308384,0.4755647962425538,-0.3172211447210352,-0.8204930651240474],"T_pred":[-53.612089846838295,-20.56385811153897,957.1078179319483],"rotation_error":12.237825948314093,"translation_error":25.623079383422404,"ADD":0,"ADD_S":1}}
{"id_image":43,"data":{"GT_R":[0.8080094045275107,0.006851732614493738,0.58912993837232,-0.26582185189387464,-0.8881331210832527,0.37491205144495293,0.525793631006967,-0.45953660510435457,-0.7157980982560327],"GT_T":[-29.89195890987513,-25.72081423991556,972.3805085620484],"R_pred":[0.8974329826487126,0.05494664039130369,0.43771555645640925,-0.19731038412762192,-0.8374436780256113,0.509663318721631,0.3945664126223183,-0.5437544968500446,-0.7407080350487021],"T_pred":[-49.021341355338386,-19.09516159796259,844.8800022672468],"rotation_error":11.733956408265076,"translation_error":129.097682593869,"ADD":0,"ADD_S":0}}
{"id_image":44,"data":{"GT_R":[0.8113608265544968,0.006000401020248814,0.584514112915778,-0.2640761510428015,-0.8883278506664107,0.375683340824844,0.5214934660892298,-0.4591711147158942,-0.7191700516822028],"GT_T":[-25.25469192734027,-25.64480271908743,972.3733692351365],"R_pred":[0.856384037078113,-0.0036195709123144626,0.5163267180228077,-0.2923245847627796,-0.8276820319749008,0.47904988371689194,0.4256203921113998,-0.5611856668272186,-0.7098717695236431],"T_pred":[-45.497719414939574,-14.826899220803805,851.322088240788],"rotation_error":8.272081066038151,"translation_error":123.20803475558961,"ADD":0,"ADD_S":0}}
{"id_image":45,"data":{"GT_R":[0.8141439347993193,0.005349836683508382,0.5806385233818019,-0.2623777341746266,-0.8886619661548828,0.3760818902006901,0.5180029326488297,-0.45853202894266154,-0.7220953613919402],"GT_T":[-21.246985899133875,-26.151337679572677,972.3259769630243],"R_pred":[0.8201712393556565,0.03269458649506388,0.5711831598950757,-0.12268653334665319,-0.9650894735356226,0.23140942635535716,0.5588086905813002,-0.2598718378059687,-0.7875274441225277],"T_pred":[-41.25773806123785,-14.790882976444244,918.7785483981617],"rotation_error":12.350517717982717,"translation_error":58.28222060855312,"ADD":0,"ADD_S":0}}
{"id_image":46,"data":{"GT_R":[0.8151929376734757,0.008046083049704155,0.5791337053587803,-0.2591164579183667,-0.8891922553199566,0.3770884216952942,0.5179950524964672,-0.457463662095765,-0.7227782701157353],"GT_T":[-17.803723231149128,-26.779399278596927,972.0378933781274],"R_pred":[0.7695930168700353,0.08005512638547059,0.6334964602302713,-0.19978832739284874,-0.9121074558340594,0.35797292250879437,0.6064744121745329,-0.4020586595900227,-0.68595744884521],"T_pred":[-41.306117703632694,-14.840726186260659,857.7168649434167],"rotation_error":6.6465884491288545,"translation_error":117.32089329491073,"ADD":0,"ADD_S":0}}
{"id_image":47,"data":{"GT_R":[0.8180938787464989,0.005531612598708953,0.5750574700182075,-0.25973968903291583,-0.8885978072130638,0.3780608791638168,0.5130849684032429,-0.4586556329806864,-0.7255195485062079],"GT_T":[-15.142276237166538,-26.634232623792304,971.4922343700853],"R_pred":[0.8357252136802849,0.056695119823107196,0.5462133563062024,-0.22053898280789602,-0.8762693348416473,0.4283860523852704,0.5029174129825904,-0.47847436316319036,-0.7198168930460566],"T_pred":[-38.85315090312243,-17.50306745340607,857.8469675505191],"rotation_error":3.7382341628301172,"translation_error":116.4509786360077,"ADD":0,"ADD_S":0}}
{"id_image":48,"data":{"GT_R":[0.8199034288395086,0.008172002531340037,0.5724435604202665,-0.2557786172972161,-0.8893275812910544,0.37904433865171777,0.5121864191957086,-0.45719898104036166,-0.727071821138135],"GT_T":[-13.228640091933489,-25.55243849006296,970.8937046146442],"R_pred":[0.8288284463841691,0.033263741762597665,0.5585131421447087,-0.252296787929916,-0.8687604060524718,0.4261474952123868,0.49938936438880166,-0.4941142381671424,-0.7116610024273167],"T_pred":[-35.12981526647919,-13.268105495919924,841.1120812069446],"rotation_error":2.9556374463513455,"translation_error":132.18863826167168,"ADD":0,"ADD_S":0}}
{"id_image":49,"data":{"GT_R":[0.8217029285202023,0.007756162794744239,0.5698628674516696,-0.25441613077629077,-0.8897540995474477,0.3789605749629006,0.509976723878883,-0.4563750638957137,-0.7291398644541213],"GT_T":[-11.102430654478322,-24.365453422037344,970.3536520475056],"R_pred":[0.8167392118594269,0.03326242286993528,0.5760474555416977,-0.13032040609129203,-0.9619069828400468,0.24031551785050964,0.5620975463097515,-0.2713458449808648,-0.7812923785908686],"T_pred":[-32.08611954864259,-11.367663901405148,910.1753177304349],"rotation_error":11.49373331262759,"translation_error":65.04375183833464,"ADD":0,"ADD_S":0}}
{"id_image":50,"data":{"GT_R":[0.822956186752621,0.007581793092127934,0.5680538830068403,-0.2538878764321807,-0.8895939725296367,0.3796883718428646,0.5082161987167518,-0.45668954084418306,-0.7301721493967558],"GT_T":[-9.367147053361343,-23.542033686994056,969.5148084344756],"R_pred":[0.8610365727880926,0.03816365491595397,0.5071090176330832,-0.19324444106454491,-0.8978256462277174,0.39568383208495284,0.4703962226878384,-0.43869424935738277,-0.765685803225955],"T_pred":[-30.849319608863727,-15.071461541334969,875.7355403448262],"rotation_error":4.641261963326399,"translation_error":96.58046103436006,"ADD":0,"ADD_S":0}}
{"id_image":51,"data":{"GT_R":[0.8256084524107103,0.008979499212211197,0.5641723227516081,-0.25056197928345353,-0.8900462953457237,0.38083842745983043,0.5055586459587923,-0.45578305757103976,-0.7325787968318656],"GT_T":[-7.302634101081619,-22.731711759893514,968.7498196285089],"R_pred":[0.8727378942167882,0.05241935709936699,0.48536664388824147,-0.143512356165802,-0.9227411334227901,0.35770519190719713,0.4666184432979327,-0.38183898660418863,-0.7977883282445917],"T_pred":[-29.63910428993216,-14.746540097334854,912.570528265894],"rotation_error":7.543402657447914,"translation_error":60.98191244117812,"ADD":0,"ADD_S":0}}
{"id_image":52,"data":{"GT_R":[0.8262448170197432,0.01025953382122275,0.5632176523327861,-0.24943091914389534,-0.8898112983753547,0.38212608477480564,0.5050773557540568,-0.45621322647402796,-0.7326430085884114],"GT_T":[-6.224557216689671,-22.19986387731471,967.6323857354289],"R_pred":[0.8948364039614403,0.03238161560044242,0.4452181949521654,-0.2143554857460683,-0.843681627899703,0.49219207274708743,0.3915603859890915,-0.5358663468772902,-0.7480158570568284],"T_pred":[-30.49116853033279,-14.35661758432664,877.8472840997784],"rotation_error":9.43037816114387,"translation_error":93.33675274394318,"ADD":0,"ADD_S":0}}
{"id_image":53,"data":{"GT_R":[0.8276206542868862,0.010772773163141038,0.5611842208801585,-0.24800945219712472,-0.8899019000410588,0.3828413581013955,0.5035226647155571,-0.4560264685424771,-0.73382939758017],"GT_T":[-5.806840818551093,-20.689229834207907,966.3220435811628],"R_pred":[0.8642973172008737,0.026942643267641855,0.5022591377497524,-0.22967480231812676,-0.8672405979964599,0.44175019000207794,0.44748143275392055,-0.49715977226691943,-0.7433656759495983],"T_pred":[-30.637910756132094,-11.769757791507947,843.6791646888992],"rotation_error":4.84965702722701,"translation_error":125.44885315836088,"ADD":0,"ADD_S":0}}
{"id_image":54,"data":{"GT_R":[0.8267392772850961,0.012044446247633853,0.5624566342294769,-0.24669864651027587,-0.8907594039217613,0.3816909104851252,0.5056098234396019,-0.45431697232245094,-0.7334543076031311],"GT_T":[-6.882772172368722,-20.384996840164,964.7452743188156],"R_pred":[0.8685474312234994,0.05122558344502001,0.49295161965022216,-0.17179594634327697,-0.9018564758736648,0.3964102038857625,0.4648779544515721,-0.42898815429502385,-0.7745047778674259],"T_pred":[-31.128960927764258,-13.74651085420408,877.234121856807],"rotation_error":5.444957880659692,"translation_error":91.05025519226722,"ADD":0,"ADD_S":0}}
{"id_image":55,"data":{"GT_R":[0.827029884069562,0.008621326630092335,0.5620914784860348,-0.24976232581239607,-0.890141955472092,0.38113897996727486,0.5036265038998409,-0.4556025794365849,-0.7340208301717099],"GT_T":[-7.769820051888155,-21.655084559599118,963.0368530552024],"R_pred":[0.9070686830118841,0.041237861582821306,0.41895804452374713,-0.19094659457288035,-0.846631372758719,0.4967441159004372,0.3751876894570317,-0.530579642874435,-0.7600785750480873],"T_pred":[-32.525929085938365,-17.028498601343532,858.3969559486692],"rotation_error":10.69399180701193,"translation_error":107.62796243821012,"ADD":0,"ADD_S":0}}
{"id_image":56,"data":{"GT_R":[0.826935726787917,0.010743328005557967,0.5621935184656048,-0.249042711903117,-0.8894086467466491,0.38331582779031814,0.5041369241959908,-0.4569879822421521,-0.7328081393372753],"GT_T":[-9.032435905434923,-23.10298485037181,961.4482631437269],"R_pred":[0.8103462630831476,0.03551219574713638,0.5848741897710954,-0.20858249812406296,-0.9152961630068036,0.3445667939040966,0.5475694251722822,-0.4012129334134681,-0.7342996028040983],"T_pred":[-33.891115343755104,-13.889386923683064,900.0550646468774],"rotation_error":4.094761004566554,"translation_error":66.87278334154637,"ADD":0,"ADD_S":0}}
{"id_image":57,"data":{"GT_R":[0.8266790265742087,0.009782276314150086,0.5625884708611254,-0.2509273174155829,-0.8885110826235195,0.3841675322939802,0.5036236059597418,-0.4587527493600795,-0.7320579339665947],"GT_T":[-10.876425610490871,-24.585897897297283,959.6881111666866],"R_pred":[0.8999372188432071,0.03563064233775126,0.434561226373631,0.14036171223831706,-0.9672757706413071,-0.21136738931962376,0.4128093892806736,0.2512131383046372,-0.8754886448520349],"T_pred":[-34.557615664605294,-14.217007528982874,943.5228229907686],"rotation_error":42.88823516551398,"translation_error":30.48982111557368,"ADD":0,"ADD_S":0}}
{"id_image":58,"data":{"GT_R":[0.826994537627023,0.008331315384458946,0.5621481171714289,-0.2535810772018493,-0.8868770717370369,0.3861953995109282,0.5017729252145752,-0.46193149369459746,-0.7313293396146499],"GT_T":[-12.82538556797838,-26.460221653566993,957.88167350021],"R_pred":[0.8819205882385207,0.016002277168466403,0.47112631338786926,-0.2379984674463444,-0.8475781685707382,0.474307893309256,0.40690638423869996,-0.5304292368334317,-0.743688119562287],"T_pred":[-38.03176084903362,-20.291535588065454,888.0874298178786],"rotation_error":7.558490194712137,"translation_error":74.46240993798658,"ADD":0,"ADD_S":0}}
{"id_image":59,"data":{"GT_R":[0.8264141327409087,0.00740205840366562,0.5630143367240009,-0.2565143709358648,-0.8851743844213427,0.38815987332834295,0.5012387665301498,-0.4652020638398597,-0.729621507222816],"GT_T":[-14.812951897087265,-28.575028382925073,956.2971949698102],"R_pred":[0.8967489913301885,0.03688770905670952,0.4409994823906685,-0.05038482721502413,-0.9815297235449211,0.18455560404480528,0.4396619334611562,-0.18771973449368165,-0.8783272087023261],"T_pred":[-39.081376127953156,-24.53670904734696,981.1210879381555],"rotation_error":18.95180155289659,"translation_error":34.949822600540394,"ADD":0,"ADD_S":1}}
{"id_image":60,"data":{"GT_R":[0.8255165810179196,0.009957825362278,0.5642895966368322,-0.25534312710628504,-0.8850697714549624,0.38916830328863405,0.5033113027312915,-0.4653527418617225,-0.728096874448228],"GT_T":[-16.57525232544965,-30.71879594605687,954.9242716539399],"R_pred":[0.875530243970486,0.05089376455099606,0.48047540688656437,-0.25650307052042964,-0.7937709304406092,0.5514833495229399,0.4094544745225937,-0.6060837687294367,-0.6819160495076717],"T_pred":[-41.64597303532545,-24.969810562700527,841.3720254064386],"rotation_error":11.233279512494574,"translation_error":116.42896760559115,"ADD":0,"ADD_S":0}}
{"id_image":61,"data":{"GT_R":[0.8253213228133691,0.009613659933457253,0.5645814766614389,-0.25654360289822725,-0.8843206172694389,0.39008125634498975,0.5030207562916994,-0.46678256520431793,-0.7273819309376433],"GT_T":[-19.05479605436885,-32.42272102960611,953.5775877923401],"R_pred":[0.8484759993172181,0.045853997620424844,0.5272436718300886,-0.14324989365625818,-0.9391526173086328,0.312204787551081,0.5094781119440941,-0.3404258690296185,-0.7902798751994828],"T_pred":[-46.309945989661664,-24.700955327189902,901.589133809864],"rotation_error":8.613259291182917,"translation_error":59.20530559879182,"ADD":0,"ADD_S":0}}
{"id_image":62,"data":{"GT_R":[0.82516469464856,0.010472639741170992,0.5647946013508607,-0.25761340674489674,-0.8828301874219541,0.3927429506932544,0.5027301989032569,-0.4695774475261086,-0.7257820106788185],"GT_T":[-21.61005774028167,-33.564452201761284,952.1828716605594],"R_pred":[0.8858986640209641,0.058587658173899756,0.4601641483161948,-0.23761532738156532,-0.7946540539268699,0.5586267902374025,0.3983999413644813,-0.6042287819090462,-0.690061639155147],"T_pred":[-47.6713552724969,-27.931082960148867,830.4983751297706],"rotation_error":11.687716712718911,"translation_error":124.5714364291692,"ADD":0,"ADD_S":0}}
{"id_image":63,"data":{"GT_R":[0.8247395891237633,0.010495068077659092,0.5654151301740398,-0.2580848330077129,-0.8826505221567419,0.3928375360384527,0.5031862022181726,-0.46991377087015623,-0.7252483288216202],"GT_T":[-24.798835440655296,-34.999971054210846,950.8410250769053],"R_pred":[0.911681512022213,0.048317669525867885,0.40804683977269046,-0.1966827054875436,-0.8205902190097429,0.5366074969916486,0.36076686932005114,-0.5694708906319366,-0.738613681652241],"T_pred":[-48.86213697722546,-31.516538121149868,855.0271434411763],"rotation_error":12.340294649503493,"translation_error":98.85077996629323,"ADD":0,"ADD_S":0}}
