{"id_image":1,"data":{"GT_R":[-0.9678578382622616,-0.015593136365323453,-0.25101661759561955,0.09687154381259386,-0.9441817459230439,-0.3148596694156995,-0.23209634217805344,-0.32905545986124557,0.9153437085502457],"GT_T":[-98.8732598456011,-33.526825136284806,912.6669312893868],"R_pred":[-0.9679359597242426,0.04615133698846904,-0.24692110474174986,0.02919214299482808,-0.9556507897290506,-0.2930518501521727,-0.24949508343869012,-0.2908635800240703,0.9236615078888493],"T_pred":[-58.05470305528079,-2.307378627394928,701.8501753719958],"rotation_error":4.220240532152885,"translation_error":216.9896610308861,"ADD":0,"ADD_S":0}}
{"id_image":2,"data":{"GT_R":[-0.96780712562407,-0.017486443052244106,-0.2510865135405066,0.09869091541201144,-0.9440623145755066,-0.31465340419654697,-0.23154002454895498,-0.3293036833217708,0.9153951179192419],"GT_T":[-98.16309617316476,-33.91433427091633,912.732528118195],"R_pred":[-0.8996340660728017,0.05121482955708462,-0.43363070508758567,0.2119221507046129,-0.8170759824881118,-0.5361677357710162,-0.3817689735979723,-0.5742507118624458,0.7242158315885017],"T_pred":[-52.26407212084433,-14.441787555207666,659.0138272159617],"rotation_error":19.940947004763217,"translation_error":258.57122746366787,"ADD":0,"ADD_S":0}}
{"id_image":3,"data":{"GT_R":[-0.9679593768039487,-0.01777910582893706,-0.25047861657896137,0.09882846807866545,-0.943961176483107,-0.31491317880116576,-0.23084371880814405,-0.3295776353197217,0.9154724795366135],"GT_T":[-97.65154242117165,-34.014109940668874,912.7431336642316],"R_pred":[-0.9634256114009284,0.046109216410479256,-0.2639792254302577,-0.046687569056542796,-0.9989011851046172,-0.004085742549597467,-0.26387755151270026,0.008388239302895107,0.9645197122138354],"T_pred":[-63.45364565490133,-2.5863922641092434,725.3645085347536],"rotation_error":20.066010787101856,"translation_error":193.0490785707289,"ADD":0,"ADD_S":0}}
{"id_image":4,"data":{"GT_R":[-0.9678432018851786,-0.01728881776466645,-0.2509616732508978,0.09857957147662808,-0.943908168076258,-0.31514995549493047,-0.23143617403013778,-0.3297560538828584,0.9152587870586684],"GT_T":[-97.66021218600542,-34.38958252193585,912.6333212692664],"R_pred":[-0.9855080122826014,0.021063004193321386,-0.16831609424279087,0.03988292736065785,-0.9356725769135218,-0.3506083012667472,-0.1648736177559661,-0.35224022863148635,0.9212727671551448],"T_pred":[-59.08006055229192,-8.389756863513666,730.5456364818097],"rotation_error":5.490890952866305,"translation_error":187.93707453721015,"ADD":0,"ADD_S":0}}
{"id_image":5,"data":{"GT_R":[-0.9680762299211263,-0.015580094088332877,-0.2501729485936515,0.09686433126377994,-0.9437837868305162,-0.3160523248168454,-0.2311857545235123,-0.3301959070682816,0.9151630312089923],"GT_T":[-96.88124772986382,-35.03778112526828,912.5472712178898],"R_pred":[-0.9838463326690778,-0.14915071174314903,-0.09899726703358083,0.11890281654689622,-0.9578626825026061,0.26145975156059253,-0.13382269579866185,0.2454651638327192,0.9601241270969887],"T_pred":[-39.88533099059494,-3.1410649179814296,647.6165457615422],"rotation_error":34.86599329564711,"translation_error":272.8630138376847,"ADD":0,"ADD_S":0}}
{"id_image":6,"data":{"GT_R":[-0.9680631091700117,-0.017000475261714096,-0.2501322799969883,0.09824069607423058,-0.943633611521372,-0.31607716174831096,-0.23065904624623665,-0.3305561533933704,0.915166166072694],"GT_T":[-96.94917740092876,-35.59310469747467,912.6805217008739],"R_pred":[-0.9854199994213965,0.041586799432267334,-0.1649786739348918,-0.019133650082228157,-0.990603567605011,-0.13541962665269405,-0.1690601318314458,-0.13028856419964327,0.9769562742845397],"T_pred":[-70.32222817610568,-11.676296903038688,797.5071267084678],"rotation_error":13.302374189963711,"translation_error":120.60646348423492,"ADD":0,"ADD_S":0}}
{"id_image":7,"data":{"GT_R":[-0.9677440611183395,-0.019406840126968767,-0.2511887601974306,0.10038566125666236,-0.9441654730431703,-0.3138051805358812,-0.2310738017531208,-0.3288985317165441,0.9156580271563429],"GT_T":[-97.08217445487087,-34.85666137982783,912.8668518813597],"R_pred":[-0.9984220960884714,0.044336849920381595,-0.03446101828792445,-0.03926787413851587,-0.9899378366236962,-0.1359452598711621,-0.04014165047609255,-0.13437754038504232,0.9901168236814899],"T_pred":[-71.39601702787186,-13.058064551778315,809.4456826657655],"rotation_error":17.495890318597944,"translation_error":108.76992115910076,"ADD":0,"ADD_S":0}}
{"id_image":8,"data":{"GT_R":[-0.9678427960869165,-0.0189535811996737,-0.25084319043092473,0.0996617556858431,-0.9444540030113252,-0.3131680157326741,-0.23097380899561054,-0.32809691857694606,0.9159709091058501],"GT_T":[-96.93338098846556,-34.26729208017525,913.072541747445],"R_pred":[-0.9448914752543742,0.044986277940848994,-0.32427817501127204,0.006007520035210129,-0.9879647169360434,-0.15456269858057742,-0.32732859590118163,-0.14799308391446053,0.9332491829189296],"T_pred":[-64.12184789819267,-4.709935804132241,734.9164303312137],"rotation_error":12.030127155083036,"translation_error":183.54790668573594,"ADD":0,"ADD_S":0}}
{"id_image":9,"data":{"GT_R":[-0.9676248985201075,-0.020419664805817795,-0.2515663512854609,0.10141554211584909,-0.9441754096239899,-0.3134456403736869,-0.23112264368612556,-0.32881040980827786,0.9156772282286231],"GT_T":[-97.01023732537962,-33.72799956318545,913.2616222502779],"R_pred":[-0.9789638981045568,-0.20286366278862566,0.02181789467189418,0.19299137630916313,-0.9553749288519571,-0.22363603017271802,0.06621189378220557,-0.21472093433361508,0.9744285019849702],"T_pred":[-38.86882581651861,-9.331845803261633,693.0877575839271],"rotation_error":19.507413728206725,"translation_error":229.02429288753873,"ADD":0,"ADD_S":0}}
{"id_image":10,"data":{"GT_R":[-0.9677274550601674,-0.019037880071722853,-0.2512790793475837,0.09973023327635572,-0.944664060918919,-0.3125105735780205,-0.23142471993925734,-0.32748600247622883,0.9160757746832062],"GT_T":[-96.0963366939537,-32.53025121763356,913.4310061298106],"R_pred":[-0.9792320944101394,-0.09321314502913154,-0.18004392483755133,0.14215185130881003,-0.9488555929704143,-0.2818969933472885,-0.14455917973829857,-0.3016361604359486,0.9424002707294011],"T_pred":[-38.41508263690784,-0.766733208493297,648.8598533807536],"rotation_error":6.062574452138233,"translation_error":272.64251871796387,"ADD":0,"ADD_S":0}}
{"id_image":11,"data":{"GT_R":[-0.9677140617209361,-0.018473630464408152,-0.25137293611383854,0.09883151178297152,-0.9452561336994093,-0.3110048424741397,-0.23186666430185962,-0.32580803824376026,0.9165628141309907],"GT_T":[-96.22112639583088,-31.835548717922787,913.7035793202264],"R_pred":[-0.940464760596297,0.08284864327771979,-0.32963940356636806,0.0061155234027343505,-0.9655563837250155,-0.2601220294811289,-0.33983618766997187,-0.24665151966876633,0.9075650904453233],"T_pred":[-62.82002557981467,-1.3475529473644097,728.8849343619119],"rotation_error":8.766985624954408,"translation_error":190.2710775342768,"ADD":0,"ADD_S":0}}
{"id_image":12,"data":{"GT_R":[-0.9678842768471092,-0.017928223668036404,-0.2507584177776699,0.09813927660500968,-0.9452576443290833,-0.3112183926170975,-0.23145118382538699,-0.3258323346163209,0.9166589187627752],"GT_T":[-95.42233008839796,-31.39747830949266,913.7321887469988],"R_pred":[-0.9701966807162666,0.09329132485607938,-0.2236406256334835,-0.025560466514039974,-0.9571701011931497,-0.2883956655941279,-0.24096693399452776,-0.2740841587696977,0.9310278248434809],"T_pred":[-65.63087724970703,-3.922347727259847,752.260710029658],"rotation_error":7.257745260031783,"translation_error":166.479584039351,"ADD":0,"ADD_S":0}}
{"id_image":13,"data":{"GT_R":[-0.9683317187966693,-0.018560487184928736,-0.24897981942678155,0.09826491121973767,-0.9450799107654327,-0.3117190779629791,-0.2295205370274839,-0.32631380385279957,0.9169728151020994],"GT_T":[-93.35498751279793,-31.209604787043602,913.7981467553152],"R_pred":[-0.9483222523095777,-0.06527988102223288,-0.31052124389196445,0.030220256154343438,-0.9927414834920124,0.11640911936804729,-0.31586649377934284,0.10100932673670057,0.9434116143125144],"T_pred":[-41.23070843895463,8.032498328148575,626.6389901193311],"rotation_error":25.42218647854298,"translation_error":294.4779522574838,"ADD":0,"ADD_S":0}}
{"id_image":14,"data":{"GT_R":[-0.9686551206412964,-0.018444018472285526,-0.24772605656394192,0.09738588088939595,-0.9456070584543453,-0.31039309136478793,-0.22852678352359732,-0.3247888382897081,0.9177622132868817],"GT_T":[-91.88419945632474,-30.729240918727434,913.8792698914621],"R_pred":[-0.9667601121745747,-0.1064886977190039,-0.23245438857185363,0.05786904596450539,-0.9766808753247436,0.2067501905538435,-0.2490503142486708,0.18642592371503283,0.9503785119307124],"T_pred":[-34.073721348422175,7.947424300701954,602.2488232834911],"rotation_error":30.139471409342676,"translation_error":319.2984044191946,"ADD":0,"ADD_S":0}}
{"id_image":15,"data":{"GT_R":[-0.968503231410075,-0.01941308480284661,-0.2482433336897339,0.09880622023909126,-0.9450698996887538,-0.31157881551065203,-0.22855826968192358,-0.326293566580679,0.9172206484060037],"GT_T":[-91.25246368673751,-31.01108190984181,913.5780382867396],"R_pred":[-0.9874477620431005,-0.09469643141897202,-0.1264100593805117,0.07425142944529073,-0.9847000248201642,0.1576470308775245,-0.13940459985740633,0.14628208022748404,0.979371181188683],"T_pred":[-43.80159661921551,-1.207362694716481,689.2950601249075],"rotation_error":28.30794700382929,"translation_error":231.176773828286,"ADD":0,"ADD_S":0}}
{"id_image":16,"data":{"GT_R":[-0.9688552953046632,-0.015352297032984278,-0.24715184872654417,0.09468044585360964,-0.9452067709680938,-0.3124417330672282,-0.22881288027392907,-0.3261111393690499,0.9172219721652337],"GT_T":[-90.0841640385413,-31.068290342273627,913.6693951779439],"R_pred":[-0.9740847139984106,0.04487777901524126,-0.221686614177072,0.0005101787338831938,-0.9796800374617283,-0.20056610859426435,-0.22618291198119786,-0.19548148032395787,0.9542684534123823],"T_pred":[-57.43473422960382,-3.7562635148406045,748.335217338729],"rotation_error":8.632960499563197,"translation_error":170.72586927012645,"ADD":0,"ADD_S":0}}
{"id_image":17,"data":{"GT_R":[-0.9689215907301951,-0.013861865246518617,-0.24698271442218434,0.0932739772197079,-0.9452058729908335,-0.31286649300737396,-0.2291134448939505,-0.32618041378594964,0.9171223172388255],"GT_T":[-90.26331943388642,-31.109807627880883,913.8198671550169],"R_pred":[-0.9838252008916282,0.0450512028995029,-0.17337347896335017,0.007069355920903991,-0.957338950386132,-0.2888808721262842,-0.17899161515951237,-0.28543392088342756,0.941535702197056],"T_pred":[-47.82088470975379,1.0284789515635075,675.3159558051387],"rotation_error":6.016388268409781,"translation_error":244.37337305599667,"ADD":0,"ADD_S":0}}
{"id_image":18,"data":{"GT_R":[-0.9686915090356761,-0.01345047041020818,-0.2479055076388307,0.09321309154710879,-0.9451847581314273,-0.312948497212066,-0.23010671621518708,-0.3262585114436264,0.9168452050441629],"GT_T":[-90.27066281916728,-31.21511171640721,913.789501507552],"R_pred":[-0.9893451645826402,0.039613755929828076,-0.14009602299166263,-0.027023834137055,-0.9955157580424213,-0.09065366996297552,-0.14305893088333,-0.08590183834095264,0.9859792170548849],"T_pred":[-60.30133420217923,-4.3336383819124356,769.4258515831752],"rotation_error":15.814235067196586,"translation_error":149.87207106687418,"ADD":0,"ADD_S":0}}
{"id_image":19,"data":{"GT_R":[-0.9686677596443344,-0.011758765309893629,-0.24808166196082743,0.09194745003139182,-0.9448821794775343,-0.31423411134951584,-0.23071347885783583,-0.32719840627837044,0.9163582065677048],"GT_T":[-90.5794510134493,-31.67368813444021,913.9240720148609],"R_pred":[-0.9753994442276052,-0.01126774334029117,-0.22015667639319111,-0.016290836913823124,-0.9922777173641834,0.12296153973976172,-0.21984206338443554,0.12352315403414497,0.9676835730673174],"T_pred":[-46.90032972146255,5.245967081423301,668.6983942965268],"rotation_error":26.22800181805715,"translation_error":251.80659163436255,"ADD":0,"ADD_S":0}}
{"id_image":20,"data":{"GT_R":[-0.9683324605511222,-0.012111146811514286,-0.24937340761604548,0.0923842980998232,-0.9453081758674011,-0.3128225193592014,-0.23194681180683113,-0.3259540066304413,0.9164899949946894],"GT_T":[-91.39829633652424,-31.099215636377483,914.0624036908994],"R_pred":[-0.9947556767039192,-0.0006579420181959997,-0.1022776162101385,-0.004795471646996499,-0.9985795621909848,0.05306469095494699,-0.10216725070691951,0.05327687196863074,0.9933395329877034],"T_pred":[-55.54754338061582,-1.8007219151351959,740.8337856918156],"rotation_error":23.622751413733134,"translation_error":179.30932021429265,"ADD":0,"ADD_S":0}}
{"id_image":21,"data":{"GT_R":[-0.9681925901885184,-0.01214347511950459,-0.24991178087943083,0.09233779010280023,-0.9456578588886171,-0.3117782231687579,-0.2325448391477612,-0.3249374863534967,0.9166990737276125],"GT_T":[-91.7676000190208,-30.074870910385922,914.3123684212969],"R_pred":[-0.9706729989479532,-0.15287611731329384,-0.1855338833437139,0.1472040595515893,-0.988124560917299,0.044054704215636425,-0.19006549914416077,0.015451371046191178,0.9816498159567266],"T_pred":[-38.08276823086245,-0.0861084551619289,679.9473433899011],"rotation_error":21.458747409880118,"translation_error":242.2980643663616,"ADD":0,"ADD_S":0}}
{"id_image":22,"data":{"GT_R":[-0.9682605074525168,-0.011805897891752558,-0.24966631724658866,0.0917325089293465,-0.9459639474059257,-0.31102724163222983,-0.23250308356719981,-0.32405822225258357,0.9170213995043097],"GT_T":[-91.32489493937715,-29.033149502485028,914.6204164966373],"R_pred":[-0.9495180024638595,-0.005945686222298963,-0.31365620002223443,0.04944823738507998,-0.9901585896654679,-0.13092302750547874,-0.3097909534130246,-0.13982351778952468,0.9404674098853247],"T_pred":[-49.7539549273921,2.64959903075314,700.074111401491],"rotation_error":11.55891262909151,"translation_error":220.8213228791098,"ADD":0,"ADD_S":0}}
{"id_image":23,"data":{"GT_R":[-0.9679608607311743,-0.010995327947373673,-0.2508620751062611,0.09137990197026663,-0.945963931187485,-0.3111309364157348,-0.23388560915701156,-0.3240868795195312,0.9166600224486954],"GT_T":[-91.71253460017293,-29.274827105537256,914.6856324783959],"R_pred":[-0.94935019415345,-0.015686406437156134,-0.31382821019451895,0.009787244591593405,-0.9997447207820923,0.02036426064556573,-0.31406753844374163,0.01626130134474354,0.9492613714749294],"T_pred":[-51.16374184533506,3.026400437553448,703.9076966190122],"rotation_error":20.24438435512411,"translation_error":217.05969717984905,"ADD":0,"ADD_S":0}}
{"id_image":24,"data":{"GT_R":[-0.9677900862514422,-0.009950751129299445,-0.2515635026265592,0.09061840334033504,-0.9460155582558726,-0.31119780918661744,-0.2348858423053189,-0.32397007763594726,0.9164449998788675],"GT_T":[-91.59825827721816,-28.934588959640305,914.9399096101224],"R_pred":[-0.9816439110117485,-0.15256413149341597,-0.11445268784619216,0.17969641529118996,-0.9409317507399386,-0.28697846396719406,-0.06390954783953974,-0.30227739947130283,0.9510751513228658],"T_pred":[-35.49331757846058,-5.171936475585948,687.6018652610957],"rotation_error":11.39007663703522,"translation_error":235.36145485684162,"ADD":0,"ADD_S":0}}
{"id_image":25,"data":{"GT_R":[-0.9679924751837129,-0.00906170271938494,-0.25081888728600116,0.08917396790749813,-0.9465605449637126,-0.30995357758390474,-0.2346064755318965,-0.3223994127072836,0.9170706579029093],"GT_T":[-90.84752271849469,-28.200215556769077,915.2774703740151],"R_pred":[-0.9575851392133072,-0.03734538783409308,-0.28572018333564086,0.07470168668895777,-0.9898397750868578,-0.1209829643454956,-0.2782990462859257,-0.1371952683714706,0.9506456222866774],"T_pred":[-40.82802024768096,8.085112364971078,650.6048649436337],"rotation_error":11.27895855437564,"translation_error":271.79066156717437,"ADD":0,"ADD_S":0}}
{"id_image":26,"data":{"GT_R":[-0.9677474067693983,-0.008945604691747796,-0.2517635174038674,0.08926324440399132,-0.9467080147466862,-0.3094782059990978,-0.2355782539602331,-0.32197032844350126,0.9169715352019612],"GT_T":[-90.30297805531859,-27.343800364552134,915.5569581073167],"R_pred":[-0.9661418328230592,-0.24108852175850884,-0.09190366448405127,0.20542304903964445,-0.9342905505262349,0.2913804010578627,-0.1561131954466242,0.2626356637505312,0.9521823241027754],"T_pred":[-28.022643479263163,-1.2589876324710225,645.7363817028619],"rotation_error":36.95207708449821,"translation_error":278.14097321575156,"ADD":0,"ADD_S":0}}
{"id_image":27,"data":{"GT_R":[-0.9677825941730219,-0.007925963530119247,-0.2516649603852464,0.08828249524360192,-0.9467358651400526,-0.3096749922109203,-0.2358055079721403,-0.3219152742363886,0.9169326615745776],"GT_T":[-89.6470523350548,-27.62455590256941,915.7425247627114],"R_pred":[-0.9787180180505353,0.030824815503748482,-0.20288142323138436,0.034147050996725214,-0.9504070046147964,-0.30912862126848967,-0.2023487584628561,-0.30947755383596104,0.9291278833509679],"T_pred":[-48.625546055299964,2.6000615898935493,695.6046452330471],"rotation_error":3.7064538767858886,"translation_error":225.95791086802566,"ADD":0,"ADD_S":0}}
{"id_image":28,"data":{"GT_R":[-0.9677127447428698,-0.007608973739764326,-0.2519435935878295,0.08807652193082122,-0.9467438746680832,-0.30970721093109493,-0.23616969269618285,-0.3218977427157797,0.9168456836277594],"GT_T":[-88.83366447721195,-27.511169776271178,915.9646132968015],"R_pred":[-0.9596206221156514,-0.0035136209876338517,-0.281275516314388,0.10050704738741797,-0.9382002554776814,-0.3311776170683593,-0.26272912863980963,-0.3460750425690486,0.900669456501661],"T_pred":[-43.33250615989063,0.5473677459927128,677.0864211122745],"rotation_error":2.285172896855806,"translation_error":244.78649398497066,"ADD":0,"ADD_S":0}}
{"id_image":29,"data":{"GT_R":[-0.9677911250259816,-0.005503862500199265,-0.2516947224089169,0.0858672830425819,-0.9470283750281799,-0.30945936203920027,-0.23665896189716126,-0.3211052415031505,0.9169974172361062],"GT_T":[-87.18156883422269,-26.634564312549916,916.1741358675717],"R_pred":[-0.9661303875812952,-0.0616569595964637,-0.2505803135231022,0.060197287814913146,-0.9980952981388622,0.013493049055873589,-0.2509349731140414,-0.0020482105398967783,0.9680017789765885],"T_pred":[-35.58669945551695,9.547223201639687,645.2207240653121],"rotation_error":18.885169837954987,"translation_error":278.1850169603183,"ADD":0,"ADD_S":0}}
{"id_image":30,"data":{"GT_R":[-0.9675840292192918,-0.004352950686416008,-0.2525113191047302,0.08521814101103972,-0.9468380335054212,-0.3102198684318571,-0.2377371908879827,-0.32168286595764184,0.9165159079264219],"GT_T":[-86.24423053930012,-26.755072206164684,916.1224070195581],"R_pred":[-0.9647403276067535,0.049082537747268784,-0.2585865518109977,0.06850727996265774,-0.901769224981088,-0.4267540479821204,-0.25413156608601756,-0.4294219013572734,0.866610626379213],"T_pred":[-49.48241495758527,-4.613434003349721,731.0033627163779],"rotation_error":7.3823959449419965,"translation_error":190.02827103063154,"ADD":0,"ADD_S":0}}
{"id_image":31,"data":{"GT_R":[-0.9675588606960869,-0.004130262924304293,-0.25261286522593784,0.08504490793934583,-0.9468417239406037,-0.3102568561654153,-0.23790387787880563,-0.32167493474580183,0.9164752014662392],"GT_T":[-85.28121931002283,-27.31234293848685,916.0519850850656],"R_pred":[-0.8900440398894309,-0.002701452046403152,-0.45586654759275974,0.20510390894030414,-0.8954296532638711,-0.3951431672105071,-0.40712896432789986,-0.4451948317451409,0.7975259044022999],"T_pred":[-40.47852811449842,-4.090858013422686,659.2381513383882],"rotation_error":14.626350902330428,"translation_error":261.7247861860862,"ADD":0,"ADD_S":0}}
{"id_image":32,"data":{"GT_R":[-0.9676237356073132,-0.0037665002104980668,-0.25237051794497134,0.08463500587132138,-0.9468408309206334,-0.31037051871360005,-0.23778580741153607,-0.3216814480658074,0.9165031893342397],"GT_T":[-83.5859666045636,-27.097816153180133,915.9545918357517],"R_pred":[-0.979787001225384,-0.012653205551779179,-0.1996430029303152,0.09768694014418909,-0.9011760821937679,-0.4223019424619747,-0.17457002593525336,-0.4332684678939327,0.8841966640820408],"T_pred":[-40.143064745386425,-4.389591834226572,705.3312026782888],"rotation_error":7.615660457381178,"translation_error":216.2525404101465,"ADD":0,"ADD_S":0}}
{"id_image":33,"data":{"GT_R":[-0.9674889141383789,-0.0030941359820983614,-0.2528972122987986,0.08455732190076246,-0.9463438736095994,-0.311904833499653,-0.23836300760291193,-0.3231485809104861,0.9158373899270996],"GT_T":[-80.45437481283861,-28.12160518083988,915.7132206995541],"R_pred":[-0.8878316609921371,0.03082828840736028,-0.45913457545017855,0.1702974802056566,-0.904902464693073,-0.3900644788083195,-0.42749702920084376,-0.42450105538888183,0.7981510784295033],"T_pred":[-43.18829433157875,-6.479272066875896,701.5136802420292],"rotation_error":14.367222092571431,"translation_error":218.49163478098276,"ADD":0,"ADD_S":0}}
{"id_image":34,"data":{"GT_R":[-0.9674862286916233,-0.0048653640383475825,-0.2528774873825174,0.08592090872243838,-0.9466783604106369,-0.3105113214413131,-0.23788317632106568,-0.32214362760388576,0.916315931155307],"GT_T":[-78.78667794675778,-27.182994780359945,915.7658426275827],"R_pred":[-0.9666319118238685,0.10138920885693897,-0.2352508775139787,-0.010479715577186834,-0.9332235919960155,-0.35914329021085134,-0.2559549229945661,-0.3446940029495995,0.9031462349616624],"T_pred":[-47.0350526563081,-0.08973946656873188,727.9150484849221],"rotation_error":6.3381706323423534,"translation_error":192.43214661826042,"ADD":0,"ADD_S":0}}
{"id_image":35,"data":{"GT_R":[-0.9674546669883494,-0.002210918693951365,-0.253035969747625,0.08346191878327154,-0.9467923170071192,-0.31083474100286784,-0.23888475320648703,-0.32183747873879187,0.9161633242560661],"GT_T":[-77.74037030785914,-26.29896587667223,916.0012579166731],"R_pred":[-0.9605303759111854,0.07773046864304503,0.26709431142659973,0.17501611085461163,-0.577448759235168,0.797447359641432,0.21621923571514895,0.8127182197430409,0.5410529894607912],"T_pred":[-43.28873017709031,-26.028185321308616,628.474100059525],"rotation_error":79.70454309815793,"translation_error":289.5839348707358,"ADD":0,"ADD_S":0}}
{"id_image":36,"data":{"GT_R":[-0.9671237962412221,-0.001302297868914554,-0.2543051006535114,0.08294817610966948,-0.946914178676257,-0.3106032707598092,-0.24040044506199812,-0.3214857603141019,0.9158896568931097],"GT_T":[-77.52256960588635,-26.032211308761187,916.3550177361526],"R_pred":[-0.9207197036778687,0.002118377417844347,-0.3902188357017803,0.19021637925107832,-0.8706996213437889,-0.45354150687273653,-0.3407241645729686,-0.4918106158562442,0.8012673472737764],"T_pred":[-35.98602319690176,-6.188750963735989,683.8472656056657],"rotation_error":13.504638417079452,"translation_error":237.02089023295446,"ADD":0,"ADD_S":0}}
{"id_image":37,"data":{"GT_R":[-0.9667870316696368,-0.0005544153116870646,-0.255585526550068,0.08258594143183715,-0.9470318988703009,-0.31033797745185177,-0.2418761218036714,-0.3211391097860675,0.9156225057381389],"GT_T":[-78.07524675299683,-25.849615916567647,916.8236305720455],"R_pred":[-0.9647387683270046,0.04291757665514966,-0.2596867160656155,0.016687336794279646,-0.9746590485414436,-0.22307234675549167,-0.26267973214088775,-0.21954002074869491,0.9395751899726039],"T_pred":[-38.59889263335876,6.826025193914287,688.2672241008559],"rotation_error":6.531357508600721,"translation_error":234.23089248769847,"ADD":0,"ADD_S":0}}
{"id_image":38,"data":{"GT_R":[-0.9663613869233938,-0.0008278665136066306,-0.25718858643001374,0.0830901661230648,-0.9473757044677916,-0.30915376932477595,-0.24339855218520934,-0.3201243562794221,0.9155751337050374],"GT_T":[-79.07199285834457,-25.373676085395452,917.4781910488367],"R_pred":[-0.9401182152947104,0.04072235786940813,-0.3384071967920368,0.04851385400053691,-0.9667425307520193,-0.2511081145745703,-0.3373783443570483,-0.2524887498577645,0.9068766641358458],"T_pred":[-44.36089856878697,2.74288302484797,725.4485777444308],"rotation_error":6.714042360399441,"translation_error":197.1567228090841,"ADD":0,"ADD_S":0}}
{"id_image":39,"data":{"GT_R":[-0.9657633509800907,-0.000493152252579118,-0.2594262008998834,0.08373225609666615,-0.9470725578724764,-0.30990770288557945,-0.24554327218363706,-0.32101941422570374,0.914687973860503],"GT_T":[-80.09195599438462,-25.338973407975928,918.1358929331228],"R_pred":[-0.9354270707875697,0.2055586992472834,-0.2876140059203512,-0.11400680828845802,-0.9455136438860984,-0.30496950157206054,-0.3346321008236743,-0.25248677270106085,0.907894149507164],"T_pred":[-61.07992600916614,0.6642383322440386,772.619410224812],"rotation_error":12.576740950038182,"translation_error":149.03915943390075,"ADD":0,"ADD_S":0}}
{"id_image":40,"data":{"GT_R":[-0.9652660316724994,0.0008141548197374091,-0.2612674874924633,0.08298126820750555,-0.9472622361300694,-0.3095304670685984,-0.24774105517126685,-0.3204598088151321,0.9142915817970604],"GT_T":[-80.80764530548541,-25.437315182794546,918.8168042929677],"R_pred":[-0.943943652508394,0.016408191105909,-0.32969857772478245,0.09481577154194043,-0.943201764251781,-0.3184028915999888,-0.3161966956753644,-0.33181501348938336,0.8887735631008724],"T_pred":[-48.226500327602785,-5.934102568760888,775.1475546801697],"rotation_error":4.266028612466463,"translation_error":148.60269040176382,"ADD":0,"ADD_S":0}}
{"id_image":41,"data":{"GT_R":[-0.9650038514931071,0.00391027834818355,-0.2622076576839943,0.08030366161425928,-0.9474470818475083,-0.3096705238368519,-0.24963898085768463,-0.31988945232256055,0.9139752126495272],"GT_T":[-81.2524855723494,-24.8520382374993,919.4058557214775],"R_pred":[-0.9710922350776106,0.0014351565194162877,-0.2387002540797466,0.08206951899720916,-0.9370141569911018,-0.3395129800903371,-0.22415277161689867,-0.3492884337106222,0.9098093894066182],"T_pred":[-33.48435122664844,4.635094844571107,664.9634459221944],"rotation_error":2.2663731264929776,"translation_error":260.5613662474446,"ADD":0,"ADD_S":0}}
{"id_image":42,"data":{"GT_R":[-0.9648021004452558,0.004896747741335925,-0.26293393673120924,0.07931467261010133,-0.9478508015702198,-0.3086876313434568,-0.2507331520227735,-0.31867702493731737,0.9140994347534327],"GT_T":[-81.31911675672431,-23.81441084757154,920.1650583614114],"R_pred":[-0.9989574877616992,0.0036698461800760696,-0.04550241613199293,-0.021255920216748644,-0.9195100905290108,0.3924912473814792,-0.04039954827190132,0.3930492661796291,0.9186294959640048],"T_pred":[-44.99477165731928,2.0174038209904515,721.6751355339728],"rotation_error":43.569151880182055,"translation_error":203.4330114804727,"ADD":0,"ADD_S":0}}
{"id_image":43,"data":{"GT_R":[-0.9646301265033516,0.005328005541469399,-0.263556443513644,0.07878940375177422,-0.9482668838958478,-0.30754297439588707,-0.25156050578121575,-0.3174302677331081,0.9143052508038589],"GT_T":[-81.27962507082606,-23.218729833718037,920.7559553011349],"R_pred":[-0.9760002133642836,0.016521795981051874,-0.21714192080396047,0.07439172002440982,-0.9118387775633469,-0.4037522950072123,-0.20466913666863104,-0.41021588705136924,0.8887257566347317],"T_pred":[-38.02758682266736,0.676685295442155,701.0157125909332],"rotation_error":6.341194586577395,"translation_error":225.2276713531298,"ADD":0,"ADD_S":0}}
{"id_image":44,"data":{"GT_R":[-0.9640837434415279,0.005403411584680211,-0.26554285123001037,0.07907950581729604,-0.9486087896912908,-0.306410438907231,-0.25355240655582506,-0.31640539216105973,0.9141109582724393],"GT_T":[-81.39193805032667,-22.47369293892331,921.1363384755577],"R_pred":[-0.9145378451619209,0.04038928964326088,-0.4024788628595334,0.12858229447226083,-0.9143653045636214,-0.38393057101320377,-0.38351939105453203,-0.4028706927692664,0.8310283277920031],"T_pred":[-36.41979200943485,4.254258912983031,647.9945345169601],"rotation_error":10.209406607566237,"translation_error":278.10667449645666,"ADD":0,"ADD_S":0}}
{"id_image":45,"data":{"GT_R":[-0.9635572844633955,0.005592968498717127,-0.26744435798800564,0.07970141333781719,-0.9483719349012563,-0.3069837713572135,-0.2553531020438536,-0.3171118113716915,0.913363922544445],"GT_T":[-81.44458865981696,-22.8001423551659,921.5028673538753],"R_pred":[-0.9481159456529086,0.04755048005062232,-0.3143487004039404,0.014763398488452779,-0.9811002580305735,-0.19293606650238618,-0.3175817936591487,-0.18756661627085294,0.9294947922376652],"T_pred":[-45.41069649897341,6.380597846467448,717.2506076562692],"rotation_error":8.448681775873403,"translation_error":209.44914078256056,"ADD":0,"ADD_S":0}}
{"id_image":46,"data":{"GT_R":[-0.9635731250757993,0.008671885519843957,-0.2673075768393464,0.07681369662600165,-0.9483914404752805,-0.30765995961310294,-0.25618021003617253,-0.3169853610811711,0.9131768175928167],"GT_T":[-80.62483922553233,-24.182176597413324,921.6519897543867],"R_pred":[-0.9608448437863815,0.03733685401782382,-0.27455991240743033,0.11872773649337179,-0.8398315011805008,-0.5297044215523096,-0.2503615600612134,-0.541561639111337,0.8025148473933404],"T_pred":[-31.748761217335034,0.49858027068829525,640.2078428048976],"rotation_error":14.444377694173784,"translation_error":286.72080254695743,"ADD":0,"ADD_S":0}}
{"id_image":47,"data":{"GT_R":[-0.9629756400167375,0.008128036503201125,-0.2694687379274629,0.07814820410204837,-0.9482132490658366,-0.3078714996618813,-0.2580160557215054,-0.3175311419022027,0.9124695931470188],"GT_T":[-80.4113420588918,-24.044626531935513,921.7780661305898],"R_pred":[-0.9589664399335686,0.05823466478812202,-0.27747448693195653,-0.011267207670896867,-0.9857328974152222,-0.16793958730654313,-0.28329563553369175,-0.15792206549563048,0.9459409094214903],"T_pred":[-44.65559423704451,7.102007428938297,721.3966982819708],"rotation_error":9.836931512054814,"translation_error":205.9157082164344,"ADD":0,"ADD_S":0}}
{"id_image":48,"data":{"GT_R":[-0.962544020072784,0.006741277348774882,-0.2710419921764063,0.07983471881172469,-0.9483223587048717,-0.3071012038381664,-0.25910569421774804,-0.3172372523231562,0.9122634163336822],"GT_T":[-79.84918421816873,-24.12405784880314,921.7256474975628],"R_pred":[-0.9485185762097129,-0.007432306986987252,-0.31663428651671693,-0.002116481605634511,-0.9995535644279582,0.02980255601415488,-0.31671443145318184,0.028938428641082238,0.9480793934355249],"T_pred":[-33.08012903916458,14.605383746577314,637.1901389264115],"rotation_error":20.35426143294614,"translation_error":290.94289784504184,"ADD":0,"ADD_S":0}}
{"id_image":49,"data":{"GT_R":[-0.9623539746765323,0.008512386536921487,-0.2716669159380239,0.0782200095289069,-0.9485521075637798,-0.306807611862853,-0.26030266892041604,-0.3165068263123275,0.9121759218195263],"GT_T":[-79.52817197378462,-24.066142887861915,921.7974681346652],"R_pred":[-0.9575931940009221,-0.042419376761122965,-0.2849839842487824,-0.01739769953284565,-0.9787850900951364,0.2041496202749852,-0.28759797435670015,0.20045035266283204,0.9365399410934211],"T_pred":[-27.875017821158536,15.773538858092099,605.2393194937309],"rotation_error":30.188915552366254,"translation_error":323.20939040583227,"ADD":0,"ADD_S":0}}
{"id_image":50,"data":{"GT_R":[-0.9620252498809232,0.01100585881184728,-0.27273890592232447,0.07655407428931996,-0.9482071766412713,-0.30829067348762507,-0.2620056422955939,-0.31746298086310776,0.9113562562553269],"GT_T":[-79.57814956683362,-24.742887161266598,921.5976117167609],"R_pred":[-0.9291902123928192,0.044693985068953265,-0.3668896249446743,0.11708874755774508,-0.9059370943867338,-0.4069007326234259,-0.3505649360514343,-0.4210468248458576,0.8365547184126547],"T_pred":[-36.094611192970355,1.8916397835309222,661.8305329891099],"rotation_error":8.921969753054706,"translation_error":264.7246707917152,"ADD":0,"ADD_S":0}}
{"id_image":51,"data":{"GT_R":[-0.9615849774143289,0.010234263220992289,-0.2743183786252329,0.07833742647896505,-0.9475201374209747,-0.30995130329821474,-0.2630943012455129,-0.3195347421635637,0.9103183792690352],"GT_T":[-79.72475633540424,-26.770412574620956,921.3438991049101],"R_pred":[-0.9475667049872654,0.050124031941918154,-0.31560247309148626,0.1372321313484101,-0.8280868786577147,-0.543543432966029,-0.28859085523479333,-0.5583544598342606,0.7777889273177153],"T_pred":[-34.12412853494125,-5.672627572003861,657.1907257784154],"rotation_error":15.795193415627981,"translation_error":268.8892574393223,"ADD":0,"ADD_S":0}}
{"id_image":52,"data":{"GT_R":[-0.9607939456284319,0.0082242037075127,-0.27714319597458054,0.08116978174137485,-0.947425294943844,-0.3095118460004747,-0.26511811541606367,-0.3198725017156404,0.909611859134629],"GT_T":[-80.54289270077763,-27.825783821268885,920.959633537163],"R_pred":[-0.8157075401652876,0.02775922538847795,-0.5777980913115995,0.06869524085722262,-0.9871312044628431,-0.1444055021780854,-0.5743711106950488,-0.15748463601751295,0.8033034399387116],"T_pred":[-41.85976120847172,7.953454981408407,659.4754962509264],"rotation_error":21.335043236474544,"translation_error":266.74049681980694,"ADD":0,"ADD_S":0}}
{"id_image":53,"data":{"GT_R":[-0.960338826705307,0.009013980981711339,-0.27869081742401514,0.08115233765845989,-0.9471758236378479,-0.3102780469840483,-0.26676564555689575,-0.3205887591705411,0.9088780750228238],"GT_T":[-80.76375257219725,-28.037125114739,920.7463180316842],"R_pred":[-0.9527248527122685,0.031778895241583394,-0.30216792821477717,0.08447334665834026,-0.9276008125755699,-0.3638969444959412,-0.29185545862417267,-0.37221879899645943,0.8810638779026793],"T_pred":[-38.345079435126614,-0.8610925181719684,689.766473110468],"rotation_error":3.7280248260304907,"translation_error":236.40974882231137,"ADD":0,"ADD_S":0}}
{"id_image":54,"data":{"GT_R":[-0.9602398517765272,0.009566892298045013,-0.2790128141474109,0.08056525467143875,-0.947397138560157,-0.3097543833449654,-0.26729977033072355,-0.3199170248982021,0.9089571147445564],"GT_T":[-80.50431789705287,-28.097853892781615,920.7068116619372],"R_pred":[-0.9012208922302084,-0.0016511314866428095,-0.4333568704573644,0.157680760555809,-0.9326977221479299,-0.324363587430224,-0.4036553990204128,-0.36065528259666013,0.8408270250038314],"T_pred":[-32.9484149729436,1.2258706198836662,642.6411830213766],"rotation_error":9.828068466406604,"translation_error":283.62288087087074,"ADD":0,"ADD_S":0}}
{"id_image":55,"data":{"GT_R":[-0.9600449334269778,0.01204007209549503,-0.2795873404413311,0.07882457649713676,-0.9469880931660406,-0.3114478868751123,-0.26851575851656256,-0.3210426492215472,0.9082016110515112],"GT_T":[-80.19337501462373,-29.082962330807977,920.5306011164768],"R_pred":[-0.9515514154143436,0.04854701516846605,-0.3036331522432819,0.06387930054475775,-0.9347047594913939,-0.3496375945833744,-0.3007812141488757,-0.35209402139537715,0.8863184875160621],"T_pred":[-39.25625171392703,0.08847052723530122,691.9051070440433],"rotation_error":3.216339743761037,"translation_error":234.0863881112955,"ADD":0,"ADD_S":0}}
{"id_image":56,"data":{"GT_R":[-0.9595628641085875,0.012297731888836826,-0.2812278492315209,0.07950831205237234,-0.9465261896729126,-0.31267636394768666,-0.27003463508020026,-0.3223925391324645,0.9072729204588088],"GT_T":[-80.29525093029856,-29.485954267320274,920.4695554823046],"R_pred":[-0.9383251514261878,0.058036082019549226,-0.3408485343739092,0.14476383533969184,-0.8293003334746302,-0.539726216591903,-0.31398939819485056,-0.5557812250181606,0.7697518351641313],"T_pred":[-36.94748795740701,-8.046047398404719,666.2104742984758],"rotation_error":15.791310365584843,"translation_error":258.8172686003517,"ADD":0,"ADD_S":0}}
{"id_image":57,"data":{"GT_R":[-0.9587502210691917,0.011962120876657305,-0.284000972297066,0.0807285403849272,-0.9465154908795638,-0.3123960167356104,-0.27254818563457783,-0.32243678830195405,0.906505301642238],"GT_T":[-81.81803346976527,-30.52507337602498,920.3435848600819],"R_pred":[-0.9119537123919409,0.039127885508161445,-0.4084231078553432,0.1417359669105398,-0.9041163340143223,-0.4030937487141627,-0.38503420904965246,-0.42549108468234964,0.8189664185528885],"T_pred":[-37.84962465376506,-2.9487548883847507,659.376978946876],"rotation_error":10.189623587149542,"translation_error":266.07751448967133,"ADD":0,"ADD_S":0}}
{"id_image":58,"data":{"GT_R":[-0.9584127932463534,0.01131731153166182,-0.2851614381869402,0.08145951275551624,-0.9467956651647716,-0.31135711693104257,-0.27351303059053217,-0.32163825020046516,0.9064982720484359],"GT_T":[-81.75155291581177,-30.323662323836842,920.3911064089136],"R_pred":[-0.9311659275551325,0.059810689511504804,-0.35965635929390716,0.1579286882750703,-0.8229386160943097,-0.5457385487213615,-0.32861610547887843,-0.5649731989757927,0.7568465760370157],"T_pred":[-40.884602814858326,-12.34801163063556,690.5247878977876],"rotation_error":16.734822482752136,"translation_error":234.1618158758089,"ADD":0,"ADD_S":0}}
{"id_image":59,"data":{"GT_R":[-0.9581642919968616,0.01072892197918433,-0.28601955239829296,0.08169519039704468,-0.9474754429196522,-0.3092194487007797,-0.2743134253716009,-0.31965000956683415,0.9069594899389531],"GT_T":[-81.22380785845738,-28.820270166122796,920.5109779748159],"R_pred":[-0.9372455394850129,0.046284238588796135,-0.34558438618332066,0.1444263083643698,-0.8505865049771639,-0.5056121428555418,-0.3173512882716676,-0.5237942027256395,0.7905237460211584],"T_pred":[-37.666738195426504,-6.522840812252304,673.385631201333],"rotation_error":13.725515790625973,"translation_error":251.92326349770704,"ADD":0,"ADD_S":0}}
{"id_image":60,"data":{"GT_R":[-0.9577726008462556,0.012463967251577892,-0.28725952878657507,0.08043486943459859,-0.9475584114280149,-0.30929678438546626,-0.2760508657704187,-0.3193416108913877,0.9065412541887463],"GT_T":[-81.60135905231752,-28.375926870758956,920.5120604483328],"R_pred":[-0.9146561722186202,0.0583490581132138,-0.399999342549063,0.13770134898216158,-0.8853698355019375,-0.44402544169424024,-0.3800558184147097,-0.46121105992871964,0.8017742407240037],"T_pred":[-37.768009467625866,-1.4901210266734062,656.1427930065469],"rotation_error":11.755081344154268,"translation_error":269.32381747518394,"ADD":0,"ADD_S":0}}
{"id_image":61,"data":{"GT_R":[-0.9575084308172965,0.0143328505571384,-0.28805033190008333,0.07877966557267145,-0.9477839578921924,-0.3090316745572482,-0.27743815047625014,-0.31859298004488096,0.906380541283006],"GT_T":[-81.30368976951883,-27.49942581805592,920.5312601968855],"R_pred":[-0.9352487699780041,0.04474499654029776,-0.3511518525356787,0.14217637241011333,-0.8609725744119933,-0.4883770113740873,-0.3241845421714784,-0.5066794957317627,0.7988618599120093],"T_pred":[-38.17476997277329,-5.886586388478695,676.8124763630384],"rotation_error":12.724822444051528,"translation_error":248.44730657524195,"ADD":0,"ADD_S":0}}
{"id_image":62,"data":{"GT_R":[-0.957434084993711,0.01651651918907714,-0.28818095098807844,0.07689805481860679,-0.9476891268504685,-0.309795718825446,-0.27822244249315914,-0.31876900747320397,0.9060783904983106],"GT_T":[-81.0082458416807,-27.377087500903823,920.6672684041638],"R_pred":[-0.9487750284443971,0.04177600422152718,-0.3131784010298545,0.13426552775194012,-0.8439565042033286,-0.519336294774773,-0.2860047437680473,-0.5347823711419253,0.7951157790271766],"T_pred":[-35.39354008082374,-5.732380775310168,668.7229383603312],"rotation_error":13.971115559913427,"translation_error":256.9535758694986,"ADD":0,"ADD_S":0}}
{"id_image":63,"data":{"GT_R":[-0.9570896846348206,0.014195070987770095,-0.2894455051829884,0.07890773700904143,-0.9482952029316751,-0.30742532746456325,-0.278843653636281,-0.3170735560655661,0.9064824514385715],"GT_T":[-80.47986237793748,-26.145807386529803,920.7622734917476],"R_pred":[-0.9240458264496766,0.05870896308383818,-0.37774669856208504,0.12552986708407557,-0.8867448022073673,-0.44488864699840514,-0.3610838726539702,-0.4585159903556666,0.8120231052731036],"T_pred":[-43.27540275111005,-6.053780304592539,717.2678658805231],"rotation_error":10.843366491400104,"translation_error":207.84088937797753,"ADD":0,"ADD_S":0}}
