{"id_image":1,"data":{"Best_template_id":125,"GT_R":[-0.707601933684708,0.054516040631329005,0.7045051808641555,-0.3876746209903924,-0.8635185286568371,-0.32255861892401155,0.5907683542046924,-0.5013615388070207,0.6321621884073516],"GT_T":[22.725683405991095,2.784820286844557,929.7828995989921],"R_pred":[-0.820429995146772,0.00797864876343067,0.5716913190064875,-0.19571674246195736,-0.9434134293812385,-0.26770516988510096,0.5372053422887263,-0.33152291387932853,0.7755662304338757],"T_pred":[26.27279175419723,22.481250547060075,837.0004550031202],"rotation_error":14.707087445341008,"translation_error":94.9163493177834,"ADD":0,"ADD_S":0}}
{"id_image":22,"data":{"Best_template_id":125,"GT_R":[-0.6780179102226205,0.06126466404190182,0.7324869914500018,-0.4048146103223436,-0.8628989268956829,-0.30253951176235694,0.6135280274354741,-0.5016490739386682,0.6098615044634214],"GT_T":[43.23815946427416,0.6090875279186143,927.6186085811012],"R_pred":[-0.7317818540095837,0.062048177252019686,0.6787085838870747,-0.11307237589261457,-0.9930991473924179,-0.031124287276211055,0.672093710692412,-0.09951938076653605,0.7337478701158525],"T_pred":[41.8434465406358,15.740236542862725,953.6247430537031],"rotation_error":24.563767167371314,"translation_error":30.120025313051514,"ADD":0,"ADD_S":1}}
{"id_image":32,"data":{"Best_template_id":167,"GT_R":[-0.6566340610517729,0.09442460068088164,0.7482755873273904,-0.41748179941974484,-0.8717775441991924,-0.2563435529385713,0.6281249041227636,-0.4807150527300685,0.6118590954920443],"GT_T":[46.93179364882686,21.924872177460575,935.6168991143498],"R_pred":[-0.7630507514549812,0.08658565578613521,0.6405126656952799,-0.3314210360197617,-0.9032047904409024,-0.27272917593868345,0.5548996734433859,-0.42038557389221914,0.7178874018087605],"T_pred":[42.55571697723697,36.636862802712756,862.3711567992822],"rotation_error":9.240304654391883,"translation_error":74.83669876790688,"ADD":0,"ADD_S":0}}
{"id_image":38,"data":{"Best_template_id":125,"GT_R":[-0.6653788601294149,0.08938390043727631,0.7411348111253971,-0.4179512045952629,-0.8672192346380655,-0.27064032926791487,0.6185363105087935,-0.48983699406372905,0.6143878561337405],"GT_T":[38.028103550934034,2.319117175118894,942.2282647386884],"R_pred":[-0.6412309320474303,0.053969150283979944,0.7654477268913985,-0.503494069009292,-0.7823549008802313,-0.3666258740748526,0.5790652936051773,-0.620490241572185,0.528843309360761],"T_pred":[30.186037972166698,32.58296675031617,737.8315540365155],"rotation_error":9.258459302819983,"translation_error":206.77382312449416,"ADD":0,"ADD_S":0}}
{"id_image":43,"data":{"Best_template_id":125,"GT_R":[-0.662675515664836,0.08678502120801115,0.7438613154684842,-0.4289779625114114,-0.8581549357647835,-0.2820404256012973,0.613871754715061,-0.5060009248119499,0.605907839926043],"GT_T":[34.16289453822817,-23.696492673009434,940.5794348263433],"R_pred":[-0.6387724929829046,0.11868585831568532,0.7601864042748161,-0.37425670487383356,-0.9111927565814303,-0.1722198571899145,0.6722362836573055,-0.3945141662721421,0.6264638469578359],"T_pred":[28.81465378274168,3.862590060073374,886.946899559868],"rotation_error":7.6910010786926115,"translation_error":60.535572677371015,"ADD":0,"ADD_S":0}}
{"id_image":50,"data":{"Best_template_id":125,"GT_R":[-0.66013748891546,0.08365926908716204,0.7464718086800823,-0.4288875538952368,-0.8578369145661676,-0.2831436162970188,0.6166639729845322,-0.5070661992710681,0.6021711067099267],"GT_T":[27.316578079494008,-24.875804459934837,940.536805847169],"R_pred":[-0.6716024129497118,0.02932332177487583,0.7403312378389905,-0.2475303161166441,-0.9506832908070864,-0.18689575485655935,0.698340133118038,-0.3087740652650348,0.6457396031655372],"T_pred":[27.169791722275303,-3.057329362675775,871.4493546319235],"rotation_error":12.953124954260751,"translation_error":72.45097181696953,"ADD":0,"ADD_S":0}}
{"id_image":56,"data":{"Best_template_id":167,"GT_R":[-0.6603325790829091,0.08096911575487538,0.7465952121741596,-0.420445372458702,-0.8636115293992486,-0.27820748207846835,0.6222423954847972,-0.49761201751160317,0.6043143946129517],"GT_T":[18.288458577659075,-16.124624318280787,939.3282021682138],"R_pred":[-0.7397179527089228,0.065865766269117,0.6696857854799532,-0.37197528076566516,-0.8693491797895299,-0.32537116359409646,0.560759967311705,-0.4897894490830257,0.6675736323638928],"T_pred":[13.90872231761561,5.02387732359763,806.8900486677732],"rotation_error":6.396049086564791,"translation_error":134.1875766008551,"ADD":0,"ADD_S":0}}
{"id_image":63,"data":{"Best_template_id":125,"GT_R":[-0.645629987796755,0.07778724038401827,0.7596772461752572,-0.4265664549796463,-0.8618655007797076,-0.27427677230817105,0.6334049986257411,-0.5011349637930467,0.589628629068363],"GT_T":[28.35870537043117,-24.43635462320195,935.1489932066983],"R_pred":[-0.6695878258850951,0.0510800114656029,0.7409743422380735,-0.4268781962415442,-0.842865165844612,-0.327648161568626,0.607805190007487,-0.535695010835838,0.5861771970706084],"T_pred":[26.634524572744777,6.2995719760299504,752.2351866099011],"rotation_error":3.319413110175212,"translation_error":185.48620063785606,"ADD":0,"ADD_S":0}}
{"id_image":69,"data":{"Best_template_id":167,"GT_R":[-0.6204041256427569,0.0955455478863901,0.7784408598775571,-0.44819192449326967,-0.8577038363875314,-0.25192685104458823,0.6436012147094679,-0.5051880006111764,0.5749450308009569],"GT_T":[35.3402565022165,-26.417309646852623,931.115832223108],"R_pred":[-0.6599169965342274,0.08430430664902305,0.7465938263645581,-0.37506854044960286,-0.8979786308766479,-0.23012598387384633,0.6510246905073948,-0.4318879048657518,0.6242112542885],"T_pred":[28.560056168929766,-2.8210635000563853,843.9857954036489],"rotation_error":5.43801300649963,"translation_error":90.522910166101,"ADD":0,"ADD_S":0}}
{"id_image":81,"data":{"Best_template_id":125,"GT_R":[-0.5652620174351849,0.11496811078017176,0.8168598741701844,-0.4584456413477125,-0.8670173136374183,-0.1952136071181348,0.6857883625914962,-0.48483272664313554,0.5427986937275379],"GT_T":[71.85977377288927,0.3315860835194684,927.5370238766507],"R_pred":[-0.41302247709008,0.16828037819864783,0.8950386291840674,-0.28157522770817284,-0.9582237917260142,0.05022505461730006,0.8660992001840581,-0.23127662935009277,0.44315154987542893],"T_pred":[48.676302750029656,21.845712998157993,791.3672156974383],"rotation_error":19.894112958048364,"translation_error":139.79466243433777,"ADD":0,"ADD_S":0}}
{"id_image":86,"data":{"Best_template_id":167,"GT_R":[-0.5572277162473243,0.11850790419693803,0.8218591177333375,-0.4534615033627476,-0.8725726280252869,-0.18163055660721172,0.6956075906857531,-0.4738906767304904,0.5399601909202488],"GT_T":[66.10564879766763,10.315940947739712,925.059171703731],"R_pred":[-0.6881141654802846,0.1090381387667663,0.7173629343363447,-0.2858055603276689,-0.949451134027238,-0.12983730504049606,0.6669438334306409,-0.2943692042124499,0.6844944811027842],"T_pred":[59.401630270220316,22.88203687283308,920.5980358015368],"rotation_error":13.997977345648628,"translation_error":14.924890778590342,"ADD":1,"ADD_S":1}}
{"id_image":90,"data":{"Best_template_id":125,"GT_R":[-0.5540088024758101,0.11798548941091394,0.8241070145401057,-0.45783764383678704,-0.8699482565263909,-0.18323428576256792,0.6953116229552625,-0.4788210860479431,0.5359775472540325],"GT_T":[62.594541720384754,2.5850575104497473,922.1395342988833],"R_pred":[-0.5240017251110749,-0.021847034813334443,0.8514369613485677,-0.5478192995269331,-0.7568062775090113,-0.35656454308970986,0.6521627152378751,-0.6532740354497629,0.38459956768143144],"T_pred":[45.88130579460221,27.964174518587537,713.0130974961934],"rotation_error":14.496829480169756,"translation_error":211.3227351825001,"ADD":0,"ADD_S":0}}
{"id_image":135,"data":{"Best_template_id":125,"GT_R":[-0.5524840545496973,0.10754102661321104,0.82655686362302,-0.44039526605780976,-0.8795899307334449,-0.1799259622336771,0.7076821128582664,-0.4634177102940043,0.5333202382409081],"GT_T":[63.86121756576109,-4.382826785371272,1020.7603126401405],"R_pred":[-0.2582602147635291,0.3493550807429082,0.900695669485211,-0.12564453530172665,-0.9365521321795895,0.32723623646943184,0.957870091515081,-0.028655388131742288,0.2857687115691826],"T_pred":[39.14595658646076,16.577476338996266,889.8375111435901],"rotation_error":37.414545104328816,"translation_error":134.8738610111145,"ADD":0,"ADD_S":0}}
{"id_image":202,"data":{"Best_template_id":125,"GT_R":[-0.5417255706710555,0.10341121228962509,0.8341693184270318,-0.38242575011965096,-0.9140640673511258,-0.13503906404343266,0.7485205133924849,-0.3921625080009361,0.5347199180140675],"GT_T":[65.27927363855373,7.827278603889356,1086.4667060220863],"R_pred":[-0.6752895351262288,-0.0646663959759164,0.7347123933761344,-0.05972694249438788,-0.9880827368594757,-0.14186330554643112,0.7351304211425846,-0.13968093052301012,0.6633796059263142],"T_pred":[68.63934820418866,33.04917979543754,907.6033062240472],"rotation_error":20.20397233813863,"translation_error":180.6641917705776,"ADD":0,"ADD_S":0}}
{"id_image":390,"data":{"Best_template_id":125,"GT_R":[-0.4935248595476233,0.1004577943177067,0.8639108900489909,-0.3528365814083793,-0.9310209601919647,-0.09330229443445424,0.7949468506209684,-0.35086639902003725,0.4949270786117543],"GT_T":[58.44393164700883,9.246704734667878,1023.0929869405757],"R_pred":[-0.33244130580862996,0.10077046402554407,0.9377249552893053,-0.21268039089173485,-0.9766746862564869,0.029556869860181648,0.9188306859930137,-0.18960978562792952,0.346118909728635],"T_pred":[39.86088776210337,31.126017192068474,811.4652657816315],"rotation_error":14.7442225141866,"translation_error":213.56574209494534,"ADD":0,"ADD_S":0}}
{"id_image":479,"data":{"Best_template_id":125,"GT_R":[-0.4041003705166628,0.12312111616289462,0.9063907388496624,-0.4156478395980928,-0.9074055467678713,-0.06205133299220029,0.8148247323614727,-0.4018143059130553,0.4178580572807745],"GT_T":[79.01975792234845,-14.672164643337762,936.9357384945517],"R_pred":[-0.22238769231853184,0.16762054424090783,0.960441079636653,-0.16680070742161324,-0.9771270024985574,0.13191036726441688,0.9605838007737207,-0.13086700935134807,0.2452602445455575],"T_pred":[49.521132729601305,1.517115540436546,792.0815978573735],"rotation_error":21.043933456990594,"translation_error":148.71107470819496,"ADD":0,"ADD_S":0}}
{"id_image":514,"data":{"Best_template_id":125,"GT_R":[-0.36251740361267226,0.13462975771482294,0.92220161914557,-0.4357580487120967,-0.8991724411685994,-0.040028516235151135,0.8238296601611073,-0.4163677459337422,0.3846313587508915],"GT_T":[93.70293558669167,-19.09342086213031,900.4500312456258],"R_pred":[-0.23999346258543675,0.07529012574255536,0.9678504713445787,-0.47971643131868613,-0.8759510798760131,-0.050811919732588084,0.8439640297069048,-0.47648830272076653,0.2463404431496511],"T_pred":[49.41509045396772,12.266737871103137,562.8283659810165],"rotation_error":8.730985251867049,"translation_error":341.95505792182934,"ADD":0,"ADD_S":0}}
{"id_image":520,"data":{"Best_template_id":125,"GT_R":[-0.3552956497990338,0.13473112875958976,0.9249929678560885,-0.4357147223861431,-0.8993496661136907,-0.03636462438846099,0.8269932144973883,-0.41595355712936855,0.37823903835416295],"GT_T":[96.56617598367345,-15.886881308584705,893.5893036979033],"R_pred":[-0.28251089045330957,0.0922385933653137,0.9548191654283373,-0.25408868106844756,-0.9670089791590989,0.01823667674150392,0.9250008318526934,-0.23745668261741065,0.29662735031038434],"T_pred":[75.37384184936319,-8.710624081252273,851.7334202752547],"rotation_error":12.621990242815855,"translation_error":47.46081194989656,"ADD":0,"ADD_S":0}}
{"id_image":524,"data":{"Best_template_id":125,"GT_R":[-0.3560768967678516,0.1351284579185181,0.9246350453866351,-0.4360061448481392,-0.8992029178259884,-0.0364942991592371,0.8265028513165759,-0.41614071402540326,0.3791022782094387],"GT_T":[92.54600347788966,-15.845103074470273,889.9058008072958],"R_pred":[-0.268116624783203,0.08136752911415704,0.9599441654183436,-0.17270058590553353,-0.9843452046822787,0.03519979611998302,0.9477805564278836,-0.15634526927559958,0.27797153385264406],"T_pred":[74.7061718750403,-13.66127362576278,892.6435808162959],"rotation_error":17.542446612174803,"translation_error":18.18032293598618,"ADD":0,"ADD_S":1}}
{"id_image":530,"data":{"Best_template_id":125,"GT_R":[-0.36032695510644647,0.13227853114198793,0.9233997795501154,-0.4312233037549632,-0.9013953793338851,-0.03914473804700814,0.8271698617927562,-0.41229575846634164,0.3818391927312377],"GT_T":[87.52664824576269,-11.715354621193466,885.7035800496996],"R_pred":[-0.298722190508,0.10908021273691994,0.9480857345659044,-0.3019302911150589,-0.9532191360833746,0.014538841482073628,0.9053193647576958,-0.28191272726454436,0.3176823287515199],"T_pred":[56.862330910233425,3.0329763474912803,722.3939838195695],"rotation_error":9.464691649535707,"translation_error":166.81677926654746,"ADD":0,"ADD_S":0}}
{"id_image":537,"data":{"Best_template_id":167,"GT_R":[-0.3639957681028657,0.12582280921799552,0.9228623680877247,-0.419436439885159,-0.9068217226918105,-0.04179821085009452,0.8316130675232765,-0.40229670618470387,0.3828537063617628],"GT_T":[87.70915135103256,1.3446148818441017,880.1784859568113],"R_pred":[-0.45114503634131853,0.35912519761553285,0.8170050481008027,0.06984034485272128,-0.8984480091944004,0.4334899087700561,0.8897137081193272,0.25262673495143595,0.38024893211202226],"T_pred":[88.95816748636055,-6.108106633201083,1031.7020943035632],"rotation_error":40.775443326834754,"translation_error":151.71192104019704,"ADD":0,"ADD_S":0}}
{"id_image":543,"data":{"Best_template_id":125,"GT_R":[-0.35995201572307595,0.12722568242345103,0.9242557085155897,-0.41516012342066017,-0.9090127010643219,-0.0365570935035095,0.8355090327968747,-0.3968726776815906,0.3800202176338582],"GT_T":[90.40689481403285,7.829188858116378,875.3270529257361],"R_pred":[-0.3519059156127582,0.03575930915287212,0.935352071877566,-0.3113055686784909,-0.9468581460015516,-0.08092276725536307,0.8827519863849117,-0.3196575091553671,0.3443370548954592],"T_pred":[68.57395390013284,15.21543964000087,794.6307317458359],"rotation_error":7.276056473412598,"translation_error":83.923359450944,"ADD":0,"ADD_S":0}}
{"id_image":560,"data":{"Best_template_id":125,"GT_R":[-0.3524187805330633,0.1381546981234442,0.9255882633058814,-0.41693845699628584,-0.9086399822525479,-0.023124583305190335,0.8378328214544136,-0.3940630027407133,0.37782358840907176],"GT_T":[95.54321840073533,13.795996747561526,865.7459031986522],"R_pred":[-0.21436711471167125,0.12171307905086609,0.9691401686640333,-0.5492956418205261,-0.8354636723626492,-0.016575585639489243,0.807663938780957,-0.5358977314285567,0.245952400765996],"T_pred":[57.95980977267528,27.94148121133525,703.5951686897359],"rotation_error":11.661186410057587,"translation_error":167.0492982224099,"ADD":0,"ADD_S":0}}
{"id_image":561,"data":{"Best_template_id":125,"GT_R":[-0.35423815727620633,0.13793830425311235,0.9249258769690857,-0.4160064716691893,-0.9090507013865555,-0.023755665779364093,0.8375287182007765,-0.39319018166502884,0.3794035029394681],"GT_T":[95.41220252114492,14.21103145358774,865.3269782198555],"R_pred":[-0.10683979613859285,0.32667880489299783,0.939077321840298,-0.19158725015753275,-0.9335474074867502,0.30295802275536865,0.9756431640400803,-0.14754726838694832,0.1623275086157948],"T_pred":[48.92009932559043,18.603125051925556,720.8030549266233],"rotation_error":25.2196068894958,"translation_error":151.88143583002733,"ADD":0,"ADD_S":0}}
{"id_image":568,"data":{"Best_template_id":125,"GT_R":[-0.37549523347590674,0.13969949349747418,0.9162354276347239,-0.4156016774955719,-0.9089931205543277,-0.031728181819121924,0.8284194547505987,-0.39270292323092065,0.3993818958137443],"GT_T":[86.88267008090779,13.458099091251043,863.2105943009525],"R_pred":[-0.24039519850367075,0.1848997706920227,0.9529020009079728,-0.3080244851014995,-0.9454825727638907,0.1057526414692808,0.9205058745680751,-0.2680947209435716,0.28424312742413227],"T_pred":[50.94843902925823,22.534523061647683,731.190072609277],"rotation_error":12.225207894405418,"translation_error":137.124281515368,"ADD":0,"ADD_S":0}}
{"id_image":577,"data":{"Best_template_id":125,"GT_R":[-0.39127562883885536,0.13993259476654119,0.9095726568427857,-0.41467476168029416,-0.9091540411223105,-0.03851438723307319,0.8215527534566889,-0.39224634657608065,0.4137566390135456],"GT_T":[81.40992271257548,14.797276094802061,860.0735578929399],"R_pred":[-0.35873350702391893,0.07420091418199404,0.9304861607100215,-0.1906107414516433,-0.9816539912565129,0.004794444015002661,0.9137712055988493,-0.17564072928769842,0.36629567023609577],"T_pred":[60.98576569594166,16.788137768739276,818.7658279585863],"rotation_error":14.118568561556842,"translation_error":46.124161481531075,"ADD":0,"ADD_S":0}}
{"id_image":583,"data":{"Best_template_id":125,"GT_R":[-0.4081516975864987,0.13343221128563373,0.9031098400434439,-0.41208241723631683,-0.909669901256483,-0.051835304250244525,0.8146158666185294,-0.39331215488252297,0.42626915177122143],"GT_T":[80.03741936059112,13.72153778550064,859.471376514655],"R_pred":[-0.3382391713670667,0.01749405752717359,0.9408975613233121,-0.4667058566343302,-0.8713272128770299,-0.15157351840992256,0.8171780138599767,-0.4903905036307116,0.30288157357733214],"T_pred":[52.141232732753906,27.365389949811384,693.2131189645298],"rotation_error":9.83775024834781,"translation_error":169.13355708983497,"ADD":0,"ADD_S":0}}
{"id_image":588,"data":{"Best_template_id":125,"GT_R":[-0.42050618445348,0.13081981432992043,0.8978088952538964,-0.4095926291961886,-0.910345704049179,-0.059194583353973866,0.8095724001611396,-0.39262766653012326,0.4363889751999778],"GT_T":[81.55159975750367,15.832520264028563,859.7702105959602],"R_pred":[-0.34327927299123495,0.07288258094514287,0.9364013403073406,-0.20124268246510818,-0.979538311308619,0.002465650605148542,0.917420690571592,-0.18759751084018605,0.3509222854674653],"T_pred":[63.43372746683391,18.1263526907436,881.3325850163938],"rotation_error":14.291106804413493,"translation_error":28.25694523811511,"ADD":0,"ADD_S":1}}
{"id_image":589,"data":{"Best_template_id":167,"GT_R":[-0.4228288335977704,0.13017446097084284,0.8968109204865553,-0.40808763725537045,-0.9109569979556683,-0.060177557966432704,0.8091228660323782,-0.3914221533746372,0.43830147819053183],"GT_T":[81.56082414432257,16.8032052848155,859.5473457854421],"R_pred":[-0.13476341979278506,0.12482959046784689,0.9829834149309862,-0.42968419902197263,-0.9012692678647505,0.05554453990611996,0.892866344867248,-0.4148870691479386,0.17509543128601124],"T_pred":[49.68448297353833,26.216675862419685,850.5161592842843],"rotation_error":17.313181585679764,"translation_error":34.44237048128872,"ADD":0,"ADD_S":1}}
{"id_image":595,"data":{"Best_template_id":125,"GT_R":[-0.43374160784811266,0.12521323480191163,0.8922941662495428,-0.40457602874684345,-0.9119203027490577,-0.06869618620121613,0.8050997831337208,-0.39079783331578744,0.44619611803719245],"GT_T":[82.8480906485932,19.589136384953765,858.9496168521002],"R_pred":[-0.35788639948927825,-0.005989408603624707,0.9337459247810291,-0.47676007358046457,-0.8586415934568602,-0.1882403947759724,0.8028805373778534,-0.5125414529288755,0.30444063744744465],"T_pred":[58.17852329450696,32.81093291250444,736.3159459860748],"rotation_error":11.617813398556784,"translation_error":125.78720398725146,"ADD":0,"ADD_S":0}}
{"id_image":598,"data":{"Best_template_id":167,"GT_R":[-0.441093487471175,0.12554784233794092,0.8886364529018079,-0.40234763263234474,-0.9127475619734914,-0.07075987072760298,0.8022173345338908,-0.38875218752515434,0.453120919615186],"GT_T":[82.2897335737898,21.32405513854988,859.3504450205679],"R_pred":[-0.4229921953144072,0.18768517880389898,0.8864828686220882,-0.473372047714421,-0.8799735372642782,-0.03956612385930516,0.7726554905944525,-0.4363723723747214,0.46106685576205],"T_pred":[69.70034319821109,38.20931684804575,861.8438888618155],"rotation_error":4.878532167912425,"translation_error":21.20900929360768,"ADD":1,"ADD_S":1}}
{"id_image":604,"data":{"Best_template_id":167,"GT_R":[-0.45074043323868296,0.12597339602464697,0.8837217905360689,-0.40050152595059296,-0.9132958028404956,-0.07408620674516339,0.7977669383445374,-0.3873250615869592,0.4621119922283236],"GT_T":[80.20291777176286,25.233930910153518,859.1283920003026],"R_pred":[-0.8784614690408263,0.3142260073502928,-0.35995480787916534,-0.419717023219618,-0.8674866930590884,0.26702894559404866,-0.22834856651684013,0.3856538002796037,0.8939396391813054],"T_pred":[85.08424242294993,36.48938251605654,927.531730315922],"rotation_error":85.99789277268086,"translation_error":69.49481429519902,"ADD":0,"ADD_S":0}}
{"id_image":681,"data":{"Best_template_id":125,"GT_R":[-0.6049817564635819,0.10703250437238314,0.7890126668963671,-0.3652986096593734,-0.9177948097730354,-0.15559277900963053,0.7074988516003732,-0.3823559373512496,0.5943477651529885],"GT_T":[42.1059144568932,19.795266285083095,879.6072885450823],"R_pred":[-0.5372590790440692,0.13327884156688347,0.8328201680887106,-0.32762435363416964,-0.9428714523480674,-0.0604624449790022,0.7771839968054612,-0.30533616676973574,0.5502316424669277],"T_pred":[24.03325056234324,37.311899913064764,676.8361595513519],"rotation_error":7.141024680665333,"translation_error":204.32715039194952,"ADD":0,"ADD_S":0}}
{"id_image":741,"data":{"Best_template_id":125,"GT_R":[-0.685393345921958,0.11308456504676828,0.7193382979263727,-0.3397338174293389,-0.9234208774377113,-0.1785342207842945,0.6440630909399814,-0.3667496205172418,0.6713245367324265],"GT_T":[53.32544001229939,26.318434544708662,895.5273144983585],"R_pred":[-0.6523764186812399,0.07333575702209232,0.7543387005123335,-0.27878277953495795,-0.948746283405951,-0.1488645409698286,0.7047589447345827,-0.30741235574614006,0.6393844487874298],"T_pred":[42.21853326000722,44.575585272298326,703.1774177606048],"rotation_error":5.339718546666514,"translation_error":193.5333813720995,"ADD":0,"ADD_S":0}}
{"id_image":866,"data":{"Best_template_id":125,"GT_R":[-0.7599907449541508,0.07698833948832946,0.645357652503549,-0.28526927455611417,-0.9317133304376856,-0.22479198091961966,0.5839815913666971,-0.3549410146764943,0.7300564228159514],"GT_T":[78.92357725227649,24.749632325697696,909.4173445716333],"R_pred":[-0.8216100854453445,0.018509920890125243,0.5697492872510986,-0.11228968121044855,-0.9851452256235981,-0.12992271519902104,0.5588809309577035,-0.17072277897126498,0.8114837261166598],"T_pred":[74.30689324046607,41.397750522040496,749.1445593273247],"rotation_error":12.572054150987556,"translation_error":161.20123852102552,"ADD":0,"ADD_S":0}}
{"id_image":1012,"data":{"Best_template_id":125,"GT_R":[-0.8096585616525982,0.09736056075301669,0.5787691716084886,-0.2813051223721337,-0.9298643266717401,-0.23710398787363457,0.5150930187110064,-0.35478418653157534,0.7802604021413043],"GT_T":[102.93248370341212,25.28271188023718,904.2614243367876],"R_pred":[-0.7941497354176335,0.09897588464851534,0.5996081820607077,-0.2818225282651048,-0.9341232595345981,-0.21906574026698486,0.5384257240310563,-0.34295409350888584,0.7697273734557787],"T_pred":[87.70409386090145,46.03069311388641,702.7565163980205],"rotation_error":1.7280831037728999,"translation_error":203.14184823880666,"ADD":0,"ADD_S":0}}
{"id_image":1024,"data":{"Best_template_id":125,"GT_R":[-0.8057411215816733,0.10529400196318639,0.5828335767237389,-0.2905938911363963,-0.9277608808383523,-0.2341254285046348,0.5160787594692912,-0.3580121790000602,0.778132531906107],"GT_T":[135.08578644620601,23.298030277868865,900.2377958862019],"R_pred":[-0.8491477970554439,0.06452617584139243,0.5241988090287619,-0.23769342849697095,-0.9330052931095565,-0.2701905939867373,0.47164589768728193,-0.35403035980101516,0.8075968372485881],"T_pred":[119.43651454743377,42.5795621138754,723.948586495588],"rotation_error":4.789715675848175,"translation_error":178.02966755142904,"ADD":0,"ADD_S":0}}
{"id_image":1025,"data":{"Best_template_id":125,"GT_R":[-0.8066651605661816,0.10312084950585568,0.5819421511142248,-0.28832764754612816,-0.9281983767769709,-0.23519039256572846,0.5159052881600437,-0.35750985332099006,0.778478312773805],"GT_T":[137.65661202508724,24.24930871569244,899.6157261597567],"R_pred":[-0.7825475820282617,0.07857284370166823,0.6176128156817621,-0.29712841882380236,-0.9188766161677581,-0.25957747781222784,0.5471142335828855,-0.3866420469797921,0.7424108989759568],"T_pred":[111.9390543150736,45.55468682633432,666.9394635165714],"rotation_error":3.2264370582784596,"translation_error":235.06074769855948,"ADD":0,"ADD_S":0}}
{"id_image":1028,"data":{"Best_template_id":125,"GT_R":[-0.8097208382051907,0.0988458185304129,0.57842965869108,-0.2831190360973541,-0.9292030971193598,-0.23753832877119668,0.5139995864758613,-0.35610366805219706,0.7803810058881242],"GT_T":[142.36877430279407,28.61732522109795,898.1730981987938],"R_pred":[-0.923146239212121,0.1852016562437452,0.3368996401795215,0.040075683276360546,-0.8251866147733724,0.5634367670012269,0.38235449603535493,0.5336360157667731,0.7543458371583384],"T_pred":[131.6134759026698,33.473982703354075,754.9255768778141],"rotation_error":53.93415065896409,"translation_error":143.73279350997183,"ADD":0,"ADD_S":0}}
{"id_image":1029,"data":{"Best_template_id":125,"GT_R":[-0.8120720545420138,0.0994068905351315,0.5750276188097401,-0.2820917963301162,-0.9294744585115179,-0.2376976232017395,0.5108454990892237,-0.3552379066664751,0.7828423956679752],"GT_T":[142.16346455434652,29.81134122295068,897.8791678201306],"R_pred":[-0.7873845043030092,0.08034651220123275,0.6112037960947245,-0.3055319462599046,-0.9119924759983072,-0.273715095559437,0.5354212100749645,-0.40226131021958117,0.7426371698900394],"T_pred":[119.26837744365474,49.457480899208186,707.4393534924297],"rotation_error":3.8159111761631297,"translation_error":192.81462262793863,"ADD":0,"ADD_S":0}}
{"id_image":1032,"data":{"Best_template_id":167,"GT_R":[-0.8156870193998773,0.09889081966083464,0.5699775491964022,-0.2810796297913005,-0.9289090369622132,-0.24108367862613975,0.5056172950432013,-0.35685767119253364,0.7854961261320063],"GT_T":[143.3768071804942,31.064529508050434,896.0049123450864],"R_pred":[-0.852219221301676,0.10185718503863242,0.5131739594912924,-0.23608160378650836,-0.95019499046031,-0.2034575052872752,0.46689171677976354,-0.2945413281020803,0.8338210424559376],"T_pred":[128.17893344412806,47.305519054016116,750.4843239565096],"rotation_error":5.155711052198166,"translation_error":147.21068830929462,"ADD":0,"ADD_S":0}}
{"id_image":1033,"data":{"Best_template_id":125,"GT_R":[-0.8165731623184335,0.10058072389182578,0.5684111651611206,-0.2820905222726406,-0.9286435125673037,-0.24092393890721506,0.503619831368024,-0.3570758065241042,0.7866794118954935],"GT_T":[143.6817037921515,30.633334960496573,895.4615093252692],"R_pred":[-0.8531185571929648,0.07727034317285215,0.5159631977563359,-0.2223883195775856,-0.9484827136817358,-0.22566341564903253,0.47194508439907684,-0.30726183608264795,0.8263522259900247],"T_pred":[123.34449955143349,48.285419716369354,708.0281660204922],"rotation_error":4.774674420237148,"translation_error":189.35801053814322,"ADD":0,"ADD_S":0}}
{"id_image":1039,"data":{"Best_template_id":125,"GT_R":[-0.8257848387971433,0.10509461287721006,0.5541063739221191,-0.2853442528314193,-0.9253125344538502,-0.2497480227929048,0.48647457531953314,-0.3643496828188957,0.7940981073400051],"GT_T":[135.65768118591964,22.25163425736618,894.8210103084247],"R_pred":[-0.8831984462569724,0.14089720106585582,0.4473348670303688,-0.09715996426769968,-0.9880821875731051,0.11938815663308772,0.45882507110310483,0.061980394743460294,0.8863622198597341],"T_pred":[135.48048847672175,38.089617723329766,842.313039680833],"rotation_error":25.265112989107706,"translation_error":54.84487302339537,"ADD":0,"ADD_S":0}}
{"id_image":1042,"data":{"Best_template_id":125,"GT_R":[-0.831055822201983,0.10239698124759344,0.5466813121365682,-0.2827792687578921,-0.9241770952851428,-0.2567722472154507,0.47893761210289226,-0.36798200510490203,0.7969986900620161],"GT_T":[129.2632577875733,18.40109149335528,895.5001254198985],"R_pred":[-0.7669225881078359,0.08013245012665106,0.6367169970141198,-0.2819163022956202,-0.9333784459279497,-0.22209879598298138,0.5765006004766546,-0.3498334848378944,0.7384196574687264],"T_pred":[107.02586227941603,40.18273839505087,693.3103890002268],"rotation_error":6.695969663673498,"translation_error":204.57182458538293,"ADD":0,"ADD_S":0}}
{"id_image":1063,"data":{"Best_template_id":125,"GT_R":[-0.8602105675060778,0.08637516665119431,0.5025703772794453,-0.2604851418898242,-0.921695604690108,-0.2874427132706666,0.43838986949918535,-0.3781731722309774,0.8153523549796486],"GT_T":[100.16586553443469,2.6192464030167066,899.918383187257],"R_pred":[-0.9273080740955785,0.09079270459792321,0.36312039395900575,-0.18251505613140012,-0.9566649388752846,-0.22689303429611934,0.3267843172529874,-0.2766746817447205,0.9036941575992161],"T_pred":[94.68548785244325,23.57663857791644,776.8725007245515],"rotation_error":10.382979231174737,"translation_error":124.93812875714018,"ADD":0,"ADD_S":0}}
{"id_image":1068,"data":{"Best_template_id":125,"GT_R":[-0.8651233035376753,0.0819775306641537,0.49481417925598126,-0.2566224029712474,-0.919987085679441,-0.2962561766854338,0.4309359988461656,-0.3832783771503173,0.8169397233356187],"GT_T":[96.53396528184322,-3.553361173167186,899.435966457016],"R_pred":[-0.842504779548769,0.08853669719683752,0.5313632935073289,-0.2948503351308369,-0.9013156948717913,-0.3173220730598695,0.4508314278205474,-0.4240180083761249,0.7854678556516697],"T_pred":[83.11569282609493,21.94861232013676,707.2518386003258],"rotation_error":3.4365552568891906,"translation_error":194.3325492237122,"ADD":0,"ADD_S":0}}
{"id_image":1080,"data":{"Best_template_id":167,"GT_R":[-0.8738834523125873,0.07969181295116119,0.47955934353601426,-0.2518221007253455,-0.9180107419027078,-0.3063338483888807,0.4158287316998981,-0.38846449841236624,0.8223029179886922],"GT_T":[90.12137097290604,-10.457879185162689,901.1117745113426],"R_pred":[-0.9427263028901388,0.08424399905978686,0.32275387908049197,-0.1669576520029371,-0.9568286914808315,-0.23791594649528194,0.28877718101809285,-0.27817585046422405,0.9160927550972933],"T_pred":[87.93061483444718,12.282367789859967,785.0009536510947],"rotation_error":11.466890495668913,"translation_error":118.3369805503917,"ADD":0,"ADD_S":0}}
{"id_image":1083,"data":{"Best_template_id":125,"GT_R":[-0.876757053221912,0.07794047211355738,0.4745767018755197,-0.24868092950476517,-0.9180927903635523,-0.30864610880203996,0.41164959311790966,-0.38862622706701444,0.8243263536299217],"GT_T":[89.50155978658495,-11.362249774177965,901.6115435478908],"R_pred":[-0.8819845873875573,0.08234221022378464,0.46402903791278255,-0.17269001531761718,-0.9726010404520338,-0.1556450279360781,0.43849896946332917,-0.21740969740810423,0.8720388049006278],"T_pred":[80.82565547664211,14.085238884337025,716.2606648091694],"rotation_error":10.313314987805875,"translation_error":187.29066779697476,"ADD":0,"ADD_S":0}}
{"id_image":1089,"data":{"Best_template_id":125,"GT_R":[-0.875964895665721,0.08140613928632962,0.4754559282390885,-0.2531535109585747,-0.9165929269814376,-0.309466229189337,0.4106075164742855,-0.3914449007640049,0.8235117387762471],"GT_T":[95.86150246224139,-12.034080824813497,901.9470100899913],"R_pred":[-0.9712971711342802,0.11933493492897651,0.20576923640826825,0.01963460203332739,-0.8218775050117152,0.5693257847302464,0.23705756210156573,0.5570247212298705,0.7959442016807763],"T_pred":[92.52868559035316,-1.1126046917770216,737.2437730569617],"rotation_error":57.815218863058185,"translation_error":165.0985844832849,"ADD":0,"ADD_S":0}}
{"id_image":1096,"data":{"Best_template_id":125,"GT_R":[-0.8740634807858744,0.08602346654941997,0.47813434966057294,-0.25665001884122424,-0.9174104075049004,-0.30411769561341423,0.4124850113263808,-0.38853108019488425,0.8239535514179442],"GT_T":[103.16601596567321,-7.375276232517322,901.9941539701673],"R_pred":[-0.8903566469279935,0.0759810848697633,0.4488785091905759,-0.23126239390495623,-0.9247739582880607,-0.30217682114546934,0.39215143304148337,-0.3728538598623406,0.8409502082461626],"T_pred":[93.82877088201953,16.07978865029493,748.2169053140254],"rotation_error":2.1724621160971496,"translation_error":155.83570328606353,"ADD":0,"ADD_S":0}}
{"id_image":1106,"data":{"Best_template_id":125,"GT_R":[-0.8734532899933445,0.08298877172378435,0.4797836935722441,-0.25066474105132863,-0.921400849897362,-0.29696245637551233,0.41742890579318426,-0.37964791433616757,0.825603147985653],"GT_T":[106.2398756882552,7.64918663133192,903.6178523643117],"R_pred":[-0.9409734749426858,0.145250025906718,0.3057308447448255,0.05168865838075332,-0.8309891039372305,0.5538821099587861,0.3345103915412563,0.53699119090698,0.7744309258024366],"T_pred":[100.28282836672638,17.278523393400384,736.6345102373602],"rotation_error":55.10984590549236,"translation_error":167.36680401786606,"ADD":0,"ADD_S":0}}
{"id_image":1110,"data":{"Best_template_id":125,"GT_R":[-0.8723739181230153,0.08072532055596011,0.48212731126249736,-0.24495912194139033,-0.9256955921633406,-0.28824041024463143,0.423034522412501,-0.3695550159237108,0.8273270224486305],"GT_T":[115.97568107584564,21.816266125204393,903.8310561235222],"R_pred":[-0.9553557751765748,0.15625734208851844,0.25075682618863593,0.005872700426677993,-0.8384954984275439,0.5448768764651728,0.29539948244109115,0.5220238904113264,0.8001438643227589],"T_pred":[112.79563000852576,29.792901731313364,775.0916078451155],"rotation_error":53.89038600462064,"translation_error":129.0255206670834,"ADD":0,"ADD_S":0}}
{"id_image":1111,"data":{"Best_template_id":125,"GT_R":[-0.8729123847135052,0.08119252037977291,0.4810736977251272,-0.2444152125005658,-0.9261683393741689,-0.2871807235936114,0.4222388699307985,-0.36826517376823326,0.8283086884278431],"GT_T":[118.40204658555115,23.993168425576048,904.3854721870822],"R_pred":[-0.9003592277831757,0.1787711325435204,0.3967293071034587,0.1149136530003394,-0.781665978489159,0.6130196982370982,0.4197000277576843,0.5975275560521812,0.6832369328852957],"T_pred":[102.91271801429608,25.6535351727385,696.8533415360723],"rotation_error":58.861338365888045,"translation_error":208.1159805730238,"ADD":0,"ADD_S":0}}
{"id_image":1134,"data":{"Best_template_id":125,"GT_R":[-0.9161999233332446,0.075791696785147,0.3934890812597055,-0.21440297683869605,-0.9222928211980453,-0.32156933951277494,0.3385405920907043,-0.3789867747669774,0.861254109183853],"GT_T":[41.32859060608096,-6.279360750090142,944.4144003936142],"R_pred":[-0.9989676137607656,0.024615519693599805,-0.03818092255742193,-0.04092097603170175,-0.8525781730628356,0.5209951367694813,-0.019727655150441503,0.5220196691764128,0.8527052741804833],"T_pred":[48.22695420527108,12.311889925205467,705.1130284890199],"rotation_error":58.01012013352369,"translation_error":240.12157049594532,"ADD":0,"ADD_S":0}}
{"id_image":1178,"data":{"Best_template_id":167,"GT_R":[-0.9355576215861462,0.0607836399652051,0.347904519429928,-0.17492168761667704,-0.935516180224192,-0.3069387316330286,0.3068135268907641,-0.3480151707395967,0.8858616798444499],"GT_T":[28.301789663412134,3.025927258605954,1003.9319789492342],"R_pred":[-0.9577248779151595,0.02529372484652477,0.2865716065938516,-0.12075677016840815,-0.939468772974912,-0.32064969524936004,0.26111465045241566,-0.3416996518704717,0.9028070044204978],"T_pred":[40.40216764864348,33.09892526848364,723.9893676018046],"rotation_error":4.262827762507282,"translation_error":281.81318280858625,"ADD":0,"ADD_S":0}}
{"id_image":1355,"data":{"Best_template_id":167,"GT_R":[-0.9567451706170995,0.05689631363940724,0.28530987167105787,-0.14165282755158953,-0.9476949646495608,-0.28602138169024466,0.25411400395887235,-0.31406419411418646,0.9147616570343118],"GT_T":[60.60174720544771,17.105775068113466,972.2652566634362],"R_pred":[-0.9496164366318339,0.035736525458472536,0.31137039683761514,-0.15695111329884207,-0.9141538792615695,-0.373749960622443,0.2712839311734332,-0.4037890362295385,0.8737044368136787],"T_pred":[61.6236646645791,40.719414962271195,688.348087900734],"rotation_error":5.769882193902339,"translation_error":284.89929277303054,"ADD":0,"ADD_S":0}}
{"id_image":1531,"data":{"Best_template_id":167,"GT_R":[-0.9817909890692954,0.03432905547197044,0.1868360916907459,-0.08739859386569396,-0.9548870490338506,-0.2838155173181355,0.16866448564032718,-0.2949764238577468,0.9405005409745026],"GT_T":[70.17963807309646,17.11398122721622,949.9573043250444],"R_pred":[-0.9629859498719608,0.0022014088707057733,0.26954260173149125,-0.11137705081475481,-0.9138623578925033,-0.3904494120612323,0.24546529877154707,-0.406018158000524,0.8802817971949988],"T_pred":[68.1933296384866,38.59433233376597,675.9170291282752],"rotation_error":8.478117542541447,"translation_error":274.8880196275914,"ADD":0,"ADD_S":0}}
{"id_image":1539,"data":{"Best_template_id":125,"GT_R":[-0.9827885875592671,0.03054751912699581,0.18219165721258268,-0.08192010403494604,-0.9560271148864927,-0.2816044550065011,0.16557799672736923,-0.2916820270119176,0.9420746670922543],"GT_T":[70.43561604080446,18.994022799418307,949.5280529642608],"R_pred":[-0.9979834856181472,-0.0023946004224766997,0.06342892338886083,-0.014613324643420855,-0.9637768240675707,-0.26630937672769395,0.06176903088376318,-0.2666992674887644,0.9617983611675773],"T_pred":[73.30577271675445,36.86011928946836,727.5422979668165],"rotation_error":7.2562156798927395,"translation_error":222.72204790932054,"ADD":0,"ADD_S":0}}
{"id_image":1543,"data":{"Best_template_id":125,"GT_R":[-0.9823801089752612,0.02948125135964719,0.1845547741539497,-0.08130597214068609,-0.956554218180583,-0.2799851059661323,0.16828258817875202,-0.29005755336659705,0.9420974076211953],"GT_T":[78.15482953678605,20.079873365759862,950.4477456602726],"R_pred":[-0.9782685331099901,0.07643762443514748,0.19273807796473344,0.015640920434593548,-0.8997124153617757,0.4362028556209121,0.20675115171332673,0.4297381286488213,0.878964789994811],"T_pred":[78.56325363512215,33.951559004249845,774.2571945166826],"rotation_error":42.51114834744345,"translation_error":176.73624638137815,"ADD":0,"ADD_S":0}}
{"id_image":1547,"data":{"Best_template_id":125,"GT_R":[-0.9827793967361729,0.026474416826071507,0.18287489096269238,-0.0766495265189397,-0.9589282102610811,-0.2730932900258077,0.16813469945725262,-0.28240806110254824,0.9444448554166461],"GT_T":[83.12906745379917,26.996037454487556,950.8254624557414],"R_pred":[-0.9976713822611362,-0.0020387251959068254,0.06817372379978709,-0.012256279592907008,-0.9779229382686878,-0.2086061130899015,0.06709393882978232,-0.2089559054143047,0.9756207423813784],"T_pred":[85.51906176970103,43.292436240236846,773.8505864576646],"rotation_error":8.052129327195393,"translation_error":177.73967317610578,"ADD":0,"ADD_S":0}}
{"id_image":1550,"data":{"Best_template_id":167,"GT_R":[-0.9828235895233934,0.027195931620806243,0.18253411058535063,-0.07717495499604078,-0.9590123890392795,-0.27265030579662086,0.16763766591600576,-0.28205360986596767,0.9446386502214692],"GT_T":[85.94537186144154,28.908370240412488,950.3891313186656],"R_pred":[-0.9814438070416674,0.02200371824663929,0.19048330636273825,-0.09059203957254397,-0.9287445094092992,-0.359481179769076,0.16900040232391433,-0.37006684886031416,0.913503908797851],"T_pred":[81.84074434337418,45.26197856602439,742.673905345847],"rotation_error":5.353372310965833,"translation_error":208.39842507386834,"ADD":0,"ADD_S":0}}
