{"id_image":620,"data":{"Best_template_id":125,"GT_R":[-0.6379591807195603,0.7676575373606865,0.060915341516548836,-0.26904700869706283,-0.29631009609131725,0.916413726302105,0.7215416073384506,0.5682450369030342,0.3955695714066277],"GT_T":[-103.96887340401555,40.888976867664894,919.5807433800265],"R_pred":[-0.5497880109538401,0.8048177426627122,0.22361025045090505,-0.5323204308816779,-0.543878142490847,0.6487152880784071,0.6437143014392059,0.23762358303838907,0.7274386097167462],"T_pred":[-158.4447575638762,38.56862203166444,1122.6427982827204],"rotation_error":27.852711444429218,"translation_error":210.25509302480202,"ADD":0,"ADD_S":0}}
{"id_image":623,"data":{"Best_template_id":125,"GT_R":[-0.6387540287489393,0.7672308429695592,0.05789128779019082,-0.2721151666675808,-0.2956436767294107,0.9157231881781974,0.71968529809456,0.5691680773192767,0.3976185182159504],"GT_T":[-103.85468691842397,37.62702765236807,917.9311023231296],"R_pred":[-0.36328785876658765,0.8903050104307924,0.2745522173915457,-0.430917642872914,-0.4218374226174585,0.7977237453782553,0.826033847208236,0.17149395698183212,0.5368965505430949],"T_pred":[-155.85351081163458,26.76463107630043,1000.1583176126512],"rotation_error":25.24024851555953,"translation_error":97.89373973815809,"ADD":0,"ADD_S":0}}
{"id_image":629,"data":{"Best_template_id":125,"GT_R":[-0.6421870741869682,0.7643816853814611,0.057593316163590105,-0.2742534953132453,-0.29927030272309746,0.9139051442653089,0.7158077846633942,0.5711018707161505,0.4018215058939289],"GT_T":[-101.36558731034322,32.90848998882809,913.8503589619876],"R_pred":[-0.4405061532883717,0.6812446290614427,-0.5846880230430743,-0.6189373755682055,-0.7022139933428302,-0.35186934034987716,-0.6502852097655486,0.2068846609308017,0.7309773478239411],"T_pred":[-152.41399046642812,34.271271713223406,1150.5009559796652],"rotation_error":96.46919742573445,"translation_error":242.09771107475953,"ADD":0,"ADD_S":0}}
{"id_image":633,"data":{"Best_template_id":146,"GT_R":[-0.6407182756593566,0.7658149898324923,0.0548518010605256,-0.2787841551096031,-0.2986200879032944,0.9127459247382541,0.715373647741379,0.5695202052647652,0.40482814427915664],"GT_T":[-96.91803358457314,29.059356448085346,912.0190855998286],"R_pred":[-0.5436125459582293,0.5742937412114901,-0.6121046468391841,-0.6134189743271561,-0.7696024730113687,-0.17728281211162358,-0.5728896593692646,0.2791034437983443,0.7706482374259173],"T_pred":[-136.63650641813985,38.16298335259406,1122.2750650742935],"rotation_error":88.43416148410385,"translation_error":214.1681816045835,"ADD":0,"ADD_S":0}}
{"id_image":640,"data":{"Best_template_id":125,"GT_R":[-0.6401151417622618,0.7658379615734555,0.061204025381551085,-0.2753338252729749,-0.30304580059173397,0.912335288342897,0.7172476986197126,0.5671471672720658,0.4048454363720054],"GT_T":[-87.47822996551469,31.215608477521922,911.7322504937146],"R_pred":[-0.4820742015573247,0.8292988139704804,0.2826091671195795,-0.4911713760127767,-0.5229205477845542,0.6966381988452954,0.7255033725480423,0.19702176999473003,0.6594143451348026],"T_pred":[-135.166954378163,23.233524942803932,1003.2913790228847],"rotation_error":26.534711101787515,"translation_error":103.54227209541925,"ADD":0,"ADD_S":0}}
{"id_image":642,"data":{"Best_template_id":125,"GT_R":[-0.6389174786777355,0.7669370678884881,0.0599360799721206,-0.27703450516509154,-0.3020748043645463,0.9121419437541771,0.7176595836118748,0.5661782069996742,0.405469264593124],"GT_T":[-86.16098090056865,29.98571670995148,911.7475289745961],"R_pred":[-0.6783541056484196,0.7264920070202652,-0.10975003911434343,-0.6868777959976393,-0.5740259904800374,0.4457499922813656,0.2608344316139231,0.3777612023343305,0.8884041159830155],"T_pred":[-133.52124806410242,28.33224994346951,1135.8721224427609],"rotation_error":40.73051256598842,"translation_error":229.07981634229432,"ADD":0,"ADD_S":0}}
{"id_image":644,"data":{"Best_template_id":146,"GT_R":[-0.6398113705217654,0.7662739957517625,0.05888133114145389,-0.27757926964396723,-0.3018521942029173,0.9120503600853926,0.7166524453195074,0.5671953645959718,0.40583022483514036],"GT_T":[-86.00612432785526,29.135351981019024,910.9561731072247],"R_pred":[-0.4308565149221406,0.8816407882143382,0.19254138284002215,-0.42089692891660696,-0.3850606293988077,0.8213245929080433,0.7982533675329633,0.2728329749934835,0.5369857809835281],"T_pred":[-135.48960677776373,11.516283762331755,1015.46114010258],"rotation_error":19.13651750878529,"translation_error":116.96296305653962,"ADD":0,"ADD_S":0}}
{"id_image":651,"data":{"Best_template_id":125,"GT_R":[-0.6407990167191335,0.7656977871434412,0.05553830375214079,-0.2810440290815654,-0.3012910435249872,0.9111745582150542,0.7144167470177898,0.5682704065560097,0.4082614600103606],"GT_T":[-81.00780163292453,24.730291966392347,907.7531555226748],"R_pred":[-0.6267964971314042,0.7790794088076878,-0.01270535145777374,-0.522087797312554,-0.4078218510171143,0.7490698697253152,0.5784033913119178,0.47614767940717584,0.6623691601471453],"T_pred":[-131.12143723987484,10.442047381601297,1107.6161615422868],"rotation_error":17.839020336914444,"translation_error":206.5447931618139,"ADD":0,"ADD_S":0}}
{"id_image":653,"data":{"Best_template_id":125,"GT_R":[-0.6408382431947875,0.7656177598180972,0.0561758353682751,-0.2802712547363628,-0.3014619946848849,0.9113555476736882,0.7146842741146063,0.5682866477682522,0.40776913644471785],"GT_T":[-78.94625951098936,24.911385427405442,907.1553558380463],"R_pred":[-0.31486663349378186,0.8936881383248685,0.31965686998674525,-0.5681668239804418,-0.44725179948772453,0.690762106649583,0.7602930114372155,0.03587951048192867,0.6485886196097698],"T_pred":[-132.63880038895198,14.992993030588883,1016.5838669472112],"rotation_error":34.11674312409957,"translation_error":122.29416379058135,"ADD":0,"ADD_S":0}}
{"id_image":660,"data":{"Best_template_id":125,"GT_R":[-0.6420670406713762,0.764623871174974,0.05568957555337414,-0.2794832289955247,-0.30109021832536903,0.911720188005837,0.7138898265823315,0.5698211820249616,0.407020043309771],"GT_T":[-72.31150060246593,27.145265423326464,906.2284305810289],"R_pred":[-0.3976816088746994,0.8664405623225888,0.3018776075248817,-0.4460861637988427,-0.470092678969232,0.7615904461367424,0.8017833076524246,0.16820709004571255,0.5734543594988971],"T_pred":[-120.12408738090758,17.373935210182108,986.4514359014229],"rotation_error":26.04738129338631,"translation_error":93.90022860044745,"ADD":0,"ADD_S":0}}
{"id_image":662,"data":{"Best_template_id":146,"GT_R":[-0.6434334608025002,0.7634957041702148,0.055396008504187876,-0.27797465929708687,-0.30046184013422544,0.9123883184982697,0.713248374661364,0.5716621731122217,0.4055602817335729],"GT_T":[-72.63183001564876,28.81063075190129,905.6929494101528],"R_pred":[-0.6830454554920832,0.729340191139071,-0.03888176077334926,-0.5015690155078562,-0.42970326570591644,0.750855263099454,0.5309213015260289,0.5323701616646954,0.6593213044904691],"T_pred":[-114.96636508364135,14.434098173431117,1109.277532679796],"rotation_error":18.35910196440785,"translation_error":208.43603357739562,"ADD":0,"ADD_S":0}}
{"id_image":671,"data":{"Best_template_id":125,"GT_R":[-0.6478295764163885,0.7597690883146154,0.0553863461628945,-0.2756967778535042,-0.3016121215698161,0.912700539969417,0.7101462482725706,0.5760037235186071,0.4048596091909472],"GT_T":[-67.03734517303917,28.372209120635652,903.3939062235363],"R_pred":[-0.4413456032031463,0.832807266247309,0.33413487668744546,-0.470167636101516,-0.5317748295600833,0.7043847844815052,0.7643012838507881,0.15377772248290028,0.6262555066201083],"T_pred":[-116.76129961847958,22.284633452273884,1061.049644123742],"rotation_error":28.660260195805463,"translation_error":165.42328105822529,"ADD":0,"ADD_S":0}}
{"id_image":681,"data":{"Best_template_id":125,"GT_R":[-0.6524153959218866,0.7552010131123528,0.06345573569643678,-0.27042484395006605,-0.31019892491697015,0.9113986574676669,0.707972362332072,0.5774497999082325,0.4066034384025911],"GT_T":[-59.98633583150141,29.258128935670584,899.800319855669],"R_pred":[-0.6102188854553363,0.7918025245169528,0.02610888741841927,-0.5561052617061032,-0.45158076028300187,0.6977261316913769,0.5642515837252331,0.41124637276310005,0.71588865834902],"T_pred":[-112.31200987474216,14.705463845871302,1172.4765620207954],"rotation_error":22.1693098691148,"translation_error":278.0325327485796,"ADD":0,"ADD_S":0}}
{"id_image":682,"data":{"Best_template_id":125,"GT_R":[-0.6527866598692906,0.7547747545247262,0.06469776629720841,-0.26830455620718935,-0.3102261627660972,0.9120158765874959,0.7084361061534344,0.5779923694224873,0.40502062282860085],"GT_T":[-59.09918418903659,30.129405004583706,899.7388677325658],"R_pred":[-0.45112454780315986,0.8609245784761875,0.235149978832645,-0.4582172376538397,-0.4495411860752504,0.7667787719668182,0.7658482914300189,0.23816295303353963,0.5972895464647482],"T_pred":[-106.6289058107566,18.61517852820223,984.6249045680465],"rotation_error":22.828019943793212,"translation_error":97.96576493052146,"ADD":0,"ADD_S":0}}
{"id_image":701,"data":{"Best_template_id":146,"GT_R":[-0.6628806212634677,0.7450535950883728,0.074065806015744,-0.25354130059758656,-0.3164489521890146,0.9140988561963485,0.7044894807106183,0.5871595983100305,0.39866996801287474],"GT_T":[-57.65543880970255,42.97303961952989,897.6928299229457],"R_pred":[-0.49165942817755615,0.6539168823680278,-0.5750336665258803,-0.5564482489485615,-0.7438764727716012,-0.370152859639043,-0.6698032195549662,0.137987333516378,0.7296047853892147],"T_pred":[-91.9295699487322,52.30933471626883,1030.166489642121],"rotation_error":98.37572262555432,"translation_error":137.15375675081094,"ADD":0,"ADD_S":0}}
{"id_image":712,"data":{"Best_template_id":125,"GT_R":[-0.6625638753972477,0.745282991057544,0.0745894273441214,-0.24816369156186288,-0.3123922897103073,0.9169652967063037,0.7066996844821002,0.5890370922417155,0.3919318504750794],"GT_T":[-46.66284037332283,50.75604012049485,897.5085019916271],"R_pred":[-0.5231642651383608,0.42674982710768417,-0.737688102619122,-0.4846565476207054,-0.8609774060938711,-0.15435652575854478,-0.7010044097797228,0.2767715506684729,0.6572597098635752],"T_pred":[-61.80832639197701,64.09474139220607,924.9303281432161],"rotation_error":96.24087709378695,"translation_error":34.04795511987719,"ADD":0,"ADD_S":0}}
{"id_image":721,"data":{"Best_template_id":125,"GT_R":[-0.6596129846275088,0.7482666425325267,0.07077363200095119,-0.252241975755446,-0.3090871319988241,0.9169735281379311,0.7080152009857081,0.5869946134258635,0.3926219795373781],"GT_T":[-36.238187643632756,48.679745069665344,895.540389141624],"R_pred":[-0.5279222771706138,0.7676680344717534,0.36329582727753496,-0.4969279273428625,-0.6261008455682007,0.6008829887802707,0.6887384875943267,0.1366876732886289,0.712008269388229],"T_pred":[-81.29797376743896,43.17889568376176,1054.4103680705023],"rotation_error":33.61055972764823,"translation_error":165.22806624285045,"ADD":0,"ADD_S":0}}
{"id_image":722,"data":{"Best_template_id":125,"GT_R":[-0.6604123599450833,0.7476286793322766,0.07004994077308221,-0.25301648540167276,-0.309387070932499,0.9166582442395097,0.7069925604155386,0.5876484241962836,0.3934854774249316],"GT_T":[-35.50518151574993,48.907338049636394,895.469216148707],"R_pred":[-0.4684766080105123,0.683043947726122,-0.5603397480294254,-0.5351997781319097,-0.7240344850653537,-0.43512671938609204,-0.7029159730967278,0.09604701927110007,0.7047581889234191],"T_pred":[-74.18316594380357,53.949870659628736,1139.1958539495229],"rotation_error":102.17640011011505,"translation_error":246.82805267681726,"ADD":0,"ADD_S":0}}
{"id_image":735,"data":{"Best_template_id":125,"GT_R":[-0.6620731555086863,0.7455884464671172,0.07588086825815119,-0.2481312484938274,-0.3136182077716066,0.9165557777097147,0.7071706290022997,0.5879981522429106,0.39264228579907695],"GT_T":[-27.13166479605899,50.30024912216859,892.9146349013342],"R_pred":[-0.4980641970799037,0.7396913108003939,0.452535987865657,-0.5197978997211156,-0.672394922550347,0.526967941694777,0.6940765080541683,0.0272366087262699,0.7193858270166464],"T_pred":[-68.98283107908054,49.53336092248817,1096.2882068195431],"rotation_error":40.19277412043894,"translation_error":207.63650447724942,"ADD":0,"ADD_S":0}}
{"id_image":737,"data":{"Best_template_id":125,"GT_R":[-0.6628335242406885,0.7450511886974551,0.07450806097868838,-0.24913450397181533,-0.31328555585738393,0.9163976393768144,0.7061049627691272,0.5888558276374695,0.3932735267671018],"GT_T":[-26.347242499710404,49.457377189870776,892.0679126113383],"R_pred":[-0.5677490696310623,0.805044193383579,0.17194429514364773,-0.43717081307632316,-0.4718440070508523,0.7656663197531819,0.697526109996787,0.3595373133759247,0.6198308205979858],"T_pred":[-68.49278248818455,39.40357477472316,1107.889219546603],"rotation_error":18.618577496875744,"translation_error":220.1276039281958,"ADD":0,"ADD_S":0}}
{"id_image":751,"data":{"Best_template_id":125,"GT_R":[-0.664257408531618,0.7435339395836783,0.0769457247784471,-0.24541768941997885,-0.3141588101250235,0.9171009903602699,0.7060686043667708,0.5903065234246868,0.3911589606359658],"GT_T":[-20.613478926440884,52.79521888483506,890.6731711424841],"R_pred":[-0.6260564863300038,0.7719990309119924,0.1098670660165032,-0.421395338927576,-0.4534988775953914,0.7853437058701328,0.6561091709877582,0.44537205153743653,0.609232707144891],"T_pred":[-56.05897594845412,40.34825453371004,966.2619382902038],"rotation_error":15.320822413543675,"translation_error":84.40954862814942,"ADD":0,"ADD_S":0}}
{"id_image":757,"data":{"Best_template_id":146,"GT_R":[-0.6673484710591457,0.7402545215723246,0.08166928876775927,-0.24117597382392716,-0.3185596293292137,0.9167086685263159,0.7046132690199115,0.5920673784187684,0.3911224337378431],"GT_T":[-19.505646621141267,53.37630398229769,888.2994574594803],"R_pred":[-0.6934557184259108,0.6158276241114898,-0.3739993368491468,-0.5958606326759904,-0.782001508125602,-0.18282162814134587,-0.40505465434848714,0.09607277798878175,0.9092308553498094],"T_pred":[-47.66783473007953,64.5453290031024,1131.6774681254562],"rotation_error":83.09566205564205,"translation_error":245.25642098572357,"ADD":0,"ADD_S":0}}
{"id_image":769,"data":{"Best_template_id":125,"GT_R":[-0.6731306490335882,0.7344297813197963,0.0866497999305895,-0.23524061426151863,-0.32373082434224876,0.9164387373046099,0.7011109623222039,0.596499306239211,0.39068071987404673],"GT_T":[-16.94516964982806,54.4615043031079,884.8109914540739],"R_pred":[-0.4173773098666316,0.8604626425272491,0.29223316379822006,-0.4957892553277782,-0.48512288858540437,0.7203115973466487,0.7615702170581653,0.1557556541046805,0.6290874189684628],"T_pred":[-64.61400926982003,47.22409312290476,1057.2516889662154],"rotation_error":29.27022531505063,"translation_error":179.0544401844917,"ADD":0,"ADD_S":0}}
{"id_image":923,"data":{"Best_template_id":125,"GT_R":[-0.7530808300952733,0.6485022472382167,0.11097069429176638,-0.19335300661711466,-0.3793647335906994,0.9048189800830393,0.628874831180885,0.659944495651911,0.41108228093218],"GT_T":[-8.712050096995775,45.78961058897653,840.1855786248422],"R_pred":[-0.7468215392708389,0.6649482702792449,0.01006907809957791,-0.43231989003053767,-0.4969439959515863,0.752426858619264,0.5053287060568782,0.5575755220060421,0.6585988430710845],"T_pred":[-51.38416867364025,30.392525224306485,1116.48869623064],"rotation_error":17.80794377797339,"translation_error":280.00248702507895,"ADD":0,"ADD_S":0}}
{"id_image":1026,"data":{"Best_template_id":146,"GT_R":[-0.8163964039022968,0.5649238163330498,0.11982621561165314,-0.15390312551549232,-0.4128262994510359,0.8977130889835521,0.5566058673062778,0.7144475785662483,0.42397358960913223],"GT_T":[-33.34455435046945,57.8978937864643,799.974116599684],"R_pred":[-0.8236906975820825,0.5594750620219094,0.09231083193386935,-0.24653218598590268,-0.49994248611902303,0.8302285178468292,0.5106422583274466,0.661093915830959,0.5497265851871584],"T_pred":[-79.46561289203066,41.176112153454476,969.564889812946],"rotation_error":8.343535134121872,"translation_error":176.5440465749221,"ADD":0,"ADD_S":0}}
{"id_image":1044,"data":{"Best_template_id":146,"GT_R":[-0.8285322174081167,0.544201675971257,0.13183217443446346,-0.1380686000455684,-0.4267242865103117,0.8937805916664917,0.5426524260695189,0.7223234873028056,0.42869175561931927],"GT_T":[-42.672748903080816,62.55267321328181,794.3351049111748],"R_pred":[-0.8644558198481463,0.500059338239108,0.051544095399323614,-0.2003290774469704,-0.43670921925352824,0.8770138645131099,0.4610687543739165,0.7478139581866864,0.4776922520632355],"T_pred":[-90.13503209529162,40.95256173242279,989.8368390857255],"rotation_error":6.2333809988150115,"translation_error":202.33675199295814,"ADD":0,"ADD_S":0}}
{"id_image":1052,"data":{"Best_template_id":146,"GT_R":[-0.8325204865542464,0.5383542853886447,0.13070946649897985,-0.13699537509724938,-0.42867162051983665,0.8930132972867741,0.5367880630233344,0.7255443591639527,0.43063009857878287],"GT_T":[-45.56924791501551,60.93236527478938,789.6649402499767],"R_pred":[-0.8420033687111421,0.5265118830978561,0.11753962751275887,-0.21471806410854302,-0.5269562707767153,0.8223218601220431,0.4949004748679963,0.667159895111994,0.5567505674263702],"T_pred":[-101.0276578469749,45.01911114627066,1034.7977668930819],"rotation_error":8.32730215814039,"translation_error":251.83123235051434,"ADD":0,"ADD_S":0}}
{"id_image":1058,"data":{"Best_template_id":146,"GT_R":[-0.8347085137025565,0.5357938681314174,0.12723195978721177,-0.13809513658435646,-0.4273107447283751,0.8934958811914242,0.5330969800200777,0.7282375464113898,0.4306706908198102],"GT_T":[-45.876259398803974,59.9822088833293,786.2827279492237],"R_pred":[-0.8214971645540684,0.5654888501620429,0.0732445832265868,-0.264572982756052,-0.49179627263180425,0.8295405734628233,0.505117358071559,0.6620866911272832,0.5536223153079484],"T_pred":[-102.20777232270322,43.2201890851939,1002.9427523716339],"rotation_error":8.930603632834673,"translation_error":224.4900239180527,"ADD":0,"ADD_S":0}}
{"id_image":1066,"data":{"Best_template_id":125,"GT_R":[-0.8383281610575885,0.5299666140085367,0.12783675105808798,-0.13627411330610864,-0.430758338148737,0.8921190894792089,0.5278593596482448,0.7304674501246725,0.43333733902861515],"GT_T":[-46.398797234373454,58.873220623754406,781.4882671158736],"R_pred":[-0.9076797111531937,0.4118032488154114,-0.08084322003685535,-0.32391740233145916,-0.5649902847987391,0.7588567022500886,0.26682402145926565,0.7149853581354743,0.646220457138424],"T_pred":[-101.03829161283588,47.52630921845475,1075.3776146794278],"rotation_error":20.2404830958948,"translation_error":299.1407283465515,"ADD":0,"ADD_S":0}}
{"id_image":1077,"data":{"Best_template_id":125,"GT_R":[-0.8410897697478754,0.5244882229337093,0.13221522369093652,-0.1306776810657002,-0.4342358824898713,0.8912703854837811,0.5248718981648621,0.7323603957133712,0.4337709371052727],"GT_T":[-45.8164799235976,61.11342966752285,779.1614989281229],"R_pred":[-0.8826355252314579,0.467590822020106,-0.048097325933462665,-0.3026473264653378,-0.4870111808244757,0.8192830436029619,0.359665296328088,0.7376848466076222,0.5713684815447182],"T_pred":[-95.30780076099941,48.39225079062991,996.7705024795231],"rotation_error":14.144561802741395,"translation_error":223.52829274362978,"ADD":0,"ADD_S":0}}
{"id_image":1094,"data":{"Best_template_id":125,"GT_R":[-0.8458418911274644,0.5173267086309175,0.13010036120613178,-0.12246902349548072,-0.4257062870090618,0.8965359837311679,0.5191849892635075,0.7423932708376212,0.42343579096888306],"GT_T":[-45.24671722793368,73.11058293038718,776.6801775886075],"R_pred":[-0.7932706685131092,0.594495028928222,0.1315192269457102,-0.2789250172599736,-0.5468281243012482,0.7894174036716584,0.5412231344124974,0.5895376689006488,0.5996022479309938],"T_pred":[-103.52222705246976,70.01341260372763,972.0447076276288],"rotation_error":13.725630949175827,"translation_error":203.89440185230583,"ADD":0,"ADD_S":0}}
{"id_image":1098,"data":{"Best_template_id":125,"GT_R":[-0.8486257399630007,0.513157661593777,0.12847055290676365,-0.12147520749891458,-0.4254071125600509,0.8968126043761521,0.5148578200756501,0.74545121024439,0.42334750082447503],"GT_T":[-46.23357611109035,73.36418629064983,774.6024151177172],"R_pred":[-0.8721805276367776,0.4889620388357969,0.014739463652822832,-0.23926961348355824,-0.45268751147922803,0.8589668614179317,0.42667455897283224,0.7456474646428325,0.5118189906569064],"T_pred":[-100.13193333149897,66.74324445533259,990.5999695193497],"rotation_error":8.672071891928672,"translation_error":222.7191354359378,"ADD":0,"ADD_S":0}}
{"id_image":1105,"data":{"Best_template_id":146,"GT_R":[-0.851474603713564,0.5088093826354886,0.12690663228980872,-0.11925387751624265,-0.42354316373587103,0.897991694428014,0.5106562848340942,0.7494828952765299,0.4213136567597024],"GT_T":[-45.58394054197788,74.94537720584772,771.7524471966656],"R_pred":[-0.8927732578361842,0.4463274631081117,0.06121850837813153,-0.15047672115230154,-0.4235190967190574,0.8933019260616907,0.4246323898194987,0.7883041103468579,0.4452684169424448],"T_pred":[-98.58663522648138,65.33286994135818,999.9231561884786],"rotation_error":5.789346728486614,"translation_error":234.44308132584166,"ADD":0,"ADD_S":0}}
{"id_image":1113,"data":{"Best_template_id":146,"GT_R":[-0.8525269817838602,0.5083129276212506,0.12172549230503024,-0.11785296810720822,-0.41382800541833337,0.9026947419897978,0.5092235582650183,0.7552247638481961,0.4127060138836654],"GT_T":[-44.12421886772609,79.48493479645401,770.2131931963582],"R_pred":[-0.8935438248613956,0.44827794023687756,-0.02502641302803904,-0.25904306638885616,-0.46921363355656903,0.844236492838648,0.36670986189074084,0.760845223670113,0.5353862370386913],"T_pred":[-95.82806327568176,78.88007589736523,1011.5510158990797],"rotation_error":12.08399674717957,"translation_error":246.81490645368268,"ADD":0,"ADD_S":0}}
{"id_image":1125,"data":{"Best_template_id":125,"GT_R":[-0.856729258151312,0.5022421086776138,0.11733668179500051,-0.11719169087790811,-0.41110990410578674,0.9040219140018755,0.5022758813181479,0.7607507379518317,0.4110687949457594],"GT_T":[-46.474449384421725,77.60433610185407,764.8688272799136],"R_pred":[-0.8697267458956464,0.4924594298718603,0.032543776733074764,-0.24656263153706692,-0.4906796922886588,0.8357274126801298,0.42753041553003746,0.7188304038546155,0.5481793450057423],"T_pred":[-105.26132647666711,76.61445587491554,1014.6353650321954],"rotation_error":10.04609615030946,"translation_error":256.59345307681656,"ADD":0,"ADD_S":0}}
{"id_image":1130,"data":{"Best_template_id":125,"GT_R":[-0.8594561837307887,0.4976394501152107,0.11700858974606097,-0.11611732216952383,-0.41293908955145175,0.903326074765127,0.4978471849096456,0.7627818683447314,0.41268742161158517],"GT_T":[-48.75747354980331,77.18909618332202,762.2014076461024],"R_pred":[-0.8681410740270625,0.4953098460846699,-0.03161063047012891,-0.3431852845692803,-0.55305817875869,0.7591775229570636,0.35854558432958067,0.6699214933704558,0.6501155717855545],"T_pred":[-113.25227418365911,83.35198883946896,1053.4052443510855],"rotation_error":18.127817806879374,"translation_error":298.32404372828285,"ADD":0,"ADD_S":0}}
{"id_image":1145,"data":{"Best_template_id":146,"GT_R":[-0.8634223170306099,0.49102313111144985,0.11575381390887293,-0.11560454462271007,-0.41592455378140725,0.9020217110134581,0.4910572907609445,0.7654430641209898,0.4158828828707349],"GT_T":[-49.18711682537855,73.75051583941877,756.6389078826282],"R_pred":[-0.880337617776232,0.4206402331499315,0.21924295423944679,-0.266562129069686,-0.8210133578146286,0.5048580965338524,0.3923650214709575,0.38600370535205986,0.83489569970181],"T_pred":[-98.054091138332,85.32066306792696,939.5724516125366],"rotation_error":34.15364025681125,"translation_error":189.70116211287296,"ADD":0,"ADD_S":0}}
{"id_image":1150,"data":{"Best_template_id":146,"GT_R":[-0.8648877306399618,0.4884326293898858,0.115772596313033,-0.11514468097169919,-0.4175352120939322,0.9013358751483547,0.4885807383851713,0.7662233462279445,0.41736127657280214],"GT_T":[-48.7634272218483,71.6591306966138,755.8131879231743],"R_pred":[-0.9064889444642701,0.4221144261003513,0.009859251595549401,-0.18559876355295724,-0.41932883106777297,0.8886599070527198,0.37925043511071516,0.803730516226245,0.4584608650201534],"T_pred":[-105.15202254219943,60.65601769503276,1001.0672036213314],"rotation_error":7.854053229277826,"translation_error":251.89337901977453,"ADD":0,"ADD_S":0}}
{"id_image":1169,"data":{"Best_template_id":125,"GT_R":[-0.871255539667273,0.47770123384743296,0.11276987893077198,-0.11342306985633527,-0.4194811593656556,0.9006506268317067,0.47754544204899857,0.7719052426609713,0.4196572653700722],"GT_T":[-48.48734095054137,68.17578598849677,756.1968967940367],"R_pred":[-0.9409350200153206,0.33844546813845516,-0.009795570698545697,-0.17573927340144008,-0.4634470577558306,0.8685231905031654,0.28940800937966826,0.8189453521169809,0.4955517272221861],"T_pred":[-98.21995088022574,56.89326099100434,976.3470505318553],"rotation_error":12.142120957005702,"translation_error":225.97946378271268,"ADD":0,"ADD_S":0}}
{"id_image":1189,"data":{"Best_template_id":146,"GT_R":[-0.8774413762140636,0.4666469673442703,0.11107941442104644,-0.10828937999998972,-0.41828937027528457,0.9018355462664,0.46730103457143496,0.7792786463173651,0.4175578465032329],"GT_T":[-47.34327189644302,69.89296783531402,758.2889424426744],"R_pred":[-0.8895796397278523,0.4553341723152987,0.03631605848115363,-0.18879019070184846,-0.4389013308878867,0.8784781645775844,0.4159402943649778,0.7746201735475159,0.47640031303179453],"T_pred":[-101.61562047663199,58.478753687497836,973.2595506920418],"rotation_error":5.650558356985998,"translation_error":222.00931177796286,"ADD":0,"ADD_S":0}}
{"id_image":1192,"data":{"Best_template_id":125,"GT_R":[-0.8787126185396897,0.46428414671938995,0.11092429374815747,-0.10575731231712622,-0.41595034592564645,0.9032167185746448,0.46548767423660964,0.7819368019264629,0.4146030689901389],"GT_T":[-46.39509939226144,73.03060626455523,758.5518319413889],"R_pred":[-0.9324933505115833,0.3575532784894073,0.05110581467071881,-0.10774512313103966,-0.41042358686796465,0.9055072985812492,0.3447421350707781,0.838873132472313,0.4212418876642383],"T_pred":[-92.34170852072279,60.426729908486436,945.1870979455257],"rotation_error":7.667939531246326,"translation_error":192.62053656356994,"ADD":0,"ADD_S":0}}
{"id_image":1209,"data":{"Best_template_id":146,"GT_R":[-0.8870283143637891,0.4482271395545461,0.11078452440203271,-0.09565133464904492,-0.41312926678644046,0.905635173047466,0.4516982994338554,0.7927276584324429,0.40933124773293655],"GT_T":[-51.069452534240924,80.82308924333091,755.1376269119637],"R_pred":[-0.933361346369785,0.35715673141296944,0.03571647111888662,-0.12841324566160492,-0.42518092163068943,0.8959526897219128,0.3351814962694608,0.8316611407825196,0.4427110925545963],"T_pred":[-97.50493123329258,75.36641067928448,936.1502662502659],"rotation_error":7.4308927140713,"translation_error":186.95348251150514,"ADD":0,"ADD_S":0}}
{"id_image":1216,"data":{"Best_template_id":125,"GT_R":[-0.8885767675893498,0.44470842501887925,0.11254063346113023,-0.09303625621134624,-0.4149411767733892,0.905078824737807,0.4491933986289799,0.7937619236067339,0.4100813308443925],"GT_T":[-50.805026604846425,80.60665749773479,754.4196041209158],"R_pred":[-0.9207976731845459,0.39001867880975505,0.004132219430211803,-0.1770601849365753,-0.4274154608636912,0.8865470741731114,0.3475360930438046,0.8155988315306562,0.4626199412451615],"T_pred":[-103.84290614107665,78.19656812999185,979.339580573031],"rotation_error":7.789931741964637,"translation_error":231.10132194273623,"ADD":0,"ADD_S":0}}
{"id_image":1242,"data":{"Best_template_id":125,"GT_R":[-0.8976148516219452,0.4256739251534099,0.11441068443872837,-0.08122284715243588,-0.41485436093929573,0.9062554978466301,0.4332326759456008,0.804175059024972,0.40695413536829217],"GT_T":[-58.01445831136739,85.79228019691219,747.8851890523239],"R_pred":[-0.956238987676543,0.27331480333013136,-0.10443187601471077,-0.21636627456748286,-0.42028700277115383,0.88121760679836,0.1969584567291512,0.8652501682070058,0.46103092384418143],"T_pred":[-103.40939722603471,86.44760126087259,916.9217400518237],"rotation_error":16.051288449237546,"translation_error":175.02709932627505,"ADD":0,"ADD_S":0}}
{"id_image":1246,"data":{"Best_template_id":146,"GT_R":[-0.8992960748268407,0.4226714227097997,0.11231822001731419,-0.08109873789248469,-0.41353609748156483,0.906869230030392,0.4297545988296726,0.8064349817868112,0.4061697958922736],"GT_T":[-59.71156309485074,86.04590712184435,746.3032291223196],"R_pred":[-0.9126203733531564,0.35787912866639493,0.1976020835055324,0.04742092989324517,-0.3874245805442429,0.9206809706940714,0.40604840788852425,0.849602685762645,0.33660060427173266],"T_pred":[-104.09996938474715,73.42513039158429,862.6191913791621],"rotation_error":7.725162208036169,"translation_error":125.13599679535537,"ADD":0,"ADD_S":0}}
{"id_image":1263,"data":{"Best_template_id":125,"GT_R":[-0.9032869212978218,0.4134254981294055,0.11468196470159221,-0.07935541472238224,-0.4236826979906494,0.9023279471631978,0.42163329269113553,0.80596026219041,0.415514951587118],"GT_T":[-60.902478926266184,78.77655882989569,741.2260387223774],"R_pred":[-0.944842455133489,0.32615287418628075,0.02995058659440869,-0.11889473909096764,-0.4267569450684633,0.8965168993679502,0.3051831843234679,0.8435062610887134,0.44199594060390135],"T_pred":[-113.05984618375805,72.2487108127282,933.0997237210161],"rotation_error":7.4539033350626145,"translation_error":198.94349638509152,"ADD":0,"ADD_S":0}}
{"id_image":1266,"data":{"Best_template_id":146,"GT_R":[-0.9038876797477292,0.412173599511928,0.11445434987492349,-0.07950983953744145,-0.4247797036771145,0.901798944898786,0.4203153938072546,0.8060243210009851,0.416725284929108],"GT_T":[-60.764869107760305,76.99859435148376,740.6343343667914],"R_pred":[-0.9550078066768808,0.2892920870932564,0.06534659540818762,-0.06116127846210653,-0.40770041129927326,0.9110651308459149,0.29020576700523076,0.8660776310306318,0.4070505494717759],"T_pred":[-92.56619597050475,60.258300194957286,801.4129881709795],"rotation_error":8.257188413658747,"translation_error":70.60882803819565,"ADD":0,"ADD_S":0}}
{"id_image":1280,"data":{"Best_template_id":125,"GT_R":[-0.9089330959631813,0.3990601843932128,0.12079589450550868,-0.07190686067120276,-0.43541155842664686,0.8973554537379441,0.4106942368766961,0.806949690379591,0.4244549412622508],"GT_T":[-60.29474341462554,74.76479375114931,738.8901951275253],"R_pred":[-0.955046140083538,0.29428168900954504,0.03584909796946699,-0.09778037156129608,-0.42684905490593195,0.8990210694212054,0.27986759235193687,0.855101264084905,0.4364355151812561],"T_pred":[-111.70775153876262,66.60537555562571,945.7386360062583],"rotation_error":8.174737446779865,"translation_error":213.2982676995402,"ADD":0,"ADD_S":0}}
{"id_image":1284,"data":{"Best_template_id":125,"GT_R":[-0.9098547144232615,0.39733559869855994,0.11953500200589574,-0.07240277219996087,-0.43570275986093954,0.8971734658697682,0.4085602968683364,0.807643351502628,0.42519492487253713],"GT_T":[-59.12403046184851,73.76622555528584,738.8243675161816],"R_pred":[-0.8276878903148105,0.5211948933340671,0.2080592208692241,-0.2084101720611886,-0.6297077675711161,0.7483537449909815,0.5210546577928691,0.5760416743805014,0.6298238110529522],"T_pred":[-120.10731610816033,75.28778829124025,926.9404063761295],"rotation_error":18.93189917746915,"translation_error":197.75975414056458,"ADD":0,"ADD_S":0}}
{"id_image":1324,"data":{"Best_template_id":125,"GT_R":[-0.9265112328620186,0.3554015793763549,0.12355990855995728,-0.053990458994419316,-0.4505591780531961,0.8911131272403047,0.3723725271017997,0.8189545363840561,0.4366367182365112],"GT_T":[-70.07990833197377,67.63430848607616,731.6101236716381],"R_pred":[-0.9878820672106788,0.1517901448001891,0.03238476841191554,-0.04314404712996819,-0.4689980682726437,0.8821447744864647,0.14908927688067597,0.8700577934241301,0.4698636223641184],"T_pred":[-115.96636504765812,53.4381307408667,924.1450820259339],"rotation_error":13.322424058001427,"translation_error":198.4359054228452,"ADD":0,"ADD_S":0}}
{"id_image":1480,"data":{"Best_template_id":125,"GT_R":[-0.940477526186335,0.3165636015776279,0.12365261015235247,-0.009011912153822906,-0.3869401876694023,0.9220611012563795,0.33973619851332276,0.8660634256428977,0.36676136584970603],"GT_T":[-52.511836194058596,101.5413064553612,807.8914497060791],"R_pred":[-0.8278465032207645,0.5274242915722835,0.19103346242118832,-0.2215385922302821,-0.620267399228775,0.7524553180133662,0.5153550419446554,0.580596219513567,0.6303310325763574],"T_pred":[-95.59733538608889,124.34914972116795,970.3398844139209],"rotation_error":24.90137740793367,"translation_error":169.6055774262509,"ADD":0,"ADD_S":0}}
{"id_image":1542,"data":{"Best_template_id":125,"GT_R":[-0.9506704863458026,0.2877978479259887,0.11575133184904296,-0.013138439283527818,-0.41017091177403214,0.911913807416318,0.3099240049164725,0.865409159109086,0.3937190402396687],"GT_T":[-52.41741208361692,53.18834463304857,800.810455321972],"R_pred":[-0.9497752990682631,0.30527234539274206,0.06881625111996363,-0.07893450598418703,-0.4465045168373071,0.891292914932524,0.3028138455302594,0.8410960180516239,0.448175482788694],"T_pred":[-81.469041028123,37.84527125043799,948.8578442853161],"rotation_error":4.474283570695782,"translation_error":151.6490567857814,"ADD":0,"ADD_S":0}}
{"id_image":1564,"data":{"Best_template_id":125,"GT_R":[-0.9539020424096207,0.2777726555154153,0.11363609646141976,-0.011194677403779997,-0.4113072551009158,0.9114281885591149,0.2999085346002378,0.8681410907111922,0.39545632475604225],"GT_T":[-52.884063020774846,49.99403609799705,794.944421902317],"R_pred":[-0.9681262279151611,0.22639470618678198,0.10713096580056729,-0.005568358651906191,-0.4470816988998366,0.8944757950278809,0.2504008790014232,0.8653689337614544,0.43409216564674147],"T_pred":[-75.79615018837062,31.71399302902946,923.0885001703219],"rotation_error":3.7214807521130138,"translation_error":131.453522235562,"ADD":0,"ADD_S":0}}
{"id_image":1592,"data":{"Best_template_id":125,"GT_R":[-0.9565494640672948,0.2649060666678988,0.12181366073423576,0.0015305789030760134,-0.4132185796158873,0.9106308259625696,0.2915664423110164,0.871249665255329,0.3948590727994656],"GT_T":[-48.977086451638854,55.17619224741446,792.4207446435463],"R_pred":[-0.9700423201204319,0.2253008843776394,0.09087028487917885,-0.011590776565236008,-0.41654657487735447,0.9090404858181839,0.2426593313144671,0.8807544847780217,0.4066792181430199],"T_pred":[-69.00628433404526,35.63475853486062,880.632946520002],"rotation_error":3.0088087886686288,"translation_error":92.54420003029523,"ADD":0,"ADD_S":0}}
{"id_image":1593,"data":{"Best_template_id":125,"GT_R":[-0.9561684813126092,0.2660183815356421,0.12237951393965035,0.002291840139307084,-0.4111256803049699,0.9115756847027155,0.2928084974503998,0.8719004710360504,0.39249595074700655],"GT_T":[-48.732590230907554,55.56336593694826,792.2043467513271],"R_pred":[-0.9697538965763963,0.24381794815739202,-0.011410005750012442,-0.12456677044515571,-0.45416504515207834,0.8821662153261564,0.20990593077795566,0.856905432307632,0.470799936603554],"T_pred":[-71.54851040755463,42.4237926233238,906.5664593767773],"rotation_error":9.124518439535576,"translation_error":117.3537703038441,"ADD":0,"ADD_S":0}}
{"id_image":1613,"data":{"Best_template_id":146,"GT_R":[-0.9609427308773373,0.2486959547822658,0.12140492475355781,0.009241160336082192,-0.4096073059625765,0.9122153067174548,0.27659228621843374,0.8777086374301224,0.3913106559588461],"GT_T":[-51.821474101296836,60.66877834468892,787.3896377653275],"R_pred":[-0.9612533349289829,0.2587896154308168,0.0949734754185523,-0.030058226122916545,-0.4408654592911656,0.8970697575140593,0.2740228624225578,0.8594565618745135,0.43156214977751317],"T_pred":[-78.26465559016765,44.80309342646426,911.60196099761],"rotation_error":3.0081213428075615,"translation_error":127.98305765974953,"ADD":0,"ADD_S":0}}
{"id_image":1629,"data":{"Best_template_id":125,"GT_R":[-0.9637033399365253,0.23945431081004614,0.11805673677843823,0.009629467154528112,-0.4107361473579813,0.9117030352813943,0.2668010569063604,0.8797489779818641,0.3935224389550749],"GT_T":[-54.67611650604688,61.03354785785159,778.054069601113],"R_pred":[-0.9942645053116131,-0.06265282256747791,-0.08667593265596531,-0.054133089863764076,-0.4041414235306573,0.9130932692602743,-0.0922372053959515,0.9125482637159211,0.39843188166837695],"T_pred":[-54.158462752527655,40.87704393898933,806.3090129841445],"rotation_error":21.102051704751855,"translation_error":34.7115894366414,"ADD":0,"ADD_S":1}}
{"id_image":1656,"data":{"Best_template_id":125,"GT_R":[-0.9662988598054738,0.22953709634178818,0.11652976576545317,0.00971448423033512,-0.41984231832668406,0.9075452410328416,0.2572383337557319,0.8780918224004262,0.4034630162177835],"GT_T":[-54.67428201222765,52.44991931844076,771.1546280491981],"R_pred":[-0.9711270921813625,0.23465876128055216,0.04298181691888296,-0.07236833562682263,-0.4614519590091015,0.8842086368755202,0.22732134706176427,0.8555684398579337,0.46511036312802667],"T_pred":[-83.22727022671945,36.366976194301614,914.3208786666855],"rotation_error":5.685259408609731,"translation_error":146.86902161919792,"ADD":0,"ADD_S":0}}
{"id_image":1658,"data":{"Best_template_id":125,"GT_R":[-0.9664821035108176,0.22903469707279864,0.11600185567115136,0.00922327345624491,-0.42056770068256233,0.9072140697847599,0.25656965608864685,0.8778755990448152,0.40435875913409874],"GT_T":[-53.68953360566684,50.82269623627326,770.2247856833138],"R_pred":[-0.9711583763200472,0.22559354962337688,0.07719429040890698,-0.029703526973101885,-0.4356993687270807,0.8996020012073015,0.23657791230114422,0.8713630761394177,0.42983401558285694],"T_pred":[-79.29929596716472,32.114218458823004,890.9678527373363],"rotation_error":2.697671253982568,"translation_error":124.83891745194651,"ADD":0,"ADD_S":0}}
{"id_image":1669,"data":{"Best_template_id":125,"GT_R":[-0.9683772907906598,0.2202864477299297,0.1171301175185715,0.01346016788628391,-0.4226664940750531,0.9061849991207883,0.24912612164213344,0.8791059875651951,0.40633611248017065],"GT_T":[-57.2617541515349,55.049068355300975,762.5279462740287],"R_pred":[-0.9823519382125447,0.16666802962225466,0.08489073796293597,0.010038685249916468,-0.40622474553311827,0.9137180532937971,0.18677230599987174,0.898444892031998,0.3973825382337546],"T_pred":[-78.76942649511098,32.78402677590982,846.859478397115],"rotation_error":3.7992793350957212,"translation_error":89.83384304591326,"ADD":0,"ADD_S":0}}
{"id_image":1678,"data":{"Best_template_id":125,"GT_R":[-0.9702345374426286,0.21032683323113194,0.12003083277126239,0.01968780820260102,-0.4255061488851505,0.9047415384254381,0.2413642212695959,0.8801743962944594,0.4086996766536878],"GT_T":[-64.80468309959278,60.10084767839464,754.055068197094],"R_pred":[-0.9893968824504118,0.1310005000414866,0.06271106749439337,0.007985331266740052,-0.38206493175033696,0.924100980635326,0.145017390274292,0.9148033979579935,0.37696776997847314],"T_pred":[-78.49639839912423,36.3436219749016,760.2001631723339],"rotation_error":6.257781637921947,"translation_error":28.100374254177694,"ADD":0,"ADD_S":1}}
{"id_image":1695,"data":{"Best_template_id":146,"GT_R":[-0.9722730153477784,0.20624467205499297,0.1102204966640936,0.012593901427723842,-0.42446829970492667,0.9053552027042028,0.2335090410986979,0.8816409831152174,0.41010139712441773],"GT_T":[-70.2263738130464,55.868674662489475,743.7598204740874],"R_pred":[-0.9488673438249193,0.27955257297117664,0.14663261154271698,-0.006602707546158271,-0.4819788431621801,0.876157976050613,0.3156060330153755,0.8303895192554164,0.4591797885742096],"T_pred":[-111.5181077792731,35.665835561656785,889.0386200643443],"rotation_error":6.220479143316909,"translation_error":152.378120516227,"ADD":0,"ADD_S":0}}
