{"id_image":1,"data":{"Best_template_id":53,"GT_R":[0.8016331844129397,0.003396168609123216,0.5978069987760217,-0.2759702108715422,-0.8849566848336266,0.3750906956910463,0.530306957379306,-0.4656619870547144,-0.7084731270887596],"GT_T":[-18.182748438538447,-32.01197619657698,976.8400257542204],"R_pred":[0.8176323603292365,0.03890223411982463,0.5744248771797135,-0.07697901226823789,-0.9813696800943558,0.17603347028820449,0.570571253230172,-0.18814932147628927,-0.7994049523335234],"T_pred":[-42.207776158576614,-22.195800207215957,980.5971138862063],"rotation_error":17.1317873922143,"translation_error":26.223557715043547,"ADD":0,"ADD_S":1}}
{"id_image":29,"data":{"Best_template_id":53,"GT_R":[0.8074332316065793,6.348604077813106e-05,0.5899589553803174,-0.274606309553035,-0.8850254407017766,0.37592912037368537,0.5221520257773378,-0.46554413758126123,-0.7145812952234609],"GT_T":[-17.85079903843147,-36.14235843654589,975.5882065867268],"R_pred":[0.8349606901159276,0.057153707754996855,0.5473336273709026,-0.22726525579777973,-0.8700042441241754,0.43754213364325495,0.5011897340013096,-0.4897203986927425,-0.7134302920649767],"T_pred":[-42.576592266276755,-24.908997360609817,863.4441893229928],"rotation_error":4.641929854113578,"translation_error":115.38558774759169,"ADD":0,"ADD_S":0}}
{"id_image":37,"data":{"Best_template_id":53,"GT_R":[0.8059641690189481,0.008415607853425872,0.5919048218707471,-0.26927498723997606,-0.8852488480335101,0.3792438561976049,0.5271744640739402,-0.4650426221574612,-0.7112126567055542],"GT_T":[-33.57474005127467,-33.79444753588491,973.6490698232146],"R_pred":[0.8902428457939154,0.03116175976961813,0.4544189919455526,-0.19749836038753565,-0.872586154937758,0.4467525040278725,0.4104413151194537,-0.48746522638953405,-0.77065918531087],"T_pred":[-54.433805001809205,-23.093622552903426,879.4805515824609],"rotation_error":9.42998107670797,"translation_error":97.04286719582328,"ADD":0,"ADD_S":0}}
{"id_image":55,"data":{"Best_template_id":53,"GT_R":[0.827029884069562,0.008621326630092335,0.5620914784860348,-0.24976232581239607,-0.890141955472092,0.38113897996727486,0.5036265038998409,-0.4556025794365849,-0.7340208301717099],"GT_T":[-7.769820051888155,-21.655084559599118,963.0368530552024],"R_pred":[0.9125910603848626,0.05745321084569044,0.4048168537365423,-0.07338073018998864,-0.9509887493387069,0.30039252165789065,0.40223478832942405,-0.30384128619185846,-0.8636478726094685],"T_pred":[-31.014459239448005,-15.999694851671386,937.9564295903658],"rotation_error":14.412699193820586,"translation_error":34.66012586364776,"ADD":0,"ADD_S":1}}
{"id_image":61,"data":{"Best_template_id":53,"GT_R":[0.8253213228133691,0.009613659933457253,0.5645814766614389,-0.25654360289822725,-0.8843206172694389,0.39008125634498975,0.5030207562916994,-0.46678256520431793,-0.7273819309376433],"GT_T":[-19.05479605436885,-32.42272102960611,953.5775877923401],"R_pred":[0.9767470722523389,0.050889971722927,-0.2082675385760421,-0.0017049116640401457,-0.9695459775279213,-0.24490343144930685,-0.21438808297734582,0.23956378740842119,-0.9469144320580564],"T_pred":[-28.557009997047615,-16.52805827917935,976.4829327911713],"rotation_error":62.59893202550792,"translation_error":29.454833275334014,"ADD":0,"ADD_S":0}}
{"id_image":68,"data":{"Best_template_id":53,"GT_R":[0.8249038016756515,0.013019824737971104,0.56512378026675,-0.2593386614293651,-0.8795949522474178,0.3988187886299669,0.5022713153607351,-0.4755458388963267,-0.7222044525601825],"GT_T":[-30.08334757812913,-40.88773383146206,947.1323042847498],"R_pred":[0.9066966792117799,0.06824252868376031,0.41622600733877513,-0.2079513171959788,-0.78622304238655,0.5819016904055999,0.36695692060893104,-0.6141630767957996,-0.6986746979230946],"T_pred":[-52.85918979137199,-34.95303997961837,816.37220346378],"rotation_error":13.764132066945159,"translation_error":132.8614449204427,"ADD":0,"ADD_S":0}}
{"id_image":80,"data":{"Best_template_id":53,"GT_R":[0.8379139093273255,0.009750038966903221,0.545714818653545,-0.2522813512823691,-0.8797050064724373,0.40308086505134294,0.4839974756693038,-0.47542114440325994,-0.7346573320805807],"GT_T":[-19.372162068682442,-42.579212414612286,947.9670716547463],"R_pred":[0.8551310266525239,0.05830099962063254,0.5151232092416681,-0.23951768769994483,-0.8368103026411481,0.4923208249429452,0.45976320485122785,-0.5443799324340175,-0.701618332591205],"T_pred":[-44.78914261469677,-30.356099671653226,797.5285079860419],"rotation_error":5.730486758164412,"translation_error":153.05942905912852,"ADD":0,"ADD_S":0}}
{"id_image":88,"data":{"Best_template_id":53,"GT_R":[0.8447930569200439,0.006336707831525448,0.5350548483842977,-0.2501667145525602,-0.8792424758296957,0.4053998369784034,0.4730120239230224,-0.47633261544410116,-0.7411935675793888],"GT_T":[-18.56898854450301,-45.736721703555524,949.8554353899634],"R_pred":[0.7973214182587425,0.12175050496271686,0.5911475031895087,0.03797607858586403,-0.987622021250518,0.15218594086275367,0.6023590071054862,-0.0988916461707698,-0.792075797431362],"T_pred":[-40.82070452725936,-42.455711020826286,898.7696433469376],"rotation_error":23.772654618004452,"translation_error":55.81811573262495,"ADD":0,"ADD_S":0}}
{"id_image":99,"data":{"Best_template_id":53,"GT_R":[0.8688014321128398,0.014814082468657393,0.49493887553196036,-0.23734343980035383,-0.8647859241074421,0.4425089719588057,0.4345718011959469,-0.5019233530716547,-0.7478110342449575],"GT_T":[13.388299039324714,-77.44133709801176,954.903078974868],"R_pred":[0.9821875385806119,0.13969040298249225,0.12567509845449726,0.180304610282502,-0.8889230801268944,-0.42107719616311434,0.05289505239465903,0.436236574500928,-0.8982759957272946],"T_pred":[-5.967125112417191,-57.077701459488935,923.9786341254277],"rotation_error":62.193612497499366,"translation_error":41.78075381989207,"ADD":0,"ADD_S":0}}
{"id_image":114,"data":{"Best_template_id":53,"GT_R":[0.8695316848479558,0.010197432107140572,0.49377114162992136,-0.23405927231924895,-0.8718696304984983,0.43018599660376444,0.43489067297650436,-0.4896328102920516,-0.755732071807298],"GT_T":[6.028810985849022,-64.47866910402091,960.4537691157899],"R_pred":[0.9032502260232007,0.05864990129526246,0.425087306640757,-0.1215015728405747,-0.9151216733185341,0.38443424771988366,0.41155363804284795,-0.39888909749545964,-0.8194578030093767],"T_pred":[-17.424186053502893,-51.7528537631238,893.4462649926946],"rotation_error":7.869959416529652,"translation_error":72.1248574003796,"ADD":0,"ADD_S":0}}
{"id_image":120,"data":{"Best_template_id":53,"GT_R":[0.8728272679161599,0.007959774714090054,0.4879647725854835,-0.2281880058277232,-0.8771820877292388,0.4224717887660997,0.431396334993657,-0.4800925791663732,-0.7638118116582487],"GT_T":[4.658988292711,-54.122762700296384,967.2725707767742],"R_pred":[0.8808235341086299,0.01564065499376239,0.4731862970033579,-0.07891266862171381,-0.9806231225337078,0.17930722875344537,0.46682190661041556,-0.19527842037359608,-0.8625216785942309],"T_pred":[-16.077309848937034,-41.267297693265654,975.374000788103],"rotation_error":17.473202792899134,"translation_error":25.707784995887273,"ADD":0,"ADD_S":1}}
{"id_image":126,"data":{"Best_template_id":53,"GT_R":[0.8738058784302313,0.0010909120882865624,0.4862728500167381,-0.23204063269787095,-0.8778677537902823,0.4189346314239322,0.42733977886240593,-0.4789023647963102,-0.7668333097811203],"GT_T":[0.06744795943102577,-55.751003358260256,973.1958887867704],"R_pred":[0.9101820911123409,0.026006584816263334,0.4133911205681131,-0.1403119565306358,-0.9196626823738077,0.36678754818499204,0.38971927829260733,-0.3918471745402886,-0.8334114685627273],"T_pred":[-20.588762261258555,-42.061160198316585,900.0697735115344],"rotation_error":7.4274317937379,"translation_error":77.21087722382305,"ADD":0,"ADD_S":0}}
{"id_image":127,"data":{"Best_template_id":53,"GT_R":[0.873723006888129,0.0014495166413618786,0.48642062999394536,-0.23186143203667667,-0.8778394987969591,0.4190927271063515,0.42760650292509345,-0.4789539326895915,-0.7666528539230433],"GT_T":[-0.8895760822561236,-57.157634733728855,974.2595950789935],"R_pred":[0.9350447850999049,0.05794825399859198,0.3497617041872756,-0.1877821938149175,-0.7558483193806338,0.6272409152594625,0.30071431216942324,-0.6521773669393827,-0.6958703790997894],"T_pred":[-24.873292991283158,-45.975892814406635,814.1923760127169],"rotation_error":15.033150343534011,"translation_error":162.2398368118449,"ADD":0,"ADD_S":0}}
{"id_image":132,"data":{"Best_template_id":53,"GT_R":[0.8753574806154295,0.0002378354514706708,0.48347629199561515,-0.23437207802873672,-0.8744355393274801,0.42477244595249,0.42286976882637756,-0.4851411786333473,-0.7653879947121064],"GT_T":[-6.810356998986163,-62.94782993661815,978.9964519104609],"R_pred":[0.9398126350652654,0.022624879491480218,0.34094035519380544,-0.04854790833051935,-0.9788409696572339,0.19877992030690025,0.33822375961545587,-0.20336782181181498,-0.9188287204278631],"T_pred":[-23.51970206927032,-48.61247836281357,936.4919949220019],"rotation_error":19.59196281915952,"translation_error":47.86787420918303,"ADD":0,"ADD_S":1}}
{"id_image":164,"data":{"Best_template_id":53,"GT_R":[0.9065857879241933,0.006820584119907627,0.4219656709616571,-0.19182395060867222,-0.8839516013584804,0.4264182270695252,0.3759057426895217,-0.46752825150185123,-0.8000696985102866],"GT_T":[-4.480082514166576,-78.5939803938083,1041.0653093987628],"R_pred":[0.970372405296319,0.07397464427218214,0.23001118895445058,0.15800346614187302,-0.9144939304544215,-0.372472490056887,0.18279031628231798,0.3977795911894273,-0.8990879251255587],"T_pred":[-15.921880952522397,-40.59536841617029,882.8648866793895],"rotation_error":53.18059863506924,"translation_error":163.1017566193554,"ADD":0,"ADD_S":0}}
{"id_image":242,"data":{"Best_template_id":53,"GT_R":[0.9790711111844345,0.0036310615927511057,0.203486645348856,-0.08423532250404274,-0.9029510034104016,0.4214082227515543,0.1852679402100011,-0.42972971515026986,-0.8837465786073389],"GT_T":[113.95930320873074,-10.458457890608148,1008.4695912921751],"R_pred":[0.9849698073485847,0.15971104715472478,-0.06577887220401724,0.10381588218255844,-0.8517613224426932,-0.5135415389209831,-0.1380461561158017,0.4989940190096628,-0.8555397289280235],"T_pred":[84.95025009306437,23.872074792859397,826.0505115109888],"rotation_error":59.61666799724357,"translation_error":187.8745094610043,"ADD":0,"ADD_S":0}}
{"id_image":274,"data":{"Best_template_id":126,"GT_R":[0.9974911343101085,0.02876177897970712,0.06468724777174695,-0.0016609583704304115,-0.903989555665373,0.4275523521561643,0.07077366336832405,-0.4265875322595173,-0.9016735746926079],"GT_T":[130.63128382081342,-6.154364579007002,1000.0668025489687],"R_pred":[0.9825357752078258,0.056430107812821324,-0.1773107254764663,0.07677222736609832,-0.9909575122103786,0.11004196517268024,-0.1694977154477474,-0.12173270688705902,-0.9779834725249419],"T_pred":[111.29658348468482,15.175910449335118,868.9797400808959],"rotation_error":23.45715648140793,"translation_error":134.2111367077301,"ADD":0,"ADD_S":0}}
{"id_image":320,"data":{"Best_template_id":126,"GT_R":[0.9968430841695576,0.05460934994594689,-0.05762903539856726,0.07413802550428034,-0.8999742608383163,0.4295940731756721,-0.028404556261381997,-0.43251018614935416,-0.9011812683159992],"GT_T":[129.1832124984544,-7.020320372221445,978.8633048363192],"R_pred":[0.8676755370927399,0.09742127180082065,-0.48749180314292007,0.2721547155143904,-0.9136982332653709,0.3018068079931613,-0.4160179961901962,-0.3945435772236704,-0.819307263801221],"T_pred":[102.11600836724764,0.08706451050606012,779.1668171787909],"rotation_error":26.408488318713278,"translation_error":201.6478009850467,"ADD":0,"ADD_S":0}}
{"id_image":422,"data":{"Best_template_id":131,"GT_R":[0.9844898768259979,0.013433613914825483,-0.17492530115636643,0.0946245411084297,-0.8802649643372712,0.4649518706990966,-0.14773374692356808,-0.4742931292212607,-0.8678829561387599],"GT_T":[178.4462861373955,-20.2382262899685,881.7580222745627],"R_pred":[0.4855800886740729,0.12098951530378374,-0.8657791373496104,0.14282459687513585,-0.9880487874969497,-0.057971786700621905,-0.8624460052726404,-0.09550461094817857,-0.4970570965964597],"T_pred":[205.95853931896917,-5.430164942663911,904.083667714928],"rotation_error":56.923283454097835,"translation_error":38.4010051993623,"ADD":0,"ADD_S":0}}
{"id_image":455,"data":{"Best_template_id":53,"GT_R":[0.9638883845065246,0.0156601967756388,-0.2658455898016659,0.14053616820059547,-0.8778578470731809,0.4578381411942857,-0.22620379025639742,-0.4786659549121583,-0.8483579504335976],"GT_T":[147.55769721183785,-16.722136399914234,854.3630720216441],"R_pred":[0.8587860918632081,-0.011457612103557807,-0.5122061806999237,0.26543896752791396,-0.8451575249970904,0.46395141174319926,-0.43821068327921164,-0.5343944994717639,-0.7227682311739287],"T_pred":[129.84098531953452,-27.07494396045455,813.4652033050588],"rotation_error":15.898558527632847,"translation_error":45.7569466881206,"ADD":0,"ADD_S":0}}
{"id_image":492,"data":{"Best_template_id":126,"GT_R":[0.9190683521200858,0.015160887832794213,-0.3938054642837857,0.20035799747410205,-0.8784609152430631,0.433778444536646,-0.33936581975915037,-0.47757421529143806,-0.810402918178509],"GT_T":[148.44128248934945,-2.325853508828306,848.914132597817],"R_pred":[0.9081681462132553,0.002807992559189773,-0.41859614592273475,0.24499970192379777,-0.8143815282239302,0.5260778198564413,-0.3394197464214923,-0.5803230494004556,-0.74028332013745],"T_pred":[113.5618357302974,-15.68866059833649,745.9398348627665],"rotation_error":7.135488008505888,"translation_error":109.53924599683799,"ADD":0,"ADD_S":0}}
{"id_image":510,"data":{"Best_template_id":53,"GT_R":[0.8953129658318781,0.01670615659687117,-0.44512309737830624,0.22434884625785087,-0.8802068867172362,0.41821605811481394,-0.3848138303005098,-0.4742971606221993,-0.7918087640310931],"GT_T":[132.48124616606333,7.100301474886475,840.3512229271912],"R_pred":[0.9660533004932109,0.008003237777479882,-0.25821883895496733,0.1657498193106315,-0.7858819120563565,0.5957487874105478,-0.1981615956856102,-0.6183248082421748,-0.7605303501554757],"T_pred":[103.26218767123338,-10.318506293791335,822.7135311876655],"rotation_error":15.226669209451549,"translation_error":38.31783414162365,"ADD":0,"ADD_S":1}}
{"id_image":514,"data":{"Best_template_id":53,"GT_R":[0.8923139389409301,0.015427982180094583,-0.4511516835135951,0.22899276738666893,-0.8767497189307796,0.4229340366587265,-0.3890217511443449,-0.48070047216452105,-0.7858684491647802],"GT_T":[129.57597424497555,2.2714932402179677,835.8312952470129],"R_pred":[0.9661711570242311,0.007594516097595663,-0.25778987307437407,0.15092482351061165,-0.8271849700208735,0.5412824798752102,-0.2091291299239521,-0.5618784109545497,-0.8003484605597995],"T_pred":[92.58578542369114,-8.706297455012233,764.9684898221753],"rotation_error":13.133222584196824,"translation_error":80.68657354393572,"ADD":0,"ADD_S":0}}
{"id_image":515,"data":{"Best_template_id":53,"GT_R":[0.8912237174541534,0.012992476478701618,-0.45337811815591195,0.2288027355666805,-0.8759626737348478,0.4246643436136024,-0.39162495890782034,-0.48220506942900054,-0.7836511990805897],"GT_T":[131.32106117020763,1.4732608731884476,834.7700973081305],"R_pred":[0.9493123516600754,0.009636814082555387,-0.31418655413616237,0.1766467044848153,-0.8431237829772625,0.5078761939417563,-0.2600038476258991,-0.5376331634046102,-0.8020901326081004],"T_pred":[94.92310110549711,-8.934108208969262,760.0947707850303],"rotation_error":9.44421697083409,"translation_error":83.72293126387866,"ADD":0,"ADD_S":0}}
{"id_image":523,"data":{"Best_template_id":53,"GT_R":[0.8816782999923682,0.021304107413316696,-0.4713697333485585,0.24558706157449084,-0.8737242457286278,0.4198725558470637,-0.4029017057769424,-0.4859546851880891,-0.7755766199577943],"GT_T":[134.19293364873735,2.107133843194589,829.5374263497632],"R_pred":[0.9042914972324769,0.01799214395725035,-0.4265362479190575,0.25200464782912274,-0.8289694932070979,0.49930275064782825,-0.34460201030401133,-0.5590043488988159,-0.7541641680739315],"T_pred":[105.61199896450309,-11.068733744316734,788.2082229512401],"rotation_error":5.743218576200104,"translation_error":51.94782351229537,"ADD":0,"ADD_S":0}}
{"id_image":525,"data":{"Best_template_id":53,"GT_R":[0.8782217457170314,0.022187067574617934,-0.4777378996732997,0.24876725253763562,-0.8743430279166118,0.4167010291915949,-0.40846161971051054,-0.4848018190527726,-0.7733861502307203],"GT_T":[136.18658549545663,5.962942999283058,829.239131496752],"R_pred":[0.8002627960907805,0.05459546441596258,-0.5971589340018042,0.37288256703488293,-0.8252033514794052,0.4242617351454561,-0.46961478723996947,-0.5621910386802359,-0.6807372383182777],"T_pred":[112.41637306274859,-9.935628654890321,782.8823962537997],"rotation_error":9.733320286820893,"translation_error":54.46773799345925,"ADD":0,"ADD_S":0}}
{"id_image":530,"data":{"Best_template_id":53,"GT_R":[0.8730373991473532,0.022777934436254227,-0.48712073031614755,0.25237468749523434,-0.8758364684110175,0.4113616987176793,-0.4172681584402177,-0.48207076856138953,-0.770386079362934],"GT_T":[132.67201531985836,9.484175415245547,828.4386154428978],"R_pred":[0.9277023439920714,-0.012031523195260602,-0.3731267926606425,0.24192544235489502,-0.7418384536566522,0.6254180913738389,-0.28432453515833733,-0.670470693711447,-0.6852945407495135],"T_pred":[98.35977450299102,-12.954773061373658,777.066397834718],"rotation_error":15.284674017101151,"translation_error":65.7262582275398,"ADD":0,"ADD_S":0}}
{"id_image":535,"data":{"Best_template_id":53,"GT_R":[0.8719002104384188,0.01621512895934664,-0.48941393082146545,0.24810514559281702,-0.8762984502879774,0.4129709424515995,-0.4221764838644698,-0.48149630119937964,-0.7680682732124017],"GT_T":[126.23520626375058,9.495182030577393,829.5054638394251],"R_pred":[0.8838082712732243,0.0009073694946917232,-0.4678483903035631,0.28135080354918096,-0.7999995085288757,0.5299457629755969,-0.3737976256897109,-0.5999999691951304,-0.707301471788782],"T_pred":[99.78843708382549,-9.513654629054516,793.0750335479639],"rotation_error":8.26329724007976,"translation_error":48.86659106618567,"ADD":0,"ADD_S":0}}
{"id_image":545,"data":{"Best_template_id":53,"GT_R":[0.8649974415802992,0.008074799553651795,-0.5017114704485293,0.24761133949159753,-0.8765190994676668,0.4127982734727263,-0.4364260838443629,-0.4812992260948173,-0.7601867906324319],"GT_T":[145.6603520470924,8.705462028395118,835.8572649846587],"R_pred":[0.8195599361840463,0.10376519257635716,0.5635195611614497,0.4197581623881812,-0.7781621877741733,-0.46719021246919273,0.3900315322002808,0.6194323161799873,-0.681306839508747],"T_pred":[100.2947617610502,12.765789356209634,796.705094741154],"rotation_error":88.00126904012852,"translation_error":60.061763833460844,"ADD":0,"ADD_S":0}}
{"id_image":561,"data":{"Best_template_id":53,"GT_R":[0.8710173910674751,0.011532415560903885,-0.49111553888830217,0.25030852489633293,-0.8706329831544826,0.4234904411528355,-0.4226974352336939,-0.49179871809747316,-0.7612233363285084],"GT_T":[141.13734826702498,-7.52663738789829,831.3023153079594],"R_pred":[0.9121069839215525,0.003853609874202593,-0.40993414053048205,0.21285712872592005,-0.8590521078352887,0.4655333702048699,-0.35036080350416576,-0.5118736423324459,-0.7843676954421507],"T_pred":[111.95290932462046,-18.103319117882357,800.9678021188406],"rotation_error":5.40943536438434,"translation_error":43.40253867253775,"ADD":0,"ADD_S":1}}
{"id_image":567,"data":{"Best_template_id":53,"GT_R":[0.8716660120919436,0.01030640220380294,-0.4899926722613942,0.25233515986378524,-0.8665208503757162,0.4306621189748319,-0.42014968769536626,-0.49903574221095004,-0.7579165359405852],"GT_T":[147.71805991197718,-11.833501547641898,824.1797847778205],"R_pred":[0.9509599707213142,0.18698841917744555,0.24639493740585883,0.2981347743553522,-0.7663262029162612,-0.5690868185470724,0.08240625222518276,0.6146376833692068,-0.7844932936467554],"T_pred":[93.62343193976623,-0.5424201885107759,743.4543229347732],"rotation_error":76.77563757790132,"translation_error":97.82799948626007,"ADD":0,"ADD_S":0}}
{"id_image":615,"data":{"Best_template_id":53,"GT_R":[0.8571371182132026,0.002405318399043977,-0.5150828513171082,0.26299093417965835,-0.8618676742454339,0.43361269612622977,-0.44288997623983006,-0.5071279435254789,-0.7393710239690934],"GT_T":[161.7238713816293,-20.3802419122441,817.8299937706137],"R_pred":[0.8990450337669144,0.007921457992103254,-0.43778451064687846,0.26153145472967554,-0.8116018060166638,0.5224019588951302,-0.35116851431474766,-0.5841573067023719,-0.731738283527795],"T_pred":[135.67021816988776,-36.315046393493006,794.507403239783],"rotation_error":7.317607800381207,"translation_error":38.42725684461633,"ADD":0,"ADD_S":1}}
{"id_image":629,"data":{"Best_template_id":53,"GT_R":[0.8586084754893661,-0.00013202668661005997,-0.5126311062060865,0.25874052915394685,-0.8631661176713572,0.43358793910978805,-0.44254261222221236,-0.5049213457741446,-0.7410872564520731],"GT_T":[149.22296473151584,-20.319485339730164,821.0022963592384],"R_pred":[0.8696001529636144,0.01471307779347425,-0.4935373332459275,0.2599047352058361,-0.8635103467698493,0.43220297273271824,-0.4198155578146703,-0.5041164611111779,-0.7547327282247004],"T_pred":[121.14767035944612,-29.97777806524879,782.449499354872],"rotation_error":1.5227449985114494,"translation_error":48.66028081824078,"ADD":0,"ADD_S":0}}
{"id_image":636,"data":{"Best_template_id":53,"GT_R":[0.8606862861796699,-0.004125332872734471,-0.5091194165510814,0.25275369175521245,-0.8645823709007567,0.4342955585614608,-0.4419664505660255,-0.5024741611014104,-0.7430913147003207],"GT_T":[139.19647041929983,-18.472660880165606,822.4982809140048],"R_pred":[0.8946676827630128,-0.07996481058407974,-0.4395171970329636,0.279888839179544,-0.6664787544773809,0.6909908158094478,-0.34818382375146045,-0.7412231100677658,-0.5738957448694673],"T_pred":[117.89265193838756,-43.744493822877374,820.2322123027881],"rotation_error":18.739703416222646,"translation_error":33.13085101688051,"ADD":0,"ADD_S":1}}
{"id_image":637,"data":{"Best_template_id":53,"GT_R":[0.8603383570004483,-0.004644051721179489,-0.5097014188311259,0.2527497117688575,-0.8644819510414657,0.4344993971902465,-0.4426455643682808,-0.5026439516859175,-0.7425729775137347],"GT_T":[138.64608116712648,-18.79034045552761,822.5438553520067],"R_pred":[0.8805022560728879,-0.027983949353975357,-0.4732152529548356,0.24766358387409038,-0.8240263010021261,0.5095521607052557,-0.4042010963285432,-0.5658600125784711,-0.718626411907812],"T_pred":[113.22123518323232,-32.41198629092876,796.3225038687625],"rotation_error":5.065874358111958,"translation_error":38.98116599304945,"ADD":0,"ADD_S":1}}
{"id_image":648,"data":{"Best_template_id":53,"GT_R":[0.8580075735025082,-0.001257270853471216,-0.5136345843750293,0.25824382245975436,-0.8633590563385662,0.43350062889598595,-0.4439959435072448,-0.5045901586458573,-0.7404437301853394],"GT_T":[131.2504770164936,-18.411590056265023,821.112416574244],"R_pred":[0.9080240718595197,-0.027261285702844848,-0.41803003148755474,0.23866074879595645,-0.7864413811060958,0.5696937783301567,-0.3442867001610889,-0.6170630246464005,-0.7076015062918],"T_pred":[110.35854977453204,-36.273984425547994,840.4228523614444],"rotation_error":10.005529935900356,"translation_error":33.592122391697686,"ADD":0,"ADD_S":1}}
{"id_image":710,"data":{"Best_template_id":53,"GT_R":[0.8000062779034701,0.004745480607234777,-0.5999731530893646,0.30215167498495266,-0.8671008828801625,0.39603214118424057,-0.5183574194690991,-0.4981108083269518,-0.6951199406786832],"GT_T":[123.91767822254678,-2.8175831144982837,811.628136324058],"R_pred":[0.7512659849825886,-0.03797201532218547,-0.6589063255581268,0.4196047940431225,-0.7431242920184825,0.5212466819348183,-0.5094420836799499,-0.6680751549521959,-0.5423507635390863],"T_pred":[101.56194750756501,-31.98812753562427,775.9837705572613],"rotation_error":13.14576407395574,"translation_error":51.19785316341742,"ADD":0,"ADD_S":0}}
{"id_image":801,"data":{"Best_template_id":126,"GT_R":[0.7222075949059934,0.00878224705966606,-0.6916208210690418,0.3497673728081284,-0.8672885770927412,0.3542231559626953,-0.5967231093436532,-0.4977297691256519,-0.6294336674884596],"GT_T":[105.25149192827318,6.548304228555054,801.25380615092],"R_pred":[0.7412206210157617,0.0006748011016494138,-0.6712611530726936,0.3649584379844121,-0.83969054354908,0.4021506305083067,-0.5633802707984964,-0.5430647619922727,-0.6226422205065194],"T_pred":[86.33168130142758,-15.79357312116285,829.8521522515947],"rotation_error":3.472288572408281,"translation_error":40.926569821565955,"ADD":0,"ADD_S":1}}
{"id_image":908,"data":{"Best_template_id":53,"GT_R":[0.6287688229604033,0.02053466072568994,-0.7773212533645328,0.41863862790774276,-0.8513492787670803,0.3161433250952735,-0.6552794475168388,-0.5241982490023642,-0.5438982589061541],"GT_T":[87.77253776067697,-4.29858103939068,766.7424605435901],"R_pred":[0.6591099615255334,0.019740732874131167,-0.7517874447497785,0.4381473107238535,-0.8225540333401875,0.3625352346203672,-0.6112290836693426,-0.5683442316953536,-0.5508029062880422],"T_pred":[80.03049266757235,-40.75293880083433,933.1301098920554],"rotation_error":3.816605192324127,"translation_error":170.51014432499562,"ADD":0,"ADD_S":0}}
{"id_image":1026,"data":{"Best_template_id":53,"GT_R":[0.5934507020214275,0.019124355768705324,-0.8046425619755011,0.4236323777381986,-0.8574578310312724,0.29206347381793246,-0.6843615401164663,-0.5141988446244762,-0.5169614696631257],"GT_T":[85.20781963738963,6.68242890532807,788.1763548480488],"R_pred":[0.5644890721464942,0.004062309021170385,-0.8254305452747709,0.46594627656001786,-0.827003592519634,0.3145776936139536,-0.681356114515049,-0.5621819595158098,-0.4687273083658765],"T_pred":[78.85420534555732,-26.01148418311486,923.7571907123881],"rotation_error":3.920752852384276,"translation_error":139.6116879823353,"ADD":0,"ADD_S":0}}
{"id_image":1027,"data":{"Best_template_id":53,"GT_R":[0.596703798063419,0.017445773009537122,-0.8022718641298906,0.42125591967470644,-0.8577391317261788,0.2946652522064634,-0.6829983424836592,-0.5137896447991351,-0.5191656927327056],"GT_T":[81.62537737939192,6.185888044789499,788.677914187087],"R_pred":[0.5754176190079183,-0.011308654029117599,-0.8177815589014639,0.48976711042662746,-0.7960275475008851,0.35562384785623957,-0.6549982757836927,-0.6051547388592242,-0.45250966924101627],"T_pred":[70.09403584868842,-28.290224634033475,866.7217649128377],"rotation_error":6.699469394658596,"translation_error":86.09539371559825,"ADD":0,"ADD_S":0}}
{"id_image":1032,"data":{"Best_template_id":126,"GT_R":[0.6031584565501845,0.01375862701563747,-0.7975029443288154,0.4156560942227567,-0.8587786135855708,0.29954950902216027,-0.6807563001957623,-0.5121625826133667,-0.5236980917745478],"GT_T":[68.69445955105522,6.33679492841946,792.796673209341],"R_pred":[0.6530835962982627,0.009772945804706834,-0.7572227583587443,0.45727110503501844,-0.802136722464775,0.38403100782817223,-0.6036430673387878,-0.597060439154837,-0.5283312211577627],"T_pred":[49.07187084334385,-23.024299123235664,829.7743633660057],"rotation_error":6.949038755587159,"translation_error":51.13188242989337,"ADD":0,"ADD_S":1}}
{"id_image":1034,"data":{"Best_template_id":126,"GT_R":[0.6017891745286373,0.01191811923354862,-0.7985660321999709,0.4127270638481635,-0.8606653599235545,0.2981808649840576,-0.6837442092791733,-0.5090321892503842,-0.5228581316222168],"GT_T":[68.45939435669908,7.317134174914698,795.1046097544789],"R_pred":[0.6329091262885416,0.017893892703677555,-0.7740192804217373,0.42793824589482654,-0.8412227844331959,0.3304740302216193,-0.645209187443215,-0.5403924828810723,-0.5400750585654702],"T_pred":[52.25384505784688,-19.907356124985153,863.5540155618679],"rotation_error":3.144614232438385,"translation_error":75.42621464419044,"ADD":0,"ADD_S":0}}
{"id_image":1039,"data":{"Best_template_id":126,"GT_R":[0.5935302793838548,0.008863255499762494,-0.8047633327883761,0.4118421555874869,-0.8624422107636157,0.2942440278103266,-0.6914531245759197,-0.506078684538023,-0.5155359457633457],"GT_T":[74.58524258376143,10.191437765652188,800.7995260609014],"R_pred":[0.658934633465366,0.011407624345909168,-0.7521136981378853,0.42530810124647045,-0.8303594773705545,0.3600224400714788,-0.6204177365565764,-0.5571113034642917,-0.5520043729159512],"T_pred":[55.43222073693274,-17.332700506266512,838.5225446913413],"rotation_error":5.953266205253683,"translation_error":50.47219599016189,"ADD":0,"ADD_S":1}}
{"id_image":1044,"data":{"Best_template_id":126,"GT_R":[0.5849047395794029,0.005880699395288742,-0.8110809378754381,0.4125920001302152,-0.8630904616659967,0.2912795164394729,-0.6983222404368984,-0.5050168004906169,-0.5072516814220874],"GT_T":[79.11803422488418,10.282747620121391,803.7821911724074],"R_pred":[0.5198459160842017,0.04477143780574097,-0.8530860108379366,0.4650921672466234,-0.8524810803529652,0.23867401116602568,-0.7165539055063592,-0.5208373316084859,-0.4639816532003564],"T_pred":[57.31671645417506,-9.074345819895829,729.8464820854861],"rotation_error":5.061715815446064,"translation_error":79.4763084269196,"ADD":0,"ADD_S":0}}
{"id_image":1048,"data":{"Best_template_id":126,"GT_R":[0.5817963567102697,0.00474512316069642,-0.8133204297780526,0.4137219821699959,-0.8626714328181955,0.29091675140631346,-0.7002466508850742,-0.5057429801217486,-0.5038626459686644],"GT_T":[74.91982402210093,9.033367261144605,804.264312958986],"R_pred":[0.6148973075325825,0.013063498626432413,-0.7884989830004974,0.4715115364316703,-0.8075478167637907,0.35432103331848763,-0.6321219599104488,-0.5896574163390743,-0.5027185685403919],"T_pred":[55.495681634011504,-19.372204789342256,811.9160648800953],"rotation_error":6.2617798454892855,"translation_error":35.252278486508814,"ADD":0,"ADD_S":1}}
{"id_image":1054,"data":{"Best_template_id":53,"GT_R":[0.5801691921699889,0.00300657268488455,-0.8144902525579418,0.4092921192257927,-0.8656415072090848,0.2883478570447915,-0.7041897865251459,-0.500654832901532,-0.503449346300242],"GT_T":[67.85829612703944,9.214732641466705,803.5618605655034],"R_pred":[0.5161885860974317,-0.05760295443797425,-0.8545356886770451,0.5597983843572021,-0.7324290120024771,0.3875222719381964,-0.6482091579527408,-0.6784022715300206,-0.34582545529371755],"T_pred":[56.494693536655305,-28.574132221440955,797.4937522248604],"rotation_error":14.021353108078415,"translation_error":39.92432479445411,"ADD":0,"ADD_S":1}}
{"id_image":1060,"data":{"Best_template_id":126,"GT_R":[0.5775212660218496,0.0030649999549464623,-0.8163701277355581,0.41772405543880603,-0.8602785841344469,0.2922794095120037,-0.7014090675330555,-0.5098152429035584,-0.4981094116933298],"GT_T":[61.36180122416349,7.357885267276054,801.3208412499625],"R_pred":[0.5736749730039409,0.012137530440821831,-0.8189931047962039,0.49112383606245263,-0.8053076630644148,0.33207972756708926,-0.655510795487175,-0.592732864083416,-0.46794588237876605],"T_pred":[45.54672685965481,-21.817207767363612,833.573156619344],"rotation_error":5.730487618231202,"translation_error":46.27650027196156,"ADD":0,"ADD_S":1}}
{"id_image":1063,"data":{"Best_template_id":53,"GT_R":[0.5740139635595264,0.0033758579423763166,-0.8188392148372101,0.42003458810877525,-0.8596193144650173,0.2909046712223759,-0.7029071339497028,-0.5109244457056805,-0.49485151347045886],"GT_T":[61.18959003512826,6.628900743076979,799.1704970091291],"R_pred":[0.5388675666658979,-0.029835042138950163,-0.8418619933552897,0.507069698351113,-0.786551153155871,0.352445179401394,-0.6726827384508137,-0.6168039832310883,-0.4087184601416697],"T_pred":[49.35236529049252,-25.46644928082637,824.5451805155343],"rotation_error":8.018860637622163,"translation_error":42.59232261643077,"ADD":0,"ADD_S":1}}
{"id_image":1064,"data":{"Best_template_id":53,"GT_R":[0.5726021271045625,0.0039860386249686176,-0.8198234305220958,0.4213934761542951,-0.859211901821114,0.2901425991757625,-0.7032448770438224,-0.5116048530658259,-0.4936659024712977],"GT_T":[60.65535744212033,5.698509389624663,798.5852060056116],"R_pred":[0.578300374724185,0.018614031238511297,-0.8156115462859255,0.48976595921079685,-0.8074631827658363,0.32883508583482024,-0.6524553485045508,-0.5896242246708637,-0.4760727800337756],"T_pred":[48.31176572281569,-26.043773581722558,904.2125851491277],"rotation_error":5.451395180998425,"translation_error":110.98234098041935,"ADD":0,"ADD_S":0}}
{"id_image":1068,"data":{"Best_template_id":53,"GT_R":[0.5679381759191015,0.004640989829299311,-0.8230583825594012,0.42282187297287516,-0.8595937368748092,0.2869149167750725,-0.7061638081627488,-0.5109569298690493,-0.49015874018393635],"GT_T":[58.13464329859245,8.2490815794866,797.0641682066575],"R_pred":[0.51653765855143,-0.01491632048433325,-0.8561345400586376,0.5128496870232594,-0.7952842036985532,0.3232773327465182,-0.6856923842499282,-0.6060532474385125,-0.4031444101694603],"T_pred":[46.370278329045675,-22.380465242813752,825.51284377737],"rotation_error":7.554083731938345,"translation_error":43.42691059013801,"ADD":0,"ADD_S":1}}
{"id_image":1070,"data":{"Best_template_id":126,"GT_R":[0.5636294688636352,0.0031053052328150832,-0.8260219907292866,0.42193473187884745,-0.8607760987980684,0.28466820407038484,-0.7101354633408419,-0.5089753041856625,-0.48646905299672916],"GT_T":[58.20759266184745,11.529848076472236,796.741575173453],"R_pred":[0.6171849326429275,-0.01911340853755042,-0.7865859371566609,0.37785463712115364,-0.8696831382921388,0.3176115743740741,-0.6901511661401342,-0.4932402219856095,-0.5295332390804186],"T_pred":[42.19476004856117,-11.352983067330044,860.5228895616624],"rotation_error":4.157380782701653,"translation_error":69.62823302759085,"ADD":0,"ADD_S":0}}
{"id_image":1071,"data":{"Best_template_id":53,"GT_R":[0.5617440673967009,-0.0009334253493291015,-0.8273109088707234,0.42013720229357043,-0.861132263866466,0.28624547348162954,-0.7126904405893484,-0.50838089859492,-0.4833439424292152],"GT_T":[58.969273684973714,12.97293143692123,796.590727680315],"R_pred":[0.5112060267586902,-0.009164682074535246,-0.8594093360023883,0.5142790027048505,-0.7979081722130186,0.31441955424652634,-0.6886112877251561,-0.6027093472961512,-0.4031822628779069],"T_pred":[51.621689483222006,-21.131692068306588,886.0375678538003],"rotation_error":7.3880696312705165,"translation_error":96.00963261598383,"ADD":0,"ADD_S":0}}
{"id_image":1073,"data":{"Best_template_id":126,"GT_R":[0.5593605038846952,-0.0040217987467545445,-0.8289148761336879,0.41805135271886895,-0.8621325194103044,0.2862885017492246,-0.7157854280540155,-0.5066679990252491,-0.48056141693407467],"GT_T":[56.88762438136426,12.847238911144636,795.759704983036],"R_pred":[0.5974854943609869,0.0014096109707713855,-0.8018784802107602,0.4848399207839521,-0.7971408723915542,0.35985647246790364,-0.6387028536357252,-0.6037917211752271,-0.47696354388762086],"T_pred":[36.54922484477243,-18.939783445915317,801.8661614793883],"rotation_error":7.2178170264880315,"translation_error":38.227661411340755,"ADD":0,"ADD_S":1}}
{"id_image":1074,"data":{"Best_template_id":53,"GT_R":[0.5592545470613668,-0.005486557239539904,-0.828977434091639,0.4182551415126576,-0.8615068839092652,0.28786947833409954,-0.7157484503804061,-0.507717143477666,-0.47950697502324274],"GT_T":[55.00209459438477,11.455850910134867,795.2029159049389],"R_pred":[0.5159576171868839,0.0005740554168085776,-0.8566139198771003,0.4783904851712403,-0.8297198305868058,0.2875891973434115,-0.7105844643421766,-0.558179785724439,-0.42837488937163565],"T_pred":[48.52996951709849,-20.945883027628092,951.2238334220519],"rotation_error":4.529066905278203,"translation_error":159.4813075820217,"ADD":0,"ADD_S":0}}
{"id_image":1075,"data":{"Best_template_id":53,"GT_R":[0.5584166735625261,-0.006610373818398551,-0.829533893411694,0.4196014966265015,-0.8603655683364987,0.28931923700862067,-0.7156152285528491,-0.5096344552403642,-0.47766893923645054],"GT_T":[53.86945776138983,8.198746749269464,794.6004926116244],"R_pred":[0.625205245878674,-0.014664126515083031,-0.7803226024660163,0.41657056982224205,-0.8392231945203353,0.3495331030632947,-0.6599904248424816,-0.5435893607978663,-0.5185781001388389],"T_pred":[40.3246331259213,-24.937758920317666,966.2230785664398],"rotation_error":5.276575343513528,"translation_error":175.3162921471195,"ADD":0,"ADD_S":0}}
{"id_image":1076,"data":{"Best_template_id":126,"GT_R":[0.5585415922193704,-0.006441467395995415,-0.8294511321992527,0.4216328220866663,-0.858942098143136,0.29059313505598094,-0.7143219418753265,-0.5120327747710612,-0.4770394062011576],"GT_T":[51.66931945828972,5.410234089587409,793.8911653339501],"R_pred":[0.5613112441883336,-0.006131239549387102,-0.8275820775302796,0.5333027714800507,-0.7619938033923259,0.3673603102179035,-0.6328647889395036,-0.6475552883679396,-0.42444588280165035],"T_pred":[32.590609363743255,-29.047961077878107,775.8660101083641],"rotation_error":9.559196861548926,"translation_error":43.315939490877525,"ADD":0,"ADD_S":1}}
{"id_image":1078,"data":{"Best_template_id":53,"GT_R":[0.5597558699757245,-0.006911851956184862,-0.8286289661193961,0.42365567906564333,-0.8570119484409265,0.29333654775585055,-0.7121725972690187,-0.5152499468016387,-0.4767893246162935],"GT_T":[47.51512946971104,1.7426213656597724,792.8276525862315],"R_pred":[0.6368807398261822,-0.006270420740629584,-0.7709368359743817,0.397957861653508,-0.8537760467515225,0.33570225251181945,-0.6603123984801608,-0.5206026736553294,-0.5412581570713738],"T_pred":[29.141364236601664,-26.206886437719042,883.8813199074099],"rotation_error":5.5299881275885,"translation_error":97.0027863926,"ADD":0,"ADD_S":0}}
{"id_image":1081,"data":{"Best_template_id":126,"GT_R":[0.558937819859701,-0.00770796461955022,-0.8291739589824456,0.42540217513759604,-0.855674283881549,0.2947136083672064,-0.7117737317998478,-0.5174585949339272,-0.47498924966163986],"GT_T":[44.26119898078297,-2.021258453188972,791.3228487147688],"R_pred":[0.5651765098766613,-0.002652568889224438,-0.8249657426596115,0.5159627363350359,-0.7791379900294098,0.35598658290249297,-0.6437064295137176,-0.6268468364530679,-0.43898186321473714],"T_pred":[26.67466074541837,-33.65697837506238,792.6371267195591],"rotation_error":7.670209438996099,"translation_error":36.219227335119044,"ADD":0,"ADD_S":1}}
{"id_image":1090,"data":{"Best_template_id":53,"GT_R":[0.5509885224689854,-0.007959643043025077,-0.8344753097924053,0.43077122815403224,-0.8537200614143633,0.2925734967923809,-0.7147357221744088,-0.5206725421235422,-0.46696133173581345],"GT_T":[44.62899273013457,-3.026679441813034,790.1036290628143],"R_pred":[0.45268728601706054,-0.05328536183101357,-0.8900757783992588,0.6176557418627264,-0.7012018285751367,0.3561142796166557,-0.6430984416265626,-0.7109688219728223,-0.28451314303572006],"T_pred":[36.519928205724405,-45.80894333364185,812.976694135028],"rotation_error":15.828183039619322,"translation_error":49.18593434071216,"ADD":0,"ADD_S":1}}
{"id_image":1093,"data":{"Best_template_id":53,"GT_R":[0.5479945325733623,-0.008926793392121012,-0.8364340537618633,0.4342580298770149,-0.85160026797498,0.29359526397082075,-0.7149279634257498,-0.5241165366492171,-0.462795804351318],"GT_T":[44.14360314412017,-5.472337180012488,789.48662366005],"R_pred":[0.6091768430578167,-0.015752403744376003,-0.7928779449943018,0.4580719540850985,-0.809155849283817,0.36801752193400283,-0.647358987550781,-0.5873829018162335,-0.4857032714437581],"T_pred":[22.553394165625875,-30.82156810354198,748.7191615804321],"rotation_error":6.105131391254667,"translation_error":52.63750180776592,"ADD":0,"ADD_S":0}}
