{"id_image":1,"data":{"GT_R":[-0.3303994177362125,0.9409792067633055,-0.07344839178889222,-0.3610611923050488,-0.05410921131749556,0.9309715629966484,0.8720499478691244,0.33411048732803106,0.35762920727375597],"GT_T":[-130.8081162633741,63.72475529058592,948.877537029168],"R_pred":[-0.5424864240402518,0.8400322112037826,0.007373186021219391,-0.3692180093293779,-0.24630358024600163,0.896109707538565,0.7545770612196421,0.48340503772518206,0.44377136926918037],"T_pred":[-111.46612077751179,58.931080750467,759.7188499982788],"rotation_error":15.389952192519926,"translation_error":190.20541786243004,"ADD":0,"ADD_S":0}}
{"id_image":2,"data":{"GT_R":[-0.3301240945121051,0.9410261670666217,-0.07408320256492937,-0.36076712803150085,-0.05325722857668497,0.9311348704919874,0.8722759527749615,0.33411694140029874,0.3570729067175864],"GT_T":[-130.5270252811178,64.11590199757808,948.927800130595],"R_pred":[-0.10375829107423785,0.986959047737642,-0.12306931023679413,-0.6306946186949742,0.030388863645950726,0.7754358870438667,0.7690634011461958,0.15807705417015555,0.6193166637208549],"T_pred":[-181.76023130074663,64.93830614956671,1254.7190007715305],"rotation_error":21.182488986795192,"translation_error":310.05447285447093,"ADD":0,"ADD_S":0}}
{"id_image":3,"data":{"GT_R":[-0.32990850492369656,0.9410828968524279,-0.07432819316107926,-0.36075128951929314,-0.05292119898999425,0.9311595204290745,0.8723642437885081,0.3340105111469757,0.35695568058776966],"GT_T":[-130.49811032578282,64.18837786455525,948.7986121171431],"R_pred":[-0.6297574240887782,0.7268677323952126,-0.27398701868465997,-0.669763818580287,-0.32942647628052407,0.6655032862774981,0.3934742864861935,0.6026122271644003,0.6942884771808776],"T_pred":[-106.31131420652235,75.17724194901312,808.8707935788805],"rotation_error":37.661265653119656,"translation_error":142.42735215280214,"ADD":0,"ADD_S":0}}
{"id_image":4,"data":{"GT_R":[-0.32951850973467306,0.9412592404798235,-0.07381387369227124,-0.3612139286560781,-0.0534492371053925,0.9309497029823455,0.8723196725943391,0.333427559338351,0.35760875027905875],"GT_T":[-130.6235306110537,64.01792093127028,948.9965629589276],"R_pred":[-0.29687272505006324,0.9359927124735061,0.18916719408459295,-0.683502133392371,-0.3466205734018615,0.6424009742696862,0.6668518716847295,0.06141514708158935,0.7426552099995799],"T_pred":[-125.21365464042005,74.67099108240177,780.0482087352516],"rotation_error":31.9998326998087,"translation_error":169.37030748201195,"ADD":0,"ADD_S":0}}
{"id_image":5,"data":{"GT_R":[-0.33002190509544027,0.9410241513116864,-0.07456949123179488,-0.3613980365758617,-0.05297634480121829,0.9309051416823388,0.8720531996044721,0.3341681817528039,0.35756765842648014],"GT_T":[-130.07722182416282,63.74243608430526,948.9267280249526],"R_pred":[-0.24069258775352326,0.9554130915087743,0.17103479989218245,-0.47844246223483855,-0.27010800768806165,0.8355444180373962,0.8444879445742122,0.11927903737217382,0.5221231872962451],"T_pred":[-127.45235185025221,61.51868626063002,753.8176326069474],"rotation_error":18.75815152511985,"translation_error":195.13942226134236,"ADD":0,"ADD_S":0}}
{"id_image":6,"data":{"GT_R":[-0.32908790386461845,0.9413737860466207,-0.07428247810942724,-0.3619786210198152,-0.05310320518897242,0.9306727349812027,0.8721657094106005,0.33316132973480755,0.35823289428248756],"GT_T":[-128.97842933179484,63.62190058020287,949.1656104086886],"R_pred":[-0.23195704185271843,0.9632540184136132,0.1354164936223159,-0.2845230142360392,-0.20031185940278168,0.9375083004179956,0.9301841673050424,0.1789325431346313,0.3205316831491055],"T_pred":[-124.53762802695519,51.460750351376284,734.2288275261835],"rotation_error":13.478824673435248,"translation_error":215.32634517633528,"ADD":0,"ADD_S":0}}
{"id_image":7,"data":{"GT_R":[-0.32912033934779183,0.9415178741966369,-0.07227481126364048,-0.36065452153220967,-0.054596426063953374,0.931100717683869,0.8727011575361997,0.33250976188632003,0.35753208187358676],"GT_T":[-127.63021927132104,63.83398225638967,949.2088330120481],"R_pred":[-0.10064430666620883,0.9617725282585033,0.2546847608769008,-0.3559378531777483,-0.273848633769582,0.8934848462384511,0.9290742533354874,-0.0007277841571792232,0.3698925548308949],"T_pred":[-128.3643905318025,57.676313756140765,746.8659184898216],"rotation_error":23.197897275922855,"translation_error":202.437918745841,"ADD":0,"ADD_S":0}}
{"id_image":8,"data":{"GT_R":[-0.3279211369190216,0.9419148766415479,-0.0725545349148872,-0.36243007721824255,-0.054508647420939034,0.9304152829857638,0.8724173509712143,0.3313991807156952,0.3592533417993472],"GT_T":[-126.44493831378651,63.42367189161559,949.3568350892249],"R_pred":[-0.22395011846501206,0.9688078621726604,0.10610217072212341,-0.40465822733921325,-0.19147203577988048,0.8941980645030461,0.886621713858956,0.1573206461553846,0.43491625723472266],"T_pred":[-124.8961665700395,53.19303478366764,740.451902875555],"rotation_error":12.937174584029064,"translation_error":209.16102727981323,"ADD":0,"ADD_S":0}}
{"id_image":9,"data":{"GT_R":[-0.3269779980566477,0.9422135744523591,-0.07293027910779264,-0.3617427716510089,-0.05349339243294081,0.9307419792935107,0.8730565599491171,0.33071312572716094,0.35832993949409075],"GT_T":[-125.62893058506695,63.03649870757179,949.2319479280175],"R_pred":[0.003427814245964056,0.9522518797638126,0.3052942966643503,-0.4070053978304012,-0.27753644659368126,0.8702414187735892,0.9134193211370185,-0.1272394526019266,0.38662031177260986],"T_pred":[-134.71817914248618,62.04928641659836,820.0348007000789],"rotation_error":29.55233534436572,"translation_error":129.52023733487994,"ADD":0,"ADD_S":0}}
{"id_image":10,"data":{"GT_R":[-0.3260574869884527,0.9425309114442973,-0.07296051274438997,-0.3615596418624627,-0.05302151036337222,0.9308398492147202,0.8734763980008935,0.32988619310227524,0.3580691319612546],"GT_T":[-125.30808587324981,62.341857466768616,949.3166782542291],"R_pred":[-0.0562295152820384,0.9462075777783829,0.31863688010949476,-0.42523160254183767,-0.31144530913563157,0.8498116871502248,0.9033362196938899,-0.08770997190842345,0.4198697834054933],"T_pred":[-123.69169901251274,62.64580091377786,721.8894415536762],"rotation_error":28.438023772425357,"translation_error":227.43318377350278,"ADD":0,"ADD_S":0}}
{"id_image":11,"data":{"GT_R":[-0.3247313052509087,0.9431925080643171,-0.0702734349905382,-0.36104437878422513,-0.054943911414066404,0.9309292316329539,0.8741829934357698,0.3276736869894186,0.358376309463946],"GT_T":[-124.6194411512086,61.58060522513543,949.3994032387758],"R_pred":[-0.45153325959845975,0.8898728293519075,-0.06514647386943223,-0.5173742520556001,-0.20163741541334368,0.8316647377491335,0.7269398866387085,0.40922939812122167,0.5514432889491395],"T_pred":[-113.41700801945116,58.4604363463443,771.6105806058864],"rotation_error":15.223509046256524,"translation_error":178.16872737686788,"ADD":0,"ADD_S":0}}
{"id_image":12,"data":{"GT_R":[-0.32475621288362344,0.9432538002441527,-0.06932815204340506,-0.36069538321091493,-0.05575633815851395,0.931015911680967,0.8743182370902387,0.3273593054840223,0.35833443084616073],"GT_T":[-123.91057884000847,61.5900127214,949.3994277652323],"R_pred":[-0.17414358294026577,0.9844810193744531,-0.021705644707405103,-0.301192799290298,-0.0322656703304689,0.953017221341671,0.9375270183714178,0.17249941741803893,0.302137453510875],"T_pred":[-129.61125111882635,40.22500700696333,772.8593338384433],"rotation_error":10.130551192650987,"translation_error":177.91954894639287,"ADD":0,"ADD_S":0}}
{"id_image":13,"data":{"GT_R":[-0.32442510837428074,0.9433556136082376,-0.06948786192771249,-0.36105104282372513,-0.05559770815874164,0.9308871269432554,0.8742941981841968,0.32709144232095777,0.35863634252906057],"GT_T":[-123.75919806194818,61.11545302223978,949.1735825208991],"R_pred":[-0.016645408503075,0.9548674850712457,0.29656536603163824,-0.37870374510304794,-0.28052907845018393,0.8819789734391721,0.9253682530866785,-0.09762951448002011,0.36628141378140366],"T_pred":[-123.37626145053683,56.7364273671273,704.7300366353385],"rotation_error":27.908324606083927,"translation_error":244.48306614414562,"ADD":0,"ADD_S":0}}
{"id_image":14,"data":{"GT_R":[-0.32323773185752114,0.9438648934114715,-0.06809109355562301,-0.36034697828481305,-0.056233257069782265,0.9311221136464262,0.8750245086775014,0.32550989698131694,0.35829616326749547],"GT_T":[-123.72715681208746,61.27952216262075,949.4063353262826],"R_pred":[-0.2475632037823306,0.9451302146593052,0.21316973863821242,-0.35636146145394226,-0.2934205155666504,0.8870799906631935,0.900954476609911,0.14364288490091182,0.4094481074494114],"T_pred":[-132.69690209378098,61.01536288148329,843.4800991452234],"rotation_error":17.225461786122395,"translation_error":106.30566128870936,"ADD":0,"ADD_S":0}}
{"id_image":15,"data":{"GT_R":[-0.32558081355504814,0.9431210131534488,-0.06723387108276113,-0.36066353814311675,-0.05814535954816697,0.9308820108595582,0.8740240205693143,0.32732488662924836,0.3590807947199085],"GT_T":[-123.30317436197257,61.32628894334511,949.2788272696831],"R_pred":[-0.37675592212864545,0.9253935610988626,0.04125205713367053,-0.6922982164327158,-0.31088521530824176,0.651209307693639,0.6154495549312506,0.21678823764105315,0.7577761578166811],"T_pred":[-115.42173158550848,70.32248905355384,765.278846835784],"rotation_error":29.097192294776715,"translation_error":184.3882901822588,"ADD":0,"ADD_S":0}}
{"id_image":16,"data":{"GT_R":[-0.3250090251505708,0.9431968125422822,-0.06892139338892174,-0.36121229169738156,-0.056453575352266416,0.9307734322138856,0.8740107750777855,0.32740373867190536,0.35904267651725225],"GT_T":[-122.8635867271755,61.239975214285735,949.4369192766665],"R_pred":[0.23207560683393796,0.8144510358894186,-0.5317992317137283,-0.4999601837931719,-0.36909947012557043,-0.7834573350058831,-0.8343744527094274,0.44769977807865374,0.32153410608233596],"T_pred":[-125.0296165777412,58.346428666911066,719.246110075394],"rotation_error":129.25731719306324,"translation_error":230.2191845560921,"ADD":0,"ADD_S":0}}
{"id_image":17,"data":{"GT_R":[-0.3228762932779697,0.944062466776801,-0.06706413398477261,-0.36064244877294316,-0.05720959982002825,0.9309477193483676,0.8750354062965561,0.32476654420241696,0.3589405446156361],"GT_T":[-122.80655513892303,61.71735702375989,950.1794322755351],"R_pred":[-0.09508977142334929,0.2553843993853741,-0.9621521417744843,-0.7587125953512528,-0.644307740917151,-0.09603505948143948,-0.6444479288709224,0.7208649967537677,0.25503043628000477],"T_pred":[-84.90575922005526,90.10738773094195,781.3122062064973],"rotation_error":109.9028688567046,"translation_error":175.38131090595118,"ADD":0,"ADD_S":0}}
{"id_image":18,"data":{"GT_R":[-0.32372494642742194,0.9437003642528279,-0.06806273923010055,-0.3613940935419412,-0.056848125474961694,0.930678700916507,0.8744115648567141,0.32588055292207546,0.35945105151381757],"GT_T":[-122.1813457467031,62.117732570368844,950.2944837567073],"R_pred":[-0.2655556214418873,0.9629377566782669,0.04723440148917141,-0.3062037095045396,-0.13069781630687022,0.9429514139648316,0.9141769523490912,0.23594269977272625,0.3295626529473338],"T_pred":[-124.21636870071507,47.86921371851749,783.0938906336272],"rotation_error":7.720711502824344,"translation_error":167.81894990913483,"ADD":0,"ADD_S":0}}
{"id_image":19,"data":{"GT_R":[-0.3231902648232127,0.9438602536575008,-0.06838228174763447,-0.3600987212975362,-0.0558343418645815,0.9312418291405885,0.8751434029181756,0.3255923164427817,0.35792829686410815],"GT_T":[-122.3865876731085,62.58727542035267,950.5788748076777],"R_pred":[-0.150910108460178,0.9162967024204424,-0.3709804473256785,-0.5640083014578526,-0.38801183897620306,-0.7289317174474802,-0.8118625345778466,0.09923288743016723,0.575353855467317],"T_pred":[-126.20249490859409,68.36058542785587,859.4881564478446],"rotation_error":119.58085797762327,"translation_error":91.35322231745852,"ADD":0,"ADD_S":0}}
{"id_image":20,"data":{"GT_R":[-0.323557147756916,0.9438843655271019,-0.06628364568287969,-0.3589287607813346,-0.05761802372656152,0.9315845320807196,0.8754892697013671,0.3252107107898221,0.35743052098462114],"GT_T":[-122.02547716896781,63.495353928559794,951.0141532151547],"R_pred":[0.058696338232588574,0.9501729611765048,0.30614716024676425,-0.46992046041525587,-0.24427400182884093,0.8482363897603293,0.8807550742182526,-0.1936531845325446,0.4321677259574166],"T_pred":[-118.39788404247719,56.21935516763821,675.2319385159115],"rotation_error":32.16165796397233,"translation_error":275.9020288694518,"ADD":0,"ADD_S":0}}
{"id_image":21,"data":{"GT_R":[-0.3231076259064147,0.9440794333065498,-0.06569928375314321,-0.3586805793767393,-0.05792158081312449,0.9316618977856718,0.8757564205465818,0.32459093313986015,0.35733793267751224],"GT_T":[-121.3312382067239,64.22625122364143,951.3849943800368],"R_pred":[-0.24955719079361977,0.9561532582493382,0.1532715083189658,-0.15150032282915765,-0.19488153538049807,0.9690556430620483,0.9564354974099702,0.2186141210144339,0.1934916158060297],"T_pred":[-120.3003514914912,49.00546964167143,765.9603210443465],"rotation_error":16.319900343139235,"translation_error":186.05118758296902,"ADD":0,"ADD_S":0}}
{"id_image":22,"data":{"GT_R":[-0.3238863575549997,0.9438243906427547,-0.0655204127448134,-0.35775702507907914,-0.058069026582909064,0.9320072810127502,0.8758467300245653,0.3253047054361564,0.3564676604423485],"GT_T":[-121.10824624752489,65.08367148491911,951.454559966817],"R_pred":[-0.11595419314160459,0.9900605937467732,-0.07959048814190206,-0.7970763292076737,-0.14056426526022586,-0.5872912503593708,-0.5926415025204527,-0.004659188946550763,0.80545287971964],"T_pred":[-165.6877928958556,72.30772472444802,1277.7111095207797],"rotation_error":104.78201103565418,"translation_error":329.3673618490994,"ADD":0,"ADD_S":0}}
{"id_image":23,"data":{"GT_R":[-0.32141454941119807,0.9447592221901873,-0.06421435007729918,-0.35717461023117764,-0.05815106345310499,0.932225535747472,0.8769944416585801,0.3225662849061238,0.3561351519062374],"GT_T":[-120.14553100596703,64.71450849805278,952.312450023346],"R_pred":[-0.20352587670446626,0.9497948458209191,0.23762779375253007,-0.3352799330367984,-0.2956458758805879,0.894528301719761,0.9198720476319074,0.10238782606744123,0.3786187383881904],"T_pred":[-122.34932004850944,62.934942686761865,815.0383582269823],"rotation_error":18.833512691402127,"translation_error":137.30331321252677,"ADD":0,"ADD_S":0}}
{"id_image":24,"data":{"GT_R":[-0.3216722828785875,0.9446141690520653,-0.06504650017357105,-0.3580779151933357,-0.057765904392594714,0.9319028599612993,0.8765311481849389,0.3230584815773685,0.3568273850115429],"GT_T":[-120.02424252362258,64.02617659530546,952.2357420187576],"R_pred":[-0.1580179761367162,0.9496597459275888,0.2705118965635403,-0.46580906711402026,-0.31324694262173575,0.827585805782398,0.8706619505939273,0.004766539927700819,0.4918587682303683],"T_pred":[-119.47789255810643,64.89069269236528,760.0380473522259],"rotation_error":24.03261326928189,"translation_error":192.20041550812587,"ADD":0,"ADD_S":0}}
{"id_image":25,"data":{"GT_R":[-0.3217721863798322,0.9444661501275251,-0.0666834010256682,-0.3592944966239631,-0.056640425176320015,0.9315035537695022,0.8759966702837337,0.3236906561473977,0.35756698288881744],"GT_T":[-121.36312776576285,62.332871611627446,952.0904404844734],"R_pred":[-0.3271728969651235,0.9350639631361586,0.13643049635455207,-0.440820860478854,-0.27872965550856843,0.8532213945435015,0.8358438038641738,0.21900950660684926,0.5033884896952779],"T_pred":[-115.36690515301592,61.538027755532404,758.6666601299751],"rotation_error":15.055734024560742,"translation_error":193.5183331599423,"ADD":0,"ADD_S":0}}
{"id_image":26,"data":{"GT_R":[-0.32423141986089404,0.9436541149636369,-0.0662763524762798,-0.3593603193683344,-0.05805754593887445,0.9313911982384123,0.8750623125445699,0.3258027694559683,0.3579357670880366],"GT_T":[-122.73768866198341,60.785151245779915,951.5259131934176],"R_pred":[-0.9308455543321902,0.3640801973429402,0.03117954269586462,-0.08501685500574063,-0.132795076094395,-0.9874905579953749,-0.3553852674843604,-0.9218519825155281,0.15456465956763898],"T_pred":[-63.46544100723257,41.68141304724671,757.232203041066],"rotation_error":153.77763017115802,"translation_error":204.02989477027685,"ADD":0,"ADD_S":0}}
{"id_image":27,"data":{"GT_R":[-0.3232493581961334,0.9440159889126645,-0.06590456468162122,-0.3602654693853585,-0.05836419242497837,0.9310222838857847,0.875053990600255,0.324695305098584,0.35896191304692665],"GT_T":[-123.57878107836385,58.9386574890777,951.3728707880792],"R_pred":[-0.44592313582004656,0.8702210923482451,-0.2094464307947108,-0.8864896133192665,-0.46171151484538625,-0.030961953042987544,-0.12364757343948898,0.1718654342542616,0.9773298062021444],"T_pred":[-114.03244351526956,81.48511579876251,820.0169541758778],"rotation_error":72.68129847381613,"translation_error":133.61830777333816,"ADD":0,"ADD_S":0}}
{"id_image":28,"data":{"GT_R":[-0.3254334387979438,0.9431556561853351,-0.06746065210366448,-0.3602137291496173,-0.05769346318727852,0.9310840324067357,0.8742646961923908,0.3273058422920521,0.3585132795773118],"GT_T":[-124.73195832632199,58.0233872364675,950.679955810193],"R_pred":[-0.0674462909583674,0.9554366448092929,0.2873879183116794,-0.5607532247551145,-0.2745457422934667,0.7811404843658212,0.8252313728662402,-0.1084686735610364,0.5542812716421239],"T_pred":[-139.92169653783498,64.17686998116436,895.1973292381504],"rotation_error":29.916246200367624,"translation_error":57.85253104364844,"ADD":0,"ADD_S":0}}
{"id_image":29,"data":{"GT_R":[-0.3253081145640186,0.943341248881961,-0.0654430043487759,-0.35986605301462565,-0.059504071427108784,0.9311049206846241,0.8744551266670096,0.3264457161438343,0.35883326564108337],"GT_T":[-124.62427589041047,56.97034870613807,950.6304136400043],"R_pred":[-0.48142056313109094,0.8736486423148426,-0.07051447493937224,-0.6019236817084117,-0.2710610027932684,0.7511416738294436,0.6371201792386848,0.40405937997544344,0.6563641479093187],"T_pred":[-108.70188464660006,60.7210943835381,743.4663675338577],"rotation_error":22.922276612567853,"translation_error":207.80888488013971,"ADD":0,"ADD_S":0}}
{"id_image":30,"data":{"GT_R":[-0.3232020351191908,0.9441391771428773,-0.06436546163636353,-0.3604409450110238,-0.059927743768320094,0.9308548260552737,0.8749990415671685,0.3240532511035207,0.359675622452589],"GT_T":[-123.54721625879743,56.14931120597373,950.793803952825],"R_pred":[-0.26939933450197734,0.9494419131081132,-0.16119569536280381,-0.6108052731473305,-0.039048387014668506,0.790817388381773,0.7445407422467267,0.3115048588788928,0.5904437365486527],"T_pred":[-183.88014649862615,63.41705390570322,1426.1542155754944],"rotation_error":16.53707909867075,"translation_error":479.22896771099636,"ADD":0,"ADD_S":0}}
{"id_image":31,"data":{"GT_R":[-0.3230244899774807,0.9441736144586755,-0.06473814895176695,-0.3622390879705418,-0.060154357301146065,0.9301426037553396,0.874321095759731,0.3239088481931872,0.3614480612977942],"GT_T":[-122.75972053381744,55.55520206325441,950.6069234546351],"R_pred":[-0.26610470349577114,0.9638460463980026,0.013750840714913781,-0.2233870375048973,-0.07553839850512134,0.9717984265402301,0.9377027878023043,0.2555283725816385,0.23541183605240834],"T_pred":[-121.17606192081685,34.776446250643026,754.6225873752144],"rotation_error":9.565747215821876,"translation_error":197.0891287113878,"ADD":0,"ADD_S":0}}
{"id_image":32,"data":{"GT_R":[-0.3255898850566255,0.9432024784775227,-0.06604243995623806,-0.36253661559780664,-0.060025586771077666,0.9300348694551589,0.8732460045972991,0.326751895591217,0.3614893774592104],"GT_T":[-122.3094480788452,55.03212748170472,950.0543085646027],"R_pred":[-0.446211553737787,0.8880566959721286,0.11068222102025593,-0.2091135403420532,-0.2237172394308467,0.9519569969421172,0.8701533063526926,0.40162905960663264,0.2855298967235649],"T_pred":[-108.35062013352828,44.588459021814046,758.1906458219473],"rotation_error":13.530653274526133,"translation_error":192.65405308358942,"ADD":0,"ADD_S":0}}
{"id_image":33,"data":{"GT_R":[-0.3242867965472411,0.9435405572791615,-0.06760642443159931,-0.3637113159829179,-0.058390731522105326,0.9296799264729169,0.873242396090322,0.3260707336440239,0.3621115749381991],"GT_T":[-121.40292566871199,53.83272026628706,950.1854139863693],"R_pred":[-0.31953499070533775,0.9455838962830485,0.061387985836877046,-0.44894156817596825,-0.20812307216790876,0.8689857623661587,0.8344751991992585,0.2501117388719697,0.4910145211699932],"T_pred":[-126.78148513300665,51.02921584900714,869.4133057700283],"rotation_error":11.032287949736792,"translation_error":80.99951854573564,"ADD":0,"ADD_S":0}}
{"id_image":34,"data":{"GT_R":[-0.3233348795287358,0.9438453684362191,-0.06790525347680978,-0.3640327698733923,-0.057827426851180024,0.9295896342389961,0.8734614912640467,0.325287376470948,0.36228798022716346],"GT_T":[-120.44621811151652,53.31132033584305,950.2930965758301],"R_pred":[-0.17207024901353452,0.90945593244992,0.37852574065189637,-0.34685431619260154,-0.415584758430904,0.8408218550314269,0.9219999526805752,0.013387139036168172,0.38695848842665703],"T_pred":[-123.21650838585457,61.195068206946566,840.3220875632311],"rotation_error":27.741553176305782,"translation_error":110.28803567000523,"ADD":0,"ADD_S":0}}
{"id_image":35,"data":{"GT_R":[-0.3207144208103625,0.9449050805087098,-0.06555511624234077,-0.36338196016636903,-0.05883085641473252,0.9297807294987439,0.8746976882330549,0.3220144461753964,0.3622295412129819],"GT_T":[-118.18619994605567,53.14741808350682,950.9530064069513],"R_pred":[-0.5450745034611043,0.8258987481770107,-0.14417018913866084,-0.7280087619789534,-0.3809751733018415,0.5699659286391632,0.4158088841745716,0.41563105645184706,0.8089213785988224],"T_pred":[-101.9642015732181,67.58282618297034,795.6629215624624],"rotation_error":38.181018350688966,"translation_error":156.80097158249677,"ADD":0,"ADD_S":0}}
{"id_image":36,"data":{"GT_R":[-0.32032918142229955,0.9450724344651037,-0.0650243919688677,-0.3653669052095138,-0.059925808430901104,0.9289325266421512,0.8740113205132982,0.32132180187447945,0.36449449329839034],"GT_T":[-115.6764294831249,52.768957732603326,951.087492107306],"R_pred":[-0.2859494693728455,0.9464308180715946,0.15000535847002378,-0.4012383768677637,-0.26041511565952763,0.8781752287923847,0.8701957629717065,0.19092583413558023,0.45420992940018623],"T_pred":[-114.25987660970262,50.79464862180895,791.9464980475972],"rotation_error":13.864942837065653,"translation_error":159.15954419644603,"ADD":0,"ADD_S":0}}
{"id_image":37,"data":{"GT_R":[-0.3190590655488108,0.9454233928109074,-0.06615135248657383,-0.3647164598871269,-0.058059616068589955,0.9293065163352535,0.8747474425338507,0.32062906648753525,0.36333647443126554],"GT_T":[-113.94121151230866,52.409016353211214,951.2802462233225],"R_pred":[0.0945578650456328,0.9222949230977593,0.3747410906027117,-0.4419543625559388,-0.2984091860004705,0.8459481657455794,0.8920398822786935,-0.24560951231300998,0.379395329288039],"T_pred":[-113.84904543675603,51.999191750345354,681.9853882370265],"rotation_error":35.85191453228511,"translation_error":269.2951856024349,"ADD":0,"ADD_S":0}}
{"id_image":38,"data":{"GT_R":[-0.3185212392380284,0.9455357721754956,-0.06713080128887344,-0.3651475760995125,-0.057035127763591764,0.9292011653755717,0.874763442077535,0.32048232987016545,0.36342650706934043],"GT_T":[-113.3575296379095,52.19972304291654,951.625037420048],"R_pred":[-0.28514288068733545,0.9045463887939614,0.3170005806195497,-0.4292930507491547,-0.416228046852746,0.8015370793616676,0.8569720031435168,0.09246644544347943,0.5069999430919458],"T_pred":[-115.04694434978877,63.79004014267812,879.5964388574532],"rotation_error":24.929956423793936,"translation_error":72.97471194484545,"ADD":0,"ADD_S":0}}
{"id_image":39,"data":{"GT_R":[-0.31797282329490323,0.945660889120945,-0.06796357147945187,-0.36631263957979143,-0.05641987989801641,0.9287797801335748,0.8744757891720377,0.3202222770990461,0.36434815384011104],"GT_T":[-111.65077974577271,51.584749233196376,952.0559171435635],"R_pred":[0.15814524916651473,0.8629525744739491,-0.47989887932234654,-0.4779257638625637,-0.3583951598174077,-0.801960019985934,-0.8640468994229688,0.3561822056591794,0.3557487764832311],"T_pred":[-121.18966213641066,51.05173752328674,797.7365201336236],"rotation_error":129.16373460716426,"translation_error":154.6148462220132,"ADD":0,"ADD_S":0}}
{"id_image":40,"data":{"GT_R":[-0.31643656275846926,0.9460567914847309,-0.06960377469511929,-0.36715950142832926,-0.054490475378983286,0.9285608253670024,0.8746783993137885,0.31938596875883163,0.3645966886519266],"GT_T":[-109.91104829470214,51.44823693268993,952.520130198389],"R_pred":[-0.582465570686335,0.8082570198841856,-0.0863391497119208,-0.5678156223258619,-0.32857095293907645,0.7547360783263257,0.5816521967703178,0.4886324986046698,0.6503222303593977],"T_pred":[-90.98813981297573,59.06982949217278,780.8956630467704],"rotation_error":26.867532596970555,"translation_error":172.8326440914087,"ADD":0,"ADD_S":0}}
{"id_image":41,"data":{"GT_R":[-0.31587748148107575,0.9462379875323614,-0.06968331206010113,-0.3672957855604581,-0.0542335872451302,0.9285218054971219,0.8748223807141071,0.3188930859481243,0.36468105263417794],"GT_T":[-108.2887124066172,50.8386501724856,953.1631397174139],"R_pred":[0.18495412119088112,0.8898861669733265,0.4170066940518219,-0.4438928611190082,-0.3029280993690334,0.8433230071925264,0.8767845236442587,-0.34108236020378696,0.3389863163251939],"T_pred":[-102.60700152576695,48.2198638069564,598.3505199723259],"rotation_error":41.454676056674806,"translation_error":354.86777116404113,"ADD":0,"ADD_S":0}}
{"id_image":42,"data":{"GT_R":[-0.31540181794895183,0.9463782038928293,-0.06993432942751274,-0.36762266243260217,-0.05391146094115093,0.9284114237733954,0.8748579276602196,0.3185307231425874,0.3649133881593255],"GT_T":[-107.11395312816384,49.15916750448579,953.429833242252],"R_pred":[0.049447077080862434,0.9495682772292509,0.30963700271129085,-0.4253684840053118,-0.26047356055356474,0.8667267026390564,0.9036684344289017,-0.17456692450868555,0.39103676231832335],"T_pred":[-115.10158947982198,49.33588332608015,755.5552473311071],"rotation_error":31.009240114191794,"translation_error":198.03581825638258,"ADD":0,"ADD_S":0}}
{"id_image":43,"data":{"GT_R":[-0.31567142081150784,0.9459303682777964,-0.07462217632799424,-0.3703518067189125,-0.0504218360051619,0.9275220305470285,0.8736082261945572,0.32042839161434095,0.36624386626036787],"GT_T":[-108.95866829150489,46.92208908328907,953.3973277185355],"R_pred":[-0.13846319107265365,0.9014148041208812,0.41021859493408114,-0.3487794953121956,-0.43205537149186457,0.8316736256578042,0.9269200657919476,-0.027919650369243487,0.3742187659050672],"T_pred":[-106.79740664939159,55.442602878028325,740.3875716395272],"rotation_error":30.344950562542067,"translation_error":213.1910560789327,"ADD":0,"ADD_S":0}}
{"id_image":44,"data":{"GT_R":[-0.3184767159027822,0.9447138429690263,-0.07803107261900982,-0.3721852103914992,-0.04891189850173473,0.9268691041273702,0.8718084153401829,0.32422814915248793,0.3671865874293],"GT_T":[-111.98158899373058,45.73944291037662,953.3741312112675],"R_pred":[-0.1889416640129992,0.9192012394556557,0.34549982486708414,-0.7772659317279593,-0.35501109252160507,0.5194466243625844,0.6001322512372307,-0.1704001337141588,0.7815401943951001],"T_pred":[-108.79705452217763,62.91400432476996,773.0990244732692],"rotation_error":43.75409738679884,"translation_error":181.1193554785737,"ADD":0,"ADD_S":0}}
{"id_image":45,"data":{"GT_R":[-0.31930636711128496,0.9443127687096878,-0.07948685932970061,-0.37339685337045375,-0.048278650369470336,0.9264141372196653,0.8709864918794683,0.32549018042345457,0.36801938731215],"GT_T":[-113.09672170592012,43.734074215473576,953.5140549624788],"R_pred":[-0.07497443022634354,0.979735705691221,0.18573309292089119,-0.29602321629086603,-0.19972844652351007,0.9340657380859854,0.9522337371827605,0.015049738968853366,0.3049990411918095],"T_pred":[-118.572567021557,34.7236463504989,755.6083505681875],"rotation_error":21.061639734569766,"translation_error":198.18637825045218,"ADD":0,"ADD_S":0}}
{"id_image":46,"data":{"GT_R":[-0.3201114923645337,0.9440490921868612,-0.07937490363575898,-0.3746244862453215,-0.04918238649986092,0.9258709518333661,0.8701629842551185,0.32611773412881767,0.36940836925342846],"GT_T":[-113.23352123577642,42.530500150604304,953.7125186825176],"R_pred":[-0.210923801815601,0.9542723320643425,0.21183830174011165,-0.32921955270337183,-0.2734030485449087,0.903805985355343,0.9203942828730768,0.12089288359052308,0.3718323207464942],"T_pred":[-115.46732707819602,40.91615680892002,799.5793551849449],"rotation_error":17.931667339192078,"translation_error":154.15780253602458,"ADD":0,"ADD_S":0}}
{"id_image":47,"data":{"GT_R":[-0.3208273647321725,0.9435964115652155,-0.08183563651136462,-0.3763672317333114,-0.047722898185793755,0.9252402220640829,0.869147372301455,0.32764210422482887,0.37044999560580066],"GT_T":[-113.57585383328772,41.65430930223015,953.8713808571283],"R_pred":[-0.0800597947657109,0.9651873945557132,0.2490054671143322,-0.5380172064102173,-0.2521364205668755,0.8043411658185037,0.8391233013500567,-0.0695738371406821,0.539473415764766],"T_pred":[-114.34153818559629,44.12723504280879,717.3004287398311],"rotation_error":27.05358091016568,"translation_error":236.58511580386946,"ADD":0,"ADD_S":0}}
{"id_image":48,"data":{"GT_R":[-0.32284412390015266,0.942845540978515,-0.08254671529331574,-0.3766283670127706,-0.047967987639529565,0.9251217961248235,0.8682871118799668,0.3297592916160239,0.37058826734493383],"GT_T":[-113.89203576309822,41.92552103174432,953.8626904417988],"R_pred":[-0.011709502270151384,0.9855262763048426,0.16911784728199658,-0.364148100999255,-0.16171839575841193,0.9171931754063383,0.9312674417669835,-0.05084406736323305,0.3607711639235341],"T_pred":[-120.39286627619845,35.13429031599241,735.4539443619311],"rotation_error":23.221183203496892,"translation_error":218.6109832011529,"ADD":0,"ADD_S":0}}
{"id_image":49,"data":{"GT_R":[-0.32151520532436656,0.9434441515761522,-0.08087839831951514,-0.3760063947419967,-0.04881308266828523,0.9253302459840477,0.8690497876936448,0.32791801554110317,0.37043512874062834],"GT_T":[-113.60112118274782,42.237920391995715,954.5038563095621],"R_pred":[-0.40450704653880587,0.526109652074485,-0.7480525939360926,-0.5985938348473852,-0.770716341353716,-0.21836149397969334,-0.6914184479627036,0.35945090786421247,0.6266861851456755],"T_pred":[-93.97424874926958,77.55441249030524,926.5710309710167],"rotation_error":104.57543438609684,"translation_error":49.11935939162553,"ADD":0,"ADD_S":0}}
{"id_image":50,"data":{"GT_R":[-0.321835496941741,0.9432925986627017,-0.08137387737938057,-0.37630477543879354,-0.04857383136027816,0.9252219597585808,0.8688018626573308,0.328390978804369,0.37059847142530133],"GT_T":[-112.29863769415743,42.81098981642767,954.4627355668825],"R_pred":[-0.21711296822604287,0.9150610194404218,-0.3398901141968287,-0.603240540180837,-0.3995245479232008,-0.6902760218123574,-0.7674391244329477,0.05516762009927573,0.6387438641444413],"T_pred":[-117.84479194494119,53.20222344436508,907.4377046987835],"rotation_error":114.94402118877596,"translation_error":48.47773810141655,"ADD":0,"ADD_S":0}}
{"id_image":51,"data":{"GT_R":[-0.32149235067177606,0.9434484626936337,-0.08092345341427339,-0.3767278762162266,-0.04903162788411397,0.9250261084623096,0.8687450344193225,0.3278749027205724,0.3711866273599389],"GT_T":[-111.28764043008069,42.759167855289085,954.5086670228795],"R_pred":[-0.13504189358913232,0.9591365588099875,0.2486377858049682,-0.4552101016290647,-0.28294236549864504,0.8442318290498695,0.8800837746207564,0.0008242330780059426,0.4748177232255714],"T_pred":[-123.1939797533717,47.725491106138485,901.8883571921648],"rotation_error":23.395270810796127,"translation_error":54.178614686919495,"ADD":0,"ADD_S":0}}
{"id_image":52,"data":{"GT_R":[-0.3227701692675066,0.9428543491364214,-0.0827430382823917,-0.37671703549571534,-0.04777778129305819,0.9250952340603739,0.8682764902304032,0.32976284977733705,0.3706109955061007],"GT_T":[-111.6155516064628,42.63576736232949,954.0740969155555],"R_pred":[-0.14860560422524605,0.9539797068124451,0.2604593891240848,-0.24791621743969916,-0.2909126174886657,0.9240711001412638,0.9573159998262026,0.07275003763528287,0.27973828572582593],"T_pred":[-114.81187872813538,40.90910575294577,771.2750481101776],"rotation_error":22.56387351648452,"translation_error":182.8351446290701,"ADD":0,"ADD_S":0}}
{"id_image":53,"data":{"GT_R":[-0.32445343331721554,0.9422251564613952,-0.08331692907647385,-0.37797211058385816,-0.04839965083543203,0.9245514292347394,0.8671025843575016,0.331464607493259,0.37183833495566376],"GT_T":[-112.22398787434946,41.862887379963084,953.5640954486895],"R_pred":[-0.09440013297796207,0.9757625658440627,0.19742347882446482,-0.31665301843784216,-0.2174399339897417,0.9232825900127979,0.9438323372336563,0.024643258793179135,0.3295045204365272],"T_pred":[-114.35595423156202,36.40375014468856,711.2679852047804],"rotation_error":21.05354120277238,"translation_error":242.3669789786356,"ADD":0,"ADD_S":0}}
{"id_image":54,"data":{"GT_R":[-0.32371172666747167,0.9423432339450908,-0.08485732593216111,-0.37891923099980473,-0.04693819904727886,0.9242386962960437,0.866966234055405,0.33134006353839396,0.3722666986866498],"GT_T":[-112.65159817097519,41.27163535077417,953.3245098229728],"R_pred":[-0.557518367945061,0.8290442528699522,-0.043114918383062695,-0.45939053084325043,-0.26484042399606955,0.8478324657555516,0.6914720598660744,0.4924887578421304,0.5285084803706398],"T_pred":[-93.46559893341038,44.073219208617694,756.9687899867804],"rotation_error":18.65791885607565,"translation_error":197.31071980823964,"ADD":0,"ADD_S":0}}
{"id_image":55,"data":{"GT_R":[-0.3247598917671149,0.9418824891393685,-0.08595409940692209,-0.379518846034631,-0.04653385276253404,0.9240134857312167,0.8663122078510906,0.3327028263416339,0.37257445804712513],"GT_T":[-113.1495594432452,40.29913811087752,952.8605651670711],"R_pred":[-0.17453486481561248,0.9647447827308033,0.19699006360090993,-0.3764809322117721,-0.2502439481743201,0.8919865885107707,0.9098349787982163,0.08151975586213983,0.40688430881446636],"T_pred":[-112.86836071210358,38.523465474005455,730.2267479123859],"rotation_error":18.73060209695143,"translation_error":222.64107588545352,"ADD":0,"ADD_S":0}}
{"id_image":56,"data":{"GT_R":[-0.3231068944855684,0.9421845083797509,-0.088831276294543,-0.3814681653054768,-0.043763085981578624,0.9233457218009473,0.8660737648638321,0.332224924413066,0.37355398939427303],"GT_T":[-113.5156840727258,39.55207414156768,952.845236287631],"R_pred":[-0.2332532483716851,0.9475106481015954,0.21866982841295626,-0.6743733353952728,-0.31962919257029,0.6656258586959491,0.7005808494612967,0.0077942922038651274,0.7135304635242486],"T_pred":[-108.70008339328011,50.03693636156094,721.9609479863961],"rotation_error":31.218169799589045,"translation_error":231.17239655729628,"ADD":0,"ADD_S":0}}
{"id_image":57,"data":{"GT_R":[-0.3258737282083342,0.9412620027080506,-0.08850691467853716,-0.3813552567121846,-0.04520835391188668,0.9233227702990539,0.8650861456230738,0.3346376539055586,0.3736880779015346],"GT_T":[-113.26861159907901,39.64871478039139,952.1193293645817],"R_pred":[-0.3363952331176072,0.5506239330846473,-0.7639708969915965,-0.7259451136515623,-0.6683820073127444,-0.1620777105773856,-0.5998682681232365,0.5000787704102028,0.6245632748439895],"T_pred":[-116.88254641202414,76.28199425400398,1119.2443748750977],"rotation_error":97.62190968681575,"translation_error":171.1310565815453,"ADD":0,"ADD_S":0}}
{"id_image":58,"data":{"GT_R":[-0.3243330461242975,0.9416592316111486,-0.08992254484046412,-0.3823104702777802,-0.043536462740369146,0.9230075375099371,0.8652434186208701,0.33373962009967817,0.3741266336693838],"GT_T":[-112.4969361507784,38.887755149376105,952.1091159713384],"R_pred":[0.06062577746856884,0.9183975507847172,0.39098651360240655,-0.5105690168414979,-0.30805237142957814,0.8027596249800557,0.8576967961627454,-0.24829352623305817,0.4502294200548383],"T_pred":[-117.40497905243869,46.42306288610316,790.6311423972976],"rotation_error":37.47439602505463,"translation_error":161.72818461044548,"ADD":0,"ADD_S":0}}
{"id_image":59,"data":{"GT_R":[-0.32389122073139726,0.941709007205816,-0.09099355470914607,-0.38405624607631517,-0.04297267335119424,0.9223092571395008,0.8646360856489028,0.3336731794764521,0.3755880699626274],"GT_T":[-112.57708880878786,37.81484417762581,951.9941388865963],"R_pred":[-0.16413951922123637,0.9141393228094038,-0.3706851989537566,-0.557860924293249,-0.395940057513285,-0.7293988346597893,-0.8135412757669419,0.08706761366858162,0.5749520182359179],"T_pred":[-116.44002076431693,46.214724209617536,861.1093707085648],"rotation_error":118.42904287593045,"translation_error":91.35382484942498,"ADD":0,"ADD_S":0}}
{"id_image":60,"data":{"GT_R":[-0.3241992148277748,0.9415452101205312,-0.09158495373577545,-0.38473083344970677,-0.04278554642900068,0.9220373200091668,0.8642199977247598,0.33415888397268045,0.3761126025470491],"GT_T":[-112.92503042564202,36.75356831641964,951.5406998957725],"R_pred":[-0.22871125349540927,0.9622296426652016,0.14766610071697844,-0.21821177250878987,-0.19849994955102257,0.9555005977846447,0.9487227123154218,0.18631125785802544,0.25536900816706276],"T_pred":[-113.97521851010134,27.290630207945522,758.3216101224912],"rotation_error":16.436293806918204,"translation_error":193.45352606110052,"ADD":0,"ADD_S":0}}
{"id_image":61,"data":{"GT_R":[-0.3245318002457802,0.9412793274080646,-0.09312806156452415,-0.38595716427173626,-0.04189133232454753,0.921564926497567,0.8635485125986105,0.33501952838032395,0.3768890437625205],"GT_T":[-112.8601153878842,35.42293557546294,951.2608534611304],"R_pred":[-0.5011368807166988,0.8577913466708275,-0.11426212129216476,-0.702437969443248,-0.32610557728282374,0.6326421196454459,0.5054134207458125,0.39730235091386557,0.7659687435452778],"T_pred":[-99.95019031921338,49.61967133717927,787.5567613768699],"rotation_error":31.420527432616307,"translation_error":164.8248865817864,"ADD":0,"ADD_S":0}}
{"id_image":62,"data":{"GT_R":[-0.32432941299480933,0.9411483119305974,-0.09513419370405264,-0.38858107062705044,-0.04086094972319544,0.9205084461093664,0.8624466223857095,0.3355145787834392,0.3789651602764546],"GT_T":[-112.92780215118235,33.954933524044854,951.1096983093933],"R_pred":[-0.4242194965935919,0.4549965214104007,-0.7829533729503401,-0.6305542244626255,-0.7689787182079196,-0.10522880288039849,-0.6499532204106818,0.4490544470860295,0.613115743420477],"T_pred":[-88.7317559733214,70.55069408197275,924.1363023405671],"rotation_error":100.30178689359549,"translation_error":51.50012069447466,"ADD":0,"ADD_S":0}}
{"id_image":63,"data":{"GT_R":[-0.3242580406890454,0.9412393692768701,-0.09447177843745203,-0.38895932260386784,-0.041625339384273534,0.9203139868893645,0.8623033656414727,0.335165035190491,0.379600802350537],"GT_T":[-113.27971261622064,33.12987450444099,951.0977285071754],"R_pred":[-0.3067954724494595,0.9356960597189569,0.17421085474485007,-0.75477264801106,-0.35069020540801454,0.5543776958403512,0.5798230660286682,0.03859097896274272,0.8138279599791418],"T_pred":[-109.5190038432424,51.42526211863272,784.8918466729127],"rotation_error":36.68043518989888,"translation_error":167.25208308040158,"ADD":0,"ADD_S":0}}
{"id_image":64,"data":{"GT_R":[-0.32432143818681813,0.9410885688435435,-0.09575442036178874,-0.3898771606532207,-0.040755721524703095,0.9199648726532794,0.8618645425787916,0.335696444679266,0.38012679783601333],"GT_T":[-113.0099209990006,32.49394085226275,950.9324573971081],"R_pred":[-0.30914596917495263,0.4555083025748684,-0.8348298964628909,-0.7052219542085775,-0.6987398317104496,-0.12010263478994657,-0.6380366486692703,0.5516111255827011,0.5372470577753506],"T_pred":[-100.06650280226474,68.42079386681718,1016.3856753228383],"rotation_error":100.33169521903129,"translation_error":75.77858918572001,"ADD":0,"ADD_S":0}}
