{"id_image":1,"data":{"GT_R":[-0.707601933684708,0.054516040631329005,0.7045051808641555,-0.3876746209903924,-0.8635185286568371,-0.32255861892401155,0.5907683542046924,-0.5013615388070207,0.6321621884073516],"GT_T":[22.725683405991095,2.784820286844557,929.7828995989921],"R_pred":[-0.8289289436137417,0.04991532976212855,0.5571223082000435,-0.09667895943920522,-0.9938055340686226,-0.0548063797046679,0.550935554526261,-0.09929259946903238,0.8286199336544614],"T_pred":[25.79967835561291,19.581761439516686,946.8105238504842],"rotation_error":26.222154265980194,"translation_error":24.114863978190535,"ADD":0,"ADD_S":1}}
{"id_image":1,"data":{"GT_R":[-0.707601933684708,0.054516040631329005,0.7045051808641555,-0.3876746209903924,-0.8635185286568371,-0.32255861892401155,0.5907683542046924,-0.5013615388070207,0.6321621884073516],"GT_T":[22.725683405991095,2.784820286844557,929.7828995989921],"R_pred":[-0.8289289436137417,0.04991532976212855,0.5571223082000435,-0.09667895943920522,-0.9938055340686226,-0.0548063797046679,0.550935554526261,-0.09929259946903238,0.8286199336544614],"T_pred":[25.79967835561291,19.581761439516686,946.8105238504842],"rotation_error":26.222154265980194,"translation_error":24.114863978190535,"ADD":0,"ADD_S":1}}
{"id_image":2,"data":{"GT_R":[-0.7068364634354597,0.05453788300917282,0.7052711233561372,-0.387394612024591,-0.8640621104146656,-0.3214373617394849,0.5918678714836573,-0.5004216381535836,0.6318783341629386],"GT_T":[22.613337208594388,3.40065204850211,928.8152565879541],"R_pred":[-0.7669534589008982,0.06335252458991077,0.6385678112056957,-0.22404474722888118,-0.9589285682560243,-0.17395387958191105,0.6013204995001377,-0.276482293484657,0.7496473826209021],"T_pred":[22.162160568549705,23.006220925776056,872.105181464949],"rotation_error":14.629557244166383,"translation_error":60.0051207133102,"ADD":0,"ADD_S":0}}
{"id_image":3,"data":{"GT_R":[-0.7065166012151655,0.054028442307132905,0.7056307622593034,-0.3880917229919439,-0.8633631573674901,-0.322472422112253,0.5917935150611713,-0.5016818008928606,0.6309481778172724],"GT_T":[23.2126402089672,3.3773786772378855,928.068667462109],"R_pred":[-0.6957894882875935,0.06405284190861882,0.7153839678326027,-0.2935052585319852,-0.9344145697217477,-0.20180206913159632,0.6555392064572197,-0.35038071484479644,0.6689556812392642],"T_pred":[19.938565546221053,25.737033246272066,822.6077566210834],"rotation_error":9.706965238360382,"translation_error":107.85489062978338,"ADD":0,"ADD_S":0}}
{"id_image":4,"data":{"GT_R":[-0.7044586719488981,0.0517066261085076,0.7078585490081141,-0.3875204926903584,-0.8635804166357517,-0.32257796918012493,0.5946134201925346,-0.5015529425323552,0.6283945513513871],"GT_T":[25.99010516456334,3.746443762144292,927.2324433435494],"R_pred":[-0.7602517626825382,0.05458349039869333,0.6473313679360744,-0.2040031144879912,-0.9661154006446184,-0.15812577878539627,0.6167657469552708,-0.25227301721187756,0.7456261383357767],"T_pred":[25.573540962218313,22.659276437614842,914.8305726333836],"rotation_error":15.971038053365687,"translation_error":22.620237900090544,"ADD":0,"ADD_S":1}}
{"id_image":5,"data":{"GT_R":[-0.7034602429238624,0.055977864575924866,0.7085270109905699,-0.3897071820603999,-0.8640522008708305,-0.3186543991984095,0.5943673405314204,-0.5002785484564324,0.6296422426731008],"GT_T":[24.673891476490837,4.534976575080101,926.4432714548128],"R_pred":[-0.7999349918401972,0.0700914233241278,0.5959791952795176,-0.17638026735470225,-0.9767487349462756,-0.12186841292449047,0.573579994523438,-0.20260577769957172,0.7936982353043527],"T_pred":[25.84667583131297,21.988888743348294,902.4321555707122],"rotation_error":19.74013851954664,"translation_error":29.707712115210832,"ADD":0,"ADD_S":1}}
{"id_image":6,"data":{"GT_R":[-0.7046654305957011,0.062001377390851216,0.7068259521859931,-0.39219263235352303,-0.8641997420749328,-0.3151872922653852,0.5912968341703588,-0.49931313767055274,0.6332884147370162],"GT_T":[20.053620566672024,6.680140587904765,926.0058365776546],"R_pred":[-0.8008208435457596,0.06355663772449577,0.5955220653710618,-0.19591295336148307,-0.9674469539524321,-0.16020145440457792,0.5659541423541659,-0.24496315047230652,0.7872032543522942],"T_pred":[20.91895268943088,23.61319931781727,867.0656064781932],"rotation_error":17.439755027392454,"translation_error":61.3304818325341,"ADD":0,"ADD_S":0}}
{"id_image":7,"data":{"GT_R":[-0.7045411326750824,0.06451972400577527,0.7067238637706241,-0.39212393868770057,-0.865420792409704,-0.3119052009534178,0.5914899043003025,-0.4968740108605399,0.635024295017151],"GT_T":[18.63140501973075,9.871071684716101,925.6880718449828],"R_pred":[-0.8174135046059992,0.08248562806781959,0.5701151494654351,-0.16433149320188353,-0.9819598877508149,-0.09354110962804744,0.5521144109962874,-0.1701496400544662,0.8162222596569866],"T_pred":[18.79000264385584,27.730483510657855,984.2679429657248],"rotation_error":21.798265160478817,"translation_error":61.24202025160269,"ADD":0,"ADD_S":0}}
{"id_image":8,"data":{"GT_R":[-0.7025240128710544,0.06463998523724422,0.7087182331205021,-0.3919831730865235,-0.8663319349364572,-0.30954193082474607,0.5939767521247928,-0.4952664780229395,0.6339571163729806],"GT_T":[18.75661829260051,10.91569926430662,925.3870663335908],"R_pred":[-0.778984201062462,0.05841247276542322,0.6243169047210771,-0.29823786295754334,-0.9103373358865888,-0.2869496680420202,0.5515775481231949,-0.409724197377134,0.7265592133405697],"T_pred":[19.42209156559854,29.57669978624784,789.1846462334669],"rotation_error":8.303997453321053,"translation_error":137.4764526611289,"ADD":0,"ADD_S":0}}
{"id_image":9,"data":{"GT_R":[-0.7057812012643222,0.07061364724678688,0.704901279405366,-0.39298391994496124,-0.8669139232939412,-0.3066305854785434,0.5894371819400025,-0.49342953153493746,0.6396025242271893],"GT_T":[13.579410786069905,12.873451911768948,925.5391947280077],"R_pred":[-0.7643327141693674,0.06687837086411097,0.64134451394009,-0.41499082876428905,-0.8122744019106942,-0.40986937924435446,0.4935363351284445,-0.5794286664561794,0.6486018088140031],"T_pred":[13.679747063770755,38.77002037795062,811.3300758630454],"rotation_error":7.933639878460681,"translation_error":117.10834794156797,"ADD":0,"ADD_S":0}}
{"id_image":10,"data":{"GT_R":[-0.70596837950561,0.06772511961452667,0.7049971216935669,-0.39065074880036066,-0.8675366767057373,-0.30784935413825637,0.5907625924007034,-0.4927393578829432,0.6389109735639852],"GT_T":[14.257409000121708,13.606469825545052,925.7286853221495],"R_pred":[-0.6902064765677915,0.061392537460066315,0.7210034507879204,-0.41619645693255614,-0.8487687328690415,-0.3261474319087438,0.5919421668885076,-0.5251881514734468,0.6113770331074293],"T_pred":[11.674204943122371,38.06491325769181,787.3694581788404],"rotation_error":2.464228936408687,"translation_error":140.52816135571342,"ADD":0,"ADD_S":0}}
{"id_image":11,"data":{"GT_R":[-0.7038174445036397,0.06749578404354066,0.7071666447546462,-0.3922032950242549,-0.866924558478788,-0.3076008753987712,0.5922987679073776,-0.49384754534702113,0.6366288502629602],"GT_T":[16.46408182103254,11.918442872647557,925.7576807536823],"R_pred":[-0.7320847935582309,0.0823263341641904,0.6762205481526634,-0.32405529231679475,-0.9152463580952335,-0.23939981519393097,0.5991994847813867,-0.3943938116863621,0.6967162254040185],"T_pred":[14.894722319039403,35.296815346651336,869.0661824009248],"rotation_error":6.680347604754136,"translation_error":61.34278420695015,"ADD":0,"ADD_S":0}}
{"id_image":12,"data":{"GT_R":[-0.7012916433156962,0.07238015876052657,0.7091896853437397,-0.3963737690399683,-0.8664629688297586,-0.3035270718820779,0.5925182335487773,-0.4939652097130187,0.6363337426323336],"GT_T":[16.367456558257174,12.133408449342467,925.8351311335077],"R_pred":[-0.7813137487104836,0.061708478582588946,0.6210804213199715,-0.23077060871282434,-0.9531438150254199,-0.19560622186704751,0.579908399861809,-0.29615693736566473,0.7589448703429688],"T_pred":[15.412980919542843,29.643691342462176,881.626974436645],"rotation_error":13.783498830545357,"translation_error":47.55924883002619,"ADD":0,"ADD_S":0}}
{"id_image":13,"data":{"GT_R":[-0.7002115542732876,0.07392083330040478,0.7100982550298358,-0.39827381503396714,-0.8659205924621918,-0.30258606661432397,0.592521795846769,-0.49468781011235985,0.6357678829618245],"GT_T":[17.925760994531263,10.82397115851154,926.0558488194638],"R_pred":[-0.7958118438094235,0.04885279469471504,0.6035701398372535,-0.2422055179783461,-0.9392161776196949,-0.24332993806412484,0.5549954921560054,-0.3398328650203888,0.759271774490891],"T_pred":[18.147624508475246,30.726765585811492,885.0881177783592],"rotation_error":12.512213598182521,"translation_error":45.54695858222001,"ADD":0,"ADD_S":1}}
{"id_image":14,"data":{"GT_R":[-0.6945269442035278,0.077277899213283,0.7153048823468408,-0.40355451157517935,-0.8649310888121794,-0.2983893122403542,0.5956311995855633,-0.49590455845222836,0.6319035937331996],"GT_T":[21.19363368818447,9.40292034609783,926.0964424522398],"R_pred":[-0.8213753991159914,0.07278144015402072,0.5657254773263727,-0.18095333629320087,-0.9738409793035705,-0.13743957622687342,0.5409236025645445,-0.21525939932595162,0.813059067467072],"T_pred":[21.180257278030126,26.280990051856893,935.8140760487436],"rotation_error":19.964194176388528,"translation_error":19.475672482271555,"ADD":0,"ADD_S":1}}
{"id_image":15,"data":{"GT_R":[-0.6920634587982807,0.07961607649134124,0.7174328590367409,-0.40670756210641185,-0.8641284533460551,-0.2964299941888309,0.5963540623974866,-0.49693356333993294,0.6304116223020808],"GT_T":[22.87027865855088,7.949864970722485,926.3646057048335],"R_pred":[-0.6548996044821216,0.0477380462725219,0.754206594367381,-0.3593471436730249,-0.8976272041127001,-0.25521565933707047,0.6648128596704483,-0.4381626197827694,0.605010231518362],"T_pred":[19.708128178265735,32.4287901692328,728.7834757178483],"rotation_error":5.376664077627751,"translation_error":199.11684986828251,"ADD":0,"ADD_S":0}}
{"id_image":16,"data":{"GT_R":[-0.6898465147298383,0.07972468116520534,0.7195523676090477,-0.408264549165532,-0.8636358237218646,-0.2957212953420493,0.5978558453612555,-0.497770207427649,0.6283255918777254],"GT_T":[23.84119066866197,6.9231710097188195,926.5827837707672],"R_pred":[-0.6206122853027767,0.16371738411908732,0.7668357121759968,-0.2945899035331969,-0.9549998534775312,-0.0345263463777392,0.7266754296572622,-0.24732953320438122,0.6409141299248566],"T_pred":[18.94176992571285,28.19618034144706,932.7288368466072],"rotation_error":17.400633699858872,"translation_error":22.67860705720879,"ADD":0,"ADD_S":1}}
{"id_image":17,"data":{"GT_R":[-0.6881410334963263,0.07446611010139123,0.7217456529295425,-0.40747185900102,-0.8627125241136743,-0.29948935363574364,0.6003572983442792,-0.5001810806724768,0.6240106240105607],"GT_T":[27.767357472435812,5.569340567384062,926.9512503103892],"R_pred":[-0.7648114519604623,0.04998184426404034,0.6423124303593186,-0.298718436924795,-0.9108514387471934,-0.2848103789776188,0.5708158533111503,-0.4096968046935841,0.7115601097816898],"T_pred":[26.943804076427803,27.274203340668564,835.942648450437],"rotation_error":8.49385898545678,"translation_error":93.56465636503184,"ADD":0,"ADD_S":0}}
{"id_image":18,"data":{"GT_R":[-0.6871492076665555,0.06825840788592391,0.7233025270457514,-0.40541214982608714,-0.8621805303931974,-0.303783392507634,0.6028821592227049,-0.5019810231091806,0.620119417058589],"GT_T":[33.29573510775413,3.312063426937584,927.4764924396409],"R_pred":[-0.7631266934250822,0.054020456626065486,0.643987142766074,-0.2416744668450268,-0.9480522867176553,-0.20685819714141584,0.5993589090497217,-0.31349426137544556,0.7365393718107615],"T_pred":[32.771042690081586,23.952168862546753,853.3482943553269],"rotation_error":13.15320164515784,"translation_error":76.94984734067718,"ADD":0,"ADD_S":0}}
{"id_image":19,"data":{"GT_R":[-0.6845772340700907,0.061426524449325046,0.7263476737832639,-0.4031740202337332,-0.8620606299008648,-0.30708433308845545,0.6072931424793062,-0.503068087766313,0.6149131301901865],"GT_T":[38.16914178209407,1.5143088025045515,927.567897810511],"R_pred":[-0.8104542024082396,0.045560247321602604,0.5840276103600057,-0.1884674889901802,-0.9642441340045992,-0.18631493668371557,0.5546566427913404,-0.261069940632228,0.7900623359619959],"T_pred":[37.95215391437692,18.990835161200973,877.3949109358902],"rotation_error":18.171413298123387,"translation_error":53.130073115156,"ADD":0,"ADD_S":0}}
{"id_image":20,"data":{"GT_R":[-0.6810992552214844,0.06028133540770719,0.7297055526424625,-0.40435936928660665,-0.8618095439643503,-0.30623062804265844,0.6104069313443311,-0.5036368742519738,0.6113537515160309],"GT_T":[42.8452805035156,0.06586037227901897,927.8008288046575],"R_pred":[-0.7566567116955859,0.07086665026150171,0.649960413045854,-0.2521000345533646,-0.9488598094107061,-0.19002798389519027,0.6032546669725941,-0.3076409920114553,0.7358266282284115],"T_pred":[40.41454933961088,19.781812997996695,894.8222154995383],"rotation_error":13.492815761476114,"translation_error":38.49956074371897,"ADD":0,"ADD_S":1}}
{"id_image":21,"data":{"GT_R":[-0.678275630899768,0.06122072023400577,0.7322529780543664,-0.40573296621818783,-0.8620405265904363,-0.30375252119160445,0.6126361075661885,-0.503126395136841,0.6095404104073864],"GT_T":[43.88399947540387,-0.05222644737681037,927.5244871287418],"R_pred":[-0.7137398712160745,0.04112065652628186,0.6992027515987825,-0.3116904890972144,-0.9126278468221057,-0.26449849188830205,0.6272355500470302,-0.40671796716114533,0.6641957994036882],"T_pred":[40.57903229982434,23.618351224940778,806.817133875829],"rotation_error":6.806933348231052,"translation_error":123.05073825335779,"ADD":0,"ADD_S":0}}
{"id_image":22,"data":{"GT_R":[-0.6780179102226205,0.06126466404190182,0.7324869914500018,-0.4048146103223436,-0.8628989268956829,-0.30253951176235694,0.6135280274354741,-0.5016490739386682,0.6098615044634214],"GT_T":[43.23815946427416,0.6090875279186143,927.6186085811012],"R_pred":[-0.7428076612862728,0.06500131272170903,0.666341960016681,-0.3023065884054098,-0.9206009539364288,-0.2471934671831344,0.5973671441760918,-0.385056765887566,0.7034797666622034],"T_pred":[40.05601269767672,21.77209242184038,878.698517907769],"rotation_error":8.895213490508898,"translation_error":53.39638663497154,"ADD":0,"ADD_S":0}}
{"id_image":23,"data":{"GT_R":[-0.6770264236668085,0.05920628606386254,0.7335730809662387,-0.40344794304490317,-0.8634983271119825,-0.3026556034916801,0.6155203269736226,-0.5008643234033362,0.6084980717821742],"GT_T":[45.625978336871974,0.745475642991984,927.7644282526246],"R_pred":[-0.7400590925631365,0.08005252206170187,0.6677605358406468,-0.2910985027520139,-0.9331930066181839,-0.21074267269456837,0.6062789796868787,-0.35034612329876713,0.7139211389778021],"T_pred":[43.51152813712776,23.91251360846076,898.1134696664114],"rotation_error":10.6204880992104,"translation_error":37.6876888761038,"ADD":0,"ADD_S":1}}
{"id_image":24,"data":{"GT_R":[-0.674443847646263,0.06085025386413827,0.7358146245825371,-0.40533323439672314,-0.8635007848650791,-0.30011688311796525,0.6171149894205467,-0.5006615423772693,0.60704715726168],"GT_T":[47.054922659523776,1.483678920895393,928.0673805030752],"R_pred":[-0.7425810365869905,0.06948654668028967,0.6661418947430335,-0.2588877830582237,-0.9470753347927416,-0.18980365120411785,0.6176977577137455,-0.31340059039137796,0.7212694018587976],"T_pred":[43.922829333291205,20.859333922604772,877.1760533235318],"rotation_error":12.727667281581814,"translation_error":54.544964913773924,"ADD":0,"ADD_S":0}}
{"id_image":25,"data":{"GT_R":[-0.671908990090057,0.06520806256754724,0.7377578481431202,-0.407010419742438,-0.864729988956595,-0.29425240310433864,0.6187734255855701,-0.49798611236182655,0.6075597388301283],"GT_T":[47.628192638608766,4.980265026201568,928.6096341623432],"R_pred":[-0.6432264038190745,0.06878495578690641,0.7625801094228555,-0.395256835559171,-0.8828229268180183,-0.25376310572701155,0.6557681201261094,-0.4646421308295895,0.5950427403845939],"T_pred":[40.17271201692201,30.000176141285838,834.079263686321],"rotation_error":3.1888905407256716,"translation_error":98.06921579089472,"ADD":0,"ADD_S":0}}
{"id_image":26,"data":{"GT_R":[-0.66794539315535,0.066150533370086,0.741264251261606,-0.40707763504963757,-0.866298906711019,-0.28950479570038845,0.623005412710694,-0.49512601296503883,0.6055689653187513],"GT_T":[50.267434486728924,8.743510243119433,929.2956961721372],"R_pred":[-0.7514619826010491,0.07781820930303575,0.6551711341368522,-0.24244032032666674,-0.9561169206016222,-0.16450873903587743,0.6136184317515272,-0.2824619628200231,0.7373517883443799],"T_pred":[48.9348622829938,28.089822157883606,908.1717178875584],"rotation_error":14.533906822069813,"translation_error":28.67539000517466,"ADD":0,"ADD_S":1}}
{"id_image":27,"data":{"GT_R":[-0.6632217219514025,0.07091621705013326,0.7450545644277047,-0.408680942256531,-0.8682943939702168,-0.28114666334755317,0.6269896929189572,-0.4909527504942434,0.6048546806935537],"GT_T":[52.55316165307829,12.239252391379873,929.8393519551969],"R_pred":[-0.7435146587574307,0.0936063015726297,0.6621357961315151,-0.27491883454303945,-0.9453966881772615,-0.17505638062339396,0.6095946084295023,-0.3121905864842173,0.7286504313347539],"T_pred":[48.40202335594491,31.650892975518264,882.603670742828],"rotation_error":12.612038530376225,"translation_error":51.237225909744964,"ADD":0,"ADD_S":0}}
{"id_image":28,"data":{"GT_R":[-0.6591986881210309,0.07788110128655637,0.7479251327487193,-0.4123359644093861,-0.8691931806232617,-0.27291169185217773,0.6288366475215402,-0.48829958476964985,0.605083637808655],"GT_T":[51.7887114003099,16.03402485805592,930.7326884961115],"R_pred":[-0.679017636282069,0.0922831696274565,0.7282986106134091,-0.3461922146584171,-0.9150836553327539,-0.20681599128874464,0.6473685195681147,-0.39256301449112063,0.65330565551343],"T_pred":[43.89652122028455,36.41548439167189,829.2655101734837],"rotation_error":6.236498349661244,"translation_error":103.79440657046051,"ADD":0,"ADD_S":0}}
{"id_image":29,"data":{"GT_R":[-0.6590740442775777,0.08225646287167275,0.7475658063258691,-0.41220169732178463,-0.8709137324016452,-0.2675797031813696,0.6290558915589256,-0.4845028044887447,0.6079030349673683],"GT_T":[51.63788984375487,19.7258726406506,932.0644014220346],"R_pred":[-0.7857821455257088,0.09887163290485035,0.6105496048477489,-0.20328558399843238,-0.973583778229193,-0.1039692171144232,0.5841415848160701,-0.20581308747428645,0.7851239277419023],"T_pred":[51.29915703038813,35.90208199061601,945.9041214972847],"rotation_error":19.40187334657451,"translation_error":21.29136774878587,"ADD":0,"ADD_S":1}}
{"id_image":30,"data":{"GT_R":[-0.6581057723945305,0.08285322906173608,0.7483530512045296,-0.4118977392365048,-0.8716247670444804,-0.26572438565422773,0.6302667030764899,-0.483120109710062,0.6077488196890648],"GT_T":[53.3862257926966,19.97796847397574,933.078804227231],"R_pred":[-0.5927776811545085,0.074620248363891,0.8019017640953255,-0.5120705429254186,-0.8034359260922437,-0.30376713405562106,0.6216095074829139,-0.5906966490495862,0.5144697163181119],"T_pred":[39.80556535473201,44.05970700154685,750.1051203163194],"rotation_error":8.475524569481852,"translation_error":185.05062407993063,"ADD":0,"ADD_S":0}}
{"id_image":31,"data":{"GT_R":[-0.6555744632462214,0.08775567611364256,0.7500141027131,-0.41542228868396963,-0.8713306622100553,-0.2611630810321157,0.6305926487077071,-0.48278426579164313,0.6076775406217197],"GT_T":[51.57351133921178,20.03572912269742,934.1426330340298],"R_pred":[-0.7610407592944884,0.10570598365920575,0.64003375513414,-0.25187784185728634,-0.9573760101324127,-0.14138149809737605,0.5978080925127933,-0.26880740362122135,0.7552271607169816],"T_pred":[49.32257539635668,38.25674540693168,939.3841151668513],"rotation_error":15.240280783565144,"translation_error":19.09306895179122,"ADD":0,"ADD_S":1}}
{"id_image":32,"data":{"GT_R":[-0.6566340610517729,0.09442460068088164,0.7482755873273904,-0.41748179941974484,-0.8717775441991924,-0.2563435529385713,0.6281249041227636,-0.4807150527300685,0.6118590954920443],"GT_T":[46.93179364882686,21.924872177460575,935.6168991143498],"R_pred":[-0.6039238665835822,0.09507809505749598,0.7913508193026487,-0.46278138160133897,-0.8501874969722005,-0.2510271157371259,0.6489293923177556,-0.5178236918415208,0.5574488926832004],"T_pred":[34.71263694115461,43.53318002741467,746.7796102847727],"rotation_error":4.430301891701282,"translation_error":190.46193428422953,"ADD":0,"ADD_S":0}}
{"id_image":33,"data":{"GT_R":[-0.6580252468964187,0.0962733622709294,0.7468151521883808,-0.41694275522600033,-0.8724581923546684,-0.2549014717092763,0.6270250772409856,-0.4791110240221078,0.6142407516794839],"GT_T":[44.56036095473753,21.8951894805881,937.1637801600397],"R_pred":[-0.6827350349784855,0.10334692138746897,0.7233203203648152,-0.3038546176033616,-0.9404443587980822,-0.15243614848840464,0.6644887082366723,-0.3238577185194084,0.6734767514780025],"T_pred":[38.882900197332454,42.30280075666111,874.9176127962911],"rotation_error":9.780871325604469,"translation_error":65.75172629006003,"ADD":0,"ADD_S":0}}
{"id_image":34,"data":{"GT_R":[-0.6616594724548586,0.09686634298864111,0.7435216391974885,-0.41667169024791717,-0.8719120688450058,-0.25720269707428617,0.6233710040532229,-0.47998476796961,0.6172701572012019],"GT_T":[40.87615536008954,18.93818526814195,938.7376162466559],"R_pred":[-0.6679932491602154,0.13135303653783673,0.7324830365740004,-0.20935003668257532,-0.9777165018111577,-0.015588592853649427,0.714113143148467,-0.16375842536627605,0.6806067858199593],"T_pred":[35.491931221687246,36.55082265338747,975.5316052234975],"rotation_error":19.35863361730248,"translation_error":41.14598996335667,"ADD":0,"ADD_S":1}}
{"id_image":35,"data":{"GT_R":[-0.6633202975556771,0.09439931616236087,0.7423575369501844,-0.41695731312798023,-0.8703801586908104,-0.261886644254084,0.6214109220096945,-0.4832460588998195,0.6167020517673675],"GT_T":[39.96688424387056,14.375978232271223,940.0208614196057],"R_pred":[-0.6465838153157949,0.0547856425418666,0.7608731189514746,-0.33792510175422774,-0.914786199242468,-0.22129806885717407,0.6839122716957671,-0.40020587582742284,0.609999394735061],"T_pred":[35.81852206704967,39.58113098315266,810.704312063847],"rotation_error":6.134583543613708,"translation_error":131.81531994129404,"ADD":0,"ADD_S":0}}
{"id_image":36,"data":{"GT_R":[-0.6627867380116258,0.09496515351138451,0.7427616408119664,-0.41875093734914176,-0.8693286166325854,-0.2625162063345853,0.6207743976334005,-0.48502457149057915,0.6159465814712177],"GT_T":[40.89835032287842,10.83430605186267,941.2227203562486],"R_pred":[-0.7008871281913006,0.09397268515229515,0.7070547135696212,-0.34587253415402974,-0.9117178570706093,-0.22168161677605475,0.6238023915100206,-0.39992459732284996,0.6715138813178295],"T_pred":[35.80632433175282,33.50464961863455,846.9534412105734],"rotation_error":5.990528825230702,"translation_error":97.09052578277146,"ADD":0,"ADD_S":0}}
{"id_image":37,"data":{"GT_R":[-0.6630263382876983,0.09208589566028363,0.7429104733474157,-0.41865497191617274,-0.8683126897163653,-0.26600846206046674,0.6205827559572689,-0.4873942472366985,0.6142668682000665],"GT_T":[39.75597965865844,7.085869889766052,941.7278162749964],"R_pred":[-0.7088502588135612,0.08503805511572118,0.7002141385048454,-0.3320658651489542,-0.9160498309523787,-0.2249110233292156,0.622305047209826,-0.39194545078907855,0.6775803950992989],"T_pred":[35.678023117311064,31.753934619861404,844.3961520195419],"rotation_error":6.850987640645636,"translation_error":100.49177087611605,"ADD":0,"ADD_S":0}}
{"id_image":38,"data":{"GT_R":[-0.6653788601294149,0.08938390043727631,0.7411348111253971,-0.4179512045952629,-0.8672192346380655,-0.27064032926791487,0.6185363105087935,-0.48983699406372905,0.6143878561337405],"GT_T":[38.028103550934034,2.319117175118894,942.2282647386884],"R_pred":[-0.46156091273429734,0.16487680955324363,0.87165197269749,-0.37673005174679935,-0.9260035180251083,-0.024330078421095386,0.803141327505151,-0.3396073059824629,0.4895210779696805],"T_pred":[28.16016569777003,27.8504238782885,907.7916557357357],"rotation_error":18.30196024417665,"translation_error":43.98981540160699,"ADD":0,"ADD_S":1}}
{"id_image":39,"data":{"GT_R":[-0.6664462960524772,0.08477057591103648,0.7407179210025875,-0.4166698088241021,-0.8662243900544265,-0.2757556489035698,0.6182521262476254,-0.49241122544594823,0.6126131614229169],"GT_T":[38.70807741388926,-3.047830387033091,942.281063209962],"R_pred":[-0.6819906828369999,0.08055940741250733,0.7269105105863226,-0.3490542757314697,-0.9092640572547163,-0.22671565181581835,0.6426895215553944,-0.40834918398600717,0.6482292208940144],"T_pred":[33.23174867890488,20.02620274931478,837.0647889853454],"rotation_error":5.469632790458237,"translation_error":107.85576268007473,"ADD":0,"ADD_S":0}}
{"id_image":40,"data":{"GT_R":[-0.6668648203099462,0.08336466157036584,0.7405008387983678,-0.41876920492713027,-0.8638883912113544,-0.2798718217922359,0.6163789849470305,-0.4967353465266894,0.6110080234692339],"GT_T":[38.06650890408002,-9.52223264775667,941.9870554825995],"R_pred":[-0.587524637388956,0.06920594856652598,0.8062414881063757,-0.4142232055662939,-0.8816254739611118,-0.22617616946360405,0.6951502977280235,-0.4668480056140889,0.5466433967613514],"T_pred":[29.276360515972844,21.30802869347022,742.1207651072342],"rotation_error":6.444764268367366,"translation_error":202.42110994524052,"ADD":0,"ADD_S":0}}
{"id_image":41,"data":{"GT_R":[-0.6665634270670981,0.08547192277508703,0.7405318292144558,-0.4220894930839815,-0.8620902598675535,-0.2804268077099751,0.6144372275128414,-0.4994925491872554,0.6107152342621467],"GT_T":[35.98079016271424,-15.142399431344352,941.5314382876435],"R_pred":[-0.7220037070982366,0.10924835119835569,0.6832096637905852,-0.29426906074049425,-0.9421801461344735,-0.1603193441881835,0.6261919568529374,-0.316798626875911,0.712405967958036],"T_pred":[32.55373900368182,6.018317969718842,878.4784154230268],"rotation_error":12.03801701457598,"translation_error":66.59732977334868,"ADD":0,"ADD_S":0}}
{"id_image":42,"data":{"GT_R":[-0.6639232975591012,0.08741245981779018,0.7426736740843778,-0.4264007944375915,-0.860121853361297,-0.2799508713237049,0.6143189062351063,-0.5025427530581011,0.6083274475418322],"GT_T":[34.64201615607406,-19.195695324051098,940.9040066570406],"R_pred":[-0.7354125477679554,0.08486810156285284,0.6722840098667838,-0.286911482678243,-0.937803181695118,-0.19546609299284054,0.6138812472236116,-0.33663421950186645,0.7140218600067876],"T_pred":[32.85061657249542,4.218155522932367,891.6972393673167],"rotation_error":11.578691589695916,"translation_error":54.52268767272825,"ADD":0,"ADD_S":0}}
{"id_image":43,"data":{"GT_R":[-0.662675515664836,0.08678502120801115,0.7438613154684842,-0.4289779625114114,-0.8581549357647835,-0.2820404256012973,0.613871754715061,-0.5060009248119499,0.605907839926043],"GT_T":[34.16289453822817,-23.696492673009434,940.5794348263433],"R_pred":[-0.7299326889697967,0.10481958507748183,0.6754340265025939,-0.2940688253537271,-0.9402010757664382,-0.17188793757187115,0.6170265760308881,-0.3240907152508644,0.7171076716642921],"T_pred":[31.743677451426244,-0.7162434149743461,930.7551520299642],"rotation_error":12.31659419966271,"translation_error":25.108982451260914,"ADD":0,"ADD_S":1}}
{"id_image":44,"data":{"GT_R":[-0.6609642850541885,0.08667376158911637,0.7453951229347525,-0.43178409496204734,-0.8563304839920626,-0.2833021264534852,0.6137506138135523,-0.509101931319114,0.6034281022030631],"GT_T":[33.72039730863531,-27.769549174610837,940.1214888681869],"R_pred":[-0.689116102447693,0.08813024780743238,0.7192718934927886,-0.32356088482658113,-0.9255598188063102,-0.19658935785405585,0.6484036945896752,-0.3682011423564988,0.6663336758785566],"T_pred":[29.88682072098894,-4.412005585881519,877.375325439198],"rotation_error":9.115181320229196,"translation_error":67.06230071366568,"ADD":0,"ADD_S":0}}
{"id_image":45,"data":{"GT_R":[-0.6619755234532536,0.08680699649418767,0.7444813837630485,-0.4329182899111318,-0.8551161492602362,-0.2852333593668266,0.611858114648572,-0.5111163325150732,0.6036467510418603],"GT_T":[31.990567799422028,-30.51237520591604,940.1697898605823],"R_pred":[-0.6047643788642767,0.11719436761419413,0.7877344262227053,-0.3387840132816523,-0.9330140936751049,-0.12128517365449015,0.7207533825114405,-0.3402207830264514,0.6039572670273833],"T_pred":[21.19087205430366,5.396468763628045,698.4535785846074],"rotation_error":12.104988923386982,"translation_error":244.6074514339822,"ADD":0,"ADD_S":0}}
{"id_image":46,"data":{"GT_R":[-0.661459605362985,0.08823258262521971,0.7447720669313439,-0.4345586882158862,-0.854454086423933,-0.28472011169388517,0.6112528491968817,-0.511977926215263,0.6035294883170251],"GT_T":[30.97688718314435,-30.9887351119478,940.2178371357908],"R_pred":[-0.6921814959761303,0.06161680439735409,0.7190884132317141,-0.33669474754117723,-0.9088524690333547,-0.24621908234366813,0.6383740467832548,-0.41254158450734796,0.6498369160379682],"T_pred":[28.506220969617004,-4.629695915212851,837.0944077251467],"rotation_error":6.915547176418991,"translation_error":106.46757643679965,"ADD":0,"ADD_S":0}}
{"id_image":47,"data":{"GT_R":[-0.6612676633932401,0.08750805778042929,0.7450280871832543,-0.43394859310450495,-0.8547486551784196,-0.2847657735074225,0.6118934884925991,-0.5116103913406492,0.6031922383004568],"GT_T":[30.681028985382397,-30.034945178014507,940.4330686313152],"R_pred":[-0.7418756999962888,0.07519513026582474,0.666307840370592,-0.3009969470539496,-0.9252963176544697,-0.23071099323456756,0.5991838479291798,-0.3717155053523924,0.7090883580072356],"T_pred":[27.893581484864868,-6.440149131688153,847.8367237620243],"rotation_error":10.686191381286148,"translation_error":95.59585423640782,"ADD":0,"ADD_S":0}}
{"id_image":48,"data":{"GT_R":[-0.6587954218561991,0.08541726928385639,0.7474574633312592,-0.43268256067978617,-0.855790992274748,-0.2835615762908394,0.615446108565154,-0.5102207513106221,0.6007498167116617],"GT_T":[30.82918745301333,-28.55638432103792,940.4005291417865],"R_pred":[-0.7554100703113257,0.10163051059415246,0.6473228444822644,-0.38948664239966635,-0.8640765169329748,-0.3188603585854048,0.5269305277401114,-0.4929939271444937,0.6923158287473837],"T_pred":[29.382884239221063,-1.7256814046141495,881.4718647692462],"rotation_error":8.04043815259833,"translation_error":64.7654683971877,"ADD":0,"ADD_S":0}}
{"id_image":49,"data":{"GT_R":[-0.6595211898823442,0.0853535017752905,0.7468238937852941,-0.43104952429974003,-0.8568901579104776,-0.28272760965717314,0.6158146800368122,-0.5083827588295302,0.6019289546762794],"GT_T":[29.08173695896901,-27.287401585162687,940.4938198668993],"R_pred":[-0.7309889493194311,0.0730463388946255,0.6784684136693215,-0.32956098341846374,-0.9084060803707078,-0.2572701913432301,0.5975321867323375,-0.41165838448842346,0.6881080295267973],"T_pred":[26.703445789348482,-4.919440557297845,851.0438682979474],"rotation_error":8.175578208491299,"translation_error":92.23489461759812,"ADD":0,"ADD_S":0}}
{"id_image":50,"data":{"GT_R":[-0.66013748891546,0.08365926908716204,0.7464718086800823,-0.4288875538952368,-0.8578369145661676,-0.2831436162970188,0.6166639729845322,-0.5070661992710681,0.6021711067099267],"GT_T":[27.316578079494008,-24.875804459934837,940.536805847169],"R_pred":[-0.6625117389572064,0.04778932206071759,0.7475255022010121,-0.3557554449753718,-0.8982995441201589,-0.2578681686519099,0.6591784728844485,-0.4367769565012464,0.6121353046142941],"T_pred":[24.134030007134484,3.004917706344897,774.4017664443489],"rotation_error":5.088579859054954,"translation_error":168.48832184493602,"ADD":0,"ADD_S":0}}
{"id_image":51,"data":{"GT_R":[-0.6600288059317495,0.08455747253554152,0.7464666722613149,-0.4273377927749484,-0.8594785617131545,-0.28049477556129326,0.6178547934323111,-0.5041274797192475,0.6034152168081978],"GT_T":[27.16782914508254,-22.52308369188291,940.9292239706144],"R_pred":[-0.7398194662950287,0.10457300210889164,0.6646289525147642,-0.1917861495931032,-0.9796408073327867,-0.05934611556469041,0.6448916421502071,-0.1713720392546564,0.7448129926676292],"T_pred":[24.662450602314895,-8.542550051529558,981.2696446931018],"rotation_error":20.9226937930784,"translation_error":42.76776574219068,"ADD":0,"ADD_S":1}}
{"id_image":52,"data":{"GT_R":[-0.6590962954106766,0.0860481659861461,0.7471188356685214,-0.42707390596547296,-0.8605343015719743,-0.27764637932132347,0.6190309991906717,-0.5020709652356761,0.6039244742737578],"GT_T":[25.80512810198121,-19.703811229504755,940.7615634555159],"R_pred":[-0.7626148641906814,0.07331518659096119,0.6426845667437184,-0.29175800523360523,-0.9257375752015954,-0.24059760647599582,0.5773177940246914,-0.37099167817486567,0.7273715277816837],"T_pred":[24.72943144865171,0.25239985192781317,852.2597985988676],"rotation_error":11.469921131717769,"translation_error":90.73020371826648,"ADD":0,"ADD_S":0}}
{"id_image":53,"data":{"GT_R":[-0.657398083750609,0.08440819885041141,0.7488003592676181,-0.424767271295585,-0.8622949560782924,-0.2757160870140668,0.6224143320830882,-0.4993218148715442,0.6027249008752337],"GT_T":[24.586839223605693,-16.50439284595595,940.464864665291],"R_pred":[-0.6374472748982963,0.04784340508227097,0.7690071393133288,-0.36027475381709095,-0.9007481529011764,-0.2426002201300594,0.681074939699568,-0.43169870701132806,0.5914162264243152],"T_pred":[20.741487196118822,13.646447073121669,749.2307132441633],"rotation_error":5.287770435126277,"translation_error":193.6346057650851,"ADD":0,"ADD_S":0}}
{"id_image":54,"data":{"GT_R":[-0.6597210477958099,0.07957917518268648,0.7472849129784869,-0.420329558000463,-0.8633686514322494,-0.2791365273149926,0.6229695696220588,-0.4982587089631528,0.6030315944372976],"GT_T":[24.754100727000328,-16.94200333247027,940.3379377105143],"R_pred":[-0.6940504844389304,0.07159166191231875,0.7163578428374455,-0.26177434040970715,-0.9520287669597726,-0.15847845779195904,0.6706475376478682,-0.2975161522097367,0.6794968869841591],"T_pred":[19.96310016837919,5.039032528949296,865.1763625125069],"rotation_error":12.720473083852134,"translation_error":78.45624264607275,"ADD":0,"ADD_S":0}}
{"id_image":55,"data":{"GT_R":[-0.6592186470861782,0.07906236617351921,0.7477828838274837,-0.4204703353971072,-0.8632132446395511,-0.27940450898406644,0.6234067171263635,-0.4986089406125929,0.602289313560922],"GT_T":[23.116683313675377,-17.446497729989165,939.776921290052],"R_pred":[-0.6028405030533104,0.12714331851741878,0.7876661122803301,-0.3464663375154874,-0.9310004314041346,-0.11488809204577996,0.7187102370545697,-0.3421589883105417,0.6052956483168124],"T_pred":[10.322768559445183,18.751434214204178,662.5807383558058],"rotation_error":11.31807626409618,"translation_error":279.8422740850478,"ADD":0,"ADD_S":0}}
{"id_image":56,"data":{"GT_R":[-0.6603325790829091,0.08096911575487538,0.7465952121741596,-0.420445372458702,-0.8636115293992486,-0.27820748207846835,0.6222423954847972,-0.49761201751160317,0.6043143946129517],"GT_T":[18.288458577659075,-16.124624318280787,939.3282021682138],"R_pred":[-0.7686047336867046,0.12008928851800187,0.628351276069071,-0.17448417683947004,-0.9843347287833121,-0.025306397288749227,0.6154689556647372,-0.12908797191963153,0.777518012729373],"T_pred":[12.696042498154261,0.9318469930103656,957.4642908106471],"rotation_error":23.513042087612302,"translation_error":25.516975574025206,"ADD":0,"ADD_S":1}}
{"id_image":57,"data":{"GT_R":[-0.6632089327996862,0.0800413473554845,0.7441424041233982,-0.41812258243874617,-0.8642618031940936,-0.2796857365457687,0.6207476715227487,-0.4966325944978259,0.6066536274651141],"GT_T":[14.479330184888859,-15.90860591358285,938.9188073607442],"R_pred":[-0.7670280679898118,0.08804277092967046,0.6355441868216889,-0.1777726068950064,-0.9809225890648366,-0.07866240843052622,0.6164939927960125,-0.17331862205015067,0.7680467512443933],"T_pred":[11.445281364857344,0.3844617863658569,957.7985413189836],"rotation_error":20.973755231535502,"translation_error":25.12197965231531,"ADD":0,"ADD_S":1}}
{"id_image":58,"data":{"GT_R":[-0.6633912061728597,0.08081518782521402,0.7438963456942538,-0.41911800500792284,-0.8637004898540277,-0.2799298194338239,0.6198818200122388,-0.4974821875476143,0.6068422895734507],"GT_T":[12.052503642894045,-17.045088867487614,938.302978004269],"R_pred":[-0.7483066207175288,0.08744300559735896,0.6575643863245733,-0.22763057454454827,-0.9649326386400501,-0.13072614283175915,0.6230742515325371,-0.24750499724096664,0.7419701836448134],"T_pred":[10.919524966738505,2.880998439194316,885.2911531242687],"rotation_error":16.49610072617,"translation_error":56.644383420970804,"ADD":0,"ADD_S":0}}
{"id_image":59,"data":{"GT_R":[-0.6624658340303199,0.08140550335862541,0.7446549202808691,-0.41936130321913556,-0.8640051951020029,-0.2786221578952977,0.6207052270588984,-0.49685794129048355,0.606513008400075],"GT_T":[11.86776808821266,-16.318385918419462,937.7969591328257],"R_pred":[-0.762888879070428,0.1022987177242854,0.6383850958023946,-0.18556573727504982,-0.9805038132641086,-0.06463458303500544,0.6193269858000964,-0.1677714055687345,0.766998592002135],"T_pred":[13.678673556770354,1.3456002551853858,941.8337742456636],"rotation_error":21.16787072011658,"translation_error":18.20965849247568,"ADD":0,"ADD_S":1}}
{"id_image":60,"data":{"GT_R":[-0.660732773809202,0.07929441260281161,0.7464207728995541,-0.41851069128859086,-0.864411906049646,-0.27863792926826925,0.623121182213837,-0.4964902344858662,0.6043311941549319],"GT_T":[14.598144146726257,-17.471825627198417,937.4917964170618],"R_pred":[-0.7994428550956592,0.11068977108592433,0.590456514921672,-0.34698630509914213,-0.8874267144265563,-0.3034375233812263,0.4903994550467466,-0.4474612844694308,0.7478547809507016],"T_pred":[18.664407025227632,6.45625129634426,878.417494562212],"rotation_error":12.27410589331074,"translation_error":63.8659572753275,"ADD":0,"ADD_S":0}}
{"id_image":61,"data":{"GT_R":[-0.6558234554322337,0.07992150336606015,0.7506719122097207,-0.422889550042975,-0.8626070116517229,-0.2776183519563158,0.6253479183583696,-0.49951955480564264,0.5995164674136905],"GT_T":[18.284567544917852,-20.566212301349715,936.5985721613567],"R_pred":[-0.718959690881475,0.07255957068216727,0.6912539848637644,-0.30551100984067914,-0.9263002486223721,-0.22052408546065888,0.6243076050744074,-0.3697336312868375,0.6881402881256892],"T_pred":[20.597247702180894,1.4393259501913087,830.253162997161],"rotation_error":9.369705631566182,"translation_error":108.6229177179017,"ADD":0,"ADD_S":0}}
{"id_image":62,"data":{"GT_R":[-0.6503936277477365,0.08122233109071239,0.7552418305142099,-0.4261144376232624,-0.8621002267960394,-0.2742430617895226,0.6288198147790829,-0.5001855934391397,0.5953140785351969],"GT_T":[23.46291932514784,-21.374038205734134,936.00175982636],"R_pred":[-0.7521132741245234,0.07783815035265941,0.6544209999956956,-0.22662761521623676,-0.9629888948716991,-0.14591885544776204,0.6188421017570562,-0.25805737870376877,0.7419170050547755],"T_pred":[24.90308361487787,-8.171050088049368,956.5375243595921],"rotation_error":16.623777491229298,"translation_error":24.456299666578648,"ADD":0,"ADD_S":1}}
{"id_image":63,"data":{"GT_R":[-0.645629987796755,0.07778724038401827,0.7596772461752572,-0.4265664549796463,-0.8618655007797076,-0.27427677230817105,0.6334049986257411,-0.5011349637930467,0.589628629068363],"GT_T":[28.35870537043117,-24.43635462320195,935.1489932066983],"R_pred":[-0.7160308017879403,0.08581060096115792,0.6927744450061681,-0.26319048935088296,-0.9523633386582313,-0.15406114855793387,0.646552903640655,-0.2926441729172681,0.7045060190313537],"T_pred":[28.845373171976775,-7.431109912062149,892.2838193845544],"rotation_error":13.812476346048795,"translation_error":46.11765735634693,"ADD":0,"ADD_S":1}}
