{"id_image":1,"data":{"Best_template_id":125,"GT_R":[-0.9678578382622616,-0.015593136365323453,-0.25101661759561955,0.09687154381259386,-0.9441817459230439,-0.3148596694156995,-0.23209634217805344,-0.32905545986124557,0.9153437085502457],"GT_T":[-98.8732598456011,-33.526825136284806,912.6669312893868],"R_pred":[-0.9242837678242822,-0.0011748839102602993,-0.3817042522481845,0.10263853327105461,-0.9639301508802556,-0.2455687189198458,-0.3676477227245055,-0.2661527453770955,0.8910655801363448],"T_pred":[-54.89525028264494,-3.9060086213055265,681.760277310072],"rotation_error":8.822699071485122,"translation_error":236.91631633987674,"ADD":0,"ADD_S":0}}
{"id_image":24,"data":{"Best_template_id":125,"GT_R":[-0.9677900862514422,-0.009950751129299445,-0.2515635026265592,0.09061840334033504,-0.9460155582558726,-0.31119780918661744,-0.2348858423053189,-0.32397007763594726,0.9164449998788675],"GT_T":[-91.59825827721816,-28.934588959640305,914.9399096101224],"R_pred":[-0.9201792381102507,-0.0009197822769648756,-0.3914962627553445,0.10471323826069671,-0.9641421543220207,-0.24385455499590625,-0.3772337570841153,-0.26538474006591994,0.8872799063747283],"T_pred":[-48.66323273894164,-0.13862302877127533,684.3131251246485],"rotation_error":9.207274976235384,"translation_error":236.3500323545005,"ADD":0,"ADD_S":0}}
{"id_image":32,"data":{"Best_template_id":94,"GT_R":[-0.9676237356073132,-0.0037665002104980668,-0.25237051794497134,0.08463500587132138,-0.9468408309206334,-0.31037051871360005,-0.23778580741153607,-0.3216814480658074,0.9165031893342397],"GT_T":[-83.5859666045636,-27.097816153180133,915.9545918357517],"R_pred":[-0.9444967276506401,-0.06089701414886533,-0.3228273302014339,-0.046452744478391324,-0.9480399355490469,0.31474183569170533,-0.32522003933899585,0.3122688493460596,0.8925917833704439],"T_pred":[-51.24848753605396,-6.029121682716463,756.0327189606683],"rotation_error":37.50555848729681,"translation_error":164.51324525116627,"ADD":0,"ADD_S":0}}
{"id_image":39,"data":{"Best_template_id":94,"GT_R":[-0.9657633509800907,-0.000493152252579118,-0.2594262008998834,0.08373225609666615,-0.9470725578724764,-0.30990770288557945,-0.24554327218363706,-0.32101941422570374,0.914687973860503],"GT_T":[-80.09195599438462,-25.338973407975928,918.1358929331228],"R_pred":[-0.8353361887241864,-0.11576099833161826,-0.5374131028110662,-0.20590296088809243,-0.840535305601696,0.5011031537863039,-0.5097228879550801,0.5292445477303763,0.678294026357598],"T_pred":[-38.501193109161086,2.325725497676062,671.0311256371689],"rotation_error":55.06081415363946,"translation_error":252.10294156019444,"ADD":0,"ADD_S":0}}
{"id_image":46,"data":{"Best_template_id":125,"GT_R":[-0.9635731250757993,0.008671885519843957,-0.2673075768393464,0.07681369662600165,-0.9483914404752805,-0.30765995961310294,-0.25618021003617253,-0.3169853610811711,0.9131768175928167],"GT_T":[-80.62483922553233,-24.182176597413324,921.6519897543867],"R_pred":[-0.9258159482572255,0.005997458733852587,-0.3779270570378761,0.08801082234451699,-0.9689699878461383,-0.23097891203245466,-0.36758526235802247,-0.24710563154689594,0.8965600268554211],"T_pred":[-40.93736395013458,3.031044923683864,701.9066056524345],"rotation_error":7.8690444927601915,"translation_error":224.9526371337001,"ADD":0,"ADD_S":0}}
{"id_image":53,"data":{"Best_template_id":125,"GT_R":[-0.960338826705307,0.009013980981711339,-0.27869081742401514,0.08115233765845989,-0.9471758236378479,-0.3102780469840483,-0.26676564555689575,-0.3205887591705411,0.9088780750228238],"GT_T":[-80.76375257219725,-28.037125114739,920.7463180316842],"R_pred":[-0.9390334031412009,0.011234190377052942,-0.3436423442354376,0.07662141775123538,-0.9674948850252463,-0.24100374642684724,-0.33517969229481304,-0.2526409317916587,0.9076492348129849],"T_pred":[-37.97087732072969,2.408690236710662,679.0482779547001],"rotation_error":5.6171860335706345,"translation_error":247.3380690911887,"ADD":0,"ADD_S":0}}
{"id_image":62,"data":{"Best_template_id":94,"GT_R":[-0.957434084993711,0.01651651918907714,-0.28818095098807844,0.07689805481860679,-0.9476891268504685,-0.309795718825446,-0.27822244249315914,-0.31876900747320397,0.9060783904983106],"GT_T":[-81.0082458416807,-27.377087500903823,920.6672684041638],"R_pred":[-0.979609845872229,0.0337051315054325,-0.19806189431687582,0.03398241841095345,-0.9438257375890408,-0.3286916066823825,-0.19801450731986958,-0.32872015632556617,0.9234356034484295],"T_pred":[-43.94175641849283,-3.6053890758622775,716.6466609699867],"rotation_error":5.4306498153071825,"translation_error":208.71853425601913,"ADD":0,"ADD_S":0}}
{"id_image":75,"data":{"Best_template_id":125,"GT_R":[-0.9499517499201688,0.014711082495018216,-0.31205219320052,0.08617004534694961,-0.947800706893277,-0.30700153963820037,-0.3002797460063685,-0.31852546253385144,0.8990961525320413],"GT_T":[-92.25354217885999,-27.61031998736088,921.3269739730777],"R_pred":[-0.9214955256603777,0.019394476612715525,-0.3879044347063113,0.09730927288673728,-0.9553679400799125,-0.2789318993548767,-0.37600119893181005,-0.2947811957102817,0.878480019725809],"T_pred":[-47.98071165539818,0.962104245388941,690.3287408549477],"rotation_error":4.841840966983878,"translation_error":236.931742602787,"ADD":0,"ADD_S":0}}
{"id_image":85,"data":{"Best_template_id":94,"GT_R":[-0.9476177240674847,0.019705334839202088,-0.31879906916970185,0.08371546615680452,-0.9478813505144006,-0.3074302657618241,-0.3082417181688646,-0.3180156265476696,0.8965780926605275],"GT_T":[-89.95025984876177,-26.25386986751125,923.7128522474783],"R_pred":[-0.8770424923888163,0.023079704901181247,-0.47985809753101766,0.22515927223390714,-0.8626012244764485,-0.4530148227804795,-0.4243816309308292,-0.5053577492761008,0.7513413182935463],"T_pred":[-46.48529121212935,-11.769771895585883,681.3598537411931],"rotation_error":15.692166977667304,"translation_error":246.64543068467992,"ADD":0,"ADD_S":0}}
{"id_image":98,"data":{"Best_template_id":94,"GT_R":[-0.9446855422916102,0.021197025068410116,-0.32729362489743435,0.08755619064765026,-0.9453948504150901,-0.3139459620356914,-0.31607642160378707,-0.3252373361604955,0.8912437618072968],"GT_T":[-88.07479090805664,-35.70239693732657,923.3085445104022],"R_pred":[-0.9678581170111159,-0.016262951224277497,-0.250970479844092,-0.024817078744388002,-0.9868608852456273,0.159654958503679,-0.25026941071231984,0.1607517016696663,0.9547377192046067],"T_pred":[-53.56360365475734,-9.505298509508552,757.7509482519126],"rotation_error":28.686355282585566,"translation_error":171.13336229548608,"ADD":0,"ADD_S":0}}
{"id_image":104,"data":{"Best_template_id":94,"GT_R":[-0.9456679943191916,0.021312110278491787,-0.3244370255231984,0.08707850851516456,-0.9447953563569799,-0.3158791047135324,-0.31325874034795886,-0.32696818018800367,0.8916057677614355],"GT_T":[-78.03736407435792,-38.03804995530719,922.8309109127679],"R_pred":[-0.9745465441174707,-0.009021724318181922,-0.22400366478926528,-0.014706975859702138,-0.9944648004075736,0.10403588617100837,-0.2237023428794543,0.10468222982269529,0.9690195522019104],"T_pred":[-48.021056190464975,-11.972435802968313,783.3963654828495],"rotation_error":25.88560629829421,"translation_error":144.99099089035573,"ADD":0,"ADD_S":0}}
{"id_image":107,"data":{"Best_template_id":94,"GT_R":[-0.9457787434360911,0.02309336563601111,-0.3239892733090816,0.08622711360802243,-0.9438291907028361,-0.31898511612487274,-0.31315730547512355,-0.3296262817279214,0.8906616330033166],"GT_T":[-74.63494507088237,-40.233988935375294,922.3418748088969],"R_pred":[-0.9408891907664655,-0.011597880469176189,-0.33851590784990937,0.05910831431870989,-0.9897004983609848,-0.1303807145340861,-0.33351722275952445,-0.1426829096726057,0.9318840321682375],"T_pred":[-40.03832545900598,-14.314620030761008,744.4401169815662],"rotation_error":11.253914576876166,"translation_error":183.07860391382872,"ADD":0,"ADD_S":0}}
{"id_image":116,"data":{"Best_template_id":125,"GT_R":[-0.9447009668001966,0.01790718250945095,-0.32744441158629783,0.09347589050404402,-0.942380301807005,-0.3212206801009839,-0.3143296157274296,-0.33406548394329294,0.8885926611643481],"GT_T":[-69.06830489719799,-43.88404570739459,921.8056953959997],"R_pred":[-0.8754582679843628,0.030584651969490242,-0.4823249942535893,0.1390554028892323,-0.9398529836409476,-0.3119935320940517,-0.46285679852966743,-0.34020721362886164,0.8185491041163959],"T_pred":[-35.429719762121145,-18.58404372833614,721.3532267605601],"rotation_error":9.778662535851684,"translation_error":204.8239163087945,"ADD":0,"ADD_S":0}}
{"id_image":119,"data":{"Best_template_id":94,"GT_R":[-0.9451896601684041,0.020740025416883516,-0.3258636900395687,0.0906596382350672,-0.9420731337118513,-0.32292328811138016,-0.3136849943610586,-0.33476615006543564,0.8885564579240522],"GT_T":[-64.79211311583394,-45.08656063631299,921.5450137356254],"R_pred":[-0.7389600775849399,0.08195930880842689,-0.6687455984418176,0.15122161758275784,-0.9470729660250781,-0.28316924162082924,-0.6565592327515575,-0.3103795559055176,0.6874550931985163],"T_pred":[-47.54384751374744,-24.776997634710856,806.6680538886711],"rotation_error":23.354400550139346,"translation_error":117.92665906941869,"ADD":0,"ADD_S":0}}
{"id_image":128,"data":{"Best_template_id":94,"GT_R":[-0.9433292343582161,0.021648694656232766,-0.33115136186616884,0.09225765428073435,-0.941426118786332,-0.3243532987993329,-0.31877660412840025,-0.33652359253198283,0.8860773772995091],"GT_T":[-62.404796580001126,-44.34526120117118,921.6698252461613],"R_pred":[-0.9448071760178548,0.0036233847180571583,-0.32760688519680287,0.01058304024844688,-0.9990794973873446,-0.04157110967186973,-0.327455950326553,-0.042743759584713846,0.9438991321175682],"T_pred":[-39.09745977102522,-22.11368662797082,805.7167070357328],"rotation_error":17.255107613659405,"translation_error":120.34367652624049,"ADD":0,"ADD_S":0}}
{"id_image":132,"data":{"Best_template_id":94,"GT_R":[-0.9420501256360826,0.025228357789833802,-0.3345243332205453,0.09175377425399489,-0.9397714891932736,-0.32925977304214427,-0.32268306461193247,-0.34087295221574454,0.8829957826992859],"GT_T":[-62.88705752874179,-48.53123925930336,921.6363984246065],"R_pred":[-0.9673009486195084,0.016137035088740398,-0.2531175041326532,0.046091392114079366,-0.970172847861277,-0.23799207727511756,-0.24940821632974552,-0.24187650024606383,0.9377053376492688],"T_pred":[-35.21697931815407,-22.058465206643405,766.4139169750375],"rotation_error":7.782829110778385,"translation_error":159.8763889434115,"ADD":0,"ADD_S":0}}
{"id_image":140,"data":{"Best_template_id":94,"GT_R":[-0.9415918395093448,0.02992931009740638,-0.3354240740606812,0.08701778635250779,-0.9405913996695247,-0.3282006419590953,-0.3253203702688324,-0.33821858962132423,0.8830488040292604],"GT_T":[-58.13713421953917,-46.125697388208195,921.1769549478254],"R_pred":[-0.9273237186648127,0.017767017229060638,-0.37383827238586154,-0.07762715110717223,-0.9862810042812814,0.14568392500509877,-0.36612121792194396,0.16411615914555536,0.9159809714697479],"T_pred":[-31.421885038647485,-16.773394239240993,778.580640607675],"rotation_error":29.269404886986443,"translation_error":148.01679331191096,"ADD":0,"ADD_S":0}}
{"id_image":143,"data":{"Best_template_id":94,"GT_R":[-0.9419271240914958,0.03344120893310531,-0.33415065391820453,0.08289554934843832,-0.9410842908528751,-0.327853853546999,-0.3254278305120385,-0.3365146376299105,0.883659694619695],"GT_T":[-54.0862029624775,-43.641340905084405,920.9950494886597],"R_pred":[-0.9978720788184091,0.029540991899574636,-0.05812610525586519,-0.020906038037673585,-0.9893687848221683,-0.14391784181634107,-0.06175962992274159,-0.14239640942487028,0.9878810711288636],"T_pred":[-32.39132287270121,-15.444661883398332,808.9183408659776],"rotation_error":20.129745299913072,"translation_error":117.58787839592712,"ADD":0,"ADD_S":0}}
{"id_image":254,"data":{"Best_template_id":94,"GT_R":[-0.8940801690149324,-0.013044866838354457,-0.4477178230819905,0.1533181235051898,-0.94810585251742,-0.27854740042743836,-0.4208507175934418,-0.3176874565626586,0.8496822936229417],"GT_T":[-86.35598590175931,-22.22296021550763,918.5290212018518],"R_pred":[-0.8424099033769796,0.019605689329463133,-0.5384804282778572,0.09717319563924647,-0.9774256676509722,-0.18760712744005256,-0.5300027591830487,-0.2103679661045568,0.8214879147591818],"T_pred":[-73.59986454896394,-1.9725931942048607,883.1113242914471],"rotation_error":8.92963111847086,"translation_error":42.74586823193562,"ADD":0,"ADD_S":0}}
{"id_image":357,"data":{"Best_template_id":125,"GT_R":[-0.818217769988469,-0.015032544390017137,-0.5747122677322586,0.21049247878692967,-0.9380782826535408,-0.2751405643084032,-0.534989623100581,-0.3460973007086909,0.7707152730806217],"GT_T":[-127.16085344019577,-13.822145608232102,856.887711368295],"R_pred":[-0.7996259066718534,-0.012467455205276506,-0.6003690297974412,0.2033686159731387,-0.9463261645649937,-0.2512130496150197,-0.5650129338487629,-0.3229726812292531,0.7592424064573852],"T_pred":[-102.5818367016883,-5.1444768176331594,762.7837015944108],"rotation_error":2.316759982661028,"translation_error":97.64729722319227,"ADD":0,"ADD_S":0}}
{"id_image":498,"data":{"Best_template_id":125,"GT_R":[-0.7192436666991714,-0.029543305305484654,-0.6941302564144817,0.25814595798212614,-0.9389325326266774,-0.22752285482115728,-0.6450202034892357,-0.34283146366468664,0.6829469780119933],"GT_T":[-148.17982066113103,-8.607936490245546,847.7281271077887],"R_pred":[-0.6925246616039993,-0.04197333795092141,-0.7201720849710326,0.23012318658002157,-0.9590034215507114,-0.16539575705647708,-0.6837052815859498,-0.2802689357657861,0.6737925582671502],"T_pred":[-133.0743481643946,-3.561313654048275,781.6263700546457],"rotation_error":4.4551977761619295,"translation_error":67.99327898339097,"ADD":0,"ADD_S":0}}
{"id_image":515,"data":{"Best_template_id":125,"GT_R":[-0.7080341992770038,-0.023653316572560215,-0.705782116846273,0.26537226641253714,-0.935098179511168,-0.23488027942734788,-0.6544203572001808,-0.3535981943023308,0.6683573701824383],"GT_T":[-144.9396661689403,-14.777791835791831,834.2294920484276],"R_pred":[-0.7134442646528378,-0.03543647266671647,-0.6998153596763311,0.26319155863344795,-0.9391455847861496,-0.22076180385378583,-0.6494054855774379,-0.3416867380827388,0.6793546116133393],"T_pred":[-139.12276430621057,-14.575136790407432,806.5089175233448],"rotation_error":1.0816762926818964,"translation_error":28.325036069680717,"ADD":0,"ADD_S":1}}
{"id_image":517,"data":{"Best_template_id":125,"GT_R":[-0.706583589829204,-0.023796880150489346,-0.707229175961358,0.26711237877033916,-0.9344652760280038,-0.23542631378756215,-0.6552786836330343,-0.3552581253185331,0.6666340966814316],"GT_T":[-145.24720221940842,-15.124012232091182,832.5455229178683],"R_pred":[-0.738592523823866,-0.04440653174032347,-0.6726879987708178,0.21790314931743734,-0.959992073555668,-0.17587903862550464,-0.6379649686848289,-0.27648377646633227,0.7187192915748682],"T_pred":[-134.70463299918893,-10.787638523133111,787.9160248161019],"rotation_error":5.5097189649860505,"translation_error":46.06237079789138,"ADD":0,"ADD_S":1}}
{"id_image":522,"data":{"Best_template_id":94,"GT_R":[-0.6975518971002848,-0.020268843404285156,-0.7162470579485134,0.2699788058017693,-0.9333649563769301,-0.23651901109470852,-0.6637274659034337,-0.3583557389181774,0.6565424526529146],"GT_T":[-151.65175164226608,-15.911301914975986,829.6338500090613],"R_pred":[-0.6861754016379396,0.04585723600987873,-0.725989278221481,0.3164343032537146,-0.8798233833867066,-0.35465496721504486,-0.6550058396009526,-0.47308342599535513,0.589202360939897],"T_pred":[-147.33868028005313,-19.728066862165154,781.0221034077415],"rotation_error":8.245648106123184,"translation_error":48.95173323661345,"ADD":0,"ADD_S":0}}
{"id_image":527,"data":{"Best_template_id":125,"GT_R":[-0.703062896731574,-0.018482020123369882,-0.7108881133954226,0.26692293080296875,-0.9334279882778677,-0.23971661147143503,-0.6591328092264545,-0.3582880170477978,0.6611907225569933],"GT_T":[-140.0340593527461,-15.26793269764957,831.7009202280823],"R_pred":[-0.6644430092561768,-0.044951873555339736,-0.7459858018182792,0.2648602883965084,-0.9475631697657074,-0.17881014214547125,-0.6988308200710058,-0.3163911635419516,0.6415076901732785],"T_pred":[-130.3753784520812,-14.529548536034572,791.4936939364821],"rotation_error":4.260986041241685,"translation_error":41.357664029475046,"ADD":0,"ADD_S":1}}
{"id_image":535,"data":{"Best_template_id":94,"GT_R":[-0.7144061427210963,-0.022115318308372142,-0.6993814955904479,0.25610270962453174,-0.9384137819145317,-0.23193052138827994,-0.6511798925852399,-0.3448071757877048,0.6760714498357177],"GT_T":[-123.33848839851389,-4.2373648508542985,843.6404410806391],"R_pred":[-0.5401266773251234,0.03997555341415632,-0.8406337654240127,0.30863365902292494,-0.919868546223241,-0.24204776839967368,-0.782948553201194,-0.390184331820709,0.48450774012577336],"T_pred":[-132.80015782170904,-6.451207825381352,873.2889308463269],"rotation_error":13.68193270269973,"translation_error":31.20027619069717,"ADD":0,"ADD_S":1}}
{"id_image":538,"data":{"Best_template_id":94,"GT_R":[-0.7128951885608548,-0.0242451191173817,-0.7008521167690588,0.2558550207781429,-0.9395038925058896,-0.2277499014643996,-0.6529319944838406,-0.34167872362418084,0.6759704852346562],"GT_T":[-123.83151147283752,0.5249426483801578,845.3302987505172],"R_pred":[-0.8016273834976317,-0.02991650897307141,-0.5970749873488296,0.3091072438627548,-0.8756221789214641,-0.3711313939461318,-0.5117091457247097,-0.4820692919816524,0.7111701258559694],"T_pred":[-109.92741596556247,-2.0670252430848195,798.2669706173967],"rotation_error":11.97461572573727,"translation_error":49.14263957493101,"ADD":0,"ADD_S":0}}
{"id_image":551,"data":{"Best_template_id":125,"GT_R":[-0.7069784487836833,-0.019365676217988646,-0.7069694472534214,0.2541736286455989,-0.9397952515861347,-0.22843383389025732,-0.6599827892834927,-0.3411912047164817,0.6693364334776053],"GT_T":[-124.20261625213756,0.018930788400535192,848.0481787564968],"R_pred":[-0.7108307649610868,-0.03615924868837722,-0.7024330091326347,0.2118125887969816,-0.9633228805015398,-0.1647557438432326,-0.6707123458025481,-0.2658976055486551,0.6924185241250655],"T_pred":[-110.89059233979094,3.0682284372005166,814.8477521166346],"rotation_error":4.627102943884775,"translation_error":35.89953378336177,"ADD":0,"ADD_S":1}}
{"id_image":553,"data":{"Best_template_id":94,"GT_R":[-0.7070927414862344,-0.017202921083247193,-0.7069120520094749,0.2533965543622048,-0.9394755692089696,-0.2305988428364155,-0.6601602169342623,-0.34218352600912316,0.6686553146470842],"GT_T":[-122.60457755632306,-2.4307376343751237,848.9397405001608],"R_pred":[-0.7076033026563302,-0.026419272601782923,-0.7061158460940007,0.24131886930459792,-0.9482539513240111,-0.2063483634923001,-0.6641255674850985,-0.3164118610823442,0.6773630967058967],"T_pred":[-116.07545436406204,-2.4319895001260594,834.3871137837042],"rotation_error":1.6461778276672434,"translation_error":15.950184813205654,"ADD":1,"ADD_S":1}}
{"id_image":559,"data":{"Best_template_id":94,"GT_R":[-0.7087972954576838,-0.021182079421659256,-0.7050946835206664,0.25858278344308416,-0.9377734941531666,-0.2317685986018884,-0.6563102635617091,-0.3466024695321213,0.6701672288993281],"GT_T":[-112.98001680798566,-8.097365199531804,852.67500722522],"R_pred":[-0.633960623984613,0.04008311973021564,-0.7723258837755818,0.32441054217218757,-0.892761763166742,-0.31262475006780466,-0.7020339930263972,-0.44874244031526944,0.5529724178431591],"T_pred":[-108.0075998751826,-11.30484843078837,832.839244679188],"rotation_error":9.339763228021079,"translation_error":20.69952546835277,"ADD":0,"ADD_S":1}}
{"id_image":563,"data":{"Best_template_id":94,"GT_R":[-0.7084679092477768,-0.021876843080013635,-0.7054037628545049,0.26066427148629423,-0.9369564437728234,-0.23273836213966972,-0.65584095641763,-0.34876151303752506,0.6695051246198259],"GT_T":[-108.31557733944156,-11.740097203574518,855.1180639502609],"R_pred":[-0.6841887532933635,0.024074147759431647,-0.7289075286183633,0.2516425362332828,-0.9302821119532514,-0.26692925305758314,-0.684515729421139,-0.36605413204805565,0.6304304787885745],"T_pred":[-97.4114300562668,-13.613970000311681,814.2292897982788],"rotation_error":3.437585497427143,"translation_error":42.359221887132364,"ADD":0,"ADD_S":1}}
{"id_image":567,"data":{"Best_template_id":94,"GT_R":[-0.7101237363554066,-0.01648026007480406,-0.7038840758611743,0.2564914107837478,-0.9370842455459679,-0.23682472839641638,-0.6556957054363791,-0.34871580600476737,0.6696716435205752],"GT_T":[-102.97138620711021,-14.256111386761766,855.8294753693077],"R_pred":[-0.38573705052403806,0.053794981525299684,-0.9210391022186344,0.310316270707543,-0.9325711931071932,-0.18443096790070015,-0.8688559949653212,-0.3569552769596198,0.34303380338313927],"T_pred":[-108.05404019876057,-17.051045081309677,835.2577673337104],"rotation_error":22.897159968459555,"translation_error":21.373820375815335,"ADD":0,"ADD_S":1}}
{"id_image":570,"data":{"Best_template_id":125,"GT_R":[-0.7108597033432681,-0.011262392422130656,-0.7032436596525857,0.2538306295270865,-0.9365948474507417,-0.24158008213020832,-0.6559338899065206,-0.3502350068061461,0.668644892987711],"GT_T":[-98.67607178988007,-16.79545357327315,855.6931750353939],"R_pred":[-0.6978234403963597,-0.015319533981491301,-0.7161059683538309,0.25460297902893936,-0.9397840940782948,-0.22799820084164743,-0.6694921725479526,-0.3414252017587874,0.6597037687485141],"T_pred":[-81.19907242289436,-12.842609502557076,793.2785265603047],"rotation_error":1.207186349281543,"translation_error":64.93580543421298,"ADD":0,"ADD_S":0}}
{"id_image":575,"data":{"Best_template_id":94,"GT_R":[-0.7112977070944735,-0.005524137169936959,-0.7028698050418601,0.24627697436367316,-0.9385389766411423,-0.2418530093854491,-0.6583349557293469,-0.34513027616621683,0.6689406403813293],"GT_T":[-94.20930082040822,-13.221932403498098,855.8373291094017],"R_pred":[-0.7711026016839915,-0.015139352288365257,-0.6365308929568686,0.14557195660057998,-0.9774297991789018,-0.15310059806731843,-0.6198464189842986,-0.21071731701353,0.7559025262445959],"T_pred":[-89.12005970655488,-7.2051955963372185,871.5041346821299],"rotation_error":9.487056325925101,"translation_error":17.537111899490384,"ADD":1,"ADD_S":1}}
{"id_image":578,"data":{"Best_template_id":125,"GT_R":[-0.7097112724731542,-0.003242484835652566,-0.7044852759898703,0.24478499221218616,-0.9388196715546062,-0.24227856773630438,-0.6605993160157587,-0.3443949741039062,0.6670839246622811],"GT_T":[-93.94416454858998,-11.85549963770459,856.5806645128001],"R_pred":[-0.7627994930513623,-0.02184780875948767,-0.6462658947004658,0.13508247267456766,-0.98276245157431,-0.12621683466074002,-0.6323682937787989,-0.1835773325551408,0.7526019558805505],"T_pred":[-78.8688177751102,-2.8594405527101636,826.4822834209851],"rotation_error":10.576815968450797,"translation_error":34.84404832607003,"ADD":0,"ADD_S":1}}
{"id_image":587,"data":{"Best_template_id":94,"GT_R":[-0.7043329842937682,-0.00406834448191632,-0.7098579363032266,0.2421235177861786,-0.9413956178026409,-0.23484337469559813,-0.6673018502271162,-0.33728174878944545,0.6640407296577054],"GT_T":[-93.14622907306241,-6.179539685915678,860.7495394692506],"R_pred":[-0.7252900817152039,0.035453765305366786,-0.6875298741809149,0.29141318877042,-0.8889801683908175,-0.3532599802107356,-0.6237248197532373,-0.45657123292374185,0.6344368041738169],"T_pred":[-76.51531966314222,-7.2018727041211905,783.717476163237],"rotation_error":7.976824604502823,"translation_error":78.81352098328541,"ADD":0,"ADD_S":0}}
{"id_image":589,"data":{"Best_template_id":94,"GT_R":[-0.7006406455611364,0.0015824501691740832,-0.7135126398421161,0.23911148952053662,-0.9416530768733012,-0.2368858487474824,-0.6722567437457966,-0.33658123866333794,0.6593819663667447],"GT_T":[-97.18607386530381,-5.243326395704912,861.5991849786403],"R_pred":[-0.6478805401083909,0.034045241704099644,-0.7609807666861031,0.22829947051638103,-0.9443995109454825,-0.23661976985846647,-0.726725641154074,-0.3270328504038134,0.6040855545748113],"T_pred":[-90.52074139818596,-4.279671510154041,844.1223188659932],"rotation_error":4.49996145183803,"translation_error":18.729552497458542,"ADD":1,"ADD_S":1}}
{"id_image":596,"data":{"Best_template_id":94,"GT_R":[-0.696686849749725,0.002696148606463131,-0.7173706003855274,0.2384697142359359,-0.942254504531242,-0.23513480749794574,-0.6765804579139765,-0.33488600707594873,0.6558129763511789],"GT_T":[-95.87570209729716,-5.5854013583487045,866.597964024888],"R_pred":[-0.7388029585769231,0.016813748767286835,-0.6737117234028037,0.21186115096658376,-0.94321018461395,-0.25586988949783224,-0.639753891046471,-0.3317707725115476,0.6932842947867724],"T_pred":[-81.57382729688577,-0.8386850502557623,828.123346297979],"rotation_error":3.5758282974052897,"translation_error":41.320347865766365,"ADD":0,"ADD_S":1}}
{"id_image":598,"data":{"Best_template_id":125,"GT_R":[-0.6979390562661648,0.004201046920661781,-0.7161450514272801,0.23757648138330445,-0.9419974999989619,-0.2370620425480435,-0.6756025122300053,-0.33559414918194336,0.6564583971160279],"GT_T":[-92.0468537712991,-7.798552082514529,868.3527672379981],"R_pred":[-0.655938196309924,0.011263163713515378,-0.7547305636880263,0.2800757608805819,-0.9248767775056651,-0.2572168629734441,-0.7009298472663626,-0.38010010204405226,0.6035074660990148],"T_pred":[-76.98174475283402,-6.1070296298524305,826.619003469998],"rotation_error":4.295123844610675,"translation_error":44.40186703494954,"ADD":0,"ADD_S":0}}
{"id_image":601,"data":{"Best_template_id":94,"GT_R":[-0.6969838825902911,0.00723666977725046,-0.7170507141370526,0.23499417578405785,-0.9424271452096165,-0.23792882473214805,-0.6774896770689378,-0.3343357201248375,0.6551548851845866],"GT_T":[-90.10770340813569,-8.073808915984607,870.6834142603539],"R_pred":[-0.5984283213120569,0.05479004540135367,-0.7993006913399682,0.27257809903152846,-0.924220044421499,-0.2674294101587943,-0.7533821899806178,-0.37790919599083583,0.53814488328476],"T_pred":[-85.51883332337648,-7.264967994687659,854.1316406152889],"rotation_error":8.379423779054264,"translation_error":17.195149405812934,"ADD":1,"ADD_S":1}}
{"id_image":603,"data":{"Best_template_id":125,"GT_R":[-0.6956596103290481,0.00815793555137356,-0.7183256871112526,0.23464963652799578,-0.9425071392816512,-0.2379489464383237,-0.6789682010759243,-0.3340870369797613,0.6537496454078566],"GT_T":[-90.697925210508,-8.427825239549296,871.9276007112014],"R_pred":[-0.7271058607891923,-0.04940528322767797,-0.6847453433176459,0.20676141404638942,-0.9668567493692796,-0.14979233578727433,-0.6546501240109447,-0.25049380069826666,0.7132223152315075],"T_pred":[-62.66191279391478,2.5582710341377637,756.7117952255835],"rotation_error":6.496814385866785,"translation_error":119.08565882278954,"ADD":0,"ADD_S":0}}
{"id_image":604,"data":{"Best_template_id":94,"GT_R":[-0.6949988016525678,0.009935541136202264,-0.7189423956294915,0.23322568074588257,-0.9427247994824065,-0.23848637411763682,-0.6801349102812154,-0.33342365859397183,0.652874122962717],"GT_T":[-91.82104718273536,-8.65005993145445,872.3821745690863],"R_pred":[-0.7138880638117258,0.02368506391734127,-0.6998591644712363,0.10144479027198461,-0.9853869813836754,-0.136826355086442,-0.692872850437812,-0.16867576787078667,0.7010532779035998],"T_pred":[-81.19321666617782,0.34690894988449605,843.9386429821533],"rotation_error":9.941073919003129,"translation_error":31.669081446693507,"ADD":0,"ADD_S":1}}
{"id_image":608,"data":{"Best_template_id":94,"GT_R":[-0.6882139948178542,0.01146028260869779,-0.725417754627682,0.23489386941749302,-0.9425000258076264,-0.23773646531934822,-0.6864316068477581,-0.33400889446656323,0.6459492115200457],"GT_T":[-98.12086952490921,-9.506692444827603,873.385662993436],"R_pred":[-0.7119628750780888,0.04812328966419496,-0.7005662092211111,0.30029309979332286,-0.8809611510773049,-0.3656931835693241,-0.6347699730824223,-0.4707351689479403,0.6127605421275873],"T_pred":[-73.14388953916189,-10.064235816119405,754.2291775756339],"rotation_error":9.016389673663323,"translation_error":121.74739586924301,"ADD":0,"ADD_S":0}}
{"id_image":628,"data":{"Best_template_id":94,"GT_R":[-0.6650581241491837,0.005492727450307648,-0.7467717070387687,0.24901707258314837,-0.9411115058558216,-0.22869075092246002,-0.7040522746073106,-0.33805152161229984,0.6245256330967149],"GT_T":[-115.88860421302387,-14.019178883750971,870.9889702964117],"R_pred":[-0.6682632652966417,0.05555679379233003,-0.7418474579848522,0.31464013617112474,-0.8825167044882501,-0.34952231832805003,-0.6741111132189459,-0.46698791093851155,0.5722730974560999],"T_pred":[-98.55361422328247,-15.250614727265418,813.2193649733597],"rotation_error":8.615012723117154,"translation_error":60.32698907920341,"ADD":0,"ADD_S":0}}
{"id_image":631,"data":{"Best_template_id":94,"GT_R":[-0.6661744809768181,0.0023977440588246125,-0.745792353818344,0.2522113345315172,-0.9403532499057611,-0.2283094315952117,-0.7018558309582867,-0.34019128528608683,0.6258333673263125],"GT_T":[-111.66147030935694,-14.590634876451826,870.4143914863639],"R_pred":[-0.46370005634917777,0.10623827988783947,-0.8795997303479819,0.3062048765565454,-0.9123926278250553,-0.27162154970377633,-0.8313969156274037,-0.3952886547536664,0.3905458335564166],"T_pred":[-108.86433218802469,-14.754907923470062,846.7040293310597],"rotation_error":15.763421822327928,"translation_error":23.875347973159865,"ADD":0,"ADD_S":1}}
{"id_image":634,"data":{"Best_template_id":94,"GT_R":[-0.665129591199097,0.0026474408735447574,-0.7467236170186862,0.25362461801621183,-0.9397462370135817,-0.22924284166218967,-0.7023377457765835,-0.341863789124929,0.624380749881259],"GT_T":[-109.53529782447853,-15.785624854653957,870.0403543822805],"R_pred":[-0.669334728918855,0.04119388082477035,-0.7418180941751942,0.3257697309099966,-0.8810883976570298,-0.3428663266303588,-0.6677313105478513,-0.4711542207141544,0.5763233443278917],"T_pred":[-95.44230056342012,-16.036938817761747,817.956409922645],"rotation_error":8.438570487395987,"translation_error":53.95751107105155,"ADD":0,"ADD_S":0}}
{"id_image":644,"data":{"Best_template_id":125,"GT_R":[-0.6601816866683405,-0.004324585220995216,-0.7510935837485998,0.2584586558586362,-0.9402237713396779,-0.22176119525503962,-0.7052378386515394,-0.3405299280563581,0.6218362157208447],"GT_T":[-106.39328067170621,-11.812532931103153,868.5225194142689],"R_pred":[-0.5517584533814046,0.025494050909513843,-0.8336142168235757,0.31841781485638176,-0.917376022687441,-0.2388123283673998,-0.770825988342536,-0.39720433830258567,0.49805221546476197],"T_pred":[-91.14181861160375,-10.122720280749286,803.9383948128188],"rotation_error":8.763499925855362,"translation_error":66.38201346976204,"ADD":0,"ADD_S":0}}
{"id_image":653,"data":{"Best_template_id":94,"GT_R":[-0.6546387276999138,-0.002732453549650471,-0.7559369000313603,0.2579592954906391,-0.9407769241457636,-0.21999118541343676,-0.7105671057941932,-0.33901576229727803,0.6165727508696386],"GT_T":[-106.5610582419924,-9.129924879257636,865.7099634565238],"R_pred":[-0.6463157549683198,0.041253729671353045,-0.7619541158547104,0.29011630328163796,-0.9102685554373653,-0.29537042430170457,-0.7057680039856774,-0.4119578701398666,0.5763525290825895],"T_pred":[-97.22433840482805,-9.189669466441506,840.5869077312133],"rotation_error":5.229383876641461,"translation_error":26.80197447410276,"ADD":0,"ADD_S":1}}
{"id_image":753,"data":{"Best_template_id":94,"GT_R":[-0.5933012400416353,-0.024499326159974973,-0.8046077720577001,0.30488298236436545,-0.9319116829371089,-0.19643812179170286,-0.7450103511593483,-0.36185868871630333,0.5603729770664944],"GT_T":[-111.77595605577497,5.89025537105389,805.5352501190756],"R_pred":[-0.6269482462737088,0.0028393801560525067,-0.7790557325471973,0.33071271001838876,-0.9044511273236053,-0.2694387902944795,-0.7053828747046628,-0.4265678096192782,0.5661050290096327],"T_pred":[-120.11944893369973,-5.918612672730549,839.6323477254656],"rotation_error":4.975425012260086,"translation_error":37.036135098835295,"ADD":0,"ADD_S":1}}
{"id_image":956,"data":{"Best_template_id":94,"GT_R":[-0.42262211340201805,-0.07544655148699819,-0.9031597745759661,0.3865551870776218,-0.9163451466889769,-0.10433522853576052,-0.8197349959676401,-0.3932162950814635,0.41643185798982185],"GT_T":[-141.5976437172189,8.928725722389204,764.6134525787642],"R_pred":[-0.33329831734671467,0.010365297923172923,-0.9427644415509172,0.5201848909410922,-0.8319492722200954,-0.19304944363830165,-0.7863332060204841,-0.5547548729406689,0.2718954211790445],"T_pred":[-181.76502461015824,-18.521115943637827,805.6393743344366],"rotation_error":12.700108396721326,"translation_error":63.63991319283035,"ADD":0,"ADD_S":0}}
{"id_image":1025,"data":{"Best_template_id":125,"GT_R":[-0.33785942447142175,-0.1117274910098099,-0.9345414544948386,0.41411606185134914,-0.909300257323217,-0.041003278434008195,-0.8451983104787414,-0.40086128252036624,0.35348344077274185],"GT_T":[-137.00837628890005,13.843080621017503,764.9217379703634],"R_pred":[-0.23949333448260968,-0.07196046880114593,-0.968227573284463,0.481751214475029,-0.8746328856871464,-0.05415794148977357,-0.8429464455647437,-0.4794152753141001,0.24413578948050607],"T_pred":[-181.18597436997752,-10.162151494599065,844.092146511236],"rotation_error":7.743321781394912,"translation_error":93.78627260781036,"ADD":0,"ADD_S":0}}
{"id_image":1028,"data":{"Best_template_id":94,"GT_R":[-0.3328547613294319,-0.10795928012051781,-0.9367776908567849,0.41067082833839497,-0.9108642567895378,-0.04094604976466828,-0.8488572295139684,-0.3983364984162381,0.34752069299835875],"GT_T":[-140.78657507184153,16.542292326464498,764.4102674712444],"R_pred":[-0.2123511723429342,0.008919559163052981,-0.9771527112324451,0.600544981236411,-0.7876452330030645,-0.1376979028137574,-0.7708778795090311,-0.6160644677238617,0.16190079212831188],"T_pred":[-173.5194076109362,-18.408652174186876,764.3595185615583],"rotation_error":17.173846152388,"translation_error":47.885377966262965,"ADD":0,"ADD_S":0}}
{"id_image":1036,"data":{"Best_template_id":94,"GT_R":[-0.3205777187074647,-0.09211919805222862,-0.9427316000248128,0.40447006735993496,-0.9132749601198692,-0.04830011498890986,-0.8565248732359184,-0.39679085298253797,0.3300350671151988],"GT_T":[-149.01646509956913,15.153682425893129,757.9713814584156],"R_pred":[-0.15182113130272223,0.014139320209153927,-0.9883068469427824,0.5365138598267019,-0.8385932451691058,-0.09441529203790047,-0.8301224140473592,-0.5445745575959008,0.11973023392365545],"T_pred":[-192.21681260271677,-19.04691546339379,779.8666001199338],"rotation_error":14.858491337086354,"translation_error":59.29039990262423,"ADD":0,"ADD_S":0}}
{"id_image":1037,"data":{"Best_template_id":94,"GT_R":[-0.31931919932719377,-0.09109766744184251,-0.9432585396050986,0.40510930032953485,-0.9129567095217047,-0.04896924982269536,-0.8566930907859795,-0.3977591276533788,0.3284287167327182],"GT_T":[-149.16095840872669,14.347723909438141,757.1202948262278],"R_pred":[-0.20745568388220537,0.017871765217091162,-0.9780811516602247,0.5747094052098061,-0.8068693068087058,-0.13664194558564158,-0.7916256936130593,-0.5904595851860343,0.15711855228959737],"T_pred":[-192.78563824269318,-19.949386513814318,784.0218071224336],"rotation_error":15.4215158815037,"translation_error":61.66924547798335,"ADD":0,"ADD_S":0}}
{"id_image":1044,"data":{"Best_template_id":94,"GT_R":[-0.31691835570156535,-0.08588051939525011,-0.9445559212368885,0.399822251977334,-0.9151761439783359,-0.05093954241609213,-0.8600612163320754,-0.3937982820120291,0.3243729482207464],"GT_T":[-146.1396752556039,14.596579093477958,754.2171288848995],"R_pred":[-0.2578615699248359,-0.057802216602430206,-0.9644513023018554,0.3794846084815743,-0.9240497941619571,-0.04608047129566764,-0.8885374739882866,-0.3778768075247413,0.26021198214806396],"T_pred":[-204.53640104970222,-15.556442944672899,858.0124403999782],"rotation_error":4.12660181510984,"translation_error":122.85295687941972,"ADD":0,"ADD_S":0}}
{"id_image":1046,"data":{"Best_template_id":94,"GT_R":[-0.3182365855187712,-0.08178634643521862,-0.9444765035445493,0.3957373103450993,-0.9167773146710001,-0.053953579283608055,-0.8614625053726358,-0.3909350463585021,0.32411763006722194],"GT_T":[-143.2864242711555,16.41002366945449,754.712440099686],"R_pred":[-0.2599967928124567,0.037169604507242715,-0.9648938222561131,0.5505765375234979,-0.8152005909766284,-0.1797594859805514,-0.7932636031332035,-0.5779847895681434,0.19148482700202685],"T_pred":[-179.74824345083152,-14.876256521022375,775.3148021020884],"rotation_error":14.379426603660116,"translation_error":52.275739173410535,"ADD":0,"ADD_S":0}}
{"id_image":1047,"data":{"Best_template_id":94,"GT_R":[-0.31790151754292884,-0.08126204442092089,-0.9446345001461218,0.39449628583990953,-0.917318859597926,-0.05384896326534423,-0.8621555436169251,-0.38977346154500486,0.32367424195876593],"GT_T":[-141.98179643976073,17.856571650386527,755.0175766046003],"R_pred":[-0.2722862239016578,0.015815548131884433,-0.9620863166632527,0.5050775525024457,-0.8486931594001146,-0.15689674039186077,-0.8189974836539584,-0.528649023100147,0.22309937728228846],"T_pred":[-193.18838738393393,-8.78676900073894,837.5398908593232],"rotation_error":10.783060290807244,"translation_error":100.70707476205949,"ADD":0,"ADD_S":0}}
{"id_image":1048,"data":{"Best_template_id":94,"GT_R":[-0.31861847239587876,-0.07952814823808653,-0.9445404456315644,0.3923169035799265,-0.9181829660684921,-0.055030012618903223,-0.8628852043229522,-0.38809292785292854,0.3237498741489934],"GT_T":[-140.6219359022034,18.748031315587717,755.2805572379401],"R_pred":[-0.27238346668222335,0.0076629769379628065,-0.9621582644568522,0.5251481640994061,-0.8367147409512161,-0.15533141349373727,-0.8062423040384304,-0.547585355044661,0.22388306349390308],"T_pred":[-189.673956493538,-10.34884179349624,833.7861250004385],"rotation_error":11.693069667684961,"translation_error":97.03531789266765,"ADD":0,"ADD_S":0}}
{"id_image":1049,"data":{"Best_template_id":94,"GT_R":[-0.3186567145307574,-0.07796834148366033,-0.9446574641326807,0.3908624477055692,-0.9187437716090805,-0.05601824708480065,-0.8635307960704603,-0.38708216275541507,0.32323836810225],"GT_T":[-139.75691900378175,19.674009123601053,755.624779850537],"R_pred":[-0.28610063137210606,-0.006627566024724363,-0.9581766559967271,0.4970857325092989,-0.8559196356215157,-0.1425038662395706,-0.8191777604794799,-0.5170663910235509,0.24817361666725268],"T_pred":[-195.08784688521666,-8.389313448828842,859.636077253902],"rotation_error":9.384821281209513,"translation_error":121.10908983869068,"ADD":0,"ADD_S":0}}
{"id_image":1054,"data":{"Best_template_id":94,"GT_R":[-0.32111009907022187,-0.07662010395592694,-0.9439370681959279,0.3891518763753735,-0.9193611788156907,-0.05775678528656782,-0.8633945890164588,-0.38588130734120146,0.3250328875907989],"GT_T":[-132.83454971442876,18.494721253620447,757.2415179321284],"R_pred":[-0.256591940929191,-0.0223007807400758,-0.9662625166219446,0.5472596192483791,-0.8273892578644384,-0.12622965226385222,-0.7966602067320231,-0.5611859684177046,0.2245057323561549],"T_pred":[-174.26003242630907,-15.38170670640169,819.3905882717052],"rotation_error":12.248100240464845,"translation_error":82.01335216485495,"ADD":0,"ADD_S":0}}
{"id_image":1062,"data":{"Best_template_id":94,"GT_R":[-0.32883698970973924,-0.07128294988411651,-0.9416923787305203,0.3865004425281192,-0.9199730818829047,-0.06532596577411526,-0.8616750927493182,-0.385446615497196,0.33007196791594456],"GT_T":[-121.22331817236436,16.798037295288157,764.392295790784],"R_pred":[-0.33271119689608575,-0.013527617719000323,-0.9429317382604229,0.5077352740619563,-0.84516654971346,-0.16702812553182678,-0.7946748712103612,-0.5343318321083764,0.2880648230216626],"T_pred":[-157.6207325408162,-11.05048159102611,850.3397203499077],"rotation_error":10.134406313890413,"translation_error":97.40262606940553,"ADD":0,"ADD_S":0}}
