{cam2Pos: [[[-0.7546555399894714, 0.6436452865600586, -0.12734003365039825, -0.25468023158562125],
      [-0.656121015548706, -0.7403062582015991, 0.14646370708942413, 0.2929275049099435],
      [4.5877708743091716e-08, 0.1940801441669464, 0.980985701084137, 1.961971318981684],
      [0.0, 0.0, 0.0, 1.0]], [[-0.7535128593444824, -0.5573791861534119, 0.34863555431365967,
        0.6972711907802067], [0.6574330925941467, -0.638836681842804, 0.3995864987373352,
        0.7991730818009332], [-1.648845682211686e-08, 0.530298113822937, 0.847811222076416,
        1.6956223847993843], [0.0, 0.0, 0.0, 1.0]], [[-0.5962973833084106, 0.4958535432815552,
        -0.6313149929046631, -1.2626298716944386], [-0.8027635812759399, -0.36832281947135925,
        0.4689444303512573, 0.9378889168973955], [2.5914586032627085e-08, 0.7864270210266113,
        0.6176831722259521, 1.2353664179772395], [0.0, 0.0, 0.0, 1.0]]]}
