{cam2Pos: [[[0.8450319766998291, -0.03635416552424431, 0.5334785580635071, 1.066956844405658],
      [0.5347157716751099, 0.0574517697095871, -0.8430768847465515, -1.6861535021907774],
      [-8.764599712662857e-09, 0.9976863265037537, 0.06798770278692245, 0.1359759509093261],
      [0.0, 0.0, 0.0, 1.0]], [[0.028626980260014534, 0.016690470278263092, -0.9994508028030396,
        -1.9989016179030386], [-0.9995901584625244, 0.0004780093440786004, -0.028622988611459732,
        -0.05724611873807096], [1.4770314749057434e-08, 0.9998605847358704, 0.016697315499186516,
        0.0333946677486334], [0.0, 0.0, 0.0, 1.0]], [[-0.866868257522583, -0.08699782192707062,
        0.4908887445926666, 0.981777227822558], [0.49853822588920593, -0.1512739658355713,
        0.8535668253898621, 1.7071333130540123], [1.1129972676826583e-07, 0.9846563339233398,
        0.1745058000087738, 0.3490119287220478], [0.0, 0.0, 0.0, 1.0]]]}
