{cam2Pos: [[[-0.18147580325603485, -0.3266039788722992, 0.9275754690170288, 1.85515098789511],
      [0.9833953380584717, -0.060271505266427994, 0.17117483913898468, 0.34234999586919246],
      [3.601855880219773e-08, 0.9432375431060791, 0.3321187198162079, 0.6642373765756945],
      [0.0, 0.0, 0.0, 1.0]], [[0.8716692328453064, -0.4322247803211212, 0.23102928698062897,
        0.4620585548210302], [0.49009469151496887, 0.7687433362007141, -0.4109025001525879,
        -0.8218048878837633], [2.7309994266033755e-09, 0.4713972806930542, 0.8819209933280945,
        1.7638420048765866], [0.0, 0.0, 0.0, 1.0]], [[-0.5565205216407776, -0.819415807723999,
        0.1372692584991455, 0.274538257558528], [0.8308339715003967, -0.5488722324371338,
        0.09194741398096085, 0.18389491069748995], [1.1334023497511225e-07, 0.16521857678890228,
        0.9862569570541382, 1.9725139814349326], [0.0, 0.0, 0.0, 1.0]]]}
