{cam2Pos: [[[0.9950000047683716, 0.0, 0.09987489879131317, 18.801995358046863], [
        0.09987489879131317, 1.387629566806936e-07, -0.994999885559082, -187.31414301371836],
      [0.0, 0.9999998807907104, 1.387629566806936e-07, 0.0], [0.0, 0.0, 0.0, 1.0]],
    [[0.9917600154876709, 0.014932245016098022, -0.12723618745803833, -23.95290420061997],
      [-0.1281093955039978, 0.11559828370809555, -0.9850000143051147, -185.43158881257546],
      [2.196973447610162e-08, 0.9931837916374207, 0.11655872315168381, 21.94282236193906],
      [0.0, 0.0, 0.0, 1.0]], [[0.9998015761375427, 0.004409503191709518, 0.01942642219364643,
        3.6571290389491318], [0.019920581951737404, -0.22131036221981049, -0.9750001430511475,
        -183.54903461143257], [-6.844757538537749e-10, 0.9751936197280884, -0.22135429084300995,
        -41.671099131308736], [0.0, 0.0, 0.0, 1.0]], [[0.9866037368774414, -0.03395194560289383,
        0.15956304967403412, 30.038603136910872], [0.16313523054122925, 0.2053333967924118,
        -0.9650002121925354, -181.66648041028967], [-1.660281157001009e-08, 0.9781031012535095,
        0.20812144875526428, 39.180038531486446], [0.0, 0.0, 0.0, 1.0]], [[0.956277072429657,
        -0.015109545551240444, -0.29207172989845276, -54.98408625298341], [-0.2924623191356659,
        -0.0494043305516243, -0.9549999237060547, -179.78392620914676], [-1.2947075411773312e-08,
        0.9986644983291626, -0.051663193851709366, -9.72591065948601], [0.0, 0.0,
        0.0, 1.0]], [[0.9599064588546753, 0.04920964315533638, 0.2759673595428467,
        51.952344089174176], [0.2803204655647278, -0.1685095578432083, -0.9450000524520874,
        -177.90137200800388], [5.401485481115742e-09, 0.9844709634780884, -0.17554789781570435,
        -33.04782872924664], [0.0, 0.0, 0.0, 1.0]], [[0.9951869249343872, 0.033562034368515015,
        -0.09206807613372803, -17.332313742007006], [-0.0979945957660675, 0.3408401310443878,
        -0.9350000619888306, -176.01881780686097], [-6.963670529103183e-09, 0.9395220279693604,
        0.342488557100296, 64.47534319902046], [0.0, 0.0, 0.0, 1.0]], [[0.9825451374053955,
        -0.06272763013839722, -0.1751295030117035, -32.96907897484338], [-0.18602445721626282,
        -0.3313152492046356, -0.925000011920929, -174.13626360571806], [-1.4319035734899899e-08,
        0.9414326548576355, -0.3372010588645935, -63.479955351261594], [0.0, 0.0,
        0.0, 1.0]], [[0.9238911867141724, -0.05295952036976814, 0.37897276878356934,
        71.34368044149761], [0.3826552927494049, 0.12786681950092316, -0.9149999618530273,
        -172.2537094045752], [-6.09192341016751e-08, 0.9903762936592102, 0.13840027153491974,
        26.05459767168531], [0.0, 0.0, 0.0, 1.0]], [[0.917163074016571, 0.06468590348958969,
        -0.3932271897792816, -74.02716868558602], [-0.3985120952129364, 0.1488727182149887,
        -0.9049999117851257, -170.3711552034323], [1.4412698590149375e-08, 0.9867382645606995,
        0.16231867671012878, 30.557339109476416], [0.0, 0.0, 0.0, 1.0]], [[0.9784079790115356,
        0.08350347727537155, 0.1890634000301361, 35.59219969899927], [0.20668284595012665,
        -0.3952942490577698, -0.895000159740448, -168.48860100228939], [2.3059936182789897e-09,
        0.9147514700889587, -0.40401777625083923, -76.05846340339542], [0.0, 0.0,
        0.0, 1.0]], [[0.9878304600715637, -0.06909629702568054, 0.13934382796287537,
        26.23224074315279], [0.155534565448761, 0.4388440251350403, -0.8849999308586121,
        -166.6060468011465], [1.5622816817995044e-08, 0.8959026336669922, 0.44425034523010254,
        83.63251710486307], [0.0, 0.0, 0.0, 1.0]], [[0.9019775986671448, -0.10481223464012146,
        -0.4188685119152069, -78.85427970816735], [-0.43178287148475647, -0.21894866228103638,
        -0.875, -164.7234926000036], [-5.873349806506667e-09, 0.9700906276702881,
        -0.24274291098117828, -45.69766689635726], [0.0, 0.0, 0.0, 1.0]], [[0.8700645565986633,
        0.05310925096273422, 0.4900684356689453, 92.25803630102888], [0.49293777346611023,
        -0.09374101459980011, -0.8650000691413879, -162.8409383988607], [-1.657855719372492e-08,
        0.9941791296005249, -0.10774029791355133, -20.28267047664698], [0.0, 0.0,
        0.0, 1.0]], [[0.9441924691200256, 0.1397520899772644, -0.298278272151947,
        -56.15249241788555], [-0.32939425110816956, 0.400592565536499, -0.8550000190734863,
        -160.9583841977178], [2.59526338197702e-08, 0.9055357575416565, 0.42427003383636475,
        79.87114218619223], [0.0, 0.0, 0.0, 1.0]], [[0.9967091083526611, -0.042989540845155716,
        -0.06872318685054779, -12.937512368939684], [-0.08106156438589096, -0.5285869836807251,
        -0.845000147819519, -159.0758299965749], [-5.80136916283891e-09, 0.8477901220321655,
        -0.5303322076797485, -99.83789003685972], [0.0, 0.0, 0.0, 1.0]], [[0.8930333852767944,
        -0.15956968069076538, 0.4207480549812317, 79.20810398799786], [0.449990451335907,
        0.3166757822036743, -0.8349999785423279, -157.193275795432], [-2.7768358279445238e-08,
        0.9350154399871826, 0.35460686683654785, 66.75667389658899], [0.0, 0.0, 0.0,
        1.0]], [[0.8252249956130981, 0.013188113458454609, -0.5646501779556274, -106.29844837159189],
      [-0.5648041367530823, 0.019268956035375595, -0.824999988079071, -155.3107215942891],
      [3.5620065119701394e-08, 0.9997273683547974, 0.02334992215037346, 4.39577456894615],
      [0.0, 0.0, 0.0, 1.0]], [[0.8930030465126038, 0.18395374715328217, 0.41073906421661377,
        77.32383741896875], [0.45005062222480774, -0.36500659584999084, -0.8149999976158142,
        -153.42816739314623], [1.0657980453743221e-07, 0.9126508235931396, -0.4087405204772949,
        -76.94754589714573], [0.0, 0.0, 0.0, 1.0]], [[0.9994210600852966, 0.02016332373023033,
        -0.02740422450006008, -5.158993195029065], [-0.03402280434966087, 0.5922983884811401,
        -0.8050000667572021, -151.54561319200332], [2.0735975159169584e-09, 0.80546635389328,
        0.5926415324211121, 111.56798426914914], [0.0, 0.0, 0.0, 1.0]], [[0.8983872532844543,
        -0.20455701649188995, -0.388660192489624, -73.16739091267125], [-0.4392041862010956,
        -0.4184190034866333, -0.7950000762939453, -149.6630589908604], [1.0652350113105058e-08,
        0.8849191069602966, -0.46574458479881287, -87.67898769339405], [0.0, 0.0,
        0.0, 1.0]], [[0.7876921892166138, -0.05089214816689491, 0.6139633655548096,
        115.58191930140443], [0.6160690188407898, 0.06506959348917007, -0.7849999666213989,
        -147.78050478971753], [-7.182931582860874e-09, 0.9965821504592896, 0.08260788768529892,
        15.551383768259077], [0.0, 0.0, 0.0, 1.0]], [[0.8310174345970154, 0.20076771080493927,
        -0.518750786781311, -97.65762093615145], [-0.5562463998794556, 0.2999415993690491,
        -0.7750001549720764, -145.89795058857462], [6.193111801167106e-09, 0.9325918555259705,
        0.36093297600746155, 67.94762902083156], [0.0, 0.0, 0.0, 1.0]], [[0.9833542108535767,
        0.11416640132665634, 0.14135268330574036, 26.610402025306335], [0.18169906735420227,
        -0.6178683042526245, -0.76500004529953, -144.0153963874317], [9.75520464407964e-09,
        0.7779496312141418, -0.6283273100852966, -118.28590494995693], [0.0, 0.0,
        0.0, 1.0]], [[0.9180663228034973, -0.22554221749305725, 0.32601380348205566,
        61.37386954044103], [0.39642688632011414, 0.5223224759101868, -0.7549999952316284,
        -142.13284218628883], [1.8147220615105653e-08, 0.8223806619644165, 0.5689376592636108,
        107.10558581179694], [0.0, 0.0, 0.0, 1.0]], [[0.7608005404472351, -0.13157810270786285,
        -0.6355074048042297, -119.63773090834646], [-0.6489856839179993, -0.15424765646457672,
        -0.744999885559082, -140.25028798514592], [2.332314608111119e-08, 0.9792315363883972,
        -0.20274397730827332, -38.167699244170784], [0.0, 0.0, 0.0, 1.0]], [[0.766657829284668,
        0.1825985461473465, 0.6155432462692261, 115.87936379040974], [0.642055869102478,
        -0.21803469955921173, -0.73499995470047, -138.367733784003], [-9.515355259281932e-08,
        0.9587066769599915, -0.2843964695930481, -53.539205237068096], [0.0, 0.0,
        0.0, 1.0]], [[0.9388487935066223, 0.21877068281173706, -0.2658991515636444,
        -50.056952888977364], [-0.34432974457740784, 0.5964997410774231, -0.7250000834465027,
        -136.48517958286013], [2.290673961624634e-08, 0.7722223997116089, 0.6353523135185242,
        119.6085298969638], [0.0, 0.0, 0.0, 1.0]], [[0.9493634700775146, -0.2066877782344818,
        -0.2366202175617218, -44.54504731323844], [-0.31417983770370483, -0.6245524287223816,
        -0.7149999737739563, -134.60262538171722], [1.4612741239261595e-08, 0.7531362175941467,
        -0.6578643918037415, -123.84657929316498], [0.0, 0.0, 0.0, 1.0]], [[0.746821939945221,
        -0.21942143142223358, 0.6277827620506287, 118.18351746553763], [0.6650240421295166,
        0.24641036987304688, -0.7049998641014099, -132.7200711805743], [-3.63924961277462e-08,
        0.9440000057220459, 0.32994523644447327, 62.11394455115537], [0.0, 0.0, 0.0,
        1.0]], [[0.7069741487503052, 0.12961481511592865, -0.6952608227729797, -130.88662300256254],
      [-0.7072393894195557, 0.12956616282463074, -0.6949999928474426, -130.83751697943143],
      [-3.5015290222872864e-08, 0.9830628633499146, 0.18326862156391144, 34.501293773564775],
      [0.0, 0.0, 0.0, 1.0]], [[0.8668250441551208, 0.30554822087287903, 0.3940235674381256,
        74.17707543062313], [0.4986123740673065, -0.5311878323554993, -0.6850000023841858,
        -128.95496277828852], [3.1685036816497814e-09, 0.7902402281761169, -0.6127970814704895,
        -115.36239533668511], [0.0, 0.0, 0.0, 1.0]], [[0.9832901358604431, -0.13237552344799042,
        0.12496873736381531, 23.526043177479558], [0.18204522132873535, 0.7150066494941711,
        -0.675000011920929, -127.07240857714561], [-1.7442869371109282e-09, 0.6864708065986633,
        0.7271573543548584, 136.89131262874972], [0.0, 0.0, 0.0, 1.0]], [[0.7477661967277527,
        -0.30362629890441895, -0.5904716849327087, -111.15949157699318], [-0.663962185382843,
        -0.34194931387901306, -0.6649999618530273, -125.18985437600271], [1.0921964133103756e-07,
        0.8893153667449951, -0.4572945237159729, -86.08815828014545], [0.0, 0.0, 0.0,
        1.0]], [[0.6562785506248474, 0.0470733717083931, 0.753048837184906, 141.76553970929214],
      [0.7545186877250671, -0.040944211184978485, -0.6549999713897705, -123.30730017485982],
      [6.967404431179602e-09, 0.9980518221855164, -0.06238851323723793, -11.744985182105946],
      [0.0, 0.0, 0.0, 1.0]], [[0.7791330218315125, 0.35164231061935425, -0.5189406871795654,
        -97.69338068177433], [-0.626858651638031, 0.4370621144771576, -0.6449999213218689,
        -121.42474597371691], [4.233363881667174e-08, 0.827843189239502, 0.56095951795578,
        105.60368193672038], [0.0, 0.0, 0.0, 1.0]], [[0.9999824166297913, 0.00458448426797986,
        0.0037685278803110123, 0.709445880341364], [0.005934584885835648, -0.7724891901016235,
        -0.6349999904632568, -119.54219177257404], [-2.8563099108147583e-10, 0.6350111365318298,
        -0.7725027799606323, -145.42786622638647], [0.0, 0.0, 0.0, 1.0]], [[0.7660125494003296,
        -0.37166500091552734, 0.5244901776313782, 98.73812112690891], [0.6428256630897522,
        0.442888468503952, -0.625, -117.65963757143113], [-1.7162280485649717e-08,
        0.8159135580062866, 0.5781739354133606, 108.84436744864243], [0.0, 0.0, 0.0,
        1.0]], [[0.616634726524353, -0.057287055999040604, -0.7851622104644775, -147.81104485424902],
      [-0.7872493267059326, -0.04487161338329315, -0.6149998903274536, -115.77708337028824],
      [-1.0379199721910481e-08, 0.9973487854003906, -0.07276857644319534, -13.699094414313368],
      [0.0, 0.0, 0.0, 1.0]], [[0.6902298927307129, 0.3483119308948517, 0.6342409253120422,
        119.39929016072371], [0.7235901951789856, -0.33225345611572266, -0.6050000786781311,
        -113.89452916914534], [-3.587873820265486e-08, 0.8765196204185486, -0.481366366147995,
        -90.61980433029949], [0.0, 0.0, 0.0, 1.0]], [[0.9719952940940857, 0.18582570552825928,
        -0.14385375380516052, -27.081239771029757], [-0.23500020802021027, 0.7686024904251099,
        -0.5950000882148743, -112.01197496800243], [4.1973045483700844e-08, 0.6121429800987244,
        0.7907471060752869, 148.86244361369106], [0.0, 0.0, 0.0, 1.0]], [[0.8044590353965759,
        -0.4077443778514862, -0.4319608211517334, -81.31897467587147], [-0.5940080881118774,
        -0.5522039532661438, -0.5850000381469727, -110.12942076685954], [-1.01207557889893e-08,
        0.7271968126296997, -0.686428964138031, -129.22398477693193], [0.0, 0.0, 0.0,
        1.0]], [[0.588935136795044, -0.17476734519004822, 0.7890575528144836, 148.5443608014807],
      [0.8081803321838379, 0.12735605239868164, -0.574999988079071, -108.24686656571666],
      [-1.816233563545211e-08, 0.9763384461402893, 0.21624799072742462, 40.70985083725086],
      [0.0, 0.0, 0.0, 1.0]], [[0.6099340319633484, 0.2985275387763977, -0.7340720295906067,
        -138.19304689710307], [-0.7924521565437317, 0.22977054119110107, -0.5649999976158142,
        -106.36431236457376], [1.5545506215630667e-08, 0.9263296723365784, 0.37671372294425964,
        70.91839004739329], [0.0, 0.0, 0.0, 1.0]], [[0.8868467807769775, 0.36039742827415466,
        0.28916528820991516, 54.43691081055934], [0.4620636999607086, -0.6917173862457275,
        -0.5549999475479126, -104.48175816343085], [4.700345712649323e-08, 0.6258126497268677,
        -0.7799739241600037, -146.83421997235288], [0.0, 0.0, 0.0, 1.0]], [[0.8650131821632385,
        -0.3896363377571106, 0.31612613797187805, 59.51246150560014], [0.5017491579055786,
        0.6717312335968018, -0.5449999570846558, -102.59920396228796], [4.458989621980436e-09,
        0.6300481557846069, 0.7765560746192932, 146.19088027047735], [0.0, 0.0, 0.0,
        1.0]], [[0.5738806128501892, -0.29630500078201294, -0.7634555697441101, -143.72463789614008],
      [-0.8189390301704407, -0.20763923227787018, -0.5350000858306885, -100.71664976114506],
      [-7.673039448263808e-08, 0.9322497248649597, -0.361815869808197, -68.1137880676299],
      [0.0, 0.0, 0.0, 1.0]], [[0.5423271656036377, 0.21067753434181213, 0.8133241534233093,
        153.11267855666983], [0.8401674032211304, -0.13599202036857605, -0.5249999761581421,
        -98.83409556000215], [-1.329198937582987e-07, 0.9680502414703369, -0.25075656175613403,
        -47.20627524435717], [0.0, 0.0, 0.0, 1.0]], [[0.765108585357666, 0.47619393467903137,
        -0.4334145784378052, -81.59263183642875], [-0.6439012885093689, 0.565832257270813,
        -0.5149999856948853, -96.95154135885926], [4.9437861804335625e-08, 0.6731070876121521,
        0.7395449876785278, 139.2233610445968], [0.0, 0.0, 0.0, 1.0]], [[0.9412350058555603,
        -0.2850230634212494, -0.18121394515037537, -34.11451005612214], [-0.3377523422241211,
        -0.7942909598350525, -0.5049999356269836, -95.06898715771636], [-1.190069376377778e-09,
        0.5365290641784668, -0.8438816666603088, -158.86532373946324], [0.0, 0.0,
        0.0, 1.0]], [[0.5727991461753845, -0.4124605357646942, 0.7083625197410583,
        133.35306843901637], [0.819695770740509, 0.288225382566452, -0.4950000047683716,
        -93.18643295657346], [-1.1224454965486075e-07, 0.8641773462295532, 0.5031874179840088,
        94.72777339902386], [0.0, 0.0, 0.0, 1.0]], [[0.4878615736961365, 0.09440848231315613,
        -0.8678008317947388, -163.3681873412888], [-0.8729211091995239, 0.05276315659284592,
        -0.4850001335144043, -91.30387875543056], [-5.340089614946919e-08, 0.9941345453262329,
        0.10815217345952988, 20.360262558300935], [0.0, 0.0, 0.0, 1.0]], [[0.6399326324462891,
        0.5149300694465637, 0.570379912853241, 107.37711509207382], [0.7684310078620911,
        -0.42882245779037476, -0.47499993443489075, -89.42132455428766], [-6.002551344863605e-09,
        0.7422655820846558, -0.6701056957244873, -126.15104070862056], [0.0, 0.0,
        0.0, 1.0]], [[0.9976015686988831, -0.06123838573694229, 0.03226357698440552,
        6.073792808754835], [0.06921761482954025, 0.8826006650924683, -0.4650000035762787,
        -87.53877035314476], [-1.6689607473807655e-09, 0.4661179482936859, 0.8847225904464722,
        166.5538229173484], [0.0, 0.0, 0.0, 1.0]], [[0.5885265469551086, -0.5127877593040466,
        -0.6250481009483337, -117.66869703196949], [-0.8084778189659119, -0.3732805848121643,
        -0.4549998939037323, -85.65621615200186], [-8.765169923208305e-09, 0.7731170654296875,
        -0.6342630386352539, -119.40349063460356], [0.0, 0.0, 0.0, 1.0]], [[0.4454660713672638,
        -0.0409415140748024, 0.8943621516227722, 168.3685403684052], [0.8952987790107727,
        0.020371101796627045, -0.44499993324279785, -83.77366195085897], [-7.698685067225597e-08,
        0.9989537596702576, 0.04572958126664162, 8.60879666176832], [0.0, 0.0, 0.0,
        1.0]], [[0.5310179591178894, 0.4859907031059265, -0.6941419243812561, -130.6759814233787],
      [-0.8473606109619141, 0.304557204246521, -0.4350000023841858, -81.89110774971606],
      [1.9980577192768578e-08, 0.8191813230514526, 0.5735346674919128, 107.97100329703774],
      [0.0, 0.0, 0.0, 1.0]], [[0.9593167901039124, 0.25311335921287537, 0.1250797063112259,
        23.546935000780792], [0.2823318839073181, -0.8600366115570068, -0.4250001609325409,
        -80.00855354857316], [-6.957183273925693e-08, 0.44302380084991455, -0.8965095281600952,
        -168.77285449248603], [0.0, 0.0, 0.0, 1.0]], [[0.6267345547676086, -0.583926260471344,
        0.5159785747528076, 97.13575634247323], [0.7792328000068665, 0.46965011954307556,
        -0.41499999165534973, -78.12599934743028], [1.1175950831443515e-08, 0.6621623039245605,
        0.7493604421615601, 141.0711744763924], [0.0, 0.0, 0.0, 1.0]], [[0.4137902557849884,
        -0.18664877116680145, -0.8910329937934875, -167.74180195615264], [-0.9103721976280212,
        -0.08483703434467316, -0.4050000011920929, -76.24344514628739], [1.0296301411472086e-07,
        0.9787567853927612, -0.20502455532550812, -38.59699665952887], [0.0, 0.0,
        0.0, 1.0]], [[0.4430318772792816, 0.4059888422489166, 0.7993096113204956,
        150.47434872651138], [0.8965058922767639, -0.2006300687789917, -0.39499980211257935,
        -74.36089094514448], [7.151738756761006e-09, 0.891583263874054, -0.4528568983078003,
        -85.25275054556498], [0.0, 0.0, 0.0, 1.0]], [[0.803949236869812, 0.5220716595649719,
        -0.2847924530506134, -53.613740558466276], [-0.594697892665863, 0.7057686448097229,
        -0.3850000202655792, -72.47833674400158], [-4.43550867146314e-08, 0.4788859486579895,
        0.8778771162033081, 165.26512254120752], [0.0, 0.0, 0.0, 1.0]], [[0.6980165839195251,
        -0.6039658784866333, -0.384705126285553, -72.42283430789652], [-0.7160815596580505,
        -0.5887289643287659, -0.37499991059303284, -70.59578254285869], [4.274447462648823e-08,
        0.5372363924980164, -0.8434314131736755, -158.78057740284274], [0.0, 0.0,
        0.0, 1.0]], [[0.39181965589523315, -0.3345375061035156, 0.8570659756660461,
        161.34730213359242], [0.9200420379638672, 0.14247000217437744, -0.364999920129776,
        -68.71322834171578], [-4.848204326890482e-08, 0.9315508604049683, 0.363611102104187,
        68.45176073322162], [0.0, 0.0, 0.0, 1.0]], [[0.3736664950847626, 0.2895040214061737,
        -0.8812267780303955, -165.89573530677984], [-0.9275630712509155, 0.11662602424621582,
        -0.35499995946884155, -66.83067414057288], [-8.821970709504967e-09, 0.950045108795166,
        0.3121125400066376, 58.7568651592914], [0.0, 0.0, 0.0, 1.0]], [[0.6164110898971558,
        0.6525396108627319, 0.4407147169113159, 82.96693438666935], [0.7874245047569275,
        -0.5108205676078796, -0.3449999690055847, -64.94811993942999], [-5.926281687607116e-09,
        0.5596913695335388, -0.8287011384963989, -156.0074764785947], [0.0, 0.0, 0.0,
        1.0]], [[0.817836344242096, -0.5249592661857605, 0.23571476340293884, 44.37457325443027],
      [0.5754508376121521, 0.7460772395133972, -0.33500000834465027, -63.065565738287084],
      [-4.328867930780689e-08, 0.40961745381355286, 0.9122573733329773, 171.7374009032533],
      [0.0, 0.0, 0.0, 1.0]], [[0.37923935055732727, -0.47685474157333374, -0.7929610013961792,
        -149.2791962345314], [-0.9252986311912537, -0.1954420506954193, -0.32499998807907104,
        -61.18301153714418], [-7.758367814858502e-08, 0.8569784760475159, -0.5153524279594421,
        -97.01785337362246], [0.0, 0.0, 0.0, 1.0]], [[0.31891390681266785, 0.14803311228752136,
        0.9361518025398254, 176.23564431016672], [0.9477837085723877, -0.04981084167957306,
        -0.3149999976158142, -59.30045733600128], [4.257401897689306e-08, 0.9877272844314575,
        -0.15618877112865448, -29.403343971889523], [0.0, 0.0, 0.0, 1.0]], [[0.46119433641433716,
        0.6655614376068115, -0.586794376373291, -110.46722536508214], [-0.887299120426178,
        0.34594106674194336, -0.3049999475479126, -57.417903134858385], [2.8261542439622644e-08,
        0.6613264083862305, 0.7500982284545898, 141.21005531527817], [0.0, 0.0, 0.0,
        1.0]], [[0.9697588086128235, -0.23249869048595428, -0.07424450665712357, -13.976931139815491],
      [-0.2440653294324875, -0.9238001108169556, -0.2950000464916229, -55.53534893371548],
      [3.236721823896005e-08, 0.3041993975639343, -0.9526081681251526, -179.33369347986752],
      [0.0, 0.0, 0.0, 1.0]], [[0.37688446044921875, -0.6060900092124939, 0.7004377245903015,
        131.86118591687278], [0.9262602925300598, 0.24661095440387726, -0.28499987721443176,
        -53.6527947325726], [-3.913129376087454e-08, 0.7561996579170227, 0.6543409824371338,
        123.18323127921306], [0.0, 0.0, 0.0, 1.0]], [[0.27501198649406433, -0.009018602780997753,
        -0.9613985419273376, -180.98847212237567], [-0.9614408612251282, -0.00257975235581398,
        -0.2749999761581421, -51.77024053142971], [2.68227005051358e-08, 0.9999560713768005,
        -0.009380376897752285, -1.7658868972013282], [0.0, 0.0, 0.0, 1.0]], [[0.34653595089912415,
        0.6044450402259827, 0.7173276543617249, 135.04082602520035], [0.9380366802215576,
        -0.22329814732074738, -0.2650001049041748, -49.887686330286805], [-2.5937600511838355e-08,
        0.7647117376327515, -0.6443724036216736, -121.30662496933235], [0.0, 0.0,
        0.0, 1.0]], [[0.9383647441864014, 0.33263930678367615, -0.09392941743135452,
        -17.682695592188864], [-0.3456467092037201, 0.9030522108078003, -0.25500014424324036,
        -48.0051321291439], [9.699852654421193e-08, 0.2717495262622833, 0.9623680114746094,
        181.17100421498242], [0.0, 0.0, 0.0, 1.0]], [[0.3877822160720825, -0.7144794464111328,
        -0.582360565662384, -109.63255803506298], [-0.9217509031295776, -0.30058231949806213,
        -0.24500004947185516, -46.12257792800101], [1.1163966462390817e-07, 0.6317980885505676,
        -0.7751325368881226, -145.92297018074908], [0.0, 0.0, 0.0, 1.0]], [[0.2388414591550827,
        -0.17346423864364624, 0.9554396867752075, 179.86668126897106], [0.9710586071014404,
        0.042665235698223114, -0.2349998652935028, -44.240023726858105], [-2.6930699448257656e-08,
        0.9839156270027161, 0.1786341369152069, 33.62886367900597], [0.0, 0.0, 0.0,
        1.0]], [[0.26247087121009827, 0.4968666434288025, -0.8271834850311279, -155.7217809100974],
      [-0.9649398922920227, 0.1351514756679535, -0.2250000685453415, -42.3574695257152],
      [-5.171138184323354e-09, 0.8572382926940918, 0.5149198174476624, 96.93644788196796],
      [0.0, 0.0, 0.0, 1.0]], [[0.633317232131958, 0.7279326915740967, 0.2627227306365967,
        49.45898031066979], [0.7738922834396362, -0.5957061052322388, -0.21500007808208466,
        -40.47491532457231], [-6.480226488747576e-08, 0.3394823372364044, -0.9406124949455261,
        -177.0753898725208], [0.0, 0.0, 0.0, 1.0]], [[0.4202624261379242, -0.7921268939971924,
        0.4426223337650299, 83.32605608514328], [0.9074026346206665, 0.3668725788593292,
        -0.20500002801418304, -38.592361123429406], [2.0396669242472854e-08, 0.48779046535491943,
        0.8729607462882996, 164.33959122080753], [0.0, 0.0, 0.0, 1.0]], [[0.2077903300523758,
        -0.33788642287254333, -0.917962908744812, -172.8114983892588], [-0.9781733751296997,
        -0.07177618145942688, -0.19499997794628143, -36.7098069222865], [-4.182161461585565e-08,
        0.9384459853172302, -0.34542590379714966, -65.02829616863269], [0.0, 0.0,
        0.0, 1.0]], [[0.19880102574825287, 0.3587823808193207, 0.9120050668716431,
        171.6899075478577], [0.9800397753715515, -0.07277889549732208, -0.18500007688999176,
        -34.82725272114361], [3.343474475059338e-08, 0.9305794835090637, -0.36608949303627014,
        -68.91836704764137], [0.0, 0.0, 0.0, 1.0]], [[0.37999606132507324, 0.8210596442222595,
        -0.4259858727455139, -80.19415482167504], [-0.9249880909919739, 0.3373010456562042,
        -0.17500004172325134, -32.944698520000706], [-6.794218521122275e-09, 0.46053120493888855,
        0.8876435160636902, 167.10370305373615], [0.0, 0.0, 0.0, 1.0]], [[0.49974092841148376,
        -0.8176007270812988, -0.2859860360622406, -53.83842477090732], [-0.8661749362945557,
        -0.4717159569263458, -0.16499990224838257, -31.062144318857808], [-1.5017570831332705e-07,
        0.330171138048172, -0.9439210295677185, -177.6982566344126], [0.0, 0.0, 0.0,
        1.0]], [[0.1794191300868988, -0.4954904019832611, 0.849881112575531, 159.9947350571582],
      [0.9837726354598999, 0.09036695212125778, -0.15500006079673767, -29.179590117714927],
      [-3.128866410406772e-08, 0.863899827003479, 0.5036635994911194, 94.81740070767422],
      [0.0, 0.0, 0.0, 1.0]], [[0.14808377623558044, 0.2007736712694168, -0.9683805704116821,
        -182.30291374137528], [-0.9889746904373169, 0.030062757432460785, -0.14500002562999725,
        -27.297035916572028], [-1.1702572066951689e-07, 0.9791761636734009, 0.20301201939582825,
        38.21809354195768], [0.0, 0.0, 0.0, 1.0]], [[0.22753745317459106, 0.7838601469993591,
        0.577745795249939, 108.76375033631477], [0.9737694263458252, -0.18316233158111572,
        -0.13499993085861206, -25.414481715429126], [1.0748973267027395e-07, 0.593308687210083,
        -0.8049753904342651, -151.5409315476306], [0.0, 0.0, 0.0, 1.0]], [[0.7274735569953918,
        -0.6759307980537415, 0.11789743602275848, 22.194754430729862], [0.6861357688903809,
        0.7166538834571838, -0.1250000149011612, -23.531927514286227], [-2.9319483019207837e-07,
        0.17182785272598267, 0.9851269721984863, 185.45550535271184], [0.0, 0.0, 0.0,
        1.0]], [[0.15091446042060852, -0.6401351094245911, -0.7532939910888672, -141.8116747676869],
      [-0.9885467886924744, -0.09772492945194244, -0.11499999463558197, -21.64937331314333],
      [-9.384849164462139e-08, 0.762021541595459, -0.6475515961647034, -121.90511366279807],
      [0.0, 0.0, 0.0, 1.0]], [[0.10505157709121704, 0.031219540163874626, 0.9939767718315125,
        187.1214807401748], [0.9944669008255005, -0.0032980837859213352, -0.10499994456768036,
        -19.766819112000427], [1.952744099753545e-08, 0.9995072484016418, -0.031393397599458694,
        -5.9099501017862535], [0.0, 0.0, 0.0, 1.0]], [[0.13217446208000183, 0.6891719102859497,
        -0.7124408483505249, -134.12085305833332], [-0.9912264347076416, 0.09189721941947937,
        -0.09499993175268173, -17.884264910857528], [3.659203073880235e-08, 0.7187467813491821,
        0.695271909236908, 130.88870480645375], [0.0, 0.0, 0.0, 1.0]], [[0.8362663388252258,
        0.5454837083816528, 0.0557328462600708, 10.492009065515635], [0.5483235120773315,
        -0.8319356441497803, -0.08500014245510101, -16.00171070971463], [-6.320076550991871e-08,
        0.10164238512516022, -0.994821310043335, -187.28044799855508], [0.0, 0.0,
        0.0, 1.0]], [[0.11795364320278168, -0.7664302587509155, 0.631404459476471,
        118.86531264380011], [0.9930191040039062, 0.09103886038064957, -0.07499991357326508,
        -14.119156508571727], [-1.307763000113482e-07, 0.6358432173728943, 0.7718182802200317,
        145.2989678971804], [0.0, 0.0, 0.0, 1.0]], [[0.0656721368432045, -0.1423993855714798,
        -0.9876282215118408, -185.92637144934707], [-0.9978412389755249, -0.009371894411742687,
        -0.06499995291233063, -12.236602307428829], [-1.693497608812322e-08, 0.9897648692131042,
        -0.1427074372768402, -26.86546418837769], [0.0, 0.0, 0.0, 1.0]], [[0.06650781631469727,
        0.560998797416687, 0.8251405358314514, 155.33719348697346], [0.9977858662605286,
        -0.03739343211054802, -0.05500010401010513, -10.35404810628593], [-1.1668731048075642e-07,
        0.8269715309143066, -0.562243640422821, -105.84542129828307], [0.0, 0.0, 0.0,
        1.0]], [[0.19301602244377136, 0.9541564583778381, -0.2287575900554657, -43.06483882503257],
      [-0.9811955094337463, 0.18769711256027222, -0.044999781996011734, -8.47149390514303],
      [2.7550817094379454e-07, 0.23314163088798523, 0.9724428057670593, 183.0676286250435],
      [0.0, 0.0, 0.0, 1.0]], [[0.07148006558418274, -0.8696914911270142, -0.48839271068573,
        -91.94256394976233], [-0.9974421262741089, -0.06232519820332527, -0.03499990329146385,
        -6.5889397040001505], [-7.868433016255949e-09, 0.48964521288871765, -0.871921956539154,
        -164.14400388174], [0.0, 0.0, 0.0, 1.0]], [[0.026323558762669563, -0.31300896406173706,
        0.9493853449821472, 178.72692637598345], [0.9996535181999207, 0.008242389187216759,
        -0.024999884888529778, -4.70638550285725], [-5.4166214624729037e-08, 0.9497144222259521,
        0.31311744451522827, 58.946067944351], [0.0, 0.0, 0.0, 1.0]], [[0.016449889168143272,
        0.410444051027298, -0.9117373824119568, -171.6395090278793], [-0.9998646974563599,
        0.006752775516360998, -0.01499994844198227, -2.8238313017143506], [9.699823522169027e-08,
        0.9118607640266418, 0.41049960255622864, 77.27876888159994], [0.0, 0.0, 0.0,
        1.0]], [[0.012656095437705517, 0.9185777306556702, 0.39503785967826843, 74.36801123274495],
      [0.9999199509620667, -0.011626603081822395, -0.00500014703720808, -0.9412771005714508],
      [-9.660293898150485e-08, 0.3950694799423218, -0.9186513423919678, -172.9410769745407],
      [0.0, 0.0, 0.0, 1.0]], [[-0.01518437173217535, -0.9441202878952026, 0.32925137877464294,
        61.98336196783193], [0.9998847842216492, -0.014337479136884212, 0.0050001684576272964,
        0.9412771005714491], [-1.524181527656765e-07, 0.32928934693336487, 0.9442290663719177,
        177.75623769362474], [0.0, 0.0, 0.0, 1.0]], [[-0.017033280804753304, -0.4737228453159332,
        -0.8805092573165894, -165.76063641522853], [-0.9998549222946167, 0.008070218376815319,
        0.01500015426427126, 2.8238313017143493], [-2.1517159609629743e-08, 0.880636990070343,
        -0.47379159927368164, -89.1938371996946], [0.0, 0.0, 0.0, 1.0]], [[-0.025788571685552597,
        0.24528558552265167, 0.969107985496521, 182.43979871303245], [0.9996675848960876,
        0.00632740743458271, 0.025000063702464104, 4.706385502857249], [4.7174729900234524e-08,
        0.9694303870201111, -0.2453673630952835, -46.19169820925033], [0.0, 0.0, 0.0,
        1.0]], [[-0.06365993618965149, 0.8336039781570435, -0.5486820936203003, -103.29236482027571],
      [-0.9979717135429382, -0.05317506939172745, 0.034999970346689224, 6.588939704000148],
      [-5.655778778645981e-08, 0.5497972369194031, 0.8352981805801392, 157.24940841166898],
      [0.0, 0.0, 0.0, 1.0]], [[-0.27138879895210266, -0.949146568775177, -0.15959082543849945,
        -30.0438344924867], [-0.9624699950218201, 0.2676316499710083, 0.045000217854976654,
        8.471493905143047], [-2.2172675073761638e-07, 0.16581390798091888, -0.9861573576927185,
        -185.64941422587614], [0.0, 0.0, 0.0, 1.0]], [[-0.0700320228934288, -0.6175290942192078,
        0.7834239602088928, 147.48381886049782], [0.9975446462631226, -0.0433531254529953,
        0.05499996244907379, 10.354048106285948], [-1.216008342908026e-07, 0.7853522300720215,
        0.6190491318702698, 116.53934985464929], [0.0, 0.0, 0.0, 1.0]], [[-0.06517231464385986,
        0.07252946496009827, -0.9952345490455627, -187.35831980462748], [-0.9978739023208618,
        -0.004736918490380049, 0.065000019967556, 12.23660230742885], [-1.7069048396933795e-08,
        0.9973549246788025, 0.07268407940864563, 13.683156301252785], [0.0, 0.0, 0.0,
        1.0]], [[-0.1089526042342186, 0.7210379242897034, 0.6842764019966125, 128.8187035074525],
      [0.994047224521637, 0.07902885973453522, 0.07500012218952179, 14.119156508571749],
      [1.8766701259664842e-07, 0.6883742809295654, -0.7253562211990356, -136.5521667662335],
      [0.0, 0.0, 0.0, 1.0]], [[-0.9856030344963074, 0.16844618320465088, -0.014581337571144104,
        -2.745028455849026], [-0.1690761148929596, -0.9819309711456299, 0.08499979972839355,
        16.001710709714647], [2.571754897928713e-08, 0.08624140918254852, 0.9962742924690247,
        187.55402761750264], [0.0, 0.0, 0.0, 1.0]], [[-0.14212891459465027, -0.7362450361251831,
        -0.6616209745407104, -124.55375878871493], [-0.9898480176925659, 0.10571528971195221,
        0.09499987214803696, 17.88426491085755], [1.712953405785811e-07, 0.6684065461158752,
        -0.7437958121299744, -140.02363172910722], [0.0, 0.0, 0.0, 1.0]], [[-0.10554422438144684,
        -0.10086439549922943, 0.9892858862876892, 186.23845007081113], [0.9944145083427429,
        -0.01070520468056202, 0.10499999672174454, 19.766819112000448], [-1.6293157045765838e-07,
        0.9948424696922302, 0.10143100470304489, 19.094915025293982], [0.0, 0.0, 0.0,
        1.0]], [[-0.14279510080814362, 0.5867257714271545, -0.7970961928367615, -150.05768421054213],
      [-0.9897522330284119, -0.08464904874563217, 0.1149999126791954, 21.64937331314335],
      [-3.397738623789337e-08, 0.8053492307662964, 0.5928006768226624, 111.59793567501652],
      [0.0, 0.0, 0.0, 1.0]], [[-0.5555306673049927, 0.8101733326911926, 0.18709489703178406,
        35.2216331364252], [0.8314958214759827, 0.5412851572036743, 0.12499985098838806,
        23.53192751428625], [-1.2898078693979187e-07, 0.22500991821289062, -0.9743562340736389,
        -183.42788269255362], [0.0, 0.0, 0.0, 1.0]], [[-0.2515011131763458, -0.8166045546531677,
        0.5195227861404419, 97.80299986055005], [0.9678568840026855, -0.21219749748706818,
        0.13500012457370758, 25.414481715429147], [-2.2225307816370332e-07, 0.5367764830589294,
        0.8437244892120361, 158.83570297581437], [0.0, 0.0, 0.0, 1.0]], [[-0.15062882006168365,
        -0.2677266299724579, -0.9516476392745972, -179.15284635020222], [-0.9885903000831604,
        0.04079291224479675, 0.14500002562999725, 27.29703591657205], [4.424105526368294e-08,
        0.9626309275627136, -0.27081647515296936, -50.9826703615842], [0.0, 0.0, 0.0,
        1.0]], [[-0.1728384792804718, 0.43579867482185364, 0.8832927942276001, 166.28466142585492],
      [0.984950065612793, 0.07647383213043213, 0.15499979257583618, 29.179590117714948],
      [-6.524800255647278e-09, 0.8967893123626709, -0.44245749711990356, -83.2950544597859],
      [0.0, 0.0, 0.0, 1.0]], [[-0.42457374930381775, 0.8342258930206299, -0.351858526468277,
        -66.23927386706228], [-0.9053934216499329, -0.39120054244995117, 0.16499999165534973,
        31.062144318857808], [3.5011993304578937e-08, 0.38862502574920654, 0.921396017074585,
        173.4577902265751], [0.0, 0.0, 0.0, 1.0]], [[-0.4349340796470642, -0.8243566751480103,
        -0.36230969429016113, -68.20676470688], [-0.9004622101783752, 0.39817434549331665,
        0.17499978840351105, 32.944698520000706], [1.6412619174843712e-07, 0.40235957503318787,
        -0.9154816269874573, -172.34438572246654], [0.0, 0.0, 0.0, 1.0]], [[-0.20485879480838776,
        -0.420401930809021, 0.8839091062545776, 166.40065829636336], [0.9787916541099548,
        -0.08798909187316895, 0.18500007688999176, 34.82725272114361], [-9.895254038383428e-08,
        0.9030616283416748, 0.42951110005378723, 80.85781711648089], [0.0, 0.0, 0.0,
        1.0]], [[-0.2031133472919464, 0.2739790081977844, -0.9400427341461182, -176.96815151545624],
      [-0.9791551828384399, -0.05683336406946182, 0.1950000375509262, 36.7098069222865],
      [7.865240547744179e-08, 0.960054874420166, 0.27981165051460266, 52.67605364241643],
      [0.0, 0.0, 0.0, 1.0]], [[-0.37735044956207275, 0.7774949073791504, 0.5030990839004517,
        94.71111841862376], [0.9260707497596741, 0.3168092668056488, 0.20500008761882782,
        38.592361123429406], [-4.3680952188651645e-09, 0.5432621240615845, -0.8395634889602661,
        -158.05232334015213], [0.0, 0.0, 0.0, 1.0]], [[-0.7394910454750061, -0.6440869569778442,
        0.19571681320667267, 36.84474446774928], [0.6731664538383484, -0.7075464725494385,
        0.2149999886751175, 40.47491532457231], [5.813476988691946e-08, 0.2907405495643616,
        0.9568019509315491, 180.12315019725455], [0.0, 0.0, 0.0, 1.0]], [[-0.2743023931980133,
        -0.550047755241394, -0.788800060749054, -148.49589379045076], [-0.961643397808075,
        0.15689760446548462, 0.22499999403953552, 42.3574695257152], [6.677311148450826e-08,
        0.8202624917030334, -0.5719871520996094, -107.67969866767379], [0.0, 0.0,
        0.0, 1.0]], [[-0.2364555299282074, 0.10764997452497482, 0.9656603932380676,
        181.7908201083468], [0.9716421961784363, 0.026197470724582672, 0.2349999099969864,
        44.240023726858105], [-3.46950628227205e-08, 0.9938435554504395, -0.11079168319702148,
        -20.85716249611847], [0.0, 0.0, 0.0, 1.0]], [[-0.3596731722354889, 0.6831268668174744,
        -0.6355884671211243, -119.65296620033722], [-0.9330782294273376, -0.263324499130249,
        0.24500004947185516, 46.12257792800101], [6.972064170440717e-08, 0.6811737418174744,
        0.7321217656135559, 137.825899914146], [0.0, 0.0, 0.0, 1.0]], [[-0.9949167966842651,
        -0.0973341166973114, -0.025809139013290405, -4.858710015921062], [-0.10069777071475983,
        0.961683452129364, 0.2549997568130493, 48.0051321291439], [4.347328186327104e-08,
        0.25630253553390503, -0.9665963649749756, -181.9670394017894], [0.0, 0.0,
        0.0, 1.0]], [[-0.3677571713924408, -0.6447780728340149, 0.6700862050056458,
        126.14736698632527], [0.9299216270446777, -0.25499096512794495, 0.26499995589256287,
        49.887686330286805], [-1.3165156076411222e-07, 0.720583438873291, 0.6933681964874268,
        130.53031738809204], [0.0, 0.0, 0.0, 1.0]], [[-0.2754707932472229, -0.05619896575808525,
        -0.9596649408340454, -180.66217859523098], [-0.9613090753555298, 0.01610468327999115,
        0.2749999165534973, 51.77024053142971], [1.252199126611231e-07, 0.9982894062995911,
        -0.05846061557531357, -11.005572359061107], [0.0, 0.0, 0.0, 1.0]], [[-0.35736083984375,
        0.5634634494781494, 0.7448505163192749, 140.2221423873637], [0.9339664578437805,
        0.2155963033437729, 0.28499990701675415, 53.6527947325726], [-1.903086399579479e-08,
        0.7975131869316101, -0.6033016443252563, -113.5747841912547], [0.0, 0.0, 0.0,
        1.0]], [[-0.9019314646720886, 0.408125102519989, -0.14125710725784302, -26.592444147289157],
      [-0.4318792223930359, -0.8523235321044922, 0.2949998676776886, 55.535348933715504],
      [8.904014947574979e-08, 0.32707566022872925, 0.9449981451034546, 177.90101218231314],
      [0.0, 0.0, 0.0, 1.0]], [[-0.4970722794532776, -0.6851627230644226, -0.5324201583862305,
        -100.23097898736148], [-0.8677091598510742, 0.39249950647354126, 0.3049999475479126,
        57.417903134858406], [5.527667568117067e-08, 0.613592803478241, -0.7896226048469543,
        -148.65072637978892], [0.0, 0.0, 0.0, 1.0]], [[-0.3230492174625397, -0.20994190871715546,
