{cam2Pos: [[[-0.8506510853767395, -1.0135668304656065e-07, -0.5257311463356018, -158.5031197036884],
      [-0.5257311463356018, -1.6016470283375384e-07, 0.85065096616745, 256.46343500346103],
      [-1.0135668304656065e-07, 1.0000001192092896, -1.6016470283375384e-07, 0.0],
      [0.0, 0.0, 0.0, 1.0]], [[2.4953470275954847e-08, -0.8506508661439841, -0.5257310559092958,
        -158.5031197036884], [1.52416304619714e-07, -0.525731245359347, 0.8506510220539806,
        256.46343500346103], [-1.0000002536399466, -1.7042271159743595e-07, 5.386220464087541e-08,
        0.0], [0.0, 0.0, 0.0, 1.0]], [[0.8506509628453915, 1.8858375180195808e-07,
        -0.5257312379714577, -158.5031197036884], [0.5257313445954879, 1.9028340615555184e-08,
        0.8506509095333765, 256.46343500346103], [1.0135668292409594e-07, -1.0000001192092896,
        1.6016470283375384e-07, 0.0], [0.0, 0.0, 0.0, 1.0]], [[-1.4748481814961045e-07,
        0.850650953371053, -0.5257313283977637, -158.5031197036884], [4.584358138869772e-08,
        0.5257311042229849, 0.8506508536468459, 256.46343500346103], [1.0000002536399466,
        1.7042271148641362e-07, -5.38622046408754e-08, 0.0], [0.0, 0.0, 0.0, 1.0]],
    [[-0.8506510853767395, 1.0135668304656065e-07, 0.5257311463356018, 158.5031197036884],
      [0.5257311463356018, -1.6016470283375384e-07, 0.85065096616745, 256.46343500346103],
      [1.0135668304656065e-07, 1.0000001192092896, -1.6016470283375384e-07, 0.0],
      [0.0, 0.0, 0.0, 1.0]], [[-1.4748481845492178e-07, -0.850650953371053, 0.5257313283977636,
        158.5031197036884], [-4.584358122216427e-08, 0.5257311042229849, 0.8506508536468459,
        256.46343500346103], [-1.0000002536399466, 1.7042271181948055e-07, -5.386220464087545e-08,
        0.0], [0.0, 0.0, 0.0, 1.0]], [[0.8506509628453915, -1.8858375201030748e-07,
        0.5257312379714577, 158.5031197036884], [-0.5257313445954879, 1.9028340744322185e-08,
        0.8506509095333765, 256.46343500346103], [-1.0135668316902536e-07, -1.0000001192092896,
        1.6016470283375384e-07, 0.0], [0.0, 0.0, 0.0, 1.0]], [[2.495347058126618e-08,
        0.8506508661439841, 0.5257310559092959, 158.5031197036884], [-1.5241630478624745e-07,
        -0.525731245359347, 0.8506510220539806, 256.46343500346103], [1.0000002536399466,
        -1.7042271193050288e-07, 5.3862204640875466e-08, 0.0], [0.0, 0.0, 0.0, 1.0]],
    [[0.8506508469581604, -6.357731763273478e-08, -0.525731086730957, -158.5031197036884],
      [-0.525731086730957, -1.1409540690010544e-07, -0.8506508469581604, -256.46343500346103],
      [1.7508027028156903e-08, 1.0, -1.3713005841964332e-07, 0.0], [0.0, 0.0, 0.0,
        1.0]], [[3.691762436452226e-08, 0.8506507397546844, -0.5257312390169911, -158.5031197036884],
      [2.643172455024396e-08, -0.5257312231119864, -0.8506507528402153, -256.46343500346103],
      [-1.0000000194929735, -5.901408409114967e-09, -4.1892911528673706e-08, 0.0],
      [0.0, 0.0, 0.0, 1.0]], [[-0.8506508029093466, -7.361739338470086e-08, -0.5257311580034353,
        -158.5031197036884], [0.5257311580034353, -1.0789029883576675e-07, -0.8506508029093465,
        -256.46343500346103], [-1.7508027150621585e-08, -1.0, 1.3713005841964332e-07,
        0.0], [0.0, 0.0, 0.0, 1.0]], [[7.131189398664438e-09, -0.8506508769493956,
        -0.5257310057174011, -158.5031197036884], [4.484075375782697e-08, 0.5257310011262808,
        -0.8506508970272916, -256.46343500346103], [1.0000000194929735, 5.901408298092664e-09,
        4.1892911528673726e-08, 0.0], [0.0, 0.0, 0.0, 1.0]], [[0.8506508469581604,
        6.357731763273478e-08, 0.525731086730957, 158.5031197036884], [0.525731086730957,
        -1.1409540690010544e-07, -0.8506508469581604, -256.46343500346103], [-1.7508027028156903e-08,
        1.0, -1.3713005841964332e-07, 0.0], [0.0, 0.0, 0.0, 1.0]], [[7.131189676220194e-09,
        0.8506508769493956, 0.5257310057174011, 158.5031197036884], [-4.484075359129352e-08,
        0.5257310011262808, -0.8506508970272916, -256.46343500346103], [-1.0000000194929735,
        5.901408631159572e-09, 4.189291152867368e-08, 0.0], [0.0, 0.0, 0.0, 1.0]],
    [[-0.8506508029093466, 7.361739359305021e-08, 0.5257311580034353, 158.5031197036884],
      [-0.5257311580034353, -1.0789029870699977e-07, -0.8506508029093465, -256.46343500346103],
      [1.750802690569222e-08, -1.0, 1.3713005841964332e-07, 0.0], [0.0, 0.0, 0.0,
        1.0]], [[3.6917624086966507e-08, -0.8506507397546844, 0.5257312390169911,
        158.5031197036884], [-2.6431724716777414e-08, -0.5257312231119864, -0.8506507528402153,
        -256.46343500346103], [1.0000000194929735, -5.901408742181874e-09, -4.189291152867366e-08,
        0.0], [0.0, 0.0, 0.0, 1.0]], [[1.0, 0.0, 0.0, 0.0], [0.0, 0.8506508469581604,
        -0.525731086730957, -158.5031197036884], [0.0, 0.525731086730957, 0.8506508469581604,
        256.46343500346103], [0.0, 0.0, 0.0, 1.0]], [[1.1102230246251565e-16, 1.0000000194929735,
        4.189291152867369e-08, 0.0], [-0.85065080835204, 2.2024407020371228e-08, -0.5257311223671961,
        -158.5031197036884], [-0.5257311121191336, -3.563623907076874e-08, 0.8506508249337534,
        256.46343500346103], [0.0, 0.0, 0.0, 1.0]], [[-1.0, 1.2246468230193605e-16,
        5.130402003924892e-24, 0.0], [-1.0417467896404344e-16, -0.8506508029093466,
        -0.5257311580034353, -158.5031197036884], [-6.438349236688752e-17, -0.5257311580034353,
        0.8506508029093465, 256.46343500346103], [0.0, 0.0, 0.0, 1.0]], [[-2.220446049250313e-16,
        -1.0000000194929735, -4.189291152867369e-08, 0.0], [0.85065080835204, 2.2024406742815472e-08,
        -0.5257311223671961, -158.5031197036884], [0.5257311121191336, -3.563623923730219e-08,
        0.8506508249337534, 256.46343500346103], [0.0, 0.0, 0.0, 1.0]], [[-1.0000001192092896,
        -8.742278367890322e-08, 6.138156389418059e-15, 0.0], [7.436626248136236e-08,
        -0.8506509065628052, 0.5257311463356018, 158.5031197036884], [-4.596087421759876e-08,
        0.5257311463356018, 0.8506507873535156, 256.46343500346103], [0.0, 0.0, 0.0,
        1.0]], [[8.742278269925437e-08, -1.0000001015317288, 4.014584392697529e-08,
        0.0], [0.8506509097575202, 6.25235434259519e-08, 0.5257311121855021, 158.5031197036884],
      [-0.5257311747911633, -6.51227977099822e-08, 0.850650808459438, 256.46343500346103],
      [0.0, 0.0, 0.0, 1.0]], [[1.0000001192092896, 8.742278355643853e-08, -6.1381563845016105e-15,
        0.0], [-7.436625914635631e-08, 0.8506508828773691, 0.5257310780354127, 158.5031197036884],
      [4.5960879380810206e-08, -0.5257311846594428, 0.850650829565354, 256.46343500346103],
      [0.0, 0.0, 0.0, 1.0]], [[-8.742278258823205e-08, 1.0000001015317288, -4.014584392697529e-08,
        0.0], [-0.8506509097575169, -8.620897948286022e-08, 0.5257311121855126, 158.5031197036884],
      [0.5257311747911686, 2.6798956664908502e-08, 0.8506508084594316, 256.46343500346103],
      [0.0, 0.0, 0.0, 1.0]], [[1.0, 0.0, 0.0, 0.0], [0.0, -0.8506509065628052, -0.5257310271263123,
        -158.5031197036884], [0.0, 0.5257310271263123, -0.8506509065628052, -256.46343500346103],
      [0.0, 0.0, 0.0, 1.0]], [[1.1102230246251565e-16, 1.0000000388596963, -1.2393166692881152e-07,
        0.0], [0.85065080835204, -6.515473316426323e-08, -0.525731132548885, -158.5031197036884],
      [-0.5257311121191336, -1.0542257272705413e-07, -0.850650841408072, -256.46343500346103],
      [0.0, 0.0, 0.0, 1.0]], [[-1.0, 1.224646846736756e-16, -1.517725192743261e-23,
        0.0], [1.0417467896404344e-16, 0.8506507762533391, -0.5257312379714576, -158.5031197036884],
      [-6.438349236688752e-17, -0.5257312379714577, -0.850650776253339, -256.46343500346103],
      [0.0, 0.0, 0.0, 1.0]], [[-2.220446049250313e-16, -1.0000000388596963, 1.2393166692881152e-07,
        0.0], [-0.85065080835204, -6.515473288670748e-08, -0.525731132548885, -158.5031197036884],
      [0.5257311121191336, -1.0542257289358758e-07, -0.850650841408072, -256.46343500346103],
      [0.0, 0.0, 0.0, 1.0]], [[-1.0000001192092896, -8.742278367890322e-08, -7.846902211935524e-15,
        0.0], [-7.436626248136236e-08, 0.8506507873535156, 0.5257311463356018, 158.5031197036884],
      [-4.596087066488508e-08, 0.5257311463356018, -0.8506509065628052, -256.46343500346103],
      [0.0, 0.0, 0.0, 1.0]], [[8.742278083148225e-08, -1.0000000001262503, 2.2526188414584425e-08,
        0.0], [-0.8506509097575218, -9.547218068894914e-08, 0.5257311654975156, 158.5031197036884],
      [-0.5257311747911607, -1.181078268519542e-08, -0.8506508947200913, -256.46343500346103],
      [0.0, 0.0, 0.0, 1.0]], [[1.0000001192092896, 8.742278355643854e-08, 7.846902214694186e-15,
        0.0], [7.436625596871261e-08, -0.8506508295653541, 0.5257311846594427, 158.5031197036884],
      [4.596088096963206e-08, -0.5257310780354127, -0.8506508828773689, -256.46343500346103],
      [0.0, 0.0, 0.0, 1.0]], [[-8.742278072045994e-08, 1.0000000001262503, -2.2526188414584425e-08,
        0.0], [0.8506509097575153, 5.32603421921074e-08, 0.525731165497529, 158.5031197036884],
      [0.5257311747911712, 8.011097163418412e-08, -0.8506508947200829, -256.46343500346103],
      [0.0, 0.0, 0.0, 1.0]], [[8.856292055270387e-08, 0.525731086730957, 0.8506508469581604,
        256.46343500346103], [1.0, -5.868497510164161e-08, -7.786001532394948e-08,
        0.0], [4.236067496776741e-09, 0.8506508469581604, -0.525731086730957, -158.5031197036884],
      [0.0, 0.0, 0.0, 1.0]], [[-0.5257310499288292, -4.783721863077517e-09, 0.8506508658671859,
        256.46343500346103], [5.016369706608072e-08, 1.0000000194929735, 4.189291152867369e-08,
        0.0], [-0.8506508467877619, 7.194482853911666e-08, -0.5257310561355112, -158.5031197036884],
      [0.0, 0.0, 0.0, 1.0]], [[3.581768811194027e-08, -0.5257311580034353, 0.8506508029093465,
        256.46343500346103], [-1.0, 5.868497522410629e-08, 7.786001532394948e-08,
        0.0], [-8.110751133689236e-08, -0.8506508029093466, -0.5257311580034353, -158.5031197036884],
      [0.0, 0.0, 0.0, 1.0]], [[0.5257311743094379, -6.648875644499341e-08, 0.850650784000321,
        256.46343500346103], [-5.016369717710302e-08, -1.0000000194929735, -4.189291152867369e-08,
        0.0], [0.850650769916318, -2.7896014775929956e-08, -0.5257311885988811, -158.5031197036884],
      [0.0, 0.0, 0.0, 1.0]], [[-9.973301473564788e-08, -0.525731086730957, 0.8506508469581604,
        256.46343500346103], [1.0, -5.868497510164161e-08, 7.786001532394948e-08,
        0.0], [4.236067496776741e-09, 0.8506508469581604, 0.525731086730957, 158.5031197036884],
      [0.0, 0.0, 0.0, 1.0]], [[0.5257310418460731, 4.783721863077517e-09, 0.8506508658671859,
        256.46343500346103], [5.603616310335534e-08, 1.0000000194929735, -4.189291152867369e-08,
        0.0], [-0.8506508517831799, 7.194482853911666e-08, 0.5257310561355112, 158.5031197036884],
      [0.0, 0.0, 0.0, 1.0]], [[-4.081310609356783e-08, 0.5257311580034353, 0.8506508029093465,
        256.46343500346103], [-1.0, 5.868497522410629e-08, -7.786001532394948e-08,
        0.0], [-9.109834730014748e-08, -0.8506508029093466, 0.5257311580034353, 158.5031197036884],
      [0.0, 0.0, 0.0, 1.0]], [[-0.5257311823921941, 6.648875644499341e-08, 0.850650784000321,
        256.46343500346103], [-5.603616321437764e-08, -1.0000000194929735, 4.189291152867369e-08,
        0.0], [0.8506507649209001, -2.7896014775929956e-08, 0.5257311885988811, 158.5031197036884],
      [0.0, 0.0, 0.0, 1.0]], [[8.856292055270387e-08, -0.525731086730957, -0.8506508469581604,
        -256.46343500346103], [-1.0, -5.868497510164161e-08, -7.786001532394948e-08,
        0.0], [-4.236067496776741e-09, 0.8506508469581604, -0.525731086730957, -158.5031197036884],
      [0.0, 0.0, 0.0, 1.0]], [[0.5257311743094379, 6.648875627845996e-08, -0.850650784000321,
        -256.46343500346103], [5.016369684403611e-08, -1.0000000194929735, -4.189291152867369e-08,
        0.0], [-0.850650769916318, -2.78960144983742e-08, -0.5257311885988811, -158.5031197036884],
      [0.0, 0.0, 0.0, 1.0]], [[3.581768824070725e-08, 0.5257311580034353, -0.8506508029093465,
        -256.46343500346103], [1.0, 5.8684974979176933e-08, 7.786001532394948e-08,
        0.0], [8.110751112854301e-08, -0.8506508029093466, -0.5257311580034353, -158.5031197036884],
      [0.0, 0.0, 0.0, 1.0]], [[-0.5257310499288292, 4.783722029610971e-09, -0.8506508658671859,
        -256.46343500346103], [-5.016369673301381e-08, 1.0000000194929735, 4.189291152867369e-08,
        0.0], [0.8506508467877619, 7.19448282615609e-08, -0.5257310561355112, -158.5031197036884],
      [0.0, 0.0, 0.0, 1.0]], [[-9.973301473564788e-08, 0.525731086730957, -0.8506508469581604,
        -256.46343500346103], [-1.0, -5.868497510164161e-08, 7.786001532394948e-08,
        0.0], [-4.236067496776741e-09, 0.8506508469581604, 0.525731086730957, 158.5031197036884],
      [0.0, 0.0, 0.0, 1.0]], [[-0.5257311823921941, -6.648875627845996e-08, -0.850650784000321,
        -256.46343500346103], [5.6036162881310734e-08, -1.0000000194929735, 4.189291152867369e-08,
        0.0], [-0.8506507649209001, -2.78960144983742e-08, 0.5257311885988811, 158.5031197036884],
      [0.0, 0.0, 0.0, 1.0]], [[-4.081310622233481e-08, -0.5257311580034353, -0.8506508029093465,
        -256.46343500346103], [1.0, 5.8684974979176933e-08, -7.786001532394948e-08,
        0.0], [9.109834709179812e-08, -0.8506508029093466, 0.5257311580034353, 158.5031197036884],
      [0.0, 0.0, 0.0, 1.0]], [[0.5257310418460731, -4.783722029610971e-09, -0.8506508658671859,
        -256.46343500346103], [-5.603616277028843e-08, 1.0000000194929735, -4.189291152867369e-08,
        0.0], [0.8506508517831799, 7.19448282615609e-08, 0.5257310561355112, 158.5031197036884],
      [0.0, 0.0, 0.0, 1.0]], [[0.7071069478988647, -0.4082481265068054, -0.5773501396179199,
        -174.06582322939047], [-0.7071065902709961, -0.4082481265068054, -0.5773503184318542,
        -174.06582322939047], [8.70040928191429e-09, 0.8164964914321899, -0.5773500204086304,
        -174.06582322939047], [0.0, 0.0, 0.0, 1.0]], [[0.4082483073713277, 0.7071067143284839,
        -0.5773499874223463, -174.06582322939047], [0.4082485038015064, -0.7071065553827647,
        -0.5773502283116503, -174.06582322939047], [-0.8164964448445562, 7.947285990406172e-08,
        -0.577350262724408, -174.06582322939047], [0.0, 0.0, 0.0, 1.0]], [[-0.7071067036800126,
        0.4082482854525249, -0.5773501793543497, -174.06582322939047], [0.707106834489848,
        0.40824828545252456, -0.5773500005404155, -174.06582322939047], [2.3551844250772427e-07,
        -0.8164963324864705, -0.5773502985636394, -174.06582322939047], [0.0, 0.0,
        0.0, 1.0]], [[-0.4082480631524757, -0.7071065553827646, -0.5773503315499233,
        -174.06582322939047], [-0.4082482595826545, 0.707106714328484, -0.5773500906606194,
        -174.06582322939047], [0.8164966890634082, 7.947285957099481e-08, -0.5773500562478617,
        -174.06582322939047], [0.0, 0.0, 0.0, 1.0]], [[-0.7071064114570618, -0.40824827551841736,
        -0.5773501992225647, -174.06582322939047], [-0.7071067094802856, 0.40824851393699646,
        0.5773500204086304, 174.06582322939047], [1.1444740266597364e-07, 0.8164963126182556,
        -0.5773501396179199, -174.06582322939047], [0.0, 0.0, 0.0, 1.0]], [[0.40824832047820336,
        -0.7071069142459958, -0.5773500509241896, -174.06582322939047], [-0.4082482805668926,
        -0.707106458703526, 0.5773500853369473, 174.06582322939047], [-0.8164961885744695,
        -2.129468834599635e-08, -0.5773502229879781, -174.06582322939047], [0.0, 0.0,
        0.0, 1.0]], [[0.7071066864374795, 0.40824795762697835, -0.5773500402768452,
        -174.06582322939047], [0.7071064344998678, -0.40824819604555773, 0.5773502190907797,
        174.06582322939047], [1.6053301489978486e-07, -0.8164966305096943, -0.57735009988149,
        -174.06582322939047], [0.0, 0.0, 0.0, 1.0]], [[-0.40824804549778576, 0.7071065963545569,
        -0.5773501885752205, -174.06582322939047], [0.4082480055864749, 0.7071067765949648,
        0.5773501541624627, 174.06582322939047], [0.8164964635548871, -2.965967503820721e-07,
        -0.5773500165114318, -174.06582322939047], [0.0, 0.0, 0.0, 1.0]], [[1.5868545233388431e-07,
        0.9341722130775452, 0.35682207345962524, 107.5785950354943], [0.9999998807907104,
        1.5868545233388431e-07, -1.865134606759966e-07, 0.0], [-1.865134606759966e-07,
        0.35682207345962524, -0.9341720938682556, -281.6444182648848], [0.0, 0.0,
        0.0, 1.0]], [[-0.9341721652253892, -1.61376134039104e-07, 0.3568221735669264,
        107.5785950354943], [8.168744053059016e-08, 0.9999998578971017, 7.935197143815742e-08,
        0.0], [-0.356822262897926, -2.223048617411294e-08, -0.9341720556306691, -281.6444182648848],
      [0.0, 0.0, 0.0, 1.0]], [[6.065154183305286e-09, -0.9341722393506868, 0.35682192520278855,
        107.5785950354943], [-0.9999998807907109, -1.5868545221141973e-07, 1.8651346067599672e-07,
        0.0], [-2.448092271963751e-07, -0.3568220046756483, -0.9341721504973282, -281.6444182648848],
      [0.0, 0.0, 0.0, 1.0]], [[0.9341723299759959, 1.3510299226582312e-07, 0.3568218250954873,
        107.5785950354943], [-8.168744097467932e-08, -0.9999998578971017, -7.935197143815742e-08,
        0.0], [0.3568218315752382, 9.101446313275474e-08, -0.9341721887349147, -281.6444182648848],
      [0.0, 0.0, 0.0, 1.0]], [[1.5868545233388431e-07, -0.9341722130775452, -0.35682207345962524,
        -107.5785950354943], [-0.9999998807907104, 1.5868545233388431e-07, -1.865134606759966e-07,
        0.0], [1.865134606759966e-07, 0.35682207345962524, -0.9341720938682556, -281.6444182648848],
      [0.0, 0.0, 0.0, 1.0]], [[0.9341723299759959, -1.351029926266456e-07, -0.3568218250954873,
        -107.5785950354943], [8.168744053059016e-08, -0.9999998578971017, -7.935197143815742e-08,
        0.0], [-0.3568218315752382, 9.101446324377704e-08, -0.9341721887349147, -281.6444182648848],
      [0.0, 0.0, 0.0, 1.0]], [[6.0651544121114905e-09, 0.9341722393506868, -0.35682192520278855,
        -107.5785950354943], [0.9999998807907109, -1.5868545245634905e-07, 1.8651346067599666e-07,
        0.0], [2.4480922710897887e-07, -0.3568220046756483, -0.9341721504973282, -281.6444182648848],
      [0.0, 0.0, 0.0, 1.0]], [[-0.9341721652253892, 1.6137613439992649e-07, -0.3568221735669264,
        -107.5785950354943], [-8.1687440086501e-08, 0.9999998578971017, 7.935197143815742e-08,
        0.0], [0.356822262897926, -2.2230486285135242e-08, -0.9341720556306691, -281.6444182648848],
      [0.0, 0.0, 0.0, 1.0]], [[1.0, 0.0, 0.0, 0.0], [0.0, 0.35682210326194763, -0.9341723322868347,
        -281.6444182648848], [0.0, 0.9341723322868347, 0.35682210326194763, 107.5785950354943],
      [0.0, 0.0, 0.0, 1.0]], [[0.0, 0.9999999798932518, 2.2119461651204375e-08, 0.0],
      [-0.35682208977308993, 2.066338966599801e-08, -0.9341723401795473, -281.6444182648848],
      [-0.9341723589627158, -7.892712566848203e-09, 0.35682208259855797, 107.5785950354943],
      [0.0, 0.0, 0.0, 1.0]], [[-1.0000000000000004, 1.2246467745236882e-16, 2.708852779262882e-24,
        0.0], [-4.369810301056841e-17, -0.3568220619351684, -0.9341723480722597, -281.6444182648848],
      [-1.144031189255622e-16, -0.9341723480722601, 0.3568220619351683, 107.5785950354943],
      [0.0, 0.0, 0.0, 1.0]], [[-4.440892098500626e-16, -0.9999999798932518, -2.2119461651204375e-08,
        0.0], [0.35682208977308993, 2.0663389499464557e-08, -0.9341723401795472, -281.6444182648848],
      [0.9341723589627158, -7.892712913792899e-09, 0.35682208259855797, 107.5785950354943],
      [0.0, 0.0, 0.0, 1.0]], [[0.7071069478988647, 0.4082481265068054, 0.5773501396179199,
        174.06582322939047], [0.7071065902709961, -0.4082481265068054, -0.5773503184318542,
        -174.06582322939047], [-8.70040928191429e-09, 0.8164964914321899, -0.5773500204086304,
        -174.06582322939047], [0.0, 0.0, 0.0, 1.0]], [[-0.4082480631524756, 0.7071065553827647,
        0.5773503315499234, 174.06582322939047], [0.40824825958265476, 0.7071067143284839,
        -0.5773500906606195, -174.06582322939047], [-0.8164966890634082, 7.947285990406172e-08,
        -0.5773500562478617, -174.06582322939047], [0.0, 0.0, 0.0, 1.0]], [[-0.7071067036800128,
        -0.40824828545252456, 0.5773501793543498, 174.06582322939047], [-0.7071068344898478,
        0.4082482854525249, -0.5773500005404154, -174.06582322939047], [-2.3551844284079118e-07,
        -0.8164963324864705, -0.5773502985636394, -174.06582322939047], [0.0, 0.0,
        0.0, 1.0]], [[0.4082483073713275, -0.707106714328484, 0.5773499874223462,
        174.06582322939047], [-0.4082485038015066, -0.7071065553827646, -0.5773502283116503,
        -174.06582322939047], [0.8164964448445561, 7.947285957099481e-08, -0.5773502627244079,
        -174.06582322939047], [0.0, 0.0, 0.0, 1.0]], [[1.0, 0.0, 0.0, 0.0], [0.0,
        -0.35682201385498047, -0.9341723322868347, -281.6444182648848], [0.0, 0.9341723322868347,
        -0.35682201385498047, -107.5785950354943], [0.0, 0.0, 0.0, 1.0]], [[0.0, 0.999999947990871,
        6.140205577320756e-08, 0.0], [0.35682208977308993, 5.7360103278281116e-08,
        -0.9341723103772249, -281.6444182648848], [-0.9341723589627158, 2.190960982084711e-08,
        -0.35682207121508375, -107.5785950354943], [0.0, 0.0, 0.0, 1.0]], [[-1.0000000000000004,
        1.2246467354545396e-16, 7.519583113169205e-24, 0.0], [4.369810301056841e-17,
        0.3568221285751872, -0.9341722884676149, -281.6444182648848], [-1.144031189255622e-16,
        -0.9341722884676154, -0.3568221285751871, -107.5785950354943], [0.0, 0.0,
        0.0, 1.0]], [[-4.440892098500626e-16, -0.999999947990871, -6.140205577320756e-08,
        0.0], [-0.35682208977308993, 5.736010344481457e-08, -0.9341723103772248, -281.6444182648848],
      [0.9341723589627158, 2.1909609473902414e-08, -0.35682207121508375, -107.5785950354943],
      [0.0, 0.0, 0.0, 1.0]], [[-0.3568219244480133, -3.471454945724872e-08, -0.9341722130775452,
        -281.6444182648848], [-0.9341722130775452, 1.0380226456163655e-07, 0.35682204365730286,
        107.5785950354943], [-3.471454945724872e-08, 0.9999998807907104, 1.0380226456163655e-07,
        0.0], [0.0, 0.0, 0.0, 1.0]], [[1.0803408443666289e-07, -0.3568221121319604,
        -0.9341722533189494, -281.6444182648848], [-4.1045940451644906e-09, -0.9341722228128637,
        0.35682193830393893, 107.5785950354943], [-0.9999998047264669, 8.458228826834915e-08,
        8.974957832474928e-09, 0.0], [0.0, 0.0, 0.0, 1.0]], [[0.3568221157423462,
        -9.507620721635133e-08, -0.9341722194824715, -281.6444182648848], [0.9341721400096121,
        -5.4226607068982896e-08, 0.35682202688898773, 107.5785950354943], [3.471454933478408e-08,
        -0.9999998807907109, -1.0380226456163659e-07, 0.0], [0.0, 0.0, 0.0, 1.0]],
    [[8.326024843746278e-08, 0.3568219823412038, -0.9341721792410674, -281.6444182648848],
      [-6.896333879795381e-08, 0.9341722723885213, 0.3568221322423516, 107.5785950354943],
      [0.9999998047264669, -8.458228871243831e-08, -8.974957832474974e-09, 0.0], [
        0.0, 0.0, 0.0, 1.0]]]}
