{cam2Pos: [[[-0.850650429725647, -1.2162800544501806e-07, -0.525731086730957, -157.7193336357401],
      [-0.525731086730957, 1.526593251810482e-07, 0.8506506085395813, 255.19524250561201],
      [-1.2162800544501806e-07, 0.9999998211860657, 1.526593251810482e-07, 0.0], [
        0.0, 0.0, 0.0, 1.0]], [[-0.850650429725647, 1.2162800544501806e-07, 0.525731086730957,
        157.7193336357401], [0.525731086730957, 1.526593251810482e-07, 0.8506506085395813,
        255.19524250561201], [1.2162800544501806e-07, 0.9999998211860657, 1.526593251810482e-07,
        0.0], [0.0, 0.0, 0.0, 1.0]], [[0.8506508469581604, 2.027133483295529e-08,
        -0.5257310271263123, -157.7193336357401], [-0.5257310271263123, 3.6557956661908975e-08,
        -0.8506507873535156, -255.19524250561201], [-2.027133483295529e-08, 0.9999999403953552,
        4.807527886896423e-08, 0.0], [0.0, 0.0, 0.0, 1.0]], [[0.8506508469581604,
        -2.027133483295529e-08, 0.5257310271263123, 157.7193336357401], [0.5257310271263123,
        3.6557956661908975e-08, -0.8506507873535156, -255.19524250561201], [2.027133483295529e-08,
        0.9999999403953552, 4.807527886896423e-08, 0.0], [0.0, 0.0, 0.0, 1.0]], [
      [1.0, 0.0, 0.0, 0.0], [0.0, 0.8506507873535156, -0.5257311463356018, -157.7193336357401],
      [0.0, 0.5257311463356018, 0.8506507873535156, 255.19524250561201], [0.0, 0.0,
        0.0, 1.0]], [[-1.0, -8.742278367890322e-08, -4.000553127024532e-15, 0.0],
      [7.436626248136236e-08, -0.8506509065628052, 0.525731086730957, 157.7193336357401],
      [-4.596087421759876e-08, 0.525731086730957, 0.8506508469581604, 255.19524250561201],
      [0.0, 0.0, 0.0, 1.0]], [[1.0, 0.0, 0.0, 0.0], [0.0, -0.8506506681442261, -0.5257312059402466,
        -157.7193336357401], [0.0, 0.5257312059402466, -0.8506506681442261, -255.19524250561201],
      [0.0, 0.0, 0.0, 1.0]], [[-0.9999997615814209, -8.74227694680485e-08, 1.294825300446464e-14,
        0.0], [-7.436624827050764e-08, 0.8506509065628052, 0.5257309079170227, 157.7193336357401],
      [-4.596087066488508e-08, 0.5257309079170227, -0.8506506681442261, -255.19524250561201],
      [0.0, 0.0, 0.0, 1.0]], [[1.7065899271528906e-07, 0.5257311463356018, 0.8506507873535156,
        255.19524250561201], [0.9999999403953552, 2.3411097060943575e-08, -1.5148395959840855e-07,
        0.0], [-6.9387880330396e-08, 0.8506507873535156, -0.525731086730957, -157.7193336357401],
      [0.0, 0.0, 0.0, 1.0]], [[-9.973301473564788e-08, -0.5257311463356018, 0.8506507873535156,
        255.19524250561201], [0.9999999403953552, 2.3411097060943575e-08, 1.5148395959840855e-07,
        0.0], [-6.9387880330396e-08, 0.8506507873535156, 0.5257311463356018, 157.7193336357401],
      [0.0, 0.0, 0.0, 1.0]], [[1.7065899271528906e-07, -0.5257311463356018, -0.8506507873535156,
        -255.19524250561201], [-0.9999999403953552, 2.3411097060943575e-08, -1.5148395959840855e-07,
        0.0], [6.9387880330396e-08, 0.8506507873535156, -0.525731086730957, -157.7193336357401],
      [0.0, 0.0, 0.0, 1.0]], [[-9.973301473564788e-08, 0.5257311463356018, -0.8506507873535156,
        -255.19524250561201], [-0.9999999403953552, 2.3411097060943575e-08, 1.5148395959840855e-07,
        0.0], [6.9387880330396e-08, 0.8506507873535156, 0.5257311463356018, 157.7193336357401],
      [0.0, 0.0, 0.0, 1.0]], [[0.70710688829422, -0.4082481563091278, -0.5773501992225647,
        -173.20508075688772], [-0.7071066498756409, -0.4082481265068054, -0.5773502588272095,
        -173.20508075688772], [-3.5145724552876345e-08, 0.8164964914321899, -0.5773500204086304,
        -173.20508075688772], [0.0, 0.0, 0.0, 1.0]], [[-5.2982400688961206e-08, 0.9341723918914795,
        0.35682210326194763, 107.04662693192697], [1.0, -5.2982400688961206e-08, 6.21711606640929e-08,
        0.0], [6.21711606640929e-08, 0.35682210326194763, -0.9341724514961243, -280.2517076888147],
      [0.0, 0.0, 0.0, 1.0]], [[-5.2982400688961206e-08, -0.9341723918914795, -0.35682210326194763,
        -107.04662693192697], [-1.0, -5.2982400688961206e-08, 6.21711606640929e-08,
        0.0], [-6.21711606640929e-08, 0.35682210326194763, -0.9341724514961243, -280.2517076888147],
      [0.0, 0.0, 0.0, 1.0]], [[1.5103910300240386e-07, -0.9341723322868347, 0.35682207345962524,
        107.04662693192698], [0.9999999403953552, 9.751464347118599e-08, -1.603587378440352e-07,
        0.0], [1.2977332630725869e-07, 0.35682207345962524, 0.9341723322868347, 280.25170768881475],
      [0.0, 0.0, 0.0, 1.0]], [[0.7071067094802856, 0.4082483649253845, -0.5773502588272095,
        -173.20508075688772], [-0.7071068286895752, 0.40824824571609497, -0.5773501992225647,
        -173.20508075688772], [-9.056460470446837e-08, 0.8164965510368347, 0.5773503184318542,
        173.20508075688772], [0.0, 0.0, 0.0, 1.0]], [[0.3568221628665924, -3.471454945724872e-08,
        -0.9341722130775452, -280.25170768881475], [-0.9341722130775452, 1.5160421185100859e-07,
        -0.35682204365730286, -107.04662693192698], [3.471454945724872e-08, 0.9999998807907104,
        1.0380226456163655e-07, 0.0], [0.0, 0.0, 0.0, 1.0]], [[1.5103910300240386e-07,
        0.9341723322868347, -0.35682207345962524, -107.04662693192698], [-0.9999999403953552,
        9.751464347118599e-08, -1.603587378440352e-07, 0.0], [-1.2977332630725869e-07,
        0.35682207345962524, 0.9341723322868347, 280.25170768881475], [0.0, 0.0, 0.0,
        1.0]], [[1.0, 0.0, 0.0, 0.0], [0.0, 0.35682210326194763, -0.9341723322868347,
        -280.25170768881475], [0.0, 0.9341723322868347, 0.35682210326194763, 107.04662693192698],
      [0.0, 0.0, 0.0, 1.0]]]}
