{cam2Pos: [[[0.9950000047683716, 5.261766133912715e-09, 0.09987490624189377, 27.44081458773008],
      [0.09987490624189377, 1.387629566806936e-07, -0.994999885559082, -273.37804154382826],
      [-5.261766133912715e-09, 0.9999998807907104, 1.3823611766383692e-07, 0.0], [
        0.0, 0.0, 0.0, 1.0]], [[0.9917600154876709, 0.014932270161807537, -0.12723617255687714,
        -34.95837492192382], [-0.1281093955039978, 0.11559844017028809, -0.9849998950958252,
        -270.63052353836264], [6.0789790978788005e-09, 0.9931836724281311, 0.11655887961387634,
        32.024735061311915], [0.0, 0.0, 0.0, 1.0]], [[0.9998015761375427, 0.004409505985677242,
        0.01942642405629158, 5.337444136654195], [0.019920585677027702, -0.22131036221981049,
        -0.9750001430511475, -267.883005532897], [-3.0087834446135275e-09, 0.9751936197280884,
        -0.22135429084300995, -60.81742299972293], [0.0, 0.0, 0.0, 1.0]], [[0.9866037368774414,
        -0.03395196795463562, 0.15956301987171173, 43.84022671304416], [0.16313520073890686,
        0.20533354580402374, -0.9650000929832458, -265.13548752743145], [-1.100509905427316e-09,
        0.9781030416488647, 0.20812159776687622, 57.18181248366843], [0.0, 0.0, 0.0,
        1.0]], [[0.956277072429657, -0.015109575353562832, -0.29207170009613037, -80.24723373299513],
      [-0.2924622595310211, -0.049404315650463104, -0.9549999237060547, -262.38796952196583],
      [1.9651583471613776e-08, 0.9986644983291626, -0.051663193851709366, -14.19460573313891],
      [0.0, 0.0, 0.0, 1.0]], [[0.9599064588546753, 0.049209605902433395, 0.2759673297405243,
        75.82251853598346], [0.2803204357624054, -0.168509379029274, -0.9449999928474426,
        -259.6404515165002], [1.350648126674514e-08, 0.9844709038734436, -0.17554770410060883,
        -48.23207980945487], [0.0, 0.0, 0.0, 1.0]], [[0.9951869249343872, 0.03356202691793442,
        -0.09206806868314743, -25.295868800820017], [-0.09799458086490631, 0.3408401310443878,
        -0.9350000023841858, -256.8929335110346], [-6.049923229056731e-09, 0.9395219683647156,
        0.342488557100296, 94.09937107804781], [0.0, 0.0, 0.0, 1.0]], [[0.9825451374053955,
        -0.06272764503955841, -0.1751294881105423, -48.11714746486814], [-0.18602444231510162,
        -0.3313152492046356, -0.925000011920929, -254.14541550556896], [-2.187940495446128e-09,
        0.9414326548576355, -0.3372010588645935, -92.64663944754345], [0.0, 0.0, 0.0,
        1.0]], [[0.9238911867141724, -0.05295959860086441, 0.37897276878356934, 104.12345443769796],
      [0.3826552927494049, 0.12786681950092316, -0.9150000214576721, -251.3978975001034],
      [-1.2892542144982144e-08, 0.9903764128684998, 0.13840028643608093, 38.02571856080332],
      [0.0, 0.0, 0.0, 1.0]], [[0.9171630144119263, 0.06468593329191208, -0.3932272493839264,
        -108.03990596064061], [-0.3985121548175812, 0.14887270331382751, -0.904999852180481,
        -248.65037949463778], [-1.1109069220083256e-09, 0.9867382645606995, 0.16231867671012878,
        44.59730261760048], [0.0, 0.0, 0.0, 1.0]], [[0.9784079790115356, 0.08350344747304916,
        0.18906334042549133, 51.94549483237178], [0.20668277144432068, -0.39529383182525635,
        -0.8950000405311584, -245.90286148917215], [-2.608016380634126e-08, 0.9147513508796692,
        -0.4040173888206482, -111.00450523124874], [0.0, 0.0, 0.0, 1.0]], [[0.9878304600715637,
        -0.06909630447626114, 0.13934384286403656, 38.28498203226502], [0.15553458034992218,
        0.43884390592575073, -0.8849999904632568, -243.15534348370656], [3.1355884999584305e-08,
        0.8959027528762817, 0.444250226020813, 122.05855557758785], [0.0, 0.0, 0.0,
        1.0]], [[0.9019775390625, -0.10481227934360504, -0.4188685715198517, -115.08489539089021],
      [-0.43178290128707886, -0.21894866228103638, -0.875, -240.40782547824094], [
        2.98929876407783e-08, 0.9700906276702881, -0.24274294078350067, -66.69404924930546],
      [0.0, 0.0, 0.0, 1.0]], [[0.8700645565986633, 0.05310913175344467, 0.4900684654712677,
        134.64718079941005], [0.492937833070755, -0.09374088793992996, -0.8649999499320984,
        -237.66030747277532], [6.816295439193709e-08, 0.9941790699958801, -0.107740119099617,
        -29.60180498371919], [0.0, 0.0, 0.0, 1.0]], [[0.9441925287246704, 0.1397520899772644,
        -0.29827818274497986, -81.95247917762389], [-0.3293941617012024, 0.40059271454811096,
        -0.8549999594688416, -234.91278946730972], [2.4694902123201246e-08, 0.9055356383323669,
        0.4242701530456543, 116.56896844746389], [0.0, 0.0, 0.0, 1.0]], [[0.9967091083526611,
        -0.04298953711986542, -0.06872318685054779, -18.88181926343254], [-0.08106156438589096,
        -0.5285869836807251, -0.845000147819519, -232.1652714618441], [-9.05733976708234e-09,
        0.8477901220321655, -0.5303322076797485, -145.70969608069527], [0.0, 0.0,
        0.0, 1.0]], [[0.8930333256721497, -0.15956978499889374, 0.4207480549812317,
        115.60128879885427], [0.44999048113822937, 0.31667590141296387, -0.8349999189376831,
        -229.41775345637848], [2.2816843525674813e-08, 0.9350153803825378, 0.3546070158481598,
        97.42888858367164], [0.0, 0.0, 0.0, 1.0]], [[0.8252250552177429, 0.013188092969357967,
        -0.5646501183509827, -155.13864125489596], [-0.5648040771484375, 0.019268982112407684,
        -0.8250000476837158, -226.67023545091288], [5.5045138225295887e-08, 0.9997273683547974,
        0.023349935188889503, 6.415469880662746], [0.0, 0.0, 0.0, 1.0]], [[0.8930031061172485,
        0.18395362794399261, 0.4107389450073242, 112.85127165599518], [0.4500504732131958,
        -0.3650059998035431, -0.8149999380111694, -223.9227174454473], [3.70895989476594e-08,
        0.9126507043838501, -0.4087398946285248, -112.30208814197726], [0.0, 0.0,
        0.0, 1.0]], [[0.9994210600852966, 0.02016332373023033, -0.02740422822535038,
        -7.5293591466379155], [-0.03402280807495117, 0.5922983288764954, -0.8050001263618469,
        -221.17519943998167], [2.8210234148673408e-09, 0.8054664134979248, 0.5926414728164673,
        162.82933337424967], [0.0, 0.0, 0.0, 1.0]], [[0.8983872532844543, -0.20455701649188995,
        -0.388660192489624, -106.78509220263655], [-0.4392041862010956, -0.4184190034866333,
        -0.7950000762939453, -218.42768143451607], [1.0652350113105058e-08, 0.8849191069602966,
        -0.46574458479881287, -127.9642292595601], [0.0, 0.0, 0.0, 1.0]], [[0.7876922488212585,
        -0.05089213326573372, 0.61396324634552, 168.68752261905084], [0.6160688996315002,
        0.0650697872042656, -0.7849999070167542, -215.68016342905045], [-7.22772597328003e-08,
        0.99658203125, 0.08260805159807205, 22.696667584528228], [0.0, 0.0, 0.0, 1.0]],
    [[0.8310174942016602, 0.20076783001422882, -0.5187506675720215, -142.52767422585595],
      [-0.5562463402748108, 0.2999418377876282, -0.7749999761581421, -212.93264542358483],
      [-2.3326125031530864e-08, 0.9325916767120361, 0.36093324422836304, 99.16704339779143],
      [0.0, 0.0, 0.0, 1.0]], [[0.9833542108535767, 0.11416635662317276, 0.14135268330574036,
        38.83689439210892], [0.1816990226507187, -0.6178680658340454, -0.7649999856948853,
        -210.18512741811924], [2.4555466993092523e-08, 0.7779495716094971, -0.6283270716667175,
        -172.63388934326434], [0.0, 0.0, 0.0, 1.0]], [[0.9180663228034973, -0.22554218769073486,
        0.3260137736797333, 89.57288535176647], [0.39642685651779175, 0.5223224759101868,
        -0.7549999952316284, -207.43760941265361], [4.597760394631223e-09, 0.8223806619644165,
        0.5689376592636108, 156.31662840049978], [0.0, 0.0, 0.0, 1.0]], [[0.7608005404472351,
        -0.13157810270786285, -0.6355074048042297, -174.60682917080086], [-0.6489856839179993,
        -0.15424765646457672, -0.744999885559082, -204.690091407188], [2.332314608111119e-08,
        0.9792315363883972, -0.20274397730827332, -55.704340856104444], [0.0, 0.0,
        0.0, 1.0]], [[0.7666577696800232, 0.18259868025779724, 0.6155434250831604,
        169.1216318142456], [0.6420560479164124, -0.21803508698940277, -0.7350000739097595,
        -201.94257340172237], [-6.856622292161774e-08, 0.958706796169281, -0.2843968868255615,
        -78.13848350175468], [0.0, 0.0, 0.0, 1.0]], [[0.9388487339019775, 0.21877075731754303,
        -0.2658991515636444, -73.0562654067082], [-0.3443297743797302, 0.5964998006820679,
        -0.7249999642372131, -199.19505539625678], [3.4301788076618323e-09, 0.7722223401069641,
        0.6353524327278137, 174.56421137817478], [0.0, 0.0, 0.0, 1.0]], [[0.9493635296821594,
        -0.20668773353099823, -0.23662018775939941, -65.01184373503733], [-0.31417977809906006,
        -0.6245524287223816, -0.7150000333786011, -196.44753739079115], [-9.72585567637907e-09,
        0.7531362175941467, -0.6578643918037415, -180.74948722151902], [0.0, 0.0,
        0.0, 1.0]], [[0.746821939945221, -0.2194214165210724, 0.6277827620506287,
        172.4844586087837], [0.6650240421295166, 0.24641023576259613, -0.7049999833106995,
        -193.70001938532553], [-1.8057253470260548e-09, 0.9440001249313354, 0.32994508743286133,
        90.65299736984188], [0.0, 0.0, 0.0, 1.0]], [[0.7069740891456604, 0.12961477041244507,
        -0.6952608227729797, -191.02416979856878], [-0.7072394490242004, 0.12956616282463074,
        -0.6949999928474426, -190.95250137985994], [7.339764351854683e-09, 0.9830628633499146,
        0.18326859176158905, 50.35335811164375], [0.0, 0.0, 0.0, 1.0]], [[0.8668251633644104,
        0.30554813146591187, 0.39402341842651367, 108.25868929281779], [0.4986121952533722,
        -0.5311876535415649, -0.684999942779541, -188.20498337439432], [2.4090720529557075e-09,
        0.7902400493621826, -0.6127967834472656, -168.3671355378548], [0.0, 0.0, 0.0,
        1.0]], [[0.9832901358604431, -0.1323755383491516, 0.1249687597155571, 34.33538709708577],
      [0.18204525113105774, 0.7150066494941711, -0.675000011920929, -185.4574653689287],
      [-1.6947826253499443e-08, 0.6864708065986633, 0.7271573543548584, 199.78779150739706],
      [0.0, 0.0, 0.0, 1.0]], [[0.7477662563323975, -0.3036261796951294, -0.5904716849327087,
        -162.23315344693697], [-0.6639620661735535, -0.34194931387901306, -0.6650000214576721,
        -182.7099473634631], [2.7388123768901096e-08, 0.8893153667449951, -0.45729443430900574,
        -125.64247275774396], [0.0, 0.0, 0.0, 1.0]], [[0.6562784910202026, 0.0470733679831028,
        0.7530488967895508, 206.90154507602637], [0.7545187473297119, -0.040944404900074005,
        -0.6550000309944153, -179.96242935799748], [8.033752152414309e-08, 0.9980519413948059,
        -0.062388669699430466, -17.14137008229141], [0.0, 0.0, 0.0, 1.0]], [[0.7791330814361572,
        0.3516422510147095, -0.5189405679702759, -142.57986424774754], [-0.6268584728240967,
        0.43706223368644714, -0.6449999213218689, -177.21491135253186], [6.284648179644137e-08,
        0.8278431296348572, 0.5609596371650696, 154.12465542211424], [0.0, 0.0, 0.0,
        1.0]], [[0.9999824166297913, 0.00458448426797986, 0.003768528113141656, 1.0354099387725095],
      [0.005934585351496935, -0.7724891901016235, -0.6349999904632568, -174.4673933470663],
      [-6.644303163216847e-11, 0.6350111365318298, -0.7725027799606323, -212.24657473918404],
      [0.0, 0.0, 0.0, 1.0]], [[0.7660125494003296, -0.37166503071784973, 0.5244901180267334,
        144.1046241629217], [0.6428256630897522, 0.44288843870162964, -0.6250000596046448,
        -171.71987534160067], [2.582473968004706e-08, 0.8159136176109314, 0.5781738758087158,
        158.85431568297253], [0.0, 0.0, 0.0, 1.0]], [[0.6166347861289978, -0.05728709325194359,
        -0.7851622104644775, -215.72473552006244], [-0.7872493267059326, -0.044871579855680466,
        -0.6149999499320984, -168.97235733613505], [2.8868036849871714e-08, 0.9973487854003906,
        -0.07276857644319534, -19.99332000058698], [0.0, 0.0, 0.0, 1.0]], [[0.6902297735214233,
        0.3483119010925293, 0.6342410445213318, 174.25883374685372], [0.7235902547836304,
        -0.33225348591804504, -0.6050000190734863, -166.22483933066945], [3.0533854555869766e-08,
        0.8765196800231934, -0.4813663959503174, -132.2562420237956], [0.0, 0.0, 0.0,
        1.0]], [[0.9719952940940857, 0.18582578003406525, -0.14385366439819336, -39.52406461182561],
      [-0.23500020802021027, 0.7686026096343994, -0.5949999690055847, -163.47732132520383],
      [-2.7020682580314315e-08, 0.6121428608894348, 0.7907472252845764, 217.25921299791537],
      [0.0, 0.0, 0.0, 1.0]], [[0.8044590353965759, -0.4077444076538086, -0.4319608509540558,
        -118.68202624515003], [-0.5940081477165222, -0.5522041916847229, -0.5850000977516174,
        -160.7298033197382], [-5.08743696059355e-08, 0.7271968722343445, -0.6864291429519653,
        -188.5976109995062], [0.0, 0.0, 0.0, 1.0]], [[0.588935136795044, -0.17476734519004822,
        0.7890575528144836, 216.79498293577615], [0.8081803321838379, 0.12735605239868164,
        -0.574999988079071, -157.98228531427264], [-1.816233563545211e-08, 0.9763384461402893,
        0.21624799072742462, 59.414516781116454], [0.0, 0.0, 0.0, 1.0]], [[0.6099339723587036,
        0.29852765798568726, -0.7340720295906067, -201.68762437194945], [-0.7924522161483765,
        0.2297704517841339, -0.5649999976158142, -155.23476730880702], [-8.853048427681642e-08,
        0.9263296723365784, 0.37671375274658203, 103.50275888766076], [0.0, 0.0, 0.0,
        1.0]], [[0.8868468403816223, 0.3603972792625427, 0.2891651690006256, 79.44865147741065],
      [0.4620635211467743, -0.6917169690132141, -0.5549998879432678, -152.4872493033414],
      [-1.6722072615493744e-09, 0.6258125305175781, -0.7799734473228455, -214.29909584946648],
      [0.0, 0.0, 0.0, 1.0]], [[0.8650131821632385, -0.3896363377571106, 0.31612613797187805,
        86.85622939140218], [0.5017491579055786, 0.671731173992157, -0.5450000166893005,
        -149.7397312978758], [1.9053356226095275e-08, 0.6300482153892517, 0.7765560150146484,
        213.36016542533272], [0.0, 0.0, 0.0, 1.0]], [[0.5738807320594788, -0.2963050305843353,
        -0.7634554505348206, -209.76077618850746], [-0.8189388513565063, -0.2076389640569687,
        -0.5350000858306885, -146.99221329241018], [8.524531125431167e-08, 0.9322496056556702,
        -0.3618156909942627, -99.40954636135673], [0.0, 0.0, 0.0, 1.0]], [[0.5423271656036377,
        0.21067750453948975, 0.8133242130279541, 223.46227319464376], [0.8401674032211304,
        -0.13599205017089844, -0.5249999761581421, -144.24469528694456], [-9.152709878890164e-08,
        0.9680502414703369, -0.25075656175613403, -68.895807157157], [0.0, 0.0, 0.0,
        1.0]], [[0.7651085257530212, 0.47619399428367615, -0.4334145486354828, -119.08141871709014],
      [-0.6439012885093689, 0.5658321976661682, -0.5149999856948853, -141.49717728147897],
      [-2.2991169856823035e-08, 0.6731070876121521, 0.7395449876785278, 203.19132964099637],
      [0.0, 0.0, 0.0, 1.0]], [[0.9412350058555603, -0.2850230634212494, -0.18121397495269775,
        -49.78886162742599], [-0.3377523422241211, -0.7942911982536316, -0.5049999356269836,
        -138.74965927601335], [-2.8043141142575223e-08, 0.5365290641784668, -0.8438819050788879,
        -231.8580453903045], [0.0, 0.0, 0.0, 1.0]], [[0.5727992057800293, -0.4124605059623718,
        0.7083625197410583, 194.62385539701862], [0.8196957111358643, 0.2882254421710968,
        -0.4950000047683716, -136.00214127054772], [-1.3858863212590222e-07, 0.8641773462295532,
        0.5031874179840088, 138.251670455744], [0.0, 0.0, 0.0, 1.0]], [[0.4878615736961365,
        0.09440848231315613, -0.8678008317947388, -238.42980774097714], [-0.8729211091995239,
        0.05276315659284592, -0.4850001335144043, -133.2546232650821], [-5.340089614946919e-08,
        0.9941345453262329, 0.10815217345952988, 29.715047747883094], [0.0, 0.0, 0.0,
        1.0]], [[0.6399326920509338, 0.5149299502372742, 0.5703798532485962, 156.71291531012446],
      [0.7684308886528015, -0.42882245779037476, -0.47499993443489075, -130.5071052596165],
      [6.249912587463768e-08, 0.742265522480011, -0.6701055765151978, -184.11276315164687],
      [0.0, 0.0, 0.0, 1.0]], [[0.9976015686988831, -0.06123839318752289, 0.032263580709695816,
        8.864475239751537], [0.06921762228012085, 0.8826006650924683, -0.4650000035762787,
        -127.75958725415089], [-1.68837721581383e-09, 0.4661179482936859, 0.8847225904464722,
        243.07912466304074], [0.0, 0.0, 0.0, 1.0]], [[0.5885264873504639, -0.5127878189086914,
        -0.6250481605529785, -171.73309728811026], [-0.8084779381752014, -0.3732808232307434,
        -0.4549998939037323, -125.01206924868528], [-5.7190185032141017e-08, 0.7731171250343323,
        -0.6342633366584778, -174.26496418262516], [0.0, 0.0, 0.0, 1.0]], [[0.44546592235565186,
        -0.04094143584370613, 0.8943623304367065, 245.7276374487997], [0.8952988982200623,
        0.02037091739475727, -0.44499993324279785, -122.26455124321966], [-6.98771600582404e-08,
        0.9989538788795471, 0.04572935774922371, 12.564219303349184], [0.0, 0.0, 0.0,
        1.0]], [[0.531018078327179, 0.48599058389663696, -0.6941419243812561, -190.71674622948586],
      [-0.8473604917526245, 0.30455726385116577, -0.43500009179115295, -119.51703323775405],
      [4.254186691809991e-08, 0.8191813230514526, 0.5735346078872681, 157.57967310938537],
      [0.0, 0.0, 0.0, 1.0]], [[0.9593167901039124, 0.25311338901519775, 0.12507973611354828,
        34.365877938014705], [0.2823319435119629, -0.860037088394165, -0.42499998211860657,
        -116.76951523228844], [2.1543627326536807e-08, 0.4430236220359802, -0.8965100049972534,
        -246.31771891105015], [0.0, 0.0, 0.0, 1.0]], [[0.6267345547676086, -0.583926260471344,
        0.5159785747528076, 141.7660322148714], [0.7792328000068665, 0.46965011954307556,
        -0.41499999165534973, -114.02199722682285], [1.1175950831443515e-08, 0.6621623039245605,
        0.7493604421615601, 205.8881447826361], [0.0, 0.0, 0.0, 1.0]], [[0.4137900173664093,
        -0.18664869666099548, -0.8910332322120667, -244.81293599088926], [-0.9103724360466003,
        -0.08483739197254181, -0.40499991178512573, -111.27447922135724], [-1.0062746014227741e-07,
        0.9787569642066956, -0.20502476394176483, -56.330884504983246], [0.0, 0.0,
        0.0, 1.0]], [[0.4430318772792816, 0.4059888422489166, 0.7993096113204956,
        219.61172870125463], [0.8965058922767639, -0.2006300687789917, -0.39499980211257935,
        -108.52696121589163], [7.151738756761006e-09, 0.891583263874054, -0.4528568983078003,
        -124.42322616645241], [0.0, 0.0, 0.0, 1.0]], [[0.8039491772651672, 0.5220717191696167,
        -0.2847924828529358, -78.24726503774463], [-0.5946979522705078, 0.7057685852050781,
        -0.3850000202655792, -105.77944321042601], [-4.463014846578517e-08, 0.4788859784603119,
        0.8778771162033081, 241.1983142805573], [0.0, 0.0, 0.0, 1.0]], [[0.6980165243148804,
        -0.6039658784866333, -0.384705126285553, -105.698439464317], [-0.7160815596580505,
        -0.5887289643287659, -0.37499991059303284, -103.0319252049604], [2.9562677639205504e-08,
        0.5372363924980164, -0.8434314131736755, -231.7343612564715], [0.0, 0.0, 0.0,
        1.0]], [[0.39181971549987793, -0.334537535905838, 0.8570659160614014, 235.48040076414003],
      [0.9200420379638672, 0.14246989786624908, -0.36500006914138794, -100.2844071994948],
      [8.791210603931177e-08, 0.9315508604049683, 0.3636110723018646, 99.90280492650439],
      [0.0, 0.0, 0.0, 1.0]], [[0.3736664354801178, 0.2895040214061737, -0.8812268972396851,
        -242.11867021338225], [-0.9275631308555603, 0.11662585288286209, -0.35500001907348633,
        -97.53688919402917], [-9.182620885894721e-08, 0.9500451683998108, 0.312112420797348,
        85.75346455993706], [0.0, 0.0, 0.0, 1.0]], [[0.6164111495018005, 0.6525394916534424,
        0.4407147169113159, 121.08716229645216], [0.7874244451522827, -0.5108205676078796,
        -0.34499993920326233, -94.78937118856356], [7.667646428899388e-08, 0.5596913695335388,
        -0.8287010192871094, -227.68712335186336], [0.0, 0.0, 0.0, 1.0]], [[0.8178362846374512,
        -0.5249593257904053, 0.23571477830410004, 64.76304317154977], [0.5754508972167969,
        0.7460772395133972, -0.33500000834465027, -92.04185318309796], [-3.1386328203097946e-08,
        0.40961745381355286, 0.9122573733329773, 250.64436439975728], [0.0, 0.0, 0.0,
        1.0]], [[0.3792392313480377, -0.4768548309803009, -0.792961061000824, -217.86744798466304],
      [-0.9252987504005432, -0.1954420506954193, -0.32499995827674866, -89.29433517763233],
      [-2.885181515921431e-08, 0.8569785356521606, -0.5153525471687317, -141.59395720655627],
      [0.0, 0.0, 0.0, 1.0]], [[0.31891390681266785, 0.14803311228752136, 0.9361518025398254,
        257.2093837473853], [0.9477837085723877, -0.04981084167957306, -0.3149999976158142,
        -86.54681717216673], [4.257401897689306e-08, 0.9877272844314575, -0.15618877112865448,
        -42.91308953262536], [0.0, 0.0, 0.0, 1.0]], [[0.46119433641433716, 0.6655614376068115,
        -0.5867944359779358, -161.2228165967967], [-0.887299120426178, 0.34594103693962097,
        -0.304999977350235, -83.7992991667011], [-6.783817951827587e-10, 0.6613264679908752,
        0.7500981688499451, 206.09083621389536], [0.0, 0.0, 0.0, 1.0]], [[0.9697588086128235,
        -0.2324986606836319, -0.07424450665712357, -20.398812392483723], [-0.2440652996301651,
        -0.9238001108169556, -0.2950000464916229, -81.0517811612355], [2.7814431646788762e-08,
        0.3041993975639343, -0.9526081085205078, -261.730871559212], [0.0, 0.0, 0.0,
        1.0]], [[0.37688449025154114, -0.6060901284217834, 0.7004377245903015, 192.44650821140218],
      [0.9262603521347046, 0.24661092460155487, -0.2849999964237213, -78.30426315576992],
      [3.0933616557149435e-08, 0.7561997175216675, 0.6543409824371338, 179.7813554083068],
      [0.0, 0.0, 0.0, 1.0]], [[0.27501213550567627, -0.009018568322062492, -0.9613984823226929,
        -264.1459595883327], [-0.9614407420158386, -0.002579701831564307, -0.27500003576278687,
        -75.5567451503043], [-6.355151072057197e-09, 0.9999560117721558, -0.009380274452269077,
        -2.577246404236818], [0.0, 0.0, 0.0, 1.0]], [[0.34653595089912415, 0.6044450402259827,
        0.7173276543617249, 197.08707497076924], [0.9380366802215576, -0.22329814732074738,
        -0.2650001049041748, -72.80922714483869], [-2.5937600511838355e-08, 0.7647117376327515,
        -0.6443724036216736, -177.04251812944526], [0.0, 0.0, 0.0, 1.0]], [[0.9383646845817566,
        0.3326394557952881, -0.09392928332090378, -25.807238110441254], [-0.34564682841300964,
        0.9030522108078003, -0.2549999952316284, -70.06170913937308], [-8.649284843897931e-09,
        0.271749347448349, 0.9623680710792542, 264.4123584047428], [0.0, 0.0, 0.0,
        1.0]], [[0.38778218626976013, -0.7144795656204224, -0.5823606252670288, -160.0046505984901],
      [-0.9217510223388672, -0.3005827069282532, -0.24500007927417755, -67.31419113390746],
      [-2.7557547355172574e-09, 0.6317982077598572, -0.7751328945159912, -212.96916059002572],
      [0.0, 0.0, 0.0, 1.0]], [[0.23884150385856628, -0.1734643280506134, 0.9554396271705627,
        262.50874746119996], [0.9710586071014404, 0.04266517981886864, -0.2349998950958252,
        -64.56667312844185], [7.515592415074934e-08, 0.9839155673980713, 0.17863422632217407,
        49.08007875965742], [0.0, 0.0, 0.0, 1.0]], [[0.26247093081474304, 0.4968666732311249,
        -0.8271834254264832, -227.27016127021307], [-0.9649398326873779, 0.1351514756679535,
        -0.22500009834766388, -61.819155122976234], [-4.6386166019374286e-08, 0.8572382926940918,
        0.5149198770523071, 141.47514891199097], [0.0, 0.0, 0.0, 1.0]], [[0.6333171725273132,
        0.7279327511787415, 0.26272279024124146, 72.18354661610057], [0.773892343044281,
        -0.5957061052322388, -0.21500006318092346, -59.07163711751062], [-3.4290231099021184e-08,
        0.3394823670387268, -0.9406124949455261, -258.4349612373598], [0.0, 0.0, 0.0,
        1.0]], [[0.42026254534721375, -0.7921267747879028, 0.4426223039627075, 121.61128709036858],
      [0.907402515411377, 0.36687272787094116, -0.20500004291534424, -56.32411911204501],
      [-4.9215636011012975e-09, 0.48779046535491943, 0.8729607462882996, 239.84753565974654],
      [0.0, 0.0, 0.0, 1.0]], [[0.2077903300523758, -0.33788642287254333, -0.917962908744812,
        -252.2119698268062], [-0.9781733751296997, -0.07177618145942688, -0.19499997794628143,
        -53.576601106579396], [-4.182161461585565e-08, 0.9384459853172302, -0.34542590379714966,
        -94.90638542019155], [0.0, 0.0, 0.0, 1.0]], [[0.19880102574825287, 0.3587823808193207,
        0.9120050668716431, 250.57504960977133], [0.9800397753715515, -0.07277889549732208,
        -0.18500007688999176, -50.82908310111378], [3.343474475059338e-08, 0.9305794835090637,
        -0.36608949303627014, -100.58379952923822], [0.0, 0.0, 0.0, 1.0]], [[0.37999606132507324,
        0.8210596442222595, -0.4259858727455139, -117.040393403751], [-0.9249880909919739,
        0.3373010456562042, -0.17500004172325134, -48.081565095648166], [-6.794218521122275e-09,
        0.46053120493888855, 0.8876435160636902, 243.8816543191091], [0.0, 0.0, 0.0,
        1.0]], [[0.4997408092021942, -0.8176009058952332, -0.2859860360622406, -78.57518330902248],
      [-0.8661750555038452, -0.47171616554260254, -0.16499991714954376, -45.33404709018256],
      [-1.174304031792417e-07, 0.330171138048172, -0.9439213275909424, -259.3440121652241],
      [0.0, 0.0, 0.0, 1.0]], [[0.17941917479038239, -0.4954904615879059, 0.8498809933662415,
        233.50637930231605], [0.9837725758552551, 0.09036704897880554, -0.1550000160932541,
        -42.58652908471697], [-5.780950118605688e-08, 0.8638997077941895, 0.5036637187004089,
        138.3824781871489], [0.0, 0.0, 0.0, 1.0]], [[0.14808374643325806, 0.20077359676361084,
        -0.9683806300163269, -266.06433835965424], [-0.9889747500419617, 0.03006293624639511,
        -0.14499999582767487, -39.83901107925136], [1.2434770724212285e-07, 0.9791762232780457,
        0.20301192998886108, 55.77788946387267], [0.0, 0.0, 0.0, 1.0]], [[0.22753749787807465,
        0.7838600277900696, 0.5777456760406494, 158.7366579987824], [0.9737693071365356,
        -0.18316194415092468, -0.13499993085861206, -37.09149307378575], [-5.321439289218688e-09,
        0.5933085680007935, -0.8049750328063965, -221.16836675372946], [0.0, 0.0,
        0.0, 1.0]], [[0.7274734973907471, -0.6759308576583862, 0.1178974062204361,
        32.39242056791603], [0.6861357688903809, 0.7166538238525391, -0.1250000149011612,
        -34.343975068320134], [-2.5940499881471624e-07, 0.17182782292366028, 0.9851269721984863,
        270.6654288412821], [0.0, 0.0, 0.0, 1.0]], [[0.1509145349264145, -0.6401350498199463,
        -0.7532938718795776, -206.96887748193842], [-0.9885466694831848, -0.09772469848394394,
        -0.11500002443790436, -31.596457062854522], [2.0834896474752895e-08, 0.7620214223861694,
        -0.647551417350769, -177.91599017097604], [0.0, 0.0, 0.0, 1.0]], [[0.10505180060863495,
        0.031219538301229477, 0.9939765930175781, 273.09685810421547], [0.9944667816162109,
        -0.0032979727257043123, -0.10500005632638931, -28.848939057388908], [1.7560182641318534e-08,
        0.9995071291923523, -0.03139328584074974, -8.625352888221306], [0.0, 0.0,
        0.0, 1.0]], [[0.13217446208000183, 0.6891719102859497, -0.7124409079551697,
        -195.7444085607003], [-0.9912264943122864, 0.09189718216657639, -0.09499997645616531,
        -26.101421051923296], [4.43886705170371e-10, 0.7187468409538269, 0.695271909236908,
        191.02720811410384], [0.0, 0.0, 0.0, 1.0]], [[0.8362663388252258, 0.5454837083816528,
        0.0557328425347805, 15.312697931093707], [0.5483235120773315, -0.8319356441497803,
        -0.08500014990568161, -23.35390304645768], [-6.676568631291957e-08, 0.10164238512516022,
        -0.994821310043335, -273.3288649194318], [0.0, 0.0, 0.0, 1.0]], [[0.11795354634523392,
        -0.7664303779602051, 0.6314043998718262, 173.47951337383566], [0.993019163608551,
        0.09103871136903763, -0.07499995827674866, -20.60638504099207], [-1.678339245358984e-08,
        0.6358431577682495, 0.7718183398246765, 212.05845241040694], [0.0, 0.0, 0.0,
        1.0]], [[0.0656721368432045, -0.1423993855714798, -0.9876282215118408, -271.3526404381026],
      [-0.9978412389755249, -0.009371894411742687, -0.06499995291233063, -17.858867035526455],
      [-1.693497608812322e-08, 0.9897648692131042, -0.1427074372768402, -39.209148155175136],
      [0.0, 0.0, 0.0, 1.0]], [[0.06650777906179428, 0.560998797416687, 0.8251405954360962,
        226.7088701960612], [0.9977858662605286, -0.037393469363451004, -0.05500006675720215,
        -15.111349030060843], [-7.821870440238854e-08, 0.8269715905189514, -0.562243640422821,
        -154.47746505071353], [0.0, 0.0, 0.0, 1.0]], [[0.19301576912403107, 0.9541566371917725,
        -0.22875748574733734, -62.851534368794574], [-0.9811956882476807, 0.18769678473472595,
        -0.04500000551342964, -12.36383102459523], [-6.202344415839889e-09, 0.23314157128334045,
        0.9724428057670593, 267.1804113580574], [0.0, 0.0, 0.0, 1.0]], [[0.07148001343011856,
        -0.8696916699409485, -0.4883928596973419, -134.1867606081586], [-0.9974423050880432,
        -0.06232558935880661, -0.03499985113739967, -9.616313019129647], [-1.544959360444409e-07,
        0.4896453320980072, -0.8719223141670227, -239.56208319553437], [0.0, 0.0,
        0.0, 1.0]], [[0.026323655620217323, -0.31300899386405945, 0.9493852853775024,
        260.8453174848413], [0.9996535181999207, 0.00824233889579773, -0.024999985471367836,
        -6.868795013664034], [4.872707748404537e-08, 0.9497144222259521, 0.31311747431755066,
        86.02959900446986], [0.0, 0.0, 0.0, 1.0]], [[0.016449889168143272, 0.410444051027298,
        -0.9117373824119568, -250.50149483987127], [-0.9998646974563599, 0.006752775516360998,
        -0.01499994844198227, -4.121277008198421], [9.699823522169027e-08, 0.9118607640266418,
        0.41049960255622864, 112.78549579794785], [0.0, 0.0, 0.0, 1.0]], [[0.012656052596867085,
        0.9185776710510254, 0.39503780007362366, 108.53735301145029], [0.9999198913574219,
        -0.011626479215919971, -0.004999902565032244, -1.3737590027328077], [1.1341397510022944e-07,
        0.3950694501399994, -0.9186511635780334, -252.40108496408547], [0.0, 0.0,
        0.0, 1.0]], [[-0.01518420409411192, -0.9441202282905579, 0.32925140857696533,
        90.46241693467377], [0.9998847246170044, -0.014337325468659401, 0.005000113043934107,
        1.3737590027328055], [-1.2451766906451667e-07, 0.32928937673568726, 0.9442290663719177,
        259.42863336979], [0.0, 0.0, 0.0, 1.0]], [[-0.017033090814948082, -0.47372281551361084,
        -0.8805093169212341, -241.92149839393062], [-0.9998549818992615, 0.008070118725299835,
        0.01499992422759533, 4.121277008198419], [3.73421826793674e-08, 0.8806370496749878,
        -0.47379156947135925, -130.17509590637678], [0.0, 0.0, 0.0, 1.0]], [[-0.025788331404328346,
        0.24528563022613525, 0.9691079258918762, 266.2641168967489], [0.9996675252914429,
        0.006327381357550621, 0.024999894201755524, 6.868795013664032], [8.506962245746763e-08,
        0.9694303274154663, -0.24536734819412231, -67.41506961972215], [0.0, 0.0,
        0.0, 1.0]], [[-0.06365977227687836, 0.8336038589477539, -0.5486820340156555,
        -150.75137385076968], [-0.9979716539382935, -0.05317489057779312, 0.03499996289610863,
        9.616313019129644], [-1.233104995890244e-08, 0.5497971773147583, 0.8352981805801392,
        229.49967692700758], [0.0, 0.0, 0.0, 1.0]], [[-0.2713887691497803, -0.9491463899612427,
        -0.15959079563617706, -43.84786168240061], [-0.9624698162078857, 0.26763197779655457,
        0.04499999061226845, 12.363831024595257], [2.3080712452383523e-08, 0.16581381857395172,
        -0.9861570596694946, -270.94843164678696], [0.0, 0.0, 0.0, 1.0]], [[-0.07003233581781387,
        -0.6175292134284973, 0.7834240794181824, 215.24716132371688], [0.9975448250770569,
        -0.04335347190499306, 0.055000003427267075, 15.11134903006087], [-1.1420155487940065e-08,
        0.785352349281311, 0.619049072265625, 170.08485698659584], [0.0, 0.0, 0.0,
        1.0]], [[-0.06517225503921509, 0.07252949476242065, -0.9952345490455627, -273.4425159310054],
      [-0.9978739023208618, -0.004736918490380049, 0.06499999016523361, 17.858867035526487],
      [-4.691268529199988e-08, 0.9973549246788025, 0.0726841390132904, 19.970058915949675],
      [0.0, 0.0, 0.0, 1.0]], [[-0.10895237326622009, 0.721037745475769, 0.6842762231826782,
        188.00611802443188], [0.9940469264984131, 0.07902922481298447, 0.07500007003545761,
        20.606385040992098], [7.745987318230618e-08, 0.6883741021156311, -0.7253557443618774,
        -199.29282070486894], [0.0, 0.0, 0.0, 1.0]], [[-0.9856030941009521, 0.16844618320465088,
        -0.014581563882529736, -4.006267178592736], [-0.1690761297941208, -0.9819309711456299,
        0.08500044792890549, 23.353903046457713], [-8.710239285392163e-08, 0.08624209463596344,
        0.9962742328643799, 273.7281442222697], [0.0, 0.0, 0.0, 1.0]], [[-0.1421288102865219,
        -0.7362449765205383, -0.6616209149360657, -181.7815894557814], [-0.9898478984832764,
        0.10571522265672684, 0.0949999988079071, 26.101421051923325], [-1.3667609266576619e-08,
        0.6684064865112305, -0.74379563331604, -204.35929501145094], [0.0, 0.0, 0.0,
        1.0]], [[-0.10554435849189758, -0.10086432844400406, 0.989285945892334, 271.8081076066297],
      [0.9944145679473877, -0.010705443099141121, 0.10500004887580872, 28.84893905738894],
      [1.5685317933389342e-08, 0.994842529296875, 0.10143090039491653, 27.86831997345967],
      [0.0, 0.0, 0.0, 1.0]], [[-0.14279510080814362, 0.5867257714271545, -0.7970961928367615,
        -219.0036223002973], [-0.9897522330284119, -0.08464904874563217, 0.1149999126791954,
        31.59645706285455], [-3.397738623789337e-08, 0.8053492307662964, 0.5928006768226624,
        162.87304633978326], [0.0, 0.0, 0.0, 1.0]], [[-0.5555309653282166, 0.8101736903190613,
        0.18709495663642883, 51.40466668395636], [0.8314961791038513, 0.5412847399711609,
        0.12500040233135223, 34.34397506832016], [3.596401825234352e-07, 0.22501027584075928,
        -0.9743567705154419, -267.7061888025662], [0.0, 0.0, 0.0, 1.0]], [[-0.2515012323856354,
        -0.8166046142578125, 0.5195229053497314, 142.73984937181342], [0.9678570032119751,
        -0.21219776570796967, 0.13499991595745087, 37.09149307378578], [4.923401064615973e-08,
        0.5367765426635742, 0.8437244296073914, 231.81481498482057], [0.0, 0.0, 0.0,
        1.0]], [[-0.15062887966632843, -0.2677266001701355, -0.9516476988792419, -261.46693188369534],
      [-0.9885903596878052, 0.040792856365442276, 0.14500007033348083, 39.83901107925139],
      [1.3278253163662157e-08, 0.9626309275627136, -0.27081647515296936, -74.4073157097578],
      [0.0, 0.0, 0.0, 1.0]], [[-0.17283888161182404, 0.43579867482185364, 0.8832927346229553,
        242.68629345329], [0.9849500060081482, 0.07647399604320526, 0.15500013530254364,
        42.58652908471701], [-2.4811477317143726e-09, 0.8967893123626709, -0.44245755672454834,
        -121.56604136845715], [0.0, 0.0, 0.0, 1.0]], [[-0.42457354068756104, 0.8342258334159851,
        -0.3518584966659546, -96.67376243841109], [-0.9053933620452881, -0.39120033383369446,
        0.16499997675418854, 45.33404709018256], [4.7688430981907004e-08, 0.38862502574920654,
        0.921396017074585, 253.15520878307848], [0.0, 0.0, 0.0, 1.0]], [[-0.434934139251709,
        -0.8243566751480103, -0.36230969429016113, -99.54524231649695], [-0.9004622101783752,
        0.3981742858886719, 0.17499999701976776, 48.081565095648166], [-2.7708068728315993e-08,
        0.40235966444015503, -0.9154816269874573, -251.5302362215726], [0.0, 0.0,
        0.0, 1.0]], [[-0.20485863089561462, -0.420401930809021, 0.8839089274406433,
        242.8555865817992], [0.9787914752960205, -0.08798880875110626, 0.18500012159347534,
        50.82908310111378], [-2.5643353751547693e-07, 0.9030614495277405, 0.4295112192630768,
        118.00898389820831], [0.0, 0.0, 0.0, 1.0]], [[-0.20311355590820312, 0.27397891879081726,
        -0.9400427937507629, -258.2784508342423], [-0.9791551828384399, -0.05683355778455734,
        0.19500015676021576, 53.576601106579396], [-2.8868630153056074e-08, 0.9600549340248108,
        0.2798115313053131, 76.87874577610934], [0.0, 0.0, 0.0, 1.0]], [[-0.37734994292259216,
        0.7774946093559265, 0.5030989050865173, 138.22736312982363], [0.9260703921318054,
        0.31680962443351746, 0.2049998790025711, 56.32411911204501], [-1.5031061195713846e-07,
        0.5432618260383606, -0.8395628333091736, -230.67150147342716], [0.0, 0.0,
        0.0, 1.0]], [[-0.7394910454750061, -0.6440869569778442, 0.19571678340435028,
        53.77353744740147], [0.6731664538383484, -0.7075464725494385, 0.2150000035762787,
        59.07163711751062], [1.6896930077336947e-08, 0.2907405197620392, 0.9568019509315491,
        262.883054345896], [0.0, 0.0, 0.0, 1.0]], [[-0.2743021547794342, -0.5500476956367493,
        -0.7887999415397644, -216.72424713151884], [-0.9616433382034302, 0.15689769387245178,
        0.22499985992908478, 61.819155122976234], [9.721644289584219e-08, 0.8202623724937439,
        -0.571986973285675, -157.1545248115212], [0.0, 0.0, 0.0, 1.0]], [[-0.2364557981491089,
        0.10764998197555542, 0.9656606316566467, 265.31695670319203], [0.9716424345970154,
        0.02619723603129387, 0.23499993979930878, 64.56667312844185], [-3.627016553764406e-08,
        0.9938437938690186, -0.11079193651676178, -30.440254769938335], [0.0, 0.0,
        0.0, 1.0]], [[-0.35967350006103516, 0.6831271052360535, -0.6355884671211243,
        -174.62906451416455], [-0.933078408241272, -0.2633248567581177, 0.24500006437301636,
        67.31419113390746], [4.7802515723560646e-08, 0.6811738014221191, 0.7321218252182007,
        201.1517869731035], [0.0, 0.0, 0.0, 1.0]], [[-0.9949167966842651, -0.0973341315984726,
        -0.025809146463871002, -7.091106988566284], [-0.10069778561592102, 0.961683452129364,
        0.2549997568130493, 70.06170913937308], [4.523932872757541e-08, 0.25630253553390503,
        -0.9665963649749756, -265.57414222345494], [0.0, 0.0, 0.0, 1.0]], [[-0.36775752902030945,
        -0.6447781324386597, 0.6700863242149353, 184.10740149026827], [0.9299218058586121,
        -0.254991352558136, 0.26499998569488525, 72.80922714483869], [-1.1130190102903725e-08,
        0.7205835580825806, 0.693368136882782, 190.50415497476618], [0.0, 0.0, 0.0,
        1.0]], [[-0.27547091245651245, -0.05619891732931137, -0.9596650004386902,
        -263.6697462924007], [-0.9613091349601746, 0.016104552894830704, 0.2749999761581421,
        75.5567451503043], [7.30229459122711e-08, 0.9982894659042358, -0.05846061557531357,
        -16.062224502549537], [0.0, 0.0, 0.0, 1.0]], [[-0.3573610186576843, 0.5634633898735046,
        0.7448506951332092, 204.64901395155127], [0.9339665174484253, 0.21559612452983856,
        0.2850000560283661, 78.30426315576992], [5.8008755132732404e-08, 0.7975133657455444,
        -0.6033016443252563, -165.75818339939352], [0.0, 0.0, 0.0, 1.0]], [[-0.9019314646720886,
        0.4081250727176666, -0.14125727117061615, -38.81068553545969], [-0.4318792521953583,
        -0.8523235321044922, 0.29499998688697815, 81.05178116123552], [-7.3903505537487035e-09,
        0.3270758390426636, 0.9449980854988098, 259.6399263642557], [0.0, 0.0, 0.0,
        1.0]], [[-0.49707213044166565, -0.6851626038551331, -0.5324200987815857, -146.28339481861076],
      [-0.8677090406417847, 0.3924995958805084, 0.304999977350235, 83.79929916670115],
      [4.106531648062628e-08, 0.613592803478241, -0.7896223068237305, -216.9502195506827],
