{cam2Pos: [[[0.9950000047683716, 4.21468504541167e-09, 0.09987492114305496, 26.18797826522518],
      [0.09987492114305496, -3.066723408551297e-08, -0.9949999451637268, -260.8967087056075],
      [4.21468504541167e-09, 0.9999999403953552, -3.066723408551297e-08, 0.0], [0.0,
        0.0, 0.0, 1.0]], [[0.9917600154876709, 0.014932266436517239, -0.12723620235919952,
        -33.36231727801138], [-0.1281094253063202, 0.11559828370809555, -0.9850000143051147,
        -258.27463123117934], [2.2033397328868887e-09, 0.9931837916374207, 0.11655872315168381,
        30.562615517625048], [0.0, 0.0, 0.0, 1.0]], [[0.9998015761375427, 0.004409503657370806,
        0.01942642405629158, 5.0937580805291995], [0.019920583814382553, -0.22131036221981049,
        -0.9750001430511475, -255.6525537567511], [-3.9112219019088457e-10, 0.9751936197280884,
        -0.22135429084300995, -58.040746078139584], [0.0, 0.0, 0.0, 1.0]], [[0.9866037368774414,
        -0.033951953053474426, 0.1595630645751953, 41.83865973195642], [0.16313524544239044,
        0.2053333967924118, -0.9650002121925354, -253.03047628232287], [-1.3029169743106195e-08,
        0.9781031012535095, 0.20812144875526428, 54.57112279597101], [0.0, 0.0, 0.0,
        1.0]], [[0.956277072429657, -0.015109543688595295, -0.292071670293808, -76.58347044055297],
      [-0.29246222972869873, -0.0494043193757534, -0.9549999237060547, -250.40839880789466],
      [-1.133140248299469e-08, 0.9986644983291626, -0.05166318640112877, -13.546537594007775],
      [0.0, 0.0, 0.0, 1.0]], [[0.9599064588546753, 0.049209605902433395, 0.2759672999382019,
        72.36076979736707], [0.2803204357624054, -0.168509379029274, -0.9449999928474426,
        -247.78632133346645], [1.1668269017661714e-08, 0.9844709038734436, -0.17554770410060883,
        -46.029998624800115], [0.0, 0.0, 0.0, 1.0]], [[0.9951869249343872, 0.03356201574206352,
        -0.09206809103488922, -24.140962005263138], [-0.0979946032166481, 0.34084001183509827,
        -0.9350000619888306, -245.1642438590382], [1.3423240297072425e-10, 0.9395220875740051,
        0.3424884080886841, 89.80317536437684], [0.0, 0.0, 0.0, 1.0]], [[0.9825451374053955,
        -0.06272763758897781, -0.1751294732093811, -45.920313625020455], [-0.18602442741394043,
        -0.3313150703907013, -0.9249998927116394, -242.54216638461], [-4.8830806065325305e-09,
        0.9414324760437012, -0.3372008502483368, -88.41676956934391], [0.0, 0.0, 0.0,
        1.0]], [[0.9238911867141724, -0.052959565073251724, 0.3789727985858917, 99.36959972514282],
      [0.3826553523540497, 0.12786680459976196, -0.9149999022483826, -239.92008891018182],
      [-2.2549116351910925e-08, 0.9903762936592102, 0.13840027153491974, 36.28961844431389],
      [0.0, 0.0, 0.0, 1.0]], [[0.9171630144119263, 0.0646858960390091, -0.39322730898857117,
        -103.10724195262578], [-0.39851218461990356, 0.14887253940105438, -0.9049999713897705,
        -237.29801143575358], [2.6380391204838816e-09, 0.986738383769989, 0.16231851279735565,
        42.56117062062776], [0.0, 0.0, 0.0, 1.0]], [[0.9784079790115356, 0.08350351452827454,
        0.1890634149312973, 49.57387417554238], [0.20668287575244904, -0.3952944278717041,
        -0.8950002193450928, -234.67593396132537], [-7.113110989109828e-09, 0.9147515296936035,
        -0.40401798486709595, -105.93648964188728], [0.0, 0.0, 0.0, 1.0]], [[0.9878304600715637,
        -0.06909627467393875, 0.13934385776519775, 36.53704499697321], [0.15553458034992218,
        0.43884390592575073, -0.8849999904632568, -232.05385648689716], [-1.7233876548061744e-09,
        0.8959027528762817, 0.444250226020813, 116.48585687321113], [0.0, 0.0, 0.0,
        1.0]], [[0.9019775390625, -0.10481228679418564, -0.41886863112449646, -109.83058573268298],
      [-0.431782990694046, -0.2189488708972931, -0.8750000596046448, -229.43177901246895],
      [-1.4281814841865526e-08, 0.9700907468795776, -0.2427431344985962, -63.64906940268597],
      [0.0, 0.0, 0.0, 1.0]], [[0.8700645565986633, 0.05310923606157303, 0.4900684952735901,
        128.4997365138525], [0.492937833070755, -0.0937410369515419, -0.8650000095367432,
        -226.8097015380407], [7.067150420425605e-09, 0.9941791296005249, -0.10774031281471252,
        -28.250306602476062], [0.0, 0.0, 0.0, 1.0]], [[0.9441925287246704, 0.13975214958190918,
        -0.2982781231403351, -78.21086129289232], [-0.32939413189888, 0.4005928337574005,
        -0.854999840259552, -224.1876240636125], [-2.3858390818531916e-08, 0.9055355191230774,
        0.42427030205726624, 111.24690203135931], [0.0, 0.0, 0.0, 1.0]], [[0.9967091083526611,
        -0.042989540845155716, -0.06872318685054779, -18.019751960999812], [-0.08106156438589096,
        -0.528586745262146, -0.8450000882148743, -221.5655465891843], [-3.1064553152049257e-09,
        0.8477900624275208, -0.5303320288658142, -139.05718220551788], [0.0, 0.0,
        0.0, 1.0]], [[0.8930333256721497, -0.15956974029541016, 0.4207480549812317,
        110.32340271159713], [0.44999048113822937, 0.31667590141296387, -0.8349999189376831,
        -218.94346911475606], [-1.7515777273047206e-08, 0.9350153803825378, 0.3546070158481598,
        92.98068060177425], [0.0, 0.0, 0.0, 1.0]], [[0.8252250552177429, 0.013188112527132034,
        -0.5646500587463379, -148.05563997711687], [-0.5648040771484375, 0.019268982112407684,
        -0.8250000476837158, -216.32139164032785], [3.4679857208175235e-08, 0.9997273683547974,
        0.0233499463647604, 6.122565540424086], [0.0, 0.0, 0.0, 1.0]], [[0.8930031061172485,
        0.18395362794399261, 0.4107389450073242, 107.6989402002549], [0.4500504732131958,
        -0.3650059998035431, -0.8149999380111694, -213.69931416589966], [3.70895989476594e-08,
        0.9126507043838501, -0.4087398946285248, -107.17483017856655], [0.0, 0.0,
        0.0, 1.0]], [[0.9994210600852966, 0.020163320004940033, -0.02740422636270523,
        -7.185599139297959], [-0.03402280434966087, 0.5922983288764954, -0.8050001263618469,
        -211.07723669147143], [3.5970797451767567e-09, 0.8054664731025696, 0.5926414132118225,
        155.39520627979616], [0.0, 0.0, 0.0, 1.0]], [[0.8983871936798096, -0.2045571655035019,
        -0.3886603116989136, -101.90971790258503], [-0.4392043650150299, -0.41841959953308105,
        -0.7950000166893005, -208.45515921704322], [-9.155924374226743e-08, 0.8849191069602966,
        -0.4657452404499054, -122.12190144217065], [0.0, 0.0, 0.0, 1.0]], [[0.7876921892166138,
        -0.05089214816689491, 0.6139633655548096, 160.98593435843807], [0.6160690188407898,
        0.06506959348917007, -0.7849999666213989, -205.833081742615], [-7.182931582860874e-09,
        0.9965821504592896, 0.08260788768529892, 21.660429776834608], [0.0, 0.0, 0.0,
        1.0]], [[0.8310174942016602, 0.20076771080493927, -0.5187507271766663, -136.02043856557998],
      [-0.5562463402748108, 0.2999415993690491, -0.7750001549720764, -203.21100426818677],
      [-1.2104042212968125e-09, 0.9325918555259705, 0.36093297600746155, 94.63947831524005],
      [0.0, 0.0, 0.0, 1.0]], [[0.9833542108535767, 0.11416635662317276, 0.14135268330574036,
        37.06375927645251], [0.1816990226507187, -0.6178680658340454, -0.7650002241134644,
        -200.58892679375856], [-1.5154700605535254e-08, 0.7779498100280762, -0.6283270716667175,
        -164.75212598040696], [0.0, 0.0, 0.0, 1.0]], [[0.9180662631988525, -0.22554215788841248,
        0.32601383328437805, 85.48335062161169], [0.39642688632011414, 0.522322416305542,
        -0.7549999952316284, -197.96684931933035], [1.2596110821050388e-09, 0.8223807215690613,
        0.5689375996589661, 149.1798450063503], [0.0, 0.0, 0.0, 1.0]], [[0.7608005404472351,
        -0.13157808780670166, -0.6355074048042297, -166.63498937562213], [-0.6489856839179993,
        -0.15424767136573792, -0.744999885559082, -195.3447718449021], [1.6380283796024742e-09,
        0.9792315363883972, -0.20274397730827332, -53.16110653182434], [0.0, 0.0,
        0.0, 1.0]], [[0.7666578888893127, 0.1825985163450241, 0.6155432462692261,
        161.40022388807827], [0.642055869102478, -0.21803489327430725, -0.7350000143051147,
        -192.7226943704739], [-1.4841726070358163e-08, 0.9587067365646362, -0.28439661860466003,
        -74.57099719396041], [0.0, 0.0, 0.0, 1.0]], [[0.9388487935066223, 0.21877068281173706,
        -0.2658991515636444, -69.72081256891205], [-0.34432974457740784, 0.5964998006820679,
        -0.7250000238418579, -190.1006168960457], [3.2331239907534837e-08, 0.7722223401069641,
        0.635352373123169, 166.59431733859367], [0.0, 0.0, 0.0, 1.0]], [[0.9493635296821594,
        -0.20668773353099823, -0.23662018775939941, -62.0436665709131], [-0.31417977809906006,
        -0.6245524287223816, -0.7150000333786011, -187.47853942161746], [-9.72585567637907e-09,
        0.7531362175941467, -0.6578643918037415, -172.4971985680142], [0.0, 0.0, 0.0,
        1.0]], [[0.746821939945221, -0.21942147612571716, 0.6277828216552734, 164.60951764732616],
      [0.6650241017341614, 0.24641020596027374, -0.7049999833106995, -184.85646194718925],
      [5.314915085818939e-08, 0.9440001249313354, 0.3299451172351837, 86.51414910475931],
      [0.0, 0.0, 0.0, 1.0]], [[0.7069740295410156, 0.12961484491825104, -0.6952609419822693,
        -182.3027808020846], [-0.7072395086288452, 0.12956593930721283, -0.6950000524520874,
        -182.23438447276104], [-1.193125456211419e-07, 0.9830629825592041, 0.1832684725522995,
        48.05442796142249], [0.0, 0.0, 0.0, 1.0]], [[0.8668250441551208, 0.3055482506752014,
        0.3940235674381256, 103.31603652501474], [0.4986123740673065, -0.5311880707740784,
        -0.6850000619888306, -179.6123069983328], [1.670357718808191e-08, 0.7902402281761169,
        -0.6127972602844238, -160.6801748522107], [0.0, 0.0, 0.0, 1.0]], [[0.9832901358604431,
        -0.13237552344799042, 0.12496878951787949, 32.76777255106097], [0.18204526603221893,
        0.7150065898895264, -0.6750000715255737, -176.9902295239046], [-2.0611480522347847e-08,
        0.6864709258079529, 0.7271572947502136, 190.6662910798761], [0.0, 0.0, 0.0,
        1.0]], [[0.7477662563323975, -0.3036261796951294, -0.590471625328064, -154.8262455104752],
      [-0.6639620065689087, -0.34194913506507874, -0.6649999618530273, -174.36815204947638],
      [7.322221762251502e-08, 0.8893153071403503, -0.4572942554950714, -119.90614692758372],
      [0.0, 0.0, 0.0, 1.0]], [[0.6562785506248474, 0.0470733717083931, 0.753048837184906,
        197.45525950659083], [0.7545186877250671, -0.040944211184978485, -0.6549999713897705,
        -171.74607457504814], [6.967404431179602e-09, 0.9980518221855164, -0.06238851323723793,
        -16.358764632007293], [0.0, 0.0, 0.0, 1.0]], [[0.7791330218315125, 0.35164231061935425,
        -0.5189406275749207, -136.07024580270075], [-0.6268585920333862, 0.43706217408180237,
        -0.6449999213218689, -169.12399710061993], [3.500008105561392e-08, 0.8278431296348572,
        0.5609595775604248, 147.08794862578188], [0.0, 0.0, 0.0, 1.0]], [[0.9999824166297913,
        0.00458448426797986, 0.0037685278803110123, 0.9881373195202805], [0.005934584885835648,
        -0.7724891901016235, -0.6349999904632568, -166.50191962619175], [-2.8563099108147583e-10,
        0.6350111365318298, -0.7725027799606323, -202.55625678924238], [0.0, 0.0,
        0.0, 1.0]], [[0.7660124897956848, -0.37166497111320496, 0.524490237236023,
        137.52539136299774], [0.6428256630897522, 0.44288843870162964, -0.6250000596046448,
        -163.8798421517635], [-7.368244325789419e-08, 0.8159136176109314, 0.578173816204071,
        151.60167177774105], [0.0, 0.0, 0.0, 1.0]], [[0.6166347861289978, -0.05728709325194359,
        -0.7851622104644775, -205.8756188526897], [-0.7872493267059326, -0.044871579855680466,
        -0.6149999499320984, -161.2577646773353], [2.8868036849871714e-08, 0.9973487854003906,
        -0.07276857644319534, -19.08050608159351], [0.0, 0.0, 0.0, 1.0]], [[0.6902297735214233,
        0.34831199049949646, 0.6342410445213318, 166.30288201162278], [0.7235903143882751,
        -0.33225345611572266, -0.6050000786781311, -158.6356872029071], [-8.829448461256106e-08,
        0.8765196800231934, -0.48136642575263977, -126.21795830755711], [0.0, 0.0,
        0.0, 1.0]], [[0.9719952940940857, 0.18582576513290405, -0.14385370910167694,
        -37.71955609038883], [-0.23500022292137146, 0.7686025500297546, -0.5949999690055847,
        -156.01360972847888], [-1.0403753414323091e-09, 0.6121428608894348, 0.7907471656799316,
        207.3400383111579], [0.0, 0.0, 0.0, 1.0]], [[0.8044590353965759, -0.4077443778514862,
        -0.431960791349411, -113.26348617838069], [-0.5940080881118774, -0.5522039532661438,
        -0.5850000381469727, -153.39153225405065], [2.8763800230535708e-09, 0.7271968126296997,
        -0.686428964138031, -179.98700883817375], [0.0, 0.0, 0.0, 1.0]], [[0.5889350175857544,
        -0.1747673600912094, 0.7890576720237732, 206.89700311121882], [0.8081804513931274,
        0.12735582888126373, -0.574999988079071, -150.76945477962246], [4.906821260419747e-08,
        0.9763386249542236, 0.2162478268146515, 56.70189086873762], [0.0, 0.0, 0.0,
        1.0]], [[0.6099340319633484, 0.2985275685787201, -0.7340719699859619, -192.47938527959076],
      [-0.7924521565437317, 0.22977054119110107, -0.5649999976158142, -148.14737730519425],
      [-6.638805061243147e-09, 0.9263296723365784, 0.37671372294425964, 98.77724261702096],
      [0.0, 0.0, 0.0, 1.0]], [[0.8868467807769775, 0.3603973686695099, 0.2891652286052704,
        75.82134821253456], [0.46206361055374146, -0.6917172074317932, -0.5549998879432678,
        -145.52529983076602], [1.583853936892865e-08, 0.6258125901222229, -0.7799736857414246,
        -204.51506810853272], [0.0, 0.0, 0.0, 1.0]], [[0.8650131821632385, -0.38963618874549866,
        0.3161262571811676, 82.89072615645], [0.5017490983009338, 0.6717311143875122,
        -0.5450000166893005, -142.9032223563378], [-7.875946295143876e-08, 0.6300482749938965,
        0.7765558958053589, 203.61900544023393], [0.0, 0.0, 0.0, 1.0]], [[0.573880672454834,
        -0.2963050901889801, -0.7634555101394653, -200.18394972056106], [-0.8189389705657959,
        -0.2076391726732254, -0.5350000858306885, -140.2811448819096], [4.039981149617233e-08,
        0.9322496652603149, -0.3618159294128418, -94.87090957683024], [0.0, 0.0, 0.0,
        1.0]], [[0.5423271656036377, 0.21067753434181213, 0.8133241534233093, 213.25989193250203],
      [0.8401674032211304, -0.13599202036857605, -0.5249999761581421, -137.65906740748136],
      [-1.329198937582987e-07, 0.9680502414703369, -0.25075656175613403, -65.75030397251851],
      [0.0, 0.0, 0.0, 1.0]], [[0.765108585357666, 0.47619393467903137, -0.4334145486354828,
        -113.64464400957492], [-0.6439012885093689, 0.565832257270813, -0.5149999260902405,
        -135.03698993305315], [5.5432643364383694e-08, 0.6731070280075073, 0.7395450472831726,
        193.91443746352678], [0.0, 0.0, 0.0, 1.0]], [[0.9412350058555603, -0.285023033618927,
        -0.18121394515037537, -47.51570409766004], [-0.3377523124217987, -0.7942909598350525,
        -0.5049999356269836, -132.41491245862494], [-9.393318123329664e-09, 0.5365290641784668,
        -0.8438816666603088, -221.2723472142799], [0.0, 0.0, 0.0, 1.0]], [[0.5727991461753845,
        -0.4124605059623718, 0.7083624601364136, 185.73811935271206], [0.8196957111358643,
        0.288225382566452, -0.4949999749660492, -129.7928349841967], [-6.187303824845003e-08,
        0.8641772866249084, 0.5031874179840088, 131.93965978856136], [0.0, 0.0, 0.0,
        1.0]], [[0.4878615736961365, 0.09440848231315613, -0.8678008317947388, -227.54406954429388],
      [-0.8729211091995239, 0.05276315659284592, -0.4850001335144043, -127.17075750976849],
      [-5.340089614946919e-08, 0.9941345453262329, 0.10815217345952988, 28.358379161223805],
      [0.0, 0.0, 0.0, 1.0]], [[0.6399325132369995, 0.5149301290512085, 0.5703799724578857,
        149.55803906261144], [0.7684310674667358, -0.42882245779037476, -0.47499996423721313,
        -124.54868003534027], [-7.295430037856931e-08, 0.7422656416893005, -0.6701057553291321,
        -175.70692095714205], [0.0, 0.0, 0.0, 1.0]], [[0.9976015686988831, -0.06123838573694229,
        0.032263580709695816, 8.459759245450408], [0.06921761482954025, 0.8826006650924683,
        -0.4650000035762787, -121.92660256091206], [-5.283128157174133e-09, 0.4661179482936859,
        0.8847225904464722, 231.98111750851822], [0.0, 0.0, 0.0, 1.0]], [[0.5885263681411743,
        -0.512787938117981, -0.6250483393669128, -163.89246043781003], [-0.8084781169891357,
        -0.3732810616493225, -0.4549998641014099, -119.30452508648384], [-1.3091769801576447e-07,
        0.7731172442436218, -0.6342635750770569, -166.30873255655564], [0.0, 0.0,
        0.0, 1.0]], [[0.44546598196029663, -0.040941473096609116, 0.8943622708320618,
        234.5087099401088], [0.8952988982200623, 0.02037091739475727, -0.44499996304512024,
        -116.68244761205561], [-3.323646069475217e-08, 0.9989538788795471, 0.04572939872741699,
        11.990587997440667], [0.0, 0.0, 0.0, 1.0]], [[0.531018078327179, 0.48599061369895935,
        -0.6941418647766113, -182.00939294657394], [-0.8473604917526245, 0.30455726385116577,
        -0.43500009179115295, -114.0603701376274], [-3.7152361187509086e-09, 0.8191813230514526,
        0.5735346674919128, 150.38522421543155], [0.0, 0.0, 0.0, 1.0]], [[0.9593167901039124,
        0.25311335921287537, 0.1250797063112259, 32.79687130383241], [0.2823318839073181,
        -0.8600366115570068, -0.4250001609325409, -111.43829266319918], [-6.957183273925693e-08,
        0.44302380084991455, -0.8965095281600952, -235.07185067555318], [0.0, 0.0,
        0.0, 1.0]], [[0.6267346739768982, -0.5839261412620544, 0.5159785747528076,
        135.2935700403845], [0.7792327404022217, 0.4696502387523651, -0.41499993205070496,
        -108.816215188771], [-1.012404382549903e-07, 0.6621622443199158, 0.7493605017662048,
        196.48812696129298], [0.0, 0.0, 0.0, 1.0]], [[0.413790225982666, -0.18664872646331787,
        -0.8910330533981323, -233.6357700416832], [-0.910372257232666, -0.08483707904815674,
        -0.4049999713897705, -106.19413771434277], [6.406382624390972e-08, 0.9787567853927612,
        -0.20502455532550812, -53.75904473830854], [0.0, 0.0, 0.0, 1.0]], [[0.4430319368839264,
        0.405988872051239, 0.7993095517158508, 209.58514768685393], [0.8965058326721191,
        -0.20062999427318573, -0.3949998617172241, -103.57206023991455], [-7.91519738641e-08,
        0.8915832042694092, -0.4528568983078003, -118.74256619164703], [0.0, 0.0,
        0.0, 1.0]], [[0.8039491772651672, 0.5220717191696167, -0.28479260206222534,
        -74.6748122061225], [-0.5946980118751526, 0.7057685852050781, -0.3850000202655792,
        -100.94998276548634], [4.232014561011965e-08, 0.47888603806495667, 0.8778770565986633,
        230.18617730147676], [0.0, 0.0, 0.0, 1.0]], [[0.6980166435241699, -0.6039657592773438,
        -0.3847050964832306, -100.87267732195721], [-0.716081440448761, -0.5887287259101868,
        -0.37500014901161194, -98.32790529105812], [2.0837305214627122e-07, 0.5372365713119507,
        -0.8434311151504517, -221.15430999646276], [0.0, 0.0, 0.0, 1.0]], [[0.39181995391845703,
        -0.3345373570919037, 0.857065737247467, 224.72932053027407], [0.9200417995452881,
        0.1424703299999237, -0.36500000953674316, -95.70582781662989], [-1.7480549274750956e-07,
        0.9315506815910339, 0.3636111915111542, 95.34164795603999], [0.0, 0.0, 0.0,
        1.0]], [[0.37366634607315063, 0.28950414061546326, -0.8812268972396851, -231.06451351442098],
      [-0.9275631904602051, 0.11662580817937851, -0.35499995946884155, -93.08375034220168],
      [-1.2274925609290221e-07, 0.9500451683998108, 0.3121124804019928, 81.83830909551565],
      [0.0, 0.0, 0.0, 1.0]], [[0.6164111495018005, 0.6525395512580872, 0.44071468710899353,
        115.55881347032535], [0.7874245047569275, -0.5108205676078796, -0.3449999690055847,
        -90.46167286777346], [9.755783736409285e-09, 0.5596913695335388, -0.8287010788917542,
        -217.29185256316683], [0.0, 0.0, 0.0, 1.0]], [[0.8178362250328064, -0.5249595046043396,
        0.23571467399597168, 61.80622523227654], [0.5754510164260864, 0.7460771799087524,
        -0.3349999785423279, -87.83959539334523], [6.962834220303193e-08, 0.4096173644065857,
        0.9122574329376221, 239.20095907564638], [0.0, 0.0, 0.0, 1.0]], [[0.37923917174339294,
        -0.4768548309803009, -0.792961061000824, -207.92050375478286], [-0.9252987504005432,
        -0.19544187188148499, -0.3249998688697815, -85.21751791891703], [2.8207157498627566e-08,
        0.8569784760475159, -0.5153524279594421, -135.12935127919073], [0.0, 0.0,
        0.0, 1.0]], [[0.3189140260219574, 0.1480330377817154, 0.9361517429351807,
        245.4662462607921], [0.9477836489677429, -0.04981084167957306, -0.3150000274181366,
        -82.5954404444888], [1.0545380035864582e-07, 0.9877272248268127, -0.15618866682052612,
        -40.953851875685764], [0.0, 0.0, 0.0, 1.0]], [[0.4611944854259491, 0.6655614376068115,
        -0.5867943167686462, -153.86203654403073], [-0.8872990608215332, 0.3459411859512329,
        -0.30500003695487976, -79.97336297006058], [3.849314467174736e-08, 0.6613264083862305,
        0.7500982284545898, 196.68156432370785], [0.0, 0.0, 0.0, 1.0]], [[0.9697588086128235,
        -0.2324986755847931, -0.07424452155828476, -19.467485335134118], [-0.2440653145313263,
        -0.9238005876541138, -0.2950001060962677, -77.35128549563237], [6.413273467842373e-09,
        0.3041994571685791, -0.952608585357666, -249.78130127361027], [0.0, 0.0, 0.0,
        1.0]], [[0.3768845498561859, -0.6060899496078491, 0.7004376649856567, 183.660181010522],
      [0.9262601733207703, 0.2466111183166504, -0.2849998474121094, -74.72920802120417],
      [-1.3299930401444726e-07, 0.7561995983123779, 0.6543409824371338, 171.57326772765165],
      [0.0, 0.0, 0.0, 1.0]], [[0.27501198649406433, -0.009018534794449806, -0.9613985419273376,
        -252.0861261764212], [-0.9614408612251282, -0.002579802880063653, -0.2749999761581421,
        -72.10713054677596], [-4.047999979661654e-08, 0.9999560713768005, -0.009380325675010681,
        -2.4595797840659723], [0.0, 0.0, 0.0, 1.0]], [[0.34653589129447937, 0.6044449806213379,
        0.7173276543617249, 188.08887830899693], [0.9380366206169128, -0.22329804301261902,
        -0.2649998664855957, -69.48505307234774], [1.4887430666021828e-07, 0.7647116184234619,
        -0.6443722248077393, -168.9594746530508], [0.0, 0.0, 0.0, 1.0]], [[0.9383647441864014,
        0.33263930678367615, -0.09392941743135452, -24.628984265792244], [-0.3456467092037201,
        0.9030522108078003, -0.25500014424324036, -66.86297559791952], [9.699852654421193e-08,
        0.2717495262622833, 0.9623680114746094, 252.3403623031122], [0.0, 0.0, 0.0,
        1.0]], [[0.38778188824653625, -0.7144797444343567, -0.5823608040809631, -152.69948706558506],
      [-0.9217512607574463, -0.30058276653289795, -0.2449999898672104, -64.2408981234913],
      [-6.326473567241919e-09, 0.631798267364502, -0.7751331329345703, -203.24585230019574],
      [0.0, 0.0, 0.0, 1.0]], [[0.23884139955043793, -0.1734643131494522, 0.9554396271705627,
        250.5236625161738], [0.9710586071014404, 0.042665302753448486, -0.23499977588653564,
        -61.61882064906308], [-5.3323738313793e-08, 0.9839155673980713, 0.17863425612449646,
        46.83928138154334], [0.0, 0.0, 0.0, 1.0]], [[0.26247093081474304, 0.4968666732311249,
        -0.8271834254264832, -216.89392727939762], [-0.9649398326873779, 0.1351514756679535,
        -0.22500009834766388, -58.996743174634865], [-4.6386166019374286e-08, 0.8572382926940918,
        0.5149198770523071, 135.0159672895917], [0.0, 0.0, 0.0, 1.0]], [[0.633317232131958,
        0.7279326319694519, 0.2627227306365967, 68.88793857943851], [0.7738921642303467,
        -0.5957056879997253, -0.21499980986118317, -56.37466570020664], [1.1171307079393955e-07,
        0.3394821882247925, -0.9406120181083679, -246.63586885224947], [0.0, 0.0,
        0.0, 1.0]], [[0.4202624261379242, -0.7921268343925476, 0.4426223635673523,
        116.05900885145977], [0.9074026346206665, 0.3668725788593292, -0.20500001311302185,
        -53.752588225778425], [-3.906826862021262e-09, 0.4877904951572418, 0.8729607462882996,
        228.89706975513081], [0.0, 0.0, 0.0, 1.0]], [[0.20779049396514893, -0.33788639307022095,
        -0.9179628491401672, -240.696993995483], [-0.9781732559204102, -0.0717761442065239,
        -0.1950000524520874, -51.13051075135021], [-5.682853299049384e-08, 0.9384459257125854,
        -0.3454257845878601, -90.57334470407405], [0.0, 0.0, 0.0, 1.0]], [[0.19880081713199615,
        0.358782559633255, 0.9120051264762878, 239.13480891790206], [0.9800399541854858,
        -0.0727788507938385, -0.18500006198883057, -48.50843327692199], [-1.398021822751616e-07,
        0.9305796027183533, -0.36608973145484924, -95.99155110662298], [0.0, 0.0,
        0.0, 1.0]], [[0.3799959123134613, 0.8210597038269043, -0.42598602175712585,
        -111.69680363575455], [-0.9249882102012634, 0.3373009264469147, -0.1749999225139618,
        -45.88635580249377], [1.0610705913904894e-07, 0.4605312645435333, 0.8876434564590454,
        232.74700691472097], [0.0, 0.0, 0.0, 1.0]], [[0.4997408092021942, -0.8176007866859436,
        -0.2859860360622406, -74.98775905883124], [-0.8661749362945557, -0.4717157185077667,
        -0.16500011086463928, -43.26427832806555], [8.172722942845212e-08, 0.33017125725746155,
        -0.943920910358429, -247.5034162009181], [0.0, 0.0, 0.0, 1.0]], [[0.17941917479038239,
        -0.4954904615879059, 0.8498809933662415, 222.845424883807], [0.9837725758552551,
        0.09036704897880554, -0.1550000160932541, -40.64220085363736], [-5.780950118605688e-08,
        0.8638997077941895, 0.5036637187004089, 132.0644953693712], [0.0, 0.0, 0.0,
        1.0]], [[0.1480833888053894, 0.20077376067638397, -0.968380868434906, -253.91691955200497],
      [-0.9889750480651855, 0.030062459409236908, -0.1449999213218689, -38.020123379209146],
      [-1.0703988806426423e-07, 0.97917640209198, 0.20301181077957153, 53.23129720839897],
      [0.0, 0.0, 0.0, 1.0]], [[0.22753748297691345, 0.7838601469993591, 0.5777457356452942,
        151.4893858663131], [0.9737694263458252, -0.18316231667995453, -0.13499997556209564,
        -35.39804590478092], [6.312854594625605e-08, 0.5933086276054382, -0.8049753904342651,
        -211.0707159579672], [0.0, 0.0, 0.0, 1.0]], [[0.7274735569953918, -0.6759308576583862,
        0.11789707839488983, 30.913513994949852], [0.6861357092857361, 0.7166538834571838,
        -0.1249999850988388, -32.775968430352705], [-5.683680370793809e-08, 0.17182758450508118,
        0.9851270318031311, 258.3079428995073], [0.0, 0.0, 0.0, 1.0]], [[0.1509145349264145,
        -0.6401349902153015, -0.7532938718795776, -197.51951778787955], [-0.98854660987854,
        -0.0977245345711708, -0.11499998718500137, -30.153890955924485], [5.344134734741601e-08,
        0.7620214223861694, -0.6475512385368347, -169.79306750306475], [0.0, 0.0,
        0.0, 1.0]], [[0.10505180060863495, 0.031219594180583954, 0.9939765930175781,
        260.6283629616582], [0.9944667220115662, -0.0032979727257043123, -0.10499999672174454,
        -27.53181348149627], [7.48254365134926e-08, 0.9995070695877075, -0.03139328584074974,
        -8.231554250858037], [0.0, 0.0, 0.0, 1.0]], [[0.1321745663881302, 0.6891718506813049,
        -0.7124407887458801, -186.80751260274502], [-0.9912263751029968, 0.0918973982334137,
        -0.09499988704919815, -24.909736007068048], [1.4903849887559772e-07, 0.7187467217445374,
        0.695271909236908, 182.30568040045262], [0.0, 0.0, 0.0, 1.0]], [[0.8362663388252258,
        0.5454837679862976, 0.055732838809490204, 14.613582236029831], [0.5483235120773315,
        -0.8319354057312012, -0.08500014990568161, -22.28765853263983], [-8.244900584486459e-08,
        0.10164238512516022, -0.9948211312294006, -260.84977728647146], [0.0, 0.0,
        0.0, 1.0]], [[0.11795367300510406, -0.7664302587509155, 0.631404459476471,
        165.5591422467191], [0.9930191040039062, 0.09103880077600479, -0.07500003278255463,
        -19.66558105821161], [-1.4318555230374841e-08, 0.6358432173728943, 0.771818220615387,
        202.3767233631676], [0.0, 0.0, 0.0, 1.0]], [[0.0656721368432045, -0.14239944517612457,
        -0.9876282811164856, -258.96377920143664], [-0.9978412985801697, -0.009372025728225708,
        -0.0650000125169754, -17.043503583783394], [-7.028004489484374e-08, 0.989764928817749,
        -0.14270757138729095, -37.41901744217348], [0.0, 0.0, 0.0, 1.0]], [[0.06650785356760025,
        0.560998797416687, 0.8251404762268066, 216.3582624796753], [0.997785747051239,
        -0.0373932421207428, -0.055000096559524536, -14.421426109355176], [-1.9325824496263522e-07,
        0.8269714713096619, -0.5622434616088867, -147.42465039737036], [0.0, 0.0,
        0.0, 1.0]], [[0.19301602244377136, 0.9541564583778381, -0.2287575602531433,
        -59.981988170351904], [-0.9811955094337463, 0.18769711256027222, -0.04499978944659233,
        -11.799348634926957], [2.620497241423436e-07, 0.23314160108566284, 0.9724428057670593,
        254.98203718293914], [0.0, 0.0, 0.0, 1.0]], [[0.07148028910160065, -0.8696913719177246,
        -0.4883926212787628, -128.06033724154537], [-0.9974419474601746, -0.06232495978474617,
        -0.03500014543533325, -9.177271160498767], [2.3655753977891436e-07, 0.4896451234817505,
        -0.8719216585159302, -228.6246498929345], [0.0, 0.0, 0.0, 1.0]], [[0.026323655620217323,
        -0.31300896406173706, 0.9493853449821472, 248.93617800738366], [0.9996535181999207,
        0.0082422886043787, -0.02500002086162567, -6.555193686070548], [8.242547266945621e-08,
        0.9497144222259521, 0.31311744451522827, 82.10183636102688], [0.0, 0.0, 0.0,
        1.0]], [[0.01644974946975708, 0.410444051027298, -0.9117375016212463, -239.06461236053354],
      [-0.9998647570610046, 0.006752542685717344, -0.014999973587691784, -3.933116211642329],
      [-1.9344923885000753e-08, 0.9118608832359314, 0.4104995131492615, 107.63616740116713],
      [0.0, 0.0, 0.0, 1.0]], [[0.012656087055802345, 0.9185776114463806, 0.39503785967826843,
        103.58197758822638], [0.9999198913574219, -0.011626445688307285, -0.005000109318643808,
        -1.3110387372141106], [-9.272467593746114e-08, 0.39506950974464417, -0.9186511635780334,
        -240.87747490244956], [0.0, 0.0, 0.0, 1.0]], [[-0.015184342861175537, -0.9441202878952026,
        0.32925140857696533, 86.33226979946379], [0.9998847842216492, -0.014337517321109772,
        0.004999971482902765, 1.3110387372141081], [4.519928609170165e-08, 0.32928937673568726,
        0.9442290663719177, 247.58417394441966], [0.0, 0.0, 0.0, 1.0]], [[-0.01703304797410965,
        -0.47372275590896606, -0.8805091977119446, -230.87634376072046], [-0.9998548626899719,
        0.008070305921137333, 0.014999930746853352, 3.9331162116423273], [1.1681671452379305e-07,
        0.880636990070343, -0.4737914502620697, -124.23182888288282], [0.0, 0.0, 0.0,
        1.0]], [[-0.02578846551477909, 0.24528566002845764, 0.9691078662872314, 254.10757701119107],
      [0.9996675252914429, 0.006327512674033642, 0.025000030174851418, 6.555193686070546],
      [1.5205905867787806e-08, 0.9694302678108215, -0.2453673630952835, -64.33717090670253],
      [0.0, 0.0, 0.0, 1.0]], [[-0.06365980952978134, 0.8336037993431091, -0.5486819744110107,
        -143.86867741244274], [-0.9979715347290039, -0.05317484587430954, 0.03500012680888176,
        9.177271160498764], [1.0460197330530718e-07, 0.5497971773147583, 0.8352981805801392,
        219.0216522919131], [0.0, 0.0, 0.0, 1.0]], [[-0.2713887691497803, -0.9491463899612427,
        -0.15959079563617706, -41.84594611957159], [-0.9624698162078857, 0.26763197779655457,
        0.04499999061226845, 11.799348634926982], [2.3080712452383523e-08, 0.16581381857395172,
        -0.9861570596694946, -258.5780249444796], [0.0, 0.0, 0.0, 1.0]], [[-0.07003214210271835,
        -0.6175291538238525, 0.7834240198135376, 205.41984875760213], [0.9975447058677673,
        -0.043353352695703506, 0.05499989166855812, 14.4214261093552], [2.889819938900473e-08,
        0.7853522896766663, 0.619049072265625, 162.31947210490435], [0.0, 0.0, 0.0,
        1.0]], [[-0.06517231464385986, 0.07252946496009827, -0.9952345490455627, -260.9582394537076],
      [-0.9978739023208618, -0.004736918490380049, 0.065000019967556, 17.043503583783423],
      [-1.7069048396933795e-08, 0.9973549246788025, 0.07268407940864563, 19.058307003757836],
      [0.0, 0.0, 0.0, 1.0]], [[-0.10895230621099472, 0.721037745475769, 0.6842761635780334,
        179.42252103385744], [0.9940469264984131, 0.07902928441762924, 0.07499996572732925,
        19.66558105821164], [-1.7056255074976434e-08, 0.6883740425109863, -0.7253557443618774,
        -190.19391863710163], [0.0, 0.0, 0.0, 1.0]], [[-0.9856030344963074, 0.16844618320465088,
        -0.014581337571144104, -3.8233572644954887], [-0.1690761148929596, -0.9819309711456299,
        0.08499979972839355, 22.28765853263986], [2.571754897928713e-08, 0.08624140918254852,
        0.9962742924690247, 261.23082711540576], [0.0, 0.0, 0.0, 1.0]], [[-0.14212897419929504,
        -0.7362450957298279, -0.66162109375, -173.48217919939964], [-0.9898480772972107,
        0.1057150810956955, 0.09499993175268173, 24.909736007068076], [6.615078973482014e-08,
        0.6684066653251648, -0.7437959313392639, -195.02907827122627], [0.0, 0.0,
        0.0, 1.0]], [[-0.10554435849189758, -0.10086432844400406, 0.989285945892334,
        259.39845158595267], [0.9944145679473877, -0.010705443099141121, 0.10500004887580872,
        27.531813481496297], [1.5685317933389342e-08, 0.994842529296875, 0.10143090039491653,
        26.595965488562168], [0.0, 0.0, 0.0, 1.0]], [[-0.142795130610466, 0.5867257714271545,
        -0.7970961928367615, -209.0048049583135], [-0.9897522330284119, -0.08464901149272919,
        0.11499998718500137, 30.153890955924517], [4.105440609691868e-08, 0.8053492307662964,
        0.5928006768226624, 155.43692348857806], [0.0, 0.0, 0.0, 1.0]], [[-0.5555306673049927,
        0.8101733326911926, 0.18709492683410645, 49.05773804734385], [0.8314958214759827,
        0.5412851572036743, 0.12499988824129105, 32.775968430352734], [-1.0804232175587458e-07,
        0.2250099629163742, -0.9743562340736389, -255.48380976134135], [0.0, 0.0,
        0.0, 1.0]], [[-0.25150108337402344, -0.8166045546531677, 0.5195228457450867,
        136.22292665473606], [0.9678568840026855, -0.21219754219055176, 0.13500000536441803,
        35.39804590478095], [-9.670227996139147e-08, 0.5367764830589294, 0.8437244892120361,
        221.23109053381253], [0.0, 0.0, 0.0, 1.0]], [[-0.15062882006168365, -0.2677265703678131,
        -0.9516476988792419, -249.52941201341127], [-0.9885903596878052, 0.04079291224479675,
        0.14499996602535248, 38.020123379209174], [1.1631680507662168e-07, 0.9626309871673584,
        -0.27081647515296936, -71.01017939358748], [0.0, 0.0, 0.0, 1.0]], [[-0.1728384792804718,
        0.4357987344264984, 0.8832926750183105, 231.60622137888748], [0.9849500060081482,
        0.07647410780191422, 0.1549997627735138, 40.64220085363739], [-1.9286163421838864e-07,
        0.8967892527580261, -0.44245752692222595, -116.01582886574096], [0.0, 0.0,
        0.0, 1.0]], [[-0.42457374930381775, 0.8342258930206299, -0.3518584370613098,
        -92.26003045429545], [-0.9053933620452881, -0.3912005126476288, 0.1650000661611557,
        43.26427832806555], [1.3362426898311242e-07, 0.38862496614456177, 0.921396017074585,
        241.5971684858138], [0.0, 0.0, 0.0, 1.0]], [[-0.4349340796470642, -0.8243566751480103,
        -0.36230969429016113, -95.00041020490126], [-0.9004622101783752, 0.39817434549331665,
        0.17499978840351105, 45.88635580249377], [1.6412619174843712e-07, 0.40235957503318787,
        -0.9154816269874573, -240.04638558225778], [0.0, 0.0, 0.0, 1.0]], [[-0.20485879480838776,
        -0.420401930809021, 0.8839091062545776, 231.76778526962684], [0.9787916541099548,
        -0.08798909187316895, 0.18500007688999176, 48.50843327692199], [-9.895254038383428e-08,
        0.9030616283416748, 0.42951110005378723, 112.62117221583648], [0.0, 0.0, 0.0,
        1.0]], [[-0.20311355590820312, 0.2739790678024292, -0.9400427937507629, -246.48650407949393],
      [-0.9791552424430847, -0.05683346837759018, 0.19500017166137695, 51.13051075135021],
      [1.0057555499543014e-07, 0.9600549340248108, 0.2798116207122803, 73.36877398467436],
      [0.0, 0.0, 0.0, 1.0]], [[-0.37735000252723694, 0.7774947285652161, 0.5030989646911621,
        131.9164622365771], [0.926070511341095, 0.31680944561958313, 0.20499998331069946,
        53.752588225778425], [-3.478134757983753e-08, 0.5432619452476501, -0.8395629525184631,
        -220.13997608125192], [0.0, 0.0, 0.0, 1.0]], [[-0.7394910454750061, -0.6440869569778442,
        0.19571678340435028, 51.31845577742052], [0.6731664538383484, -0.7075464725494385,
        0.2150000035762787, 56.37466570020664], [1.6896930077336947e-08, 0.2907405197620392,
        0.9568019509315491, 250.88088006631637], [0.0, 0.0, 0.0, 1.0]], [[-0.27430209517478943,
        -0.550047755241394, -0.7887999415397644, -206.82949681695263], [-0.9616432785987854,
        0.15689773857593536, 0.2249998152256012, 58.996743174634865], [1.2904759216780803e-07,
        0.8202623128890991, -0.571986973285675, -149.97948646488595], [0.0, 0.0, 0.0,
        1.0]], [[-0.23645593225955963, 0.10765013098716736, 0.965660572052002, 253.20366031136962],
      [0.9716423749923706, 0.02619723603129387, 0.23500008881092072, 61.61882064906308],
      [1.9396217965095275e-08, 0.9938437342643738, -0.11079207807779312, -29.05047617134184],
      [0.0, 0.0, 0.0, 1.0]], [[-0.3596731424331665, 0.6831270456314087, -0.6355884671211243,
        -166.65620954337138], [-0.933078408241272, -0.263324499130249, 0.244999960064888,
        64.2408981234913], [1.1027859159185027e-07, 0.6811737418174744, 0.7321217656135559,
        191.96801204357365], [0.0, 0.0, 0.0, 1.0]], [[-0.9949169754981995, -0.0973341315984726,
        -0.025809133425354958, -6.767355797666266], [-0.10069778561592102, 0.9616833329200745,
        0.2550002634525299, 66.86297559791952], [-1.6981221762080168e-08, 0.2563030421733856,
        -0.9665963649749756, -253.44910378365586], [0.0, 0.0, 0.0, 1.0]], [[-0.36775752902030945,
        -0.6447781324386597, 0.6700863242149353, 175.70180408748064], [0.9299218058586121,
        -0.254991352558136, 0.26499998569488525, 69.48505307234774], [-1.1130190102903725e-08,
        0.7205835580825806, 0.693368136882782, 181.80650774649442], [0.0, 0.0, 0.0,
        1.0]], [[-0.2754707932472229, -0.056199029088020325, -0.9596648812294006,
        -251.63165484855273], [-0.961309015750885, 0.01610468327999115, 0.2749999761581421,
        72.10713054677596], [5.5964648026929353e-08, 0.9982893466949463, -0.05846061557531357,
        -15.328888463537771], [0.0, 0.0, 0.0, 1.0]], [[-0.3573606610298157, 0.5634632706642151,
        0.7448505163192749, 195.30556981932207], [0.933966338634491, 0.21559642255306244,
        0.28499987721443176, 74.72920802120417], [-7.66386207828873e-08, 0.7975131273269653,
        -0.6033013463020325, -158.1903368891793], [0.0, 0.0, 0.0, 1.0]], [[-0.9019312858581543,
        0.40812504291534424, -0.14125724136829376, -37.03874700992186], [-0.4318792223930359,
        -0.8523232936859131, 0.29500001668930054, 77.3512854956324], [3.215524557731442e-08,
        0.3270758390426636, 0.9449980854988098, 247.78582015754395], [0.0, 0.0, 0.0,
        1.0]], [[-0.49707216024398804, -0.6851625442504883, -0.5324201583862305, -139.60468818538902],
      [-0.8677090406417847, 0.39249956607818604, 0.30500003695487976, 79.97336297006062],
      [1.279155625866224e-08, 0.6135928630828857, -0.7896223068237305, -207.04515225176795],
