{cam2Pos: [[[0.9750000238418579, 2.094130202578981e-08, 0.22220481932163239, 37.80392871780355],
      [0.22220481932163239, -7.339708929521294e-08, -0.9750000834465027, -165.8776969506954],
      [-2.094130202578981e-08, 1.0000001192092896, -7.810925239937205e-08, 0.0], [
        0.0, 0.0, 0.0, 1.0]], [[-1.0333834642162202e-08, 0.9750001331644944, 0.2222048003251634,
        37.80392871780355], [-4.889998049183503e-08, 0.22220481261173775, -0.9750000877758439,
        -165.8776969506954], [-1.0000000141106904, -4.108579492121926e-09, 5.8625694465685996e-08,
        0.0], [0.0, 0.0, 0.0, 1.0]], [[-0.9750000036739885, 1.2929572135555138e-08,
        0.22220493364173663, 37.80392871780355], [-0.22220490781507524, -7.522298193324945e-08,
        -0.9750000573926741, -165.8776969506954], [2.0941301903325138e-08, -1.00000011920929,
        7.81092523993721e-08, 0.0], [0.0, 0.0, 0.0, 1.0]], [[3.0501703961183235e-08,
        -0.9750000992936203, 0.2222049526382056, 37.80392871780355], [-3.959346238725453e-08,
        -0.222204961231809, -0.9750000530633329, -165.8776969506954], [1.0000000141106904,
        4.108579048032663e-09, -5.862569446568596e-08, 0.0], [0.0, 0.0, 0.0, 1.0]],
    [[0.9570608735084534, 0.0744035542011261, -0.28017592430114746, -47.666600885876534],
      [-0.2898869216442108, 0.24564315378665924, -0.9249999523162842, -157.37114838912126],
      [-6.763461790626479e-09, 0.9665006399154663, 0.25666406750679016, 43.666511045001556],
      [0.0, 0.0, 0.0, 1.0]], [[-0.07440356743003002, 0.9570608667680184, -0.2801759128920416,
        -47.666600885876534], [-0.2456431504255194, -0.289886929919704, -0.9249999471716374,
        -157.37114838912126], [-0.9665006439438265, 9.966529920801825e-09, 0.2566640985019909,
        43.666511045001556], [0.0, 0.0, 0.0, 1.0]], [[-0.9570608695092514, -0.07440355795569546,
        -0.2801758829010348, -47.666600885876534], [0.28988693484756495, -0.24564316618235987,
        -0.9249999587840538, -157.37114838912126], [3.0998650245238244e-09, -0.9665006364759731,
        0.2566640893899741, 43.666511045001556], [0.0, 0.0, 0.0, 1.0]], [[0.07440357142923192,
        -0.9570608705225878, -0.28017589431014067, -47.666600885876534], [0.2456431636288735,
        0.2898869175240034, -0.9249999639287008, -157.37114838912126], [0.9665006402802299,
        -6.527036855441537e-09, 0.2566640583947734, 43.666511045001556], [0.0, 0.0,
        0.0, 1.0]], [[0.9988321661949158, 0.023300694301724434, 0.042324792593717575,
        7.200758817784644], [0.04831470176577568, -0.4817057251930237, -0.8749997615814209,
        -148.86459982754715], [2.281927979908005e-09, 0.8760228157043457, -0.48226892948150635,
        -82.04893273406948], [0.0, 0.0, 0.0, 1.0]], [[-0.02330069194099784, 0.9988318075276037,
        0.04232493118350861, 7.200758817784644], [0.4817060181208594, 0.048314821166866195,
        -0.8749996792283353, -148.86459982754715], [-0.8760230570558979, 5.863059324151543e-08,
        -0.4822690667350585, -82.04893273406948], [0.0, 0.0, 0.0, 1.0]], [[-0.9988321658979573,
        -0.023300706434009475, 0.0423247713702912, 7.200758817784644], [-0.04831470790494323,
        0.4817059760093364, -0.874999618199972, -148.86459982754715], [-5.665621372914942e-09,
        -0.8760226774632145, -0.4822691914867033, -82.04893273406948], [0.0, 0.0,
        0.0, 1.0]], [[0.02330069223795605, -0.9988318196598888, 0.04232463278050008,
        7.200758817784644], [-0.48170602426002695, -0.04831457035055342, -0.8749997005530576,
        -148.86459982754715], [0.8760230536722047, 7.961053777316707e-08, -0.48226905423315114,
        -82.04893273406948], [0.0, 0.0, 0.0, 1.0]], [[0.9230376482009888, -0.17253823578357697,
        0.3438488245010376, 58.4993155313699], [0.38470956683158875, 0.41397276520729065,
        -0.8250001072883606, -140.35805126597302], [-1.67351181801223e-08, 0.8937880992889404,
        0.44848957657814026, 76.3019980036383], [0.0, 0.0, 0.0, 1.0]], [[0.17253825463347866,
        0.9230378046768433, 0.34384853166170554, 58.4993155313699], [-0.4139728602302891,
        0.38470933275467845, -0.8250001497947553, -140.35805126597302], [-0.8937879907947676,
        1.4332148065565598e-07, 0.44848972290177597, 76.3019980036383], [0.0, 0.0,
        0.0, 1.0]], [[-0.9230377118704935, 0.1725383912840793, 0.34384863331502236,
        58.4993155313699], [-0.3847094140686456, -0.4139731383013562, -0.8249999681461204,
        -140.35805126597302], [-6.631047618368957e-08, -0.8937878964660714, 0.44848997910999383,
        76.3019980036383], [0.0, 0.0, 0.0, 1.0]], [[-0.1725383183029835, -0.923037649176341,
        0.3438489261543543, 58.4993155313699], [0.41397301299323236, -0.38470970584874403,
        -0.8249999256397258, -140.35805126597302], [0.8937879077491733, 5.950138826094076e-08,
        0.44848983278635823, 76.3019980036383], [0.0, 0.0, 0.0, 1.0]], [[0.7797383069992065,
        -0.06891943514347076, -0.6223008036613464, -105.87263070977227], [-0.626105546951294,
        -0.08583081513643265, -0.7749999761581421, -131.8515027043989], [-8.171074483698249e-09,
        0.9939231872558594, -0.1100764200091362, -18.727377642146926], [0.0, 0.0,
        0.0, 1.0]], [[0.0689192959764494, 0.7797382975208643, -0.62230091260885, -105.87263070977227],
      [0.0858306136199267, -0.6261056675287235, -0.7749999218661614, -131.8515027043989],
      [-0.9939231457878951, -3.700550758878318e-08, -0.11007618633629401, -18.727377642146926],
      [0.0, 0.0, 0.0, 1.0]], [[-0.7797383914420098, 0.06891922310428, -0.6223007374886543,
        -105.87263070977227], [0.6261054417880391, 0.08583055106737375, -0.7750000792734775,
        -131.8515027043989], [-6.765668510830682e-09, -0.9939232247626067, -0.11007606811603846,
        -18.727377642146926], [0.0, 0.0, 0.0, 1.0]], [[-0.0689193804192527, -0.7797385095600551,
        -0.6223006285411508, -105.87263070977227], [-0.0858307187831815, 0.6261054034596648,
        -0.7750001335654582, -131.8515027043989], [0.9939231308511521, -5.012399367093634e-10,
        -0.11007630178888068, -18.727377642146926], [0.0, 0.0, 0.0, 1.0]], [[0.7802723050117493,
        0.23120690882205963, 0.5811355710029602, 98.86914741123816], [0.6254400014877319,
        -0.2884441316127777, -0.7250001430511475, -123.34495414282478], [2.745075278198783e-09,
        0.9291629195213318, -0.3696710169315338, -62.89245860869826], [0.0, 0.0, 0.0,
        1.0]], [[-0.23120696446012043, 0.7802725607330896, 0.581135547033373, 98.86914741123816],
      [0.2884439645938328, 0.62543993614841, -0.725000231162909, -123.34495414282478],
      [-0.9291627867622823, 7.797612069926352e-08, -0.3696708818074075, -62.89245860869826],
      [0.0, 0.0, 0.0, 1.0]], [[-0.7802723796822569, -0.23120678803457484, 0.581135677570713,
        98.86914741123816], [-0.6254399083319735, 0.2884439809234358, -0.7250001614983395,
        -123.34495414282478], [4.475418952873912e-08, -0.9291629963564418, -0.36967081322458395,
        -62.89245860869826], [0.0, 0.0, 0.0, 1.0]], [[0.23120688978961285, -0.7802724399456049,
        0.5811357015403005, 98.86914741123816], [-0.28844387143807443, -0.6254400868377519,
        -0.7250000733865778, -123.34495414282478], [0.9291628342615473, -1.5481123091798388e-07,
        -0.3696709483487101, -62.89245860869826], [0.0, 0.0, 0.0, 1.0]], [[0.9620180130004883,
        0.19450847804546356, -0.19154061377048492, -32.58699825500673], [-0.2729859948158264,
        0.685458779335022, -0.6749998331069946, -114.83840558125064], [-2.7439771344006658e-08,
        0.7016499042510986, 0.7125217914581299, 121.22200922461182], [0.0, 0.0, 0.0,
        1.0]], [[-0.19450845720145277, 0.9620179749345974, -0.19154046828384336, -32.58699825500673],
      [-0.685458682163745, -0.272985879190332, -0.6750000100292255, -114.83840558125064],
      [-0.7016501021352789, -1.2061766657689432e-07, 0.7125216629625369, 121.22200922461182],
      [0.0, 0.0, 0.0, 1.0]], [[-0.96201799893517, -0.1945084114415711, -0.19154068107929784,
        -32.58699825500673], [0.2729860443827942, -0.685458544619178, -0.6750000890794843,
        -114.83840558125064], [-2.488251072382456e-08, -0.7016501520142578, 0.7125215308712534,
        121.22200922461182], [0.0, 0.0, 0.0, 1.0]], [[0.19450847126677082, -0.9620179083307051,
        -0.19154082656593924, -32.58699825500673], [0.6854587317307128, 0.272986113906176,
        -0.6749999121572535, -114.83840558125064], [0.7016500498129968, -1.2714549268988407e-07,
        0.7125216593668464, 121.22200922461182], [0.0, 0.0, 0.0, 1.0]], [[0.8666542768478394,
        -0.3456264138221741, -0.35979539155960083, -61.21234609479339], [-0.4989091455936432,
        -0.6003868579864502, -0.625, -106.3318570196765], [4.164597200428943e-08,
        0.7211641669273376, -0.6927639842033386, -117.86064754822033], [0.0, 0.0,
        0.0, 1.0]], [[0.3456264473912735, 0.8666541781041086, -0.359795230072084,
        -61.21234609479339], [0.6003870873791499, -0.4989090983426626, -0.6249999475668352,
        -106.3318570196765], [-0.7211641112172046, 1.5201440284329237e-07, -0.6927641153781275,
        -117.86064754822033], [0.0, 0.0, 0.0, 1.0]], [[-0.8666542323847468, 0.3456265089902426,
        -0.35979534838014715, -61.21234609479339], [0.49890922283040207, 0.6003870233027317,
        -0.6249997884979739, -106.3318570196765], [4.396500708775054e-08, -0.7211639836870134,
        -0.6927641974426121, -117.86064754822033], [0.0, 0.0, 0.0, 1.0]], [[-0.34562640292818114,
        -0.8666540829360401, -0.35979550986766384, -61.21234609479339], [-0.6003870101423912,
        0.4989092636589444, -0.6249998409311388, -106.3318570196765], [0.7211641968281838,
        3.1225921404143264e-08, -0.6927640662678234, -117.86064754822033], [0.0, 0.0,
        0.0, 1.0]], [[0.5990782976150513, -0.22472035884857178, 0.7685089111328125,
        130.7471690202187], [0.8006904721260071, 0.16813620924949646, -0.574999988079071,
        -97.8253084581024], [4.23183443842845e-08, 0.9598077535629272, 0.28065821528434753,
        47.74865642552666], [0.0, 0.0, 0.0, 1.0]], [[0.2247203958168775, 0.5990782836617418,
        0.7685089052015516, 130.7471690202187], [-0.16813622271590156, 0.8006904260613054,
        -0.5749999953722386, -97.8253084581024], [-0.959807789685754, 3.528054594303942e-08,
        0.28065821658363443, 47.74865642552666], [0.0, 0.0, 0.0, 1.0]], [[-0.5990782882186906,
        0.22472038943847922, 0.7685089039017541, 130.7471690202187], [-0.8006904791563841,
        -0.16813623213692977, -0.5749999927090679, -97.8253084581024], [-3.888680864691926e-08,
        -0.9598077423915421, 0.2806582255989738, 47.74865642552666], [0.0, 0.0, 0.0,
        1.0]], [[-0.22472038642051695, -0.5990782530718344, 0.768508909833015, 130.7471690202187],
      [0.16813621568552461, -0.8006904489487386, -0.5749999854159002, -97.8253084581024],
      [0.9598077931172898, -2.4109160903784677e-08, 0.28065822429968684, 47.74865642552666],
      [0.0, 0.0, 0.0, 1.0]], [[0.5550843477249146, 0.2701197564601898, -0.7867125868797302,
        -133.84417206756535], [-0.8317940831184387, 0.1802600622177124, -0.5249999761581421,
        -89.31875989652829], [1.7242527405869623e-08, 0.9458021521568298, 0.3247435390949249,
        55.248928553065994], [0.0, 0.0, 0.0, 1.0]], [[-0.2701197755743168, 0.5550844374049008,
        -0.786712551227807, -133.84417206756535], [-0.18026008934586812, -0.8317940557831732,
        -0.5250000247207431, -89.31875989652829], [-0.9458021129352261, -2.6219916904324236e-08,
        0.3247435469548209, 55.248928553065994], [0.0, 0.0, 0.0, 1.0]], [[-0.5550844586782117,
        -0.27011971161681364, -0.7867125628717513, -133.84417206756535], [0.831794009075536,
        -0.18026003229220522, -0.5250000424819525, -89.31875989652829], [2.855738074146925e-08,
        -0.9458021706675228, 0.3247434900327531, 55.248928553065994], [0.0, 0.0, 0.0,
        1.0]], [[0.27011966462101955, -0.5550843925615246, -0.7867125985236743, -133.84417206756535],
      [0.1802600153029655, 0.8317940857086805, -0.5249999939193517, -89.31875989652829],
      [0.9458021587351345, 7.709223787122355e-09, 0.32474348217285715, 55.248928553065994],
      [0.0, 0.0, 0.0, 1.0]], [[0.7865079641342163, 0.49223196506500244, 0.37297847867012024,
        63.45518680673237], [0.6175801753997803, -0.6268733143806458, -0.4750001132488251,
        -80.81221133495416], [-3.6484767207412006e-08, 0.6039354801177979, -0.7970335483551025,
        -135.60004844632215], [0.0, 0.0, 0.0, 1.0]], [[-0.49223198973614074, 0.7865082771180932,
        0.37297852349684024, 63.45518680673237], [0.6268730336819104, 0.6175801598854785,
        -0.47500020192686265, -80.81221133495416], [-0.6039353596339699, 1.1487011952748816e-08,
        -0.7970334745294931, -135.60004844632215], [0.0, 0.0, 0.0, 1.0]], [[-0.7865079856811655,
        -0.49223192255631015, 0.3729786292433531, 63.45518680673237], [-0.6175801479590505,
        0.6268732602444658, -0.47500013866311264, -80.81221133495416], [8.252934624332641e-08,
        -0.6039355709564038, -0.7970334627471877, -135.60004844632215], [0.0, 0.0,
        0.0, 1.0]], [[0.49223196818919146, -0.786508234609401, 0.37297858441663323,
        63.45518680673237], [-0.6268730062411807, -0.6175802140216584, -0.4750000499850751,
        -80.81221133495416], [0.6039354056785492, -1.0232561775680438e-07, -0.797033536572797,
        -135.60004844632215], [0.0, 0.0, 0.0, 1.0]], [[0.8432521224021912, -0.4642561078071594,
        0.27090975642204285, 46.090141216350226], [0.5375182032585144, 0.7283194065093994,
        -0.42500001192092896, -72.30566277338004], [2.7246731093555354e-08, 0.5040010809898376,
        0.8637030124664307, 146.942632975344], [0.0, 0.0, 0.0, 1.0]], [[0.46425611043394804,
        0.8432521257080834, 0.27090975189461153, 46.090141216350226], [-0.7283194026843952,
        0.5375182170514596, -0.42499999467372884, -72.30566277338004], [-0.5040010638562678,
        1.8857874706235123e-09, 0.8637030223732913, 146.942632975344], [0.0, 0.0,
        0.0, 1.0]], [[-0.8432521113612529, 0.46425610428901287, 0.27090977100148594,
        46.090141216350226], [-0.5375182205794058, -0.728319400990173, -0.42499998807950756,
        -72.30566277338004], [7.953518712873809e-09, -0.504001092206243, 0.8637030196250147,
        146.942632975344], [0.0, 0.0, 0.0, 1.0]], [[-0.46425609939300994, -0.84325212922623,
        0.27090977552891726, 46.090141216350226], [0.7283193853635039, -0.5375182115322332,
        -0.42500000532670756, -72.30566277338004], [0.5040010990565175, -1.3102192997216378e-08,
        0.863703009718154, 146.942632975344], [0.0, 0.0, 0.0, 1.0]], [[0.42353424429893494,
        -0.4210686683654785, -0.8020722270011902, -136.457332268171], [-0.9058800935745239,
        -0.19686590135097504, -0.375, -63.7991142118059], [3.289957462015991e-08,
        0.8854066133499146, -0.4648171365261078, -79.07981327880356], [0.0, 0.0, 0.0,
        1.0]], [[0.42106876114793484, 0.4235342086815945, -0.802072139648071, -136.457332268171],
      [0.19686602198915068, -0.9058800426292758, -0.3750000588329497, -63.7991142118059],
      [-0.8854066115632806, 1.0633387809155792e-07, -0.464817239794985, -79.07981327880356],
      [0.0, 0.0, 0.0, 1.0]], [[-0.423534167446225, 0.42106878479294674, -0.8020721510273289,
        -136.457332268171], [0.9058801295061576, 0.19686595578534802, -0.37499993540061005,
        -63.7991142118059], [1.1638141560815154e-08, -0.8854065458778173, -0.4648173197406816,
        -79.07981327880356], [0.0, 0.0, 0.0, 1.0]], [[-0.42106868429522515, -0.4235340922541263,
        -0.8020722383804482, -136.457332268171], [-0.1968659860575171, 0.9058800970636489,
        -0.3749998765676602, -63.7991142118059], [0.8854066561009969, -3.886178090439785e-08,
        -0.46481721647180424, -79.07981327880356], [0.0, 0.0, 0.0, 1.0]], [[0.33191514015197754,
        0.19155137240886688, 0.9236560463905334, 157.14248694978002], [0.9433093070983887,
        -0.06740005314350128, -0.32499992847442627, -55.292565650231786], [2.1717818299293867e-07,
        0.9791656732559204, -0.20306332409381866, -34.547334936584186], [0.0, 0.0,
        0.0, 1.0]], [[-0.1915514668440211, 0.33191540169576084, 0.9236559782175093,
        157.14248694978002], [0.06739999715773592, 0.9433092161297209, -0.32500014903227226,
        -55.292565650231786], [-0.9791656576155218, 2.4569840479521377e-07, -0.2030632811865836,
        -34.547334936584186], [0.0, 0.0, 0.0, 1.0]], [[-0.3319154519376799, -0.1915511940105562,
        0.9236560369495368, 157.14248694978002], [-0.9433091973926573, 0.06739999037180615,
        -0.3250001232441792, -55.292565650231786], [-1.4863297107103214e-07, -0.9791657124762884,
        -0.2030630553107799, -34.547334936584186], [0.0, 0.0, 0.0, 1.0]], [[0.1915511550583187,
        -0.33191522329745016, 0.923656105122561, 157.14248694978002], [-0.06739988745200472,
        -0.943309278901416, -0.3249999026863331, -55.292565650231786], [0.9791657261607337,
        -2.8491877280406586e-07, -0.203063098218015, -34.547334936584186], [0.0, 0.0,
        0.0, 1.0]], [[0.4452986717224121, 0.704237163066864, -0.552954912185669, -94.0747488992917],
      [-0.8953821063041687, 0.3502368927001953, -0.27500003576278687, -46.78601708865766],
      [-1.33110589217722e-09, 0.6175631284713745, 0.786521315574646, 133.8116497046597],
      [0.0, 0.0, 0.0, 1.0]], [[-0.704237193568361, 0.44529861472221105, -0.5529549021993504,
        -94.0747488992917], [-0.35023693665923855, -0.895382166578373, -0.27499991019247016,
        -46.78601708865766], [-0.6175630224697279, 5.611088577106571e-08, 0.7865213664999234,
        133.8116497046597], [0.0, 0.0, 0.0, 1.0]], [[-0.44529868225838737, -0.7042372767546907,
        -0.552954789431158, -94.0747488992917], [0.8953821010643324, -0.35023694924034743,
        -0.2749999462063035, -46.78601708865766], [1.6317446114716573e-08, -0.6175629667621404,
        0.7865214331884038, 133.8116497046597], [0.0, 0.0, 0.0, 1.0]], [[0.7042371830323859,
        -0.44529872841003787, -0.5529547994174764, -94.0747488992917], [0.3502369314194024,
        0.895382110038221, -0.27500007177662017, -46.78601708865766], [0.6175630374560681,
        1.0559834828782755e-07, 0.7865213822631264, 133.8116497046597], [0.0, 0.0,
        0.0, 1.0]], [[0.8738016486167908, -0.4698847830295563, -0.1252155303955078,
        -21.30303748787688], [-0.48628246784210205, -0.844336748123169, -0.22500012814998627,
        -38.27946852708355], [8.130314910204106e-08, 0.25749561190605164, -0.9662795662879944,
        -164.39407001239928], [0.0, 0.0, 0.0, 1.0]], [[0.4698848047896075, 0.8738018166255695,
        -0.1252154193391517, -21.30303748787688], [0.8443366218238094, -0.486282458008363,
        -0.22500002600444902, -38.27946852708355], [-0.2574954347770518, 1.0777591388788643e-07,
        -0.9662796044640343, -164.39407001239928], [0.0, 0.0, 0.0, 1.0]], [[-0.8738016365167801,
        0.4698848073581109, -0.1252155266298995, -21.30303748787688], [0.4862824895846338,
        0.8443367918391946, -0.22499991391273608, -38.27946852708355], [1.2071796400270123e-08,
        -0.2574954241642745, -0.9662796166615084, -164.39407001239928], [0.0, 0.0,
        0.0, 1.0]], [[-0.46988479268959693, -0.8738017922970152, -0.12521563768625563,
        -21.30303748787688], [-0.8443366000812776, 0.4862825017243889, -0.2250000160582733,
        -38.27946852708355], [0.25749552815199733, 7.996586320890842e-08, -0.9662795784854682,
        -164.39407001239928], [0.0, 0.0, 0.0, 1.0]], [[0.2264138162136078, -0.6180248856544495,
        0.752849280834198, 128.08297639671227], [0.9740311503410339, 0.14366011321544647,
        -0.17499995231628418, -29.772919965509423], [-6.946294917042906e-08, 0.772921085357666,
        0.6345021724700928, 107.94846810517568], [0.0, 0.0, 0.0, 1.0]], [[0.6180248375663697,
        0.22641383816948557, 0.7528493078478526, 128.08297639671227], [-0.14366010330221993,
        0.9740311932854622, -0.17500000143469557, -29.772919965509423], [-0.7729210651013144,
        -5.8295064664370955e-08, 0.6345021268706701, 107.94846810517568], [0.0, 0.0,
        0.0, 1.0]], [[-0.22641384722002802, 0.6180248788901344, 0.7528492687022158,
        128.08297639671227], [-0.974031143133584, -0.14366011164307962, -0.17500005290440945,
        -29.772919965509423], [4.3330705325935785e-08, -0.7729210910586384, 0.6345021591220406,
        107.94846810517568], [0.0, 0.0, 0.0, 1.0]], [[-0.6180248685727898, -0.22641384493380048,
        0.7528492416885613, 128.08297639671227], [0.14366011050966981, -0.9740311917130955,
        -0.175000003785998, -29.772919965509423], [0.7729210389690705, 5.259409230351508e-08,
        0.634502204721463, 107.94846810517568], [0.0, 0.0, 0.0, 1.0]], [[0.12510502338409424,
        0.04067165404558182, -0.9913095831871033, -168.65244689896986], [-0.9921435713768005,
        0.005128326825797558, -0.12499997764825821, -21.266371403935292], [-8.82563355730781e-08,
        0.9991595149040222, 0.04099360108375549, 6.974308171248524], [0.0, 0.0, 0.0,
        1.0]], [[-0.04067185048654463, 0.12510510180019213, -0.9913095913376141, -168.65244689896986],
      [-0.005128455972356128, -0.9921436049814574, -0.12499984893573121, -21.266371403935292],
      [-0.9991594630576215, -1.949191066467123e-07, 0.04099379646439698, 6.974308171248524],
      [0.0, 0.0, 0.0, 1.0]], [[-0.12510531176498552, -0.04067178796747148, -0.9913095616386235,
        -168.65244689896986], [0.9921435350131704, -0.005128343712790411, -0.12500004228429587,
        -21.266371403935292], [1.0018179068966313e-07, -0.9991595093659315, 0.04099392507716075,
        6.974308171248524], [0.0, 0.0, 0.0, 1.0]], [[0.04067156210565334, -0.12510523572208182,
        -0.9913095534881127, -168.65244689896986], [0.0051284196087261966, 0.9921435880944646,
        -0.1250001709968228, -21.266371403935292], [0.999159474983077, 2.0045719730747008e-07,
        0.040993729696519265, 6.974308171248524], [0.0, 0.0, 0.0, 1.0]], [[0.10551493614912033,
        0.6994667053222656, 0.706833004951477, 120.25418822295946], [0.994417667388916,
        -0.07421841472387314, -0.07500012218952179, -12.759822842361181], [-4.376135365191658e-08,
        0.7108008861541748, -0.7033932209014893, -119.66897888774726], [0.0, 0.0,
        0.0, 1.0]], [[-0.6994665868161855, 0.10551479276933456, 0.7068330874853466,
        120.25418822295946], [0.07421845323258645, 0.9944177055960508, -0.07499997908383166,
        -12.759822842361181], [-0.710800966581536, 2.985584651726825e-08, -0.7033931532227952,
        -119.66897888774726], [0.0, 0.0, 0.0, 1.0]], [[-0.10551472873542694, -0.6994667184305008,
        0.7068329919016704, 120.25418822295946], [-0.9944176893969812, 0.07421841611475004,
        -0.07499987319252813, -12.759822842361181], [-1.6264297440884615e-07, -0.7108008731097305,
        -0.7033932605646627, -119.66897888774726], [0.0, 0.0, 0.0, 1.0]], [[0.6994667942298788,
        -0.10551480587756973, 0.7068329093678007, 120.25418822295946], [-0.07421847524065174,
        -0.9944177042051738, -0.07500001629821829, -12.759822842361181], [0.7108007601772082,
        -1.6811402159255806e-08, -0.7033933282433567, -119.66897888774726], [0.0,
        0.0, 0.0, 1.0]], [[0.4760984480381012, 0.8781787157058716, -0.04617699980735779,
        -7.856139365467449], [-0.8793919682502747, 0.4754416346549988, -0.025000007823109627,
        -4.25327428078705], [-8.72881233959788e-09, 0.05251014605164528, 0.9986203908920288,
        169.89625688734364], [0.0, 0.0, 0.0, 1.0]], [[-0.8781787502050424, 0.47609846461372946,
        -0.04617701667264973, -7.856139365467449], [-0.4754416172872273, -0.8793919331635048,
        -0.025000009076568318, -4.25327428078705], [-0.05251016365425308, 3.149479982367254e-11,
        0.9986203900807844, 169.89625688734364], [0.0, 0.0, 0.0, 1.0]], [[-0.4760984469517833,
        -0.8781787152757881, -0.04617701794466025, -7.856139365467449], [0.8793919688384021,
        -0.4754416344221539, -0.024999992197083046, -4.25327428078705], [-1.4763820220981553e-08,
        -0.05251015535260557, 0.9986203904445359, 169.89625688734364], [0.0, 0.0,
        0.0, 1.0]], [[0.8781787512913602, -0.4760984641836461, -0.046177001079368306,
        -7.856139365467449], [0.4754416178753551, 0.8793919333963499, -0.02499999094362437,
        -4.25327428078705], [0.052510140161620526, -9.332455100374837e-09, 0.9986203912557802,
        169.89625688734364], [0.0, 0.0, 0.0, 1.0]], [[-0.03900144249200821, -0.7669596076011658,
        -0.640508770942688, -108.97039988882125], [-0.9992389678955078, 0.029935764148831367,
        0.024999771267175674, 4.253274280787061], [1.8527654788158543e-07, 0.6409964561462402,
        -0.767543375492096, -130.58295822246598], [0.0, 0.0, 0.0, 1.0]], [[0.7669598094688956,
        -0.03900194435010046, -0.6405085032814092, -108.97039988882125], [-0.02993543949488602,
        -0.9992389578053132, 0.02499986486597805, 4.253274280787061], [-0.6409962149646866,
        1.027068862735625e-07, -0.7675435958045747, -130.58295822246598], [0.0, 0.0,
        0.0, 1.0]], [[0.03900188532177115, 0.7669595571460149, -0.6405085696147699,
        -108.97039988882125], [0.9992389506112136, -0.029935762179493067, 0.02500021141981282,
        4.253274280787061], [3.453815067132425e-07, -0.6409965166083735, -0.7675435291621775,
        -130.58295822246598], [0.0, 0.0, 0.0, 1.0]], [[-0.7669593666391329, 0.03900189389494968,
        -0.6405088372760488, -108.97039988882125], [0.029935422210591825, 0.9992389597746516,
        0.02500011782101047, 4.253274280787061], [0.6409967456227411, -1.6316901957358354e-07,
        -0.7675433088496988, -130.58295822246598], [0.0, 0.0, 0.0, 1.0]], [[-0.07567188143730164,
        -0.1325901299715042, 0.9882781505584717, 168.13671286194156], [0.9971327781677246,
        -0.010062157176434994, 0.07499989122152328, 12.75982284236119], [-5.924096768694653e-08,
        0.991119921207428, 0.1329713612794876, 22.622556910749132], [0.0, 0.0, 0.0,
        1.0]], [[0.13259025266667396, -0.07567193352434246, 0.9882781234949158, 168.13671286194156],
      [0.01006214556809433, 0.997132812750542, 0.07499993727712423, 12.75982284236119],
      [-0.9911198661418826, -4.481143846615798e-08, 0.13297153644607218, 22.622556910749132],
      [0.0, 0.0, 0.0, 1.0]], [[0.07567205406233045, 0.13259020976943828, 0.9882781164815005,
        168.13671286194156], [-0.9971327650672859, 0.010062163232266023, 0.07500011398910293,
        12.75982284236119], [8.246742103041109e-08, -0.9911199104707292, 0.13297148890056373,
        22.622556910749132], [0.0, 0.0, 0.0, 1.0]], [[-0.13259008004164516, 0.07567201332227652,
        0.9882781435450565, 168.13671286194156], [-0.010062132467655706, -0.997132806694711,
        0.07500006793350197, 12.75982284236119], [0.9911198893683362, 5.554813713171125e-08,
        0.13297131373397914, 22.622556910749132], [0.0, 0.0, 0.0, 1.0]], [[-0.15170693397521973,
        0.5600936412811279, -0.8144201636314392, -138.55808821090207], [-0.9884255528450012,
        -0.08596497029066086, 0.12500005960464478, 21.26637140393532], [1.5012128073976783e-07,
        0.8239570260047913, 0.5666522979736328, 96.40510884189321], [0.0, 0.0, 0.0,
        1.0]], [[-0.5600937061880199, -0.15170687598453758, -0.8144201151266772, -138.55808821090207],
      [0.08596497223948382, -0.9884255498530422, 0.12500003470816184, 21.26637140393532],
      [-0.8239569959467321, 1.0140081957432656e-07, 0.5666523731790347, 96.40510884189321],
      [0.0, 0.0, 0.0, 1.0]], [[0.15170681621015175, -0.5600936377589274, -0.8144201386350021,
        -138.55808821090207], [0.9884255709199881, 0.08596496975006129, 0.12499994597403273,
        21.26637140393532], [-6.818341403180872e-08, -0.8239570284554459, 0.5666523589659331,
        96.40510884189321], [0.0, 0.0, 0.0, 1.0]], [[0.5600935884229521, 0.1517068795067381,
        -0.8144201871397642, -138.55808821090207], [-0.08596495416449694, 0.9884255493124428,
        0.12499997087051556, 21.26637140393532], [0.8239570778845989, -1.0385147436453579e-07,
        0.5666522837605312, 96.40510884189321], [0.0, 0.0, 0.0, 1.0]], [[-0.6293426156044006,
        0.7464792132377625, 0.21609440445899963, 36.76435489192828], [0.7771280407905579,
        0.604522168636322, 0.17499986290931702, 29.772919965509452], [-1.0735017497154331e-07,
        0.2780678868293762, -0.9605615139007568, -163.42124347304187], [0.0, 0.0,
        0.0, 1.0]], [[-0.7464791612492926, -0.6293425176580325, 0.2160945978370268,
        36.76435489192828], [-0.6045222318931502, 0.7771280546489255, 0.17499996683457708,
        29.772919965509452], [-0.2780680718209991, -1.0596708749366357e-07, -0.9605614514634833,
        -163.42124347304187], [0.0, 0.0, 0.0, 1.0]], [[0.6293426492282501, -0.7464791699923788,
        0.21609448708391094, 36.76435489192828], [-0.7771280135609175, -0.6045221336148631,
        0.17500016607839203, 29.772919965509452], [-4.211120663085948e-08, -0.2780680790594436,
        -0.9605614400799982, -163.42124347304187], [0.0, 0.0, 0.0, 1.0]], [[0.7464791948731421,
        0.629342560903416, 0.21609429370588373, 36.76435489192828], [0.6045222591227905,
        -0.7771280196274668, 0.1750000621531319, 29.772919965509452], [0.27806792235961747,
        -8.626297987035514e-08, -0.9605615025172717, -163.42124347304187], [0.0, 0.0,
        0.0, 1.0]], [[-0.4212424159049988, -0.7667336463928223, 0.4844326078891754,
        82.41697896266436], [0.9069483876228333, -0.3561181426048279, 0.2250000536441803,
        38.27946852708358], [3.1069411932094226e-08, 0.5341348052024841, 0.8453993797302246,
        143.8286175978872], [0.0, 0.0, 0.0, 1.0]], [[0.7667335389369118, -0.4212424262716269,
        0.48443260904274466, 82.41697896266436], [0.3561180650411652, 0.9069484133293515,
        0.22499995442865933, 38.27946852708358], [-0.5341349593405712, 8.028431458528829e-08,
        0.8453994054750575, 143.8286175978872], [0.0, 0.0, 0.0, 1.0]], [[0.421242298583435,
        0.7667335701204081, 0.48443251937341736, 82.41697896266436], [-0.9069484421141183,
        0.35611810717926995, 0.2249999659250675, 38.27946852708358], [-2.358111842337529e-07,
        -0.5341349383080163, 0.8453994537978378, 143.8286175978872], [0.0, 0.0, 0.0,
        1.0]], [[-0.7667336562584754, 0.4212423499992129, 0.48443251821984806, 82.41697896266436],
      [-0.3561181195324505, -0.9069484487549095, 0.22500006514058848, 38.27946852708358],
      [0.5341347545987988, -2.1338984690366658e-07, 0.8453994280530048, 143.8286175978872],
      [0.0, 0.0, 0.0, 1.0]], [[-0.28755107522010803, -0.27987489104270935, -0.9159609079360962,
        -155.8333294246563], [-0.9577652812004089, 0.08402717113494873, 0.27500009536743164,
        46.78601708865768], [-1.780620095814811e-08, 0.956352174282074, -0.29221656918525696,
        -49.71508239532423], [0.0, 0.0, 0.0, 1.0]], [[0.2798747488153045, -0.28755100669783157,
        -0.9159609695352248, -155.8333294246563], [-0.0840271301324947, -0.9577653261244242,
        0.27500004678257184, 46.78601708865768], [-0.9563521951197718, 4.492697533442502e-09,
        -0.29221642182343305, -49.71508239532423], [0.0, 0.0, 0.0, 1.0]], [[0.28755086521454154,
        0.2798748305841518, -0.9159609958624271, -155.8333294246563], [0.9577653442506187,
        -0.0840271529834076, 0.27499989380460904, 46.78601708865768], [-4.919130271505829e-08,
        -0.9563521935700031, -0.2922164832650287, -49.71508239532423], [0.0, 0.0,
        0.0, 1.0]], [[-0.27987495882087093, 0.287550946239274, -0.9159609342632985,
        -155.8333294246563], [0.08402719318270448, 0.9577653442759654, 0.2749999423894688,
        46.78601708865768], [0.9563521281222682, -2.3780626773328706e-08, -0.29221663062685255,
        -49.71508239532423], [0.0, 0.0, 0.0, 1.0]], [[-0.3540428578853607, 0.3709622025489807,
        0.8585107922554016, 146.0592759790515], [0.9352292418479919, 0.14043228328227997,
        0.325000137090683, 55.29256565023181], [1.1808178612682241e-07, 0.9179683327674866,
        -0.3966537415981293, -67.48309015196014], [0.0, 0.0, 0.0, 1.0]], [[-0.37096237485418054,
        -0.35404274126387936, 0.8585107627318398, 146.0592759790515], [-0.14043238287378407,
        0.9352292655975495, 0.3250000267072711, 55.29256565023181], [-0.9179682686837028,
        1.0232973496338005e-07, -0.39665389594156675, -67.48309015196014], [0.0, 0.0,
        0.0, 1.0]], [[0.35404258333386046, -0.37096228120974917, 0.8585108566774527,
        146.0592759790515], [-0.9352293457828961, -0.14043231306029758, 0.3249998824911314,
        55.29256565023181], [8.767970597575286e-09, -0.9179682964242164, -0.39665381077137335,
        -67.48309015196014], [0.0, 0.0, 0.0, 1.0]], [[0.37096210030268034, 0.3540426626031109,
        0.8585108862010146, 146.0592759790515], [0.14043227893887988, -0.9352292953755671,
        0.3249999928745432, 55.29256565023181], [0.9179683955334595, -6.598646473676695e-08,
        -0.3966536564279358, -67.48309015196014], [0.0, 0.0, 0.0, 1.0]], [[-0.723419725894928,
        0.5904068946838379, -0.3578883111476898, -60.887867351149744], [-0.6904088258743286,
        -0.618636429309845, 0.375, 63.799114211805936], [-1.1762200813336676e-07,
        0.5183715224266052, 0.8551555275917053, 145.48844630205258], [0.0, 0.0, 0.0,
        1.0]], [[-0.5904068942058358, -0.7234196926851401, -0.35788819236347025, -60.887867351149744],
      [0.6186364347296355, -0.6904088038674236, 0.37500010953926977, 63.799114211805936],
      [-0.5183715921598135, -1.212976608044869e-07, 0.8551555292688793, 145.48844630205258],
      [0.0, 0.0, 0.0, 1.0]], [[0.7234197441455565, -0.5904068715830681, -0.35788809931929466,
        -60.887867351149744], [0.6904088067510786, 0.6186364051045522, 0.37500000736004296,
        63.799114211805936], [7.401306452321529e-08, -0.5183715776247142, 0.8551556130157738,
        145.48844630205258], [0.0, 0.0, 0.0, 1.0]], [[0.5904069124564644, 0.7234197157859098,
        -0.35788821810351423, -60.887867351149744], [-0.6186364538528856, 0.690408779662131,
        0.37499989782077314, 63.799114211805936], [0.51837154855087, 6.609955194303296e-08,
        0.8551556113386001, 145.48844630205258], [0.0, 0.0, 0.0, 1.0]], [[-0.8112038969993591,
        -0.4980848431587219, -0.30636468529701233, -52.12213289521421], [-0.5847630500793457,
        0.6909609436988831, 0.4250001013278961, 72.30566277338006], [-1.2237359214850585e-07,
        0.5239126086235046, -0.8517717719078064, -144.91280745856585], [0.0, 0.0,
        0.0, 1.0]], [[0.4980848511972307, -0.8112040590269338, -0.306364892598035,
        -52.12213289521421], [-0.6909607372758346, -0.5847631424727487, 0.42499987572909925,
        72.30566277338006], [-0.5239125192206507, 8.828409897576606e-08, -0.8517718099106522,
        -144.91280745856585], [0.0, 0.0, 0.0, 1.0]], [[0.8112038424124456, 0.4980848921598543,
        -0.3063646842880743, -52.12213289521421], [0.5847631258042394, -0.6909610116749838,
        0.4249997107986131, 72.30566277338006], [-2.9391933899868577e-08, -0.5239124723878734,
        -0.8517719671291062, -144.91280745856585], [0.0, 0.0, 0.0, 1.0]], [[-0.49808490578414427,
        0.8112041080280663, -0.3063644769870516, -52.12213289521421], [0.6909608130007283,
        0.584763074496648, 0.42499993639740985, 72.30566277338006], [0.5239123674551247,
        4.7951532189394186e-08, -0.8517719291262605, -144.91280745856585], [0.0, 0.0,
        0.0, 1.0]], [[-0.5206296443939209, -0.34953543543815613, 0.7789541482925415,
        132.52422286877615], [0.8537824749946594, -0.21314388513565063, 0.47499996423721313,
        80.8122113349542], [3.72918229629704e-08, 0.9123565554618835, 0.4093964099884033,
        69.65101739636796], [0.0, 0.0, 0.0, 1.0]], [[0.3495355665873481, -0.5206296166771446,
        0.7789541214997815, 132.52422286877615], [0.21314399989292143, 0.8537825384315038,
        0.47499994235509213, 80.8122113349542], [-0.9123564348596747, 3.0180129811929746e-08,
        0.4093964863553033, 69.65101739636796], [0.0, 0.0, 0.0, 1.0]], [[0.5206297668703816,
        0.34953563395782733, 0.778954076267041, 132.52422286877615], [-0.8537824003094926,
        0.21314400619135876, 0.4750000128102655, 80.8122113349542], [2.7078372194687984e-08,
        -0.9123564511255075, 0.40939649067391093, 69.65101739636796], [0.0, 0.0, 0.0,
        1.0]], [[-0.34953544411088733, 0.520629815196816, 0.7789541030598011, 132.52422286877615],
      [-0.21314392520775466, -0.8537824173757957, 0.47500003469238644, 80.8122113349542],
      [0.91235649922987, 7.415624614370842e-08, 0.40939641430701085, 69.65101739636796],
      [0.0, 0.0, 0.0, 1.0]], [[-0.5378077626228333, 0.1828930824995041, -0.822990357875824,
        -140.01614320829373], [-0.8430675864219666, -0.1166708692908287, 0.5250000357627869,
        89.31875989652829], [-7.686986691624043e-08, 0.9761855006217957, 0.2169376164674759,
        36.907806000742184], [0.0, 0.0, 0.0, 1.0]], [[-0.18289309585516525, -0.537807608251907,
        -0.822990360504416, -140.01614320829373], [0.11667083790722597, -0.8430676600948555,
        0.5250000257931351, 89.31875989652829], [-0.976185523291184, -1.4905913391788372e-07,
        0.21693763062251997, 36.907806000742184], [0.0, 0.0, 0.0, 1.0]], [[0.5378076219063361,
        -0.18289292466043922, -0.8229903700986065, -140.01614320829373], [0.8430676761874943,
        0.11667076860251352, 0.5250000147139112, 89.31875989652829], [1.1396228379401729e-07,
        -0.9761855422276664, 0.21693762103758232, 36.907806000742184], [0.0, 0.0,
        0.0, 1.0]], [[0.1828929551386683, 0.5378077660909719, -0.8229903674700145,
        -140.01614320829373], [-0.11667074814169823, 0.8430675594065404, 0.5250000246835631,
        89.31875989652829], [0.9761855603836009, 1.0745326305822145e-07, 0.21693760688253813,
        36.907806000742184], [0.0, 0.0, 0.0, 1.0]], [[-0.792504072189331, 0.4196928143501282,
        0.44248825311660767, 75.28095388269108], [0.6098671555519104, 0.545377790927887,
        0.5750002861022949, 97.82530845810241], [1.8002693025209737e-07, 0.7255488634109497,
        -0.6881710290908813, -117.07917995850828], [0.0, 0.0, 0.0, 1.0]], [[-0.41969302639025957,
        -0.7925038138747088, 0.4424882500901623, 75.28095388269108], [-0.5453782825283948,
        0.6098670768662638, 0.5750001007318815, 97.82530845810241], [-0.7255487195243654,
        2.713633512341218e-07, -0.6881711859227926, -117.07917995850828], [0.0, 0.0,
        0.0, 1.0]], [[0.7925038590356734, -0.4196930220152764, 0.4424884678350316,
        75.28095388269108], [-0.6098674325386014, -0.5453780607824268, 0.5750000292528936,
        97.82530845810241], [1.5147598162643694e-07, -0.7255485404439311, -0.6881711056387707,
        -117.07917995850828], [0.0, 0.0, 0.0, 1.0]], [[0.4196928132366023, 0.7925036062095607,
        0.4424884708614769, 75.28095388269108], [0.5453780055417039, -0.6098673467208038,
        0.5750002146233071, 97.82530845810241], [0.7255490510272774, 5.160366728373944e-08,
        -0.6881709488068596, -117.07917995850828], [0.0, 0.0, 0.0, 1.0]], [[-0.9783475399017334,
        -0.15923155844211578, 0.13221924006938934, 22.494586403767794], [0.20697008073329926,
        -0.7526876926422119, 0.6250000596046448, 106.33185701967655], [4.08204385848876e-08,
        0.6388325691223145, 0.7693458795547485, 130.88956084210076], [0.0, 0.0, 0.0,
        1.0]], [[0.1592315484411841, -0.9783475375030117, 0.13221928055758747, 22.494586403767794],
      [0.7526876310704478, 0.20697004394880889, 0.6250000210331322, 106.33185701967655],
      [-0.638832659751444, 2.7100713340111326e-09, 0.7693459039311408, 130.88956084210076],
      [0.0, 0.0, 0.0, 1.0]], [[0.9783475322942868, 0.15923153708566623, 0.13221923564750818,
        22.494586403767794], [-0.20697011669368168, 0.7526875916903258, 0.6249999931067318,
        106.33185701967655], [-8.508599364744059e-08, -0.6388326933893823, 0.7693459343361604,
        130.88956084210076], [0.0, 0.0, 0.0, 1.0]], [[-0.15923155604863046, 0.9783475161465622,
