{cam2Pos: [[[0.9750000238418579, 4.188260405157962e-08, 0.22220484912395477, 33.45462474274382],
      [0.22220484912395477, -7.339708929521294e-08, -0.9750000834465027, -146.79363475951763],
      [-4.188260405157962e-08, 1.0000001192092896, -8.282140839810381e-08, 0.0], [
        0.0, 0.0, 0.0, 1.0]], [[-3.720826948633294e-08, 0.9750001341984712, 0.22220479720230102,
        33.45462474274382], [-2.5222406905923822e-08, 0.22220480807481016, -0.9750000952795733,
        -146.79363475951763], [-1.0000000207329112, -2.4526348967266994e-08, 2.9568430148785296e-08,
        0.0], [0.0, 0.0, 0.0, 1.0]], [[-0.9750000165873193, -5.9437763151879335e-09,
        0.22220490678239363, 33.45462474274382], [-0.22220488095573224, -8.42968371664005e-08,
        -0.9750000703060049, -146.79363475951763], [4.1882603929114954e-08, -1.00000011920929,
        8.282140839810385e-08, 0.0], [0.0, 0.0, 0.0, 1.0]], [[4.4462808067302635e-08,
        -0.9750000982596435, 0.22220495870404738, 33.45462474274382], [-6.6093706134960775e-09,
        -0.22220496576873663, -0.9750000584729343, -146.79363475951763], [1.0000000207329112,
        2.452634852317773e-08, -2.956843014878526e-08, 0.0], [0.0, 0.0, 0.0, 1.0]],
    [[0.9570608735084534, 0.0744035467505455, -0.28017592430114746, -42.18260639794666],
      [-0.2898869216442108, 0.24564315378665924, -0.9249999523162842, -139.26575605390133],
      [2.222919626149178e-09, 0.9665006399154663, 0.25666406750679016, 38.64272286989652],
      [0.0, 0.0, 0.0, 1.0]], [[-0.07440355976384776, 0.9570608661831586, -0.2801759128920416,
        -42.18260639794666], [-0.24564315507678236, -0.28988692993832027, -0.9249999471716374,
        -139.26575605390133], [-0.9665006433518355, 1.7394096399336867e-08, 0.2566640985019909,
        38.64272286989652], [0.0, 0.0, 0.0, 1.0]], [[-0.9570608708016924, -0.07440355167483434,
        -0.2801758829010348, -42.18260639794666], [0.28988693058057435, -0.24564317004418537,
        -0.9249999587840538, -139.26575605390133], [-4.702534481289353e-09, -0.9665006354044142,
        0.2566640893899741, 38.64272286989652], [0.0, 0.0, 0.0, 1.0]], [[0.07440356247060856,
        -0.9570608711074475, -0.28017589431014067, -42.18260639794666], [0.24564316401314587,
        0.28988691368079417, -0.9249999639287008, -139.26575605390133], [0.9665006408722209,
        -1.288304447844002e-08, 0.2566640583947734, 38.64272286989652], [0.0, 0.0,
        0.0, 1.0]], [[0.9988321661949158, 0.023300690576434135, 0.042324792593717575,
        6.372318758461179], [0.04831470176577568, -0.4817057251930237, -0.875, -131.73787734828505],
      [-3.989184094166376e-09, 0.8760230541229248, -0.48226892948150635, -72.60928554942016],
      [0.0, 0.0, 0.0, 1.0]], [[-0.023300697300214734, 0.9988320112705993, 0.04232505499509426,
        6.372318758461179], [0.4817060152091169, 0.04831493020845595, -0.87499986176756,
        -131.73787734828505], [-0.8760230585144555, 1.1741851735358466e-07, -0.4822691572532423,
        -72.60928554942016], [0.0, 0.0, 0.0, 1.0]], [[-0.998832165641945, -0.02330071245524099,
        0.04232478902957264, 6.372318758461179], [-0.04831471319758087, 0.48170617750366584,
        -0.8749997448598421, -131.73787734828505], [-2.3116250882170842e-09, -0.8760228048252034,
        -0.48226939270510694, -72.60928554942016], [0.0, 0.0, 0.0, 1.0]], [[0.023300697853185275,
        -0.998832033149406, 0.04232452662819591, 6.372318758461179], [-0.48170602664092216,
        -0.04831447789781379, -0.8749998830922823, -131.73787734828505], [0.8760230522136466,
        1.3187920389068353e-07, -0.4822691649333709, -72.60928554942016], [0.0, 0.0,
        0.0, 1.0]], [[0.9230377078056335, -0.17253819108009338, 0.3438487946987152,
        51.76902811923017], [0.38470953702926636, 0.4139729142189026, -0.824999988079071,
        -124.20999864266875], [-7.976278482146881e-08, 0.8937879800796509, 0.4484896957874298,
        67.52352987934685], [0.0, 0.0, 0.0, 1.0]], [[0.17253819505130719, 0.923037717790266,
        0.3438486645167884, 51.76902811923017], [-0.4139729225064167, 0.3847094045633424,
        -0.8250000499556761, -124.20999864266875], [-0.8937880221799186, -1.701552446164989e-08,
        0.4484896817730383, 67.52352987934685], [0.0, 0.0, 0.0, 1.0]], [[-0.9230377599117586,
        0.17253823584240535, 0.3438486252038919, 51.76902811923017], [-0.3847094120104687,
        -0.4139730216176098, -0.8249999963892458, -124.20999864266875], [1.1799572225095686e-08,
        -0.893787921695142, 0.44848981044931874, 67.52352987934685], [0.0, 0.0, 0.0,
        1.0]], [[-0.17253824715743235, -0.923037673027954, 0.3438487553858186, 51.76902811923017],
      [0.41397304752521447, -0.3847095119620496, -0.8249999345126406, -124.20999864266875],
      [0.8937879542167061, 7.540003316153232e-08, 0.4484898244637104, 67.52352987934685],
      [0.0, 0.0, 0.0, 1.0]], [[0.7797383069992065, -0.06891941279172897, -0.6223008036613464,
        -93.6920910353551], [-0.626105546951294, -0.08583081513643265, -0.7749999761581421,
        -116.68211993705248], [-2.6924238838432757e-08, 0.9939231276512146, -0.110076405107975,
        -16.572811680777004], [0.0, 0.0, 0.0, 1.0]], [[0.06891928015814552, 0.7797382559002108,
        -0.6223009000397127, -93.6920910353551], [0.08583062369021947, -0.6261056222812637,
        -0.7749999298679606, -116.68211993705248], [-0.993923146015123, -5.351921768953494e-08,
        -0.11007618615574, -16.572811680777004], [0.0, 0.0, 0.0, 1.0]], [[-0.7797383940112128,
        0.06891920989843066, -0.6223007354471796, -93.6920910353551], [0.6261054385884084,
        0.08583056245747198, -0.7750000767310686, -116.68211993705248], [1.1533039989077276e-08,
        -0.9939231635401824, -0.1100760826560915, -16.572811680777004], [0.0, 0.0,
        0.0, 1.0]], [[-0.0689193671701519, -0.7797384587935092, -0.6223006390688134,
        -93.6920910353551], [-0.08583073205310508, 0.6261053696023031, -0.77500012302125,
        -116.68211993705248], [0.9939231306239242, 1.7630249754888028e-08, -0.1100763016083265,
        -16.572811680777004], [0.0, 0.0, 0.0, 1.0]], [[0.7802724242210388, 0.23120681941509247,
        0.5811354517936707, 87.49435144607823], [0.6254398226737976, -0.288443922996521,
        -0.7250001430511475, -109.15424123143617], [-2.834170231835742e-09, 0.929162859916687,
        -0.3696707785129547, -55.65674450422028], [0.0, 0.0, 0.0, 1.0]], [[-0.2312067856065489,
        0.7802723351159118, 0.5811356284084749, 87.49435144607823], [0.2884438597097136,
        0.6254399998073177, -0.7250000225530753, -109.15424123143617], [-0.9291628435700916,
        8.853521649143659e-08, -0.36967073718962296, -55.65674450422028], [0.0, 0.0,
        0.0, 1.0]], [[-0.780272265299091, -0.23120690919653614, 0.5811356138232672,
        87.49435144607823], [-0.6254400209380784, 0.28844403500404175, -0.7249999332492776,
        -109.15424123143617], [-9.825896459859245e-08, -0.9291628028050818, -0.36967093526106387,
        -55.65674450422028], [0.0, 0.0, 0.0, 1.0]], [[0.23120694452849674, -0.7802724248973556,
        0.581135437208463, 87.49435144607823], [-0.28844405797399436, -0.6254398877997971,
        -0.7250000537473497, -109.15424123143617], [0.929162742476957, -3.142361132413285e-08,
        -0.36967097658439557, -55.65674450422028], [0.0, 0.0, 0.0, 1.0]], [[0.9620180130004883,
        0.1945084035396576, -0.1915407031774521, -28.837896882402088], [-0.2729860246181488,
        0.6854586005210876, -0.6750000715255737, -101.62636252581989], [3.529113712374965e-08,
        0.7016501426696777, 0.7125216126441956, 107.27553899076452], [0.0, 0.0, 0.0,
        1.0]], [[-0.1945084485073503, 0.9620179500674071, -0.19154076856296576, -28.837896882402088],
      [-0.6854587379285129, -0.2729860775430585, -0.6749999462626233, -101.62636252581989],
      [-0.7016500616624668, 1.1263493426838522e-07, 0.7125217137337583, 107.27553899076452],
      [0.0, 0.0, 0.0, 1.0]], [[-0.9620180237640886, -0.19450845371761005, -0.19154061107494022,
        -28.837896882402088], [0.27298598668662, -0.6854587773510007, -0.6749999190367872,
        -101.62636252581989], [4.7489183185651545e-09, -0.7016499560101959, 0.712521781861928,
        107.27553899076452], [0.0, 0.0, 0.0, 1.0]], [[0.1945084377437499, -0.9620180002453598,
        -0.19154054568942647, -28.837896882402088], [0.685458699996984, 0.27298590071314544,
        -0.6750000442997377, -101.62636252581989], [0.7016501017025223, 7.402454754723564e-08,
        0.7125216807723653, 107.27553899076452], [0.0, 0.0, 0.0, 1.0]], [[0.8666542768478394,
        -0.34562644362449646, -0.3597954213619232, -54.16992724515046], [-0.4989091753959656,
        -0.6003868579864502, -0.625, -94.09848382020358], [5.293061988709269e-08,
        0.7211641669273376, -0.6927640438079834, -104.30089859431921], [0.0, 0.0,
        0.0, 1.0]], [[0.3456264712011854, 0.8666541742461159, -0.35979528603963995,
        -54.16992724515046], [0.600387076563453, -0.49890912569035706, -0.6249999792765285,
        -94.09848382020358], [-0.7211641294279294, 1.63212524217915e-07, -0.6927641327856013,
        -104.30089859431921], [0.0, 0.0, 0.0, 1.0]], [[-0.8666542401626975, 0.3456265310765797,
        -0.35979535600713036, -54.16992724515046], [0.49890923912166024, 0.6003870098993075,
        -0.6249998535163538, -94.09848382020358], [1.7704388541784894e-08, -0.7211639985436736,
        -0.6927642099058178, -104.30089859431921], [0.0, 0.0, 0.0, 1.0]], [[-0.34562643451604363,
        -0.8666540867940327, -0.35979549132941374, -54.16992724515046], [-0.6003870128377584,
        0.49890927760321446, -0.6249998742398253, -94.09848382020358], [0.7211642000629378,
        5.171139849657891e-09, -0.6927641209282001, -104.30089859431921], [0.0, 0.0,
        0.0, 1.0]], [[0.5990782976150513, -0.22472038865089417, 0.7685088515281677,
        115.704838732477], [0.8006904125213623, 0.16813620924949646, -0.574999988079071,
        -86.57060511458731], [8.49666292879192e-08, 0.9598077535629272, 0.2806582450866699,
        42.255221530293085], [0.0, 0.0, 0.0, 1.0]], [[0.22472043914869888, 0.5990782660603124,
        0.7685088935630421, 115.704838732477], [-0.16813621652961525, 0.8006904475949989,
        -0.5749999342109544, -86.57060511458731], [-0.9598077309007813, 4.598886758910847e-08,
        0.28065824034777803, 42.255221530293085], [0.0, 0.0, 0.0, 1.0]], [[-0.5990782171435078,
        0.22472038403794312, 0.7685089059567094, 115.704838732477], [-0.8006904727303413,
        -0.1681362057980766, -0.5749999496502683, -86.57060511458731], [-5.5578550790954396e-08,
        -0.9598077552475697, 0.2806581747795971, 42.255221530293085], [0.0, 0.0, 0.0,
        1.0]], [[-0.2247203586771556, -0.5990782706732636, 0.7685088639218349, 115.704838732477],
      [0.16813615632063617, -0.8006904441435789, -0.5750000035183851, -86.57060511458731],
      [0.9598077602888601, -4.767350998691189e-08, 0.280658179518489, 42.255221530293085],
      [0.0, 0.0, 0.0, 1.0]], [[0.5550843477249146, 0.2701197564601898, -0.7867125868797302,
        -118.44553469425206], [-0.8317940831184387, 0.1802600622177124, -0.5249999761581421,
        -79.04272640897103], [1.7242527405869623e-08, 0.9458021521568298, 0.3247435390949249,
        48.89259489347796], [0.0, 0.0, 0.0, 1.0]], [[-0.2701197755743168, 0.5550844374049007,
        -0.786712551227807, -118.44553469425206], [-0.1802600893458679, -0.8317940557831734,
        -0.5250000247207431, -79.04272640897103], [-0.9458021129352262, -2.6219917084735478e-08,
        0.32474354695482077, 48.89259489347796], [0.0, 0.0, 0.0, 1.0]], [[-0.5550844586782118,
        -0.2701197116168137, -0.7867125628717514, -118.44553469425206], [0.8317940090755365,
        -0.18026003229220527, -0.5250000424819525, -79.04272640897103], [2.8557380685958092e-08,
        -0.9458021706675233, 0.3247434900327531, 48.89259489347796], [0.0, 0.0, 0.0,
        1.0]], [[0.2701196646210195, -0.5550843925615248, -0.7867125985236744, -118.44553469425206],
      [0.1802600153029657, 0.8317940857086806, -0.5249999939193515, -79.04272640897103],
      [0.9458021587351345, 7.709223523444386e-09, 0.32474348217285715, 48.89259489347796],
      [0.0, 0.0, 0.0, 1.0]], [[0.7865080833435059, 0.4922317862510681, 0.37297847867012024,
        56.15473138907348], [0.6175800561904907, -0.6268731355667114, -0.47500014305114746,
        -71.51484770335473], [8.589112532320087e-09, 0.6039354801177979, -0.7970333099365234,
        -119.99939926172733], [0.0, 0.0, 0.0, 1.0]], [[-0.4922318490084301, 0.786508078042575,
        0.3729785949028496, 56.15473138907348], [0.626873114555544, 0.6175800893892425,
        -0.47500002946293424, -71.51484770335473], [-0.603935423731792, 1.5058433400216842e-07,
        -0.797033323238474, -119.99939926172733], [0.0, 0.0, 0.0, 1.0]], [[-0.7865080562827649,
        -0.4922318568520938, 0.3729784980508354, 56.15473138907348], [-0.6175800906532115,
        0.6268732254793775, -0.4749999417829198, -71.51484770335473], [-6.641634556027166e-08,
        -0.6039353292475074, -0.7970334208149767, -119.99939926172733], [0.0, 0.0,
        0.0, 1.0]], [[0.49223187606917107, -0.7865081486436011, 0.372978381818106,
        56.15473138907348], [-0.6268731490182649, -0.6175799994765764, -0.4750000553711331,
        -71.51484770335473], [0.603935365904559, 2.859564807167203e-10, -0.7970334075130262,
        -119.99939926172733], [0.0, 0.0, 0.0, 1.0]], [[0.8432521224021912, -0.46425604820251465,
        0.27090984582901, 40.787516827765685], [0.5375182032585144, 0.7283194065093994,
        -0.4249999523162842, -63.986968997738444], [-6.070605707009236e-08, 0.5040010809898376,
        0.8637030124664307, 130.0370308492764], [0.0, 0.0, 0.0, 1.0]], [[0.46425605247432883,
        0.8432521300825935, 0.270909803074409, 40.787516827765685], [-0.7283193942265019,
        0.5375181587080692, -0.4250000714227258, -63.986968997738444], [-0.5040011294675437,
        -9.499559250336631e-09, 0.8637029672684886, 130.0370308492764], [0.0, 0.0,
        0.0, 1.0]], [[-0.8432521525206216, 0.46425605343338827, 0.27090968099269086,
        40.787516827765685], [-0.5375181560090808, -0.7283194147155314, -0.42500004674001174,
        -63.986968997738444], [-3.5316245009706745e-08, -0.5040010643129885, 0.8637030177062921,
        130.0370308492764], [0.0, 0.0, 0.0, 1.0]], [[-0.46425608259275936, -0.84325212485172,
        0.2709097237472919, 40.787516827765685], [0.7283194414759355, -0.5375181669142012,
        -0.4249999276335701, -63.986968997738444], [0.5040010334452417, 2.617640831870105e-08,
        0.863703062904234, 130.0370308492764], [0.0, 0.0, 0.0, 1.0]], [[0.42353421449661255,
        -0.42106863856315613, -0.8020723462104797, -120.75805344214517], [-0.9058801531791687,
        -0.19686610996723175, -0.37500011920928955, -56.45909029212215], [1.1529323273862246e-08,
        0.8854067921638489, -0.4648173153400421, -69.98176030108475], [0.0, 0.0, 0.0,
        1.0]], [[0.42106873577202575, 0.42353439579557456, -0.8020723305027742, -120.75805344214517],
      [0.19686600420626982, -0.9058801614027163, -0.37500005460944696, -56.45909029212215],
      [-0.8854066743120823, -5.8785994488941284e-08, -0.46481739456183174, -69.98176030108475],
      [0.0, 0.0, 0.0, 1.0]], [[-0.4235342277785684, 0.4210688011712566, -0.8020723902380675,
        -120.75805344214517], [0.905880146969337, 0.19686618599284778, -0.3749999837666346,
        -56.45909029212215], [-1.922648841069661e-08, -0.8854066979291306, -0.4648173486384799,
        -69.98176030108475], [0.0, 0.0, 0.0, 1.0]], [[-0.42106874905398173, -0.4235342331874741,
        -0.8020724059457731, -120.75805344214517], [-0.19686601041610133, 0.9058802374283325,
        -0.3750000483664771, -56.45909029212215], [0.8854066666149172, 1.530207125455263e-07,
        -0.46481726941669005, -69.98176030108475], [0.0, 0.0, 0.0, 1.0]], [[0.3319152593612671,
        0.1915513128042221, 0.9236559867858887, 139.0634018831642], [0.9433092474937439,
        -0.0673997700214386, -0.3250000774860382, -48.93121158650587], [-4.6363069827748404e-08,
        0.9791657328605652, -0.20306317508220673, -30.57269880050865], [0.0, 0.0,
        0.0, 1.0]], [[-0.19155137136662245, 0.33191521655510137, 0.9236560228367583,
        139.0634018831642], [0.06739971846979488, 0.943309310811417, -0.32500001151295654,
        -48.93121158650587], [-0.9791656784639826, 3.58845767059468e-08, -0.20306311668979005,
        -30.57269880050865], [0.0, 0.0, 0.0, 1.0]], [[-0.3319152330973746, -0.19155142844692044,
        0.9236560284175905, 139.0634018831642], [-0.943309256735026, 0.06739981071178044,
        -0.32499995025784834, -48.93121158650587], [4.058902660162146e-08, -0.9791657074368425,
        -0.20306318934275333, -30.57269880050865], [0.0, 0.0, 0.0, 1.0]], [[0.19155139763051499,
        -0.33191533219779973, 0.9236559923667207, 139.0634018831642], [-0.06739972771107698,
        -0.9433092701210752, -0.32500001623092994, -48.93121158650587], [0.9791656726899396,
        -1.046085416900322e-08, -0.20306324773517, -30.57269880050865], [0.0, 0.0,
        0.0, 1.0]], [[0.4452986717224121, 0.704237163066864, -0.552954912185669, -83.25154366063235],
      [-0.8953821063041687, 0.3502369225025177, -0.2749999761581421, -41.40333288088957],
      [5.228093868936412e-08, 0.6175630688667297, 0.7865213751792908, 118.41675399648707],
      [0.0, 0.0, 0.0, 1.0]], [[-0.7042372021415082, 0.4452986522256222, -0.5529548557868138,
        -83.25154366063235], [-0.3502369779002101, -0.8953821184738036, -0.27499995153563783,
        -41.40333288088957], [-0.6175629893044638, 2.9271798096530688e-08, 0.7865214234388933,
        118.41675399648707], [0.0, 0.0, 0.0, 1.0]], [[-0.44529872889130595, -0.7042372158456425,
        -0.5529548231492967, -83.25154366063235], [0.8953820778724716, -0.350236948750888,
        -0.2750000225799265, -41.40333288088957], [2.903592933778503e-08, -0.6175629937943496,
        0.7865214215443419, 118.41675399648707], [0.0, 0.0, 0.0, 1.0]], [[0.7042371449726145,
        -0.4452987050044007, -0.5529548795481517, -83.25154366063235], [0.3502369494685131,
        0.8953820922254333, -0.27500004720243093, -41.40333288088957], [0.6175630706213321,
        4.5800581938149065e-08, 0.7865213732847393, 118.41675399648707], [0.0, 0.0,
        0.0, 1.0]], [[0.8738017082214355, -0.4698847532272339, -0.125215545296669,
        -18.85214445190427], [-0.48628243803977966, -0.844336986541748, -0.22499993443489075,
        -33.8754541752733], [-5.354258192369343e-08, 0.2574954330921173, -0.9662798047065735,
        -145.48069760821178], [0.0, 0.0, 0.0, 1.0]], [[0.4698847311107023, 0.8738019788863369,
        -0.12521568378928533, -18.85214445190427], [0.8443366701741474, -0.4862824569274695,
        -0.22500005299769282, -33.8754541752733], [-0.2574955566701484, -1.4397057657156154e-07,
        -0.9662797591524093, -145.48069760821178], [0.0, 0.0, 0.0, 1.0]], [[-0.8738017252039098,
        0.46988472178562213, -0.12521555897479308, -18.85214445190427], [0.4862824075239388,
        0.8443369300442559, -0.22500019252435718, -33.8754541752733], [-7.751000218477726e-08,
        -0.25749567572486476, -0.9662797428374733, -145.48069760821178], [0.0, 0.0,
        0.0, 1.0]], [[-0.46988474809317676, -0.8738020103279488, -0.12521542048217685,
        -18.85214445190427], [-0.8443367006899882, 0.4862824004299776, -0.22500007396155514,
        -33.8754541752733], [0.2574954256175644, -9.866217098863928e-08, -0.9662797883916373,
        -145.48069760821178], [0.0, 0.0, 0.0, 1.0]], [[0.2264138162136078, -0.6180248260498047,
        0.752849280834198, 113.34715879060845], [0.9740312099456787, 0.14366008341312408,
        -0.17499999701976776, -26.347575469657002], [-3.5951192245420316e-08, 0.7729211449623108,
        0.634502112865448, 95.52910542633481], [0.0, 0.0, 0.0, 1.0]], [[0.6180248894054192,
        0.2264138958721298, 0.7528492464699915, 113.34715879060845], [-0.14366007996860053,
        0.9740311849556003, -0.17500004105867956, -26.347575469657002], [-0.772921103101402,
        9.48859141258751e-09, 0.6345021414930229, 95.52910542633481], [0.0, 0.0, 0.0,
        1.0]], [[-0.22641383090959502, 0.6180249516484281, 0.7528492235370328, 113.34715879060845],
      [-0.974031206529593, -0.14366011260855552, -0.1749999977022677, -26.347575469657002],
      [2.356539849568416e-08, -0.7729210391076581, 0.6345021806614212, 95.52910542633481],
      [0.0, 0.0, 0.0, 1.0]], [[-0.6180249041014065, -0.2264137702735063, 0.7528492579012392,
        113.34715879060845], [0.1436600833846862, -0.9740312141510319, -0.17499995366335597,
        -26.347575469657002], [0.7729210907156084, 9.636606107532586e-08, 0.6345021520338464,
        95.52910542633481], [0.0, 0.0, 0.0, 1.0]], [[0.1251051425933838, 0.04067164286971092,
        -0.9913094639778137, -149.24915251714035], [-0.992143452167511, 0.005128564778715372,
        -0.12499996274709702, -18.819696764040707], [3.0540402207179795e-08, 0.9991593956947327,
        0.04099372401833534, 6.171921031040594], [0.0, 0.0, 0.0, 1.0]], [[-0.040671703659741126,
        0.12510512000113988, -0.9913094613629191, -149.24915251714035], [-0.005128562597959748,
        -0.9921434834059906, -0.12499996131423488, -18.819696764040707], [-0.9991593650410684,
        4.1397369974051704e-08, 0.04099379162076371, 6.171921031040594], [0.0, 0.0,
        0.0, 1.0]], [[-0.12510517679352642, -0.04067173009655218, -0.991309452853877,
        -149.24915251714035], [0.9921434478550155, -0.005128575777657026, -0.1250000284363583,
        -18.819696764040707], [-2.9126119059693033e-08, -0.9991593920876292, 0.040993792714311694,
        6.171921031040594], [0.0, 0.0, 0.0, 1.0]], [[0.04067166945959845, -0.12510520722798116,
        -0.9913094554687718, -149.24915251714035], [0.005128558285464429, 0.9921434724070489,
        -0.12500002986922037, -18.819696764040707], [0.9991593664553519, -3.779026661043794e-08,
        0.04099372511188334, 6.171921031040594], [0.0, 0.0, 0.0, 1.0]], [[0.10551469773054123,
        0.6994668841362, 0.7068331837654114, 106.41906482189916], [0.9944179654121399,
        -0.07421883195638657, -0.07500004768371582, -11.29181805842443], [1.0620056656307497e-07,
        0.7108010649681091, -0.7033936977386475, -105.90118323208824], [0.0, 0.0,
        0.0, 1.0]], [[-0.6994669946708254, 0.10551512221220366, 0.7068333217783457,
        106.41906482189916], [0.07421841375530655, 0.994417955371097, -0.0750002245671414,
        -11.29181805842443], [-0.7108009508979349, 2.8891498787819714e-07, -0.703393540190428,
        -105.90118323208824], [0.0, 0.0, 0.0, 1.0]], [[-0.10551490926536047, -0.6994668521378645,
        0.7068334580130718, 106.41906482189916], [-0.9944179429667945, 0.0742188285611362,
        -0.07500001612948942, -11.29181805842443], [1.0430483177282422e-07, -0.710801096810727,
        -0.7033934255143521, -105.90118323208824], [0.0, 0.0, 0.0, 1.0]], [[0.6994667831360062,
        -0.10551509021386829, 0.7068333200001375, 106.41906482189916], [-0.07421839130996127,
        -0.9944179587663474, -0.07499983924606402, -11.29181805842443], [0.7108011614033333,
        -3.207576058095185e-07, -0.7033935830625717, -105.90118323208824], [0.0, 0.0,
        0.0, 1.0]], [[0.47609856724739075, 0.878178596496582, -0.0461779460310936,
        -6.952298433327524], [-0.8793919086456299, 0.47544175386428833, -0.02499939128756523,
        -3.763939352808134], [9.894155255096848e-07, 0.052510686218738556, 0.9986203908920288,
        150.3498634173999], [0.0, 0.0, 0.0, 1.0]], [[-0.878178711433751, 0.47609857213727186,
        -0.04617640229358774, -6.952298433327524], [-0.4754418071676857, -0.8793918526106371,
        -0.024999064865261822, -3.763939352808134], [-0.05250917547517714, 5.49715150649499e-07,
        0.9986204704475224, 150.3498634173999], [0.0, 0.0, 0.0, 1.0]], [[-0.4760986575705345,
        -0.8781786461174228, -0.046176074332732374, -6.952298433327524], [0.8793918597451348,
        -0.47544178072876164, -0.025000610146647107, -3.763939352808134], [9.639057298662025e-07,
        -0.05250961312230845, 0.9986204469272905, 150.3498634173999], [0.0, 0.0, 0.0,
        1.0]], [[0.8781786211106073, -0.4760986217581127, -0.04617761807023823, -6.952298433327524],
      [0.47544175826719093, 0.8793918257461639, -0.025000936568950527, -3.763939352808134],
      [0.05251112879643252, 5.233812794477877e-07, 0.9986203673717968, 150.3498634173999],
      [0.0, 0.0, 0.0, 1.0]], [[-0.03900192677974701, -0.7669597864151001, -0.6405089497566223,
        -96.43346498615074], [-0.9992392063140869, 0.029935449361801147, 0.025000158697366714,
        3.763939352808144], [-1.426564040230005e-07, 0.6409966349601746, -0.7675438523292542,
        -115.55952022183934], [0.0, 0.0, 0.0, 1.0]], [[0.7669596445838621, -0.03900168761750206,
        -0.6405091027146166, -96.43346498615074], [-0.0299355872646006, -0.9992392103493719,
        0.025000045292181805, 3.763939352808144], [-0.6409968064839939, -7.991182005007147e-08,
        -0.7675437283808411, -115.55952022183934], [0.0, 0.0, 0.0, 1.0]], [[0.03900165744943,
        0.7669597751402276, -0.6405090187698895, -96.43346498615074], [0.9992392168264433,
        -0.029935448921726487, 0.02499984850017353, 3.763939352808144], [-1.800913292052306e-07,
        -0.6409966484712398, -0.7675438048418205, -115.55952022183934], [0.0, 0.0,
        0.0, 1.0]], [[-0.7669599139141793, 0.03900167634262963, -0.6405088658118954,
        -96.43346498615074], [0.02993559777695719, 0.9992392107894469, 0.024999961905358525,
        3.763939352808144], [0.6409964837362607, 6.640075478347995e-08, -0.7675439287902333,
        -115.55952022183934], [0.0, 0.0, 0.0, 1.0]], [[-0.07567182183265686, -0.1325901448726654,
        0.9882780909538269, 148.79275316233685], [0.9971327781677246, -0.010062157176434994,
        0.0749998539686203, 11.291818058424438], [-2.8742874746967573e-08, 0.9911198616027832,
        0.1329714059829712, 20.019854492373263], [0.0, 0.0, 0.0, 1.0]], [[0.1325903126026302,
        -0.07567195144067271, 0.9882780600864981, 148.79275316233685], [0.010062172505077852,
        0.9971327541270901, 0.07499998520063875, 11.291818058424438], [-0.9911198532994755,
        -4.894112151307417e-08, 0.13297156137804442, 20.019854492373263], [0.0, 0.0,
        0.0, 1.0]], [[0.07567211890431211, 0.13259017989724226, 0.9882780658819754,
        148.79275316233685], [-0.997132755623085, 0.010062159834435194, 0.07500014287865887,
        11.291818058424438], [6.871344566366264e-08, -0.9911198568902764, 0.13297142936926504,
        20.019854492373263], [0.0, 0.0, 0.0, 1.0]], [[-0.13259001553097502, 0.07567198646524959,
        0.9882780967493042, 148.79275316233685], [-0.010062149960438263, -0.9971327514690901,
        0.07500001164664041, 11.291818058424438], [0.9911198932700466, 5.3653628269423326e-08,
        0.13297127397419178, 20.019854492373263], [0.0, 0.0, 0.0, 1.0]], [[-0.15170693397521973,
        0.5600935816764832, -0.814420223236084, -122.61711952664602], [-0.988425612449646,
        -0.08596504479646683, 0.1249999925494194, 18.819696764040735], [7.005726132547352e-08,
        0.8239571452140808, 0.5666521787643433, 85.31379803575871], [0.0, 0.0, 0.0,
        1.0]], [[-0.5600936869382358, -0.15170702006854503, -0.8144201159164428, -122.61711952664602],
      [0.08596503084285309, -0.9884255998168506, 0.12500016214610482, 18.819696764040735],
      [-0.8239570744199878, 9.377846754698993e-08, 0.5666522955973448, 85.31379803575871],
      [0.0, 0.0, 0.0, 1.0]], [[0.1517069022439353, -0.5600937520822001, -0.8144200344182133,
        -122.61711952664602], [0.9884256173198726, 0.08596507095092154, 0.12500000618203305,
        18.819696764040735], [-4.7979460233155517e-08, -0.8239570266502214, 0.5666524471352552,
        85.31379803575871], [0.0, 0.0, 0.0, 1.0]], [[0.5600936552069514, 0.15170684966282805,
        -0.8144201417378546, -122.61711952664602], [-0.08596502597262638, 0.9884256259713055,
        0.12499983658534752, 18.819696764040735], [0.8239570964977889, 2.478539173900174e-08,
        0.5666523303022536, 85.31379803575871], [0.0, 0.0, 0.0, 1.0]], [[-0.629342257976532,
        0.7464791536331177, 0.21609440445899963, 32.534652839912006], [0.7771279811859131,
        0.6045221090316772, 0.17500005662441254, 26.347575469657027], [7.588030825900205e-08,
        0.27806800603866577, -0.9605610966682434, -144.61979378371964], [0.0, 0.0,
        0.0, 1.0]], [[-0.7464791596481806, -0.6293425110476305, 0.21609425946595304,
        32.534652839912006], [-0.6045218678764102, 0.7771279990371628, 0.17499999279267006,
        26.347575469657027], [-0.2780678915072019, 2.8865833112678985e-08, -0.9605611409160598,
        -144.61979378371964], [0.0, 0.0, 0.0, 1.0]], [[0.6293422444254327, -0.7464791699515207,
        0.21609432852362867, 32.534652839912006], [-0.777127992160016, -0.6045221222468284,
        0.17499984395624005, 26.347575469657027], [-1.5644312591137198e-08, -0.2780679335017294,
        -0.9605611524961593, -144.61979378371964], [0.0, 0.0, 0.0, 1.0]], [[0.7464791460970814,
        0.6293424947292274, 0.21609447351667532, 32.534652839912006], [0.6045218569023071,
        -0.7771280122523142, 0.1749999077879825, 26.347575469657027], [0.2780679517431976,
        4.367110323366674e-08, -0.9605611082483427, -144.61979378371964], [0.0, 0.0,
        0.0, 1.0]], [[-0.42124223709106445, -0.7667337656021118, 0.4844326376914978,
        72.93498842960324], [0.9069485068321228, -0.35611793398857117, 0.2250000238418579,
        33.875454175273326], [-8.217111968633617e-08, 0.5341348052024841, 0.8453993797302246,
        127.28127980885903], [0.0, 0.0, 0.0, 1.0]], [[0.7667336737757134, -0.4212422551443861,
        0.48443258759336305, 72.93498842960324], [0.3561178629997558, 0.9069485116765157,
        0.22499993097342524, 33.875454175273326], [-0.5341349618826627, -5.673721698018497e-08,
        0.8453994331541627, 127.28127980885903], [0.0, 0.0, 0.0, 1.0]], [[0.4212421369299459,
        0.766733678856071, 0.4844324970620616, 72.93498842960324], [-0.9069485533530511,
        0.3561178936984226, 0.22499999920665148, 33.875454175273326], [-9.262338762672388e-08,
        -0.5341349565858917, 0.8453994668705733, 127.28127980885903], [0.0, 0.0, 0.0,
        1.0]], [[-0.766733773936832, 0.42124216839834555, 0.48443254716019635, 72.93498842960324],
      [-0.3561179095206843, -0.9069485519666644, 0.22500009207508417, 33.875454175273326],
      [0.5341347870881552, -9.464619066257285e-08, 0.8453994134466353, 127.28127980885903],
      [0.0, 0.0, 0.0, 1.0]], [[-0.28755107522010803, -0.27987486124038696, -0.9159610271453857,
        -137.90486161453], [-0.9577653408050537, 0.08402717113494873, 0.27500003576278687,
        41.403332880889586], [5.90767399444303e-08, 0.9563522338867188, -0.29221656918525696,
        -43.99541217013476], [0.0, 0.0, 0.0, 1.0]], [[0.2798747806821347, -0.28755098213170643,
        -0.915961037118738, -137.90486161453], [-0.08402721124014742, -0.9577653843079085,
        0.27500003746758594, 41.403332880889586], [-0.9563522383604249, 2.575486465761223e-08,
        -0.29221653631914557, -43.99541217013476], [0.0, 0.0, 0.0, 1.0]], [[0.2875509363988946,
        0.2798748826966342, -0.9159610466550892, -137.90486161453], [0.9577653824835041,
        -0.08402717757678226, 0.2750000044491323, 41.403332880889586], [-1.0336449348751425e-07,
        -0.956352227041591, -0.29221653750028787, -43.99541217013476], [0.0, 0.0,
        0.0, 1.0]], [[-0.2798749195033482, 0.2875510035879536, -0.915961036681737,
        -137.90486161453], [0.08402725291859793, 0.957765377866075, 0.2750000027443332,
        41.403332880889586], [0.9563521940726715, -1.8909736970718072e-08, -0.2922165703663994,
        -43.99541217013476], [0.0, 0.0, 0.0, 1.0]], [[-0.35404232144355774, 0.37096208333969116,
        0.8585106134414673, 129.25530318690977], [0.9352290034294128, 0.14043256640434265,
        0.3249998688697815, 48.93121158650588], [1.1353417761483797e-08, 0.9179680943489075,
        -0.3966533839702606, -59.71922850577599], [0.0, 0.0, 0.0, 1.0]], [[-0.3709618803965679,
        -0.35404270375674846, 0.8585104244789546, 129.25530318690977], [-0.1404321234680739,
        0.9352290410064077, 0.32500013848196196, 48.93121158650588], [-0.9179680583874401,
        -2.1289147336678305e-07, -0.39665357204965324, -59.71922850577599], [0.0,
        0.0, 0.0, 1.0]], [[0.3540427772945897, -0.3709620173554102, 0.8585103786620709,
        129.25530318690977], [-0.9352288308613039, -0.14043254142516773, 0.3249999020610804,
        48.93121158650588], [-2.2196815679698058e-07, -0.9179681248353193, -0.3966538649274383,
        -59.71922850577599], [0.0, 0.0, 0.0, 1.0]], [[0.3709623362475999, 0.3540427697410294,
        0.8585105676245837, 129.25530318690977], [0.14043229603618274, -0.9352290160272327,
        0.3249996324488999, 48.93121158650588], [0.9179678477727012, 1.8240506141631307e-07,
        -0.39665367684804564, -59.71922850577599], [0.0, 0.0, 0.0, 1.0]], [[-0.7234196662902832,
        0.5904069542884827, -0.35788822174072266, -53.88277945459602], [-0.6904088258743286,
        -0.618636429309845, 0.375, 56.45909029212218], [-4.836267919472448e-08, 0.5183714628219604,
        0.8551555871963501, 128.75014689009805], [0.0, 0.0, 0.0, 1.0]], [[-0.5904069337405087,
        -0.7234196444569921, -0.35788822150561983, -53.88277945459602], [0.6186363731821831,
        -0.6904088606205091, 0.3750000188656846, 56.45909029212218], [-0.518371537401352,
        -1.6077626779908982e-07, 0.8551555790218244, 128.75014689009805], [0.0, 0.0,
        0.0, 1.0]], [[0.7234196574160626, -0.5904068794349009, -0.35788820230707746,
        -53.88277945459602], [0.6904088351728541, 0.6186363508772699, 0.3750000215902015,
        56.45909029212218], [6.956717502501326e-08, -0.5183716416807671, 0.8551555858617939,
        128.75014689009805], [0.0, 0.0, 0.0, 1.0]], [[0.5904069248662881, 0.723419719310574,
        -0.3578882025421803, -53.88277945459602], [-0.6186363638836576, 0.6904087821879342,
        0.3750000027245169, 56.45909029212218], [0.5183715586058478, -1.8082538799646386e-08,
        0.8551555940363196, 128.75014689009805], [0.0, 0.0, 0.0, 1.0]], [[-0.8112037181854248,
        -0.4980847239494324, -0.30636468529701233, -46.1255339310704], [-0.5847629308700562,
        0.6909611821174622, 0.42499980330467224, 63.98696899773847], [1.3306512869348808e-07,
        0.5239123702049255, -0.8517717123031616, -128.24073471656575], [0.0, 0.0,
        0.0, 1.0]], [[0.49808470901583063, -0.8112042428477375, -0.30636460972402746,
        -46.1255339310704], [-0.6909607574444513, -0.5847628540395797, 0.4249997820608246,
        63.98696899773847], [-0.5239122178705319, -1.618556827454043e-08, -0.8517717500850233,
        -128.24073471656575], [0.0, 0.0, 0.0, 1.0]], [[0.8112037994369073, 0.4980846088097327,
        -0.3063645755718207, -46.1255339310704], [0.584762818155132, -0.6909610223916063,
        0.42499985800681206, 63.98696899773847], [9.283469020218016e-08, -0.523912690322623,
        -0.8517717244748708, -128.24073471656575], [0.0, 0.0, 0.0, 1.0]], [[-0.4980846277643481,
        0.811204127708038, -0.3063646511448053, -46.1255339310704], [0.6909606447295273,
        0.5847630137654356, 0.42499987925065963, 63.98696899773847], [0.5239124437703506,
        -3.039321290754238e-07, -0.8517716866930092, -128.24073471656575], [0.0, 0.0,
        0.0, 1.0]], [[-0.5206296443939209, -0.34953537583351135, 0.7789542078971863,
        117.27744432315309], [0.8537825345993042, -0.2131439447402954, 0.47499990463256836,
        71.51484770335477], [1.2455045350634464e-07, 0.9123566150665283, 0.40939635038375854,
        61.63773790125789], [0.0, 0.0, 0.0, 1.0]], [[0.34953559942220946, -0.5206296362709241,
        0.7789541205144455, 117.27744432315309], [0.21314409828029282, 0.8537825806553866,
        0.47499986853857223, 71.51484770335477], [-0.9123564550730191, 1.2232875162832002e-07,
        0.4093965585237973, 61.63773790125789], [0.0, 0.0, 0.0, 1.0]], [[0.5206298666319422,
        0.34953564059389747, 0.7789540068711727, 117.27744432315309], [-0.8537823990803362,
        0.21314410618906185, 0.47500006644430026, 71.51484770335477], [-7.74837812065482e-09,
        -0.9123564759158898, 0.4093965451325628, 61.63773790125789], [0.0, 0.0, 0.0,
        1.0]], [[-0.3495353771841882, 0.5206299010313102, 0.7789540942539136, 117.27744432315309],
      [-0.2131439627613248, -0.8537824192066203, 0.4750001025382962, 71.51484770335477],
      [0.9123565718750946, 1.682188688345576e-08, 0.40939633699252387, 61.63773790125789],
      [0.0, 0.0, 0.0, 1.0]], [[-0.5378075838088989, 0.18289296329021454, -0.8229902386665344,
        -123.90742676312772], [-0.843067467212677, -0.11667071282863617, 0.5250000357627869,
        79.04272640897103], [-1.0641932846056079e-07, 0.9761854410171509, 0.2169376164674759,
        32.66160004294277], [0.0, 0.0, 0.0, 1.0]], [[-0.18289297959876386, -0.5378076807198847,
        -0.8229902797624057, -123.90742676312772], [0.11667077566616324, -0.8430674973366982,
        0.5249999484254088, 79.04272640897103], [-0.9761853510444198, -4.6579084631015455e-08,
        0.21693767192406216, 32.66160004294277], [0.0, 0.0, 0.0, 1.0]], [[0.5378075928563136,
        -0.18289308085704964, -0.8229903278238753, -123.90742676312772], [0.8430674614411718,
        0.11667078782658752, 0.5249999117004148, 79.04272640897103], [1.0403445883097877e-07,
        -0.9761854100269102, 0.21693757847091258, 32.66160004294277], [0.0, 0.0, 0.0,
        1.0]], [[0.1828929886461786, 0.5378075631530497, -0.8229902867280041, -123.90742676312772],
      [-0.11667078143766832, 0.8430675723346497, 0.5249999990377929, 79.04272640897103],
      [0.9761853486595503, 7.756932520613935e-08, 0.2169375230143263, 32.66160004294277],
      [0.0, 0.0, 0.0, 1.0]], [[-0.792504072189331, 0.4196927845478058, 0.4424882233142853,
        66.61995585752867], [0.6098670959472656, 0.5453777313232422, 0.5750003457069397,
        86.57060511458732], [1.7538430086005974e-07, 0.7255489230155945, -0.6881710290908813,
        -103.60933806478829], [0.0, 0.0, 0.0, 1.0]], [[-0.41969299645410507, -0.7925038462796858,
        0.4424882184020644, 66.61995585752867], [-0.545378302452409, 0.6098670318566614,
        0.5750000923469498, 86.57060511458732], [-0.7255486717632098, 3.4148937289035786e-07,
        -0.6881712439439049, -103.60933806478829], [0.0, 0.0, 0.0, 1.0]], [[0.7925038315325971,
        -0.4196930705139282, 0.4424885162975199, 66.61995585752867], [-0.6098674086733673,
        -0.545378102927515, 0.5749999938965664, 86.57060511458732], [1.9889221388155852e-07,
        -0.7255484782725705, -0.6881711346596161, -103.60933806478829], [0.0, 0.0,
        0.0, 1.0]], [[0.41969275579737136, 0.7925035603135635, 0.4424885212097407,
        66.61995585752867], [0.5453779897263075, -0.6098674034609342, 0.5750002472565563,
        86.57060511458732], [0.7255490460397245, 1.032536510736648e-07, -0.6881709198065926,
        -103.60933806478829], [0.0, 0.0, 0.0, 1.0]], [[-0.9783473014831543, -0.1592315286397934,
        0.13221921026706696, 19.906606863504912], [0.20697003602981567, -0.7526875138282776,
        0.625, 94.09848382020363], [5.250732115769097e-08, 0.6388324499130249, 0.7693458795547485,
        115.83084851847198], [0.0, 0.0, 0.0, 1.0]], [[0.15923150840711175, -0.9783473222560359,
        0.13221922925444773, 19.906606863504912], [0.7526874570487652, 0.20697002024998817,
        0.6250000182155865, 94.09848382020363], [-0.6388324951545712, 1.6147391868059913e-08,
        0.769345861493641, 115.83084851847198], [0.0, 0.0, 0.0, 1.0]], [[0.9783472972010477,
        0.159231513626158, 0.13221925455672615, 19.906606863504912], [-0.20697005627132417,
        0.752687442858859, 0.6250000012196977, 94.09848382020363], [-7.742367492485763e-08,
        -0.6388325372730724, 0.7693458709523033, 115.83084851847198], [0.0, 0.0, 0.0,
        1.0]], [[-0.15923151268921823, 0.9783473072424006, 0.1322192355693454, 19.906606863504912],
