{cam2Pos: [[[-0.8506510853767395, -1.0135668304656065e-07, -0.5257311463356018, -193.99525943246894],
      [-0.5257311463356018, -1.6016470283375384e-07, 0.85065096616745, 313.89092341808845],
      [-1.0135668304656065e-07, 1.0000001192092896, -1.6016470283375384e-07, 0.0],
      [0.0, 0.0, 0.0, 1.0]], [[2.4953470220443696e-08, -0.8506508661439841, -0.5257310559092958,
        -193.99525943246894], [1.5241630445318052e-07, -0.5257312453593469, 0.8506510220539807,
        313.89092341808845], [-1.0000002536399464, -1.7042271159743595e-07, 5.386220452985311e-08,
        0.0], [0.0, 0.0, 0.0, 1.0]], [[0.8506509628453914, 1.8858375180195802e-07,
        -0.5257312379714575, -193.99525943246894], [0.5257313445954874, 1.902834061555513e-08,
        0.8506509095333765, 313.89092341808845], [1.0135668292409594e-07, -1.0000001192092896,
        1.6016470283375384e-07, 0.0], [0.0, 0.0, 0.0, 1.0]], [[-1.4748481823287718e-07,
        0.850650953371053, -0.5257313283977636, -193.99525943246894], [4.584358127767543e-08,
        0.5257311042229847, 0.8506508536468459, 313.89092341808845], [1.0000002536399464,
        1.7042271148641362e-07, -5.38622045298531e-08, 0.0], [0.0, 0.0, 0.0, 1.0]],
    [[-0.8506510853767395, 1.0135668304656065e-07, 0.5257311463356018, 193.99525943246894],
      [0.5257311463356018, -1.6016470283375384e-07, 0.85065096616745, 313.89092341808845],
      [1.0135668304656065e-07, 1.0000001192092896, -1.6016470283375384e-07, 0.0],
      [0.0, 0.0, 0.0, 1.0]], [[-1.4748481851043293e-07, -0.850650953371053, 0.5257313283977636,
        193.99525943246894], [-4.5843581055630827e-08, 0.5257311042229847, 0.850650853646846,
        313.89092341808845], [-1.0000002536399464, 1.7042271181948055e-07, -5.386220452985315e-08,
        0.0], [0.0, 0.0, 0.0, 1.0]], [[0.8506509628453914, -1.8858375201030743e-07,
        0.5257312379714575, 193.99525943246894], [-0.5257313445954874, 1.9028340744322132e-08,
        0.8506509095333765, 313.89092341808845], [-1.0135668316902536e-07, -1.0000001192092896,
        1.6016470283375384e-07, 0.0], [0.0, 0.0, 0.0, 1.0]], [[2.4953470497999452e-08,
        0.8506508661439841, 0.5257310559092958, 193.99525943246894], [-1.5241630467522512e-07,
        -0.5257312453593469, 0.8506510220539806, 313.89092341808845], [1.0000002536399464,
        -1.7042271193050288e-07, 5.3862204529853164e-08, 0.0], [0.0, 0.0, 0.0, 1.0]],
    [[0.8506508469581604, -2.3034644414110517e-08, -0.525731086730957, -193.99525943246894],
      [-0.525731086730957, -1.256127291071607e-07, -0.8506508469581604, -313.89092341808845],
      [-2.3034644414110517e-08, 1.0, -1.256127291071607e-07, 0.0], [0.0, 0.0, 0.0,
        1.0]], [[2.4299681849174657e-09, 0.8506507458097007, -0.5257312292197657,
        -193.99525943246894], [4.774626812933439e-08, -0.5257312133147642, -0.8506507588952338,
        -313.89092341808845], [-1.0000000194929732, -4.644408076783983e-08, -4.1892911417651404e-08,
        0.0], [0.0, 0.0, 0.0, 1.0]], [[-0.8506508029093465, -1.0205003419547903e-07,
        -0.5257311580034351, -193.99525943246894], [0.525731158003435, -7.677853258795385e-08,
        -0.8506508029093466, -313.89092341808845], [2.3034644291645835e-08, -1.0,
        1.256127291071607e-07, 0.0], [0.0, 0.0, 0.0, 1.0]], [[4.161884568929154e-08,
        -0.8506508708943793, -0.5257310155146265, -193.99525943246894], [2.352620990118078e-08,
        0.5257310109235027, -0.8506508909722733, -313.89092341808845], [1.0000000194929732,
        4.6444080656817526e-08, 4.189291141765142e-08, 0.0], [0.0, 0.0, 0.0, 1.0]],
    [[0.8506508469581604, 2.3034644414110517e-08, 0.525731086730957, 193.99525943246894],
      [0.525731086730957, -1.256127291071607e-07, -0.8506508469581604, -313.89092341808845],
      [2.3034644414110517e-08, 1.0, -1.256127291071607e-07, 0.0], [0.0, 0.0, 0.0,
        1.0]], [[4.16188459668473e-08, 0.8506508708943793, 0.5257310155146265, 193.99525943246894],
      [-2.3526209679136176e-08, 0.5257310109235027, -0.8506508909722733, -313.89092341808845],
      [-1.0000000194929732, 4.644408098988443e-08, 4.189291141765138e-08, 0.0], [
        0.0, 0.0, 0.0, 1.0]], [[-0.8506508029093465, 1.0205003440382838e-07, 0.5257311580034351,
        193.99525943246894], [-0.525731158003435, -7.677853245918687e-08, -0.8506508029093466,
        -313.89092341808845], [-2.30346445365752e-08, -1.0, 1.256127291071607e-07,
        0.0], [0.0, 0.0, 0.0, 1.0]], [[2.4299679073617095e-09, -0.8506507458097007,
        0.5257312292197657, 193.99525943246894], [-4.7746268351378994e-08, -0.5257312133147642,
        -0.8506507588952338, -313.89092341808845], [1.0000000194929732, -4.6444081100906735e-08,
        -4.1892911417651364e-08, 0.0], [0.0, 0.0, 0.0, 1.0]], [[1.0, 0.0, 0.0, 0.0],
      [0.0, 0.8506507873535156, -0.5257311463356018, -193.99525943246894], [0.0, 0.5257311463356018,
        0.8506507873535156, 313.89092341808845], [0.0, 0.0, 0.0, 1.0]], [[1.1102230246251565e-16,
        1.0000000001262501, -4.014584403799759e-08, 0.0], [-0.85065080835204, -2.110591904025405e-08,
        -0.5257311121855072, -193.99525943246894], [-0.5257311121191335, 3.415009475205011e-08,
        0.8506508084594349, 313.89092341808845], [0.0, 0.0, 0.0, 1.0]], [[-1.0, 1.2246467993019653e-16,
        -4.916447931908778e-24, 0.0], [-1.0417467896404344e-16, -0.850650829565354,
        -0.5257310780354125, -193.99525943246894], [-6.438349236688751e-17, -0.5257310780354124,
        0.8506508295653541, 313.89092341808845], [0.0, 0.0, 0.0, 1.0]], [[-2.220446049250313e-16,
        -1.0000000001262501, 4.014584403799759e-08, 0.0], [0.85065080835204, -2.1105919317809807e-08,
        -0.5257311121855073, -193.99525943246894], [0.5257311121191335, 3.4150094530005504e-08,
        0.8506508084594349, 313.89092341808845], [0.0, 0.0, 0.0, 1.0]], [[-1.000000238418579,
        -8.742278367890322e-08, -5.42449132080779e-15, 0.0], [7.436626958678971e-08,
        -0.8506511449813843, 0.525731086730957, 193.99525943246894], [-4.596087421759876e-08,
        0.525731086730957, 0.8506508469581604, 313.89092341808845], [0.0, 0.0, 0.0,
        1.0]], [[8.742278874349186e-08, -1.0000002730066695, -4.189291141765139e-08,
        0.0], [0.8506510111630006, -3.0029738667947115e-08, 0.5257311223672007, 193.99525943246894],
      [-0.5257312374631925, -2.1487715368140314e-07, 0.8506508249337507, 313.89092341808845],
      [0.0, 0.0, 0.0, 1.0]], [[1.000000238418579, 8.74227835564385e-08, 5.4244913156773874e-15,
        0.0], [-7.436626232400002e-08, 0.8506509361893839, 0.5257311580034351, 193.99525943246894],
      [4.5960885736097615e-08, -0.52573142456351, 0.8506508029093466, 313.89092341808845],
      [0.0, 0.0, 0.0, 1.0]], [[-8.742278863246954e-08, 1.0000002730066695, 4.189291141765139e-08,
        0.0], [-0.8506510111629935, -1.787622616045148e-07, 0.5257311223671914, 193.99525943246894],
      [0.525731237463204, -1.2295539930651245e-07, 0.8506508249337563, 313.89092341808845],
      [0.0, 0.0, 0.0, 1.0]], [[1.0, 0.0, 0.0, 0.0], [0.0, -0.8506506681442261, -0.5257312059402466,
        -193.99525943246894], [0.0, 0.5257312059402466, -0.8506506681442261, -313.89092341808845],
      [0.0, 0.0, 0.0, 1.0]], [[1.1102230246251565e-16, 0.9999999300567879, 1.5352061560891528e-07,
        0.0], [0.85065080835204, 8.071056384340025e-08, -0.5257310753478108, -193.99525943246894],
      [-0.5257311121191335, 1.3059243586521774e-07, -0.8506507488547901, -313.89092341808845],
      [0.0, 0.0, 0.0, 1.0]], [[-1.0, 1.2246467134916223e-16, 1.8800853052062684e-23,
        0.0], [1.0417467896404344e-16, 0.850650829565354, -0.5257309447553751, -193.99525943246894],
      [-6.438349236688751e-17, -0.5257309447553751, -0.8506508295653541, -313.89092341808845],
      [0.0, 0.0, 0.0, 1.0]], [[-2.220446049250313e-16, -0.9999999300567879, -1.5352061560891528e-07,
        0.0], [-0.85065080835204, 8.071056409320043e-08, -0.5257310753478108, -193.99525943246894],
      [0.5257311121191335, 1.3059243569868428e-07, -0.8506507488547901, -313.89092341808845],
      [0.0, 0.0, 0.0, 1.0]], [[-0.9999999403953552, -8.742277657347586e-08, 1.6878427434451233e-14,
        0.0], [-7.4366255375935e-08, 0.85065096616745, 0.5257309079170227, 193.99525943246894],
      [-4.59608671121714e-08, 0.5257309079170227, -0.8506509065628052, -313.89092341808845],
      [0.0, 0.0, 0.0, 1.0]], [[8.742277291947263e-08, -1.0000000268904032, 2.2533714544303862e-07,
        0.0], [-0.8506507576493035, 6.057481130583575e-08, 0.525731099600262, 193.99525943246894],
      [-0.5257310807831127, -2.6430010585665187e-07, -0.8506507880960482, -313.89092341808845],
      [0.0, 0.0, 0.0, 1.0]], [[0.9999999403953552, 8.742277645101117e-08, -1.687842740685539e-14,
        0.0], [7.436624961342517e-08, -0.8506506962853164, 0.5257312912834725, 193.99525943246894],
      [4.5960876203166475e-08, -0.5257313445954874, -0.850650669629309, -313.89092341808845],
      [0.0, 0.0, 0.0, 1.0]], [[-8.742277280845033e-08, 1.0000000268904032, -2.2533714544303862e-07,
        0.0], [0.850650757649298, 2.0930732216872805e-07, 0.5257310996002333, 193.99525943246894],
      [0.5257310807831218, -1.7237835892025544e-07, -0.850650788096066, -313.89092341808845],
      [0.0, 0.0, 0.0, 1.0]], [[1.296109530812828e-07, 0.5257310271263123, 0.8506507873535156,
        313.89092341808845], [0.9999999403953552, 1.296109530812828e-07, -7.362394427445906e-08,
        0.0], [-7.362394427445906e-08, 0.8506507873535156, -0.5257309079170227, -193.99525943246894],
      [0.0, 0.0, 0.0, 1.0]], [[-0.5257309540701217, -1.2025106804758323e-07, 0.8506507405418029,
        313.89092341808845], [5.512242906131767e-09, 0.9999999374542179, 1.6266511304596776e-07,
        0.0], [-0.8506508359622388, -7.804756604889995e-08, -0.5257309836599648, -193.99525943246894],
      [0.0, 0.0, 0.0, 1.0]], [[1.238150379470121e-07, -0.5257311313474274, 0.850650616317294,
        313.89092341808845], [-0.9999999403953552, -1.2961095295881813e-07, 7.362394427445908e-08,
        0.0], [-8.300193195761891e-08, -0.850650722941324, -0.5257311846594425, -193.99525943246894],
      [0.0, 0.0, 0.0, 1.0]], [[0.5257312074961128, 1.602995275407082e-08, 0.8506506631290067,
        313.89092341808845], [-5.5122430171540696e-09, -0.9999999374542179, -1.6266511304596776e-07,
        0.0], [0.8506506793363627, 1.424597576848985e-07, -0.5257311089165004, -193.99525943246894],
      [0.0, 0.0, 0.0, 1.0]], [[4.75148809186976e-08, -0.5257310271263123, 0.8506507873535156,
        313.89092341808845], [0.9999999403953552, 1.296109530812828e-07, 7.362394427445906e-08,
        0.0], [-7.362394427445906e-08, 0.8506507873535156, 0.525731086730957, 193.99525943246894],
      [0.0, 0.0, 0.0, 1.0]], [[0.5257310822395793, 1.2025106804758323e-07, 0.8506508205098254,
        313.89092341808845], [-8.760831878770693e-08, 0.9999999374542179, -1.0556895246871534e-08,
        0.0], [-0.8506507567491577, -7.804756604889995e-08, 0.5257310330829208, 193.99525943246894],
      [0.0, 0.0, 0.0, 1.0]], [[-4.460195686795215e-08, 0.5257311313474274, 0.8506507762533391,
        313.89092341808845], [-0.9999999403953552, -1.2961095295881813e-07, -7.362394427445906e-08,
        0.0], [7.542423020050092e-08, -0.850650722941324, 0.52573110469142, 193.99525943246894],
      [0.0, 0.0, 0.0, 1.0]], [[-0.5257310793266552, -1.602995275407082e-08, 0.8506507430970293,
        313.89092341808845], [8.760831867668463e-08, -0.9999999374542179, 1.0556895246871534e-08,
        0.0], [0.8506507585494438, 1.424597576848985e-07, 0.5257311583394563, 193.99525943246894],
      [0.0, 0.0, 0.0, 1.0]], [[1.296109530812828e-07, -0.5257310271263123, -0.8506507873535156,
        -313.89092341808845], [-0.9999999403953552, 1.296109530812828e-07, -7.362394427445906e-08,
        0.0], [7.362394427445906e-08, 0.8506507873535156, -0.5257309079170227, -193.99525943246894],
      [0.0, 0.0, 0.0, 1.0]], [[0.5257312074961128, -1.6029952976115425e-08, -0.8506506631290067,
        -313.89092341808845], [5.512242684087189e-09, -0.9999999374542179, -1.6266511304596776e-07,
        0.0], [-0.8506506793363627, 1.4245975796245425e-07, -0.5257311089165003, -193.99525943246894],
      [0.0, 0.0, 0.0, 1.0]], [[1.238150380757791e-07, 0.5257311313474274, -0.850650616317294,
        -313.89092341808845], [0.9999999403953552, -1.2961095320374745e-07, 7.362394427445905e-08,
        0.0], [8.300193174926956e-08, -0.850650722941324, -0.5257311846594425, -193.99525943246894],
      [0.0, 0.0, 0.0, 1.0]], [[-0.5257309540701217, 1.2025106826962784e-07, -0.8506507405418029,
        -313.89092341808845], [-5.512242573064886e-09, 0.9999999374542179, 1.6266511304596776e-07,
        0.0], [0.8506508359622388, -7.804756632645571e-08, -0.525730983659965, -193.99525943246894],
      [0.0, 0.0, 0.0, 1.0]], [[4.75148809186976e-08, 0.5257310271263123, -0.8506507873535156,
        -313.89092341808845], [-0.9999999403953552, 1.296109530812828e-07, 7.362394427445906e-08,
        0.0], [7.362394427445906e-08, 0.8506507873535156, 0.525731086730957, 193.99525943246894],
      [0.0, 0.0, 0.0, 1.0]], [[-0.5257310793266552, 1.6029952976115425e-08, -0.8506507430970293,
        -313.89092341808845], [-8.760831900975152e-08, -0.9999999374542179, 1.0556895246871534e-08,
        0.0], [-0.8506507585494438, 1.4245975796245425e-07, 0.5257311583394563, 193.99525943246894],
      [0.0, 0.0, 0.0, 1.0]], [[-4.4601956996719125e-08, -0.5257311313474274, -0.8506507762533391,
        -313.89092341808845], [0.9999999403953552, -1.2961095320374745e-07, -7.362394427445906e-08,
        0.0], [-7.542423040885025e-08, -0.850650722941324, 0.52573110469142, 193.99525943246894],
      [0.0, 0.0, 0.0, 1.0]], [[0.5257310822395793, -1.2025106826962784e-07, -0.8506508205098254,
        -313.89092341808845], [8.760831912077381e-08, 0.9999999374542179, -1.0556895246871534e-08,
        0.0], [0.8506507567491577, -7.804756632645571e-08, 0.5257310330829208, 193.99525943246894],
      [0.0, 0.0, 0.0, 1.0]], [[0.70710688829422, -0.4082481563091278, -0.5773501992225647,
        -213.04277542826242], [-0.7071066498756409, -0.4082481265068054, -0.5773502588272095,
        -213.04277542826242], [-3.5145724552876345e-08, 0.8164964914321899, -0.5773500204086304,
        -213.04277542826242], [0.0, 0.0, 0.0, 1.0]], [[0.40824826211770043, 0.7071067043943764,
        -0.5773500218351041, -213.04277542826242], [0.4082484403515181, -0.707106582523251,
        -0.5773502627244079, -213.04277542826242], [-0.816496499196364, 8.674513130024764e-08,
        -0.5773501938988925, -213.04277542826242], [0.0, 0.0, 0.0, 1.0]], [[-0.7071067527789834,
        0.4082482953866324, -0.577350119749705, -213.04277542826242], [0.7071067853908773,
        0.4082482655843097, -0.5773500601450602, -213.04277542826242], [1.706609607706374e-07,
        -0.8164963523546853, -0.5773502985636394, -213.04277542826242], [0.0, 0.0,
        0.0, 1.0]], [[-0.4082481266024641, -0.707106565316872, -0.5773502971371656,
        -213.04277542826242], [-0.4082483048362818, 0.7071067216007555, -0.5773500562478617,
        -213.04277542826242], [0.8164966347116004, 5.233237326818241e-08, -0.5773501250733771,
        -213.04277542826242], [0.0, 0.0, 0.0, 1.0]], [[0.7071067690849304, 0.40824830532073975,
        -0.5773502588272095, -213.04277542826242], [-0.7071067690849304, 0.40824827551841736,
        -0.5773501992225647, -213.04277542826242], [-4.079801740886069e-08, 0.8164965510368347,
        0.5773503184318542, 213.04277542826242], [0.0, 0.0, 0.0, 1.0]], [[-0.40824829343239816,
        0.7071067652343839, -0.577350190001694, -213.04277542826242], [-0.4082482463229058,
        -0.7071067625725476, -0.5773502932399672, -213.04277542826242], [-0.8164965805533212,
        -2.7140486136278952e-08, 0.5773502932399672, 213.04277542826242], [0.0, 0.0,
        0.0, 1.0]], [[-0.7071067418862521, -0.4082482854525247, -0.5773502588272095,
        -213.04277542826242], [0.7071067962836085, -0.4082482556502025, -0.5773503184318542,
        -213.04277542826242], [1.359933896975344e-08, -0.8164965709050497, 0.5773501992225647,
        213.04277542826242], [0.0, 0.0, 0.0, 1.0]], [[0.4082483206310765, -0.7071067453661688,
        -0.5773503276527249, -213.04277542826242], [0.40824827352158394, 0.7071067824407624,
        -0.5773502244144517, -213.04277542826242], [0.8164965533546431, 7.272271340674763e-09,
        0.5773502244144517, 213.04277542826242], [0.0, 0.0, 0.0, 1.0]], [[0.35682213306427,
        0.0, -0.9341722726821899, -344.71045170053947], [-0.9341722726821899, 1.0380226456163655e-07,
        -0.35682201385498047, -131.6676762722771], [0.0, 0.9999998807907104, 1.0380226456163655e-07,
        0.0], [0.0, 0.0, 0.0, 1.0]], [[6.653943551704344e-08, 0.35682208183733705,
        -0.9341722213226219, -344.71045170053947], [2.5415802629158435e-08, -0.9341722343843801,
        -0.3568221483160753, -131.6676762722771], [-0.9999999348463671, 9.696920646223821e-08,
        4.0133801948449856e-08, 0.0], [0.0, 0.0, 0.0, 1.0]], [[-0.3568219999853991,
        6.92015097514558e-08, -0.9341722440409357, -344.71045170053947], [0.9341723235137954,
        -7.7369640040482e-08, -0.35682208883875743, -131.6676762722771], [-1.2246467193571652e-16,
        -0.9999998807907104, -1.0380226456163655e-07, 0.0], [0.0, 0.0, 0.0, 1.0]],
    [[6.653943540602114e-08, -0.3568220126358273, -0.9341722954005037, -344.71045170053947],
      [2.541580297610313e-08, 0.9341722608170047, -0.35682195437766256, -131.6676762722771],
      [0.9999999348463671, -9.69692065732605e-08, -4.013380194844986e-08, 0.0], [
        0.0, 0.0, 0.0, 1.0]], [[-0.35682204365730286, 1.3087408490264352e-08, -0.9341724514961243,
        -344.71045170053947], [-0.9341724514961243, -1.3065985626781185e-07, 0.35682201385498047,
        131.6676762722771], [-8.251651451018915e-08, 1.0, 8.1983486666104e-09, 0.0],
      [0.0, 0.0, 0.0, 1.0]], [[1.005324173509435e-07, -0.35682203479871116, -0.9341724173339007,
        -344.71045170053947], [4.993117884496964e-08, -0.9341723799610598, 0.35682210329284303,
        131.6676762722771], [-1.000000069987021, -1.1738894959319866e-07, -1.0393856370027876e-07,
        0.0], [0.0, 0.0, 0.0, 1.0]], [[0.3568221858347074, 9.686134914602281e-08,
        -0.9341723773209731, -344.71045170053947], [0.9341723971891881, 8.866316774048039e-08,
        0.356822208048047, 131.6676762722771], [8.251651438772447e-08, -1.0, -8.198348666610413e-09,
        0.0], [0.0, 0.0, 0.0, 1.0]], [[4.1644987165331414e-08, 0.3568221447474688,
        -0.934172411483197, -344.71045170053947], [-1.0423811484869258e-07, 0.9341723379643715,
        0.35682211861018437, 131.6676762722771], [1.000000069987021, 1.1738894948217636e-07,
        1.0393856370027876e-07, 0.0], [0.0, 0.0, 0.0, 1.0]], [[1.0, 0.0, 0.0, 0.0],
      [0.0, 0.35682210326194763, -0.9341723322868347, -344.71045170053947], [0.0,
        0.9341723322868347, 0.35682210326194763, 131.6676762722771], [0.0, 0.0, 0.0,
        1.0]], [[1.1102230246251565e-16, 0.9999999798932517, 2.2119461540182073e-08,
        0.0], [-0.35682208977309, 2.066338961048686e-08, -0.9341723401795472, -344.71045170053947],
      [-0.9341723589627157, -7.892712358681386e-09, 0.356822082598558, 131.6676762722771],
      [0.0, 0.0, 0.0, 1.0]], [[-1.0, 1.2246467745236882e-16, 2.7088527730999064e-24,
        0.0], [-4.369810301056842e-17, -0.35682206193516847, -0.9341723480722597,
        -344.71045170053947], [-1.144031189255622e-16, -0.9341723480722597, 0.35682206193516847,
        131.6676762722771], [0.0, 0.0, 0.0, 1.0]], [[-2.220446049250313e-16, -0.9999999798932517,
        -2.2119461540182073e-08, 0.0], [0.35682208977309, 2.0663389499464557e-08,
        -0.9341723401795472, -344.71045170053947], [0.9341723589627157, -7.892712705626082e-09,
        0.356822082598558, 131.6676762722771], [0.0, 0.0, 0.0, 1.0]], [[0.70710688829422,
        0.4082481563091278, 0.5773501992225647, 213.04277542826242], [0.7071066498756409,
        -0.4082481265068054, -0.5773502588272095, -213.04277542826242], [3.5145724552876345e-08,
        0.8164964914321899, -0.5773500204086304, -213.04277542826242], [0.0, 0.0,
        0.0, 1.0]], [[-0.40824812660246385, 0.7071065653168722, 0.5773502971371658,
        213.04277542826242], [0.40824830483628205, 0.7071067216007553, -0.5773500562478617,
        -213.04277542826242], [-0.8164966347116004, 5.2332373601249316e-08, -0.577350125073377,
        -213.04277542826242], [0.0, 0.0, 0.0, 1.0]], [[-0.7071067527789836, -0.40824829538663204,
        0.577350119749705, 213.04277542826242], [-0.7071067853908771, 0.40824826558431004,
        -0.5773500601450602, -213.04277542826242], [-1.706609611037043e-07, -0.8164963523546853,
        -0.5773502985636394, -213.04277542826242], [0.0, 0.0, 0.0, 1.0]], [[0.4082482621177002,
        -0.7071067043943766, 0.577350021835104, 213.04277542826242], [-0.40824844035151836,
        -0.7071065825232509, -0.577350262724408, -213.04277542826242], [0.8164964991963641,
        8.674513096718073e-08, -0.5773501938988925, -213.04277542826242], [0.0, 0.0,
        0.0, 1.0]], [[1.0, 0.0, 0.0, 0.0], [0.0, -0.35682201385498047, -0.9341723322868347,
        -344.71045170053947], [0.0, 0.9341723322868347, -0.35682201385498047, -131.6676762722771],
      [0.0, 0.0, 0.0, 1.0]], [[1.1102230246251565e-16, 0.9999999479908709, 6.140205588422987e-08,
        0.0], [0.35682208977309, 5.736010333379227e-08, -0.9341723103772248, -344.71045170053947],
      [-0.9341723589627157, 2.1909610029013926e-08, -0.3568220712150838, -131.6676762722771],
      [0.0, 0.0, 0.0, 1.0]], [[-1.0, 1.2246467354545396e-16, 7.51958311933218e-24,
        0.0], [4.369810301056842e-17, 0.35682212857518725, -0.9341722884676149, -344.71045170053947],
      [-1.144031189255622e-16, -0.9341722884676149, -0.35682212857518725, -131.6676762722771],
      [0.0, 0.0, 0.0, 1.0]], [[-2.220446049250313e-16, -0.9999999479908709, -6.140205588422987e-08,
        0.0], [-0.35682208977309, 5.736010344481457e-08, -0.9341723103772248, -344.71045170053947],
      [0.9341723589627157, 2.190960968206923e-08, -0.3568220712150838, -131.6676762722771],
      [0.0, 0.0, 0.0, 1.0]], [[-0.7071064114570618, -0.4082481861114502, -0.5773501396179199,
        -213.04277542826242], [-0.7071066498756409, 0.4082486033439636, 0.5773500204086304,
        213.04277542826242], [1.6507655686837097e-07, 0.8164963126182556, -0.5773500204086304,
        -213.04277542826242], [0.0, 0.0, 0.0, 1.0]], [[0.4082482538428597, -0.7071069658651323,
        -0.5773500601450603, -213.04277542826242], [-0.4082483068058182, -0.7071064070843893,
        0.5773499913195448, 213.04277542826242], [-0.816496157153542, 8.194358475099861e-08,
        -0.5773501289705756, -213.04277542826242], [0.0, 0.0, 0.0, 1.0]], [[0.7071066804538191,
        0.4082478682200112, -0.5773499806722004, -213.04277542826242], [0.7071063808788833,
        -0.4082482854525249, 0.57735009988149, 213.04277542826242], [1.0392020029688828e-07,
        -0.8164966305096943, -0.5773500998814901, -213.04277542826242], [0.0, 0.0,
        0.0, 1.0]], [[-0.4082479848461024, 0.7071066479736935, -0.5773500601450602,
        -213.04277542826242], [0.4082480378090609, 0.7071067249758282, 0.5773501289705756,
        213.04277542826242], [0.8164964261502993, -3.998350234235559e-07, -0.5773499913195448,
        -213.04277542826242], [0.0, 0.0, 0.0, 1.0]]]}
