{cam2Pos: [[[0.9950000047683716, 9.476451623413595e-09, 0.09987492859363556, 17.38890189445123],
      [0.09987492859363556, -3.066723408551297e-08, -0.9949999451637268, -173.23625467840293],
      [-1.047081088501045e-09, 0.9999999403953552, -3.119406954965598e-08, 0.0], [
        0.0, 0.0, 0.0, 1.0]], [[0.9917600154876709, 0.014932259917259216, -0.12723618745803833,
        -22.152686100601006], [-0.1281093955039978, 0.11559828370809555, -0.9850000143051147,
        -171.4951867921878], [5.917231593599581e-09, 0.9931837916374207, 0.11655872315168381,
        20.29367511655238], [0.0, 0.0, 0.0, 1.0]], [[0.9998015761375427, 0.004409500863403082,
        0.01942642405629158, 3.3822717675769707], [0.019920583814382553, -0.22131036221981049,
        -0.9750001430511475, -169.75411890597272], [2.0798622824003132e-09, 0.9751936197280884,
        -0.22135429084300995, -38.53924228941794], [0.0, 0.0, 0.0, 1.0]], [[0.9866037368774414,
        -0.03395194560289383, 0.15956304967403412, 27.78100478418362], [0.16313523054122925,
        0.2053333967924118, -0.9650002121925354, -168.0130510197576], [-1.660281157001009e-08,
        0.9781031012535095, 0.20812144875526428, 36.2354012577317], [0.0, 0.0, 0.0,
        1.0]], [[0.956277072429657, -0.015109546482563019, -0.29207170009613037, -50.85167097437755],
      [-0.2924622595310211, -0.049404326826334, -0.9549998641014099, -166.2719831335425],
      [-3.533790504661738e-08, 0.998664379119873, -0.05166319012641907, -8.994944582816238],
      [0.0, 0.0, 0.0, 1.0]], [[0.9599064588546753, 0.0492095947265625, 0.2759672999382019,
        48.04778415003645], [0.280320405960083, -0.168509379029274, -0.9449999928474426,
        -164.53091524732739], [2.113915265056221e-08, 0.9844709038734436, -0.17554770410060883,
        -30.56406730531139], [0.0, 0.0, 0.0, 1.0]], [[0.9951869249343872, 0.03356204554438591,
        -0.09206806123256683, -16.02967650636187], [-0.09799458831548691, 0.34084028005599976,
        -0.934999942779541, -162.7898473611123], [-8.269328333199155e-09, 0.9395219087600708,
        0.34248870611190796, 59.62959761177735], [0.0, 0.0, 0.0, 1.0]], [[0.9825451374053955,
        -0.06272763013839722, -0.1751295030117035, -30.491236112267593], [-0.18602445721626282,
        -0.3313152492046356, -0.925000011920929, -161.04877947489717], [-1.4319035734899899e-08,
        0.9414326548576355, -0.3372010588645935, -58.70901969959315], [0.0, 0.0, 0.0,
        1.0]], [[0.9238911867141724, -0.05295960605144501, 0.3789728283882141, 65.98173419159659],
      [0.38265538215637207, 0.12786664068698883, -0.9150000810623169, -159.30771158868208],
      [2.0969741498788608e-08, 0.9903764724731445, 0.138400137424469, 24.096423501053184],
      [0.0, 0.0, 0.0, 1.0]], [[0.917163074016571, 0.06468590348958969, -0.3932271897792816,
        -68.46354066600334], [-0.3985120952129364, 0.1488727182149887, -0.9049999117851257,
        -157.566643702467], [1.4412698590149375e-08, 0.9867382645606995, 0.16231867671012878,
        28.26075434077547], [0.0, 0.0, 0.0, 1.0]], [[0.9784079790115356, 0.08350347727537155,
        0.18906337022781372, 32.91721208242585], [0.20668283104896545, -0.39529404044151306,
        -0.8950001001358032, -155.82557581625187], [-1.68730149852081e-08, 0.914751410484314,
        -0.4040175974369049, -70.34217024196415], [0.0, 0.0, 0.0, 1.0]], [[0.9878304600715637,
        -0.06909627467393875, 0.13934385776519775, 24.26071552874241], [0.15553458034992218,
        0.43884390592575073, -0.8849999904632568, -154.08450793003678], [-1.7233876548061744e-09,
        0.8959027528762817, 0.444250226020813, 77.34698405294934], [0.0, 0.0, 0.0,
        1.0]], [[0.9019775390625, -0.10481227934360504, -0.4188686013221741, -72.9278625853983],
      [-0.43178296089172363, -0.2189488559961319, -0.8750000596046448, -152.34344004382166],
      [-9.255595401214123e-09, 0.9700907468795776, -0.242743119597435, -42.263187035943076],
      [0.0, 0.0, 0.0, 1.0]], [[0.8700645565986633, 0.05310919135808945, 0.4900684654712677,
        85.32423881951013], [0.4929378032684326, -0.0937410369515419, -0.8650000095367432,
        -150.60237215760657], [4.556390109655695e-08, 0.9941791296005249, -0.10774029046297073,
        -18.758294551165886], [0.0, 0.0, 0.0, 1.0]], [[0.9441924691200256, 0.1397520899772644,
        -0.29827821254730225, -51.93226374059477], [-0.3293941915035248, 0.40059271454811096,
        -0.8549999594688416, -148.86130427139145], [3.372596069084466e-08, 0.9055356383323669,
        0.4242701530456543, 73.86830116831474], [0.0, 0.0, 0.0, 1.0]], [[0.9967091083526611,
        -0.04298953339457512, -0.06872318685054779, -11.965173326428856], [-0.08106155693531036,
        -0.528586745262146, -0.8450000882148743, -147.12023638517636], [-6.7140106807528355e-09,
        0.8477900624275208, -0.5303320288658142, -92.33441675417504], [0.0, 0.0, 0.0,
        1.0]], [[0.8930333256721497, -0.15956978499889374, 0.4207480549812317, 73.25509464628776],
      [0.44999048113822937, 0.31667590141296387, -0.8349999189376831, -145.37916849896123],
      [2.2816843525674813e-08, 0.9350153803825378, 0.3546070158481598, 61.73947132110371],
      [0.0, 0.0, 0.0, 1.0]], [[0.8252250552177429, 0.013188092969357967, -0.5646501183509827,
        -98.30942168991218], [-0.5648040771484375, 0.019268982112407684, -0.8250000476837158,
        -143.63810061274614], [5.5045138225295887e-08, 0.9997273683547974, 0.023349935188889503,
        4.065403233748513], [0.0, 0.0, 0.0, 1.0]], [[0.8930031061172485, 0.18395362794399261,
        0.4107389450073242, 71.51244308788183], [0.4500504732131958, -0.3650059998035431,
        -0.8149999380111694, -141.89703272653105], [3.70895989476594e-08, 0.9126507043838501,
        -0.4087398946285248, -71.16443234582546], [0.0, 0.0, 0.0, 1.0]], [[0.9994210600852966,
        0.02016332373023033, -0.027404220774769783, -4.771260966411643], [-0.034022800624370575,
        0.5922984480857849, -0.8050000071525574, -140.15596484031593], [2.157133804914224e-09,
        0.8054662942886353, 0.5926415920257568, 103.18291734858947], [0.0, 0.0, 0.0,
        1.0]], [[0.8983872532844543, -0.20455700159072876, -0.38866016268730164, -67.66838084070076],
      [-0.4392041563987732, -0.4184189736843109, -0.7950000762939453, -138.41489695410084],
      [2.0502186615090068e-08, 0.8849191069602966, -0.46574458479881287, -81.08933579502832],
      [0.0, 0.0, 0.0, 1.0]], [[0.7876921892166138, -0.05089214816689491, 0.6139633655548096,
        106.89517879517663], [0.6160690188407898, 0.06506959348917007, -0.7849999666213989,
        -136.67382906788572], [-7.182931582860874e-09, 0.9965821504592896, 0.08260788768529892,
        14.382595119271933], [0.0, 0.0, 0.0, 1.0]], [[0.8310174942016602, 0.20076775550842285,
        -0.5187506079673767, -90.31800919881981], [-0.5562462210655212, 0.29994186758995056,
        -0.7749999761581421, -134.93276118167063], [2.503102791706624e-08, 0.9325916767120361,
        0.36093324422836304, 62.84091834424025], [0.0, 0.0, 0.0, 1.0]], [[0.9833542108535767,
        0.11416637897491455, 0.14135268330574036, 24.6104555063578], [0.18169905245304108,
        -0.6178683042526245, -0.76500004529953, -133.1916932954555], [2.284682310005337e-08,
        0.7779496312141418, -0.6283273100852966, -109.39594215945225], [0.0, 0.0,
        0.0, 1.0]], [[0.9180663228034973, -0.22554220259189606, 0.32601380348205566,
        56.76122007257213], [0.3964269161224365, 0.5223224759101868, -0.7549999952316284,
        -131.45062540924042], [5.222391408210569e-09, 0.8223806619644165, 0.5689376592636108,
        99.0558974493085], [0.0, 0.0, 0.0, 1.0]], [[0.7608005404472351, -0.1315780133008957,
        -0.6355074644088745, -110.64616951677085], [-0.648985743522644, -0.15424787998199463,
        -0.7449999451637268, -129.7095575230253], [-1.2475693722535652e-07, 0.9792316555976868,
        -0.20274411141872406, -35.29914591802932], [0.0, 0.0, 0.0, 1.0]], [[0.766657829284668,
        0.18259847164154053, 0.6155432462692261, 107.17026837688664], [0.6420558094978333,
        -0.21803472936153412, -0.73499995470047, -127.96848963681019], [-1.6751755538280122e-08,
        0.9587066769599915, -0.2843964397907257, -49.51538225839541], [0.0, 0.0, 0.0,
        1.0]], [[0.9388487935066223, 0.21877078711986542, -0.26589900255203247, -46.29484404957403],
      [-0.34432971477508545, 0.5964999198913574, -0.7249999046325684, -126.22742175059508],
      [-7.132624801897691e-08, 0.7722222208976746, 0.6353524923324585, 110.61916315321837],
      [0.0, 0.0, 0.0, 1.0]], [[0.9493634700775146, -0.206687793135643, -0.2366202473640442,
        -41.19719438618431], [-0.3141798675060272, -0.6245526671409607, -0.7150000333786011,
        -124.48635386437998], [-2.0020632263140214e-08, 0.7531362175941467, -0.6578646302223206,
        -114.53869529706823], [0.0, 0.0, 0.0, 1.0]], [[0.7468218803405762, -0.21942144632339478,
        0.6277828216552734, 109.30124976708204], [0.6650241017341614, 0.24641020596027374,
        -0.7049999833106995, -122.74528597816487], [7.724533901409814e-09, 0.9440001249313354,
        0.32994508743286133, 57.445673584594665], [0.0, 0.0, 0.0, 1.0]], [[0.7069740891456604,
        0.12961478531360626, -0.6952609419822693, -121.04963347485956], [-0.7072395086288452,
        0.12956583499908447, -0.695000171661377, -121.00421809194977], [-1.1922124087959673e-07,
        0.9830630421638489, 0.18326833844184875, 31.908294903572415], [0.0, 0.0, 0.0,
        1.0]], [[0.8668250441551208, 0.3055482804775238, 0.3940235674381256, 68.60218093439651],
      [0.4986124038696289, -0.5311878323554993, -0.6850000023841858, -119.26315020573466],
      [-2.216942895927332e-08, 0.7902402281761169, -0.6127970814704895, -106.69215349848378],
      [0.0, 0.0, 0.0, 1.0]], [[0.9832901358604431, -0.1323755532503128, 0.1249687448143959,
        21.757906487448036], [0.18204525113105774, 0.7150067090988159, -0.6749999523162842,
        -117.52208231951955], [4.1542627116086805e-09, 0.6864707469940186, 0.7271574139595032,
        126.60303123015207], [0.0, 0.0, 0.0, 1.0]], [[0.7477662563323975, -0.3036261796951294,
        -0.5904716849327087, -102.80512556568382], [-0.6639621257781982, -0.34194934368133545,
        -0.6650000214576721, -115.78101443330445], [3.606832166269669e-09, 0.8893153667449951,
        -0.45729443430900574, -79.61806766252407], [0.0, 0.0, 0.0, 1.0]], [[0.6562783718109131,
        0.047073375433683395, 0.7530490159988403, 131.11092812624165], [0.7545188665390015,
        -0.04094447195529938, -0.6549999713897705, -114.03994654708934], [8.51256345413276e-08,
        0.9980520009994507, -0.062388744205236435, -10.862272391531917], [0.0, 0.0,
        0.0, 1.0]], [[0.7791330814361572, 0.3516421914100647, -0.5189406871795654,
        -90.35108136464932], [-0.6268585324287415, 0.43706220388412476, -0.6449999809265137,
        -112.29887866087424], [1.198450121364658e-07, 0.827843189239502, 0.56095951795578,
        97.66687151662072], [0.0, 0.0, 0.0, 1.0]], [[0.9999824166297913, 0.00458448426797986,
        0.0037685276474803686, 0.6561263620033182], [0.005934584885835648, -0.7724887728691101,
        -0.6349998712539673, -110.55781077465916], [-6.812848063475485e-10, 0.6350110769271851,
        -0.7725023627281189, -134.49800674733837], [0.0, 0.0, 0.0, 1.0]], [[0.7660124897956848,
        -0.3716651201248169, 0.5244901776313782, 91.31730270231364], [0.642825722694397,
        0.44288840889930725, -0.625, -108.81674288844405], [5.915957856927889e-08,
        0.8159135580062866, 0.5781739354133606, 100.66399822389143], [0.0, 0.0, 0.0,
        1.0]], [[0.6166348457336426, -0.05728701129555702, -0.785162091255188, -136.70207384594653],
      [-0.7872492074966431, -0.044871579855680466, -0.6149999499320984, -107.07567500222893],
      [-4.410797060927507e-08, 0.9973487257957458, -0.07276849448680878, -12.669517478173937],
      [0.0, 0.0, 0.0, 1.0]], [[0.6902298331260681, 0.3483119308948517, 0.634240984916687,
        110.42564915767626], [0.7235902547836304, -0.33225345611572266, -0.6050000190734863,
        -105.33460711601383], [-1.6624023047029368e-08, 0.8765196204185486, -0.4813663959503174,
        -83.80913074311253], [0.0, 0.0, 0.0, 1.0]], [[0.9719953536987305, 0.18582572042942047,
        -0.14385370910167694, -25.04590670250359], [-0.23500019311904907, 0.7686025500297546,
        -0.5949999690055847, -103.59353922979872], [2.73188600630192e-08, 0.6121428608894348,
        0.7907471656799316, 137.6744530818589], [0.0, 0.0, 0.0, 1.0]], [[0.8044590353965759,
        -0.4077444076538086, -0.4319608211517334, -75.20731953541888], [-0.5940081477165222,
        -0.5522041916847229, -0.5849998593330383, -101.85247134358362], [-1.45324875688857e-07,
        0.7271966934204102, -0.6864291429519653, -119.51195343394403], [0.0, 0.0,
        0.0, 1.0]], [[0.588935136795044, -0.17476734519004822, 0.7890575528144836,
        137.3802762825082], [0.8081803321838379, 0.12735605239868164, -0.574999988079071,
        -100.11140345736854], [-1.816233563545211e-08, 0.9763384461402893, 0.21624799072742462,
        37.6502381192075], [0.0, 0.0, 0.0, 1.0]], [[0.6099340319633484, 0.2985275983810425,
        -0.7340720295906067, -127.80693161699874], [-0.7924521565437317, 0.2297704964876175,
        -0.5649999976158142, -98.37033557115343], [-3.649249080694972e-08, 0.9263296723365784,
        0.37671372294425964, 65.58840716438999], [0.0, 0.0, 0.0, 1.0]], [[0.8868467807769775,
        0.3603973388671875, 0.2891652286052704, 50.34561936090914], [0.46206361055374146,
        -0.6917172074317932, -0.5549998879432678, -96.62926768493833], [4.3146876294031244e-08,
        0.6258125901222229, -0.7799736857414246, -135.79866377079827], [0.0, 0.0,
        0.0, 1.0]], [[0.8650131821632385, -0.38963639736175537, 0.3161260783672333,
        55.039709079349876], [0.5017491579055786, 0.671731173992157, -0.5449999570846558,
        -94.88819979872322], [9.54497281213662e-08, 0.6300480961799622, 0.7765560746192932,
        135.2036752736901], [0.0, 0.0, 0.0, 1.0]], [[0.573880672454834, -0.2963050901889801,
        -0.7634554505348206, -132.92278721480994], [-0.8189389109611511, -0.2076389640569687,
        -0.5350000858306885, -93.14713191250812], [1.151135080590393e-07, 0.9322496056556702,
        -0.36181575059890747, -62.99458944715409], [0.0, 0.0, 0.0, 1.0]], [[0.5423272252082825,
        0.21067741513252258, 0.8133241534233093, 141.60525494859777], [0.8401673436164856,
        -0.13599205017089844, -0.5249999761581421, -91.40606402629301], [-2.745339244825118e-08,
        0.9680501818656921, -0.25075647234916687, -43.65841355637158], [0.0, 0.0,
        0.0, 1.0]], [[0.7651085257530212, 0.47619399428367615, -0.4334145784378052,
        -75.46040956267538], [-0.6439013481140137, 0.5658321976661682, -0.5149999856948853,
        -89.6649961400779], [1.6175343731106295e-08, 0.6731070876121521, 0.7395449876785278,
        128.75981088805793], [0.0, 0.0, 0.0, 1.0]], [[0.9412350058555603, -0.2850230932235718,
        -0.18121398985385895, -31.550580523321674], [-0.3377523720264435, -0.7942911982536316,
        -0.5049999356269836, -87.9239282538628], [-1.9839893283801757e-08, 0.5365290641784668,
        -0.8438819050788879, -146.9255510561261], [0.0, 0.0, 0.0, 1.0]], [[0.5727990865707397,
        -0.4124607443809509, 0.7083624601364136, 123.33070933440428], [0.8196958303451538,
        0.2882252335548401, -0.49500003457069397, -86.18286036764768], [8.13477711858468e-08,
        0.8641772866249084, 0.5031874775886536, 87.6083589506079], [0.0, 0.0, 0.0,
        1.0]], [[0.4878615736961365, 0.09440848231315613, -0.8678008317947388, -151.08999487845313],
      [-0.8729211091995239, 0.05276315659284592, -0.4850001335144043, -84.44179248143257],
      [-5.340089614946919e-08, 0.9941345453262329, 0.10815217345952988, 18.830055078172364],
      [0.0, 0.0, 0.0, 1.0]], [[0.6399326920509338, 0.5149299502372742, 0.5703798532485962,
        99.30701952046597], [0.7684308886528015, -0.42882245779037476, -0.47499993443489075,
        -82.70072459521747], [6.249912587463768e-08, 0.742265522480011, -0.6701055765151978,
        -116.6699612988841], [0.0, 0.0, 0.0, 1.0]], [[0.9976015686988831, -0.06123839318752289,
        0.032263558357954025, 5.617307379743582], [0.06921761482954025, 0.882600724697113,
        -0.46499985456466675, -80.95965670900236], [7.77842057431144e-09, 0.466117799282074,
        0.8847226500511169, 154.03620901417074], [0.0, 0.0, 0.0, 1.0]], [[0.5885265469551086,
        -0.5127877593040466, -0.625048041343689, -108.82512147101032], [-0.8084778189659119,
        -0.37328040599823, -0.4549998342990875, -79.21858882278725], [6.108258077119899e-08,
        0.7731170058250427, -0.6342629194259644, -110.42953393835066], [0.0, 0.0,
        0.0, 1.0]], [[0.4454661011695862, -0.0409415066242218, 0.8943621516227722,
        155.714538527696], [0.8952987790107727, 0.020370962098240852, -0.445000022649765,
        -77.47752093657215], [5.0431765430403175e-09, 0.9989538192749023, 0.04572948440909386,
        7.961789040475491], [0.0, 0.0, 0.0, 1.0]], [[0.5310180187225342, 0.48599064350128174,
        -0.6941418647766113, -120.85482299407978], [-0.8473605513572693, 0.3045572340488434,
        -0.43500009179115295, -75.73645305035704], [-2.7796659196610563e-08, 0.8191813230514526,
        0.5735346674919128, 99.85627312550791], [0.0, 0.0, 0.0, 1.0]], [[0.9593167901039124,
        0.25311335921287537, 0.1250797063112259, 21.777228152987426], [0.2823318839073181,
        -0.8600366115570068, -0.4249999225139618, -73.99538516414194], [-5.536620051316277e-10,
        0.44302356243133545, -0.8965095281600952, -156.08846578936686], [0.0, 0.0,
        0.0, 1.0]], [[0.6267346739768982, -0.5839263200759888, 0.5159783363342285,
        89.83536615754417], [0.7792326807975769, 0.46965017914772034, -0.4150000512599945,
        -72.25431727792686], [1.6916202127958968e-07, 0.6621621251106262, 0.7493605613708496,
        130.46874900195823], [0.0, 0.0, 0.0, 1.0]], [[0.41379019618034363, -0.1866486370563507,
        -0.8910330533981323, -155.13490362423988], [-0.910372257232666, -0.0848371610045433,
        -0.4049999415874481, -70.51324939171175], [-4.5329628051149484e-08, 0.9787567853927612,
        -0.20502451062202454, -35.69617881251987], [0.0, 0.0, 0.0, 1.0]], [[0.4430321156978607,
        0.4059886932373047, 0.7993094325065613, 139.1652129366634], [0.8965056538581848,
        -0.20063002407550812, -0.3949998617172241, -68.77218150549665], [9.673365042317528e-08,
        0.8915831446647644, -0.4528566896915436, -78.84544630708541], [0.0, 0.0, 0.0,
        1.0]], [[0.8039491772651672, 0.5220717191696167, -0.2847925126552582, -49.584315760759544],
      [-0.5946979522705078, 0.7057685852050781, -0.3850000202655792, -67.03111361928154],
      [-3.091704314783783e-08, 0.4788859784603119, 0.8778771162033081, 152.84436293691564],
      [0.0, 0.0, 0.0, 1.0]], [[0.6980165839195251, -0.6039658188819885, -0.38470515608787537,
        -66.97978255585157], [-0.7160815596580505, -0.588729202747345, -0.3749999403953552,
        -65.29004573306642], [-3.8309696748228816e-08, 0.5372364521026611, -0.8434315323829651,
        -146.8471739634109], [0.0, 0.0, 0.0, 1.0]], [[0.3918198347091675, -0.334537535905838,
        0.8570658564567566, 149.2209924695391], [0.9200419783592224, 0.1424701064825058,
        -0.36500006914138794, -63.54897784685132], [-5.954575499345083e-08, 0.9315508008003235,
        0.3636111617088318, 63.30716124674585], [0.0, 0.0, 0.0, 1.0]], [[0.3736664950847626,
        0.2895040214061737, -0.8812267780303955, -153.42758101058848], [-0.9275630712509155,
        0.11662602424621582, -0.35499995946884155, -61.807909960636216], [-8.821970709504967e-09,
        0.950045108795166, 0.3121125400066376, 54.34090076206427], [0.0, 0.0, 0.0,
        1.0]], [[0.6164110898971558, 0.6525396108627319, 0.4407147169113159, 76.73142424831619],
      [0.7874245047569275, -0.5108205676078796, -0.3449999690055847, -60.06684207442111],
      [-5.926281687607116e-09, 0.5596913695335388, -0.8287011384963989, -144.28248979043437],
      [0.0, 0.0, 0.0, 1.0]], [[0.8178362846374512, -0.5249594449996948, 0.23571467399597168,
        41.03953257275898], [0.5754509568214417, 0.7460772395133972, -0.3349999785423279,
        -58.325774188206005], [4.3834759821947955e-08, 0.4096173644065857, 0.9122574329376221,
        158.83020706292362], [0.0, 0.0, 0.0, 1.0]], [[0.37923914194107056, -0.4768548607826233,
        -0.7929611206054688, -138.0598840055479], [-0.925298810005188, -0.1954420804977417,
        -0.3249998986721039, -56.5847063019909], [-4.757094984597643e-08, 0.8569785952568054,
        -0.5153526067733765, -89.7263243713205], [0.0, 0.0, 0.0, 1.0]], [[0.3189140260219574,
        0.1480330377817154, 0.9361517429351807, 162.99037792833673], [0.9477836489677429,
        -0.04981084167957306, -0.3150000274181366, -54.84363841577579], [1.0545380035864582e-07,
        0.9877272248268127, -0.15618866682052612, -27.193489518503075], [0.0, 0.0,
        0.0, 1.0]], [[0.46119430661201477, 0.6655614376068115, -0.586794376373291,
        -102.16488770717311], [-0.887299120426178, 0.34594112634658813, -0.30499985814094543,
        -53.10257052956069], [1.0485941004390043e-07, 0.6613264083862305, 0.7500982284545898,
        130.59719203347777], [0.0, 0.0, 0.0, 1.0]], [[0.9697588086128235, -0.2324986606836319,
        -0.07424451410770416, -12.92647294861364], [-0.2440652996301651, -0.9238005876541138,
        -0.2949998676776886, -51.36150264334558], [-4.6748759530146344e-08, 0.30419921875,
        -0.952608585357666, -165.8555883514984], [0.0, 0.0, 0.0, 1.0]], [[0.3768846392631531,
        -0.6060900688171387, 0.700437605381012, 121.95095158414516], [0.926260232925415,
        0.2466111183166504, -0.2849999666213989, -49.62043475713049], [-4.821369969931766e-08,
        0.7561995387077332, 0.6543410420417786, 113.92520224397308], [0.0, 0.0, 0.0,
        1.0]], [[0.27501219511032104, -0.009018601849675179, -0.9613984227180481,
        -167.38599950859364], [-0.9614407420158386, -0.0025796513073146343, -0.27500006556510925,
        -47.87936687091538], [2.7454031936713363e-08, 0.9999560117721558, -0.009380274452269077,
        -1.6331688965654858], [0.0, 0.0, 0.0, 1.0]], [[0.3465360105037689, 0.6044449806213379,
        0.7173275351524353, 124.89162085091567], [0.9380365610122681, -0.22329793870449066,
        -0.2650001049041748, -46.13829898470028], [-1.211908227105596e-07, 0.7647116184234619,
        -0.6443722248077393, -112.18963522591943], [0.0, 0.0, 0.0, 1.0]], [[0.9383646845817566,
        0.3326394259929657, -0.09392926841974258, -16.353724858804476], [-0.34564679861068726,
        0.9030522108078003, -0.2550000250339508, -44.39723109848517], [-2.7970935789767282e-08,
        0.2717493772506714, 0.9623680710792542, 167.55481311536698], [0.0, 0.0, 0.0,
        1.0]], [[0.38778218626976013, -0.7144795060157776, -0.5823606252670288, -101.39295111002917],
      [-0.9217509627342224, -0.30058252811431885, -0.24500006437301636, -42.656163212270066],
      [4.274787457347884e-08, 0.6317981481552124, -0.7751327157020569, -134.95590038713664],
      [0.0, 0.0, 0.0, 1.0]], [[0.23884154856204987, -0.17346429824829102, 0.9554396271705627,
        166.34851860699362], [0.9710585474967957, 0.042665235698223114, -0.23499992489814758,
        -40.91509532605496], [4.509334416979982e-08, 0.9839155673980713, 0.17863422632217407,
        31.10143366171187], [0.0, 0.0, 0.0, 1.0]], [[0.26247069239616394, 0.49686676263809204,
        -0.8271836042404175, -144.0182661206762], [-0.964940071105957, 0.13515140116214752,
        -0.22499997913837433, -39.174027439839854], [9.776786669135618e-08, 0.8572384119033813,
        0.5149198174476624, 89.65103703712575], [0.0, 0.0, 0.0, 1.0]], [[0.6333171725273132,
        0.7279327511787415, 0.2627227306365967, 45.74181303867591], [0.773892343044281,
        -0.5957061052322388, -0.21500007808208466, -37.43295955362475], [-7.408408464470995e-08,
        0.3394823670387268, -0.9406124949455261, -163.7670110952961], [0.0, 0.0, 0.0,
        1.0]], [[0.4202624261379242, -0.7921268939971924, 0.4426223337650299, 77.06355559203867],
      [0.9074026346206665, 0.3668726086616516, -0.20499998331069946, -35.69189166740964],
      [-1.9434278186736265e-08, 0.48779046535491943, 0.8729607462882996, 151.98839137516387],
      [0.0, 0.0, 0.0, 1.0]], [[0.2077902853488922, -0.33788639307022095, -0.9179629683494568,
        -159.82357906698766], [-0.9781733751296997, -0.07177622616291046, -0.19499994814395905,
        -33.950823781194536], [-7.981218175245886e-08, 0.938446044921875, -0.34542590379714966,
        -60.1409925333125], [0.0, 0.0, 0.0, 1.0]], [[0.19880081713199615, 0.358782559633255,
        0.9120051264762878, 158.78628314517522], [0.9800399541854858, -0.0727788507938385,
        -0.18500006198883057, -32.20975589497943], [-1.398021822751616e-07, 0.9305796027183533,
        -0.36608973145484924, -63.7386990314472], [0.0, 0.0, 0.0, 1.0]], [[0.37999606132507324,
        0.8210596442222595, -0.4259859025478363, -74.16703728233442], [-0.9249880909919739,
        0.3373010456562042, -0.17499998211860657, -30.46868800876432], [5.742667497088405e-08,
        0.46053120493888855, 0.8876435160636902, 154.544762046084], [0.0, 0.0, 0.0,
        1.0]], [[0.4997408092021942, -0.8176008462905884, -0.285986065864563, -49.792113478659594],
      [-0.8661749958992004, -0.4717159569263458, -0.16499988734722137, -28.727620122549215],
      [-1.328899799091232e-07, 0.330171138048172, -0.9439211487770081, -164.3430653283494],
      [0.0, 0.0, 0.0, 1.0]], [[0.1794188767671585, -0.49549058079719543, 0.849881112575531,
        147.97007969406533], [0.9837727546691895, 0.09036678075790405, -0.15499991178512573,
        -26.986552236334127], [-6.289688769811619e-09, 0.863899827003479, 0.5036636590957642,
        87.69125017824122], [0.0, 0.0, 0.0, 1.0]], [[0.1480833888053894, 0.2007737010717392,
        -0.9683808088302612, -168.60165220520943], [-0.9889749884605408, 0.030062459409236908,
        -0.14499986171722412, -25.24548435011902], [-1.561538027772258e-07, 0.9791763424873352,
        0.20301181077957153, 35.34575275329167], [0.0, 0.0, 0.0, 1.0]], [[0.22753751277923584,
        0.7838600277900696, 0.5777456760406494, 100.58944001713813], [0.9737693071365356,
        -0.1831619292497635, -0.13499999046325684, -23.504416463903915], [-6.727782420057338e-08,
        0.5933085680007935, -0.8049750328063965, -140.1516350522721], [0.0, 0.0, 0.0,
        1.0]], [[0.7274735569953918, -0.6759308576583862, 0.11789675801992416, 20.526672835403236],
      [0.6861357092857361, 0.7166538834571838, -0.12499997019767761, -21.76334857768881],
      [1.6978566463876632e-07, 0.17182734608650208, 0.9851270914077759, 171.51730584722247],
      [0.0, 0.0, 0.0, 1.0]], [[0.1509144902229309, -0.6401351094245911, -0.7532939314842224,
        -131.1535958319316], [-0.9885467886924744, -0.09772489219903946, -0.11500003188848495,
        -20.022280691473703], [-5.2810023021265806e-08, 0.7620214819908142, -0.6475515961647034,
        -112.74314356253116], [0.0, 0.0, 0.0, 1.0]], [[0.10505180060863495, 0.031219594180583954,
        0.9939765930175781, 173.05807224033646], [0.9944667220115662, -0.0032979727257043123,
        -0.10499999672174454, -18.281212805258598], [7.48254365134926e-08, 0.9995070695877075,
        -0.03139328584074974, -5.465778528505], [0.0, 0.0, 0.0, 1.0]], [[0.13217449188232422,
        0.6891719102859497, -0.7124408483505249, -124.04078989591538], [-0.9912264347076416,
        0.09189718216657639, -0.0950000137090683, -16.54014491904349], [-4.084436255880064e-08,
        0.7187467813491821, 0.695271909236908, 121.05155881751274], [0.0, 0.0, 0.0,
        1.0]], [[0.836266279220581, 0.5454837679862976, 0.055732838809490204, 9.703465661045483],
      [0.5483235120773315, -0.8319354057312012, -0.08499942719936371, -14.799077032828384],
      [3.151860710204346e-07, 0.10164178162813187, -0.9948211312294006, -173.20509206497553],
      [0.0, 0.0, 0.0, 1.0]], [[0.11795367300510406, -0.7664302587509155, 0.631404459476471,
        109.93180355890829], [0.9930191040039062, 0.09103880077600479, -0.07500003278255463,
        -13.058009146613278], [-1.4318555230374841e-08, 0.6358432173728943, 0.771818220615387,
        134.37879597431987], [0.0, 0.0, 0.0, 1.0]], [[0.0656721368432045, -0.14239944517612457,
        -0.9876282811164856, -171.9527832635228], [-0.9978412985801697, -0.009372025728225708,
        -0.0650000125169754, -11.316941260398172], [-7.028004489484374e-08, 0.989764928817749,
        -0.14270757138729095, -24.84634807234208], [0.0, 0.0, 0.0, 1.0]], [[0.06650777906179428,
        0.5609988570213318, 0.825140655040741, 143.66258296879843], [0.9977859258651733,
        -0.03739362582564354, -0.05500010773539543, -9.575873374183066], [-4.0116361788022914e-08,
        0.8269716501235962, -0.5622437596321106, -97.8904425771487], [0.0, 0.0, 0.0,
        1.0]], [[0.193015918135643, 0.9541565775871277, -0.22875747084617615, -39.82823328952442],
      [-0.9811955690383911, 0.1876969337463379, -0.045000024139881134, -7.8348054879679605],
      [-6.82414658115249e-09, 0.23314154148101807, 0.9724428057670593, 169.30889374187126],
      [0.0, 0.0, 0.0, 1.0]], [[0.07148008048534393, -0.8696915507316589, -0.4883926510810852,
        -85.03247628781489], [-0.9974421262741089, -0.06232517957687378, -0.034999944269657135,
        -6.093737601752873], [3.4338718535309454e-08, 0.4896451532840729, -0.871921956539154,
        -151.80750370946262], [0.0, 0.0, 0.0, 1.0]], [[0.026323655620217323, -0.3130089342594147,
        0.949385404586792, 165.29442378139308], [0.9996535181999207, 0.008242239244282246,
        -0.025000056251883507, -4.3526697155377665], [1.1612387140758074e-07, 0.9497144818305969,
        0.3131173849105835, 54.5158837149321], [0.0, 0.0, 0.0, 1.0]], [[0.01644974946975708,
        0.410444051027298, -0.9117375016212463, -158.7396724050468], [-0.9998647570610046,
        0.006752542685717344, -0.014999973587691784, -2.61160182932266], [-1.9344923885000753e-08,
        0.9118608832359314, 0.4104995131492615, 71.47076174715662], [0.0, 0.0, 0.0,
        1.0]], [[0.012655931524932384, 0.9185777902603149, 0.39503785967826843, 68.77876665670996],
      [0.9999200701713562, -0.011626603081822395, -0.005000109318643808, -0.8705339431075539],
      [-9.320107352550622e-08, 0.3950694799423218, -0.9186515212059021, -159.9434189703692],
      [0.0, 0.0, 0.0, 1.0]], [[-0.015184342861175537, -0.9441202878952026, 0.3292514383792877,
        57.32490514021978], [0.9998847842216492, -0.014337524771690369, 0.004999950528144836,
        0.8705339431075524], [6.613396408283734e-08, 0.32928940653800964, 0.9442290663719177,
        164.3966887300776], [0.0, 0.0, 0.0, 1.0]], [[-0.017033003270626068, -0.4737228453159332,
        -0.8805092573165894, -153.30263568821718], [-0.9998549222946167, 0.008070206269621849,
        0.014999850653111935, 2.611601829322659], [1.0908321002034427e-07, 0.880636990070343,
        -0.47379156947135925, -82.49033440971229], [0.0, 0.0, 0.0, 1.0]], [[-0.02578846551477909,
        0.24528563022613525, 0.9691079258918762, 168.72824937203367], [0.9996675252914429,
        0.006327512674033642, 0.02499999664723873, 4.352669715537765], [-1.8478409913313953e-08,
        0.9694303274154663, -0.2453673630952835, -42.72008865032455], [0.0, 0.0, 0.0,
        1.0]], [[-0.06365993618965149, 0.8336040377616882, -0.5486820936203003, -95.52926506478094],
      [-0.9979718327522278, -0.05317506939172745, 0.034999947994947433, 6.093737601752871],
      [-3.16100781105888e-08, 0.5497972965240479, 0.8352981805801392, 145.4310823803465],
      [0.0, 0.0, 0.0, 1.0]], [[-0.2713890075683594, -0.949146568775177, -0.15959084033966064,
        -27.785842969022557], [-0.9624699950218201, 0.26763179898262024, 0.04500025510787964,
        7.834805487967977], [-2.257589386545078e-07, 0.16581392288208008, -0.9861574172973633,
        -171.6966411947591], [0.0, 0.0, 0.0, 1.0]], [[-0.07003217935562134, -0.6175292134284973,
        0.7834239602088928, 136.39944103521037], [0.9975447058677673, -0.04335324466228485,
        0.05500003695487976, 9.575873374183084], [-1.2535011251202377e-07, 0.7853522300720215,
        0.6190491318702698, 107.78065215287533], [0.0, 0.0, 0.0, 1.0]], [[-0.06517238169908524,
        0.07252943515777588, -0.9952347278594971, -173.27711129327287], [-0.9978740811347961,
        -0.004737268202006817, 0.06499993056058884, 11.31694126039819], [-2.298338301898184e-07,
        0.9973551034927368, 0.0726839154958725, 12.654777219009128], [0.0, 0.0, 0.0,
        1.0]], [[-0.10895250737667084, 0.7210378050804138, 0.6842762231826782, 119.13713171420459],
      [0.9940469861030579, 0.07902925461530685, 0.07500006258487701, 13.058009146613298],
      [1.1021718648862588e-08, 0.6883741021156311, -0.7253559231758118, -126.28937440709159],
      [0.0, 0.0, 0.0, 1.0]], [[-0.9856033325195312, 0.16844618320465088, -0.014581567607820034,
        -2.5387215349889405], [-0.1690761297941208, -0.981931209564209, 0.08500046283006668,
        14.799077032828404], [-8.968869025238746e-08, 0.08624210953712463, 0.9962742328643799,
        173.45811037838365], [0.0, 0.0, 0.0, 1.0]], [[-0.14212897419929504, -0.7362451553344727,
        -0.66162109375, -115.19272560798535], [-0.9898481965065002, 0.10571493208408356,
        0.09499990195035934, 16.54014491904351], [3.3908154506434585e-08, 0.6684066653251648,
        -0.7437961101531982, -129.49993597355854], [0.0, 0.0, 0.0, 1.0]], [[-0.10554435849189758,
        -0.10086439549922943, 0.9892860054969788, 172.24140712650401], [0.9944146275520325,
        -0.010705443099141121, 0.10499999672174454, 18.281212805258615], [-4.372254380768936e-08,
        0.9948425889015198, 0.10143090039491653, 17.659806724482234], [0.0, 0.0, 0.0,
        1.0]], [[-0.14279510080814362, 0.5867257714271545, -0.7970961928367615, -138.77986349618567],
      [-0.9897522330284119, -0.08464904874563217, 0.1149999126791954, 20.02228069147372],
      [-3.397738623789337e-08, 0.8053492307662964, 0.5928006768226624, 103.21061770955174],
      [0.0, 0.0, 0.0, 1.0]], [[-0.5555306673049927, 0.8101732134819031, 0.18709491193294525,
        32.574496031322965], [0.8314957022666931, 0.5412852764129639, 0.12499985843896866,
        21.763348577688827], [-1.4696267669478402e-07, 0.22500993311405182, -0.9743561148643494,
        -169.6420723496582], [0.0, 0.0, 0.0, 1.0]], [[-0.2515012323856354, -0.8166046142578125,
        0.5195228457450867, 90.45246194203922], [0.9678569436073303, -0.21219772100448608,
        0.13499999046325684, 23.504416463903937], [-4.130667008439559e-08, 0.5367764830589294,
        0.8437244892120361, 146.89815648744758], [0.0, 0.0, 0.0, 1.0]], [[-0.1506287157535553,
        -0.26772648096084595, -0.9516475796699524, -165.68833307163277], [-0.9885901808738708,
        0.040793269872665405, 0.14499998092651367, 25.245484350119042], [2.874357107884862e-07,
        0.9626308083534241, -0.27081623673439026, -47.15098777297147], [0.0, 0.0,
        0.0, 1.0]], [[-0.17283913493156433, 0.4357987940311432, 0.8832929134368896,
        153.78727677691532], [0.9849501848220825, 0.07647377252578735, 0.1550002247095108,
        26.98655223633415], [7.034719118337307e-08, 0.8967894911766052, -0.44245782494544983,
        -77.03488394248008], [0.0, 0.0, 0.0, 1.0]], [[-0.42457354068756104, 0.8342258334159851,
        -0.351858526468277, -61.260957302655356], [-0.9053933620452881, -0.39120036363601685,
        0.16499996185302734, 28.727620122549215], [2.3035362062273634e-08, 0.38862502574920654,
        0.921396017074585, 160.42129782716532], [0.0, 0.0, 0.0, 1.0]], [[-0.434934139251709,
        -0.8243566751480103, -0.36230969429016113, -63.08057828119046], [-0.9004622101783752,
        0.3981742858886719, 0.17499998211860657, 30.46868800876432], [-3.0036240161734895e-09,
        0.4023596942424774, -0.9154816269874573, -159.39157298562088], [0.0, 0.0,
        0.0, 1.0]], [[-0.20485854148864746, -0.4204018712043762, 0.8839090466499329,
        153.89455572060848], [0.9787915945053101, -0.08798900991678238, 0.18499988317489624,
        32.20975589497943], [2.674468646546302e-09, 0.90306156873703, 0.4295111298561096,
        74.78082099601276], [0.0, 0.0, 0.0, 1.0]], [[-0.20311349630355835, 0.2739790380001068,
        -0.9400428533554077, -163.66783240522588], [-0.9791552424430847, -0.05683355778455734,
        0.1950000673532486, 33.950823781194536], [-3.4829454875762167e-09, 0.9600549936294556,
        0.2798115909099579, 48.71710217622247], [0.0, 0.0, 0.0, 1.0]], [[-0.37734997272491455,
        0.7774947285652161, 0.5030989646911621, 87.59295570139331], [0.926070511341095,
        0.3168094754219055, 0.2049999088048935, 35.69189166740964], [-9.039602133498192e-08,
        0.5432619452476501, -0.8395629525184631, -146.17365297751496], [0.0, 0.0,
        0.0, 1.0]], [[-0.7394911050796509, -0.6440869569778442, 0.19571685791015625,
        34.07561988369575], [0.6731664538383484, -0.7075464725494385, 0.21500003337860107,
        37.43295955362475], [5.0602515955233685e-08, 0.29074060916900635, 0.9568018913269043,
        166.58571221054314], [0.0, 0.0, 0.0, 1.0]], [[-0.27430257201194763, -0.550047755241394,
        -0.7888001203536987, -137.33545188574246], [-0.9616435170173645, 0.15689760446548462,
        0.22499999403953552, 39.174027439839854], [1.4217251020909316e-07, 0.8202625513076782,
        -0.5719873309135437, -99.58686195265379], [0.0, 0.0, 0.0, 1.0]], [[-0.23645606637001038,
        0.1076500192284584, 0.9656606912612915, 168.12804577270416], [0.9716424942016602,
        0.02619711123406887, 0.2350001037120819, 40.91509532605496], [4.435676714820147e-09,
        0.9938439130783081, -0.11079207807779312, -19.289609721470907], [0.0, 0.0,
        0.0, 1.0]], [[-0.35967350006103516, 0.6831271052360535, -0.6355885863304138,
        -110.66025977648617], [-0.9330784678459167, -0.26332488656044006, 0.24500000476837158,
        42.656163212270066], [-4.3669160731951706e-08, 0.6811738610267639, 0.7321217656135559,
        127.46737814164103], [0.0, 0.0, 0.0, 1.0]], [[-0.9949173927307129, -0.09733413904905319,
        -0.025809140875935555, -4.493546040807843], [-0.10069780051708221, 0.9616833925247192,
        0.25500011444091797, 44.39723109848517], [8.268468576488885e-09, 0.2563028931617737,
        -0.9665968418121338, -168.29102102864007], [0.0, 0.0, 0.0, 1.0]], [[-0.3677577078342438,
        -0.6447782516479492, 0.6700863242149353, 116.66656368095241], [0.9299218654632568,
        -0.2549915015697479, 0.26500004529953003, 46.13829898470028], [-3.0241700699207286e-08,
        0.7205835580825806, 0.693368136882782, 120.7201065679285], [0.0, 0.0, 0.0,
        1.0]], [[-0.27547118067741394, -0.05619892105460167, -0.9596651196479797,
        -167.08422908347302], [-0.9613092541694641, 0.01610442064702511, 0.27500012516975403,
        47.87936687091538], [7.005566970974542e-08, 0.9982896447181702, -0.05846075341105461,
        -10.178431299425533], [0.0, 0.0, 0.0, 1.0]], [[-0.3573606610298157, 0.5634633302688599,
        0.7448504567146301, 129.68352725180804], [0.933966338634491, 0.21559642255306244,
        0.28499990701675415, 49.62043475713049], [-3.267379611315846e-08, 0.7975130677223206,
        -0.6033013463020325, -105.03889307365267], [0.0, 0.0, 0.0, 1.0]], [[-0.9019317030906677,
        0.408125102519989, -0.14125727117061615, -24.593847280840944], [-0.43187928199768066,
        -0.8523237705230713, 0.2950000464916229, 51.361502643345595], [9.070059370230865e-09,
        0.32707589864730835, 0.9449980854988098, 164.53058246490104], [0.0, 0.0, 0.0,
        1.0]], [[-0.4970724582672119, -0.6851629018783569, -0.5324201583862305, -92.69796248780072],
      [-0.8677093386650085, 0.3924993872642517, 0.3049999475479126, 53.1025705295607],
      [4.1214278212464706e-08, 0.6135928630828857, -0.7896229028701782, -137.47864778887902],
      [0.0, 0.0, 0.0, 1.0]], [[-0.3230492174625397, -0.20994210243225098, 0.9228021502494812,
