{cam2Pos: [[[0.9950000047683716, 9.476450735235176e-09, 0.09987490624189377, 39.892541483423976],
      [0.09987490624189377, -2.9613563157226963e-08, -0.9949999451637268, -397.4278834936911],
      [-1.0470819766794648e-09, 0.9999999403953552, -3.014039862136997e-08, 0.0],
      [0.0, 0.0, 0.0, 1.0]], [[0.9917600154876709, 0.014932280406355858, -0.12723617255687714,
        -50.82132009264433], [-0.1281093955039978, 0.11559844017028809, -0.9849998950958252,
        -393.4336334083274], [-4.418071242184851e-09, 0.9931836724281311, 0.11655887961387634,
        46.55649225880824], [0.0, 0.0, 0.0, 1.0]], [[0.9998015761375427, 0.004409500863403082,
        0.019426420331001282, 7.759398357370292], [0.019920580089092255, -0.22131016850471497,
        -0.9750000834465027, -389.4393833229637], [-2.6322027890657296e-10, 0.9751935601234436,
        -0.22135409712791443, -88.41434215353895], [0.0, 0.0, 0.0, 1.0]], [[0.9866037368774414,
        -0.033951934427022934, 0.1595630645751953, 63.73346014206263], [0.16313523054122925,
        0.2053333967924118, -0.9650002121925354, -385.4451332375999], [-2.8145343833330116e-08,
        0.9781031012535095, 0.20812144875526428, 83.12901278164314], [0.0, 0.0, 0.0,
        1.0]], [[0.956277072429657, -0.015109575353562832, -0.29207170009613037, -116.66075328736581],
      [-0.2924622595310211, -0.049404315650463104, -0.9549999237060547, -381.4508831522362],
      [1.9651583471613776e-08, 0.9986644983291626, -0.051663193851709366, -20.635644624897157],
      [0.0, 0.0, 0.0, 1.0]], [[0.9599064588546753, 0.04920965060591698, 0.2759673297405243,
        110.22824983580827], [0.2803204357624054, -0.1685095578432083, -0.9450000524520874,
        -377.4566330668725], [-7.745825314486865e-09, 0.9844709634780884, -0.17554788291454315,
        -70.11818976725418], [0.0, 0.0, 0.0, 1.0]], [[0.9951869249343872, 0.03356204926967621,
        -0.09206807613372803, -36.7742908021098], [-0.0979946032166481, 0.3408401310443878,
        -0.9350000619888306, -373.46238298150877], [-1.8545733837527223e-08, 0.9395220279693604,
        0.342488557100296, 136.79852878615472], [0.0, 0.0, 0.0, 1.0]], [[0.9825451374053955,
        -0.06272763758897781, -0.1751294732093811, -69.95110495606698], [-0.18602442741394043,
        -0.3313152492046356, -0.925000011920929, -369.468132896145], [1.4024728045569645e-09,
        0.9414326548576355, -0.3372010588645935, -134.6865959698421], [0.0, 0.0, 0.0,
        1.0]], [[0.9238911867141724, -0.052959658205509186, 0.3789728283882141, 151.3712070125857],
      [0.3826553523540497, 0.12786680459976196, -0.9150000810623169, -365.47388281078133],
      [1.0214208145953307e-08, 0.9903764724731445, 0.13840028643608093, 55.28052202219022],
      [0.0, 0.0, 0.0, 1.0]], [[0.917163074016571, 0.06468597054481506, -0.393227219581604,
        -157.0648136782081], [-0.3985121250152588, 0.14887270331382751, -0.9049999117851257,
        -361.4796327254176], [-4.559883848287427e-08, 0.9867382645606995, 0.16231869161128998,
        64.83407185430086], [0.0, 0.0, 0.0, 1.0]], [[0.9784079790115356, 0.08350347727537155,
        0.18906337022781372, 75.51662873754337], [0.20668283104896545, -0.39529404044151306,
        -0.8950001001358032, -357.48538264005384], [-1.68730149852081e-08, 0.914751410484314,
        -0.4040175974369049, -161.37464927023697], [0.0, 0.0, 0.0, 1.0]], [[0.9878304600715637,
        -0.06909628957509995, 0.13934387266635895, 55.65743061422039], [0.15553459525108337,
        0.43884390592575073, -0.8849999904632568, -353.4911325546901], [1.2419710593292166e-08,
        0.8959027528762817, 0.444250226020813, 177.44465916704112], [0.0, 0.0, 0.0,
        1.0]], [[0.9019775390625, -0.10481233149766922, -0.41886863112449646, -167.3065844608503],
      [-0.431782990694046, -0.2189488559961319, -0.8750000596046448, -349.4968824693264],
      [2.6510742046070845e-08, 0.9700907468795776, -0.2427431344985962, -96.95758549256412],
      [0.0, 0.0, 0.0, 1.0]], [[0.8700645565986633, 0.05310918390750885, 0.49006837606430054,
        195.74558286138983], [0.49293771386146545, -0.09374067187309265, -0.8649998903274536,
        -345.50263238396263], [-3.792022695847663e-08, 0.9941789507865906, -0.10773994773626328,
        -43.0341172825558], [0.0, 0.0, 0.0, 1.0]], [[0.9441924691200256, 0.13975216448307037,
        -0.29827815294265747, -119.13978226887752], [-0.3293941915035248, 0.4005928337574005,
        -0.854999840259552, -341.5083822985989], [-2.7225453891333018e-08, 0.9055355191230774,
        0.42427030205726624, 169.46408039758788], [0.0, 0.0, 0.0, 1.0]], [[0.9967091083526611,
        -0.042989540845155716, -0.0687231793999672, -27.449759402762144], [-0.08106155693531036,
        -0.5285865664482117, -0.8450000286102295, -337.5141322132352], [5.7488120930315745e-09,
        0.847790002822876, -0.5303317904472351, -211.82789879843241], [0.0, 0.0, 0.0,
        1.0]], [[0.8930333256721497, -0.15956978499889374, 0.4207480847835541, 168.05729998291008],
      [0.44999051094055176, 0.3166758716106415, -0.8349999189376831, -333.5198821278714],
      [1.542557015454804e-08, 0.9350153803825378, 0.3546070158481598, 141.63887034337205],
      [0.0, 0.0, 0.0, 1.0]], [[0.8252249956130981, 0.01318813394755125, -0.5646501183509827,
        -225.5353849703233], [-0.5648041367530823, 0.019268956035375595, -0.8250000476837158,
        -329.5256320425077], [1.5254784102580743e-08, 0.9997273683547974, 0.023349935188889503,
        9.32659624705282], [0.0, 0.0, 0.0, 1.0]], [[0.8930030465126038, 0.18395376205444336,
        0.41073906421661377, 164.0594167349147], [0.45005062222480774, -0.3650064170360565,
        -0.8149999380111694, -325.53138195714405], [7.58232872044573e-08, 0.9126507639884949,
        -0.4087403416633606, -163.2610320497615], [0.0, 0.0, 0.0, 1.0]], [[0.9994210600852966,
        0.020163320004940033, -0.02740422822535038, -10.945931329427678], [-0.03402280434966087,
        0.5922983288764954, -0.8050001263618469, -321.5371318717803], [5.259004343116658e-09,
        0.8054664731025696, 0.5926414132118225, 236.71585679730555], [0.0, 0.0, 0.0,
        1.0]], [[0.8983872532844543, -0.20455703139305115, -0.38866016268730164, -155.24060726716627],
      [-0.4392041862010956, -0.4184189736843109, -0.7950000762939453, -317.54288178641656],
      [3.550894689396955e-08, 0.8849191069602966, -0.46574458479881287, -186.03013069495216],
      [0.0, 0.0, 0.0, 1.0]], [[0.787692129611969, -0.05089216306805611, 0.6139634251594543,
        245.23229703339368], [0.6160690784454346, 0.06506940722465515, -0.7850000262260437,
        -313.54863170105284], [5.955865844953223e-08, 0.9965822100639343, 0.08260773122310638,
        32.995658720573495], [0.0, 0.0, 0.0, 1.0]], [[0.8310174942016602, 0.20076777040958405,
        -0.5187506675720215, -207.20198150142554], [-0.5562463402748108, 0.2999417185783386,
        -0.7750000953674316, -309.55438161568907], [-1.2268266402770678e-08, 0.9325917363166809,
        0.3609331250190735, 144.1657418691864], [0.0, 0.0, 0.0, 1.0]], [[0.9833542108535767,
        0.11416637897491455, 0.14135268330574036, 56.45978240446688], [0.18169903755187988,
        -0.6178680658340454, -0.7649999856948853, -305.56013153032535], [1.1463847648940373e-08,
        0.7779495716094971, -0.6283270716667175, -250.96939342137352], [0.0, 0.0,
        0.0, 1.0]], [[0.9180663228034973, -0.22554214298725128, 0.32601380348205566,
        130.218074731757], [0.39642685651779175, 0.522322416305542, -0.7550000548362732,
        -301.56588144496163], [-2.411611710328998e-08, 0.8223807215690613, 0.5689375996589661,
        227.24790341334185], [0.0, 0.0, 0.0, 1.0]], [[0.7608005404472351, -0.1315779983997345,
        -0.6355074048042297, -253.83758757292367], [-0.6489856839179993, -0.1542477011680603,
        -0.7449998259544373, -297.5716313595979], [-7.704271354214143e-08, 0.9792315363883972,
        -0.20274394750595093, -80.98111378233529], [0.0, 0.0, 0.0, 1.0]], [[0.766657829284668,
        0.1825985461473465, 0.6155432462692261, 245.8633905099476], [0.642055869102478,
        -0.21803469955921173, -0.73499995470047, -293.57738127423414], [-9.515355259281932e-08,
        0.9587066769599915, -0.2843964695930481, -113.59512249827274], [0.0, 0.0,
        0.0, 1.0]], [[0.9388487339019775, 0.21877074241638184, -0.2658991813659668,
        -106.20676325200228], [-0.3443298041820526, 0.5964997410774231, -0.7250000238418579,
        -289.5831311888704], [2.0539372869166073e-08, 0.7722223997116089, 0.635352373123169,
        253.77563124670633], [0.0, 0.0, 0.0, 1.0]], [[0.9493634700775146, -0.20668776333332062,
        -0.2366202473640442, -94.51205119375388], [-0.31417983770370483, -0.6245524287223816,
        -0.7150000333786011, -285.5888811035067], [-3.540419513115012e-09, 0.7531362771987915,
        -0.6578643918037415, -262.76757907603064], [0.0, 0.0, 0.0, 1.0]], [[0.7468220591545105,
        -0.2194213718175888, 0.6277826428413391, 250.75215600099344], [0.665023922920227,
        0.2464103102684021, -0.7050000429153442, -281.59463101814293], [1.846064634491995e-09,
        0.9440000653266907, 0.3299451470375061, 131.7883055771301], [0.0, 0.0, 0.0,
        1.0]], [[0.7069740891456604, 0.12961480021476746, -0.6952608227729797, -277.704570090767],
      [-0.7072394490242004, 0.12956616282463074, -0.6949999928474426, -277.6003809327792],
      [-1.383776293550909e-08, 0.9830628633499146, 0.18326860666275024, 73.20203344825757],
      [0.0, 0.0, 0.0, 1.0]], [[0.8668250441551208, 0.3055483102798462, 0.3940236270427704,
        157.38287359318826], [0.4986124634742737, -0.5311882495880127, -0.6850001215934753,
        -273.6061308474155], [4.342571457982558e-08, 0.7902402877807617, -0.6127974987030029,
        -244.7665289751422], [0.0, 0.0, 0.0, 1.0]], [[0.9832901358604431, -0.13237552344799042,
        0.12496873736381531, 49.91564116075385], [0.18204522132873535, 0.7150066494941711,
        -0.675000011920929, -269.6118807620518], [-1.7442869371109282e-09, 0.6864708065986633,
        0.7271573543548584, 290.44483118785513], [0.0, 0.0, 0.0, 1.0]], [[0.7477662563323975,
        -0.3036261796951294, -0.5904716849327087, -235.84915029317204], [-0.6639621257781982,
        -0.34194934368133545, -0.6650000214576721, -265.617630676688], [3.606832166269669e-09,
        0.8893153667449951, -0.45729443430900574, -182.65483849045165], [0.0, 0.0,
        0.0, 1.0]], [[0.6562783718109131, 0.04707341268658638, 0.7530490159988403,
        300.7865689825594], [0.7545188665390015, -0.04094443842768669, -0.6549999713897705,
        -261.6233805913243], [4.5592752684342486e-08, 0.9980520009994507, -0.062388744205236435,
        -24.919552402656937], [0.0, 0.0, 0.0, 1.0]], [[0.7791330218315125, 0.35164231061935425,
        -0.5189406871795654, -207.27785361545023], [-0.6268585920333862, 0.4370621144771576,
        -0.6449999809265137, -257.6291305059606], [1.7501157856258942e-08, 0.827843189239502,
        0.5609595775604248, 224.06128616875432], [0.0, 0.0, 0.0, 1.0]], [[0.9999824166297913,
        0.004584483802318573, 0.0037685271818190813, 1.5052444526665414], [0.00593458442017436,
        -0.7724887728691101, -0.6349998712539673, -253.63488042059686], [-9.626094366055327e-10,
        0.6350110769271851, -0.7725023627281189, -308.5569949254901], [0.0, 0.0, 0.0,
        1.0]], [[0.76601243019104, -0.3716650903224945, 0.524490237236023, 209.49449875088823],
      [0.6428257822990417, 0.4428882896900177, -0.6250000596046448, -249.64063033523314],
      [4.562644306815855e-08, 0.8159136772155762, 0.578173816204071, 230.9371085885143],
      [0.0, 0.0, 0.0, 1.0]], [[0.6166348457336426, -0.05728701129555702, -0.785162091255188,
        -313.61342912111536], [-0.7872492074966431, -0.044871579855680466, -0.6149999499320984,
        -245.6463802498694], [-4.410797060927507e-08, 0.9973487257957458, -0.07276849448680878,
        -29.065622121561184], [0.0, 0.0, 0.0, 1.0]], [[0.6902298927307129, 0.3483118712902069,
        0.6342409253120422, 253.33168342632956], [0.7235901355743408, -0.33225345611572266,
        -0.6050001382827759, -241.65213016450568], [-2.8163938736724958e-08, 0.8765196204185486,
        -0.4813663065433502, -192.2697157734946], [0.0, 0.0, 0.0, 1.0]], [[0.9719953536987305,
        0.18582572042942047, -0.14385370910167694, -57.4587675624541], [-0.23500019311904907,
        0.7686025500297546, -0.5949999690055847, -237.65788007914193], [2.73188600630192e-08,
        0.6121428608894348, 0.7907471656799316, 315.84420132523206], [0.0, 0.0, 0.0,
        1.0]], [[0.8044590353965759, -0.4077443778514862, -0.4319608509540558, -172.53597338318312],
      [-0.5940080881118774, -0.5522040128707886, -0.5850000381469727, -233.6636299937782],
      [-3.61150256367182e-08, 0.7271968126296997, -0.686428964138031, -274.17691980020834],
      [0.0, 0.0, 0.0, 1.0]], [[0.5889349579811096, -0.17476746439933777, 0.7890576124191284,
        315.16931913642037], [0.8081804513931274, 0.1273559182882309, -0.5749999284744263,
        -229.6693799084145], [8.161083542290726e-08, 0.9763385057449341, 0.21624799072742462,
        86.37484386006858], [0.0, 0.0, 0.0, 1.0]], [[0.6099339723587036, 0.2985275685787201,
        -0.7340720891952515, -293.2067448737053], [-0.7924522161483765, 0.2297704964876175,
        -0.5649999380111694, -225.67512982305078], [3.006044480002856e-08, 0.9263297319412231,
        0.37671369314193726, 150.46886051338566], [0.0, 0.0, 0.0, 1.0]], [[0.8868467807769775,
        0.3603973388671875, 0.2891652286052704, 115.49980102565435], [0.46206361055374146,
        -0.6917172074317932, -0.5549998879432678, -221.68087973768704], [4.3146876294031244e-08,
        0.6258125901222229, -0.7799736857414246, -311.54088169298274], [0.0, 0.0,
        0.0, 1.0]], [[0.8650131225585938, -0.389636367559433, 0.31612613797187805,
        126.26869085874755], [0.5017491579055786, 0.671731173992157, -0.5450000166893005,
        -217.68662965232332], [4.2234599817447815e-08, 0.6300482153892517, 0.7765560150146484,
        310.17589594246664], [0.0, 0.0, 0.0, 1.0]], [[0.573880672454834, -0.2963050901889801,
        -0.7634555101394653, -304.94322385884544], [-0.8189389705657959, -0.2076391726732254,
        -0.5350000858306885, -213.69237956695957], [4.039981149617233e-08, 0.9322496652603149,
        -0.3618159294128418, -144.5182845935634], [0.0, 0.0, 0.0, 1.0]], [[0.5423272252082825,
        0.21067741513252258, 0.8133241534233093, 324.8620034546488], [0.8401673436164856,
        -0.13599205017089844, -0.5249999761581421, -209.69812948159583], [-2.745339244825118e-08,
        0.9680501818656921, -0.25075647234916687, -100.15842774141987], [0.0, 0.0,
        0.0, 1.0]], [[0.7651086449623108, 0.47619393467903137, -0.43341442942619324,
        -173.11659684478263], [-0.6439011693000793, 0.5658323764801025, -0.5149999260902405,
        -205.7038793962321], [1.635691759815927e-08, 0.6731069684028625, 0.7395451068878174,
        295.39278146647905], [0.0, 0.0, 0.0, 1.0]], [[0.9412350058555603, -0.2850230634212494,
        -0.18121394515037537, -72.38138727749944], [-0.3377523124217987, -0.7942909598350525,
        -0.5049999356269836, -201.70962931086837], [5.857927476426994e-09, 0.5365290641784668,
        -0.8438816666603088, -337.0674971920882], [0.0, 0.0, 0.0, 1.0]], [[0.5727991461753845,
        -0.4124606251716614, 0.7083624005317688, 282.93767301503857], [0.8196957111358643,
        0.2882254421710968, -0.49499988555908203, -197.71537922550465], [-3.746915666624773e-08,
        0.8641771674156189, 0.5031875371932983, 200.98566976486575], [0.0, 0.0, 0.0,
        1.0]], [[0.4878615736961365, 0.09440848231315613, -0.8678008317947388, -346.6213062218914],
      [-0.8729211091995239, 0.05276315659284592, -0.4850001335144043, -193.7211291401409],
      [-5.340089614946919e-08, 0.9941345453262329, 0.10815217345952988, 43.198745838047955],
      [0.0, 0.0, 0.0, 1.0]], [[0.6399326920509338, 0.5149299502372742, 0.570379912853241,
        227.82401211197387], [0.7684309482574463, -0.42882245779037476, -0.4749999940395355,
        -189.72687905477719], [6.404906827128798e-08, 0.7422655820846558, -0.6701055765151978,
        -267.65699750542444], [0.0, 0.0, 0.0, 1.0]], [[0.9976015686988831, -0.06123839691281319,
        0.03226357698440552, 12.886878598301298], [0.06921762228012085, 0.8826006650924683,
        -0.4649999737739563, -185.73262896941344], [9.239323750520612e-10, 0.4661179184913635,
        0.8847225904464722, 353.38032817402905], [0.0, 0.0, 0.0, 1.0]], [[0.5885264873504639,
        -0.5127878189086914, -0.6250482201576233, -249.6598519603033], [-0.8084779381752014,
        -0.3732808232307434, -0.4549998641014099, -181.7383788840497], [-1.0520865600938123e-07,
        0.773117184638977, -0.6342633366584778, -253.34059564949052], [0.0, 0.0, 0.0,
        1.0]], [[0.4454660713672638, -0.04094146937131882, 0.894362211227417, 357.23064777141127],
      [0.8952987790107727, 0.020370962098240852, -0.4449999928474426, -177.74412879868598],
      [-3.159751926773424e-08, 0.9989538192749023, 0.045729443430900574, 18.265443183665877],
      [0.0, 0.0, 0.0, 1.0]], [[0.5310179591178894, 0.4859907031059265, -0.6941420435905457,
        -277.2576479542753], [-0.8473606705665588, 0.30455711483955383, -0.43500012159347534,
        -173.74987871332223], [1.856233033947774e-08, 0.8191814422607422, 0.5735345482826233,
        229.08407570638911], [0.0, 0.0, 0.0, 1.0]], [[0.9593167901039124, 0.25311335921287537,
        0.12507973611354828, 49.959967728856746], [0.2823319435119629, -0.860037088394165,
        -0.42500001192092896, -169.75562862795852], [1.7404532925979765e-08, 0.4430236518383026,
        -0.8965100049972534, -358.08848853033504], [0.0, 0.0, 0.0, 1.0]], [[0.6267346739768982,
        -0.5839262008666992, 0.5159784555435181, 206.09473173587716], [0.7792326807975769,
        0.4696502685546875, -0.41499993205070496, -165.76137854259483], [-2.4773692430812844e-08,
        0.6621621251106262, 0.7493605613708496, 299.3133214186382], [0.0, 0.0, 0.0,
        1.0]], [[0.4137900769710541, -0.18664871156215668, -0.8910331130027771, -355.90088528429624],
      [-0.9103723168373108, -0.0848371610045433, -0.40499991178512573, -161.76712845723108],
      [1.7860529055724328e-08, 0.978756844997406, -0.2050246149301529, -81.8919620526796],
      [0.0, 0.0, 0.0, 1.0]], [[0.44303202629089355, 0.40598878264427185, 0.799309492111206,
        319.26421023152125], [0.8965057730674744, -0.20063002407550812, -0.39499983191490173,
        -157.77287837186734], [4.377114493081535e-08, 0.8915831446647644, -0.45285677909851074,
        -180.88233844071294], [0.0, 0.0, 0.0, 1.0]], [[0.8039491772651672, 0.5220717191696167,
        -0.2847925126552582, -113.75326546896466], [-0.5946979522705078, 0.7057685852050781,
        -0.3850000202655792, -153.77862828650362], [-3.091704314783783e-08, 0.4788859784603119,
        0.8778771162033081, 350.6460687384792], [0.0, 0.0, 0.0, 1.0]], [[0.6980165839195251,
        -0.6039658784866333, -0.384705126285553, -153.66086774074302], [-0.7160815596580505,
        -0.5887289643287659, -0.37499991059303284, -149.78437820113987], [4.274447462648823e-08,
        0.5372363924980164, -0.8434314131736755, -336.8876893214435], [0.0, 0.0, 0.0,
        1.0]], [[0.3918198347091675, -0.3345375657081604, 0.8570657968521118, 342.3335566800981],
      [0.9200419187545776, 0.14247022569179535, -0.36500000953674316, -145.79012811577616],
      [-1.1382596198927786e-07, 0.9315507411956787, 0.36361128091812134, 145.23536745235745],
      [0.0, 0.0, 0.0, 1.0]], [[0.37366655468940735, 0.2895039916038513, -0.8812267780303955,
        -351.9840515127279], [-0.9275630116462708, 0.11662607640028, -0.35499998927116394,
        -141.7958780304124], [2.014809297179454e-08, 0.9500450491905212, 0.3121125400066376,
        124.66552810842038], [0.0, 0.0, 0.0, 1.0]], [[0.6164111495018005, 0.6525394916534424,
        0.4407147169113159, 176.03247999719414], [0.7874244451522827, -0.5108205676078796,
        -0.34499993920326233, -137.80162794504866], [7.667646428899388e-08, 0.5596913695335388,
        -0.8287010192871094, -331.0039497740374], [0.0, 0.0, 0.0, 1.0]], [[0.8178362846374512,
        -0.5249594449996948, 0.23571468889713287, 94.15035322854605], [0.5754509568214417,
        0.7460772395133972, -0.3349999785423279, -133.80737785968495], [2.994352854557292e-08,
        0.4096173942089081, 0.9122574329376221, 364.3784215092013], [0.0, 0.0, 0.0,
        1.0]], [[0.37923935055732727, -0.47685474157333374, -0.7929610013961792, -316.72843307290583],
      [-0.9252986311912537, -0.1954420506954193, -0.32499998807907104, -129.8131277743212],
      [-7.758367814858502e-08, 0.8569784760475159, -0.5153524279594421, -205.84457482506372],
      [0.0, 0.0, 0.0, 1.0]], [[0.3189140260219574, 0.14803297817707062, 0.9361516833305359,
        373.9224277859623], [0.9477835893630981, -0.04981069639325142, -0.3149999678134918,
        -125.81887768895747], [6.026780852153024e-08, 0.987727165222168, -0.15618851780891418,
        -62.38561901612099], [0.0, 0.0, 0.0, 1.0]], [[0.46119430661201477, 0.6655614972114563,
        -0.5867943167686462, -234.3803562609251], [-0.887299120426178, 0.34594106674194336,
        -0.3049999177455902, -121.82462760359374], [-8.465438128268943e-09, 0.6613263487815857,
        0.7500982880592346, 299.60798746450195], [0.0, 0.0, 0.0, 1.0]], [[0.9697588086128235,
        -0.2324986457824707, -0.07424449920654297, -29.65511344344733], [-0.2440652847290039,
        -0.9238003492355347, -0.2950000762939453, -117.83037751823001], [2.1005169159593606e-08,
        0.3041994273662567, -0.9526083469390869, -380.4956160389359], [0.0, 0.0, 0.0,
        1.0]], [[0.37688446044921875, -0.6060900092124939, 0.7004377245903015, 279.7723182604148],
      [0.9262602925300598, 0.24661092460155487, -0.28499993681907654, -113.83612743286632],
      [-8.872827805816996e-09, 0.7561997175216675, 0.654340922832489, 261.36014131952686],
      [0.0, 0.0, 0.0, 1.0]], [[0.27501219511032104, -0.009018534794449806, -0.9613984227180481,
        -384.00659050654144], [-0.9614407420158386, -0.002579701831564307, -0.27500006556510925,
        -109.84187734750259], [-3.9848668365038975e-08, 0.9999560117721558, -0.009380223229527473,
        -3.7467149076541775], [0.0, 0.0, 0.0, 1.0]], [[0.34653592109680176, 0.6044449806213379,
        0.7173275947570801, 286.5186195177188], [0.9380365610122681, -0.22329802811145782,
        -0.2649998664855957, -105.84762726213886], [1.2670106741552445e-07, 0.7647116184234619,
        -0.6443722248077393, -257.3785109851203], [0.0, 0.0, 0.0, 1.0]], [[0.9383646845817566,
        0.3326394259929657, -0.09392926841974258, -37.5177024574816], [-0.34564679861068726,
        0.9030522108078003, -0.2549999952316284, -101.85337717677513], [-1.5523060170608005e-08,
        0.271749347448349, 0.9623680710792542, 384.39387222519446], [0.0, 0.0, 0.0,
        1.0]], [[0.38778188824653625, -0.7144797444343567, -0.5823608040809631, -232.6094271412454],
      [-0.9217512607574463, -0.30058276653289795, -0.2449999898672104, -97.85912709141138],
      [-6.326473567241919e-09, 0.631798267364502, -0.7751331329345703, -309.607466147395],
      [0.0, 0.0, 0.0, 1.0]], [[0.23884165287017822, -0.17346423864364624, 0.9554395079612732,
        381.6264660940536], [0.9710584282875061, 0.04266529530286789, -0.2349999099969864,
        -93.86487700604765], [9.817152601954149e-08, 0.9839154481887817, 0.17863427102565765,
        71.35098237225145], [0.0, 0.0, 0.0, 1.0]], [[0.2624708116054535, 0.4968666732311249,
        -0.8271836042404175, -330.39778419953996], [-0.9649400115013123, 0.1351514756679535,
        -0.2250000536441803, -89.87062692068392], [1.1291031398741325e-07, 0.8572384119033813,
        0.5149197578430176, 205.67185528700597], [0.0, 0.0, 0.0, 1.0]], [[0.6333171725273132,
        0.7279328107833862, 0.26272276043891907, 104.93803376708216], [0.7738924026489258,
        -0.5957061052322388, -0.21500006318092346, -85.87637683532019], [-8.336591150737149e-08,
        0.3394823670387268, -0.9406125545501709, -375.70413148516013], [0.0, 0.0,
        0.0, 1.0]], [[0.4202624261379242, -0.7921268939971924, 0.4426223337650299,
        176.79443515041876], [0.9074026346206665, 0.3668725788593292, -0.20500002801418304,
        -81.88212674995646], [2.0396669242472854e-08, 0.48779046535491943, 0.8729607462882996,
        348.6823518089639], [0.0, 0.0, 0.0, 1.0]], [[0.20779049396514893, -0.33788639307022095,
        -0.9179628491401672, -366.6573540215092], [-0.9781732559204102, -0.0717761442065239,
        -0.1950000524520874, -77.88787666459272], [-5.682853299049384e-08, 0.9384459257125854,
        -0.3454257845878601, -137.97173933421487], [0.0, 0.0, 0.0, 1.0]], [[0.19880090653896332,
        0.35878244042396545, 0.9120051264762878, 364.27765397819053], [0.9800398945808411,
        -0.07277889549732208, -0.18500007688999176, -73.89362657922898], [-4.970390321545892e-08,
        0.9305796027183533, -0.3660896122455597, -146.22537470424476], [0.0, 0.0,
        0.0, 1.0]], [[0.3799959123134613, 0.8210597634315491, -0.4259859323501587,
        -170.14942228366348], [-0.9249882102012634, 0.3373009264469147, -0.1749999225139618,
        -69.89937649386525], [7.412707958565079e-08, 0.46053120493888855, 0.8876435160636902,
        354.5470190349738], [0.0, 0.0, 0.0, 1.0]], [[0.49974068999290466, -0.8176009654998779,
        -0.2859860956668854, -114.22998212029809], [-0.8661751747131348, -0.47171616554260254,
        -0.16499988734722137, -65.90512640850152], [-1.5103057648957474e-07, 0.3301711976528168,
        -0.9439214468002319, -377.0256794200595], [0.0, 0.0, 0.0, 1.0]], [[0.17941895127296448,
        -0.4954906105995178, 0.849881112575531, 339.46379008467807], [0.9837727546691895,
        0.09036669135093689, -0.15500006079673767, -61.91087632313783], [1.392952384549062e-07,
        0.863899827003479, 0.5036636590957642, 201.1758336841889], [0.0, 0.0, 0.0,
        1.0]], [[0.1480836719274521, 0.2007736712694168, -0.9683806896209717, -386.79546561340817],
      [-0.9889748096466064, 0.030062757432460785, -0.14500001072883606, -57.916626237774096],
      [2.137159782478193e-09, 0.9791762828826904, 0.2030119150876999, 81.08803629649978],
      [0.0, 0.0, 0.0, 1.0]], [[0.22753748297691345, 0.7838602066040039, 0.5777457356452942,
        230.76606176946333], [0.9737694263458252, -0.18316231667995453, -0.13499994575977325,
        -53.92237615241036], [8.072375834444756e-08, 0.5933086276054382, -0.8049753904342651,
        -321.5271987402806], [0.0, 0.0, 0.0, 1.0]], [[0.7274735569953918, -0.6759308576583862,
        0.11789675801992416, 47.091021191182456], [0.6861357092857361, 0.7166538834571838,
        -0.1249999850988388, -49.92812606704663], [1.7526575391002552e-07, 0.17182736098766327,
        0.9851270914077759, 393.48437757411205], [0.0, 0.0, 0.0, 1.0]], [[0.15091456472873688,
        -0.6401350498199463, -0.7532938122749329, -300.88445458968806], [-0.9885466694831848,
        -0.09772466868162155, -0.11500006169080734, -45.933875981682895], [6.187336509810848e-08,
        0.7620214223861694, -0.647551417350769, -258.64833552112214], [0.0, 0.0, 0.0,
        1.0]], [[0.10505180060863495, 0.031219594180583954, 0.9939765930175781, 397.01910838268475],
      [0.9944667220115662, -0.0032979727257043123, -0.10499999672174454, -41.93962589631916],
      [7.48254365134926e-08, 0.9995070695877075, -0.03139328584074974, -12.53925049500516],
      [0.0, 0.0, 0.0, 1.0]], [[0.13217446208000183, 0.6891719102859497, -0.7124407887458801,
        -284.5666958497521], [-0.9912264347076416, 0.09189724922180176, -0.09499989449977875,
        -37.945375810955426], [7.274017832514801e-08, 0.7187467217445374, 0.6952719688415527,
        277.7089870926069], [0.0, 0.0, 0.0, 1.0]], [[0.8362662196159363, 0.5454838871955872,
        0.0557328499853611, 22.26108978967548], [0.5483236312866211, -0.8319354057312012,
        -0.0849994346499443, -33.951125725591695], [3.090269444783189e-07, 0.10164178907871246,
        -0.9948211908340454, -397.35639215649053], [0.0, 0.0, 0.0, 1.0]], [[0.11795369535684586,
        -0.7664302587509155, 0.631404459476471, 252.198733447381], [0.9930191040039062,
        0.0910387709736824, -0.07500011473894119, -29.95687564022796], [6.488239989721478e-08,
        0.6358432173728943, 0.771818220615387, 308.28350895514086], [0.0, 0.0, 0.0,
        1.0]], [[0.0656721368432045, -0.1423993855714798, -0.9876282215118408, -394.48342288475345],
      [-0.9978412389755249, -0.009371894411742687, -0.06499995291233063, -25.962625554864225],
      [-1.693497608812322e-08, 0.9897648692131042, -0.1427074372768402, -57.000952515798765],
      [0.0, 0.0, 0.0, 1.0]], [[0.06650799512863159, 0.5609988570213318, 0.8251405358314514,
        329.5817979470804], [0.9977858066558838, -0.03739354759454727, -0.05500021576881409,
        -21.968375469500494], [-7.632696963355556e-08, 0.8269715309143066, -0.562243640422821,
        -224.57418904558588], [0.0, 0.0, 0.0, 1.0]], [[0.1930159479379654, 0.9541565775871277,
        -0.22875739634037018, -91.37146545296456], [-0.9811955690383911, 0.1876969188451767,
        -0.04500025883316994, -17.97412538413676], [-2.5143219772871817e-07, 0.23314151167869568,
        0.9724428057670593, 388.4179753331901], [0.0, 0.0, 0.0, 1.0]], [[0.07148038595914841,
        -0.8696913719177246, -0.4883926510810852, -195.0762393358694], [-0.9974419474601746,
        -0.062325190752744675, -0.034999966621398926, -13.97987529877307], [-3.0925946248316905e-08,
        0.4896451532840729, -0.8719216585159302, -348.2673705323067], [0.0, 0.0, 0.0,
        1.0]], [[0.026323655620217323, -0.31300899386405945, 0.9493852853775024, 379.2082270463568],
      [0.9996535181999207, 0.00824233889579773, -0.024999985471367836, -9.985625213409335],
      [4.872707748404537e-08, 0.9497144222259521, 0.31311747431755066, 125.06696315869227],
      [0.0, 0.0, 0.0, 1.0]], [[0.016449980437755585, 0.410444051027298, -0.9117373824119568,
        -364.1707225057242], [-0.9998646378517151, 0.006752683315426111, -0.01500009000301361,
        -5.991375128045602], [-4.457523772316563e-08, 0.9118607640266418, 0.41049960255622864,
        163.96379398518283], [0.0, 0.0, 0.0, 1.0]], [[0.012655888684093952, 0.9185777306556702,
        0.39503782987594604, 157.78798561783069], [0.9999199509620667, -0.011626479215919971,
        -0.004999885801225901, -1.9971250426818685], [9.630647923586366e-08, 0.3950694799423218,
        -0.9186513423919678, -366.9322833037627], [0.0, 0.0, 0.0, 1.0]], [[-0.015184342861175537,
        -0.9441202878952026, 0.32925140857696533, 131.51124609365283], [0.9998847842216492,
        -0.014337517321109772, 0.004999971482902765, 1.9971250426818652], [4.519928609170165e-08,
        0.32928937673568726, 0.9442290663719177, 377.14869890633355], [0.0, 0.0, 0.0,
        1.0]], [[-0.017033090814948082, -0.47372281551361084, -0.8805093169212341,
        -351.6974096945089], [-0.9998549818992615, 0.008070118725299835, 0.01499992422759533,
        5.9913751280456], [3.73421826793674e-08, 0.8806370496749878, -0.47379156947135925,
        -189.24421492486746], [0.0, 0.0, 0.0, 1.0]], [[-0.025788120925426483, 0.24528567492961884,
        0.9691077470779419, 387.0858969908393], [0.9996674060821533, 0.00632772222161293,
        0.02499981038272381, 9.985625213409334], [-9.867837036381388e-08, 0.969430148601532,
        -0.24536722898483276, -98.00578087121379], [0.0, 0.0, 0.0, 1.0]], [[-0.06365980952978134,
        0.8336037993431091, -0.5486819744110107, -219.1573218717067], [-0.9979715347290039,
        -0.05317484587430954, 0.03500012680888176, 13.979875298773065], [1.0460197330530718e-07,
        0.5497971773147583, 0.8352981805801392, 333.6389797384795], [0.0, 0.0, 0.0,
        1.0]], [[-0.27138879895210266, -0.949146568775177, -0.15959085524082184, -63.744559605994475],
      [-0.9624699950218201, 0.2676316797733307, 0.045000020414590836, 17.974125384136798],
      [-2.2665581411729363e-08, 0.1658138781785965, -0.9861573576927185, -393.89579761860216],
      [0.0, 0.0, 0.0, 1.0]], [[-0.07003198564052582, -0.6175290942192078, 0.7834239602088928,
        312.91914767483325], [0.9975446462631226, -0.043353158980607986, 0.05499988794326782,
        21.968375469500533], [-4.580534351816823e-08, 0.7853522300720215, 0.6190491318702698,
        247.26369515553353], [0.0, 0.0, 0.0, 1.0]], [[-0.06517244130373001, 0.07252946496009827,
        -0.9952346682548523, -397.52161420845766], [-0.9978740215301514, -0.00473715690895915,
        0.065000019967556, 25.962625554864267], [-1.362774924018595e-07, 0.997355043888092,
        0.07268396764993668, 29.031805932144636], [0.0, 0.0, 0.0, 1.0]], [[-0.10895257443189621,
        0.7210378646850586, 0.684276282787323, 273.3170270309953], [0.9940471053123474,
        0.07902903854846954, 0.07500011473894119, 29.956875640228002], [1.1782044140318249e-07,
        0.6883742213249207, -0.7253560423851013, -289.7252591354364], [0.0, 0.0, 0.0,
        1.0]], [[-0.9856030344963074, 0.16844618320465088, -0.014581335708498955,
        -5.824177671720898], [-0.1690761148929596, -0.9819309711456299, 0.08499980717897415,
        33.95112572559174], [2.820329569885871e-08, 0.08624141663312912, 0.9962742924690247,
        397.9368510966218], [0.0, 0.0, 0.0, 1.0]], [[-0.14212903380393982, -0.7362450957298279,
        -0.6616210341453552, -264.2680148981456], [-0.9898480772972107, 0.10571501404047012,
        0.09500011056661606, 37.94537581095547], [-1.118977905889551e-07, 0.66840660572052,
        -0.7437959313392639, -297.0907305868705], [0.0, 0.0, 0.0, 1.0]], [[-0.10554422438144684,
        -0.10086433589458466, 0.989285945892334, 395.1455658709507], [0.9944145679473877,
        -0.0107053117826581, 0.10499993711709976, 41.93962589631921], [-9.715870419313433e-08,
        0.994842529296875, 0.10143090039491653, 40.51403456192137], [0.0, 0.0, 0.0,
        1.0]], [[-0.14279510080814362, 0.5867257714271545, -0.7970961928367615, -318.38016541758293],
      [-0.9897522330284119, -0.08464904874563217, 0.1149999126791954, 45.93387598168294],
      [-3.397738623789337e-08, 0.8053492307662964, 0.5928006768226624, 236.77940524938725],
      [0.0, 0.0, 0.0, 1.0]], [[-0.5555309057235718, 0.8101736307144165, 0.18709492683410645,
        74.73039080436946], [0.8314961194992065, 0.5412847995758057, 0.12500016391277313,
        49.92812606704667], [1.70653805753318e-07, 0.22501012682914734, -0.9743567109107971,
        -389.18233305475337], [0.0, 0.0, 0.0, 1.0]], [[-0.2515012323856354, -0.8166046142578125,
        0.5195229053497314, 207.51043465556933], [0.9678570032119751, -0.21219776570796967,
        0.13499991595745087, 53.92237615241041], [4.923401064615973e-08, 0.5367765426635742,
        0.8437244296073914, 337.00465026972006], [0.0, 0.0, 0.0, 1.0]], [[-0.15062910318374634,
        -0.26772651076316833, -0.9516478180885315, -380.1119093373361], [-0.98859041929245,
        0.040792640298604965, 0.14500020444393158, 57.91662623777414], [-1.1057295523642097e-07,
        0.962631106376648, -0.27081647515296936, -108.17087514409958], [0.0, 0.0,
        0.0, 1.0]], [[-0.17283888161182404, 0.43579867482185364, 0.8832927346229553,
        352.8092432566749], [0.9849500060081482, 0.07647399604320526, 0.15500013530254364,
        61.91087632313787], [-2.4811477317143726e-09, 0.8967893123626709, -0.44245755672454834,
        -176.72865842821074], [0.0, 0.0, 0.0, 1.0]], [[-0.42457354068756104, 0.8342257738113403,
        -0.35185855627059937, -140.54109312620102], [-0.9053933620452881, -0.39120036363601685,
        0.16499994695186615, 65.90512640850152], [-1.6177068573597353e-09, 0.38862505555152893,
        0.9213959574699402, 368.0286033724194], [0.0, 0.0, 0.0, 1.0]], [[-0.43493416905403137,
        -0.8243566155433655, -0.3623097240924835, -144.7155548495996], [-0.9004622101783752,
        0.3981742560863495, 0.17500002682209015, 69.89937649386525], [-3.400911552375874e-08,
        0.4023597240447998, -0.9154816269874573, -365.66627243242306], [0.0, 0.0,
        0.0, 1.0]], [[-0.20485879480838776, -0.420401930809021, 0.8839091062545776,
        353.05535596336296], [0.9787916541099548, -0.08798909187316895, 0.18500007688999176,
        73.89362657922898], [-9.895254038383428e-08, 0.9030616283416748, 0.42951110005378723,
        171.5575268556708], [0.0, 0.0, 0.0, 1.0]], [[-0.20311330258846283, 0.27397894859313965,
        -0.9400427937507629, -375.47660187852284], [-0.9791551828384399, -0.056833453476428986,
        0.19499994814395905, 77.88787666459272], [-2.540608790013721e-08, 0.9600549340248108,
        0.2798115909099579, 111.76375778721889], [0.0, 0.0, 0.0, 1.0]], [[-0.3773497939109802,
        0.7774945497512817, 0.5030989646911621, 200.95033258474925], [0.9260703921318054,
        0.31680959463119507, 0.2049998790025711, 81.88212674995646], [-1.470146315796228e-07,
        0.5432618856430054, -0.8395626544952393, -335.3425392002398], [0.0, 0.0, 0.0,
        1.0]], [[-0.7394910454750061, -0.6440869569778442, 0.19571663439273834, 78.17417615182993],
      [0.6731663942337036, -0.7075464725494385, 0.2149999886751175, 85.87637683532019],
      [-8.553838881653064e-08, 0.290740430355072, 0.9568019509315491, 382.1706209651684],
      [0.0, 0.0, 0.0, 1.0]], [[-0.27430260181427, -0.5500478148460388, -0.7888001203536987,
        -315.06648578223275], [-0.9616435170173645, 0.15689757466316223, 0.2250000685453415,
        89.87062692068392], [6.816093645056753e-08, 0.8202625513076782, -0.5719873309135437,
        -228.46600928365484], [0.0, 0.0, 0.0, 1.0]], [[-0.23645606637001038, 0.10765005648136139,
        0.9656606912612915, 385.70894707588263], [0.9716424942016602, 0.02619711123406887,
        0.2350001335144043, 93.86487700604765], [3.936223436085129e-08, 0.9938438534736633,
        -0.11079207807779312, -44.25302763128397], [0.0, 0.0, 0.0, 1.0]], [[-0.35967350006103516,
        0.6831271052360535, -0.6355884671211243, -253.86991257387066], [-0.933078408241272,
        -0.2633248567581177, 0.24500006437301636, 97.85912709141138], [4.7802515723560646e-08,
        0.6811738014221191, 0.7321218252182007, 292.4277623258844], [0.0, 0.0, 0.0,
        1.0]], [[-0.9949172139167786, -0.0973341315984726, -0.025809137150645256,
        -10.30881495155273], [-0.10069778561592102, 0.9616833329200745, 0.25500035285949707,
        101.85337717677513], [-1.8222554132307778e-08, 0.2563031017780304, -0.9665966033935547,
        -386.0828348117304], [0.0, 0.0, 0.0, 1.0]], [[-0.36775752902030945, -0.6447781920433044,
        0.6700863242149353, 267.6492029008481], [0.9299218058586121, -0.254991352558136,
        0.26499998569488525, 105.84762726213886], [-3.380796087526505e-08, 0.7205835580825806,
        0.693368136882782, 276.9485898750843], [0.0, 0.0, 0.0, 1.0]], [[-0.27547091245651245,
        -0.05619891732931137, -0.9596650004386902, -383.3142874919137], [-0.9613091349601746,
        0.016104552894830704, 0.2749999761581421, 109.84187734750259], [7.30229459122711e-08,
        0.9982894659042358, -0.05846061557531357, -23.35072653311604], [0.0, 0.0,
        0.0, 1.0]], [[-0.3573610186576843, 0.5634633898735046, 0.7448503971099854,
        297.5119143239471], [0.933966338634491, 0.2155962586402893, 0.2850002348423004,
        113.83612743286632], [2.3409496918702644e-07, 0.7975131869316101, -0.6033015251159668,
        -240.97372132801164], [0.0, 0.0, 0.0, 1.0]], [[-0.9019314646720886, 0.4081250727176666,
        -0.14125725626945496, -56.42168084236603], [-0.4318792521953583, -0.8523235321044922,
        0.29499998688697815, 117.83037751823005], [6.939680829987083e-09, 0.3270758390426636,
        0.9449980854988098, 377.4558696180459], [0.0, 0.0, 0.0, 1.0]], [[-0.49707233905792236,
        -0.6851627230644226, -0.5324201583862305, -212.6619228988509], [-0.8677091598510742,
        0.3924994468688965, 0.30500006675720215, 121.82462760359378], [-5.005202297070355e-08,
        0.6135929226875305, -0.7896226048469543, -315.39499695221946], [0.0, 0.0,
