{cam2Pos: [[[-0.9973868727684021, -0.07215118408203125, 0.0036237165331840515, 1.268283879559243],
      [0.0722421258687973, -0.9961313605308533, 0.05002932250499725, 17.51014460966862],
      [2.3490230205425178e-08, 0.05016038566827774, 0.9987411499023438, 349.55941739817183],
      [0.0, 0.0, 0.0, 1.0]], [[0.7850322723388672, -0.29800257086753845, 0.543064296245575,
        190.07249394215376], [0.6194548606872559, 0.3776572644710541, -0.6882228255271912,
        -240.87798018753057], [-1.2537810789581272e-08, 0.8766809105873108, 0.4810722768306732,
        168.37531204836873], [0.0, 0.0, 0.0, 1.0]], [[-0.07788015902042389, 0.3487667143344879,
        -0.9339681267738342, -326.8888384906548], [-0.9969627261161804, -0.027244698256254196,
        0.07295922189950943, 25.535744676785157], [4.900606498381421e-08, 0.936813473701477,
        0.3498292565345764, 122.4402426248521], [0.0, 0.0, 0.0, 1.0]]]}
