{cam2Pos: [[[0.9950000047683716, -1.047081532590255e-09, 0.09987492114305496, 15.677876588340402],
      [0.09987492114305496, -3.066723408551297e-08, -0.9949999451637268, -156.19023202039986],
      [9.476451623413595e-09, 0.9999999403953552, -3.014039862136997e-08, 0.0], [
        0.0, 0.0, 0.0, 1.0]], [[0.9917600154876709, 0.014932270161807537, -0.12723617255687714,
        -19.9729161101479], [-0.1281093955039978, 0.11559844017028809, -0.9849998950958252,
        -154.62048094481796], [6.0789790978788005e-09, 0.9931836724281311, 0.11655887961387634,
        18.296827248344393], [0.0, 0.0, 0.0, 1.0]], [[0.9998015761375427, 0.004409499932080507,
        0.019426420331001282, 3.049464519506], [0.019920578226447105, -0.22131016850471497,
        -0.9750000834465027, -153.05072986923605], [3.178566299055774e-10, 0.9751935601234436,
        -0.22135409712791443, -34.74707535238021], [0.0, 0.0, 0.0, 1.0]], [[0.9866037368774414,
        -0.03395196795463562, 0.15956304967403412, 25.047422036782404], [0.16313523054122925,
        0.20533354580402374, -0.9650000929832458, -151.48097879365412], [-9.069401230021867e-09,
        0.9781030416488647, 0.20812159776687622, 32.66992662883388], [0.0, 0.0, 0.0,
        1.0]], [[0.956277072429657, -0.015109589323401451, -0.29207172989845276, -45.84799124673783],
      [-0.2924623191356659, -0.049404326826334, -0.9549998641014099, -149.9112277180722],
      [5.254663371090373e-09, 0.9986644387245178, -0.05166320130228996, -8.10986409287603],
      [0.0, 0.0, 0.0, 1.0]], [[0.9599064588546753, 0.049209605902433395, 0.2759672999382019,
        43.320000010343506], [0.2803204357624054, -0.168509379029274, -0.9449999928474426,
        -148.3414766424903], [1.1668269017661714e-08, 0.9844709038734436, -0.17554770410060883,
        -27.55663803033515], [0.0, 0.0, 0.0, 1.0]], [[0.9951869249343872, 0.03356204926967621,
        -0.09206805378198624, -14.452395645406103], [-0.09799458086490631, 0.34084028005599976,
        -0.934999942779541, -146.7717255669084], [-1.4366202449878074e-08, 0.9395219087600708,
        0.34248870611190796, 53.76219142786451], [0.0, 0.0, 0.0, 1.0]], [[0.9825451374053955,
        -0.06272763758897781, -0.1751294732093811, -27.490973248093404], [-0.18602442741394043,
        -0.3313152492046356, -0.925000011920929, -145.2019744913265], [1.4024728045569645e-09,
        0.9414326548576355, -0.3372010588645935, -52.93219612483841], [0.0, 0.0, 0.0,
        1.0]], [[0.9238911867141724, -0.05295968055725098, 0.3789728283882141, 59.489293344660474],
      [0.38265538215637207, 0.12786678969860077, -0.9150000810623169, -143.6322234157446],
      [2.9399267020835396e-08, 0.9903764724731445, 0.13840028643608093, 21.725394516743254],
      [0.0, 0.0, 0.0, 1.0]], [[0.917163074016571, 0.06468597054481506, -0.393227219581604,
        -61.72689614776268], [-0.3985121250152588, 0.14887270331382751, -0.9049999117851257,
        -142.06247234016269], [-4.559883848287427e-08, 0.9867382645606995, 0.16231869161128998,
        25.479965413426452], [0.0, 0.0, 0.0, 1.0]], [[0.9784079790115356, 0.08350347727537155,
        0.18906337022781372, 29.678239131660046], [0.20668283104896545, -0.39529404044151306,
        -0.8950001001358032, -140.49272126458078], [-1.68730149852081e-08, 0.914751410484314,
        -0.4040175974369049, -63.42067318014206], [0.0, 0.0, 0.0, 1.0]], [[0.9878304600715637,
        -0.06909629702568054, 0.13934385776519775, 21.873520611777572], [0.15553458034992218,
        0.43884390592575073, -0.8849999904632568, -138.92297018899887], [2.5043828344450958e-08,
        0.8959027528762817, 0.444250226020813, 69.73623048902375], [0.0, 0.0, 0.0,
        1.0]], [[0.9019775390625, -0.10481227934360504, -0.4188686013221741, -65.75193973750373],
      [-0.43178296089172363, -0.2189488559961319, -0.8750000596046448, -137.35321911341697],
      [-9.255595401214123e-09, 0.9700907468795776, -0.242743119597435, -38.10459306754137],
      [0.0, 0.0, 0.0, 1.0]], [[0.8700645565986633, 0.05310919135808945, 0.4900684654712677,
        76.9285429480295], [0.4929378032684326, -0.0937410369515419, -0.8650000095367432,
        -135.78346803783506], [4.556390109655695e-08, 0.9941791296005249, -0.10774029046297073,
        -16.912524365598994], [0.0, 0.0, 0.0, 1.0]], [[0.9441924691200256, 0.1397520750761032,
        -0.29827821254730225, -46.8222563345415], [-0.3293941915035248, 0.40059271454811096,
        -0.8549999594688416, -134.21371696225313], [4.9491148956803954e-08, 0.9055356383323669,
        0.4242701530456543, 66.59984146996348], [0.0, 0.0, 0.0, 1.0]], [[0.9967091083526611,
        -0.04298955574631691, -0.06872318685054779, -10.787829611581923], [-0.08106157183647156,
        -0.5285869836807251, -0.8449999690055847, -132.64396588667123], [-8.187084787891763e-09,
        0.8477899432182312, -0.5303322076797485, -83.2489365639745], [0.0, 0.0, 0.0,
        1.0]], [[0.8930333256721497, -0.15956978499889374, 0.4207480549812317, 66.04697296602579],
      [0.44999048113822937, 0.31667590141296387, -0.8349999189376831, -131.07421481108932],
      [2.2816843525674813e-08, 0.9350153803825378, 0.3546070158481598, 55.664458737932996],
      [0.0, 0.0, 0.0, 1.0]], [[0.8252250552177429, 0.013188112527132034, -0.5646500587463379,
        -88.63601566568036], [-0.5648040771484375, 0.019268982112407684, -0.8250000476837158,
        -129.50446373550741], [3.4679857208175235e-08, 0.9997273683547974, 0.0233499463647604,
        3.665377524551306], [0.0, 0.0, 0.0, 1.0]], [[0.8930030465126038, 0.18395370244979858,
        0.4107390344142914, 64.47579404771322], [0.45005056262016296, -0.3650064170360565,
        -0.8149999380111694, -127.93471265992552], [1.0735263344940904e-07, 0.9126507639884949,
        -0.4087403118610382, -64.1620267092985], [0.0, 0.0, 0.0, 1.0]], [[0.9994210600852966,
        0.02016332745552063, -0.027404222637414932, -4.301780587193782], [-0.03402280434966087,
        0.5922983884811401, -0.8050000667572021, -126.36496158434362], [-4.2883258055681495e-10,
        0.80546635389328, 0.5926415324211121, 93.02997130211628], [0.0, 0.0, 0.0,
        1.0]], [[0.8983872532844543, -0.20455703139305115, -0.38866016268730164, -61.009978099413786],
      [-0.4392041862010956, -0.4184189736843109, -0.7950000762939453, -124.7952105087617],
      [3.550894689396955e-08, 0.8849191069602966, -0.46574458479881287, -73.1103439965131],
      [0.0, 0.0, 0.0, 1.0]], [[0.7876922488212585, -0.050892192870378494, 0.6139633059501648,
        96.3769553254041], [0.6160688996315002, 0.0650697574019432, -0.7849999070167542,
        -123.2254594331798], [-1.3381367125475663e-08, 0.99658203125, 0.08260806649923325,
        12.96738302790502], [0.0, 0.0, 0.0, 1.0]], [[0.8310174942016602, 0.20076774060726166,
        -0.5187507271766663, -81.43093856751999], [-0.5562463402748108, 0.2999417185783386,
        -0.7750000953674316, -121.65570835759789], [1.1254304155272621e-08, 0.9325917959213257,
        0.3609330952167511, 56.65752607491302], [0.0, 0.0, 0.0, 1.0]], [[0.9833542108535767,
        0.11416640132665634, 0.14135268330574036, 22.18884703321265], [0.18169906735420227,
        -0.6178683042526245, -0.76500004529953, -120.08595728201597], [9.75520464407964e-09,
        0.7779496312141418, -0.6283273100852966, -98.63164970689732], [0.0, 0.0, 0.0,
        1.0]], [[0.9180663228034973, -0.22554221749305725, 0.32601380348205566, 51.17605520480738],
      [0.39642688632011414, 0.5223224759101868, -0.7549999952316284, -118.51620620643406],
      [1.8147220615105653e-08, 0.8223806619644165, 0.5689376592636108, 89.30904004082723],
      [0.0, 0.0, 0.0, 1.0]], [[0.7608005404472351, -0.13157810270786285, -0.6355074644088745,
        -99.75885775800852], [-0.648985743522644, -0.15424786508083344, -0.7449999451637268,
        -116.94645513085216], [-4.6076184645471585e-08, 0.9792316555976868, -0.20274414122104645,
        -31.825796518713897], [0.0, 0.0, 0.0, 1.0]], [[0.7666577696800232, 0.18259860575199127,
        0.6155433654785156, 96.62497676683647], [0.6420559883117676, -0.21803508698940277,
        -0.7350000739097595, -115.37670405527025], [-1.2610779975830155e-08, 0.958706796169281,
        -0.28439685702323914, -44.643190063619706], [0.0, 0.0, 0.0, 1.0]], [[0.9388487935066223,
        0.21877071261405945, -0.26589909195899963, -41.739544917283695], [-0.34432971477508545,
        0.5964998602867126, -0.7249999642372131, -113.80695297968833], [-1.1311652947654238e-08,
        0.7722222805023193, 0.6353524327278137, 99.73450875440577], [0.0, 0.0, 0.0,
        1.0]], [[0.9493634700775146, -0.2066878229379654, -0.236620232462883, -37.14349148053841],
      [-0.3141798675060272, -0.624552845954895, -0.7150000929832458, -112.23720190410643],
      [-1.077911093716466e-09, 0.7531362771987915, -0.6578648090362549, -103.26836854660576],
      [0.0, 0.0, 0.0, 1.0]], [[0.746821939945221, -0.21942149102687836, 0.6277827620506287,
        98.5462748137358], [0.6650240421295166, 0.24641020596027374, -0.7049999833106995,
        -110.66745082852452], [7.586145756022233e-08, 0.9440001249313354, 0.3299451172351837,
        51.7931601696338], [0.0, 0.0, 0.0, 1.0]], [[0.7069740891456604, 0.12961477041244507,
        -0.6952608227729797, -109.13864637353969], [-0.7072394490242004, 0.12956616282463074,
        -0.6949999928474426, -109.0976997529426], [7.339764351854683e-09, 0.9830628633499146,
        0.18326859176158905, 28.768596929183296], [0.0, 0.0, 0.0, 1.0]], [[0.8668250441551208,
        0.3055483400821686, 0.3940235674381256, 61.85189455371355], [0.4986124634742737,
        -0.5311880707740784, -0.6849998235702515, -107.5279486773607], [5.98000369222973e-08,
        0.7902400493621826, -0.6127973198890686, -96.19390722005609], [0.0, 0.0, 0.0,
        1.0]], [[0.9832901358604431, -0.1323755383491516, 0.12496873736381531, 19.616981842867915],
      [0.18204523622989655, 0.7150067090988159, -0.6749999523162842, -105.95819760177879],
      [-1.3264789266997923e-09, 0.6864707469940186, 0.7271574139595032, 114.14560340751001],
      [0.0, 0.0, 0.0, 1.0]], [[0.7477661371231079, -0.30362623929977417, -0.5904718041419983,
        -92.6893533042441], [-0.6639622449874878, -0.34194934368133545, -0.6650000214576721,
        -104.38844652619687], [5.594440466438755e-08, 0.8893154263496399, -0.4572945237159729,
        -71.78384504046802], [0.0, 0.0, 0.0, 1.0]], [[0.6562784314155579, 0.047073379158973694,
        0.7530489563941956, 118.20993430309157], [0.7545188069343567, -0.04094424471259117,
        -0.6549999713897705, -102.81869545061497], [-6.379583794569044e-08, 0.9980519413948059,
        -0.0623885840177536, -9.793451424193504], [0.0, 0.0, 0.0, 1.0]], [[0.7791330814361572,
        0.35164234042167664, -0.5189405679702759, -81.46075651332998], [-0.6268585324287415,
        0.43706214427948, -0.6450000405311584, -101.24894437503306], [-3.692849048775315e-08,
        0.827843189239502, 0.5609595775604248, 88.0566908538074], [0.0, 0.0, 0.0,
        1.0]], [[0.9999824166297913, 0.004584485664963722, 0.0037685285788029432,
        0.5915651369065024], [0.0059345862828195095, -0.7724894285202026, -0.6349998116493225,
        -99.67919329945117], [1.2815182248715473e-09, 0.6350109577178955, -0.7725030183792114,
        -121.26373269351816], [0.0, 0.0, 0.0, 1.0]], [[0.7660124897956848, -0.3716650903224945,
        0.5244901776313782, 82.33190404069376], [0.6428256630897522, 0.44288840889930725,
        -0.6249999403953552, -98.10944222386925], [7.788549538645384e-08, 0.8159134984016418,
        0.5781739354133606, 90.75890764250543], [0.0, 0.0, 0.0, 1.0]], [[0.6166348457336426,
        -0.05728701129555702, -0.785162091255188, -123.25092499434002], [-0.7872492074966431,
        -0.044871579855680466, -0.6149999499320984, -96.53969114828735], [-4.410797060927507e-08,
        0.9973487257957458, -0.07276849448680878, -11.42286802595715], [0.0, 0.0,
        0.0, 1.0]], [[0.6902298927307129, 0.3483118712902069, 0.6342409253120422,
        99.56003606149847], [0.7235901355743408, -0.33225345611572266, -0.6050000190734863,
        -94.96994007270544], [5.9370659499791145e-08, 0.8765195608139038, -0.4813663065433502,
        -75.56251779106779], [0.0, 0.0, 0.0, 1.0]], [[0.9719952940940857, 0.18582580983638763,
        -0.14385370910167694, -22.581450899452037], [-0.23500025272369385, 0.7686025500297546,
        -0.5950000286102295, -93.40018899712354], [-1.526468196288988e-08, 0.6121429204940796,
        0.7907471656799316, 124.12762449786436], [0.0, 0.0, 0.0, 1.0]], [[0.8044590353965759,
        -0.4077443778514862, -0.4319608509540558, -67.80710371322672], [-0.5940080881118774,
        -0.5522040128707886, -0.5850000381469727, -91.83043792154162], [-3.61150256367182e-08,
        0.7271968126296997, -0.686428964138031, -107.75227027801863], [0.0, 0.0, 0.0,
        1.0]], [[0.5889350175857544, -0.17476731538772583, 0.7890576720237732, 123.86239397420232],
      [0.8081804513931274, 0.12735600769519806, -0.5749999284744263, -90.26068684595973],
      [-6.776448202572283e-08, 0.9763385057449341, 0.21624791622161865, 33.94554701254141],
      [0.0, 0.0, 0.0, 1.0]], [[0.6099340319633484, 0.2985275983810425, -0.7340720295906067,
        -115.23104294844273], [-0.7924521565437317, 0.2297704964876175, -0.5649999976158142,
        -88.69093577037782], [-3.649249080694972e-08, 0.9263296723365784, 0.37671372294425964,
        59.134668732431706], [0.0, 0.0, 0.0, 1.0]], [[0.8868468403816223, 0.3603972792625427,
        0.289165198802948, 45.39173387111712], [0.4620635211467743, -0.6917172074317932,
        -0.5549998879432678, -87.12118469479591], [5.829633664689027e-08, 0.6258125901222229,
        -0.7799736261367798, -122.43640825528375], [0.0, 0.0, 0.0, 1.0]], [[0.8650131821632385,
        -0.389636367559433, 0.3161260485649109, 49.62393667190438], [0.5017490983009338,
        0.6717312335968018, -0.5449999570846558, -85.551433619214], [8.583038635379125e-08,
        0.6300480961799622, 0.7765560746192932, 121.89996516728631], [0.0, 0.0, 0.0,
        1.0]], [[0.573880672454834, -0.29630500078201294, -0.7634554505348206, -119.84351090030621],
      [-0.8189389109611511, -0.20763902366161346, -0.5349999666213989, -83.98168254363209],
      [-4.742181758388142e-08, 0.9322495460510254, -0.3618156909942627, -56.796076318125685],
      [0.0, 0.0, 0.0, 1.0]], [[0.5423271656036377, 0.21067750453948975, 0.8133242130279541,
        127.67164509985622], [0.8401674032211304, -0.13599224388599396, -0.5249999165534973,
        -82.41193146805018], [6.19026891968133e-08, 0.9680502414703369, -0.2507566809654236,
        -39.36253271967304], [0.0, 0.0, 0.0, 1.0]], [[0.7651087045669556, 0.4761938750743866,
        -0.43341439962387085, -68.03529030241745], [-0.6439011096954346, 0.5658323764801025,
        -0.5149999260902405, -80.84218039246826], [2.3508423652174315e-08, 0.6731069684028625,
        0.7395451068878174, 116.09016123583848], [0.0, 0.0, 0.0, 1.0]], [[0.9412350058555603,
        -0.2850230634212494, -0.18121396005153656, -28.4460807667777], [-0.3377523720264435,
        -0.7942909598350525, -0.5049999356269836, -79.27242931688636], [-3.481749610845242e-11,
        0.5365290641784668, -0.8438816666603088, -132.46843711660068], [0.0, 0.0,
        0.0, 1.0]], [[0.5727991461753845, -0.41246068477630615, 0.7083625197410583,
        111.19526996205946], [0.8196958303451538, 0.28822535276412964, -0.49500006437301636,
        -77.70267824130445], [-4.4623909900565195e-08, 0.8641773462295532, 0.5031874179840088,
        78.98791125924653], [0.0, 0.0, 0.0, 1.0]], [[0.4878617227077484, 0.09440851956605911,
        -0.8678006529808044, -136.2231098786774], [-0.8729209303855896, 0.05276338383555412,
        -0.4850001335144043, -76.13292716572255], [-1.6372808886444545e-08, 0.9941343665122986,
        0.10815238952636719, 16.977223832716053], [0.0, 0.0, 0.0, 1.0]], [[0.6399326920509338,
        0.5149299502372742, 0.5703798532485962, 89.53545231597333], [0.7684308886528015,
        -0.42882245779037476, -0.4749999940395355, -74.56317609014063], [1.47277035011939e-08,
        0.7422655820846558, -0.6701055765151978, -105.18992320004004], [0.0, 0.0,
        0.0, 1.0]], [[0.9976015686988831, -0.06123839691281319, 0.032263562083244324,
        5.064578108091796], [0.06921762228012085, 0.882600724697113, -0.46499985456466675,
        -72.99342501455872], [7.759003217699956e-09, 0.466117799282074, 0.8847226500511169,
        138.87942376801757], [0.0, 0.0, 0.0, 1.0]], [[0.5885264873504639, -0.5127878189086914,
        -0.6250481605529785, -98.1169963744566], [-0.8084779381752014, -0.3732808232307434,
        -0.4549998939037323, -71.42367393897682], [-5.7190185032141017e-08, 0.7731171250343323,
        -0.6342633366584778, -99.56353858928058], [0.0, 0.0, 0.0, 1.0]], [[0.44546592235565186,
        -0.04094146564602852, 0.8943623304367065, 140.39260977293804], [0.895298957824707,
        0.020370731130242348, -0.445000022649765, -69.8539228633949], [4.715463575166723e-08,
        0.9989539384841919, 0.04572926089167595, 7.178368522442868], [0.0, 0.0, 0.0,
        1.0]], [[0.5310180187225342, 0.48599064350128174, -0.6941418647766113, -108.96300476636291],
      [-0.8473605513572693, 0.3045572340488434, -0.43500009179115295, -68.284171787813],
      [-2.7796659196610563e-08, 0.8191813230514526, 0.5735346674919128, 90.03066071313478],
      [0.0, 0.0, 0.0, 1.0]], [[0.9593167901039124, 0.25311335921287537, 0.12507973611354828,
        19.63440230389797], [0.2823319435119629, -0.860037088394165, -0.42499998211860657,
        -66.71442071223109], [3.59057956700326e-08, 0.4430236220359802, -0.8965100049972534,
        -140.72974350898852], [0.0, 0.0, 0.0, 1.0]], [[0.6267346739768982, -0.583926260471344,
        0.5159783959388733, 80.99578641798975], [0.7792326807975769, 0.46965017914772034,
        -0.4150000214576721, -65.1446696366492], [1.1888747764032814e-07, 0.6621621251106262,
        0.7493605613708496, 117.63094402991415], [0.0, 0.0, 0.0, 1.0]], [[0.413790225982666,
        -0.1866486668586731, -0.8910330533981323, -139.87000952262667], [-0.910372257232666,
        -0.08483711630105972, -0.4049999713897705, -63.574918561067285], [-6.430440180338337e-09,
        0.9787567853927612, -0.20502451062202454, -32.18376234997324], [0.0, 0.0,
        0.0, 1.0]], [[0.44303208589553833, 0.40598875284194946, 0.7993096113204956,
        125.47169723853209], [0.8965058326721191, -0.20063041150569916, -0.39500001072883606,
        -62.00516748548537], [1.520755574802024e-07, 0.8915833234786987, -0.45285701751708984,
        -71.0872477318163], [0.0, 0.0, 0.0, 1.0]], [[0.803949236869812, 0.5220716595649719,
        -0.2847925126552582, -44.705340678386925], [-0.594697892665863, 0.7057686448097229,
        -0.38499999046325684, -60.43541640990347], [1.0497336333514795e-08, 0.4788859784603119,
        0.8778771162033081, 137.80485242217168], [0.0, 0.0, 0.0, 1.0]], [[0.6980166435241699,
        -0.6039657592773438, -0.3847050964832306, -60.389136197243225], [-0.716081440448761,
        -0.5887289643287659, -0.37499991059303284, -58.865665334321555], [-1.1701857260959514e-09,
        0.5372363924980164, -0.843431293964386, -132.39777213761582], [0.0, 0.0, 0.0,
        1.0]], [[0.3918197751045227, -0.3345375061035156, 0.8570658564567566, 134.5380127237147],
      [0.9200419783592224, 0.14247006177902222, -0.36500000953674316, -57.29591425873964],
      [5.583828510680178e-09, 0.9315508008003235, 0.3636111617088318, 57.07789181911248],
      [0.0, 0.0, 0.0, 1.0]], [[0.37366634607315063, 0.28950414061546326, -0.8812268972396851,
        -138.3306832675369], [-0.9275631904602051, 0.11662580817937851, -0.35499995946884155,
        -55.72616318315774], [-1.2274925609290221e-07, 0.9500451683998108, 0.3121124804019928,
        48.99388937945255], [0.0, 0.0, 0.0, 1.0]], [[0.6164111495018005, 0.6525394916534424,
        0.4407147169113159, 69.18124025971773], [0.7874244451522827, -0.5108205676078796,
        -0.34499993920326233, -54.156412107575825], [7.667646428899388e-08, 0.5596913695335388,
        -0.8287010192871094, -130.08544659825404], [0.0, 0.0, 0.0, 1.0]], [[0.817836344242096,
        -0.52495938539505, 0.23571449518203735, 37.00134320294275], [0.5754508376121521,
        0.746077299118042, -0.3349999487400055, -52.58666103199392], [1.1866683991001992e-07,
        0.40961724519729614, 0.9122574925422668, 143.20170416440507], [0.0, 0.0, 0.0,
        1.0]], [[0.37923943996429443, -0.47685468196868896, -0.7929608821868896, -124.47512996379919],
      [-0.9252985119819641, -0.1954418420791626, -0.32499998807907104, -51.01690995641201],
      [-2.617150585138006e-08, 0.8569784164428711, -0.515352189540863, -80.897474076143],
      [0.0, 0.0, 0.0, 1.0]], [[0.3189138174057007, 0.1480330526828766, 0.9361518621444702,
        146.95252441805022], [0.9477837681770325, -0.04981093481183052, -0.31499993801116943,
        -49.447158880830095], [1.161782421377211e-07, 0.9877273440361023, -0.15618877112865448,
        -24.51771683256564], [0.0, 0.0, 0.0, 1.0]], [[0.46119433641433716, 0.6655614972114563,
        -0.5867943167686462, -92.11211328104761], [-0.887299120426178, 0.3459409773349762,
        -0.30500003695487976, -47.87740780524819], [-1.3783220254026674e-07, 0.6613264083862305,
        0.7500982284545898, 117.74674858209454], [0.0, 0.0, 0.0, 1.0]], [[0.9697588086128235,
        -0.23249872028827667, -0.07424450665712357, -11.654539708200529], [-0.24406535923480988,
        -0.9238003492355347, -0.2950000762939453, -46.30765672966628], [3.9693048847766477e-08,
        0.3041994273662567, -0.9526083469390869, -149.53580516151624], [0.0, 0.0,
        0.0, 1.0]], [[0.37688449025154114, -0.6060900688171387, 0.7004377841949463,
        109.95127699104435], [0.9262603521347046, 0.2466108798980713, -0.2850000262260437,
        -44.737905654084386], [3.8702498983411715e-08, 0.7561997771263123, 0.654340922832489,
        102.71524170555439], [0.0, 0.0, 0.0, 1.0]], [[0.275012344121933, -0.009018567390739918,
        -0.9613983035087585, -150.91562761356045], [-0.9614406228065491, -0.0025796007830649614,
        -0.2750001549720764, -43.168154578502474], [-5.723819640479633e-09, 0.9999558925628662,
        -0.009380172938108444, -1.472469081928638], [0.0, 0.0, 0.0, 1.0]], [[0.3465360105037689,
        0.6044450402259827, 0.7173275351524353, 112.60259161294493], [0.9380365610122681,
        -0.22329792380332947, -0.2650001347064972, -41.59840350292057], [-1.4336406195525342e-07,
        0.7647116184234619, -0.6443722248077393, -101.15045022619584], [0.0, 0.0,
        0.0, 1.0]], [[0.9383646845817566, 0.3326394259929657, -0.09392926841974258,
        -14.744558434585525], [-0.34564679861068726, 0.9030522108078003, -0.2549999952316284,
        -40.028652427338656], [-1.5523060170608005e-08, 0.271749347448349, 0.9623680710792542,
        151.06783037538463], [0.0, 0.0, 0.0, 1.0]], [[0.38778218626976013, -0.7144795656204224,
        -0.5823606252670288, -91.41613335215355], [-0.9217510223388672, -0.3005827069282532,
        -0.24500007927417755, -38.45890135175675], [-2.7557547355172574e-09, 0.6317982077598572,
        -0.7751328945159912, -121.67657072198698], [0.0, 0.0, 0.0, 1.0]], [[0.23884156346321106,
        -0.1734643280506134, 0.9554396271705627, 149.98023228861268], [0.9710585474967957,
        0.04266541451215744, -0.2349999099969864, -36.88915027617484], [-1.2456563069918047e-07,
        0.9839155673980713, 0.17863430082798004, 28.04112885497205], [0.0, 0.0, 0.0,
        1.0]], [[0.2624707818031311, 0.49686676263809204, -0.8271834850311279, -129.84722188968237],
      [-0.9649399518966675, 0.13515134155750275, -0.2250000685453415, -35.31939920059293],
      [-9.303035142238514e-08, 0.8572382926940918, 0.5149198770523071, 80.8295948310167],
      [0.0, 0.0, 0.0, 1.0]], [[0.633317232131958, 0.7279326915740967, 0.2627227306365967,
        41.24093080173953], [0.7738922834396362, -0.5957061052322388, -0.21500007808208466,
        -33.74964812501102], [-5.153764703891284e-08, 0.3394823670387268, -0.9406124949455261,
        -147.65273878580663], [0.0, 0.0, 0.0, 1.0]], [[0.42026254534721375, -0.7921267747879028,
        0.4426223337650299, 69.48069069365583], [0.907402515411377, 0.36687272787094116,
        -0.20500002801418304, -32.17989704942911], [-2.9225059705595413e-08, 0.48779046535491943,
        0.8729607462882996, 137.0331063631203], [0.0, 0.0, 0.0, 1.0]], [[0.2077902853488922,
        -0.33788639307022095, -0.9179629683494568, -144.09733079917254], [-0.9781733751296997,
        -0.07177622616291046, -0.19499994814395905, -30.6101459738472], [-7.981218175245886e-08,
        0.938446044921875, -0.34542590379714966, -54.22326634314081], [0.0, 0.0, 0.0,
        1.0]], [[0.19880102574825287, 0.3587823808193207, 0.9120050668716431, 143.16210225245484],
      [0.9800397753715515, -0.07277889549732208, -0.18500007688999176, -29.04039489826529],
      [3.343474475059338e-08, 0.9305794835090637, -0.36608949303627014, -57.46696734399726],
      [0.0, 0.0, 0.0, 1.0]], [[0.37999603152275085, 0.8210596442222595, -0.42598599195480347,
        -66.86918268291123], [-0.9249880909919739, 0.3373010456562042, -0.17499995231628418,
        -27.470643822683382], [1.1345687056518727e-07, 0.4605312943458557, 0.8876434564590454,
        139.33793642864202], [0.0, 0.0, 0.0, 1.0]], [[0.49974074959754944, -0.8176009058952332,
        -0.2859860956668854, -44.89269161039806], [-0.8661750555038452, -0.4717159569263458,
        -0.1649998277425766, -25.900892747101473], [-1.7710611643906304e-07, 0.330171138048172,
        -0.9439212083816528, -148.17211069490241], [0.0, 0.0, 0.0, 1.0]], [[0.1794188767671585,
        -0.49549055099487305, 0.8498811721801758, 133.41018669791407], [0.9837728142738342,
        0.09036669135093689, -0.1549999862909317, -24.331141671519582], [5.99191878336569e-08,
        0.8638998866081238, 0.5036635994911194, 79.06264619334297], [0.0, 0.0, 0.0,
        1.0]], [[0.14808373153209686, 0.2007737010717392, -0.9683806300163269, -152.01166306579955],
      [-0.9889748096466064, 0.030062757432460785, -0.14500004053115845, -22.76139059593767],
      [-3.2887331968822764e-08, 0.9791762232780457, 0.20301197469234467, 31.867817355673676],
      [0.0, 0.0, 0.0, 1.0]], [[0.22753767669200897, 0.7838599681854248, 0.5777455568313599,
        90.6916857804683], [0.9737691879272461, -0.1831618994474411, -0.1350000500679016,
        -21.19163952035576], [-8.247531013694243e-08, 0.5933085083961487, -0.8049749135971069,
        -126.36105783682596], [0.0, 0.0, 0.0, 1.0]], [[0.7274736166000366, -0.6759307980537415,
        0.11789708584547043, 18.50689856300712], [0.6861356496810913, 0.7166539430618286,
        -0.1250000149011612, -19.62188844477385], [-5.06535933197938e-08, 0.17182761430740356,
        0.9851270318031311, 154.64042353907658], [0.0, 0.0, 0.0, 1.0]], [[0.1509145349264145,
        -0.6401350498199463, -0.7532938718795776, -118.24840361116952], [-0.9885466694831848,
        -0.09772469848394394, -0.11500002443790436, -18.052137369191943], [2.0834896474752895e-08,
        0.7620214223861694, -0.647551417350769, -101.64949469977385], [0.0, 0.0, 0.0,
        1.0]], [[0.10505180060863495, 0.031219594180583954, 0.9939765930175781, 156.02958229730797],
      [0.9944667220115662, -0.0032979727257043123, -0.10499999672174454, -16.482386293610034],
      [7.48254365134926e-08, 0.9995070695877075, -0.03139328584074974, -4.927959324242682],
      [0.0, 0.0, 0.0, 1.0]], [[0.13217462599277496, 0.6891718506813049, -0.7124407887458801,
        -111.8354803375463], [-0.9912263751029968, 0.09189732372760773, -0.09500004351139069,
        -14.912635218028123], [-5.8342877196082554e-09, 0.7187467813491821, 0.695271909236908,
        109.14038226719704], [0.0, 0.0, 0.0, 1.0]], [[0.8362663388252258, 0.5454837083816528,
        0.0557328425347805, 8.748668434411854], [0.5483235120773315, -0.8319356441497803,
        -0.08500014990568161, -13.342884142446213], [-6.676568631291957e-08, 0.10164238512516022,
        -0.994821310043335, -156.16213573171814], [0.0, 0.0, 0.0, 1.0]], [[0.11795352399349213,
        -0.7664303183555603, 0.6314045190811157, 99.11478365866273], [0.993019163608551,
        0.09103865176439285, -0.07500000298023224, -11.773133066864304], [1.5786017826258103e-08,
        0.6358432769775391, 0.771818220615387, 121.15625196824125], [0.0, 0.0, 0.0,
        1.0]], [[0.06567203253507614, -0.14239946007728577, -0.9876284003257751, -155.0330510454716],
      [-0.9978414177894592, -0.00937226414680481, -0.0650000050663948, -10.203381991282395],
      [-1.8939991264232958e-07, 0.9897650480270386, -0.1427077054977417, -22.401528349149494],
      [0.0, 0.0, 0.0, 1.0]], [[0.06650781631469727, 0.560998797416687, 0.8251405358314514,
        129.52653708775873], [0.9977858662605286, -0.03739343211054802, -0.05500010401010513,
        -8.633630915700486], [-1.1668731048075642e-07, 0.8269715309143066, -0.562243640422821,
        -88.25826307021059], [0.0, 0.0, 0.0, 1.0]], [[0.19301576912403107, 0.9541566371917725,
        -0.22875748574733734, -35.90923279888345], [-0.9811956882476807, 0.18769678473472595,
        -0.04500000551342964, -7.0638798401185765], [-6.202344415839889e-09, 0.23314157128334045,
        0.9724428057670593, 152.64931376952055], [0.0, 0.0, 0.0, 1.0]], [[0.07148002088069916,
        -0.8696915507316589, -0.48839280009269714, -76.66548913400578], [-0.9974421858787537,
        -0.062325410544872284, -0.034999847412109375, -5.4941287645366845], [-1.1283754730584405e-07,
        0.4896453022956848, -0.8719221353530884, -136.87001760015926], [0.0, 0.0,
        0.0, 1.0]], [[0.026323840022087097, -0.3130089342594147, 0.9493852853775024,
        149.02985780904612], [0.9996533989906311, 0.00824242364615202, -0.025000102818012238,
        -3.9243776889547743], [6.69775914730053e-08, 0.9497143626213074, 0.31311747431755066,
        49.151654438843714], [0.0, 0.0, 0.0, 1.0]], [[0.016449840739369392, 0.41044411063194275,
        -0.9117374420166016, -143.12007789485824], [-0.9998647570610046, 0.006752542685717344,
        -0.015000044368207455, -2.354626613372865], [-9.071391815496099e-08, 0.9118608236312866,
        0.41049960255622864, 64.43821404870621], [0.0, 0.0, 0.0, 1.0]], [[0.012656095437705517,
        0.9185777306556702, 0.39503782987594604, 62.01110467396712], [0.9999199509620667,
        -0.011626603081822395, -0.0050001260824501514, -0.7848755377909554], [-7.609357055571309e-08,
        0.3950694799423218, -0.9186513423919678, -144.2053787499275], [0.0, 0.0, 0.0,
        1.0]], [[-0.01518437173217535, -0.9441202878952026, 0.3292514383792877, 51.684275044042316],
      [0.9998847842216492, -0.014337493106722832, 0.005000127013772726, 0.7848755377909541],
      [-1.1054879678340512e-07, 0.32928940653800964, 0.9442290663719177, 148.22045768539354],
      [0.0, 0.0, 0.0, 1.0]], [[-0.017033003270626068, -0.4737228453159332, -0.8805092573165894,
        -138.2180322585015], [-0.9998549222946167, 0.008070206269621849, 0.014999850653111935,
        2.3546266133728637], [1.0908321002034427e-07, 0.880636990070343, -0.47379156947135925,
        -74.37348778297957], [0.0, 0.0, 0.0, 1.0]], [[-0.02578846551477909, 0.24528563022613525,
        0.9691079258918762, 152.1258033818443], [0.9996675252914429, 0.006327512674033642,
        0.02499999664723873, 3.9243776889547735], [-1.8478409913313953e-08, 0.9694303274154663,
        -0.2453673630952835, -38.51653668346183], [0.0, 0.0, 0.0, 1.0]], [[-0.06365993618965149,
        0.8336039781570435, -0.5486820936203003, -86.1294196350838], [-0.9979717135429382,
        -0.05317506939172745, 0.034999970346689224, 5.494128764536682], [-5.655778778645981e-08,
        0.5497972369194031, 0.8352981805801392, 131.12102049384723], [0.0, 0.0, 0.0,
        1.0]], [[-0.2713890075683594, -0.9491464495658875, -0.15959084033966064, -25.051784156097174],
      [-0.9624698758125305, 0.2676319479942322, 0.04500027000904083, 7.063879840118592],
      [-2.2681435041249642e-07, 0.16581393778324127, -0.986157238483429, -154.80211272817388],
      [0.0, 0.0, 0.0, 1.0]], [[-0.0700320228934288, -0.6175290942192078, 0.7834239602088928,
        122.97807051007739], [0.9975446462631226, -0.0433531254529953, 0.05499996244907379,
        8.633630915700502], [-1.216008342908026e-07, 0.7853522300720215, 0.6190491318702698,
        97.1753002760242], [0.0, 0.0, 0.0, 1.0]], [[-0.06517244130373001, 0.07252946496009827,
        -0.9952346682548523, -156.2270684445534], [-0.9978740215301514, -0.00473715690895915,
        0.065000019967556, 10.203381991282413], [-1.362774924018595e-07, 0.997355043888092,
        0.07268396764993668, 11.409578172148741], [0.0, 0.0, 0.0, 1.0]], [[-0.1089526042342186,
        0.7210378646850586, 0.6842763423919678, 107.41433009638016], [0.9940471053123474,
        0.07902900874614716, 0.07500017434358597, 11.773133066864322], [1.7538441454689746e-07,
        0.6883742809295654, -0.7253560423851013, -113.86280964670317], [0.0, 0.0,
        0.0, 1.0]], [[-0.9856033325195312, 0.16844618320465088, -0.014581567607820034,
        -2.2889175612877195], [-0.1690761297941208, -0.981931209564209, 0.08500046283006668,
        13.34288414244623], [-8.968869025238746e-08, 0.08624210953712463, 0.9962742328643799,
        156.3902576635273], [0.0, 0.0, 0.0, 1.0]], [[-0.1421288102865219, -0.7362449169158936,
        -0.6616210341453552, -103.8580438787131], [-0.9898479580879211, 0.10571522265672684,
        0.09499992430210114, 14.912635218028141], [7.044972250014325e-08, 0.66840660572052,
        -0.74379563331604, -116.75745982782816], [0.0, 0.0, 0.0, 1.0]], [[-0.10554435849189758,
        -0.10086439549922943, 0.9892860054969788, 155.2932750280862], [0.9944146275520325,
        -0.010705443099141121, 0.10499999672174454, 16.482386293610052], [-4.372254380768936e-08,
        0.9948425889015198, 0.10143090039491653, 15.922125047397307], [0.0, 0.0, 0.0,
        1.0]], [[-0.14279510080814362, 0.5867257714271545, -0.7970961928367615, -125.12426523806036],
      [-0.9897522330284119, -0.08464904874563217, 0.1149999126791954, 18.05213736919196],
      [-3.397738623789337e-08, 0.8053492307662964, 0.5928006768226624, 93.05494601548547],
      [0.0, 0.0, 0.0, 1.0]], [[-0.5555309057235718, 0.8101736307144165, 0.18709492683410645,
        29.3692454995924], [0.8314961194992065, 0.5412847995758057, 0.12500016391277313,
        19.62188844477387], [1.70653805753318e-07, 0.22501012682914734, -0.9743567109107971,
        -152.94970841930723], [0.0, 0.0, 0.0, 1.0]], [[-0.2515014410018921, -0.8166046142578125,
        0.519523024559021, 81.55216149050572], [0.9678570628166199, -0.21219797432422638,
        0.13499991595745087, 21.19163952035578], [1.2001996196886466e-07, 0.536776602268219,
        0.8437244296073914, 132.44373810630438], [0.0, 0.0, 0.0, 1.0]], [[-0.15062904357910156,
        -0.2677265405654907, -0.9516477584838867, -149.3850073910533], [-0.98859041929245,
        0.040792692452669144, 0.1450001746416092, 22.761390595937687], [-7.961015313640019e-08,
        0.9626310467720032, -0.27081647515296936, -42.51144619769694], [0.0, 0.0,
        0.0, 1.0]], [[-0.17283913493156433, 0.4357987940311432, 0.8832929134368896,
        138.65498585248736], [0.9849501848220825, 0.07647377252578735, 0.1550002247095108,
        24.331141671519596], [7.034719118337307e-08, 0.8967894911766052, -0.44245782494544983,
        -69.45484026410645], [0.0, 0.0, 0.0, 1.0]], [[-0.42457374930381775, 0.8342258334159851,
        -0.35185855627059937, -55.23302932550886], [-0.9053934216499329, -0.39120054244995117,
        0.16499996185302734, 25.900892747101473], [-1.4294148087401481e-08, 0.38862505555152893,
        0.9213959574699402, 144.63623549904844], [0.0, 0.0, 0.0, 1.0]], [[-0.4349345564842224,
        -0.8243567943572998, -0.3623097538948059, -56.873604061750925], [-0.9004623293876648,
        0.3981742858886719, 0.17500005662441254, 27.470643822683382], [7.545271074604898e-09,
        0.4023597538471222, -0.9154819846153259, -143.70783305686587], [0.0, 0.0,
        0.0, 1.0]], [[-0.20485879480838776, -0.42040199041366577, 0.8839091658592224,
        138.75170881118584], [0.9787917137145996, -0.08798936754465103, 0.18499991297721863,
        29.04039489826529], [1.5384918583549734e-07, 0.9030616283416748, 0.4295111298561096,
        67.42257158425716], [0.0, 0.0, 0.0, 1.0]], [[-0.2031133472919464, 0.2739790081977844,
        -0.9400427341461182, -147.56331903563768], [-0.9791551828384399, -0.05683336406946182,
        0.1950000375509262, 30.6101459738472], [7.865240547744179e-08, 0.960054874420166,
        0.27981165051460266, 43.923458784025144], [0.0, 0.0, 0.0, 1.0]], [[-0.37735021114349365,
        0.7774949669837952, 0.5030990242958069, 78.97402365198349], [0.9260707497596741,
        0.31680917739868164, 0.20499998331069946, 32.17989704942911], [1.8365776455198102e-08,
        0.5432620644569397, -0.8395633697509766, -131.7905239651534], [0.0, 0.0, 0.0,
        1.0]], [[-0.7394910454750061, -0.6440869569778442, 0.19571678340435028, 30.722662445881834],
      [0.6731664538383484, -0.7075464725494385, 0.2150000035762787, 33.74964812501102],
      [1.6896930077336947e-08, 0.2907405197620392, 0.9568019509315491, 150.1940866232087],
      [0.0, 0.0, 0.0, 1.0]], [[-0.27430248260498047, -0.5500478148460388, -0.7888001799583435,
        -123.8219801881619], [-0.9616435170173645, 0.1568973958492279, 0.2250000387430191,
        35.31939920059293], [-4.090866667638693e-08, 0.820262610912323, -0.5719872713088989,
        -89.78775893905123], [0.0, 0.0, 0.0, 1.0]], [[-0.23645593225955963, 0.10765013098716736,
        0.965660572052002, 151.58465834489584], [0.9716423749923706, 0.02619723603129387,
        0.23500008881092072, 36.88915027617484], [1.9396217965095275e-08, 0.9938437342643738,
        -0.11079207807779312, -17.391559426013774], [0.0, 0.0, 0.0, 1.0]], [[-0.35967350006103516,
        0.6831271648406982, -0.6355885863304138, -99.77156157071936], [-0.9330785870552063,
        -0.26332488656044006, 0.2449999749660492, 38.45890135175675], [-7.697035897535898e-09,
        0.6811738610267639, 0.7321217656135559, 114.92490070242208], [0.0, 0.0, 0.0,
        1.0]], [[-0.994917094707489, -0.09733413904905319, -0.025809140875935555,
        -4.0513921292690265], [-0.10069779306650162, 0.9616833925247192, 0.2550000548362732,
        40.028652427338656], [1.4160806749430321e-08, 0.2563028037548065, -0.9665966033935547,
        -151.73159723528843], [0.0, 0.0, 0.0, 1.0]], [[-0.3677574694156647, -0.6447781920433044,
        0.6700862050056458, 105.18685989938133], [0.9299217462539673, -0.2549912929534912,
        0.26500001549720764, 41.59840350292057], [-9.368235964757332e-08, 0.720583438873291,
        0.6933682560920715, 108.8415441061992], [0.0, 0.0, 0.0, 1.0]], [[-0.2754710614681244,
        -0.05619893595576286, -0.9596651196479797, -150.64355065828352], [-0.9613092541694641,
        0.01610431633889675, 0.2750000059604645, 43.168154578502474], [-4.4492281858765637e-08,
        0.9982895851135254, -0.058460719883441925, -9.176898618665232], [0.0, 0.0,
        0.0, 1.0]], [[-0.35736083984375, 0.5634634494781494, 0.7448505163192749, 116.9229861744924],
      [0.9339664578437805, 0.2155963033437729, 0.28499990701675415, 44.737905654084386],
      [-1.903086399579479e-08, 0.7975131869316101, -0.6033016443252563, -94.7033235669756],
      [0.0, 0.0, 0.0, 1.0]], [[-0.9019317626953125, 0.4081250727176666, -0.14125728607177734,
        -22.173873016360695], [-0.4318792521953583, -0.8523237705230713, 0.2950000762939453,
        46.3076567296663], [-3.5715670421154755e-09, 0.32707592844963074, 0.9449980854988098,
        148.3411766050387], [0.0, 0.0, 0.0, 1.0]], [[-0.49707257747650146, -0.6851630210876465,
        -0.53242027759552, -83.57671028888234], [-0.8677094578742981, 0.3924991190433502,
        0.30500009655952454, 47.877407805248204], [-1.1817319034435059e-07, 0.6135930418968201,
        -0.7896230816841125, -123.95108596556854], [0.0, 0.0, 0.0, 1.0]], [[-0.32304906845092773,
