{cam2Pos: [[[0.9950000047683716, -1.047081532590255e-09, 0.09987492114305496, 28.425702681134776],
      [0.09987492114305496, -3.066723408551297e-08, -0.9949999451637268, -283.18995063471954],
      [9.476451623413595e-09, 0.9999999403953552, -3.014039862136997e-08, 0.0], [
        0.0, 0.0, 0.0, 1.0]], [[0.9917600154876709, 0.014932280406355858, -0.12723617255687714,
        -36.213078462713575], [-0.1281093955039978, 0.11559844017028809, -0.9849998950958252,
        -280.3438204775867], [-4.418071242184851e-09, 0.9931836724281311, 0.11655887961387634,
        33.174146284345696], [0.0, 0.0, 0.0, 1.0]], [[0.9998015761375427, 0.004409500863403082,
        0.019426420331001282, 5.529012253650035], [0.019920580089092255, -0.22131016850471497,
        -0.9750000834465027, -277.4976903204538], [-2.6322027890657296e-10, 0.9751935601234436,
        -0.22135409712791443, -63.000242886227575], [0.0, 0.0, 0.0, 1.0]], [[0.9866037368774414,
        -0.03395198658108711, 0.15956301987171173, 45.41371197397903], [0.16313520073890686,
        0.20533354580402374, -0.9650000929832458, -274.65156016332094], [1.4015663296618186e-08,
        0.9781030416488647, 0.20812161266803741, 59.23414537249043], [0.0, 0.0, 0.0,
        1.0]], [[0.956277072429657, -0.015109545551240444, -0.29207172989845276, -83.12741590760267],
      [-0.2924623191356659, -0.0494043305516243, -0.9549999237060547, -271.8054300061881],
      [-1.2947075411773312e-08, 0.9986644983291626, -0.051663193851709366, -14.704069405671197],
      [0.0, 0.0, 0.0, 1.0]], [[0.9599065184593201, 0.049209557473659515, 0.2759672701358795,
        78.54389167449948], [0.2803203761577606, -0.16850920021533966, -0.9449999332427979,
        -268.95929984905524], [2.9244150212548448e-08, 0.984470784664154, -0.1755475103855133,
        -49.96319464107207], [0.0, 0.0, 0.0, 1.0]], [[0.9951869249343872, 0.03356204554438591,
        -0.09206806123256683, -26.20377187762572], [-0.09799458831548691, 0.34084028005599976,
        -0.934999942779541, -266.11316969192234], [-8.269328333199155e-09, 0.9395219087600708,
        0.34248870611190796, 97.4767252697517], [0.0, 0.0, 0.0, 1.0]], [[0.9825451374053955,
        -0.06272765249013901, -0.1751295030117035, -49.84413721858837], [-0.18602445721626282,
        -0.3313152492046356, -0.9249999523162842, -263.2670395347895], [-1.4884549592864005e-08,
        0.941432535648346, -0.3372010588645935, -95.97185312857766], [0.0, 0.0, 0.0,
        1.0]], [[0.9238911867141724, -0.0529596246778965, 0.3789728283882141, 107.86058659140994],
      [0.3826553523540497, 0.12786680459976196, -0.9150000214576721, -260.42090937765664],
      [3.425073558105396e-09, 0.9903764128684998, 0.13840028643608093, 39.390513229487794],
      [0.0, 0.0, 0.0, 1.0]], [[0.9171630144119263, 0.06468593329191208, -0.3932272791862488,
        -111.9176048770852], [-0.39851221442222595, 0.14887253940105438, -0.9049999713897705,
        -257.5747792205238], [-3.848971275033364e-08, 0.986738383769989, 0.16231852769851685,
        46.19796036067202], [0.0, 0.0, 0.0, 1.0]], [[0.9784079790115356, 0.08350348472595215,
        0.18906335532665253, 53.80988917106222], [0.20668281614780426, -0.39529404044151306,
        -0.8950001001358032, -254.72864906339095], [-2.9290518455127312e-08, 0.914751410484314,
        -0.4040175974369049, -114.9886076407093], [0.0, 0.0, 0.0, 1.0]], [[0.9878304600715637,
        -0.06909627467393875, 0.13934385776519775, 39.65908201895603], [0.15553458034992218,
        0.43884390592575073, -0.8849999904632568, -251.88251890625807], [-1.7233876548061744e-09,
        0.8959027528762817, 0.444250226020813, 126.43940286264966], [0.0, 0.0, 0.0,
        1.0]], [[0.9019775986671448, -0.10481221228837967, -0.4188685119152069, -119.2154485433427],
      [-0.4317828416824341, -0.21894866228103638, -0.875, -249.03638874912522], [
        -2.375651853014915e-08, 0.9700906276702881, -0.24274291098117828, -69.08778923091513],
      [0.0, 0.0, 0.0, 1.0]], [[0.8700645565986633, 0.05310919135808945, 0.4900684654712677,
        139.47985093592797], [0.4929378032684326, -0.0937410369515419, -0.8650000095367432,
        -246.19025859199235], [4.556390109655695e-08, 0.9941791296005249, -0.10774029046297073,
        -30.664253956527343], [0.0, 0.0, 0.0, 1.0]], [[0.9441924691200256, 0.13975216448307037,
        -0.29827815294265747, -84.89386492654143], [-0.3293941915035248, 0.4005928337574005,
        -0.854999840259552, -243.3441284348595], [-2.7225453891333018e-08, 0.9055355191230774,
        0.42427030205726624, 120.75278699692159], [0.0, 0.0, 0.0, 1.0]], [[0.9967091083526611,
        -0.04298953711986542, -0.06872318685054779, -19.559513393645762], [-0.08106156438589096,
        -0.5285869836807251, -0.845000147819519, -240.49799827772662], [-9.05733976708234e-09,
        0.8477901220321655, -0.5303322076797485, -150.93941491082293], [0.0, 0.0,
        0.0, 1.0]], [[0.8930333852767944, -0.15956969559192657, 0.4207480549812317,
        119.75037601185333], [0.44999048113822937, 0.3166757822036743, -0.8349999785423279,
        -237.65186812059378], [-1.1297682789290775e-08, 0.9350154995918274, 0.35460686683654785,
        100.92574367931508], [0.0, 0.0, 0.0, 1.0]], [[0.8252249956130981, 0.01318813394755125,
        -0.5646501183509827, -160.7067777295052], [-0.5648041367530823, 0.019268956035375595,
        -0.8250000476837158, -234.8057379634609], [1.5254784102580743e-08, 0.9997273683547974,
        0.023349935188889503, 6.645729805303848], [0.0, 0.0, 0.0, 1.0]], [[0.8930030465126038,
        0.1839536875486374, 0.410739004611969, 116.90165701989272], [0.45005056262016296,
        -0.3650062084197998, -0.8149998784065247, -231.95960780632808], [9.236078568619632e-08,
        0.9126507043838501, -0.4087401330471039, -116.3327625639011], [0.0, 0.0, 0.0,
        1.0]], [[0.9994210600852966, 0.02016332373023033, -0.02740423008799553, -7.799598069421469],
      [-0.03402280807495117, 0.5922983288764954, -0.8050001263618469, -229.1134776491952],
      [2.747030380945148e-09, 0.8054664731025696, 0.5926414132118225, 168.6734992310836],
      [0.0, 0.0, 0.0, 1.0]], [[0.8983873128890991, -0.20455694198608398, -0.3886600732803345,
        -110.61775414957911], [-0.43920406699180603, -0.4184187948703766, -0.7950000166893005,
        -226.26734749206236], [2.9232904097398205e-08, 0.8849190473556519, -0.46574434638023376,
        -132.55703919151463], [0.0, 0.0, 0.0, 1.0]], [[0.7876922488212585, -0.050892189145088196,
        0.61396324634552, 174.74194684185528], [0.6160688996315002, 0.0650697723031044,
        -0.7849999070167542, -223.42121733492948], [-1.1734115901163022e-08, 0.99658203125,
        0.08260807394981384, 23.51128180060771], [0.0, 0.0, 0.0, 1.0]], [[0.8310174942016602,
        0.20076775550842285, -0.5187507271766663, -147.64318597121337], [-0.5562463402748108,
        0.2999415993690491, -0.7750001549720764, -220.57508717779663], [-6.437460342567647e-08,
        0.9325918555259705, 0.36093300580978394, 102.72628322969871], [0.0, 0.0, 0.0,
        1.0]], [[0.9833542108535767, 0.11416640132665634, 0.14135268330574036, 40.230803262755444],
      [0.18169906735420227, -0.6178683042526245, -0.76500004529953, -217.72895702066376],
      [9.75520464407964e-09, 0.7779496312141418, -0.6283273100852966, -178.82995402599244],
      [0.0, 0.0, 0.0, 1.0]], [[0.9180663228034973, -0.22554217278957367, 0.32601380348205566,
        92.7877778249041], [0.39642688632011414, 0.5223224759101868, -0.7549999952316284,
        -214.8828268635309], [-2.1251896242802104e-08, 0.8223806619644165, 0.5689376592636108,
        161.92704443318044], [0.0, 0.0, 0.0, 1.0]], [[0.7608005404472351, -0.13157810270786285,
        -0.6355074644088745, -180.8737053427044], [-0.648985743522644, -0.15424786508083344,
        -0.7449999451637268, -212.03669670639803], [-4.6076184645471585e-08, 0.9792316555976868,
        -0.20274414122104645, -57.70364528217149], [0.0, 0.0, 0.0, 1.0]], [[0.766657829284668,
        0.1825985312461853, 0.6155432462692261, 175.19163680547868], [0.642055869102478,
        -0.21803471446037292, -0.73499995470047, -209.19056654926518], [-7.270719493135402e-08,
        0.9587066769599915, -0.2843964695930481, -80.94297976740083], [0.0, 0.0, 0.0,
        1.0]], [[0.9388487935066223, 0.21877069771289825, -0.26589906215667725, -75.67835396452577],
      [-0.34432968497276306, 0.5964998602867126, -0.7249999642372131, -206.3444363921323],
      [-1.204914479302488e-08, 0.7722222805023193, 0.6353524327278137, 180.82955793963654],
      [0.0, 0.0, 0.0, 1.0]], [[0.9493634700775146, -0.206687793135643, -0.2366202473640442,
        -67.34520707672017], [-0.3141798675060272, -0.6245526671409607, -0.7150000333786011,
        -203.49830623499946], [-2.0020632263140214e-08, 0.7531362175941467, -0.6578646302223206,
        -187.23683173107585], [0.0, 0.0, 0.0, 1.0]], [[0.7468218803405762, -0.21942144632339478,
        0.6277828216552734, 178.67516001956128], [0.6650241017341614, 0.24641020596027374,
        -0.7049999833106995, -200.65217607786659], [7.724533901409814e-09, 0.9440001249313354,
        0.32994508743286133, 93.90665652983367], [0.0, 0.0, 0.0, 1.0]], [[0.7069740891456604,
        0.12961477041244507, -0.6952608227729797, -197.88028661629804], [-0.7072394490242004,
        0.12956616282463074, -0.6949999928474426, -197.80604592073374], [7.339764351854683e-09,
        0.9830628633499146, 0.18326859176158905, 52.1606085016987], [0.0, 0.0, 0.0,
        1.0]], [[0.8668249845504761, 0.3055483400821686, 0.394023597240448, 112.14424064010797],
      [0.4986124634742737, -0.5311880707740784, -0.6849998235702515, -194.95991576360086],
      [8.565606890442723e-08, 0.7902400493621826, -0.6127973198890686, -174.41006063330858],
      [0.0, 0.0, 0.0, 1.0]], [[0.9832901358604431, -0.1323755383491516, 0.12496872991323471,
        35.567730758978435], [0.18204523622989655, 0.7150067090988159, -0.6749999523162842,
        -192.113785606468], [5.568281835621747e-09, 0.6864707469940186, 0.7271574139595032,
        206.9584466070907], [0.0, 0.0, 0.0, 1.0]], [[0.7477661371231079, -0.30362623929977417,
        -0.5904718041419983, -168.05592159671448], [-0.6639622449874878, -0.34194937348365784,
        -0.6650000214576721, -189.26765544933514], [3.216311483811296e-08, 0.8893154263496399,
        -0.4572945237159729, -130.15195169647623], [0.0, 0.0, 0.0, 1.0]], [[0.6562783718109131,
        0.04707341268658638, 0.7530490159988403, 214.3275224500191], [0.7545188665390015,
        -0.04094443842768669, -0.6549999713897705, -186.4215252922023], [4.5592752684342486e-08,
        0.9980520009994507, -0.062388744205236435, -17.75659712829321], [0.0, 0.0,
        0.0, 1.0]], [[0.7791330814361572, 0.3516424298286438, -0.5189405679702759,
        -147.6972491638518], [-0.6268585920333862, 0.43706223368644714, -0.6449999213218689,
        -183.5753951350694], [-2.827008671602016e-08, 0.8278431296348572, 0.5609596967697144,
        159.65639856844254], [0.0, 0.0, 0.0, 1.0]], [[0.9999824166297913, 0.00458448426797986,
        0.0037685276474803686, 1.0725722073061086], [0.005934584885835648, -0.7724889516830444,
        -0.6349999308586121, -180.7292649779366], [-4.049323099053481e-10, 0.6350111365318298,
        -0.772502601146698, -219.86439248501807], [0.0, 0.0, 0.0, 1.0]], [[0.7660124897956848,
        -0.3716650903224945, 0.5244901776313782, 149.2767347826291], [0.6428256630897522,
        0.44288843870162964, -0.625, -177.88313482080372], [3.3437046909057244e-08,
        0.8159135580062866, 0.5781739354133606, 164.5558127577739], [0.0, 0.0, 0.0,
        1.0]], [[0.616634726524353, -0.057287055999040604, -0.7851623296737671, -223.4673891788058],
      [-0.7872494459152222, -0.04487180709838867, -0.6149999499320984, -175.03700466367087],
      [-8.516342120401532e-08, 0.9973489046096802, -0.07276873290538788, -20.71090740140025],
      [0.0, 0.0, 0.0, 1.0]], [[0.6902298927307129, 0.3483118712902069, 0.6342409253120422,
        180.51321989049995], [0.7235901355743408, -0.33225345611572266, -0.6050001382827759,
        -172.190874506538], [-2.8163938736724958e-08, 0.8765196204185486, -0.4813663065433502,
        -137.0030981213522], [0.0, 0.0, 0.0, 1.0]], [[0.9719952940940857, 0.18582578003406525,
        -0.14385370910167694, -40.94263695466526], [-0.23500023782253265, 0.7686025500297546,
        -0.5950000286102295, -169.34474434940515], [3.5224210215289986e-09, 0.6121429204940796,
        0.7907471656799316, 225.05694113678044], [0.0, 0.0, 0.0, 1.0]], [[0.8044589757919312,
        -0.40774452686309814, -0.43196091055870056, -122.94168530797747], [-0.5940082669258118,
        -0.552204430103302, -0.5849998593330383, -166.49861419227227], [-1.6723733153867215e-07,
        0.7271967530250549, -0.6864294409751892, -195.3666353272694], [0.0, 0.0, 0.0,
        1.0]], [[0.5889349579811096, -0.17476746439933777, 0.7890576124191284, 224.5760492274012],
      [0.8081804513931274, 0.1273559182882309, -0.5749999284744263, -163.65248403513945],
      [8.161083542290726e-08, 0.9763385057449341, 0.21624799072742462, 61.546984458635045],
      [0.0, 0.0, 0.0, 1.0]], [[0.6099339723587036, 0.2985275983810425, -0.7340720295906067,
        -208.92646705265585], [-0.7924522161483765, 0.2297704964876175, -0.5649999976158142,
        -160.80635387800658], [-1.4308177753719065e-08, 0.9263297319412231, 0.37671372294425964,
        107.2176134353306], [0.0, 0.0, 0.0, 1.0]], [[0.8868468403816223, 0.36039721965789795,
        0.2891651690006256, 82.30017145058771], [0.4620634615421295, -0.6917172074317932,
        -0.5549999475479126, -157.96022372087373], [6.384458828279094e-08, 0.6258125901222229,
        -0.7799736261367798, -221.99058136476546], [0.0, 0.0, 0.0, 1.0]], [[0.8650131225585938,
        -0.389636367559433, 0.31612613797187805, 89.97361739357427], [0.5017491579055786,
        0.671731173992157, -0.5450000166893005, -155.11409356374085], [4.2234599817447815e-08,
        0.6300482153892517, 0.7765560150146484, 221.01795145287386], [0.0, 0.0, 0.0,
        1.0]], [[0.5738805532455444, -0.2963051199913025, -0.7634556293487549, -217.28937524925706],
      [-0.8189390301704407, -0.20763923227787018, -0.5349999666213989, -152.267963406608],
      [-6.239913119543417e-08, 0.9322496652603149, -0.3618159592151642, -102.97748995388552],
      [0.0, 0.0, 0.0, 1.0]], [[0.5423271656036377, 0.21067750453948975, 0.8133242130279541,
        231.48263758619362], [0.8401674032211304, -0.13599205017089844, -0.5249999761581421,
        -149.42183324947513], [-9.152709878890164e-08, 0.9680502414703369, -0.25075656175613403,
        -71.36857121952308], [0.0, 0.0, 0.0, 1.0]], [[0.7651085257530212, 0.47619399428367615,
        -0.4334145784378052, -123.35541251801187], [-0.6439013481140137, 0.5658321976661682,
        -0.5149999856948853, -146.57570309234228], [2.923084707617818e-08, 0.6731070876121521,
        0.7395449876785278, 210.48414234546937], [0.0, 0.0, 0.0, 1.0]], [[0.9412350058555603,
        -0.285023033618927, -0.18121394515037537, -51.575851472215504], [-0.3377523124217987,
        -0.7942909598350525, -0.5049999356269836, -143.7295729352094], [-1.6441315864312855e-08,
        0.5365290641784668, -0.8438816666603088, -240.17974544534235], [0.0, 0.0,
        0.0, 1.0]], [[0.5727992057800293, -0.4124605655670166, 0.708362340927124,
        201.60916981836053], [0.8196956515312195, 0.2882255017757416, -0.4949999153614044,
        -140.88344277807656], [-4.0901216635802484e-08, 0.8641771674156189, 0.5031875371932983,
        143.21371062003476], [0.0, 0.0, 0.0, 1.0]], [[0.4878615736961365, 0.09440848231315613,
        -0.8678008317947388, -246.9873772696113], [-0.8729211091995239, 0.05276315659284592,
        -0.4850001335144043, -138.03731262094368], [-5.340089614946919e-08, 0.9941345453262329,
        0.10815217345952988, 30.781561157252803], [0.0, 0.0, 0.0, 1.0]], [[0.6399326324462891,
        0.5149300694465637, 0.570379912853241, 162.33755461805134], [0.7684310078620911,
        -0.42882245779037476, -0.47499993443489075, -135.19118246381083], [-6.002551344863605e-09,
        0.7422655820846558, -0.6701056957244873, -190.7208202008343], [0.0, 0.0, 0.0,
        1.0]], [[0.9976015686988831, -0.06123839318752289, 0.032263580709695816, 9.182633291874952],
      [0.06921762228012085, 0.8826006650924683, -0.4650000035762787, -132.34505230667796],
      [-3.495461031732816e-09, 0.4661179482936859, 0.8847225904464722, 251.80356448863225],
      [0.0, 0.0, 0.0, 1.0]], [[0.5885264873504639, -0.5127878785133362, -0.6250482201576233,
        -177.89683132092568], [-0.8084779977798462, -0.3732810318470001, -0.4549999237060547,
        -129.4989221495451], [-1.2833119455990527e-07, 0.7731172442436218, -0.6342635154724121,
        -180.51957035593486], [0.0, 0.0, 0.0, 1.0]], [[0.4454660713672638, -0.040941499173641205,
        0.8943622708320618, 254.54713599429854], [0.8952988386154175, 0.02037077583372593,
        -0.4450000822544098, -126.65279199241223], [8.543426588403236e-08, 0.9989538788795471,
        0.045729346573352814, 13.015166193254089], [0.0, 0.0, 0.0, 1.0]], [[0.5310179591178894,
        0.4859907031059265, -0.6941419243812561, -197.56182919791547], [-0.8473606109619141,
        0.304557204246521, -0.4350000023841858, -123.80666183527937], [1.9980577192768578e-08,
        0.8191813230514526, 0.5735346674919128, 163.2354215315708], [0.0, 0.0, 0.0,
        1.0]], [[0.9593167901039124, 0.253113329410553, 0.1250797063112259, 35.59931595758734],
      [0.2823318839073181, -0.8600368499755859, -0.42499974370002747, -120.96053167814651],
      [7.490296383139139e-08, 0.4430233836174011, -0.8965097665786743, -255.15839628141407],
      [0.0, 0.0, 0.0, 1.0]], [[0.6267346739768982, -0.583926260471344, 0.5159783959388733,
        146.8542075943328], [0.7792326807975769, 0.46965017914772034, -0.4150000214576721,
        -118.11440152101369], [1.1888747764032814e-07, 0.6621621251106262, 0.7493605613708496,
        213.27774984415163], [0.0, 0.0, 0.0, 1.0]], [[0.4137900769710541, -0.18664871156215668,
        -0.8910331130027771, -253.59960465912494], [-0.9103723168373108, -0.0848371610045433,
        -0.40499991178512573, -115.26827136388083], [1.7860529055724328e-08, 0.978756844997406,
        -0.2050246149301529, -58.35267643330013], [0.0, 0.0, 0.0, 1.0]], [[0.4430319368839264,
        0.40598875284194946, 0.7993096709251404, 227.493891822848], [0.8965058922767639,
        -0.20063026249408722, -0.3949999213218689, -112.42214120674797], [1.0936113170600947e-07,
        0.8915833234786987, -0.45285695791244507, -128.88894468958736], [0.0, 0.0,
        0.0, 1.0]], [[0.803949236869812, 0.5220717191696167, -0.28479239344596863,
        -81.05566562041592], [-0.594697892665863, 0.7057687044143677, -0.38499993085861206,
        -109.5760110496151], [-3.561551054076517e-08, 0.47888582944869995, 0.8778771758079529,
        249.85524926784532], [0.0, 0.0, 0.0, 1.0]], [[0.6980166435241699, -0.6039657592773438,
        -0.384705126285553, -109.49209996907514], [-0.716081440448761, -0.5887289643287659,
        -0.37499991059303284, -106.72988089248224], [-1.4351980937021835e-08, 0.5372363924980164,
        -0.843431293964386, -240.05162212001355], [0.0, 0.0, 0.0, 1.0]], [[0.3918198347091675,
        -0.33453741669654846, 0.8570657968521118, 243.93211207180906], [0.9200418591499329,
        0.1424701064825058, -0.3649999797344208, -103.88375073534937], [1.4617285160056781e-08,
        0.9315507411956787, 0.3636111617088318, 103.48845223865968], [0.0, 0.0, 0.0,
        1.0]], [[0.3736661374568939, 0.28950411081314087, -0.8812271356582642, -250.8086380247155],
      [-0.9275633692741394, 0.1166255846619606, -0.35499992966651917, -101.0376205782165],
      [-1.547021497572132e-07, 0.9500453472137451, 0.31211230158805847, 88.8312728350255],
      [0.0, 0.0, 0.0, 1.0]], [[0.6164110898971558, 0.6525396108627319, 0.44071468710899353,
        125.43314495774176], [0.7874245047569275, -0.5108205676078796, -0.3449999690055847,
        -98.19149042108364], [-3.1545589251891215e-08, 0.5596913695335388, -0.8287011384963989,
        -235.8591233518592], [0.0, 0.0, 0.0, 1.0]], [[0.8178362846374512, -0.5249593257904053,
        0.23571480810642242, 67.08747672319929], [0.5754508972167969, 0.7460772395133972,
        -0.33500000834465027, -95.34536026395078], [-5.9168783650420664e-08, 0.40961748361587524,
        0.9122573733329773, 259.6403309512272], [0.0, 0.0, 0.0, 1.0]], [[0.3792392909526825,
        -0.4768548011779785, -0.7929610013961792, -225.6870065030354], [-0.9252986907958984,
        -0.1954420506954193, -0.32499995827674866, -92.49923010681792], [-5.321774665389967e-08,
        0.8569785356521606, -0.5153524875640869, -146.67595658033386], [0.0, 0.0,
        0.0, 1.0]], [[0.3189138174057007, 0.1480330526828766, 0.9361518621444702,
        266.440977756917], [0.9477837681770325, -0.04981093481183052, -0.31499993801116943,
        -89.65309994968506], [1.161782421377211e-07, 0.9877273440361023, -0.15618877112865448,
        -44.4532985813316], [0.0, 0.0, 0.0, 1.0]], [[0.4611942172050476, 0.6655615568161011,
        -0.5867944359779358, -167.0093223852347], [-0.8872991800308228, 0.3459409177303314,
        -0.304999977350235, -86.8069697925522], [-3.669631354341618e-08, 0.6613264679908752,
        0.7500981688499451, 213.48771614608376], [0.0, 0.0, 0.0, 1.0]], [[0.9697588086128235,
        -0.2324986755847931, -0.07424450665712357, -21.13095346580072], [-0.2440653145313263,
        -0.9238005876541138, -0.2949998378753662, -83.96083963541933], [-4.444040158091411e-08,
        0.3041991889476776, -0.952608585357666, -271.12474790537425], [0.0, 0.0, 0.0,
        1.0]], [[0.37688449025154114, -0.6060901284217834, 0.7004377245903015, 199.35367468595243],
      [0.9262603521347046, 0.24661092460155487, -0.2849999964237213, -81.11470947828651],
      [3.0933616557149435e-08, 0.7561997175216675, 0.6543409824371338, 186.2339523526035],
      [0.0, 0.0, 0.0, 1.0]], [[0.27501198649406433, -0.009018534794449806, -0.9613985419273376,
        -273.62651672295334], [-0.9614408612251282, -0.002579802880063653, -0.2749999761581421,
        -78.26857932115365], [-4.047999979661654e-08, 0.9999560713768005, -0.009380325675010681,
        -2.669747276949171], [0.0, 0.0, 0.0, 1.0]], [[0.34653612971305847, 0.6044449806213379,
        0.7173275351524353, 204.16079768705708], [0.9380365610122681, -0.2232981026172638,
        -0.26500019431114197, -75.42244916402079], [-5.121085777659573e-08, 0.7647116780281067,
        -0.644372284412384, -183.39681448513878], [0.0, 0.0, 0.0, 1.0]], [[0.9383646845817566,
        0.3326394259929657, -0.09392928332090378, -26.73349492608253], [-0.34564679861068726,
        0.9030522108078003, -0.2550000250339508, -72.57631900688793], [-1.3439848345342398e-08,
        0.2717493772506714, 0.9623680710792542, 273.9024769545882], [0.0, 0.0, 0.0,
        1.0]], [[0.38778218626976013, -0.7144795060157776, -0.5823606252670288, -165.74743475528018],
      [-0.9217509627342224, -0.30058252811431885, -0.24500006437301636, -69.73018884975505],
      [4.274787457347884e-08, 0.6317981481552124, -0.7751327157020569, -220.61291292313965],
      [0.0, 0.0, 0.0, 1.0]], [[0.23884150385856628, -0.1734643280506134, 0.9554396271705627,
        271.93054282964795], [0.9710586071014404, 0.04266517981886864, -0.2349998950958252,
        -66.88405869262219], [7.515592415074934e-08, 0.9839155673980713, 0.17863422632217407,
        50.841629424970584], [0.0, 0.0, 0.0, 1.0]], [[0.2624707520008087, 0.49686673283576965,
        -0.8271835446357727, -235.42719593496693], [-0.9649399518966675, 0.13515134155750275,
        -0.2250000238418579, -64.03792853548933], [-5.1815327140047884e-08, 0.8572383522987366,
        0.5149198174476624, 146.5528840947643], [0.0, 0.0, 0.0, 1.0]], [[0.633317232131958,
        0.7279326915740967, 0.26272276043891907, 74.77431211158658], [0.7738922834396362,
        -0.5957061052322388, -0.21500006318092346, -61.191798378356474], [-3.8273029190349916e-08,
        0.3394823670387268, -0.9406124949455261, -267.7105428870383], [0.0, 0.0, 0.0,
        1.0]], [[0.4202624559402466, -0.7921269536018372, 0.44262227416038513, 125.9760813021439],
      [0.9074026346206665, 0.3668725788593292, -0.205000102519989, -58.34566822122361],
      [7.713139638099165e-08, 0.48779046535491943, 0.8729607462882996, 248.45598936830982],
      [0.0, 0.0, 0.0, 1.0]], [[0.2077903300523758, -0.33788642287254333, -0.917962908744812,
        -261.2641998654741], [-0.9781733751296997, -0.07177618145942688, -0.19499997794628143,
        -55.49953806409075], [-4.182161461585565e-08, 0.9384459853172302, -0.34542590379714966,
        -98.3127044523612], [0.0, 0.0, 0.0, 1.0]], [[0.19880086183547974, 0.35878244042396545,
        0.9120051264762878, 259.5685283593163], [0.9800398945808411, -0.07277894020080566,
        -0.1850000023841858, -52.65340790695789], [1.9613402457707707e-08, 0.9305796027183533,
        -0.3660896122455597, -104.19388866230817], [0.0, 0.0, 0.0, 1.0]], [[0.3799959719181061,
        0.8210597634315491, -0.42598581314086914, -121.24113203496854], [-0.9249881505966187,
        0.3373009264469147, -0.17500008642673492, -49.807277749825026], [-1.264653661792181e-07,
        0.4605311453342438, 0.8876435160636902, 252.634898023694], [0.0, 0.0, 0.0,
        1.0]], [[0.4997408092021942, -0.8176008462905884, -0.285986065864563, -81.39535332368199],
      [-0.8661749958992004, -0.4717159569263458, -0.16499988734722137, -46.961147592692164],
      [-1.4561145178504376e-07, 0.3301711678504944, -0.9439211487770081, -268.6522208869704],
      [0.0, 0.0, 0.0, 1.0]], [[0.17941917479038239, -0.4954904615879059, 0.8498809933662415,
        241.88724029948645], [0.9837725758552551, 0.09036704897880554, -0.1550000160932541,
        -44.11501743555933], [-5.780950118605688e-08, 0.8638997077941895, 0.5036637187004089,
        143.34921321852437], [0.0, 0.0, 0.0, 1.0]], [[0.1480833888053894, 0.2007737010717392,
        -0.9683808088302612, -275.61374871306236], [-0.9889749884605408, 0.030062459409236908,
        -0.14499986171722412, -41.26888727842647], [-1.561538027772258e-07, 0.9791763424873352,
        0.20301181077957153, 57.77983364933337], [0.0, 0.0, 0.0, 1.0]], [[0.22753767669200897,
        0.7838599681854248, 0.5777455568313599, 164.4339321795481], [0.9737691879272461,
        -0.1831618994474411, -0.13500002026557922, -38.42275712129361], [-6.488010484417828e-08,
        0.5933084487915039, -0.8049749135971069, -229.1063997285563], [0.0, 0.0, 0.0,
        1.0]], [[0.7274735569953918, -0.6759308576583862, 0.11789709329605103, 33.55502852300796],
      [0.6861357092857361, 0.7166538834571838, -0.1250000149011612, -35.576626964160745],
      [-4.587660029642393e-08, 0.17182761430740356, 0.9851270318031311, 280.3799785792207],
      [0.0, 0.0, 0.0, 1.0]], [[0.1509145349264145, -0.6401350498199463, -0.7532938718795776,
        -214.39727150740012], [-0.9885466694831848, -0.09772469848394394, -0.11500002443790436,
        -32.73049680702788], [2.0834896474752895e-08, 0.7620214223861694, -0.647551417350769,
        -184.3016366241995], [0.0, 0.0, 0.0, 1.0]], [[0.10505186021327972, 0.031219568103551865,
        0.9939764738082886, 282.89867513968136], [0.9944666624069214, -0.003297789953649044,
        -0.10499995946884155, -29.88436664989502], [-1.248601222414436e-08, 0.9995070099830627,
        -0.031393155455589294, -8.934928514479187], [0.0, 0.0, 0.0, 1.0]], [[0.13217449188232422,
        0.6891719102859497, -0.7124408483505249, -202.76994115652127], [-0.9912264347076416,
        0.09189718216657639, -0.0950000137090683, -27.03823649276216], [-4.084436255880064e-08,
        0.7187467813491821, 0.695271909236908, 197.88343398110294], [0.0, 0.0, 0.0,
        1.0]], [[0.8362663388252258, 0.5454837083816528, 0.0557328425347805, 15.862291450703738],
      [0.5483235120773315, -0.8319356441497803, -0.08500014990568161, -24.192106335629298],
      [-6.676568631291957e-08, 0.10164238512516022, -0.994821310043335, -283.1390089945038],
      [0.0, 0.0, 0.0, 1.0]], [[0.11795354634523392, -0.7664303779602051, 0.631404459476471,
        179.70592865116961], [0.993019163608551, 0.09103868156671524, -0.07500000298023224,
        -21.345976178496436], [2.0473397199793908e-08, 0.6358431577682495, 0.7718182802200317,
        219.6695181904375], [0.0, 0.0, 0.0, 1.0]], [[0.0656721368432045, -0.14239944517612457,
        -0.9876282811164856, -281.09185513331477], [-0.9978412985801697, -0.009372025728225708,
        -0.0650000125169754, -18.499846021363574], [-7.028004489484374e-08, 0.989764928817749,
        -0.14270757138729095, -40.61641771880681], [0.0, 0.0, 0.0, 1.0]], [[0.06650777906179428,
        0.5609988570213318, 0.825140655040741, 234.84575936206906], [0.9977859258651733,
        -0.03739362582564354, -0.05500010773539543, -15.653715864230712], [-4.0116361788022914e-08,
        0.8269716501235962, -0.5622437596321106, -160.02187101364063], [0.0, 0.0,
        0.0, 1.0]], [[0.19301576912403107, 0.9541566371917725, -0.22875748574733734,
        -65.10736127415622], [-0.9811956882476807, 0.18769678473472595, -0.04500000551342964,
        -12.80758570709785], [-6.202344415839889e-09, 0.23314157128334045, 0.9724428057670593,
        276.76987908672976], [0.0, 0.0, 0.0, 1.0]], [[0.07148020714521408, -0.8696916103363037,
        -0.48839274048805237, -139.00290563887557], [-0.9974421858787537, -0.06232554838061333,
        -0.034999947994947433, -9.96145554996502], [-9.21621676752693e-08, 0.48964524269104004,
        -0.8719221353530884, -248.1602916275831], [0.0, 0.0, 0.0, 1.0]], [[0.026323655620217323,
        -0.31300899386405945, 0.9493852853775024, 270.2074100929106], [0.9996535181999207,
        0.00824233889579773, -0.024999985471367836, -7.1153253928321565], [4.872707748404537e-08,
        0.9497144222259521, 0.31311747431755066, 89.11731811969499], [0.0, 0.0, 0.0,
        1.0]], [[0.016449980437755585, 0.410444051027298, -0.9117373824119568, -259.4923336088553],
      [-0.9998646378517151, 0.006752683315426111, -0.01500009000301361, -4.269195235699295],
      [-4.457523772316563e-08, 0.9118607640266418, 0.41049960255622864, 116.8335203769927],
      [0.0, 0.0, 0.0, 1.0]], [[0.012655948288738728, 0.9185777306556702, 0.39503780007362366,
        112.43290597795871], [0.9999199509620667, -0.01162642054259777, -0.005000133067369461,
        -1.4230650785664323], [-1.516346088692444e-07, 0.395069420337677, -0.9186513423919678,
        -261.46010260180196], [0.0, 0.0, 0.0, 1.0]], [[-0.015184346586465836, -0.9441202878952026,
        0.3292514383792877, 93.70923590408621], [0.9998847842216492, -0.01433752104640007,
        0.004999971482902765, 1.4230650785664298], [4.535703723718143e-08, 0.32928940653800964,
        0.9442290663719177, 268.7398792614629], [0.0, 0.0, 0.0, 1.0]], [[-0.017033280804753304,
        -0.4737228453159332, -0.8805092573165894, -250.60438944095307], [-0.9998549222946167,
        0.008070218376815319, 0.01500015426427126, 4.269195235699292], [-2.1517159609629743e-08,
        0.880636990070343, -0.47379159927368164, -134.8472568440966], [0.0, 0.0, 0.0,
        1.0]], [[-0.025788571685552597, 0.24528564512729645, 0.9691080451011658, 275.82069757310325],
      [0.9996676445007324, 0.0063272761180996895, 0.025000013411045074, 7.115325392832155],
      [9.961644309441908e-08, 0.9694304466247559, -0.24536748230457306, -69.83468800139372],
      [0.0, 0.0, 0.0, 1.0]], [[-0.06365993618965149, 0.8336039781570435, -0.5486820936203003,
        -156.16204534141892], [-0.9979717135429382, -0.05317506939172745, 0.034999970346689224,
        9.961455549965015], [-5.655778778645981e-08, 0.5497972369194031, 0.8352981805801392,
        237.73673193581558], [0.0, 0.0, 0.0, 1.0]], [[-0.2713887691497803, -0.9491465091705322,
        -0.15959082543849945, -45.42162097275208], [-0.9624698758125305, 0.2676318287849426,
        0.04500000923871994, 12.807585707097878], [-8.672113693819483e-09, 0.1658138483762741,
        -0.986157238483429, -280.67313873966305], [0.0, 0.0, 0.0, 1.0]], [[-0.07003210484981537,
        -0.6175291538238525, 0.7834240198135376, 222.97267419612555], [0.9975447058677673,
        -0.04335338622331619, 0.05499981343746185, 15.65371586423074], [1.046936901616391e-07,
        0.7853522896766663, 0.619049072265625, 176.18943343708654], [0.0, 0.0, 0.0,
        1.0]], [[-0.06517244130373001, 0.07252946496009827, -0.9952346682548523, -283.25673909519276],
      [-0.9978740215301514, -0.00473715690895915, 0.065000019967556, 18.499846021363602],
      [-1.362774924018595e-07, 0.997355043888092, 0.07268396764993668, 20.686811444852502],
      [0.0, 0.0, 0.0, 1.0]], [[-0.10895230621099472, 0.721037745475769, 0.6842761635780334,
        194.75391286621823], [0.9940469264984131, 0.07902928441762924, 0.07499998807907104,
        21.345976178496468], [3.5555434152456655e-09, 0.6883740425109863, -0.7253557443618774,
        -206.44571063041172], [0.0, 0.0, 0.0, 1.0]], [[-0.9856030344963074, 0.16844618320465088,
        -0.014581339433789253, -4.150057547154109], [-0.1690761148929596, -0.9819309711456299,
        0.08499981462955475, 24.19210633562933], [2.6053545099102848e-08, 0.08624142408370972,
        0.9962742924690247, 283.5526189736432], [0.0, 0.0, 0.0, 1.0]], [[-0.14212897419929504,
        -0.7362450957298279, -0.66162109375, -188.30597751586592], [-0.9898480772972107,
        0.1057150810956955, 0.09499993175268173, 27.03823649276219], [6.615078973482014e-08,
        0.6684066653251648, -0.7437959313392639, -211.69402757887815], [0.0, 0.0,
        0.0, 1.0]], [[-0.10554448515176773, -0.10086432844400406, 0.9892860651016235,
        281.5636696369322], [0.9944146871566772, -0.010705681517720222, 0.10500004887580872,
        29.884366649895053], [1.348943641232836e-07, 0.9948426485061646, 0.10143078863620758,
        28.868551815604963], [0.0, 0.0, 0.0, 1.0]], [[-0.142795130610466, 0.5867257714271545,
        -0.7970962524414062, -226.86395965750197], [-0.9897522926330566, -0.08464904874563217,
        0.11499994993209839, 32.73049680702791], [8.461711331619881e-10, 0.8053492307662964,
        0.5928006172180176, 168.71878111430158], [0.0, 0.0, 0.0, 1.0]], [[-0.5555309653282166,
        0.8101736903190613, 0.18709495663642883, 53.24964996608908], [0.8314961791038513,
        0.5412847399711609, 0.12500040233135223, 35.57662696416077], [3.596401825234352e-07,
        0.22501027584075928, -0.9743567705154419, -277.31452739759794], [0.0, 0.0,
        0.0, 1.0]], [[-0.2515012323856354, -0.8166046142578125, 0.5195228457450867,
        147.86297637124073], [0.9678569436073303, -0.21219775080680847, 0.13499996066093445,
        38.422757121293635], [3.96367028088207e-09, 0.5367764830589294, 0.8437244892120361,
        240.13496344190938], [0.0, 0.0, 0.0, 1.0]], [[-0.1506289392709732, -0.26772651076316833,
        -0.9516477584838867, -270.85133507653836], [-0.98859041929245, 0.0407928042113781,
        0.14500004053115845, 41.268887278426504], [5.4391200876580115e-08, 0.9626310467720032,
        -0.27081647515296936, -77.07789529734454], [0.0, 0.0, 0.0, 1.0]], [[-0.17283913493156433,
        0.4357987940311432, 0.8832929134368896, 251.39663403339574], [0.9849501848220825,
        0.07647377252578735, 0.1550002247095108, 44.115017435559366], [7.034719118337307e-08,
        0.8967894911766052, -0.44245782494544983, -125.92921164984055], [0.0, 0.0,
        0.0, 1.0]], [[-0.42457374930381775, 0.8342258334159851, -0.3518587350845337,
        -100.14351503142626], [-0.9053934812545776, -0.39120060205459595, 0.164999857544899,
        46.961147592692164], [-1.8686564828840346e-07, 0.3886251747608185, 0.9213959574699402,
        262.24129294857255], [0.0, 0.0, 0.0, 1.0]], [[-0.4349340796470642, -0.8243566751480103,
        -0.3623097240924835, -103.11805622109733], [-0.9004622101783752, 0.39817434549331665,
        0.17499977350234985, 49.807277749825026], [1.888306258024386e-07, 0.40235960483551025,
        -0.9154816269874573, -260.5579979155227], [0.0, 0.0, 0.0, 1.0]], [[-0.2048586905002594,
        -0.4204019606113434, 0.8839092254638672, 251.5720033221454], [0.9787917733192444,
        -0.08798924833536148, 0.18499982357025146, 52.65340790695789], [7.162682891248551e-08,
        0.9030616879463196, 0.42951104044914246, 122.24448655737868], [0.0, 0.0, 0.0,
        1.0]], [[-0.20311330258846283, 0.27397894859313965, -0.9400427937507629, -267.5484151130504],
      [-0.9791551828384399, -0.056833453476428986, 0.19499994814395905, 55.49953806409075],
      [-2.540608790013721e-08, 0.9600549340248108, 0.2798115909099579, 79.63802834436929],
      [0.0, 0.0, 0.0, 1.0]], [[-0.3773500621318817, 0.7774947285652161, 0.5030990242958069,
        143.18853087118373], [0.926070511341095, 0.31680941581726074, 0.20500002801418304,
        58.34566822122361], [-1.0657281279691233e-08, 0.5432620644569397, -0.8395629525184631,
        -238.9506148562546], [0.0, 0.0, 0.0, 1.0]], [[-0.7394910454750061, -0.6440869569778442,
        0.19571660459041595, 55.70354271757586], [0.6731663942337036, -0.7075464725494385,
        0.2150000035762787, 61.191798378356474], [-1.1303028202291898e-07, 0.290740430355072,
        0.9568019509315491, 272.3182840966521], [0.0, 0.0, 0.0, 1.0]], [[-0.27430257201194763,
        -0.550047755241394, -0.7888001203536987, -224.50277461908735], [-0.9616435170173645,
        0.15689760446548462, 0.22499999403953552, 64.03792853548933], [1.4217251020909316e-07,
        0.8202625513076782, -0.5719873309135437, -162.79501408404988], [0.0, 0.0,
        0.0, 1.0]], [[-0.2364557981491089, 0.10765004903078079, 0.965660572052002,
        274.83954251418993], [0.9716423749923706, 0.02619723603129387, 0.23499999940395355,
        66.88405869262219], [3.3582942648990866e-08, 0.9938437342643738, -0.11079193651676178,
        -31.53279684398169], [0.0, 0.0, 0.0, 1.0]], [[-0.35967350006103516, 0.6831271648406982,
        -0.6355885863304138, -180.89673874273154], [-0.9330785870552063, -0.26332488656044006,
        0.2449999749660492, 69.73018884975505], [-7.697035897535898e-09, 0.6811738610267639,
        0.7321217656135559, 208.37139772203045], [0.0, 0.0, 0.0, 1.0]], [[-0.9949169158935547,
        -0.0973341315984726, -0.025809139013290405, -7.345616446358421], [-0.10069778561592102,
        0.9616833329200745, 0.25500020384788513, 72.57631900688793], [-6.622866699501628e-09,
        0.25630298256874084, -0.9665963649749756, -275.10595877196954], [0.0, 0.0,
        0.0, 1.0]], [[-0.36775752902030945, -0.6447781920433044, 0.6700863242149353,
        190.71526610214903], [0.9299218058586121, -0.254991352558136, 0.26499998569488525,
        75.42244916402079], [-3.380796087526505e-08, 0.7205835580825806, 0.693368136882782,
        197.34160775441742], [0.0, 0.0, 0.0, 1.0]], [[-0.2754710614681244, -0.05619893595576286,
        -0.9596651196479797, -273.13321148525023], [-0.9613092541694641, 0.01610431633889675,
        0.2750000059604645, 78.26857932115365], [-4.4492281858765637e-08, 0.9982895851135254,
        -0.058460719883441925, -16.638719548481145], [0.0, 0.0, 0.0, 1.0]], [[-0.35736098885536194,
        0.5634633898735046, 0.7448504567146301, 211.99414492510547], [0.933966338634491,
        0.2155962884426117, 0.28500017523765564, 81.11470947828651], [1.5987903623226885e-07,
        0.7975131869316101, -0.6033015251159668, -171.70746966028506], [0.0, 0.0,
        0.0, 1.0]], [[-0.9019314646720886, 0.4081250727176666, -0.14125727117061615,
        -40.20365373465592], [-0.4318792521953583, -0.8523235321044922, 0.29499995708465576,
        83.96083963541938], [-1.3898306505666369e-08, 0.3270758092403412, 0.9449980854988098,
        268.95875584838365], [0.0, 0.0, 0.0, 1.0]], [[-0.4970725178718567, -0.6851629018783569,
        -0.5324201583862305, -151.53370447538344], [-0.8677092790603638, 0.3924993574619293,
        0.30500003695487976, 86.80696979255224], [-3.5840663770159154e-08, 0.6135929226875305,
        -0.7896229028701782, -224.73685749518978], [0.0, 0.0, 0.0, 1.0]], [[-0.3230492174625397,
