{cam2Pos: [[[0.9950000047683716, 5.261766133912715e-09, 0.09987491369247437, 27.348410037423882],
      [0.09987491369247437, 1.3823611766383692e-07, -0.994999885559082, -272.4574648272849],
      [-5.261766133912715e-09, 0.9999998807907104, 1.3770929285783495e-07, 0.0], [
        0.0, 0.0, 0.0, 1.0]], [[0.9917600154876709, 0.01493225060403347, -0.12723620235919952,
        -34.840655642717714], [-0.1281094253063202, 0.11559828370809555, -0.9850000143051147,
        -269.71919884912126], [1.7641989202843433e-08, 0.9931837916374207, 0.11655872315168381,
        31.916894558525275], [0.0, 0.0, 0.0, 1.0]], [[0.9998015761375427, 0.004409503657370806,
        0.01942642405629158, 5.319470758945046], [0.019920583814382553, -0.22131036221981049,
        -0.9750001430511475, -266.9809328709576], [-3.9112219019088457e-10, 0.9751936197280884,
        -0.22135429084300995, -60.61262563100399], [0.0, 0.0, 0.0, 1.0]], [[0.9866037368774414,
        -0.03395196050405502, 0.15956303477287292, 43.69259857242212], [0.16313520073890686,
        0.20533354580402374, -0.9650000929832458, -264.2426668927939], [-1.2643042168747343e-08,
        0.9781030416488647, 0.20812159776687622, 56.98925771633986], [0.0, 0.0, 0.0,
        1.0]], [[0.956277072429657, -0.015109565109014511, -0.29207170009613037, -79.9770081708965],
      [-0.2924622595310211, -0.0494043193757534, -0.9549999237060547, -261.50440091463025],
      [8.964883058126816e-09, 0.9986644983291626, -0.051663193851709366, -14.146806636091295],
      [0.0, 0.0, 0.0, 1.0]], [[0.9599064588546753, 0.04920968785881996, 0.2759673595428467,
        75.567192816479], [0.28032049536705017, -0.16850973665714264, -0.9450001120567322,
        -258.7661349364666], [-1.4012608851032837e-08, 0.9844710230827332, -0.17554807662963867,
        -48.069662486496895], [0.0, 0.0, 0.0, 1.0]], [[0.9951869249343872, 0.03356204181909561,
        -0.09206808358430862, -25.21068716841361], [-0.0979946032166481, 0.3408401310443878,
        -0.9350000619888306, -256.0278689583029], [-8.182046151716804e-09, 0.9395220279693604,
        0.342488557100296, 93.78249965133544], [0.0, 0.0, 0.0, 1.0]], [[0.9825451374053955,
        -0.0627276599407196, -0.17512951791286469, -47.955117166558544], [-0.186024472117424,
        -0.3313152492046356, -0.925000011920929, -253.28960298013922], [2.762328144001458e-09,
        0.9414326548576355, -0.3372010588645935, -92.33465996791973], [0.0, 0.0, 0.0,
        1.0]], [[0.9238911867141724, -0.05295960605144501, 0.3789728283882141, 103.77282778436435],
      [0.38265538215637207, 0.12786664068698883, -0.9150000810623169, -250.55133700197558],
      [2.0969741498788608e-08, 0.9903764724731445, 0.138400137424469, 37.8976702693633],
      [0.0, 0.0, 0.0, 1.0]], [[0.9171630144119263, 0.06468593329191208, -0.3932272493839264,
        -107.67609099831506], [-0.3985121548175812, 0.14887270331382751, -0.904999852180481,
        -247.81307102381191], [-1.1109069220083256e-09, 0.9867382645606995, 0.16231867671012878,
        44.44712508988628], [0.0, 0.0, 0.0, 1.0]], [[0.9784079790115356, 0.08350348472595215,
        0.18906338512897491, 51.770572908131065], [0.20668283104896545, -0.3952942490577698,
        -0.895000159740448, -245.07480504564825], [-1.011151162799706e-08, 0.9147514700889587,
        -0.40401777625083923, -110.6307072393902], [0.0, 0.0, 0.0, 1.0]], [[0.9878304600715637,
        -0.06909627467393875, 0.13934385776519775, 38.156060693692424], [0.15553458034992218,
        0.43884390592575073, -0.8849999904632568, -242.33653906748458], [-1.7233876548061744e-09,
        0.8959027528762817, 0.444250226020813, 121.64753403509275], [0.0, 0.0, 0.0,
        1.0]], [[0.9019775390625, -0.10481226444244385, -0.4188685715198517, -114.69735704097599],
      [-0.43178293108940125, -0.21894867718219757, -0.875, -239.5982730893209], [
        6.983601252841254e-09, 0.9700906276702881, -0.24274294078350067, -66.46946285412837],
      [0.0, 0.0, 0.0, 1.0]], [[0.8700645565986633, 0.05310919135808945, 0.4900684654712677,
        134.1937681591989], [0.4929378032684326, -0.0937410369515419, -0.8650000095367432,
        -236.86000711115724], [4.556390109655695e-08, 0.9941791296005249, -0.10774029046297073,
        -29.5021234866912], [0.0, 0.0, 0.0, 1.0]], [[0.9441924691200256, 0.1397520750761032,
        -0.29827821254730225, -81.67651135018654], [-0.3293941915035248, 0.40059271454811096,
        -0.8549999594688416, -234.12174113299358], [4.9491148956803954e-08, 0.9055356383323669,
        0.4242701530456543, 116.17643261094167], [0.0, 0.0, 0.0, 1.0]], [[0.9967091083526611,
        -0.04298953339457512, -0.0687231793999672, -18.818236383543084], [-0.08106155693531036,
        -0.528586745262146, -0.8450000882148743, -231.3834751548299], [-3.458040964687825e-09,
        0.8477900624275208, -0.5303320288658142, -145.21903138491726], [0.0, 0.0,
        0.0, 1.0]], [[0.8930333256721497, -0.15956974029541016, 0.4207480549812317,
        115.21201153916783], [0.44999048113822937, 0.31667590141296387, -0.8349999189376831,
        -228.64520917666624], [-1.7515777273047206e-08, 0.9350153803825378, 0.3546070158481598,
        97.10080529709046], [0.0, 0.0, 0.0, 1.0]], [[0.8252250552177429, 0.013188238255679607,
        -0.5646500587463379, -154.6162254084406], [-0.5648040771484375, 0.019269103184342384,
        -0.8249999284744263, -225.90694319850257], [-4.0528615130597245e-08, 0.9997272491455078,
        0.023350130766630173, 6.393866345263666], [0.0, 0.0, 0.0, 1.0]], [[0.8930031061172485,
        0.1839536428451538, 0.41073891520500183, 112.47125483923793], [0.4500504434108734,
        -0.3650059998035431, -0.8149999380111694, -223.16867722033894], [1.2755728917568376e-08,
        0.9126507043838501, -0.4087398946285248, -111.9239206528151], [0.0, 0.0, 0.0,
        1.0]], [[0.9994210600852966, 0.020163320004940033, -0.02740423195064068, -7.5040046862659535],
      [-0.03402280807495117, 0.5922983288764954, -0.8050001263618469, -220.43041124217524],
      [6.911385241892276e-09, 0.8054664731025696, 0.5926414132118225, 162.28101979270485],
      [0.0, 0.0, 0.0, 1.0]], [[0.8983873128890991, -0.20455698668956757, -0.38866010308265686,
        -106.4255027162223], [-0.4392040967941284, -0.4184189736843109, -0.7950000762939453,
        -217.69214526401157], [3.035202311707508e-08, 0.8849191069602966, -0.4657445549964905,
        -127.53332087591114], [0.0, 0.0, 0.0, 1.0]], [[0.7876921892166138, -0.05089214816689491,
        0.6139633655548096, 168.11948209605376], [0.6160690188407898, 0.06506959348917007,
        -0.7849999666213989, -214.9538792858479], [-7.182931582860874e-09, 0.9965821504592896,
        0.08260788768529892, 22.62023853556933], [0.0, 0.0, 0.0, 1.0]], [[0.8310174942016602,
        0.20076780021190643, -0.5187506675720215, -142.04772471120424], [-0.5562463402748108,
        0.29994168877601624, -0.7750000953674316, -212.21561330768424], [-5.190988972003652e-08,
        0.9325917363166809, 0.3609331250190735, 98.83310702643948], [0.0, 0.0, 0.0,
        1.0]], [[0.9833542108535767, 0.11416639387607574, 0.14135269820690155, 38.70611453679089],
      [0.18169906735420227, -0.6178683042526245, -0.76500004529953, -209.47734732952057],
      [1.6449904549631356e-08, 0.7779496312141418, -0.6283273100852966, -172.0525597744436],
      [0.0, 0.0, 0.0, 1.0]], [[0.9180662631988525, -0.22554215788841248, 0.32601383328437805,
        89.27125647103128], [0.3964269161224365, 0.5223224759101868, -0.7549999356269836,
        -206.7390813513569], [-3.527528136260116e-08, 0.8223806619644165, 0.5689376592636108,
        155.79024578505118], [0.0, 0.0, 0.0, 1.0]], [[0.7608004808425903, -0.1315782070159912,
        -0.6355075836181641, -174.01885589914974], [-0.6489859223365784, -0.15424804389476776,
        -0.7449999451637268, -204.00081537319323], [-2.3169381080379026e-08, 0.9792317152023315,
        -0.20274437963962555, -55.5167613456473], [0.0, 0.0, 0.0, 1.0]], [[0.7666577696800232,
        0.18259859085083008, 0.6155433654785156, 168.5521294663877], [0.6420559287071228,
        -0.21803490817546844, -0.7350000143051147, -201.26254939502957], [-5.941353009575323e-08,
        0.9587067365646362, -0.2843966782093048, -77.87535897217833], [0.0, 0.0, 0.0,
        1.0]], [[0.9388487339019775, 0.21877072751522064, -0.2658992111682892, -72.81025480340142],
      [-0.3443298041820526, 0.5964997410774231, -0.7250000834465027, -198.5242834168659],
      [1.1114870801520738e-08, 0.7722224593162537, 0.6353523135185242, 173.97638161822408],
      [0.0, 0.0, 0.0, 1.0]], [[0.9493634700775146, -0.20668786764144897, -0.23662027716636658,
        -64.7929220202425], [-0.314179927110672, -0.624552845954895, -0.7150000929832458,
        -195.78601743870223], [-3.52736329034542e-09, 0.7531362771987915, -0.6578648686408997,
        -180.14082908451718], [0.0, 0.0, 0.0, 1.0]], [[0.746821939945221, -0.21942138671875,
        0.6277828216552734, 171.9036322349311], [0.6650240421295166, 0.24641023576259613,
        -0.7049999833106995, -193.04775146053856], [-2.451803382541584e-08, 0.9440001249313354,
        0.32994508743286133, 90.34773130607077], [0.0, 0.0, 0.0, 1.0]], [[0.70697420835495,
        0.12961477041244507, -0.6952607035636902, -190.38091256393315], [-0.7072392702102661,
        0.1295662224292755, -0.6950000524520874, -190.3094854823749], [-6.992948442530178e-09,
        0.9830628037452698, 0.18326865136623383, 50.18379756897699], [0.0, 0.0, 0.0,
        1.0]], [[0.8668251037597656, 0.30554816126823425, 0.39402347803115845, 107.89413759669888],
      [0.49861225485801697, -0.5311876535415649, -0.6850000023841858, -187.5712195042112],
      [-1.0884662060561823e-08, 0.7902401685714722, -0.6127968430519104, -167.80017389041615],
      [0.0, 0.0, 0.0, 1.0]], [[0.9832901358604431, -0.1323755383491516, 0.12496873736381531,
        34.21976567505575], [0.18204523622989655, 0.7150067090988159, -0.6749999523162842,
        -184.83295352604753], [-1.3264789266997923e-09, 0.6864707469940186, 0.7271574139595032,
        199.11502354083805], [0.0, 0.0, 0.0, 1.0]], [[0.7477662563323975, -0.3036261796951294,
        -0.5904716849327087, -161.68684744931093], [-0.6639620661735535, -0.34194931387901306,
        -0.6650000214576721, -182.09468754788386], [2.7388123768901096e-08, 0.8893153667449951,
        -0.45729443430900574, -125.2193826866595], [0.0, 0.0, 0.0, 1.0]], [[0.6562784314155579,
        0.047073379158973694, 0.7530489563941956, 206.20482216463887], [0.7545188069343567,
        -0.04094424471259117, -0.6549999713897705, -179.3564215697202], [-6.379583794569044e-08,
        0.9980519413948059, -0.0623885840177536, -17.083648013253615], [0.0, 0.0,
        0.0, 1.0]], [[0.7791330218315125, 0.35164231061935425, -0.5189406871795654,
        -142.09973898774803], [-0.6268585920333862, 0.4370621144771576, -0.6449999809265137,
        -176.61815559155653], [1.7501157856258942e-08, 0.827843189239502, 0.5609595775604248,
        153.60565408453198], [0.0, 0.0, 0.0, 1.0]], [[0.9999824166297913, 0.004584485199302435,
        0.003768528113141656, 1.0319232860906453], [0.005934585817158222, -0.7724891901016235,
        -0.6349999904632568, -173.8798896133929], [-5.997332630514052e-10, 0.6350111365318298,
        -0.7725027799606323, -211.53185290648833], [0.0, 0.0, 0.0, 1.0]], [[0.7660125494003296,
        -0.37166500091552734, 0.5244901776313782, 143.61936440686574], [0.6428256630897522,
        0.442888468503952, -0.625, -171.14162363522922], [-1.7162280485649717e-08,
        0.8159135580062866, 0.5781739354133606, 158.31938762688458], [0.0, 0.0, 0.0,
        1.0]], [[0.6166348457336426, -0.05728701129555702, -0.785162091255188, -214.99830128423008],
      [-0.7872492074966431, -0.044871579855680466, -0.6149999499320984, -168.40335765706556],
      [-4.410797060927507e-08, 0.9973487257957458, -0.07276849448680878, -19.92599423888717],
      [0.0, 0.0, 0.0, 1.0]], [[0.6902298927307129, 0.3483119308948517, 0.6342409253120422,
        173.6720323194478], [0.7235901951789856, -0.33225345611572266, -0.6050000786781311,
        -165.6650916789019], [-3.587873820265486e-08, 0.8765196204185486, -0.481366366147995,
        -131.8108806614233], [0.0, 0.0, 0.0, 1.0]], [[0.9719952940940857, 0.18582578003406525,
        -0.14385370910167694, -39.390970770713395], [-0.23500023782253265, 0.7686025500297546,
        -0.5950000286102295, -162.92682570073822], [3.5224210215289986e-09, 0.6121429204940796,
        0.7907471656799316, 216.5276115429816], [0.0, 0.0, 0.0, 1.0]], [[0.8044590353965759,
        -0.4077443778514862, -0.431960791349411, -118.28237487075113], [-0.5940080881118774,
        -0.5522039532661438, -0.5850000381469727, -160.18855972257455], [2.8763800230535708e-09,
        0.7271968126296997, -0.686428964138031, -187.96252499003236], [0.0, 0.0, 0.0,
        1.0]], [[0.5889349579811096, -0.17476746439933777, 0.7890576124191284, 216.0649447350961],
      [0.8081804513931274, 0.1273559182882309, -0.5749999284744263, -157.4502937444109],
      [8.161083542290726e-08, 0.9763385057449341, 0.21624799072742462, 59.21444357675633],
      [0.0, 0.0, 0.0, 1.0]], [[0.6099340319633484, 0.2985275387763977, -0.7340720295906067,
        -201.00845888388304], [-0.7924521565437317, 0.22977054119110107, -0.5649999976158142,
        -154.71202776624725], [1.5545506215630667e-08, 0.9263296723365784, 0.37671372294425964,
        103.15422237246773], [0.0, 0.0, 0.0, 1.0]], [[0.8868468403816223, 0.3603973090648651,
        0.289165198802948, 79.18111507142193], [0.4620635509490967, -0.6917172074317932,
        -0.5549998879432678, -151.97376178808355], [3.50409585792022e-08, 0.6258125901222229,
        -0.7799736261367798, -213.57746233091018], [0.0, 0.0, 0.0, 1.0]], [[0.8650131821632385,
        -0.3896363377571106, 0.31612613797187805, 86.5637486127232], [0.5017491579055786,
        0.671731173992157, -0.5450000166893005, -149.23549580991988], [1.9053356226095275e-08,
        0.6300482153892517, 0.7765560150146484, 212.64169367310566], [0.0, 0.0, 0.0,
        1.0]], [[0.573880672454834, -0.29630500078201294, -0.7634554505348206, -209.05442506567144],
      [-0.8189389109611511, -0.20763902366161346, -0.5349999666213989, -146.49722983175621],
      [-4.742181758388142e-08, 0.9322495460510254, -0.3618156909942627, -99.07479338242103],
      [0.0, 0.0, 0.0, 1.0]], [[0.5423271656036377, 0.21067750453948975, 0.8133242130279541,
        222.7097834753996], [0.8401674032211304, -0.13599205017089844, -0.5249999761581421,
        -143.75896385359255], [-9.152709878890164e-08, 0.9680502414703369, -0.25075656175613403,
        -68.6638065342168], [0.0, 0.0, 0.0, 1.0]], [[0.765108585357666, 0.47619396448135376,
        -0.4334145188331604, -118.6804224233687], [-0.6439012289047241, 0.565832257270813,
        -0.5149999260902405, -141.02069787542888], [2.9321636674239926e-08, 0.6731070280075073,
        0.7395450472831726, 202.50710055655838], [0.0, 0.0, 0.0, 1.0]], [[0.9412350058555603,
        -0.2850230932235718, -0.18121394515037537, -49.62120197744617], [-0.3377523422241211,
        -0.7942909598350525, -0.5049999356269836, -138.2824318972652], [1.406117622337888e-08,
        0.5365290641784668, -0.8438816666603088, -231.07728364029634], [0.0, 0.0,
        0.0, 1.0]], [[0.5727991461753845, -0.4124605357646942, 0.7083625197410583,
        193.96847653502005], [0.819695770740509, 0.288225382566452, -0.4950000047683716,
        -135.54416591910154], [-1.1224454965486075e-07, 0.8641773462295532, 0.5031874179840088,
        137.7861200109239], [0.0, 0.0, 0.0, 1.0]], [[0.4878615736961365, 0.09440852701663971,
        -0.8678008317947388, -237.62691615430572], [-0.8729211091995239, 0.05276329442858696,
        -0.48500004410743713, -132.80589994093788], [-8.49808401426344e-09, 0.9941344261169434,
        0.10815230756998062, 29.614984915721465], [0.0, 0.0, 0.0, 1.0]], [[0.6399325132369995,
        0.5149301290512085, 0.570379912853241, 156.1851982330636], [0.7684310674667358,
        -0.42882245779037476, -0.47499990463256836, -130.0676339627742], [-4.9843549732031533e-08,
        0.7422655820846558, -0.6701057553291321, -183.4927794762254], [0.0, 0.0, 0.0,
        1.0]], [[0.9976015686988831, -0.06123838573694229, 0.032263580709695816, 8.834624892357112],
      [0.06921761482954025, 0.8826006650924683, -0.4650000035762787, -127.32936798461053],
      [-5.283128157174133e-09, 0.4661179482936859, 0.8847225904464722, 242.26057690705116],
      [0.0, 0.0, 0.0, 1.0]], [[0.5885263681411743, -0.512787938117981, -0.6250482797622681,
        -171.15480105798687], [-0.8084781169891357, -0.3732810318470001, -0.4549998939037323,
        -124.59110200644686], [-1.0690845897443069e-07, 0.7731172442436218, -0.6342635750770569,
        -173.67814211151136], [0.0, 0.0, 0.0, 1.0]], [[0.44546592235565186, -0.04094146564602852,
        0.8943623304367065, 244.90017105695236], [0.895298957824707, 0.020370731130242348,
        -0.445000022649765, -121.85283602828319], [4.715463575166723e-08, 0.9989539384841919,
        0.04572926089167595, 12.521910390435439], [0.0, 0.0, 0.0, 1.0]], [[0.5310180187225342,
        0.48599064350128174, -0.6941418647766113, -190.07452421691204], [-0.8473605513572693,
        0.3045572340488434, -0.43500009179115295, -119.11457005011953], [-2.7796659196610563e-08,
        0.8191813230514526, 0.5735346674919128, 157.0490373010161], [0.0, 0.0, 0.0,
        1.0]], [[0.9593167901039124, 0.25311335921287537, 0.1250797063112259, 34.25015384073663],
      [0.2823319137096405, -0.8600368499755859, -0.4249999523162842, -116.37630407195586],
      [3.313898488954692e-09, 0.44302359223365784, -0.8965097665786743, -245.4882654713333],
      [0.0, 0.0, 0.0, 1.0]], [[0.6267346143722534, -0.583926260471344, 0.5159784555435181,
        141.28864746327707], [0.7792327404022217, 0.46965017914772034, -0.41499999165534973,
        -113.63803809379222], [1.8338397467232426e-08, 0.662162184715271, 0.7493605017662048,
        205.19483440836882], [0.0, 0.0, 0.0, 1.0]], [[0.4137900471687317, -0.1866486817598343,
        -0.8910331726074219, -243.98854977644015], [-0.9103723764419556, -0.08483719825744629,
        -0.40499988198280334, -110.89977211562855], [-2.103865881508682e-08, 0.9787569046020508,
        -0.2050246149301529, -56.14119516342263], [0.0, 0.0, 0.0, 1.0]], [[0.4430318772792816,
        0.4059888422489166, 0.7993096113204956, 218.8722053548274], [0.8965058922767639,
        -0.2006300687789917, -0.39499980211257935, -108.16150613746487], [7.151738756761006e-09,
        0.891583263874054, -0.4528568983078003, -124.00424180194675], [0.0, 0.0, 0.0,
        1.0]], [[0.8039491772651672, 0.5220717191696167, -0.28479263186454773, -77.98377419583151],
      [-0.5946980118751526, 0.7057685256004333, -0.3850000500679016, -105.4232401593012],
      [5.166346284113388e-08, 0.47888609766960144, 0.8778770565986633, 240.3860999895255],
      [0.0, 0.0, 0.0, 1.0]], [[0.6980166435241699, -0.6039657592773438, -0.384705126285553,
        -105.34250918624375], [-0.716081440448761, -0.5887289643287659, -0.3750001788139343,
        -102.68497418113753], [1.6686426818068867e-07, 0.5372365713119507, -0.843431293964386,
        -230.95401600199887], [0.0, 0.0, 0.0, 1.0]], [[0.3918197751045227, -0.3345375061035156,
        0.8570658564567566, 234.6874410482771], [0.9200419783592224, 0.14247006177902222,
        -0.36500000953674316, -99.94670820297387], [5.583828510680178e-09, 0.9315508008003235,
        0.3636111617088318, 99.56639094236233], [0.0, 0.0, 0.0, 1.0]], [[0.3736664652824402,
        0.2895039916038513, -0.8812268376350403, -241.303356704001], [-0.9275631308555603,
        0.11662602424621582, -0.35499992966651917, -97.2084422248102], [3.118874047913778e-08,
        0.950045108795166, 0.3121125102043152, 85.4646972456678], [0.0, 0.0, 0.0,
        1.0]], [[0.6164110898971558, 0.6525396108627319, 0.4407147169113159, 120.67941183612652],
      [0.7874245047569275, -0.5108205676078796, -0.3449999690055847, -94.47017624664652],
      [-5.926281687607116e-09, 0.5596913695335388, -0.8287011384963989, -226.92040681811847],
      [0.0, 0.0, 0.0, 1.0]], [[0.8178362846374512, -0.5249593257904053, 0.23571480810642242,
        64.54495927095725], [0.5754508972167969, 0.7460772395133972, -0.33500000834465027,
        -91.73191026848285], [-5.9168783650420664e-08, 0.40961748361587524, 0.9122573733329773,
        249.80034135863738], [0.0, 0.0, 0.0, 1.0]], [[0.37923935055732727, -0.47685474157333374,
        -0.7929610013961792, -217.133798351449], [-0.9252986311912537, -0.1954420506954193,
        -0.32499998807907104, -88.99364429031918], [-7.758367814858502e-08, 0.8569784760475159,
        -0.5153524279594421, -141.11715190254765], [0.0, 0.0, 0.0, 1.0]], [[0.31891387701034546,
        0.148033007979393, 0.9361518025398254, 256.3432535760769], [0.9477837681770325,
        -0.04981093481183052, -0.3149999678134918, -86.25537831215551], [1.4761812394681328e-07,
        0.9877272844314575, -0.1561887115240097, -42.76858344561273], [0.0, 0.0, 0.0,
        1.0]], [[0.4611944556236267, 0.6655613780021667, -0.5867943167686462, -160.6799128204129],
      [-0.8872990012168884, 0.3459411859512329, -0.304999977350235, -83.51711233399185],
      [4.045050161494146e-08, 0.6613263487815857, 0.7500982284545898, 205.3968432939079],
      [0.0, 0.0, 0.0, 1.0]], [[0.9697588086128235, -0.23249869048595428, -0.07424450665712357,
        -20.330121170512825], [-0.2440653294324875, -0.9238003492355347, -0.2950000762939453,
        -80.77884635582818], [2.7834353488742636e-08, 0.3041994273662567, -0.9526083469390869,
        -260.84951567196754], [0.0, 0.0, 0.0, 1.0]], [[0.3768846094608307, -0.6060900092124939,
        0.7004376649856567, 191.79846137618816], [0.926260232925415, 0.24661104381084442,
        -0.2850000262260437, -78.04058037766454], [-1.018635842342519e-08, 0.7561996579170227,
        0.6543409824371338, 179.17595737076562], [0.0, 0.0, 0.0, 1.0]], [[0.27501192688941956,
        -0.009018569253385067, -0.9613986015319824, -263.256471102744], [-0.961440920829773,
        -0.002579802880063653, -0.2749999463558197, -75.30231439950086], [-6.986482503634761e-09,
        0.9999561309814453, -0.009380376897752285, -2.5685677517044594], [0.0, 0.0,
        0.0, 1.0]], [[0.34653592109680176, 0.6044449806213379, 0.7173275947570801,
        196.4234014316469], [0.9380365610122681, -0.22329799830913544, -0.2649998962879181,
        -72.56404842133719], [8.235458182070943e-08, 0.7647115588188171, -0.6443722248077393,
        -176.4463428876161], [0.0, 0.0, 0.0, 1.0]], [[0.9383646845817566, 0.3326393961906433,
        -0.09392926841974258, -25.720334486475707], [-0.34564676880836487, 0.9030522108078003,
        -0.2549999952316284, -69.82578244317352], [-7.865750717428455e-09, 0.271749347448349,
        0.9623680710792542, 263.52197284436966], [0.0, 0.0, 0.0, 1.0]], [[0.38778191804885864,
        -0.7144796848297119, -0.5823607444763184, -159.46584888988247], [-0.9217512011528015,
        -0.30058255791664124, -0.2449999749660492, -67.08751646500986], [6.256532714132845e-08,
        0.6317982077598572, -0.775132954120636, -212.25200551248622], [0.0, 0.0, 0.0,
        1.0]], [[0.23884156346321106, -0.1734643280506134, 0.9554396271705627, 261.6247721446858],
      [0.9710585474967957, 0.04266541451215744, -0.2349999099969864, -64.34925048684619],
      [-1.2456563069918047e-07, 0.9839155673980713, 0.17863430082798004, 48.914805874179486],
      [0.0, 0.0, 0.0, 1.0]], [[0.2624707818031311, 0.49686673283576965, -0.8271834850311279,
        -226.50484881991935], [-0.9649399518966675, 0.13515129685401917, -0.22500009834766388,
        -61.61098450868251], [-1.245320930820526e-07, 0.8572383522987366, 0.5149198174476624,
        140.9987436845543], [0.0, 0.0, 0.0, 1.0]], [[0.6333172917366028, 0.7279325723648071,
        0.2627227008342743, 71.94047481722073], [0.7738921642303467, -0.5957056879997253,
        -0.21500004827976227, -58.872718530518846], [-7.311194849535241e-08, 0.33948230743408203,
        -0.9406120181083679, -257.56470404072337], [0.0, 0.0, 0.0, 1.0]], [[0.4202624261379242,
        -0.7921268343925476, 0.4426223635673523, 121.2017716855027], [0.9074026346206665,
        0.3668725788593292, -0.20500001311302185, -56.13445255235517], [-3.906826862021262e-09,
        0.4877904951572418, 0.8729607462882996, 239.03986999793347], [0.0, 0.0, 0.0,
        1.0]], [[0.20779049396514893, -0.33788639307022095, -0.9179628491401672, -251.36266801110474],
      [-0.9781732559204102, -0.0717761442065239, -0.1950000524520874, -53.3961865741915],
      [-5.682853299049384e-08, 0.9384459257125854, -0.3454257845878601, -94.58679644305306],
      [0.0, 0.0, 0.0, 1.0]], [[0.1988009363412857, 0.35878247022628784, 0.9120050668716431,
        249.73125998016252], [0.9800398945808411, -0.0727788507938385, -0.18500010669231415,
        -50.657920596027836], [-8.784237337522427e-08, 0.9305795431137085, -0.3660896122455597,
        -100.24509235515367], [0.0, 0.0, 0.0, 1.0]], [[0.37999606132507324, 0.8210596442222595,
        -0.4259858727455139, -116.64627008479638], [-0.9249880909919739, 0.3373010754585266,
        -0.17499998211860657, -47.91965461786416], [4.949691145839097e-08, 0.46053117513656616,
        0.8876435160636902, 243.06040411448265], [0.0, 0.0, 0.0, 1.0]], [[0.4997406303882599,
        -0.8176009654998779, -0.285986065864563, -78.31058823092505], [-0.8661751747131348,
        -0.4717159569263458, -0.16499987244606018, -45.181388639700494], [-1.0696136598653538e-07,
        0.3301711678504944, -0.9439213275909424, -258.4706938188566], [0.0, 0.0, 0.0,
        1.0]], [[0.17941899597644806, -0.49549052119255066, 0.8498810529708862, 232.72006693159264],
      [0.9837726950645447, 0.0903669148683548, -0.15499994158744812, -42.443122661536854],
      [-5.1893607633246575e-08, 0.8638997673988342, 0.5036636590957642, 137.91648725869962],
      [0.0, 0.0, 0.0, 1.0]], [[0.14808374643325806, 0.20077359676361084, -0.9683806300163269,
        -265.1683899008343], [-0.9889747500419617, 0.03006293624639511, -0.14499999582767487,
        -39.70485668337319], [1.2434770724212285e-07, 0.9791762232780457, 0.20301192998886108,
        55.59006228489225], [0.0, 0.0, 0.0, 1.0]], [[0.22753749787807465, 0.7838600277900696,
        0.5777456760406494, 158.20212614468628], [0.9737693071365356, -0.18316194415092468,
        -0.13499993085861206, -36.96659070520951], [-5.321439289218688e-09, 0.5933085680007935,
        -0.8049750328063965, -220.42360156439818], [0.0, 0.0, 0.0, 1.0]], [[0.7274736166000366,
        -0.6759307980537415, 0.11789672821760178, 32.28334191624779], [0.6861356496810913,
        0.7166539430618286, -0.1249999850988388, -34.228324727045845], [1.8570442250620545e-07,
        0.17182734608650208, 0.9851270914077759, 269.7539866114768], [0.0, 0.0, 0.0,
        1.0]], [[0.1509145349264145, -0.6401351094245911, -0.7532939314842224, -206.27192783454532],
      [-0.9885467886924744, -0.09772486239671707, -0.11500006169080734, -31.490058748882173],
      [-1.1771554397910222e-08, 0.7620214819908142, -0.6475515961647034, -177.31687358821313],
      [0.0, 0.0, 0.0, 1.0]], [[0.10505174100399017, 0.03121957555413246, 0.9939765930175781,
        272.17722824838603], [0.9944667816162109, -0.003297789953649044, -0.10499997437000275,
        -28.751792770718506], [-1.314171811372944e-07, 0.9995071291923523, -0.03139327093958855,
        -8.596307764494377], [0.0, 0.0, 0.0, 1.0]], [[0.13217459619045258, 0.6891718506813049,
        -0.7124407887458801, -195.0852563336344], [-0.9912263751029968, 0.0918973982334137,
        -0.09499992430210114, -26.013526792554835], [1.0775023895348568e-07, 0.7187467217445374,
        0.6952719688415527, 190.3839406482056], [0.0, 0.0, 0.0, 1.0]], [[0.8362663984298706,
        0.5454835891723633, 0.05573283135890961, 15.261133756066261], [0.548323392868042,
        -0.8319351673126221, -0.08500013500452042, -23.275260814391164], [-7.446059413496187e-08,
        0.10164237022399902, -0.9948208332061768, -272.40845380088297], [0.0, 0.0,
        0.0, 1.0]], [[0.11795369535684586, -0.7664302587509155, 0.631404459476471,
        172.89533623982973], [0.9930191040039062, 0.0910387709736824, -0.07500011473894119,
        -20.536994836227496], [6.488239989721478e-08, 0.6358432173728943, 0.771818220615387,
        211.34436406324926], [0.0, 0.0, 0.0, 1.0]], [[0.0656721368432045, -0.1423993855714798,
        -0.9876282215118408, -270.43888408316934], [-0.9978412389755249, -0.009371894411742687,
        -0.06499995291233063, -17.798728858063825], [-1.693497608812322e-08, 0.9897648692131042,
        -0.1427074372768402, -39.07711476777022], [0.0, 0.0, 0.0, 1.0]], [[0.06650781631469727,
        0.560998797416687, 0.8251405358314514, 225.94544784451554], [0.9977858662605286,
        -0.03739343211054802, -0.05500010401010513, -15.060462879900156], [-1.1668731048075642e-07,
        0.8269715309143066, -0.562243640422821, -153.95727565747168], [0.0, 0.0, 0.0,
        1.0]], [[0.193015918135643, 0.9541565775871277, -0.22875747084617615, -62.63988730741323],
      [-0.9811955690383911, 0.1876969337463379, -0.045000024139881134, -12.322196901736486],
      [-6.82414658115249e-09, 0.23314154148101807, 0.9724428057670593, 266.28070462073606],
      [0.0, 0.0, 0.0, 1.0]], [[0.07148007303476334, -0.8696916103363037, -0.48839271068573,
        -133.7348983927932], [-0.9974421858787537, -0.062325358390808105, -0.034999947994947433,
        -9.583930923572847], [-7.319659545146351e-09, 0.48964521288871765, -0.8719221353530884,
        -238.75537877000326], [0.0, 0.0, 0.0, 1.0]], [[0.026323655620217323, -0.31300896406173706,
        0.9493853449821472, 259.96694362372267], [0.9996535181999207, 0.0082422886043787,
        -0.02500002086162567, -6.845664945409176], [8.242547266945621e-08, 0.9497144222259521,
        0.31311744451522827, 85.73990183153734], [0.0, 0.0, 0.0, 1.0]], [[0.016449980437755585,
        0.410444051027298, -0.9117373824119568, -249.65795289953618], [-0.9998646378517151,
        0.006752683315426111, -0.01500009000301361, -4.107398967245506], [-4.457523772316563e-08,
        0.9118607640266418, 0.41049960255622864, 112.40570047565696], [0.0, 0.0, 0.0,
        1.0]], [[0.012656095437705517, 0.9185777306556702, 0.39503782987594604, 108.17186293955815],
      [0.9999199509620667, -0.011626603081822395, -0.0050001260824501514, -1.3691329890818362],
      [-7.609357055571309e-08, 0.3950694799423218, -0.9186513423919678, -251.5511463196499],
      [0.0, 0.0, 0.0, 1.0]], [[-0.015184374526143074, -0.9441202878952026, 0.3292514383792877,
        90.15779263389962], [0.9998847842216492, -0.014337489381432533, 0.005000147968530655,
        1.3691329890818338], [-1.3132572007634735e-07, 0.32928940653800964, 0.9442290663719177,
        258.55503006889506], [0.0, 0.0, 0.0, 1.0]], [[-0.01703304797410965, -0.47372275590896606,
        -0.8805091977119446, -241.10684884345812], [-0.9998548626899719, 0.008070305921137333,
        0.014999930746853352, 4.107398967245504], [1.1681671452379305e-07, 0.880636990070343,
        -0.4737914502620697, -129.73674262208056], [0.0, 0.0, 0.0, 1.0]], [[-0.02578846551477909,
        0.24528563022613525, 0.9691079258918762, 265.36749570112585], [0.9996675252914429,
        0.006327512674033642, 0.02499999664723873, 6.845664945409174], [-1.8478409913313953e-08,
        0.9694303274154663, -0.2453673630952835, -67.1880552513201], [0.0, 0.0, 0.0,
        1.0]], [[-0.06365977227687836, 0.8336038589477539, -0.5486820340156555, -150.24373174473138],
      [-0.9979716539382935, -0.05317489057779312, 0.03499996289610863, 9.583930923572844],
      [-1.233104995890244e-08, 0.5497971773147583, 0.8352981805801392, 228.72685677715165],
      [0.0, 0.0, 0.0, 1.0]], [[-0.2713887691497803, -0.949146568775177, -0.15959082543849945,
        -43.70020783168503], [-0.9624699950218201, 0.2676316797733307, 0.044999971985816956,
        12.322196901736513], [1.318571918318412e-08, 0.16581383347511292, -0.9861573576927185,
        -270.03603642971177], [0.0, 0.0, 0.0, 1.0]], [[-0.07003217935562134, -0.6175291538238525,
        0.7834240198135376, 214.5223352773466], [0.9975447058677673, -0.043353281915187836,
        0.055000003427267075, 15.060462879900182], [-8.612369839511302e-08, 0.7853522300720215,
        0.6190491318702698, 169.51211106196251], [0.0, 0.0, 0.0, 1.0]], [[-0.06517212837934494,
        0.07252943515777588, -0.995234489440918, -272.5217221025854], [-0.997873842716217,
        -0.004736791364848614, 0.06499993056058884, 17.798728858063853], [8.583064925460349e-09,
        0.9973548650741577, 0.0726841390132904, 19.902811483924033], [0.0, 0.0, 0.0,
        1.0]], [[-0.1089521124958992, 0.7210376858711243, 0.6842760443687439, 187.37302381597388],
      [0.9940468072891235, 0.07902932167053223, 0.07499991357326508, 20.536994836227525],
      [-3.910631818371257e-09, 0.6883739829063416, -0.7253555655479431, -198.62171950932637],
      [0.0, 0.0, 0.0, 1.0]], [[-0.9856030941009521, 0.16844616830348969, -0.014581567607820034,
        -3.99277642321225], [-0.1690761297941208, -0.9819309711456299, 0.08500044792890549,
        23.275260814391196], [-9.081079355155453e-08, 0.08624209463596344, 0.9962742328643799,
        272.80638856548535], [0.0, 0.0, 0.0, 1.0]], [[-0.14212873578071594, -0.7362449765205383,
        -0.6616209149360657, -181.1694558045042], [-0.9898478984832764, 0.10571528971195221,
        0.09499984234571457, 26.013526792554867], [1.4335162745737762e-07, 0.6684064865112305,
        -0.74379563331604, -203.67113290547363], [0.0, 0.0, 0.0, 1.0]], [[-0.10554435849189758,
        -0.10086439549922943, 0.9892860054969788, 270.89281750572286], [0.9944146275520325,
        -0.010705443099141121, 0.10499999672174454, 28.751792770718534], [-4.372254380768936e-08,
        0.9948425889015198, 0.10143090039491653, 27.774475836045166], [0.0, 0.0, 0.0,
        1.0]], [[-0.14279510080814362, 0.5867257714271545, -0.7970961928367615, -218.26614669914892],
      [-0.9897522330284119, -0.08464904874563217, 0.1149999126791954, 31.490058748882205],
      [-3.397738623789337e-08, 0.8053492307662964, 0.5928006768226624, 162.32458555863872],
      [0.0, 0.0, 0.0, 1.0]], [[-0.5555309057235718, 0.8101736307144165, 0.18709494173526764,
        51.23156595134564], [0.8314961194992065, 0.5412847995758057, 0.12500017881393433,
        34.22832472704587], [1.776332965164329e-07, 0.22501012682914734, -0.9743567109107971,
        -266.8047115555479], [0.0, 0.0, 0.0, 1.0]], [[-0.25150129199028015, -0.8166046142578125,
        0.5195229053497314, 142.2591853758592], [0.9678570032119751, -0.21219773590564728,
        0.1350000649690628, 36.96659070520955], [-8.869174905612454e-08, 0.5367765426635742,
        0.8437244296073914, 231.0341988094332], [0.0, 0.0, 0.0, 1.0]], [[-0.15062904357910156,
        -0.2677265405654907, -0.9516477584838867, -260.5864647902929], [-0.98859041929245,
        0.040792692452669144, 0.1450001746416092, 39.704856683373215], [-7.961015313640019e-08,
        0.9626310467720032, -0.27081647515296936, -74.15675556236604], [0.0, 0.0,
        0.0, 1.0]], [[-0.17283903062343597, 0.4357987344264984, 0.8832927942276001,
        241.86906852214466], [0.984950065612793, 0.07647399604320526, 0.15500019490718842,
        42.44312266153688], [-4.2958681945037824e-08, 0.8967893719673157, -0.4424577057361603,
        -121.15667832461442], [0.0, 0.0, 0.0, 1.0]], [[-0.42457371950149536, 0.8342258930206299,
        -0.351858526468277, -96.34822197327766], [-0.9053934216499329, -0.39120054244995117,
        0.16499993205070496, 45.181388639700494], [-2.097778839527109e-08, 0.38862499594688416,
        0.921396017074585, 252.30273069244146], [0.0, 0.0, 0.0, 1.0]], [[-0.4349342882633209,
        -0.824356734752655, -0.36230969429016113, -99.21003239326491], [-0.90046226978302,
        0.39817434549331665, 0.17499980330467224, 47.91965461786416], [1.7715200328893843e-07,
        0.40235960483551025, -0.9154818058013916, -250.6832300843401], [0.0, 0.0,
        0.0, 1.0]], [[-0.2048586905002594, -0.4204018712043762, 0.8839091658592224,
        242.0377915708058], [0.9787917137145996, -0.08798924833536148, 0.18499986827373505,
        50.657920596027836], [1.2104329982776107e-07, 0.9030616879463196, 0.42951104044914246,
        117.61159893522395], [0.0, 0.0, 0.0, 1.0]], [[-0.20311309397220612, 0.27397897839546204,
        -0.9400426149368286, -257.40872067274074], [-0.9791550636291504, -0.056833215057849884,
        0.19499991834163666, 53.3961865741915], [6.361318583003595e-08, 0.9600547552108765,
        0.2798117399215698, 76.61986330347595], [0.0, 0.0, 0.0, 1.0]], [[-0.37735000252723694,
        0.7774946093559265, 0.5030990242958069, 137.76189453780395], [0.9260704517364502,
        0.3168095648288727, 0.20499995350837708, 56.13445255235517], [-1.339579824843895e-07,
        0.5432620048522949, -0.8395628333091736, -229.89473530659336], [0.0, 0.0,
        0.0, 1.0]], [[-0.739490807056427, -0.6440869569778442, 0.19571658968925476,
        53.59245974905856], [0.6731663942337036, -0.7075462341308594, 0.21499992907047272,
        58.872718530518846], [-8.432913034539524e-08, 0.29074034094810486, 0.9568020105361938,
        261.9978185835869], [0.0, 0.0, 0.0, 1.0]], [[-0.27430248260498047, -0.5500478744506836,
        -0.7888002395629883, -215.99444712749153], [-0.961643636226654, 0.15689726173877716,
        0.22500000894069672, 61.61098450868251], [-8.492813208249572e-08, 0.820262610912323,
        -0.5719873905181885, -156.62532065297242], [0.0, 0.0, 0.0, 1.0]], [[-0.23645593225955963,
        0.10764996707439423, 0.965660572052002, 264.4235249869291], [0.9716423749923706,
        0.02619740180671215, 0.2350001037120819, 64.34925048684619], [-1.4420497507217078e-07,
        0.9938437342643738, -0.11079191416501999, -30.33774986636743], [0.0, 0.0,
        0.0, 1.0]], [[-0.3596731722354889, 0.6831268668174744, -0.6355884671211243,
        -174.04101636693355], [-0.9330782294273376, -0.263324499130249, 0.24500004947185516,
        67.08751646500986], [6.972064170440717e-08, 0.6811737418174744, 0.7321217656135559,
        200.4744258707531], [0.0, 0.0, 0.0, 1.0]], [[-0.9949168562889099, -0.097334124147892,
        -0.025809140875935555, -7.067228304121376], [-0.10069777816534042, 0.9616833925247192,
        0.25499996542930603, 69.82578244317352], [2.1014797013663156e-08, 0.25630274415016174,
        -0.9665963649749756, -264.6798444573789], [0.0, 0.0, 0.0, 1.0]], [[-0.3677576780319214,
        -0.6447782516479492, 0.6700862646102905, 183.48743586977398], [0.9299218058586121,
        -0.2549915015697479, 0.26500001549720764, 72.56404842133719], [5.949836179297563e-10,
        0.7205834984779358, 0.6933681964874268, 189.8626488447048], [0.0, 0.0, 0.0,
        1.0]], [[-0.2754707932472229, -0.05619896575808525, -0.9596649408340454, -262.78186141356065],
      [-0.9613090753555298, 0.01610468327999115, 0.2749999165534973, 75.30231439950086],
      [1.252199126611231e-07, 0.9982894062995911, -0.05846061557531357, -16.008136362150857],
      [0.0, 0.0, 0.0, 1.0]], [[-0.35736083984375, 0.5634634494781494, 0.7448505163192749,
        203.95987624230645], [0.9339664578437805, 0.2155963033437729, 0.28499990701675415,
        78.04058037766454], [-1.903086399579479e-08, 0.7975131869316101, -0.6033016443252563,
        -165.2000071707825], [0.0, 0.0, 0.0, 1.0]], [[-0.9019314646720886, 0.408125102519989,
        -0.14125707745552063, -38.679993936181035], [-0.4318792223930359, -0.8523235321044922,
        0.2949998676776886, 80.77884635582821], [1.1770021757229188e-07, 0.32707566022872925,
        0.9449981451034546, 258.76561155262647], [0.0, 0.0, 0.0, 1.0]], [[-0.4970722794532776,
        -0.6851627230644226, -0.5324201583862305, -145.7907982423589], [-0.8677091598510742,
        0.39249950647354126, 0.3049999475479126, 83.51711233399188], [5.527667568117067e-08,
        0.613592803478241, -0.7896226048469543, -216.2196586042385], [0.0, 0.0, 0.0,
