{cam2Pos: [[[0.9950000047683716, 5.261766133912715e-09, 0.09987491369247437, 18.978295691857536],
      [0.09987491369247437, 1.3823611766383692e-07, -0.994999885559082, -189.07052819049935],
      [-5.261766133912715e-09, 0.9999998807907104, 1.3770929285783495e-07, 0.0], [
        0.0, 0.0, 0.0, 1.0]], [[0.9917600154876709, 0.01493228878825903, -0.12723621726036072,
        -24.177502969308474], [-0.12810944020748138, 0.11559827625751495, -0.9850000143051147,
        -187.170321877027], [-1.817690886696255e-08, 0.9931837916374207, 0.11655872315168381,
        22.148573232178613], [0.0, 0.0, 0.0, 1.0]], [[0.9998015761375427, 0.004409502726048231,
        0.01942642405629158, 3.691420775441849], [0.019920583814382553, -0.22131036221981049,
        -0.9750001430511475, -185.27011556355464], [1.8995471862126578e-10, 0.9751936197280884,
        -0.22135429084300995, -42.06183578171234], [0.0, 0.0, 0.0, 1.0]], [[0.9866037368774414,
        -0.03395194932818413, 0.15956303477287292, 30.320265570040725], [0.16313521564006805,
        0.20533354580402374, -0.9650000929832458, -183.3699092500823], [-2.418557443206737e-08,
        0.9781030416488647, 0.20812159776687622, 39.54741729848842], [0.0, 0.0, 0.0,
        1.0]], [[0.956277072429657, -0.015109546482563019, -0.29207170009613037, -55.499654551777134],
      [-0.2924622595310211, -0.049404326826334, -0.9549998641014099, -181.46970293660993],
      [-3.533790504661738e-08, 0.998664379119873, -0.05166319012641907, -9.81710743212782],
      [0.0, 0.0, 0.0, 1.0]], [[0.9599065184593201, 0.049209583550691605, 0.2759672999382019,
        52.43948470540927], [0.280320405960083, -0.168509379029274, -0.9449999928474426,
        -179.56949662313758], [3.0610038947997964e-08, 0.9844709038734436, -0.17554768919944763,
        -33.357707714201844], [0.0, 0.0, 0.0, 1.0]], [[0.9951869249343872, 0.033562012016773224,
        -0.09206808358430862, -17.494833338477356], [-0.0979945957660675, 0.34084001183509827,
        -0.9350000619888306, -177.66929030966523], [1.3526086917181601e-09, 0.9395220875740051,
        0.3424884080886841, 65.07990799717525], [0.0, 0.0, 0.0, 1.0]], [[0.9825451374053955,
        -0.0627276673913002, -0.1751295030117035, -33.27821954838403], [-0.186024472117424,
        -0.3313152492046356, -0.925000011920929, -175.76908399619285], [1.4893423383455229e-08,
        0.9414326548576355, -0.3372010588645935, -64.07518671397567], [0.0, 0.0, 0.0,
        1.0]], [[0.9238911867141724, -0.05295953527092934, 0.37897276878356934, 72.01264745471065],
      [0.3826552927494049, 0.1278669834136963, -0.9149998426437378, -173.86887768272052],
      [-7.846389848964463e-08, 0.9903762340545654, 0.13840043544769287, 26.298903351978705],
      [0.0, 0.0, 0.0, 1.0]], [[0.9171630144119263, 0.0646858736872673, -0.39322730898857117,
        -74.72129791505327], [-0.39851221442222595, 0.14887240529060364, -0.9050001502037048,
        -171.96867136924817], [1.8727966732967616e-08, 0.9867385625839233, 0.1623183637857437,
        30.84386556492844], [0.0, 0.0, 0.0, 1.0]], [[0.9784079790115356, 0.08350347727537155,
        0.18906337022781372, 35.92593644174898], [0.20668283104896545, -0.39529404044151306,
        -0.8950001001358032, -170.06846505577582], [-1.68730149852081e-08, 0.914751410484314,
        -0.4040175974369049, -76.7716394377362], [0.0, 0.0, 0.0, 1.0]], [[0.9878304600715637,
        -0.06909627467393875, 0.13934385776519775, 26.478212126059255], [0.15553458034992218,
        0.43884390592575073, -0.8849999904632568, -168.16825874230346], [-1.7233876548061744e-09,
        0.8959027528762817, 0.444250226020813, 84.41671263316925], [0.0, 0.0, 0.0,
        1.0]], [[0.9019775390625, -0.10481221973896027, -0.4188686013221741, -79.5936712232812],
      [-0.43178293108940125, -0.21894867718219757, -0.875, -166.26805242883108], [
        -3.380895208238144e-08, 0.9700906276702881, -0.24274292588233948, -46.12615939275332],
      [0.0, 0.0, 0.0, 1.0]], [[0.8700645565986633, 0.05310919135808945, 0.4900684654712677,
        93.12311058101093], [0.4929378032684326, -0.0937410369515419, -0.8650000095367432,
        -164.36784611535873], [4.556390109655695e-08, 0.9941791296005249, -0.10774029046297073,
        -20.47285463037694], [0.0, 0.0, 0.0, 1.0]], [[0.9441924691200256, 0.13975216448307037,
        -0.29827815294265747, -56.67901648988185], [-0.3293941915035248, 0.4005928337574005,
        -0.854999840259552, -162.46763980188638], [-1.4827330474531664e-08, 0.9055355191230774,
        0.42427030205726624, 80.62006849752859], [0.0, 0.0, 0.0, 1.0]], [[0.9967091083526611,
        -0.04298953339457512, -0.0687231793999672, -13.058823309926996], [-0.08106155693531036,
        -0.528586745262146, -0.8450000882148743, -160.56743348841403], [-3.458040964687825e-09,
        0.8477900624275208, -0.5303320288658142, -100.77403819588575], [0.0, 0.0,
        0.0, 1.0]], [[0.8930333256721497, -0.15956974029541016, 0.4207480549812317,
        79.95081320091222], [0.44999048113822937, 0.31667590141296387, -0.8349999189376831,
        -158.66722717494167], [-1.7515777273047206e-08, 0.9350153803825378, 0.3546070158481598,
        67.38263000751962], [0.0, 0.0, 0.0, 1.0]], [[0.8252249956130981, 0.01318813394755125,
        -0.5646501183509827, -107.29517513248047], [-0.5648041367530823, 0.019268956035375595,
        -0.8250000476837158, -156.76702086146932], [1.5254784102580743e-08, 0.9997273683547974,
        0.023349935188889503, 4.4369923497775865], [0.0, 0.0, 0.0, 1.0]], [[0.8930030465126038,
        0.18395371735095978, 0.410739004611969, 78.04887846322431], [0.45005056262016296,
        -0.3650062084197998, -0.8149999976158142, -154.86681454799697], [4.787420238017148e-09,
        0.9126508235931396, -0.4087401330471039, -77.66905857541435], [0.0, 0.0, 0.0,
        1.0]], [[0.9994210600852966, 0.020163320004940033, -0.02740422636270523, -5.2073674343100755],
      [-0.03402280434966087, 0.5922983288764954, -0.8050001263618469, -152.9666082345246],
      [3.5970797451767567e-09, 0.8054664731025696, 0.5926414132118225, 112.6141217931017],
      [0.0, 0.0, 0.0, 1.0]], [[0.8983872532844543, -0.20455710589885712, -0.388660192489624,
        -73.85345827926271], [-0.43920424580574036, -0.4184191823005676, -0.794999897480011,
        -151.06640192105226], [-1.9227661240961424e-08, 0.8849189877510071, -0.46574482321739197,
        -88.5011256901419], [0.0, 0.0, 0.0, 1.0]], [[0.7876921892166138, -0.05089210718870163,
        0.6139633655548096, 116.66569421822966], [0.6160690188407898, 0.06506960839033127,
        -0.7849999666213989, -149.1661956075799], [-4.699594668977625e-08, 0.9965821504592896,
        0.08260787278413773, 15.697204150476571], [0.0, 0.0, 0.0, 1.0]], [[0.8310174942016602,
        0.20076777040958405, -0.5187506675720215, -98.57332540487056], [-0.5562463402748108,
        0.2999417185783386, -0.7750000953674316, -147.26598929410756], [-1.2268266402770678e-08,
        0.9325917363166809, 0.3609331250190735, 68.58475233938877], [0.0, 0.0, 0.0,
        1.0]], [[0.9833542108535767, 0.11416640132665634, 0.14135268330574036, 26.85991930634799],
      [0.18169906735420227, -0.6178683042526245, -0.76500004529953, -145.36578298063517],
      [9.75520464407964e-09, 0.7779496312141418, -0.6283273100852966, -119.39503428068245],
      [0.0, 0.0, 0.0, 1.0]], [[0.9180663228034973, -0.22554214298725128, 0.32601380348205566,
        61.949352805976545], [0.39642685651779175, 0.522322416305542, -0.7550000548362732,
        -143.46557666716282], [-2.411611710328998e-08, 0.8223807215690613, 0.5689375996589661,
        108.10988084389447], [0.0, 0.0, 0.0, 1.0]], [[0.7608004212379456, -0.13157813251018524,
        -0.6355075836181641, -120.75953588137374], [-0.6489858627319336, -0.15424808859825134,
        -0.744999885559082, -141.56537035369047], [-1.5550556042853714e-07, 0.9792316555976868,
        -0.20274434983730316, -38.525585627471735], [0.0, 0.0, 0.0, 1.0]], [[0.7666578888893127,
        0.18259848654270172, 0.6155432462692261, 116.96592774965858], [0.6420558094978333,
        -0.21803471446037292, -0.73499995470047, -139.66516404021812], [-3.919811319974542e-08,
        0.9587066173553467, -0.2843964397907257, -54.0412253458654], [0.0, 0.0, 0.0,
        1.0]], [[0.9388487935066223, 0.21877078711986542, -0.26589909195899963, -50.52632102442342],
      [-0.34432974457740784, 0.5964998602867126, -0.7249999046325684, -137.76495772674576],
      [-4.0212711382991984e-08, 0.7722222805023193, 0.6353524327278137, 120.73006106138958],
      [0.0, 0.0, 0.0, 1.0]], [[0.9493634700775146, -0.20668786764144897, -0.23662032186985016,
        -44.962732062191165], [-0.3141799569129944, -0.6245530843734741, -0.7149999737739563,
        -135.8647514132734], [-9.085345453740956e-08, 0.7531362175941467, -0.657865047454834,
        -125.00784929961407], [0.0, 0.0, 0.0, 1.0]], [[0.746821939945221, -0.2194213718175888,
        0.6277828216552734, 119.29168674136805], [0.6650241017341614, 0.24641023576259613,
        -0.7049999833106995, -133.96454509980106], [-4.723034408016247e-08, 0.9440001249313354,
        0.32994505763053894, 62.69636726481589], [0.0, 0.0, 0.0, 1.0]], [[0.70697420835495,
        0.12961474061012268, -0.6952607035636902, -132.1139052610292], [-0.7072393298149109,
        0.1295662224292755, -0.6950000524520874, -132.06433878632868], [1.4184578844833595e-08,
        0.9830628037452698, 0.18326863646507263, 34.824801438222096], [0.0, 0.0, 0.0,
        1.0]], [[0.8668250441551208, 0.3055482804775238, 0.3940235376358032, 74.87261028798716],
      [0.4986123740673065, -0.5311876535415649, -0.6849998831748962, -130.16413247285632],
      [-4.77486956640405e-08, 0.7902401089668274, -0.6127969026565552, -116.44411184707408],
      [0.0, 0.0, 0.0, 1.0]], [[0.9832901358604431, -0.13237552344799042, 0.12496878951787949,
        23.746639406042014], [0.18204526603221893, 0.7150065898895264, -0.6750000715255737,
        -128.26392615938397], [-2.0611480522347847e-08, 0.6864709258079529, 0.7271572947502136,
        138.1748989531076], [0.0, 0.0, 0.0, 1.0]], [[0.7477661967277527, -0.3036261200904846,
        -0.5904717445373535, -112.20179879482052], [-0.6639621257781982, -0.34194937348365784,
        -0.6650000214576721, -126.36371984591162], [-2.588711467410576e-08, 0.8893154263496399,
        -0.45729443430900574, -86.89537957516828], [0.0, 0.0, 0.0, 1.0]], [[0.6562783718109131,
        0.04707341268658638, 0.7530490159988403, 143.0948301115952], [0.7545188665390015,
        -0.04094443842768669, -0.6549999713897705, -124.46351353243926], [4.5592752684342486e-08,
        0.9980520009994507, -0.062388744205236435, -11.85511417473547], [0.0, 0.0,
        0.0, 1.0]], [[0.7791330218315125, 0.35164231061935425, -0.5189406871795654,
        -98.60942045826106], [-0.6268585920333862, 0.4370621144771576, -0.6449999809265137,
        -122.5633072189669], [1.7501157856258942e-08, 0.827843189239502, 0.5609595775604248,
        106.59389409359721], [0.0, 0.0, 0.0, 1.0]], [[0.9999824166297913, 0.004584485199302435,
        0.0037685276474803686, 0.7160981288470663], [0.005934585351496935, -0.7724889516830444,
        -0.6349999308586121, -120.66310090549457], [-1.1574105007738922e-09, 0.6350111365318298,
        -0.772502601146698, -146.79149710028267], [0.0, 0.0, 0.0, 1.0]], [[0.76601243019104,
        -0.3716650605201721, 0.5244902968406677, 99.66395710245405], [0.6428257822990417,
        0.4428882896900177, -0.6250000596046448, -118.7628945920222], [-4.127148400812075e-09,
        0.8159136772155762, 0.578173816204071, 109.86496648343554], [0.0, 0.0, 0.0,
        1.0]], [[0.6166349053382874, -0.05728697404265404, -0.785162091255188, -149.19702203658863],
      [-0.7872492074966431, -0.044871579855680466, -0.6149999499320984, -116.86268827854985],
      [-8.059597433884846e-08, 0.9973487257957458, -0.07276845723390579, -13.82754646805317],
      [0.0, 0.0, 0.0, 1.0]], [[0.6902298927307129, 0.34831181168556213, 0.6342408657073975,
        120.5188593506546], [0.723590075969696, -0.33225324749946594, -0.6050000786781311,
        -114.9624819650775], [-5.205471254043914e-08, 0.8765195608139038, -0.4813661277294159,
        -91.46951742984304], [0.0, 0.0, 0.0, 1.0]], [[0.9719952940940857, 0.18582576513290405,
        -0.14385370910167694, -27.335171947946076], [-0.23500022292137146, 0.7686025500297546,
        -0.5949999690055847, -113.06227565160513], [-1.0403753414323091e-09, 0.6121428608894348,
        0.7907471656799316, 150.25827942798583], [0.0, 0.0, 0.0, 1.0]], [[0.8044591546058655,
        -0.40774425864219666, -0.43196073174476624, -82.08147685223553], [-0.5940079689025879,
        -0.5522037744522095, -0.5850000381469727, -111.16206933813278], [-1.4202599096790891e-08,
        0.7271967530250549, -0.6864286661148071, -130.43567700526597], [0.0, 0.0,
        0.0, 1.0]], [[0.5889350175857544, -0.17476728558540344, 0.7890576720237732,
        149.9372140543556], [0.8081804513931274, 0.12735587358474731, -0.574999988079071,
        -109.26186302466044], [-2.561944967283125e-08, 0.9763386249542236, 0.2162477821111679,
        41.091574167956736], [0.0, 0.0, 0.0, 1.0]], [[0.6099340319633484, 0.2985275983810425,
        -0.7340720295906067, -139.4888391699081], [-0.7924521565437317, 0.22977054119110107,
        -0.565000057220459, -107.36165671118809], [2.275074351132389e-08, 0.9263297319412231,
        0.37671372294425964, 71.58336924776947], [0.0, 0.0, 0.0, 1.0]], [[0.8868467807769775,
        0.3603973984718323, 0.2891652584075928, 54.94734841916219], [0.46206367015838623,
        -0.6917172074317932, -0.5549998879432678, -105.46145039771574], [1.029028773302798e-08,
        0.6258125901222229, -0.7799736857414246, -148.211037778282], [0.0, 0.0, 0.0,
        1.0]], [[0.8650131821632385, -0.38963639736175537, 0.31612610816955566, 60.0704909396858],
      [0.5017491579055786, 0.671731173992157, -0.5449999570846558, -103.56124408424337],
      [6.832593157923839e-08, 0.6300481557846069, 0.7765560746192932, 147.5616656845228],
      [0.0, 0.0, 0.0, 1.0]], [[0.5738805532455444, -0.2963051199913025, -0.7634556293487549,
        -145.07229813939523], [-0.8189390301704407, -0.20763923227787018, -0.5349999666213989,
        -101.66103777077102], [-6.239913119543417e-08, 0.9322496652603149, -0.3618159592151642,
        -68.75246940675135], [0.0, 0.0, 0.0, 1.0]], [[0.5423271656036377, 0.21067754924297333,
        0.8133242726325989, 154.5483674729866], [0.8401674628257751, -0.13599221408367157,
        -0.5250000357627869, -99.76083145729866], [-5.6623591149218555e-08, 0.9680503010749817,
        -0.25075674057006836, -47.64891348168536], [0.0, 0.0, 0.0, 1.0]], [[0.7651085257530212,
        0.47619402408599854, -0.4334145188331604, -82.3577000089989], [-0.6439012885093689,
        0.5658321976661682, -0.5149999856948853, -97.8606251438263], [-4.91021765469668e-08,
        0.6731070876121521, 0.7395450472831726, 140.528814245653], [0.0, 0.0, 0.0,
        1.0]], [[0.9412350058555603, -0.2850230634212494, -0.18121394515037537, -34.43439097280942],
      [-0.3377523422241211, -0.7942909598350525, -0.5049999356269836, -95.96041883035394],
      [-1.190069376377778e-09, 0.5365290641784668, -0.8438816666603088, -160.35495338104386],
      [0.0, 0.0, 0.0, 1.0]], [[0.5727992057800293, -0.4124603867530823, 0.7083624601364136,
        134.60347777232226], [0.8196956515312195, 0.2882254421710968, -0.4950000047683716,
        -94.06021251688159], [-1.3650311814217275e-07, 0.8641772866249084, 0.503187358379364,
        95.61600561870911], [0.0, 0.0, 0.0, 1.0]], [[0.4878617227077484, 0.09440851956605911,
        -0.8678006529808044, -164.90003890352136], [-0.8729209303855896, 0.05276338383555412,
        -0.4850001335144043, -92.16000620340924], [-1.6372808886444545e-08, 0.9941343665122986,
        0.10815238952636719, 20.55117426831607], [0.0, 0.0, 0.0, 1.0]], [[0.6399325132369995,
        0.5149301290512085, 0.5703800320625305, 108.38395616792047], [0.7684311270713806,
        -0.42882245779037476, -0.47499993443489075, -90.25979988993687], [-2.3632935608475236e-08,
        0.7422656416893005, -0.6701057553291321, -127.33391891723446], [0.0, 0.0,
        0.0, 1.0]], [[0.9976015686988831, -0.06123838946223259, 0.03226357325911522,
        6.130744833222922], [0.06921761482954025, 0.8826006650924683, -0.4649999737739563,
        -88.35959357646452], [9.43348954507428e-10, 0.4661179184913635, 0.8847225904464722,
        168.1155451717476], [0.0, 0.0, 0.0, 1.0]], [[0.5885265469551086, -0.5127877593040466,
        -0.625048041343689, -118.77203900024226], [-0.8084778189659119, -0.37328040599823,
        -0.4549998342990875, -86.45938726299217], [6.108258077119899e-08, 0.7731170058250427,
        -0.6342629194259644, -120.5230992110428], [0.0, 0.0, 0.0, 1.0]], [[0.44546598196029663,
        -0.040941473096609116, 0.8943622708320618, 169.9472786514918], [0.8952988982200623,
        0.02037091739475727, -0.44499996304512024, -84.5591809495198], [-3.323646069475217e-08,
        0.9989538788795471, 0.04572939872741699, 8.689518611554803], [0.0, 0.0, 0.0,
        1.0]], [[0.5310179591178894, 0.4859905540943146, -0.6941419243812561, -131.90128856271477],
      [-0.8473605513572693, 0.30455726385116577, -0.434999942779541, -82.65897463604745],
      [8.679133856048793e-08, 0.8191812634468079, 0.5735346078872681, 108.98341307380083],
      [0.0, 0.0, 0.0, 1.0]], [[0.9593167901039124, 0.25311335921287537, 0.1250797063112259,
        23.76772712532938], [0.2823319137096405, -0.8600363731384277, -0.4250001311302185,
        -80.7587683225751], [-8.014938401856853e-08, 0.44302377104759216, -0.8965092897415161,
        -170.3553839005933], [0.0, 0.0, 0.0, 1.0]], [[0.6267346143722534, -0.5839263200759888,
        0.5159784555435181, 98.0465674527845], [0.7792327404022217, 0.46965017914772034,
        -0.41499993205070496, -78.85856200910276], [1.3285815114727484e-08, 0.662162184715271,
        0.7493605613708496, 142.39395403662706], [0.0, 0.0, 0.0, 1.0]], [[0.413790225982666,
        -0.1866486668586731, -0.8910330533981323, -169.31466351237128], [-0.910372257232666,
        -0.08483711630105972, -0.4049999713897705, -76.9583556956304], [-6.430440180338337e-09,
        0.9787567853927612, -0.20502451062202454, -38.95890842823123], [0.0, 0.0,
        0.0, 1.0]], [[0.4430321455001831, 0.4059887230396271, 0.7993095517158508,
        151.88529886266667], [0.8965057730674744, -0.20063017308712006, -0.3950001001358032,
        -75.05814938215804], [-2.0749439499923028e-08, 0.8915833234786987, -0.4528568387031555,
        -86.05213848781487], [0.0, 0.0, 0.0, 1.0]], [[0.803949236869812, 0.5220717191696167,
        -0.2847924530506134, -54.116459561279505], [-0.594697892665863, 0.7057686448097229,
        -0.3850000202655792, -73.15794306868568], [-5.8068195585292415e-08, 0.4788859486579895,
        0.8778771162033081, 166.81476106182373], [0.0, 0.0, 0.0, 1.0]], [[0.6980165243148804,
        -0.6039658784866333, -0.384705126285553, -73.10192020388004], [-0.7160815596580505,
        -0.5887289643287659, -0.37499985098838806, -71.25773675521333], [-1.9036837883845692e-08,
        0.5372363924980164, -0.8434314131736755, -160.2694124049635], [0.0, 0.0, 0.0,
        1.0]], [[0.3918197453022003, -0.3345373570919037, 0.8570658564567566, 162.8602044976189],
      [0.9200419187545776, 0.1424701064825058, -0.364999920129776, -69.35753044174096],
      [-6.749664294147806e-08, 0.9315507411956787, 0.363611102104187, 69.09361113459566],
      [0.0, 0.0, 0.0, 1.0]], [[0.3736664950847626, 0.2895040214061737, -0.8812267780303955,
        -167.45128688284353], [-0.9275630712509155, 0.11662602424621582, -0.35499995946884155,
        -67.45732412826861], [-8.821970709504967e-09, 0.950045108795166, 0.3121125400066376,
        59.307809606622], [0.0, 0.0, 0.0, 1.0]], [[0.6164111495018005, 0.6525395512580872,
        0.44071468710899353, 83.74488895739835], [0.7874245047569275, -0.5108205676078796,
        -0.3449999690055847, -65.55711781479626], [9.755783736409285e-09, 0.5596913695335388,
        -0.8287010788917542, -157.4703089948449], [0.0, 0.0, 0.0, 1.0]], [[0.8178362846374512,
        -0.5249594449996948, 0.23571465909481049, 44.790659522322784], [0.5754509568214417,
        0.7460772395133972, -0.3349999785423279, -63.6569115013239], [5.772599109832299e-08,
        0.4096173644065857, 0.9122574329376221, 173.34772792070268], [0.0, 0.0, 0.0,
        1.0]], [[0.3792392909526825, -0.4768548011779785, -0.7929610013961792, -150.67893980567706],
      [-0.9252986907958984, -0.1954420506954193, -0.32499995827674866, -61.756705187851544],
      [-5.321774665389967e-08, 0.8569785356521606, -0.5153524875640869, -97.92755894527309],
      [0.0, 0.0, 0.0, 1.0]], [[0.3189140558242798, 0.14803296327590942, 0.9361516237258911,
        177.888149926169], [0.9477835297584534, -0.0498105026781559, -0.31499993801116943,
        -59.856498874379184], [-2.1720282461501483e-08, 0.9877270460128784, -0.15618836879730225,
        -29.679049781761215], [0.0, 0.0, 0.0, 1.0]], [[0.46119436621665955, 0.6655614376068115,
        -0.5867943167686462, -111.50304142269368], [-0.8872990608215332, 0.34594106674194336,
        -0.304999977350235, -57.956292560906824], [-1.9396399153492894e-08, 0.6613263487815857,
        0.7500982284545898, 142.5341371169925], [0.0, 0.0, 0.0, 1.0]], [[0.9697588086128235,
        -0.23249869048595428, -0.07424452155828476, -14.107988380213312], [-0.2440653294324875,
        -0.9238008260726929, -0.2949998676776886, -56.05608624743447], [-5.40347500077587e-08,
        0.3041992485523224, -0.9526088237762451, -181.01524851814543], [0.0, 0.0,
        0.0, 1.0]], [[0.3768846094608307, -0.6060899496078491, 0.7004376649856567,
        133.09760634199893], [0.9262601733207703, 0.24661104381084442, -0.2849999666213989,
        -54.15587993396213], [-5.01363928151477e-09, 0.7561996579170227, 0.654340922832489,
        124.33828128219628], [0.0, 0.0, 0.0, 1.0]], [[0.27501198649406433, -0.009018602780997753,
        -0.9613985419273376, -182.6855434939736], [-0.9614408612251282, -0.00257975235581398,
        -0.2749999761581421, -52.25567362048977], [2.68227005051358e-08, 0.9999560713768005,
        -0.009380376897752285, -1.7824450573072048], [0.0, 0.0, 0.0, 1.0]], [[0.34653595089912415,
        0.6044450402259827, 0.7173276543617249, 136.30706092489797], [0.9380366802215576,
        -0.22329814732074738, -0.2650001049041748, -50.35546730701742], [-2.5937600511838355e-08,
        0.7647117376327515, -0.6443724036216736, -122.4440786314718], [0.0, 0.0, 0.0,
        1.0]], [[0.9383646845817566, 0.3326394259929657, -0.09392912685871124, -17.848500607891157],
      [-0.3456467390060425, 0.9030522704124451, -0.2549998164176941, -48.45526099354506],
      [-8.057259748284196e-08, 0.2717491388320923, 0.9623681306838989, 182.86978713199053],
      [0.0, 0.0, 0.0, 1.0]], [[0.38778188824653625, -0.7144797444343567, -0.5823608040809631,
        -110.66054768243981], [-0.9217512607574463, -0.30058276653289795, -0.2449999898672104,
        -46.55505468007271], [-6.326473567241919e-09, 0.631798267364502, -0.7751331329345703,
        -147.29124348704474], [0.0, 0.0, 0.0, 1.0]], [[0.23884139955043793, -0.17346426844596863,
        0.9554396867752075, 181.55323396432453], [0.9710586667060852, 0.04266517981886864,
        -0.23499983549118042, -44.65484836660035], [3.131884085405545e-09, 0.9839156270027161,
        0.1786341369152069, 33.94419084398928], [0.0, 0.0, 0.0, 1.0]], [[0.26247093081474304,
        0.4968666732311249, -0.8271834254264832, -157.18193454981696], [-0.9649398326873779,
        0.1351514756679535, -0.22500009834766388, -42.754642053127995], [-4.6386166019374286e-08,
        0.8572382926940918, 0.5149198770523071, 97.84539014020002], [0.0, 0.0, 0.0,
        1.0]], [[0.6333174109458923, 0.7279325127601624, 0.2627226710319519, 49.92274144732886],
      [0.7738921046257019, -0.5957059264183044, -0.21499982476234436, -40.854435739655635],
      [1.476596338534364e-07, 0.3394821584224701, -0.9406121373176575, -178.73576951572815],
      [0.0, 0.0, 0.0, 1.0]], [[0.42026254534721375, -0.7921267747879028, 0.4426223039627075,
        84.10737802588348], [0.907402515411377, 0.36687272787094116, -0.20499998331069946,
        -38.954229426183275], [-6.027995880231174e-08, 0.48779043555259705, 0.8729607462882996,
        165.8805513284345], [0.0, 0.0, 0.0, 1.0]], [[0.20779049396514893, -0.33788639307022095,
        -0.9179628491401672, -174.431896877407], [-0.9781732559204102, -0.0717761442065239,
        -0.1950000524520874, -37.05402311271092], [-5.682853299049384e-08, 0.9384459257125854,
        -0.3454257845878601, -65.63804583101427], [0.0, 0.0, 0.0, 1.0]], [[0.19880102574825287,
        0.3587823808193207, 0.9120050668716431, 173.29978923521045], [0.9800397753715515,
        -0.07277889549732208, -0.18500007688999176, -35.15381679923856], [3.343474475059338e-08,
        0.9305794835090637, -0.36608949303627014, -69.5645926681038], [0.0, 0.0, 0.0,
        1.0]], [[0.3799959123134613, 0.8210597634315491, -0.4259859621524811, -80.94610991981706],
      [-0.9249882102012634, 0.3373009264469147, -0.17499999701976776, -33.25361048576621],
      [1.7835946053423868e-08, 0.46053123474121094, 0.8876435160636902, 168.67058135938177],
      [0.0, 0.0, 0.0, 1.0]], [[0.49974092841148376, -0.817600667476654, -0.2859860360622406,
        -54.343250566159384], [-0.8661748766899109, -0.4717157185077667, -0.16500011086463928,
        -31.35340417229385], [6.444147970796621e-08, 0.33017122745513916, -0.9439207911491394,
        -179.36447670125318], [0.0, 0.0, 0.0, 1.0]], [[0.17941904067993164, -0.49549055099487305,
        0.8498810529708862, 161.4949548296546], [0.9837726354598999, 0.0903669148683548,
        -0.1549999862909317, -29.453197858821515], [-1.2205582322621922e-08, 0.8638997673988342,
        0.5036637187004089, 95.7064733341425], [0.0, 0.0, 0.0, 1.0]], [[0.14808370172977448,
        0.20077359676361084, -0.9683806300163269, -184.012310214208], [-0.9889747500419617,
        0.030062992125749588, -0.1449999362230301, -27.552991545349155], [1.895427601539268e-07,
        0.9791762232780457, 0.20301192998886108, 38.576452456569946], [0.0, 0.0, 0.0,
        1.0]], [[0.22753767669200897, 0.7838599681854248, 0.5777455568313599, 109.78359345007165],
      [0.9737691879272461, -0.1831618994474411, -0.13500002026557922, -25.6527852318768],
      [-6.488010484417828e-08, 0.5933084487915039, -0.8049749135971069, -152.9618826918608],
      [0.0, 0.0, 0.0, 1.0]], [[0.7274735569953918, -0.6759308576583862, 0.11789709329605103,
        22.40286758789586], [0.6861357092857361, 0.7166538834571838, -0.1250000149011612,
        -23.752578918404442], [-4.587660029642393e-08, 0.17182761430740356, 0.9851270318031311,
        187.1944626749578], [0.0, 0.0, 0.0, 1.0]], [[0.15091446042060852, -0.6401351094245911,
        -0.7532939910888672, -143.14139776376737], [-0.9885467886924744, -0.09772492945194244,
        -0.11499999463558197, -21.852372604932086], [-9.384849164462139e-08, 0.762021541595459,
        -0.6475515961647034, -123.04817916317226], [0.0, 0.0, 0.0, 1.0]], [[0.10505186021327972,
        0.031219569966197014, 0.9939765930175781, 188.87605938405906], [0.9944667816162109,
        -0.0032979173120111227, -0.1050000861287117, -19.95216629145973], [-1.4256404057277905e-08,
        0.9995071291923523, -0.03139328584074974, -5.9653658252724], [0.0, 0.0, 0.0,
        1.0]], [[0.13217446208000183, 0.6891719102859497, -0.7124408483505249, -135.37846166395593],
      [-0.9912264347076416, 0.09189721941947937, -0.09499993175268173, -18.05195997798737],
      [3.659203073880235e-08, 0.7187467813491821, 0.695271909236908, 132.11600658533374],
      [0.0, 0.0, 0.0, 1.0]], [[0.8362663388252258, 0.5454837083816528, 0.0557328462600708,
        10.590389299388171], [0.5483235120773315, -0.8319356441497803, -0.08500014245510101,
        -16.151753664515013], [-6.320076550991871e-08, 0.10164238512516022, -0.994821310043335,
        -189.03651722788965], [0.0, 0.0, 0.0, 1.0]], [[0.11795369535684586, -0.7664302587509155,
        0.6314043998718262, 119.97987489629226], [0.9930190443992615, 0.09103883057832718,
        -0.07500002533197403, -14.251547351042657], [-9.631172304125357e-09, 0.6358431577682495,
        0.7718182802200317, 146.66139013241704], [0.0, 0.0, 0.0, 1.0]], [[0.06567219644784927,
        -0.14239953458309174, -0.9876283407211304, -187.66974393330517], [-0.9978412985801697,
        -0.009372103959321976, -0.06500010192394257, -12.3513410375703], [-9.07377142311816e-08,
        0.9897649884223938, -0.1427077054977417, -27.117373106244887], [0.0, 0.0,
        0.0, 1.0]], [[0.06650763750076294, 0.560998797416687, 0.8251405954360962,
        156.79374097267666], [0.9977858662605286, -0.03739331662654877, -0.05499998852610588,
        -10.451134724097944], [-1.5704765132795728e-07, 0.8269715905189514, -0.562243640422821,
        -106.83790016831067], [0.0, 0.0, 0.0, 1.0]], [[0.193015918135643, 0.9541565775871277,
        -0.22875747084617615, -43.468644129510885], [-0.9811955690383911, 0.1876969337463379,
        -0.045000024139881134, -8.550928410625588], [-6.82414658115249e-09, 0.23314154148101807,
        0.9724428057670593, 184.78419558625757], [0.0, 0.0, 0.0, 1.0]], [[0.07148024439811707,
        -0.8696913719177246, -0.4883926212787628, -92.80468014578696], [-0.9974419474601746,
        -0.06232501193881035, -0.034999944269657135, -6.650722097153251], [3.281297367152547e-08,
        0.4896451234817505, -0.8719216585159302, -165.6831300290606], [0.0, 0.0, 0.0,
        1.0]], [[0.026323655620217323, -0.31300899386405945, 0.9493852853775024, 180.40279195200358],
      [0.9996535181999207, 0.00824233889579773, -0.024999985471367836, -4.7505157836808936],
      [4.872707748404537e-08, 0.9497144222259521, 0.31311747431755066, 59.4987864860545],
      [0.0, 0.0, 0.0, 1.0]], [[0.016449980437755585, 0.410444051027298, -0.9117373824119568,
        -173.2489181443306], [-0.9998646378517151, 0.006752683315426111, -0.01500009000301361,
        -2.8503094702085363], [-4.457523772316563e-08, 0.9118607640266418, 0.41049960255622864,
        78.0033873325067], [0.0, 0.0, 0.0, 1.0]], [[0.012655913829803467, 0.9185777902603149,
        0.3950378894805908, 75.06533643443198], [0.9999200701713562, -0.011626620776951313,
        -0.005000068340450525, -0.9501031567361794], [-5.1659860389463574e-08, 0.39506953954696655,
        -0.9186515212059021, -174.56269047989346], [0.0, 0.0, 0.0, 1.0]], [[-0.01518437173217535,
        -0.9441202878952026, 0.32925140857696533, 62.56456025011741], [0.9998847842216492,
        -0.01433748658746481, 0.005000147968530655, 0.9501031567361777], [-1.314834747745408e-07,
        0.32928937673568726, 0.9442290663719177, 179.42300143042692], [0.0, 0.0, 0.0,
        1.0]], [[-0.017032915726304054, -0.47372281551361084, -0.8805091381072998,
        -167.31492121193054], [-0.9998548030853271, 0.008070436306297779, 0.014999820850789547,
        2.850309470208535], [2.24428248429831e-07, 0.8806368708610535, -0.4737914502620697,
        -90.03017945873206], [0.0, 0.0, 0.0, 1.0]], [[-0.02578846551477909, 0.24528563022613525,
        0.9691079258918762, 184.15047871273225], [0.9996675252914429, 0.006327512674033642,
        0.02499999664723873, 4.750515783680892], [-1.8478409913313953e-08, 0.9694303274154663,
        -0.2453673630952835, -46.624823080227785], [0.0, 0.0, 0.0, 1.0]], [[-0.06365980952978134,
        0.8336037993431091, -0.548681914806366, -104.2609044912588], [-0.9979715347290039,
        -0.05317482352256775, 0.03500016778707504, 6.650722097153248], [1.4624140476371394e-07,
        0.5497971177101135, 0.8352981805801392, 158.723886128878], [0.0, 0.0, 0.0,
        1.0]], [[-0.27138879895210266, -0.9491465091705322, -0.15959084033966064,
        -30.325545978374876], [-0.9624698758125305, 0.2676318287849426, 0.04500001296401024,
        8.550928410625605], [-5.7953633003648974e-09, 0.1658138632774353, -0.986157238483429,
        -187.39018976998722], [0.0, 0.0, 0.0, 1.0]], [[-0.07003198564052582, -0.6175290942192078,
        0.7834239602088928, 148.8667277487106], [0.9975446462631226, -0.043353158980607986,
        0.05499988794326782, 10.451134724097962], [-4.580534351816823e-08, 0.7853522300720215,
        0.6190491318702698, 117.63210229343021], [0.0, 0.0, 0.0, 1.0]], [[-0.06517231464385986,
        0.07252946496009827, -0.9952345490455627, -189.1151192131342], [-0.9978739023208618,
        -0.004736918490380049, 0.065000019967556, 12.351341037570322], [-1.7069048396933795e-08,
        0.9973549246788025, 0.07268407940864563, 13.811458908372726], [0.0, 0.0, 0.0,
        1.0]], [[-0.10895250737667084, 0.7210378050804138, 0.6842762231826782, 130.02659554215094],
      [0.9940469861030579, 0.07902925461530685, 0.07500006258487701, 14.251547351042678],
      [1.1021718648862588e-08, 0.6883741021156311, -0.7253559231758118, -137.8325730276442],
      [0.0, 0.0, 0.0, 1.0]], [[-0.9856030941009521, 0.16844616830348969, -0.01458156667649746,
        -2.770767715106893], [-0.1690761297941208, -0.9819309711456299, 0.08500046283006668,
        16.151753664515034], [-8.769350046122781e-08, 0.08624210953712463, 0.9962742328643799,
        189.31266211596028], [0.0, 0.0, 0.0, 1.0]], [[-0.14212903380393982, -0.7362450957298279,
        -0.6616210341453552, -125.72165979249995], [-0.9898480772972107, 0.10571501404047012,
        0.09500011056661606, 18.05195997798739], [-1.118977905889551e-07, 0.66840660572052,
        -0.7437959313392639, -141.336588813987], [0.0, 0.0, 0.0, 1.0]], [[-0.10554461926221848,
        -0.10086435824632645, 0.9892861843109131, 187.98474881680107], [0.994414746761322,
        -0.010705866850912571, 0.1050000786781311, 19.95216629145975], [2.2121696474641794e-07,
        0.9948427677154541, 0.1014307364821434, 19.273961973712943], [0.0, 0.0, 0.0,
        1.0]], [[-0.14279510080814362, 0.5867257714271545, -0.7970961928367615, -151.4647274159779],
      [-0.9897522330284119, -0.08464904874563217, 0.1149999126791954, 21.852372604932107],
      [-3.397738623789337e-08, 0.8053492307662964, 0.5928006768226624, 112.64435404378112],
      [0.0, 0.0, 0.0, 1.0]], [[-0.5555307269096375, 0.810173511505127, 0.18709492683410645,
        35.55189519431105], [0.8314960598945618, 0.5412848591804504, 0.12500010430812836,
        23.752578918404463], [1.2401258686622896e-07, 0.22501008212566376, -0.974356472492218,
        -185.14782764164337], [0.0, 0.0, 0.0, 1.0]], [[-0.25150105357170105, -0.8166045546531677,
        0.5195227861404419, 98.72006750123109], [0.9678568840026855, -0.21219752728939056,
        0.13499997556209564, 25.65278523187682], [-8.432732556684641e-08, 0.5367764234542847,
        0.8437244892120361, 160.3250548729099], [0.0, 0.0, 0.0, 1.0]], [[-0.15062904357910156,
        -0.2677265405654907, -0.9516477584838867, -180.83270564243182], [-0.98859041929245,
        0.040792692452669144, 0.1450001746416092, 27.552991545349176], [-7.961015313640019e-08,
        0.9626310467720032, -0.27081647515296936, -51.460718655509545], [0.0, 0.0,
        0.0, 1.0]], [[-0.17283913493156433, 0.4357988238334656, 0.8832928538322449,
        167.84385983850777], [0.9849501848220825, 0.07647377252578735, 0.1550002545118332,
        29.453197858821536], [1.0911050196682481e-07, 0.8967894911766052, -0.44245782494544983,
        -84.07608570813973], [0.0, 0.0, 0.0, 1.0]], [[-0.42457377910614014, 0.8342258930206299,
        -0.3518584966659546, -66.86037848238395], [-0.9053934216499329, -0.39120054244995117,
        0.1650000810623169, 31.35340417229385], [1.156548421477055e-07, 0.38862505555152893,
        0.921396017074585, 175.08424878784257], [0.0, 0.0, 0.0, 1.0]], [[-0.434934139251709,
        -0.8243566751480103, -0.3623097240924835, -68.84631785839285], [-0.9004622101783752,
        0.3981742858886719, 0.17499996721744537, 33.25361048576621], [2.1700820695969014e-08,
        0.4023596942424774, -0.9154816269874573, -173.9604042436211], [0.0, 0.0, 0.0,
        1.0]], [[-0.2048588991165161, -0.42040205001831055, 0.8839089870452881, 167.9609443747986],
      [0.9787915945053101, -0.08798916637897491, 0.18500015139579773, 35.15381679923856],
      [-1.0525884164280797e-07, 0.90306156873703, 0.4295112192630768, 81.61599516500044],
      [0.0, 0.0, 0.0, 1.0]], [[-0.20311319828033447, 0.27397897839546204, -0.9400426149368286,
        -178.62752561867765], [-0.9791550636291504, -0.05683312565088272, 0.1950000524520874,
        37.05402311271092], [1.977685428755649e-07, 0.9600547552108765, 0.2798117399215698,
        53.16998025308396], [0.0, 0.0, 0.0, 1.0]], [[-0.3773500323295593, 0.7774947285652161,
        0.5030989646911621, 95.59919446985197], [0.926070511341095, 0.31680944561958313,
        0.20499998331069946, 38.954229426183275], [-4.255277730180751e-08, 0.5432620048522949,
        -0.8395629525184631, -159.53432973541993], [0.0, 0.0, 0.0, 1.0]], [[-0.7394910454750061,
        -0.6440869569778442, 0.19571666419506073, 37.19022592464439], [0.6731663942337036,
        -0.7075464725494385, 0.21500001847743988, 40.854435739655635], [-6.868559410122543e-08,
        0.2907404601573944, 0.9568019509315491, 181.81210772022376], [0.0, 0.0, 0.0,
        1.0]], [[-0.2743023931980133, -0.5500478148460388, -0.7888001203536987, -149.8882925835696],
      [-0.9616435170173645, 0.15689748525619507, 0.22499994933605194, 42.754642053127995],
      [2.2753653183826827e-08, 0.8202624917030334, -0.5719872713088989, -108.68937697352544],
      [0.0, 0.0, 0.0, 1.0]], [[-0.23645566403865814, 0.107650026679039, 0.9656604528427124,
        183.49541484196376], [0.971642255783081, 0.026197470724582672, 0.23499998450279236,
        44.65484836660035], [-8.380834515264723e-08, 0.9938436150550842, -0.11079182475805283,
        -21.05273347889905], [0.0, 0.0, 0.0, 1.0]], [[-0.35967332124710083, 0.6831271648406982,
        -0.6355884671211243, -120.7749140298546], [-0.9330784678459167, -0.26332464814186096,
        0.24500000476837158, 46.55505468007271], [1.0846057563185241e-07, 0.6811738014221191,
        0.7321218252182007, 139.11824956639825], [0.0, 0.0, 0.0, 1.0]], [[-0.9949166178703308,
        -0.0973341166973114, -0.025809133425354958, -4.904268595283733], [-0.10069777071475983,
        0.9616833925247192, 0.25499990582466125, 48.45526099354506], [1.9528428651938157e-08,
        0.2563026547431946, -0.9665961265563965, -183.6732864877055], [0.0, 0.0, 0.0,
        1.0]], [[-0.3677579164505005, -0.6447781324386597, 0.6700863838195801, 127.330210747613],
      [0.9299218654632568, -0.254991739988327, 0.2650001049041748, 50.35546730701742],
      [9.447727933320493e-08, 0.7205836772918701, 0.6933680772781372, 131.75425868207205],
      [0.0, 0.0, 0.0, 1.0]], [[-0.2754707932472229, -0.05619896575808525, -0.9596649408340454,
        -182.35619041614504], [-0.9613090753555298, 0.01610468327999115, 0.2749999165534973,
        52.25567362048977], [1.252199126611231e-07, 0.9982894062995911, -0.05846061557531357,
        -11.108768112688903], [0.0, 0.0, 0.0, 1.0]], [[-0.35736072063446045, 0.5634632706642151,
        0.7448505759239197, 141.5369608435846], [0.9339663982391357, 0.21559637784957886,
        0.28499987721443176, 54.15587993396213], [-9.035233716758739e-08, 0.7975131869316101,
        -0.6033013463020325, -114.63973884016772], [0.0, 0.0, 0.0, 1.0]], [[-0.9019315242767334,
        0.40812504291534424, -0.1412573903799057, -26.841793043016985], [-0.43187928199768066,
        -0.8523235321044922, 0.2950000762939453, 56.05608624743449], [-6.733871771302802e-08,
        0.3270759880542755, 0.944998025894165, 179.56913342347573], [0.0, 0.0, 0.0,
        1.0]], [[-0.49707233905792236, -0.6851627230644226, -0.5324202179908752, -101.17081301652368],
      [-0.8677091598510742, 0.3924994468688965, 0.30500003695487976, 57.956292560906846],
      [-1.2708500918279242e-09, 0.6135929226875305, -0.7896226048469543, -150.04457698888075],
      [0.0, 0.0, 0.0, 1.0]], [[-0.3230490982532501, -0.2099420577287674, 0.9228019118309021,
