{cam2Pos: [[[0.9950000047683716, 4.21468504541167e-09, 0.09987492114305496, 25.117628940928114],
      [0.09987492114305496, -3.066723408551297e-08, -0.9949999451637268, -250.23339544613418],
      [4.21468504541167e-09, 0.9999999403953552, -3.066723408551297e-08, 0.0], [0.0,
        0.0, 0.0, 1.0]], [[0.9917600154876709, 0.014932280406355858, -0.12723617255687714,
        -31.998739937529088], [-0.1281093955039978, 0.11559844017028809, -0.9849998950958252,
        -247.7184869491881], [-4.418071242184851e-09, 0.9931836724281311, 0.11655887961387634,
        29.31346697562095], [0.0, 0.0, 0.0, 1.0]], [[0.9998015761375427, 0.004409500863403082,
        0.01942642219364643, 4.885567113498081], [0.019920581951737404, -0.22131036221981049,
        -0.9750001430511475, -245.20357845224203], [1.9331853895465656e-09, 0.9751936197280884,
        -0.22135429084300995, -55.66851738918698], [0.0, 0.0, 0.0, 1.0]], [[0.9866037368774414,
        -0.033951934427022934, 0.1595630645751953, 40.12863917519354], [0.16313523054122925,
        0.2053333967924118, -0.9650002121925354, -242.68866995529595], [-2.8145343833330116e-08,
        0.9781031012535095, 0.20812144875526428, 52.340703791524135], [0.0, 0.0, 0.0,
        1.0]], [[0.956277072429657, -0.015109610743820667, -0.29207175970077515, -73.45336757395563],
      [-0.2924623191356659, -0.04940449446439743, -0.9549999833106995, -240.17376145834987],
      [2.6733621538710395e-08, 0.9986645579338074, -0.05166337639093399, -12.99286647004916],
      [0.0, 0.0, 0.0, 1.0]], [[0.9599064588546753, 0.04920964315533638, 0.2759673595428467,
        69.40325622859056], [0.2803204655647278, -0.1685095578432083, -0.9450000524520874,
        -237.65885296140382], [5.401485481115742e-09, 0.9844709634780884, -0.17554789781570435,
        -44.1486705808223], [0.0, 0.0, 0.0, 1.0]], [[0.9951869249343872, 0.03356202691793442,
        -0.09206806868314743, -23.15427788216967], [-0.09799458086490631, 0.3408401310443878,
        -0.9350000023841858, -235.14394446445775], [-6.049923229056731e-09, 0.9395219683647156,
        0.342488557100296, 86.13275960728765], [0.0, 0.0, 0.0, 1.0]], [[0.9825451374053955,
        -0.06272760778665543, -0.1751294583082199, -44.04346860238208], [-0.18602441251277924,
        -0.3313150703907013, -0.9249999523162842, -232.62903596751167], [-1.2858249576197522e-08,
        0.941432535648346, -0.3372008502483368, -84.80301868691157], [0.0, 0.0, 0.0,
        1.0]], [[0.9238911867141724, -0.0529596246778965, 0.3789728283882141, 95.3081871623139],
      [0.3826553523540497, 0.12786680459976196, -0.9150000214576721, -230.11412747056562],
      [3.425073558105396e-09, 0.9903764128684998, 0.13840028643608093, 34.806397090321525],
      [0.0, 0.0, 0.0, 1.0]], [[0.9171630144119263, 0.06468593329191208, -0.3932272493839264,
        -98.89306529353352], [-0.3985121548175812, 0.14887270331382751, -0.904999852180481,
        -227.59921897361954], [-1.1109069220083256e-09, 0.9867382645606995, 0.16231867671012878,
        40.82161975672722], [0.0, 0.0, 0.0, 1.0]], [[0.9784079790115356, 0.08350344002246857,
        0.18906337022781372, 47.547701624565455], [0.20668280124664307, -0.39529404044151306,
        -0.8950001001358032, -225.08431047667347], [1.1725098225667807e-08, 0.914751410484314,
        -0.4040175974369049, -101.60667658956908], [0.0, 0.0, 0.0, 1.0]], [[0.9878304600715637,
        -0.06909631192684174, 0.13934385776519775, 35.04371087899541], [0.15553459525108337,
        0.4388440251350403, -0.8849999308586121, -222.5694019797274], [2.4972836243364327e-08,
        0.8959026336669922, 0.44425034523010254, 111.72487238896905], [0.0, 0.0, 0.0,
        1.0]], [[0.9019775390625, -0.10481225699186325, -0.4188685715198517, -105.341614035993],
      [-0.43178293108940125, -0.2189488559961319, -0.8750000596046448, -220.0544934827813],
      [-2.7138764124856607e-08, 0.9700907468795776, -0.2427431046962738, -61.04761854850655],
      [0.0, 0.0, 0.0, 1.0]], [[0.8700645565986633, 0.05310912802815437, 0.4900684058666229,
        123.24772336656076], [0.49293774366378784, -0.09374086558818817, -0.8649999499320984,
        -217.53958498583523], [6.376562566856592e-08, 0.9941790699958801, -0.10774009674787521,
        -27.09566624509889], [0.0, 0.0, 0.0, 1.0]], [[0.9441924691200256, 0.13975216448307037,
        -0.29827815294265747, -75.01424406304297], [-0.3293941915035248, 0.4005928337574005,
        -0.854999840259552, -215.02467648888916], [-1.4827330474531664e-08, 0.9055355191230774,
        0.42427030205726624, 106.70004296444449], [0.0, 0.0, 0.0, 1.0]], [[0.9967091083526611,
        -0.04298955202102661, -0.0687231793999672, -17.283252597050495], [-0.08106156438589096,
        -0.528586745262146, -0.8449999094009399, -212.5097679919431], [6.681828423893421e-10,
        0.8477898836135864, -0.5303320288658142, -133.3736674452367], [0.0, 0.0, 0.0,
        1.0]], [[0.8930333852767944, -0.15956969559192657, 0.4207480549812317, 105.81428870704967],
      [0.44999048113822937, 0.3166757822036743, -0.8349999785423279, -209.99485949499703],
      [-1.1297682789290775e-08, 0.9350154995918274, 0.35460686683654785, 89.1803945450631],
      [0.0, 0.0, 0.0, 1.0]], [[0.8252249956130981, 0.01318813394755125, -0.5646501183509827,
        -142.0043422173998], [-0.5648041367530823, 0.019268956035375595, -0.8250000476837158,
        -207.47995099805095], [1.5254784102580743e-08, 0.9997273683547974, 0.023349935188889503,
        5.872325379737093], [0.0, 0.0, 0.0, 1.0]], [[0.8930031061172485, 0.18395362794399261,
        0.4107389450073242, 103.29709265389708], [0.4500504732131958, -0.3650059998035431,
        -0.8149999380111694, -204.9650425011049], [3.70895989476594e-08, 0.9126507043838501,
        -0.4087398946285248, -102.79440394247142], [0.0, 0.0, 0.0, 1.0]], [[0.9994210600852966,
        0.02016332373023033, -0.02740422450006008, -6.891910901682834], [-0.03402280434966087,
        0.5922983884811401, -0.8050000667572021, -202.45013400415883], [2.0735975159169584e-09,
        0.80546635389328, 0.5926415324211121, 149.04392737021163], [0.0, 0.0, 0.0,
        1.0]], [[0.8983872532844543, -0.20455701649188995, -0.388660192489624, -97.74448618474824],
      [-0.4392041862010956, -0.4184190034866333, -0.7950000762939453, -199.93522550721275],
      [1.0652350113105058e-08, 0.8849191069602966, -0.46574458479881287, -117.13056177605854],
      [0.0, 0.0, 0.0, 1.0]], [[0.7876921892166138, -0.050892192870378494, 0.6139633059501648,
        154.4061524326719], [0.616068959236145, 0.06506974250078201, -0.7849998474121094,
        -197.42031701026667], [-1.5028618349788303e-08, 0.99658203125, 0.08260805159807205,
        20.77512942486337], [0.0, 0.0, 0.0, 1.0]], [[0.8310174345970154, 0.20076771080493927,
        -0.518750786781311, -130.46104092767274], [-0.5562463998794556, 0.2999415993690491,
        -0.7750001549720764, -194.9054085133206], [6.193111801167106e-09, 0.9325918555259705,
        0.36093297600746155, 90.77139424091287], [0.0, 0.0, 0.0, 1.0]], [[0.9833542108535767,
        0.11416640132665634, 0.14135268330574036, 35.548897407556765], [0.18169906735420227,
        -0.6178683042526245, -0.76500004529953, -192.39050001637452], [9.75520464407964e-09,
        0.7779496312141418, -0.6283273100852966, -158.01841309376547], [0.0, 0.0,
        0.0, 1.0]], [[0.9180663228034973, -0.22554217278957367, 0.3260137438774109,
        81.98949379731496], [0.39642682671546936, 0.5223224759101868, -0.7549999952316284,
        -189.87559151942844], [3.973129381051876e-09, 0.8223806619644165, 0.5689376592636108,
        143.08259898437237], [0.0, 0.0, 0.0, 1.0]], [[0.7608004808425903, -0.13157816231250763,
        -0.6355075240135193, -159.8243205077895], [-0.6489858627319336, -0.15424786508083344,
        -0.744999885559082, -187.3606830224824], [2.859716019543157e-09, 0.9792316555976868,
        -0.20274421572685242, -50.98831740396788], [0.0, 0.0, 0.0, 1.0]], [[0.7666577696800232,
        0.18259848654270172, 0.6155434846878052, 154.80350921119924], [0.6420560479164124,
        -0.21803516149520874, -0.7350000143051147, -184.8457745255363], [1.3313010072124598e-07,
        0.9587068557739258, -0.28439682722091675, -71.52314769407357], [0.0, 0.0,
        0.0, 1.0]], [[0.9388487935066223, 0.21877077221870422, -0.265899121761322,
        -66.87119875501669], [-0.3443297743797302, 0.5964998006820679, -0.7249999642372131,
        -182.33086602859024], [-2.3103517321487743e-08, 0.7722223401069641, 0.6353524327278137,
        159.78531080936966], [0.0, 0.0, 0.0, 1.0]], [[0.9493634700775146, -0.20668774843215942,
        -0.2366202175617218, -59.50783139041456], [-0.31417980790138245, -0.6245524287223816,
        -0.7149999737739563, -179.81595753164416], [-1.0950579998336707e-08, 0.7531362175941467,
        -0.6578643918037415, -165.44693076725073], [0.0, 0.0, 0.0, 1.0]], [[0.746821939945221,
        -0.21942147612571716, 0.6277828216552734, 157.88163341730746], [0.6650241017341614,
        0.24641020596027374, -0.7049999833106995, -177.30104903469808], [5.314915085818939e-08,
        0.9440001249313354, 0.3299451172351837, 82.97816171013946], [0.0, 0.0, 0.0,
        1.0]], [[0.7069740891456604, 0.12961477041244507, -0.6952608227729797, -174.85174138725145],
      [-0.7072394490242004, 0.12956616282463074, -0.6949999928474426, -174.786140537752],
      [7.339764351854683e-09, 0.9830628633499146, 0.18326859176158905, 46.09035788403546],
      [0.0, 0.0, 0.0, 1.0]], [[0.8668249845504761, 0.3055483400821686, 0.394023597240448,
        99.09332605979166], [0.4986124634742737, -0.5311878323554993, -0.6849997639656067,
        -172.27123204080593], [4.6524011310111746e-08, 0.7902400493621826, -0.6127971410751343,
        -154.1128898621596], [0.0, 0.0, 0.0, 1.0]], [[0.9832901358604431, -0.1323755383491516,
        0.1249687522649765, 31.428495312721378], [0.18204525113105774, 0.7150066494941711,
        -0.675000011920929, -169.75632354385985], [-3.1583056170347845e-09, 0.6864708065986633,
        0.7271573543548584, 182.8734201008067], [0.0, 0.0, 0.0, 1.0]], [[0.7477662563323975,
        -0.3036261796951294, -0.590471625328064, -148.49822104110848], [-0.6639620065689087,
        -0.34194913506507874, -0.6649999618530273, -167.24141504691377], [7.322221762251502e-08,
        0.8893153071403503, -0.4572942554950714, -115.00536909574063], [0.0, 0.0,
        0.0, 1.0]], [[0.6562783718109131, 0.047073375433683395, 0.7530489563941956,
        189.38491129370775], [0.7545188069343567, -0.04094427824020386, -0.6549999117851257,
        -164.7265065499677], [1.1755510342936759e-08, 0.9980518817901611, -0.0623885840177536,
        -15.690152779161263], [0.0, 0.0, 0.0, 1.0]], [[0.7791329622268677, 0.351642370223999,
        -0.5189406871795654, -130.50881245428326], [-0.626858651638031, 0.43706214427948,
        -0.6449999213218689, -162.21159805302165], [8.660640204993797e-09, 0.8278431296348572,
        0.5609595775604248, 141.07620213548847], [0.0, 0.0, 0.0, 1.0]], [[0.9999824166297913,
        0.004584485664963722, 0.0037685285788029432, 0.9477503869533745], [0.0059345862828195095,
        -0.7724894285202026, -0.6350000500679016, -159.6966895560756], [-4.205602532891817e-11,
        0.6350111961364746, -0.7725030183792114, -194.27742173024114], [0.0, 0.0,
        0.0, 1.0]], [[0.7660124897956848, -0.3716650903224945, 0.524490237236023,
        131.90448362326052], [0.642825722694397, 0.4428883492946625, -0.6250000596046448,
        -157.18178105912952], [5.239300904236188e-08, 0.8159136176109314, 0.5781738758087158,
        145.4054413812509], [0.0, 0.0, 0.0, 1.0]], [[0.6166348457336426, -0.05728701129555702,
        -0.785162091255188, -197.46111555287484], [-0.7872492074966431, -0.044871579855680466,
        -0.6149999499320984, -154.66687256218344], [-4.410797060927507e-08, 0.9973487257957458,
        -0.07276849448680878, -18.30065180705415], [0.0, 0.0, 0.0, 1.0]], [[0.6902298927307129,
        0.3483118712902069, 0.6342409253120422, 159.5057869633898], [0.7235901355743408,
        -0.33225345611572266, -0.6050001382827759, -152.15196406523737], [-2.8163938736724958e-08,
        0.8765196204185486, -0.4813663065433502, -121.0592055004325], [0.0, 0.0, 0.0,
        1.0]], [[0.9719952940940857, 0.18582576513290405, -0.14385370910167694, -36.177890637437685],
      [-0.23500022292137146, 0.7686025500297546, -0.5949999690055847, -149.6370555682913],
      [-1.0403753414323091e-09, 0.6121428608894348, 0.7907471656799316, 198.86568157928411],
      [0.0, 0.0, 0.0, 1.0]], [[0.8044590353965759, -0.4077443778514862, -0.4319608509540558,
        -108.63420572493148], [-0.5940080881118774, -0.5522040128707886, -0.5850000381469727,
        -147.1221470713452], [-3.61150256367182e-08, 0.7271968126296997, -0.686428964138031,
        -172.63061914893964], [0.0, 0.0, 0.0, 1.0]], [[0.5889350175857544, -0.17476728558540344,
        0.7890576720237732, 198.440754017212], [0.8081804513931274, 0.12735587358474731,
        -0.574999988079071, -144.60723857439916], [-2.561944967283125e-08, 0.9763386249542236,
        0.2162477821111679, 54.384383577298095], [0.0, 0.0, 0.0, 1.0]], [[0.6099339127540588,
        0.2985275983810425, -0.7340720891952515, -184.61240991064074], [-0.7924522757530212,
        0.2297704517841339, -0.5649999380111694, -142.09233007745308], [2.0676088618998278e-10,
        0.9263297319412231, 0.37671369314193726, 94.74004074445607], [0.0, 0.0, 0.0,
        1.0]], [[0.8868468403816223, 0.36039724946022034, 0.2891651690006256, 72.72239463907965],
      [0.4620634913444519, -0.6917169690132141, -0.5549998879432678, -139.577421580507],
      [2.1583169029781857e-08, 0.6258125901222229, -0.7799734473228455, -196.1561729413859],
      [0.0, 0.0, 0.0, 1.0]], [[0.8650131821632385, -0.38963639736175537, 0.3161260783672333,
        79.50283451267761], [0.5017491579055786, 0.6717312335968018, -0.544999897480011,
        -137.06251308356096], [5.373156142240987e-08, 0.6300480961799622, 0.776556134223938,
        195.29673395063213], [0.0, 0.0, 0.0, 1.0]], [[0.573880672454834, -0.2963051199913025,
        -0.7634555101394653, -192.00207507760538], [-0.8189389705657959, -0.2076391726732254,
        -0.5350000262260437, -134.54760458661488], [-5.005318826079019e-09, 0.9322496056556702,
        -0.3618159294128418, -90.99336649455844], [0.0, 0.0, 0.0, 1.0]], [[0.5423271059989929,
        0.21067747473716736, 0.8133242726325989, 204.54358023719536], [0.8401674628257751,
        -0.13599207997322083, -0.5249999165534973, -132.0326960896688], [-5.0134307372218245e-08,
        0.9680502414703369, -0.25075656175613403, -63.06297191822383], [0.0, 0.0,
        0.0, 1.0]], [[0.7651085257530212, 0.47619402408599854, -0.4334145188331604,
        -108.99978495655084], [-0.6439012885093689, 0.5658321976661682, -0.5149999856948853,
        -129.51778759272273], [-4.91021765469668e-08, 0.6731070876121521, 0.7395450472831726,
        185.9888089553443], [0.0, 0.0, 0.0, 1.0]], [[0.9412350058555603, -0.2850230634212494,
        -0.18121396005153656, -45.5736526242951], [-0.3377523720264435, -0.7942909598350525,
        -0.5049999356269836, -127.00287909577665], [-3.481749610845242e-11, 0.5365290641784668,
        -0.8438816666603088, -212.22855219781135], [0.0, 0.0, 0.0, 1.0]], [[0.5727990865707397,
        -0.412460595369339, 0.7083625197410583, 178.14667153142778], [0.8196958303451538,
        0.28822535276412964, -0.4950000047683716, -124.48797059883057], [-6.298845534047359e-08,
        0.8641773462295532, 0.5031874179840088, 126.54705084897786], [0.0, 0.0, 0.0,
        1.0]], [[0.4878615736961365, 0.09440848231315613, -0.8678008317947388, -218.2439380634323],
      [-0.8729211091995239, 0.05276315659284592, -0.4850001335144043, -121.9730621018845],
      [-5.340089614946919e-08, 0.9941345453262329, 0.10815217345952988, 27.199321685844655],
      [0.0, 0.0, 0.0, 1.0]], [[0.6399326920509338, 0.5149299502372742, 0.570379912853241,
        143.44533557582], [0.7684309482574463, -0.42882245779037476, -0.4749999940395355,
        -119.45815360493843], [6.404906827128798e-08, 0.7422655820846558, -0.6701055765151978,
        -168.52546608437208], [0.0, 0.0, 0.0, 1.0]], [[0.9976015686988831, -0.06123838573694229,
        0.03226357698440552, 8.113993814443173], [0.06921761482954025, 0.8826006650924683,
        -0.4650000035762787, -116.94324510799235], [-1.6689607473807655e-09, 0.4661179482936859,
        0.8847225904464722, 222.4996359729757], [0.0, 0.0, 0.0, 1.0]], [[0.5885265469551086,
        -0.5127877593040466, -0.6250481009483337, -157.19388361334643], [-0.8084778189659119,
        -0.3732805848121643, -0.4549998939037323, -114.42833661104628], [-8.765169923208305e-09,
        0.7731170654296875, -0.6342630386352539, -159.51139838612877], [0.0, 0.0,
        0.0, 1.0]], [[0.44546619057655334, -0.04094143211841583, 0.8943620324134827,
        224.9239211991054], [0.8952986001968384, 0.020371193066239357, -0.44499993324279785,
        -111.9134281141002], [-6.699059440506971e-08, 0.998953640460968, 0.0457296259701252,
        11.500511305341549], [0.0, 0.0, 0.0, 1.0]], [[0.5310179591178894, 0.48599064350128174,
        -0.6941419243812561, -174.57034481605152], [-0.8473605513572693, 0.304557204246521,
        -0.4349999725818634, -109.39851961715412], [-6.675735519934278e-09, 0.8191812634468079,
        0.5735346674919128, 144.23871219785462], [0.0, 0.0, 0.0, 1.0]], [[0.9593167901039124,
        0.25311335921287537, 0.12507973611354828, 31.45640474762905], [0.2823319435119629,
        -0.860037088394165, -0.42500001192092896, -106.88361112020806], [1.7404532925979765e-08,
        0.4430236518383026, -0.8965100049972534, -225.46404536948458], [0.0, 0.0,
        0.0, 1.0]], [[0.6267346143722534, -0.583926260471344, 0.5159785151481628,
        129.76388081398258], [0.7792328000068665, 0.46965011954307556, -0.4150000214576721,
        -104.36870262326201], [6.145049269434821e-08, 0.6621622443199158, 0.7493605017662048,
        188.45730717843534], [0.0, 0.0, 0.0, 1.0]], [[0.4137903153896332, -0.18664872646331787,
        -0.8910329341888428, -224.086659909428], [-0.9103721380233765, -0.08483703434467316,
        -0.4050000309944153, -101.85379412631593], [7.136793556128396e-08, 0.9787567257881165,
        -0.20502451062202454, -51.56181681075552], [0.0, 0.0, 0.0, 1.0]], [[0.4430318772792816,
        0.4059888422489166, 0.7993096113204956, 201.01902933524332], [0.8965058326721191,
        -0.2006300687789917, -0.39499977231025696, -99.33888562936986], [3.396049663706435e-08,
        0.8915832042694092, -0.4528568983078003, -113.88934597734362], [0.0, 0.0,
        0.0, 1.0]], [[0.8039491772651672, 0.5220717191696167, -0.2847925126552582,
        -71.62271960174725], [-0.5946979522705078, 0.7057685852050781, -0.3850000202655792,
        -96.82397713242378], [-3.091704314783783e-08, 0.4788859784603119, 0.8778771162033081,
        220.7780581697939], [0.0, 0.0, 0.0, 1.0]], [[0.6980165839195251, -0.6039658784866333,
        -0.38470515608787537, -96.74983130008755], [-0.7160815596580505, -0.588729202747345,
        -0.3749999403953552, -94.3090686354777], [-1.1946105438198629e-08, 0.5372364521026611,
        -0.8434315323829651, -212.1153393713639], [0.0, 0.0, 0.0, 1.0]], [[0.3918198347091675,
        -0.334537535905838, 0.8570658564567566, 215.54423285595263], [0.9200419783592224,
        0.1424701064825058, -0.36500006914138794, -91.79416013853164], [-5.954575499345083e-08,
        0.9315508008003235, 0.3636111617088318, 91.44486495761258], [0.0, 0.0, 0.0,
        1.0]], [[0.3736664950847626, 0.2895040214061737, -0.8812267780303955, -221.62049521700223],
      [-0.9275630712509155, 0.11662602424621582, -0.35499995946884155, -89.27925164158556],
      [-8.821970709504967e-09, 0.950045108795166, 0.3121125400066376, 78.49343161185297],
      [0.0, 0.0, 0.0, 1.0]], [[0.6164111495018005, 0.6525394916534424, 0.44071468710899353,
        110.8357189014415], [0.7874244451522827, -0.5108203291893005, -0.3449999988079071,
        -86.76434314463948], [-5.6102930301449305e-08, 0.5596913695335388, -0.8287009000778198,
        -208.41074745414502], [0.0, 0.0, 0.0, 1.0]], [[0.8178362846374512, -0.5249594449996948,
        0.23571467399597168, 59.280094702278156], [0.5754509568214417, 0.7460772395133972,
        -0.3349999785423279, -84.2494346476934], [4.3834759821947955e-08, 0.4096173644065857,
        0.9122574329376221, 229.42438975346212], [0.0, 0.0, 0.0, 1.0]], [[0.3792392611503601,
        -0.47685477137565613, -0.792961061000824, -199.42242236615743], [-0.9252987504005432,
        -0.1954420804977417, -0.32499992847442627, -81.73452615074734], [-9.630281283534714e-08,
        0.8569785356521606, -0.5153524875640869, -129.60637396610647], [0.0, 0.0,
        0.0, 1.0]], [[0.31891393661499023, 0.14803297817707062, 0.9361518025398254,
        235.4336034900495], [0.9477837085723877, -0.04981093481183052, -0.3149999976158142,
        -79.21961765380127], [1.7905801996676018e-07, 0.9877272844314575, -0.15618866682052612,
        -39.27999499225042], [0.0, 0.0, 0.0, 1.0]], [[0.46119430661201477, 0.6655614972114563,
        -0.586794376373291, -147.57342101281353], [-0.887299120426178, 0.3459409773349762,
        -0.3050000071525574, -76.70470915685519], [-6.634529370330711e-08, 0.6613264083862305,
        0.7500982284545898, 188.64283841124916], [0.0, 0.0, 0.0, 1.0]], [[0.9697588086128235,
        -0.23249860107898712, -0.07424450665712357, -18.67181452911802], [-0.24406524002552032,
        -0.9238001108169556, -0.2950000464916229, -74.18980065990911], [1.1402947031058375e-08,
        0.3041993975639343, -0.9526081085205078, -239.57229451743515], [0.0, 0.0,
        0.0, 1.0]], [[0.3768845796585083, -0.6060900092124939, 0.7004376649856567,
        176.15366223102816], [0.926260232925415, 0.2466111183166504, -0.28499990701675415,
        -71.67489216296306], [-1.3817202670907136e-07, 0.7561995983123779, 0.6543409824371338,
        164.5607626262712], [0.0, 0.0, 0.0, 1.0]], [[0.2750120759010315, -0.009018618613481522,
        -0.9613984227180481, -241.78291712053584], [-0.9614407420158386, -0.0025795160327106714,
        -0.2749999463558197, -69.15998366601698], [1.449535744768582e-07, 0.999955952167511,
        -0.009380240924656391, -2.3590523766705886], [0.0, 0.0, 0.0, 1.0]], [[0.34653592109680176,
        0.6044449806213379, 0.7173275947570801, 180.40135078140764], [0.9380365610122681,
        -0.22329802811145782, -0.2649998664855957, -66.64507516907092], [1.2670106741552445e-07,
        0.7647116184234619, -0.6443722248077393, -162.0537999309733], [0.0, 0.0, 0.0,
        1.0]], [[0.9383646845817566, 0.3326394259929657, -0.09392926841974258, -23.622353803523257],
      [-0.34564679861068726, 0.9030522108078003, -0.2549999952316284, -64.13016667212484],
      [-1.5523060170608005e-08, 0.271749347448349, 0.9623680710792542, 242.02676216381977],
      [0.0, 0.0, 0.0, 1.0]], [[0.38778218626976013, -0.7144795060157776, -0.5823606252670288,
        -146.45838700257673], [-0.9217509627342224, -0.30058252811431885, -0.24500006437301636,
        -61.61525817517877], [4.274787457347884e-08, 0.6317981481552124, -0.7751327157020569,
        -194.9388322441813], [0.0, 0.0, 0.0, 1.0]], [[0.23884165287017822, -0.17346423864364624,
        0.9554395079612732, 240.28431413353502], [0.9710584282875061, 0.04266529530286789,
        -0.2349999099969864, -59.100349678232696], [9.817152601954149e-08, 0.9839154481887817,
        0.17863427102565765, 44.92487650959993], [0.0, 0.0, 0.0, 1.0]], [[0.26247072219848633,
        0.49686679244041443, -0.8271835446357727, -208.02908608560782], [-0.9649400115013123,
        0.13515140116214752, -0.22500000894069672, -56.58544118128662], [5.6552835303591564e-08,
        0.8572384119033813, 0.5149198174476624, 129.49762418215036], [0.0, 0.0, 0.0,
        1.0]], [[0.633317232131958, 0.7279326915740967, 0.2627227306365967, 66.07236580921705],
      [0.7738922834396362, -0.5957061052322388, -0.21500007808208466, -54.07053268434054],
      [-5.153764703891284e-08, 0.3394823670387268, -0.9406124949455261, -236.55542152256876],
      [0.0, 0.0, 0.0, 1.0]], [[0.4202624261379242, -0.7921268939971924, 0.4426223337650299,
        111.31547040627544], [0.9074026346206665, 0.3668725788593292, -0.20500002801418304,
        -51.55562418739447], [2.0396669242472854e-08, 0.48779046535491943, 0.8729607462882996,
        219.5416387453489], [0.0, 0.0, 0.0, 1.0]], [[0.2077902853488922, -0.33788639307022095,
        -0.9179629683494568, -230.8592790610123], [-0.9781733751296997, -0.07177622616291046,
        -0.19499994814395905, -49.040715690448394], [-7.981218175245886e-08, 0.938446044921875,
        -0.34542590379714966, -86.87145075405257], [0.0, 0.0, 0.0, 1.0]], [[0.19880102574825287,
        0.3587823808193207, 0.9120050668716431, 229.36094327050807], [0.9800397753715515,
        -0.07277889549732208, -0.18500007688999176, -46.525807193502324], [3.343474475059338e-08,
        0.9305794835090637, -0.36608949303627014, -92.06820540866069], [0.0, 0.0,
        0.0, 1.0]], [[0.3799959421157837, 0.8210597634315491, -0.4259858727455139,
        -107.13155628879048], [-0.9249881505966187, 0.3373009264469147, -0.17499998211860657,
        -44.01089869655625], [1.9764261338650613e-09, 0.46053117513656616, 0.8876435160636902,
        223.2342221147526], [0.0, 0.0, 0.0, 1.0]], [[0.4997408092021942, -0.8176008462905884,
        -0.285986065864563, -71.92287575908634], [-0.8661749958992004, -0.4717159569263458,
        -0.16499991714954376, -41.49599019961017], [-1.1819540191027045e-07, 0.3301711678504944,
        -0.9439211487770081, -237.38751066560434], [0.0, 0.0, 0.0, 1.0]], [[0.1794188767671585,
        -0.49549058079719543, 0.849881112575531, 213.73733538062427], [0.9837727546691895,
        0.09036678075790405, -0.15499991178512573, -38.98108170266413], [-6.289688769811619e-09,
        0.863899827003479, 0.5036636590957642, 126.66678417721157], [0.0, 0.0, 0.0,
        1.0]], [[0.1480836272239685, 0.20077361166477203, -0.9683807492256165, -243.538882709391],
      [-0.9889748692512512, 0.030062701553106308, -0.14500002562999725, -36.46617320571805],
      [6.991079715135129e-09, 0.9791763424873352, 0.20301181077957153, 51.05563926254966],
      [0.0, 0.0, 0.0, 1.0]], [[0.22753751277923584, 0.7838601469993591, 0.5777456760406494,
        145.29774479505488], [0.9737693667411804, -0.18316210806369781, -0.13499999046325684,
        -33.95126470877198], [-2.654792474743317e-08, 0.5933085680007935, -0.8049752116203308,
        -202.44387978464925], [0.0, 0.0, 0.0, 1.0]], [[0.7274735569953918, -0.675930917263031,
        0.11789675056934357, 29.650023607069084], [0.6861357092857361, 0.7166538834571838,
        -0.12499997019767761, -31.436356211825903], [1.814612318185027e-07, 0.17182734608650208,
        0.9851270914077759, 247.7504371102884], [0.0, 0.0, 0.0, 1.0]], [[0.15091446042060852,
        -0.6401351094245911, -0.7532939910888672, -189.44654322456722], [-0.9885467886924744,
        -0.09772492945194244, -0.11499999463558197, -28.92144771487983], [-9.384849164462139e-08,
        0.762021541595459, -0.6475515961647034, -162.85332235620245], [0.0, 0.0, 0.0,
        1.0]], [[0.105051688849926, 0.03121960163116455, 0.9939767122268677, 249.9760174707848],
      [0.9944668412208557, -0.0032979727257043123, -0.10500000417232513, -26.406539217933755],
      [-4.410573239965743e-08, 0.9995071887969971, -0.031393397599458694, -7.895115964515784],
      [0.0, 0.0, 0.0, 1.0]], [[0.13217446208000183, 0.6891719102859497, -0.7124409079551697,
        -179.17235677426035], [-0.9912264943122864, 0.09189718216657639, -0.09499997645616531,
        -23.891630720987678], [4.43886705170371e-10, 0.7187468409538269, 0.695271909236908,
        174.85452247386866], [0.0, 0.0, 0.0, 1.0]], [[0.836266279220581, 0.5454837083816528,
        0.055732835084199905, 14.016299096664142], [0.5483235120773315, -0.8319351673126221,
        -0.08499941974878311, -21.376722224041604], [3.098854506333737e-07, 0.10164177417755127,
        -0.9948208928108215, -250.18838219770424], [0.0, 0.0, 0.0, 1.0]], [[0.11795352399349213,
        -0.7664303183555603, 0.6314045190811157, 158.79244516761358], [0.993019163608551,
        0.09103865176439285, -0.07500000298023224, -18.86181372709553], [1.5786017826258103e-08,
        0.6358432769775391, 0.771818220615387, 194.10522615512002], [0.0, 0.0, 0.0,
        1.0]], [[0.0656721368432045, -0.1423993855714798, -0.9876282215118408, -248.37946821421772],
      [-0.9978412389755249, -0.009371894411742687, -0.06499995291233063, -16.346905230149456],
      [-1.693497608812322e-08, 0.9897648692131042, -0.1427074372768402, -35.889635539169745],
      [0.0, 0.0, 0.0, 1.0]], [[0.06650777906179428, 0.5609988570213318, 0.825140655040741,
        207.51531486051067], [0.9977859258651733, -0.03739362582564354, -0.05500010773539543,
        -13.831996733203383], [-4.0116361788022914e-08, 0.8269716501235962, -0.5622437596321106,
        -141.39914230585447], [0.0, 0.0, 0.0, 1.0]], [[0.19301579892635345, 0.9541566967964172,
        -0.22875739634037018, -57.53041745886312], [-0.9811956286430359, 0.18769676983356476,
        -0.045000236481428146, -11.317088236257309], [-2.528396692014212e-07, 0.23314151167869568,
        0.9724428057670593, 244.5604670852941], [0.0, 0.0, 0.0, 1.0]], [[0.07148006558418274,
        -0.8696914911270142, -0.48839271068573, -122.82628312528105], [-0.9974421262741089,
        -0.06232519820332527, -0.03499990329146385, -8.802179739311262], [-7.868433016255949e-09,
        0.48964521288871765, -0.871921956539154, -219.28035316822317], [0.0, 0.0,
        0.0, 1.0]], [[0.026323655620217323, -0.31300896406173706, 0.9493853449821472,
        238.76171294464484], [0.9996535181999207, 0.0082422886043787, -0.02500002086162567,
        -6.287271242365187], [8.242547266945621e-08, 0.9497144222259521, 0.31311744451522827,
        78.74618804856186], [0.0, 0.0, 0.0, 1.0]], [[0.016449889168143272, 0.410444051027298,
        -0.9117373824119568, -229.29361577149095], [-0.9998646974563599, 0.006752775516360998,
        -0.01499994844198227, -3.7723627454191124], [9.699823522169027e-08, 0.9118607640266418,
        0.41049960255622864, 103.2368854909347], [0.0, 0.0, 0.0, 1.0]], [[0.012656095437705517,
        0.9185777306556702, 0.39503782987594604, 99.34839763798891], [0.9999199509620667,
        -0.011626603081822395, -0.0050001260824501514, -1.2574542484730382], [-7.609357055571309e-08,
        0.3950694799423218, -0.9186513423919678, -231.03238339179325], [0.0, 0.0,
        0.0, 1.0]], [[-0.015184346586465836, -0.9441202878952026, 0.3292514383792877,
        82.80371613606042], [0.9998847842216492, -0.01433752104640007, 0.004999971482902765,
        1.2574542484730362], [4.535703723718143e-08, 0.32928940653800964, 0.9442290663719177,
        237.46496769626302], [0.0, 0.0, 0.0, 1.0]], [[-0.017033090814948082, -0.47372281551361084,
        -0.8805093169212341, -221.44001629635065], [-0.9998549818992615, 0.008070118725299835,
        0.01499992422759533, 3.7723627454191107], [3.73421826793674e-08, 0.8806370496749878,
        -0.47379156947135925, -119.15425272353669], [0.0, 0.0, 0.0, 1.0]], [[-0.025788120925426483,
        0.24528567492961884, 0.9691077470779419, 243.72174765857324], [0.9996674060821533,
        0.00632772222161293, 0.02499981038272381, 6.287271242365185], [-9.867837036381388e-08,
        0.969430148601532, -0.24536722898483276, -61.70759611823492], [0.0, 0.0, 0.0,
        1.0]], [[-0.0636599212884903, 0.8336039185523987, -0.5486820936203003, -137.9885082716121],
      [-0.9979717135429382, -0.05317510664463043, 0.03499989211559296, 8.802179739311258],
      [-1.3855090230663336e-07, 0.5497972965240479, 0.8352981209754944, 210.0698471864242],
      [0.0, 0.0, 0.0, 1.0]], [[-0.2713887691497803, -0.949146568775177, -0.15959081053733826,
        -40.135627755166546], [-0.9624699950218201, 0.2676316797733307, 0.044999975711107254,
        11.317088236257334], [7.265931856181851e-09, 0.16581383347511292, -0.9861573576927185,
        -248.00948042094475], [0.0, 0.0, 0.0, 1.0]], [[-0.07003217935562134, -0.6175292134284973,
        0.7834239602088928, 197.02397359350556], [0.9975447058677673, -0.04335324466228485,
        0.05500003695487976, 13.831996733203408], [-1.2535011251202377e-07, 0.7853522300720215,
        0.6190491318702698, 155.68518611580808], [0.0, 0.0, 0.0, 1.0]], [[-0.06517231464385986,
        0.07252946496009827, -0.9952345490455627, -250.2924113229454], [-0.9978739023208618,
        -0.004736918490380049, 0.065000019967556, 16.346905230149485], [-1.7069048396933795e-08,
        0.9973549246788025, 0.07268407940864563, 18.27936004507619], [0.0, 0.0, 0.0,
        1.0]], [[-0.1089526042342186, 0.7210378646850586, 0.6842763423919678, 172.08920296679304],
      [0.9940471053123474, 0.07902900874614716, 0.07500017434358597, 18.86181372709556],
      [1.7538441454689746e-07, 0.6883742809295654, -0.7253560423851013, -182.42035436127674],
      [0.0, 0.0, 0.0, 1.0]], [[-0.9856033325195312, 0.16844618320465088, -0.014581565745174885,
        -3.667089841972338], [-0.1690761297941208, -0.981931209564209, 0.08500044792890549,
        21.376722224041632], [-9.002468459584634e-08, 0.08624209463596344, 0.9962742328643799,
        250.55385784130843], [0.0, 0.0, 0.0, 1.0]], [[-0.1421288102865219, -0.7362449765205383,
        -0.6616209149360657, -166.3916534855368], [-0.9898478984832764, 0.10571522265672684,
        0.0949999988079071, 23.891630720987706], [-1.3667609266576619e-08, 0.6684064865112305,
        -0.74379563331604, -187.05789240755524], [0.0, 0.0, 0.0, 1.0]], [[-0.10554448515176773,
        -0.10086432844400406, 0.9892860651016235, 248.7963747640311], [0.9944146871566772,
        -0.010705681517720222, 0.10500004887580872, 26.40653921793378], [1.348943641232836e-07,
        0.9948426485061646, 0.10143078863620758, 25.508940999638117], [0.0, 0.0, 0.0,
        1.0]], [[-0.142795130610466, 0.5867257714271545, -0.7970962524414062, -200.46240624787043],
      [-0.9897522926330566, -0.08464904874563217, 0.11499994993209839, 28.921447714879857],
      [8.461711331619881e-10, 0.8053492307662964, 0.5928006172180176, 149.08393952235343],
      [0.0, 0.0, 0.0, 1.0]], [[-0.5555311441421509, 0.8101738095283508, 0.18709494173526764,
        47.052660899397566], [0.8314962983131409, 0.5412846803665161, 0.12500016391277313,
        31.43635621182593], [1.6921534040648112e-07, 0.22501012682914734, -0.9743570685386658,
        -245.04173132453383], [0.0, 0.0, 0.0, 1.0]], [[-0.2515012323856354, -0.8166046142578125,
        0.5195228457450867, 130.6552529679024], [0.9678569436073303, -0.21219775080680847,
        0.13499996066093445, 33.95126470877201], [3.96367028088207e-09, 0.5367764830589294,
        0.8437244892120361, 212.18898175137144], [0.0, 0.0, 0.0, 1.0]], [[-0.1506289392709732,
        -0.2677265703678131, -0.9516476988792419, -239.33070042002885], [-0.9885903596878052,
        0.0407928042113781, 0.14500010013580322, 36.46617320571808], [-1.7684548936358624e-08,
        0.9626309871673584, -0.27081647515296936, -68.10786686062394], [0.0, 0.0,
        0.0, 1.0]], [[-0.17283913493156433, 0.4357987940311432, 0.8832929134368896,
        222.14006251602206], [0.9849501848220825, 0.07647377252578735, 0.1550002247095108,
        38.981081702664156], [7.034719118337307e-08, 0.8967894911766052, -0.44245782494544983,
        -111.27405526349598], [0.0, 0.0, 0.0, 1.0]], [[-0.42457354068756104, 0.8342258334159851,
        -0.351858526468277, -88.48919865291458], [-0.9053933620452881, -0.39120036363601685,
        0.16499990224838257, 41.49599019961017], [-3.2954417861219554e-08, 0.38862499594688416,
        0.921396017074585, 231.7226618163066], [0.0, 0.0, 0.0, 1.0]], [[-0.4349343478679657,
        -0.824356734752655, -0.3623097538948059, -91.11757420126118], [-0.90046226978302,
        0.3981742560863495, 0.17500005662441254, 44.01089869655625], [-2.098329510147323e-08,
        0.4023597538471222, -0.9154818058013916, -230.23526217266252], [0.0, 0.0,
        0.0, 1.0]], [[-0.20485885441303253, -0.4204019606113434, 0.8839091658592224,
        222.29502300272873], [0.9787917137145996, -0.08798936754465103, 0.1849999576807022,
        46.525807193502324], [1.220756189468375e-07, 0.9030616879463196, 0.42951107025146484,
        108.01814427828722], [0.0, 0.0, 0.0, 1.0]], [[-0.20311324298381805, 0.27397897839546204,
        -0.9400427341461182, -236.41216155416177], [-0.9791551828384399, -0.056833453476428986,
        0.19499990344047546, 49.040715690448394], [-5.550296222622819e-08, 0.960054874420166,
        0.27981165051460266, 70.37006148905266], [0.0, 0.0, 0.0, 1.0]], [[-0.3773500621318817,
        0.7774947285652161, 0.5030990242958069, 126.52480142226851], [0.926070511341095,
        0.31680941581726074, 0.20500002801418304, 51.55562418739447], [-1.0657281279691233e-08,
        0.5432620644569397, -0.8395629525184631, -211.14246309025378], [0.0, 0.0,
        0.0, 1.0]], [[-0.7394910454750061, -0.6440869569778442, 0.19571661949157715,
        49.220979068488376], [0.6731663942337036, -0.7075464725494385, 0.2150000035762787,
        54.07053268434054], [-9.928433541972481e-08, 0.290740430355072, 0.9568019509315491,
        240.62693156603774], [0.0, 0.0, 0.0, 1.0]], [[-0.27430257201194763, -0.5500478744506836,
        -0.7888001799583435, -198.37600682545158], [-0.9616435766220093, 0.15689748525619507,
        0.22499996423721313, 56.58544118128662], [9.815305190841173e-08, 0.820262610912323,
        -0.5719874501228333, -143.8495576719757], [0.0, 0.0, 0.0, 1.0]], [[-0.23645593225955963,
        0.10765006393194199, 0.9656605124473572, 242.8547756445567], [0.9716423153877258,
        0.026197345927357674, 0.2350001335144043, 59.100349678232696], [-4.3102502900183026e-08,
        0.9938437342643738, -0.11079196631908417, -27.863131458222327], [0.0, 0.0,
        0.0, 1.0]], [[-0.35967350006103516, 0.6831271052360535, -0.6355885863304138,
        -159.84467336948018], [-0.9330784678459167, -0.26332488656044006, 0.24500000476837158,
        61.61525817517877], [-4.3669160731951706e-08, 0.6811738610267639, 0.7321217656135559,
        184.121937409766], [0.0, 0.0, 0.0, 1.0]], [[-0.994917094707489, -0.09733414649963379,
        -0.025809142738580704, -6.490761910503605], [-0.10069780051708221, 0.9616833925247192,
        0.2549999952316284, 64.13016667212484], [1.9868156897473455e-08, 0.25630277395248413,
        -0.9665966033935547, -243.0901874048851], [0.0, 0.0, 0.0, 1.0]], [[-0.36775752902030945,
        -0.6447781324386597, 0.6700863242149353, 168.5205583502892], [0.9299218058586121,
        -0.254991352558136, 0.26499998569488525, 66.64507516907092], [-1.1130190102903725e-08,
        0.7205835580825806, 0.693368136882782, 174.37575189552928], [0.0, 0.0, 0.0,
        1.0]], [[-0.27547118067741394, -0.05619892105460167, -0.9596651196479797,
        -241.3470208454557], [-0.9613092541694641, 0.01610442064702511, 0.27500012516975403,
        69.15998366601698], [7.005566970974542e-08, 0.9982896447181702, -0.05846075341105461,
        -14.702369484370912], [0.0, 0.0, 0.0, 1.0]], [[-0.3573606610298157, 0.5634633302688599,
        0.7448504567146301, 187.3230832535243], [0.933966338634491, 0.21559642255306244,
        0.28499990701675415, 71.67489216296306], [-3.267379611315846e-08, 0.7975130677223206,
        -0.6033013463020325, -151.72481601220133], [0.0, 0.0, 0.0, 1.0]], [[-0.9019317030906677,
        0.408125102519989, -0.14125725626945496, -35.52490743691735], [-0.43187928199768066,
        -0.8523237705230713, 0.2950000464916229, 74.18980065990914], [2.340009253032349e-08,
        0.32707589864730835, 0.9449980854988098, 237.6583722694341], [0.0, 0.0, 0.0,
        1.0]], [[-0.4970722794532776, -0.6851627230644226, -0.5324201583862305, -133.8987958803555],
      [-0.8677091598510742, 0.39249950647354126, 0.3049999475479126, 76.70470915685522],
      [5.527667568117067e-08, 0.613592803478241, -0.7896226048469543, -198.58284803846647],
