{cam2Pos: [[[0.9950000047683716, -1.047081532590255e-09, 0.09987492114305496, 26.241139413665685],
      [0.09987492114305496, -3.066723408551297e-08, -0.9949999451637268, -261.4263245666973],
      [9.476451623413595e-09, 0.9999999403953552, -3.014039862136997e-08, 0.0], [
        0.0, 0.0, 0.0, 1.0]], [[0.9917600154876709, 0.01493225060403347, -0.12723620235919952,
        -33.43004221206979], [-0.1281094253063202, 0.11559828370809555, -0.9850000143051147,
        -258.79892431979584], [1.7641989202843433e-08, 0.9931837916374207, 0.11655872315168381,
        30.624657104944525], [0.0, 0.0, 0.0, 1.0]], [[0.9998015761375427, 0.004409503191709518,
        0.01942642219364643, 5.104098322402647], [0.019920581951737404, -0.22131036221981049,
        -0.9750001430511475, -256.17152407289433], [-6.844757538537749e-10, 0.9751936197280884,
        -0.22135429084300995, -58.15856780101595], [0.0, 0.0, 0.0, 1.0]], [[0.9866037368774414,
        -0.03395194560289383, 0.15956304967403412, 41.92359149637276], [0.16313523054122925,
        0.2053333967924118, -0.9650002121925354, -253.54412382599287], [-1.660281157001009e-08,
        0.9781031012535095, 0.20812144875526428, 54.68190124286524], [0.0, 0.0, 0.0,
        1.0]], [[0.9562770128250122, -0.015109590254724026, -0.29207178950309753,
        -76.73893357707105], [-0.2924623489379883, -0.04940449818968773, -0.9549999833106995,
        -250.91672357909138], [5.360218935379635e-09, 0.9986645579338074, -0.05166337639093399,
        -13.574036833872587], [0.0, 0.0, 0.0, 1.0]], [[0.9599064588546753, 0.04920964688062668,
        0.2759672999382019, 72.50766092372695], [0.2803204357624054, -0.168509379029274,
        -0.9449999928474426, -248.2893233321899], [-2.989169445299922e-08, 0.9844709038734436,
        -0.17554770410060883, -46.12343873555729], [0.0, 0.0, 0.0, 1.0]], [[0.9951869249343872,
        0.03356204554438591, -0.09206807613372803, -24.189967745670465], [-0.0979945957660675,
        0.3408401310443878, -0.9350000619888306, -245.66192308528844], [-1.4278920268395723e-08,
        0.9395220279693604, 0.342488557100296, 89.98547427602341], [0.0, 0.0, 0.0,
        1.0]], [[0.9825451374053955, -0.06272763758897781, -0.1751294732093811, -46.013531077102115],
      [-0.18602442741394043, -0.3313150703907013, -0.9249999523162842, -243.03452283838695],
      [1.6354208653979185e-08, 0.941432535648346, -0.3372008502483368, -88.59625410091417],
      [0.0, 0.0, 0.0, 1.0]], [[0.9238911867141724, -0.05295968055725098, 0.3789728283882141,
        99.57131831479343], [0.38265538215637207, 0.12786678969860077, -0.9150000810623169,
        -240.4071225914855], [2.9399267020835396e-08, 0.9903764724731445, 0.13840028643608093,
        36.36328574972513], [0.0, 0.0, 0.0, 1.0]], [[0.917163074016571, 0.06468597054481506,
        -0.393227219581604, -103.31654789213823], [-0.3985121250152588, 0.14887270331382751,
        -0.9049999117851257, -237.779722344584], [-4.559883848287427e-08, 0.9867382645606995,
        0.16231869161128998, 42.64756906980355], [0.0, 0.0, 0.0, 1.0]], [[0.9784079790115356,
        0.08350346237421036, 0.18906337022781372, 49.67450829311825], [0.20668281614780426,
        -0.3952942490577698, -0.895000159740448, -235.15232209768251], [6.069097224781217e-09,
        0.9147514700889587, -0.40401777625083923, -106.15153890586946], [0.0, 0.0,
        0.0, 1.0]], [[0.9878304600715637, -0.06909627467393875, 0.13934385776519775,
        36.61121457405892], [0.15553458034992218, 0.43884390592575073, -0.8849999904632568,
        -232.52492185078103], [-1.7233876548061744e-09, 0.8959027528762817, 0.444250226020813,
        116.72232117243041], [0.0, 0.0, 0.0, 1.0]], [[0.9019775390625, -0.10481221973896027,
        -0.4188686013221741, -110.05353994519643], [-0.43178293108940125, -0.21894867718219757,
        -0.875, -229.89752160387957], [-3.380895208238144e-08, 0.9700906276702881,
        -0.24274292588233948, -63.778275926089464], [0.0, 0.0, 0.0, 1.0]], [[0.8700645565986633,
        0.05310919135808945, 0.4900684654712677, 128.7605887834777], [0.4929378032684326,
        -0.0937410369515419, -0.8650000095367432, -227.27012135697808], [4.556390109655695e-08,
        0.9941791296005249, -0.10774029046297073, -28.307654242205025], [0.0, 0.0,
        0.0, 1.0]], [[0.9441924691200256, 0.1397520750761032, -0.29827821254730225,
        -78.36962800503565], [-0.3293941915035248, 0.40059271454811096, -0.8549999594688416,
        -224.6427211100766], [4.9491148956803954e-08, 0.9055356383323669, 0.4242701530456543,
        111.47273134176044], [0.0, 0.0, 0.0, 1.0]], [[0.9967091083526611, -0.04298953339457512,
        -0.0687231793999672, -18.05633174960197], [-0.08106154948472977, -0.5285865664482117,
        -0.8450000286102295, -222.0153208631751], [2.1412569495282696e-09, 0.847790002822876,
        -0.5303317904472351, -139.33946590951658], [0.0, 0.0, 0.0, 1.0]], [[0.8930333852767944,
        -0.15956968069076538, 0.4207480549812317, 110.5473573341577], [0.449990451335907,
        0.31667593121528625, -0.8349999189376831, -219.38792061627362], [-7.431907533828053e-08,
        0.9350153803825378, 0.3546070158481598, 93.16942979476308], [0.0, 0.0, 0.0,
        1.0]], [[0.8252250552177429, 0.013188217766582966, -0.5646500587463379, -148.3561903966477],
      [-0.5648040175437927, 0.01926911622285843, -0.824999988079071, -216.76052036937213],
      [-2.0633439845596513e-08, 0.9997272491455078, 0.023350130766630173, 6.134994243863305],
      [0.0, 0.0, 0.0, 1.0]], [[0.8930031061172485, 0.18395370244979858, 0.41073888540267944,
        107.917567208758], [0.4500504434108734, -0.3650059998035431, -0.8149998188018799,
        -214.13312012247067], [-4.201867298547768e-09, 0.9126506447792053, -0.40873992443084717,
        -107.39239325268038], [0.0, 0.0, 0.0, 1.0]], [[0.9994210600852966, 0.020163321867585182,
        -0.02740422450006008, -7.200185782780301], [-0.03402280434966087, 0.5922983288764954,
        -0.8050001263618469, -211.5057198755692], [3.6710725570543445e-09, 0.8054664134979248,
        0.5926414728164673, 155.71065589352037], [0.0, 0.0, 0.0, 1.0]], [[0.8983873128890991,
        -0.20455697178840637, -0.38866013288497925, -102.11659288873635], [-0.4392041265964508,
        -0.4184189736843109, -0.7950000762939453, -208.87831962866773], [5.495426336210585e-09,
        0.8849191069602966, -0.4657445549964905, -122.36980681556959], [0.0, 0.0,
        0.0, 1.0]], [[0.7876921892166138, -0.050892192870378494, 0.6139633059501648,
        161.31273305464086], [0.616068959236145, 0.06506974250078201, -0.7849998474121094,
        -206.25091938176624], [-1.5028618349788303e-08, 0.99658203125, 0.08260805159807205,
        21.70440007919966], [0.0, 0.0, 0.0, 1.0]], [[0.8310174942016602, 0.20076772570610046,
        -0.5187506675720215, -136.2965577318743], [-0.556246280670166, 0.299941748380661,
        -0.7750000953674316, -203.62351913486475], [-3.552731442368895e-09, 0.9325917363166809,
        0.3609331250190735, 94.83159483924562], [0.0, 0.0, 0.0, 1.0]], [[0.9833542108535767,
        0.11416635662317276, 0.14135268330574036, 37.13899807452631], [0.1816990226507187,
        -0.6178680658340454, -0.7650002241134644, -200.99611888796326], [-1.5154700605535254e-08,
        0.7779498100280762, -0.6283270716667175, -165.0865699812546], [0.0, 0.0, 0.0,
        1.0]], [[0.9180662631988525, -0.22554214298725128, 0.32601386308670044, 85.65688036283733],
      [0.3964269161224365, 0.522322416305542, -0.7549999952316284, -198.36871864106178],
      [-2.459004377897145e-08, 0.8223807215690613, 0.5689375996589661, 149.4826775428827],
      [0.0, 0.0, 0.0, 1.0]], [[0.7608005404472351, -0.13157802820205688, -0.6355074048042297,
        -166.97325555699217], [-0.6489856839179993, -0.1542476862668991, -0.744999885559082,
        -195.74131839416032], [-5.535759939334639e-08, 0.9792315363883972, -0.20274394750595093,
        -53.26902266979336], [0.0, 0.0, 0.0, 1.0]], [[0.7666577696800232, 0.18259860575199127,
        0.6155433654785156, 161.7278635849478], [0.6420559883117676, -0.21803508698940277,
        -0.7350000739097595, -193.11391814725883], [-1.2610779975830155e-08, 0.958706796169281,
        -0.28439685702323914, -74.72237504417227], [0.0, 0.0, 0.0, 1.0]], [[0.9388487339019775,
        0.21877074241638184, -0.2658991515636444, -69.86234462720348], [-0.3443298041820526,
        0.5964997410774231, -0.7250000238418579, -190.48651790035734], [-5.994323259983503e-09,
        0.7722223997116089, 0.635352373123169, 166.93250095642344], [0.0, 0.0, 0.0,
        1.0]], [[0.9493634700775146, -0.206687793135643, -0.2366202473640442, -62.169614153997415],
      [-0.3141798675060272, -0.6245526671409607, -0.7150000333786011, -187.85911765345585],
      [-2.0020632263140214e-08, 0.7531362175941467, -0.6578646302223206, -172.8473649338853],
      [0.0, 0.0, 0.0, 1.0]], [[0.746821939945221, -0.2194214165210724, 0.6277827620506287,
        164.9436721556942], [0.6650240421295166, 0.24641023576259613, -0.7049999833106995,
        -185.23171740655437], [-1.8057253470260548e-09, 0.9440001249313354, 0.32994508743286133,
        86.6897713492939], [0.0, 0.0, 0.0, 1.0]], [[0.7069740891456604, 0.12961480021476746,
        -0.6952608227729797, -182.67285233235643], [-0.7072394490242004, 0.12956616282463074,
        -0.6949999928474426, -182.60431715965288], [-1.383776293550909e-08, 0.9830628633499146,
        0.18326860666275024, 48.151977629144376], [0.0, 0.0, 0.0, 1.0]], [[0.8668250441551208,
        0.3055483102798462, 0.3940235376358032, 103.52576631394174], [0.4986124038696289,
        -0.5311878323554993, -0.684999942779541, -179.97691691275142], [-3.421362393396521e-08,
        0.7902401685714722, -0.6127970814704895, -161.00635286183993], [0.0, 0.0,
        0.0, 1.0]], [[0.9832901358604431, -0.1323755383491516, 0.1249687522649765,
        32.834290569481844], [0.18204525113105774, 0.7150066494941711, -0.675000011920929,
        -177.34951666584993], [-3.1583056170347845e-09, 0.6864708065986633, 0.7271573543548584,
        191.05334039311603], [0.0, 0.0, 0.0, 1.0]], [[0.7477662563323975, -0.3036261796951294,
        -0.5904716849327087, -155.14054014355872], [-0.6639620661735535, -0.34194931387901306,
        -0.6650000214576721, -174.72211641894845], [2.7388123768901096e-08, 0.8893153667449951,
        -0.45729443430900574, -120.14955435717559], [0.0, 0.0, 0.0, 1.0]], [[0.6562784314155579,
        0.047073449939489365, 0.7530489563941956, 197.85609030974325], [0.7545188069343567,
        -0.040944404900074005, -0.6549999713897705, -172.09471617204696], [6.059867274643693e-09,
        0.9980519413948059, -0.062388744205236435, -16.391972644710595], [0.0, 0.0,
        0.0, 1.0]], [[0.7791330218315125, 0.35164231061935425, -0.5189406871795654,
        -136.34646607683544], [-0.6268585920333862, 0.4370621144771576, -0.6449999809265137,
        -169.46731592514547], [1.7501157856258942e-08, 0.827843189239502, 0.5609595775604248,
        147.38653464840309], [0.0, 0.0, 0.0, 1.0]], [[0.9999824166297913, 0.004584483802318573,
        0.0037685276474803686, 0.9901432213959658], [0.00593458442017436, -0.7724887728691101,
        -0.6349998712539673, -166.839915678244], [-5.242336009736448e-10, 0.6350110769271851,
        -0.7725023627281189, -202.96744252972488], [0.0, 0.0, 0.0, 1.0]], [[0.7660124897956848,
        -0.3716650903224945, 0.524490237236023, 137.80456555775774], [0.642825722694397,
        0.4428883492946625, -0.6250000596046448, -164.21251543134252], [5.239300904236188e-08,
        0.8159136176109314, 0.5781738758087158, 151.90942058124097], [0.0, 0.0, 0.0,
        1.0]], [[0.616634726524353, -0.057287055999040604, -0.7851622104644775, -206.29354284144762],
      [-0.7872493267059326, -0.04487161338329315, -0.6149998903274536, -161.58511518444107],
      [-1.0379199721910481e-08, 0.9973487854003906, -0.07276857644319534, -19.119239182936827],
      [0.0, 0.0, 0.0, 1.0]], [[0.6902298331260681, 0.3483119308948517, 0.634240984916687,
        166.6404740207182], [0.7235902547836304, -0.33225366473197937, -0.6050000786781311,
        -158.95771493753958], [3.51699149803153e-08, 0.8765196800231934, -0.4813665449619293,
        -126.47417860640911], [0.0, 0.0, 0.0, 1.0]], [[0.9719952940940857, 0.18582573533058167,
        -0.14385376870632172, -37.79612614479023], [-0.23500023782253265, 0.7686024904251099,
        -0.5950000882148743, -156.3303146906381], [4.64019507262492e-08, 0.6121429800987244,
        0.7907471060752869, 207.760935046396], [0.0, 0.0, 0.0, 1.0]], [[0.8044590353965759,
        -0.4077444076538086, -0.4319608211517334, -113.49340912014567], [-0.5940081477165222,
        -0.5522041916847229, -0.5849999189376831, -153.7029144437366], [-1.282108144096128e-07,
        0.7271966934204102, -0.6864291429519653, -180.35237939092522], [0.0, 0.0,
        0.0, 1.0]], [[0.5889350175857544, -0.17476728558540344, 0.7890576720237732,
        207.31700049257057], [0.8081804513931274, 0.12735587358474731, -0.574999988079071,
        -151.07551419683514], [-2.561944967283125e-08, 0.9763386249542236, 0.2162477821111679,
        56.816994738414074], [0.0, 0.0, 0.0, 1.0]], [[0.6099340915679932, 0.2985275387763977,
        -0.7340719103813171, -192.87011514307827], [-0.7924520969390869, 0.22977054119110107,
        -0.5649999380111694, -148.44811394993366], [-5.821266313432716e-08, 0.9263296127319336,
        0.37671375274658203, 98.97775873186286], [0.0, 0.0, 0.0, 1.0]], [[0.8868468999862671,
        0.36039718985557556, 0.2891651690006256, 75.9752642539511], [0.46206343173980713,
        -0.6917169690132141, -0.5550001263618469, -145.8207137030322], [-5.367646238596535e-08,
        0.6258127689361572, -0.7799733877182007, -204.93023020252585], [0.0, 0.0,
        0.0, 1.0]], [[0.8650131821632385, -0.38963624835014343, 0.31612610816955566,
        83.05899291430796], [0.5017490983009338, 0.6717312335968018, -0.5450000166893005,
        -143.1933134561307], [3.757228306255911e-09, 0.6300482153892517, 0.7765560150146484,
        204.03234854232022], [0.0, 0.0, 0.0, 1.0]], [[0.573880672454834, -0.2963050603866577,
        -0.7634555101394653, -200.59031971822648], [-0.8189389109611511, -0.2076392024755478,
        -0.5350000262260437, -140.56591320922922], [-7.850452021784804e-08, 0.9322496056556702,
        -0.361815869808197, -95.0634959023427], [0.0, 0.0, 0.0, 1.0]], [[0.5423271656036377,
        0.21067750453948975, 0.8133242130279541, 213.69280586944706], [0.8401674032211304,
        -0.13599205017089844, -0.5249999761581421, -137.93851296232774], [-9.152709878890164e-08,
        0.9680502414703369, -0.25075656175613403, -65.88377596619786], [0.0, 0.0,
        0.0, 1.0]], [[0.765108585357666, 0.47619402408599854, -0.433414489030838,
        -113.8753406952249], [-0.6439012885093689, 0.565832257270813, -0.5149999260902405,
        -135.31111271542625], [-4.3107391434205056e-08, 0.6731070280075073, 0.7395450472831726,
        194.30808045842892], [0.0, 0.0, 0.0, 1.0]], [[0.9412350654602051, -0.2850230038166046,
        -0.18121393024921417, -47.612160165142924], [-0.3377522826194763, -0.7942909598350525,
        -0.5050001740455627, -132.68371246852476], [5.688404058901142e-08, 0.5365292429924011,
        -0.8438816666603088, -221.72152629854918], [0.0, 0.0, 0.0, 1.0]], [[0.5727991461753845,
        -0.4124605357646942, 0.7083625197410583, 186.11516456154672], [0.819695770740509,
        0.288225382566452, -0.4950000047683716, -130.0563122216233], [-1.1224454965486075e-07,
        0.8641773462295532, 0.5031874179840088, 132.20749504366094], [0.0, 0.0, 0.0,
        1.0]], [[0.4878615736961365, 0.09440848231315613, -0.8678008317947388, -228.0059801177368],
      [-0.8729211091995239, 0.05276315659284592, -0.4850001335144043, -127.4289119747218],
      [-5.340089614946919e-08, 0.9941345453262329, 0.10815217345952988, 28.415946186400536],
      [0.0, 0.0, 0.0, 1.0]], [[0.6399326920509338, 0.5149299502372742, 0.5703798532485962,
        149.8616393266164], [0.7684308886528015, -0.42882245779037476, -0.4749999940395355,
        -124.80151172782033], [1.47277035011939e-08, 0.7422655820846558, -0.6701055765151978,
        -176.06360300462296], [0.0, 0.0, 0.0, 1.0]], [[0.9976015686988831, -0.061238374561071396,
        0.03226359561085701, 8.476932412178423], [0.06921761482954025, 0.8826006054878235,
        -0.46500009298324585, -122.17411148091884], [-1.6714809092377436e-08, 0.4661180377006531,
        0.8847225308418274, 232.4520352135188], [0.0, 0.0, 0.0, 1.0]], [[0.5885264873504639,
        -0.5127878189086914, -0.6250481605529785, -164.22515933229414], [-0.8084779381752014,
        -0.3732808232307434, -0.4549998939037323, -119.54671123401735], [-5.7190185032141017e-08,
        0.7731171250343323, -0.6342633366584778, -166.64633644215726], [0.0, 0.0,
        0.0, 1.0]], [[0.44546598196029663, -0.040941473096609116, 0.8943622708320618,
        234.98475861456], [0.8952988982200623, 0.02037091739475727, -0.44499996304512024,
        -116.91931098711588], [-3.323646069475217e-08, 0.9989538788795471, 0.04572939872741699,
        12.014928686208815], [0.0, 0.0, 0.0, 1.0]], [[0.5310179591178894, 0.4859907031059265,
        -0.6941420435905457, -182.37886890451176], [-0.8473606705665588, 0.30455711483955383,
        -0.43500012159347534, -114.29191074021439], [4.169088541061683e-08, 0.819181501865387,
        0.5735345482826233, 150.69050365116374], [0.0, 0.0, 0.0, 1.0]], [[0.9593167901039124,
        0.25311338901519775, 0.12507975101470947, 32.86344839222424], [0.2823319435119629,
        -0.8600368499755859, -0.42499998211860657, -111.6645104933129], [2.118914999016397e-08,
        0.4430236220359802, -0.8965097665786743, -235.5490425160757], [0.0, 0.0, 0.0,
        1.0]], [[0.6267346143722534, -0.583926260471344, 0.5159784555435181, 135.56821367599167],
      [0.7792327404022217, 0.46965017914772034, -0.41499999165534973, -109.03711024641146],
      [1.8338397467232426e-08, 0.662162184715271, 0.7493605017662048, 196.8869945019025],
      [0.0, 0.0, 0.0, 1.0]], [[0.4137902557849884, -0.18664877116680145, -0.8910329937934875,
        -234.1100466630553], [-0.9103721976280212, -0.08483703434467316, -0.4050000011920929,
        -106.40970999950997], [1.0296301411472086e-07, 0.9787567853927612, -0.20502455532550812,
        -53.868174680620584], [0.0, 0.0, 0.0, 1.0]], [[0.44303184747695923, 0.40598881244659424,
        0.7993096709251404, 210.0106019557656], [0.8965058922767639, -0.2006300985813141,
        -0.39499977231025696, -103.78230975260848], [5.030359417901309e-08, 0.891583263874054,
        -0.4528568983078003, -118.98361157222544], [0.0, 0.0, 0.0, 1.0]], [[0.8039491772651672,
        0.5220717191696167, -0.2847925126552582, -74.8264007990353], [-0.5946979522705078,
        0.7057685852050781, -0.3850000202655792, -101.15490950570701], [-3.091704314783783e-08,
        0.4788859784603119, 0.8778771162033081, 230.6534513085247], [0.0, 0.0, 0.0,
        1.0]], [[0.6980166435241699, -0.6039658188819885, -0.384705126285553, -101.07744713344833],
      [-0.7160815000534058, -0.5887289643287659, -0.3750001788139343, -98.52750925880552],
      [1.9541251106147683e-07, 0.5372365713119507, -0.8434313535690308, -221.60324946719658],
      [0.0, 0.0, 0.0, 1.0]], [[0.39181965589523315, -0.33453747630119324, 0.8570660352706909,
        225.18551721131027], [0.920042097568512, 0.14246989786624908, -0.36500000953674316,
        -95.90010901190404], [5.7981708323495695e-09, 0.931550920009613, 0.36361098289489746,
        95.53518987241938], [0.0, 0.0, 0.0, 1.0]], [[0.3736664354801178, 0.2895040214061737,
        -0.8812268972396851, -231.53357052897428], [-0.9275631308555603, 0.11662585288286209,
        -0.35500001907348633, -93.27270876500256], [-9.182620885894721e-08, 0.9500451683998108,
        0.312112420797348, 82.00443946472112], [0.0, 0.0, 0.0, 1.0]], [[0.6164112687110901,
        0.6525394320487976, 0.44071468710899353, 115.79339588727588], [0.7874243855476379,
        -0.5108205080032349, -0.345000296831131, -90.64530851810107], [-1.8616013619521254e-07,
        0.5596915483474731, -0.8287009596824646, -217.73295131130357], [0.0, 0.0,
        0.0, 1.0]], [[0.817836344242096, -0.5249593257904053, 0.23571467399597168,
        61.931690813500246], [0.5754508376121521, 0.746077299118042, -0.3349999785423279,
        -88.01790827119959], [6.1388316652255526e-09, 0.4096173644065857, 0.9122574329376221,
        239.68653293567272], [0.0, 0.0, 0.0, 1.0]], [[0.3792392611503601, -0.47685477137565613,
        -0.792961061000824, -208.3425788249539], [-0.9252987504005432, -0.1954420804977417,
        -0.32499992847442627, -85.39050802429811], [-9.630281283534714e-08, 0.8569785356521606,
        -0.5153524875640869, -135.40366155351845], [0.0, 0.0, 0.0, 1.0]], [[0.31891411542892456,
        0.1480330377817154, 0.9361516833305359, 245.96453854675798], [0.9477835893630981,
        -0.04981079697608948, -0.31500008702278137, -82.76310777739663], [1.000915759163945e-07,
        0.987727165222168, -0.15618860721588135, -41.03698749527137], [0.0, 0.0, 0.0,
        1.0]], [[0.46119436621665955, 0.6655614376068115, -0.5867943167686462, -154.17437384938648],
      [-0.8872990608215332, 0.34594106674194336, -0.304999977350235, -80.13570753049514],
      [-1.9396399153492894e-08, 0.6613263487815857, 0.7500982284545898, 197.08082453885805],
      [0.0, 0.0, 0.0, 1.0]], [[0.9697588086128235, -0.2324986755847931, -0.07424452155828476,
        -19.507003997750342], [-0.2440653145313263, -0.9238005876541138, -0.2949998676776886,
        -77.50830728359367], [-4.812531884113014e-08, 0.30419921875, -0.952608585357666,
        -250.28835304752673], [0.0, 0.0, 0.0, 1.0]], [[0.37688446044921875, -0.6060900092124939,
        0.7004377245903015, 184.0330080400249], [0.9262602925300598, 0.24661095440387726,
        -0.28499987721443176, -74.88090703669221], [-3.913129376087454e-08, 0.7561996579170227,
        0.6543409824371338, 171.92155852970274], [0.0, 0.0, 0.0, 1.0]], [[0.2750120460987091,
        -0.009018585085868835, -0.9613984823226929, -252.59785670551102], [-0.9614408016204834,
        -0.0025795665569603443, -0.2749999165534973, -72.25350678979072], [1.1114439502080131e-07,
        0.9999560117721558, -0.009380240924656391, -2.464572689004175], [0.0, 0.0,
        0.0, 1.0]], [[0.34653592109680176, 0.6044449806213379, 0.7173275947570801,
        188.47069551834866], [0.9380365610122681, -0.22329802811145782, -0.2649998664855957,
        -69.62610654288925], [1.2670106741552445e-07, 0.7647116184234619, -0.6443722248077393,
        -169.30245949981872], [0.0, 0.0, 0.0, 1.0]], [[0.9383646845817566, 0.3326394259929657,
        -0.09392913430929184, -24.678980683050284], [-0.3456467390060425, 0.9030522704124451,
        -0.2549998164176941, -66.99870629598776], [-7.330704931973742e-08, 0.2717491388320923,
        0.9623681306838989, 252.8526089271954], [0.0, 0.0, 0.0, 1.0]], [[0.38778212666511536,
        -0.7144795656204224, -0.5823607444763184, -153.00946441536246], [-0.921751081943512,
        -0.30058276653289795, -0.24500003457069397, -64.37130604908627], [-7.292025827609905e-08,
        0.631798267364502, -0.7751328945159912, -203.65843790778328], [0.0, 0.0, 0.0,
        1.0]], [[0.23884177207946777, -0.17346426844596863, 0.9554394483566284, 251.032221270729],
      [0.9710583686828613, 0.042665526270866394, -0.23499995470046997, -61.74390580218479],
      [-6.553799636321855e-08, 0.983915388584137, 0.1786343902349472, 46.934364322469605],
      [0.0, 0.0, 0.0, 1.0]], [[0.2624708116054535, 0.4968666732311249, -0.8271835446357727,
        -217.33421824600708], [-0.9649399518966675, 0.13515152037143707, -0.22500000894069672,
        -59.11650555528331], [1.444120556470807e-07, 0.8572383522987366, 0.5149198174476624,
        135.29004739635778], [0.0, 0.0, 0.0, 1.0]], [[0.633317232131958, 0.7279326915740967,
        0.2627227306365967, 69.02777991776148], [0.7738922834396362, -0.5957061052322388,
        -0.21500007808208466, -56.48910530838182], [-5.153764703891284e-08, 0.3394823670387268,
        -0.9406124949455261, -247.13653545209226], [0.0, 0.0, 0.0, 1.0]], [[0.4202624261379242,
        -0.7921268343925476, 0.4426223635673523, 116.29460665648786], [0.9074026346206665,
        0.3668725788593292, -0.20500001311302185, -53.86170506148034], [-3.906826862021262e-09,
        0.4877904951572418, 0.8729607462882996, 229.36172689588489], [0.0, 0.0, 0.0,
        1.0]], [[0.20779049396514893, -0.33788639307022095, -0.9179628491401672, -241.18560478083594],
      [-0.9781732559204102, -0.0717761442065239, -0.1950000524520874, -51.234304814578856],
      [-5.682853299049384e-08, 0.9384459257125854, -0.3454257845878601, -90.75720704632137],
      [0.0, 0.0, 0.0, 1.0]], [[0.1988009363412857, 0.35878244042396545, 0.9120050072669983,
        239.6202484942384], [0.9800397753715515, -0.07277870178222656, -0.18500001728534698,
        -48.606904567677375], [-9.914154475154646e-08, 0.9305794835090637, -0.36608946323394775,
        -96.18641231529405], [0.0, 0.0, 0.0, 1.0]], [[0.37999606132507324, 0.8210596442222595,
        -0.4259859025478363, -111.92354623872573], [-0.9249880909919739, 0.3373010754585266,
        -0.17499995231628418, -45.979504320775895], [7.354712749929604e-08, 0.46053117513656616,
        0.8876435160636902, 233.21947936213041], [0.0, 0.0, 0.0, 1.0]], [[0.4997408092021942,
        -0.8176008462905884, -0.285986065864563, -75.13998292850816], [-0.8661749958992004,
        -0.4717159569263458, -0.16499988734722137, -43.35210407387441], [-1.4561145178504376e-07,
        0.3301711678504944, -0.9439211487770081, -248.00584390705612], [0.0, 0.0,
        0.0, 1.0]], [[0.17941899597644806, -0.49549049139022827, 0.849881112575531,
        223.2977972888684], [0.9837726950645447, 0.09036682546138763, -0.15500003099441528,
        -40.724703826972956], [1.4315261864794593e-08, 0.863899827003479, 0.5036635994911194,
        132.33258403856695], [0.0, 0.0, 0.0, 1.0]], [[0.1480836719274521, 0.2007736712694168,
        -0.9683806896209717, -254.432366560367], [-0.9889748096466064, 0.030062757432460785,
        -0.14500001072883606, -38.097303580071475], [2.137159782478193e-09, 0.9791762828826904,
        0.2030119150876999, 53.33935583224219], [0.0, 0.0, 0.0, 1.0]], [[0.22753749787807465,
        0.7838602066040039, 0.5777456760406494, 151.79690673133132], [0.9737694263458252,
        -0.18316228687763214, -0.13499999046325684, -35.46990333316999], [3.636257162042966e-08,
        0.5933085680007935, -0.8049753904342651, -211.49918590508736], [0.0, 0.0,
        0.0, 1.0]], [[0.7274735569953918, -0.6759308576583862, 0.11789675056934357,
        30.97626790018298], [0.6861357092857361, 0.7166538834571838, -0.1249999925494194,
        -32.84250308626851], [1.89062930644468e-07, 0.17182736098766327, 0.9851270914077759,
        258.83230361024135], [0.0, 0.0, 0.0, 1.0]], [[0.1509145349264145, -0.6401349902153015,
        -0.7532938718795776, -197.9204790342451], [-0.98854660987854, -0.0977245345711708,
        -0.11499998718500137, -30.215102839367024], [5.344134734741601e-08, 0.7620214223861694,
        -0.6475512385368347, -170.13774452907575], [0.0, 0.0, 0.0, 1.0]], [[0.105051688849926,
        0.03121953271329403, 0.9939766526222229, 261.1574340854726], [0.9944667816162109,
        -0.0032980837859213352, -0.10499993711709976, -27.587702592465543], [1.3845860280525812e-07,
        0.9995071291923523, -0.03139328584074974, -8.248264165346054], [0.0, 0.0,
        0.0, 1.0]], [[0.13217459619045258, 0.6891718506813049, -0.7124407887458801,
        -187.186728661606], [-0.9912263751029968, 0.0918973982334137, -0.09499992430210114,
        -24.96030234556406], [1.0775023895348568e-07, 0.7187467217445374, 0.6952719688415527,
        182.67575781685957], [0.0, 0.0, 0.0, 1.0]], [[0.8362662196159363, 0.5454838871955872,
        0.0557328537106514, 14.643247558286827], [0.5483236312866211, -0.8319354057312012,
        -0.08499942719936371, -22.332902098662576], [3.1259185107046505e-07, 0.10164179652929306,
        -0.9948211908340454, -261.37929787758225], [0.0, 0.0, 0.0, 1.0]], [[0.11795352399349213,
        -0.7664303183555603, 0.6314045190811157, 165.89522447679897], [0.993019163608551,
        0.09103865176439285, -0.07500000298023224, -19.705501851761092], [1.5786017826258103e-08,
        0.6358432769775391, 0.771818220615387, 202.7875446538626], [0.0, 0.0, 0.0,
        1.0]], [[0.06567224860191345, -0.14239944517612457, -0.987628161907196, -259.4894712486583],
      [-0.9978411793708801, -0.009371787309646606, -0.0650000125169754, -17.07810160485961],
      [4.8839808641787386e-08, 0.9897648096084595, -0.1427074372768402, -37.494977408253895],
      [0.0, 0.0, 0.0, 1.0]], [[0.0665077492594719, 0.5609988570213318, 0.8251404762268066,
        216.7974660558935], [0.9977858066558838, -0.037393201142549515, -0.055000096559524536,
        -14.45070135795813], [-2.724534624576336e-07, 0.8269714713096619, -0.562243640422821,
        -147.72391991883515], [0.0, 0.0, 0.0, 1.0]], [[0.193015918135643, 0.9541565775871277,
        -0.22875748574733734, -60.10375058150813], [-0.9811955690383911, 0.1876969337463379,
        -0.045000024139881134, -11.823301111056645], [-4.794891594883666e-09, 0.23314157128334045,
        0.9724428057670593, 255.49964636189375], [0.0, 0.0, 0.0, 1.0]], [[0.07148030400276184,
        -0.8696913719177246, -0.48839259147644043, -128.32029753815516], [-0.9974419474601746,
        -0.062324948608875275, -0.03500016778707504, -9.195900864155192], [2.5766112798919494e-07,
        0.4896451234817505, -0.8719216585159302, -229.0887540260228], [0.0, 0.0, 0.0,
        1.0]], [[0.026323655620217323, -0.3130089342594147, 0.949385404586792, 249.44151419550917],
      [0.9996535181999207, 0.008242239244282246, -0.025000056251883507, -6.568500617253708],
      [1.1612387140758074e-07, 0.9497144818305969, 0.3131173849105835, 82.2685016860788],
      [0.0, 0.0, 0.0, 1.0]], [[0.01644974946975708, 0.410444051027298, -0.9117375016212463,
        -239.54990943905779], [-0.9998647570610046, 0.006752542685717344, -0.014999973587691784,
        -3.9411003703522254], [-1.9344923885000753e-08, 0.9118608832359314, 0.4104995131492615,
        107.8546669819606], [0.0, 0.0, 0.0, 1.0]], [[0.012655888684093952, 0.9185777306556702,
        0.39503782987594604, 103.79224723296795], [0.9999199509620667, -0.011626479215919971,
        -0.004999885801225901, -1.3137001234507426], [9.630647923586366e-08, 0.3950694799423218,
        -0.9186513423919678, -241.36645206096], [0.0, 0.0, 0.0, 1.0]], [[-0.015184342861175537,
        -0.9441202878952026, 0.32925140857696533, 86.50752283211615], [0.9998847842216492,
        -0.014337517321109772, 0.004999971482902765, 1.3137001234507404], [4.519928609170165e-08,
        0.32928937673568726, 0.9442290663719177, 248.08676558739717], [0.0, 0.0, 0.0,
        1.0]], [[-0.01703304797410965, -0.4737228453159332, -0.8805092573165894, -231.34501879388876],
      [-0.9998549222946167, 0.008070162497460842, 0.01499988790601492, 3.9411003703522236],
      [7.321269634985583e-08, 0.8806370496749878, -0.47379156947135925, -124.48401737293699],
      [0.0, 0.0, 0.0, 1.0]], [[-0.02578846551477909, 0.24528563022613525, 0.9691079258918762,
        254.62341105093773], [0.9996675252914429, 0.006327512674033642, 0.02499999664723873,
        6.568500617253706], [-1.8478409913313953e-08, 0.9694303274154663, -0.2453673630952835,
        -64.46777426440254], [0.0, 0.0, 0.0, 1.0]], [[-0.06365977227687836, 0.8336038589477539,
        -0.5486820340156555, -144.16072836950414], [-0.9979716539382935, -0.05317489057779312,
        0.03499996289610863, 9.195900864155188], [-1.233104995890244e-08, 0.5497971773147583,
        0.8352981805801392, 219.4662625039445], [0.0, 0.0, 0.0, 1.0]], [[-0.2713890075683594,
        -0.9491464495658875, -0.15959084033966064, -41.9308926752303], [-0.9624698758125305,
        0.2676319479942322, 0.04500025510787964, 11.823301111056672], [-2.1193174859490682e-07,
        0.16581392288208008, -0.986157238483429, -259.1029339171504], [0.0, 0.0, 0.0,
        1.0]], [[-0.07003206014633179, -0.6175290942192078, 0.7834239602088928, 205.83684754085414],
      [0.9975446462631226, -0.043353088200092316, 0.05500004068017006, 14.450701357958154],
      [-1.973963179580096e-07, 0.7853522300720215, 0.6190491318702698, 162.64897785994813],
      [0.0, 0.0, 0.0, 1.0]], [[-0.06517231464385986, 0.07252946496009827, -0.9952345490455627,
        -261.4879802211648], [-0.9978739023208618, -0.004736918490380049, 0.065000019967556,
        17.07810160485964], [-1.7069048396933795e-08, 0.9973549246788025, 0.07268407940864563,
        19.096995041352432], [0.0, 0.0, 0.0, 1.0]], [[-0.1089523434638977, 0.7210376262664795,
        0.6842761635780334, 179.78674568601076], [0.9940468668937683, 0.07902940362691879,
        0.07500005513429642, 19.705501851761124], [7.613325081479161e-09, 0.6883740425109863,
        -0.7253556251525879, -190.5800090423535], [0.0, 0.0, 0.0, 1.0]], [[-0.9856030344963074,
        0.16844618320465088, -0.014581339433789253, -3.8311186144179765], [-0.1690761148929596,
        -0.9819309711456299, 0.08499982208013535, 22.332902098662604], [2.7612191644266204e-08,
        0.08624143153429031, 0.9962742924690247, 261.7611212311588], [0.0, 0.0, 0.0,
        1.0]], [[-0.14212921261787415, -0.7362450361251831, -0.6616211533546448, -173.83434505912345],
      [-0.9898481369018555, 0.10571516305208206, 0.09500007331371307, 24.960302345564088],
      [5.3435236679888476e-08, 0.6684067249298096, -0.7437959909439087, -195.4249839679237],
      [0.0, 0.0, 0.0, 1.0]], [[-0.10554435849189758, -0.10086432844400406, 0.989285945892334,
        259.9250260106882], [0.9944145679473877, -0.010705443099141121, 0.10500004887580872,
        27.587702592465572], [1.5685317933389342e-08, 0.994842529296875, 0.10143090039491653,
        26.649954844095333], [0.0, 0.0, 0.0, 1.0]], [[-0.14279510080814362, 0.5867257714271545,
        -0.7970961928367615, -209.42908114140178], [-0.9897522330284119, -0.08464904874563217,
        0.1149999126791954, 30.215102839367052], [-3.397738623789337e-08, 0.8053492307662964,
        0.5928006768226624, 155.75245778752333], [0.0, 0.0, 0.0, 1.0]], [[-0.5555307269096375,
        0.810173511505127, 0.18709492683410645, 49.15732441739798], [0.8314960598945618,
        0.5412848591804504, 0.12500013411045074, 32.842503086268536], [1.5102853012649575e-07,
        0.22501009702682495, -0.974356472492218, -256.002437530057], [0.0, 0.0, 0.0,
        1.0]], [[-0.2515012323856354, -0.8166046142578125, 0.5195228457450867, 136.49945686839172],
      [0.9678569436073303, -0.21219772100448608, 0.13499999046325684, 35.469903333170016],
      [-4.130667008439559e-08, 0.5367764830589294, 0.8437244892120361, 221.68018586772536],
      [0.0, 0.0, 0.0, 1.0]], [[-0.15062910318374634, -0.26772651076316833, -0.9516478180885315,
        -250.03595245643325], [-0.98859041929245, 0.040792640298604965, 0.14500020444393158,
        38.097303580071504], [-1.1057295523642097e-07, 0.962631106376648, -0.27081647515296936,
        -71.15432884450337], [0.0, 0.0, 0.0, 1.0]], [[-0.1728387326002121, 0.43579885363578796,
        0.8832927942276001, 232.07637805115024], [0.9849501848220825, 0.07647387683391571,
        0.15499988198280334, 40.724703826972984], [-8.127001649427257e-08, 0.8967893719673157,
        -0.44245782494544983, -116.25133901613579], [0.0, 0.0, 0.0, 1.0]], [[-0.42457354068756104,
        0.8342258334159851, -0.3518584370613098, -92.44731673979764], [-0.9053933024406433,
        -0.39120033383369446, 0.16500002145767212, 43.35210407387441], [1.2164764484623447e-07,
        0.38862496614456177, 0.921396017074585, 242.08760661000207], [0.0, 0.0, 0.0,
        1.0]], [[-0.434934139251709, -0.8243566751480103, -0.36230969429016113, -95.19325941447609],
      [-0.9004622101783752, 0.3981742858886719, 0.17499999701976776, 45.979504320775895],
      [-2.7708068728315993e-08, 0.40235966444015503, -0.9154816269874573, -240.5336756436479],
      [0.0, 0.0, 0.0, 1.0]], [[-0.20485879480838776, -0.42040205001831055, 0.8839091658592224,
        232.23826991382737], [0.9787917733192444, -0.08798936754465103, 0.18499986827373505,
        48.606904567677375], [1.0443272202564913e-07, 0.9030616879463196, 0.4295111298561096,
        112.84979127123182], [0.0, 0.0, 0.0, 1.0]], [[-0.20311330258846283, 0.27397894859313965,
        -0.9400427937507629, -246.98686747140002], [-0.9791551828384399, -0.056833453476428986,
        0.19499994814395905, 51.234304814578856], [-2.540608790013721e-08, 0.9600549340248108,
        0.2798115909099579, 73.5177113423121], [0.0, 0.0, 0.0, 1.0]], [[-0.37735000252723694,
        0.7774946093559265, 0.5030989646911621, 132.18425040104253], [0.9260704517364502,
        0.3168095648288727, 0.20499996840953827, 53.86170506148034], [-1.1023880830407506e-07,
        0.5432619452476501, -0.8395628333091736, -220.5868564714684], [0.0, 0.0, 0.0,
        1.0]], [[-0.7394910454750061, -0.6440869569778442, 0.19571679830551147, 51.422631365840935],
      [0.6731664538383484, -0.7075464725494385, 0.2150000035762787, 56.48910530838182],
      [3.064287668053112e-08, 0.2907405495643616, 0.9568019509315491, 251.39016396639505],
      [0.0, 0.0, 0.0, 1.0]], [[-0.27430248260498047, -0.5500478148460388, -0.7888001799583435,
        -207.2493571616804], [-0.9616435170173645, 0.1568973958492279, 0.2250000387430191,
        59.11650555528331], [-4.090866667638693e-08, 0.820262610912323, -0.5719872713088989,
        -150.2839422599168], [0.0, 0.0, 0.0, 1.0]], [[-0.2364555448293686, 0.10765000432729721,
        0.9656603336334229, 253.71765941565963], [0.9716421365737915, 0.026197705417871475,
        0.23499995470046997, 61.74390580218479], [-2.0119962584885798e-07, 0.9938434958457947,
        -0.11079171299934387, -29.109448141624203], [0.0, 0.0, 0.0, 1.0]], [[-0.3596733510494232,
        0.6831269860267639, -0.6355885863304138, -166.9945188013194], [-0.933078408241272,
        -0.26332470774650574, 0.24500000476837158, 64.37130604908627], [-1.0464834332424289e-08,
        0.6811738610267639, 0.7321217060089111, 192.3577038281292], [0.0, 0.0, 0.0,
        1.0]], [[-0.9949167966842651, -0.09733414649963379, -0.025809137150645256,
        -6.781093414311044], [-0.10069780051708221, 0.961683452129364, 0.25499969720840454,
        66.99870629598776], [3.891697275548722e-08, 0.25630247592926025, -0.9665963649749756,
        -253.96360113400104], [0.0, 0.0, 0.0, 1.0]], [[-0.36775752902030945, -0.6447781920433044,
        0.6700863242149353, 176.05847574780358], [0.9299218058586121, -0.254991352558136,
        0.26499998569488525, 69.62610654288925], [-3.380796087526505e-08, 0.7205835580825806,
        0.693368136882782, 182.1755718509425], [0.0, 0.0, 0.0, 1.0]], [[-0.27547118067741394,
        -0.05619892105460167, -0.9596651196479797, -252.1424628086119], [-0.9613092541694641,
        0.01610442064702511, 0.27500012516975403, 72.25350678979072], [7.005566970974542e-08,
        0.9982896447181702, -0.05846075341105461, -15.360005845215156], [0.0, 0.0,
        0.0, 1.0]], [[-0.3573608994483948, 0.5634633898735046, 0.7448506355285645,
        195.70203678913813], [0.9339665174484253, 0.2155962586402893, 0.28499990701675415,
        74.88090703669221], [-7.670941215565108e-08, 0.7975132465362549, -0.6033016443252563,
        -158.511460570284], [0.0, 0.0, 0.0, 1.0]], [[-0.9019317626953125, 0.408125102519989,
        -0.14125727117061615, -37.11393503352196], [-0.43187928199768066, -0.8523237705230713,
        0.2950000762939453, 77.5083072835937], [1.557801532214853e-08, 0.32707592844963074,
        0.9449980854988098, 248.28882113888886], [0.0, 0.0, 0.0, 1.0]], [[-0.4970725476741791,
        -0.6851629018783569, -0.5324202179908752, -139.8880833171724], [-0.8677093386650085,
        0.39249932765960693, 0.30500006675720215, 80.13570753049517], [-3.972384376993432e-08,
        0.6135929822921753, -0.7896229028701782, -207.4654503733438], [0.0, 0.0, 0.0,
