{cam2Pos: [[[0.9950000047683716, 0.0, 0.09987489879131317, 24.23018712124801], [0.09987489879131317,
        1.387629566806936e-07, -0.994999885559082, -241.39229104405433], [0.0, 0.9999998807907104,
        1.387629566806936e-07, 0.0], [0.0, 0.0, 0.0, 1.0]], [[0.9917600154876709,
        0.014932287856936455, -0.12723618745803833, -30.868178606902877], [-0.128109410405159,
        0.11559844017028809, -0.9849998950958252, -238.9662378677322], [-8.131961770629914e-09,
        0.9931836724281311, 0.11655887961387634, 28.27778018626844], [0.0, 0.0, 0.0,
        1.0]], [[0.9998015761375427, 0.004409503191709518, 0.01942642219364643, 4.7129530272095765],
      [0.019920581951737404, -0.22131036221981049, -0.9750001430511475, -236.54018469141002],
      [-6.844757538537749e-10, 0.9751936197280884, -0.22135429084300995, -53.70166890651615],
      [0.0, 0.0, 0.0, 1.0]], [[0.9866037368774414, -0.033951934427022934, 0.1595630645751953,
        38.71083685576792], [0.16313523054122925, 0.2053333967924118, -0.9650002121925354,
        -234.11413151508788], [-2.8145343833330116e-08, 0.9781031012535095, 0.20812144875526428,
        50.49143173143728], [0.0, 0.0, 0.0, 1.0]], [[0.956277072429657, -0.015109565109014511,
        -0.29207170009613037, -70.85815485165742], [-0.2924622595310211, -0.0494043193757534,
        -0.9549999237060547, -231.6880783387657], [8.964883058126816e-09, 0.9986644983291626,
        -0.051663193851709366, -12.533809881142686], [0.0, 0.0, 0.0, 1.0]], [[0.9599065184593201,
        0.0492095984518528, 0.2759672701358795, 66.95113974322979], [0.2803203761577606,
        -0.16850918531417847, -0.9449999332427979, -229.26202516244356], [-1.2315810593577226e-08,
        0.984470784664154, -0.1755475103855133, -42.58883479182944], [0.0, 0.0, 0.0,
        1.0]], [[0.9951869249343872, 0.03356203809380531, -0.09206808358430862, -22.33620406853636],
      [-0.0979946032166481, 0.3408401310443878, -0.9350000619888306, -226.8359719861214],
      [-5.133609093377345e-09, 0.9395220279693604, 0.342488557100296, 83.08956579708658],
      [0.0, 0.0, 0.0, 1.0]], [[0.9825451374053955, -0.0627276673913002, -0.1751295030117035,
        -42.48734975002367], [-0.186024472117424, -0.3313152492046356, -0.925000011920929,
        -224.40991880979925], [1.4893423383455229e-08, 0.9414326548576355, -0.3372010588645935,
        -81.80680652871501], [0.0, 0.0, 0.0, 1.0]], [[0.9238911867141724, -0.05295953527092934,
        0.37897276878356934, 91.94081234980064], [0.3826552927494049, 0.1278669834136963,
        -0.9149998426437378, -221.9838656334771], [-7.846389848964463e-08, 0.9903762340545654,
        0.13840043544769287, 33.576637209602396], [0.0, 0.0, 0.0, 1.0]], [[0.917163074016571,
        0.06468597054481506, -0.393227219581604, -95.39903160013692], [-0.3985121250152588,
        0.14887270331382751, -0.9049999117851257, -219.55781245715497], [-4.559883848287427e-08,
        0.9867382645606995, 0.16231869161128998, 39.379333440435275], [0.0, 0.0, 0.0,
        1.0]], [[0.9784079790115356, 0.08350348472595215, 0.18906338512897491, 45.86777319857639],
      [0.20668283104896545, -0.3952942490577698, -0.895000159740448, -217.1317592808328],
      [-1.011151162799706e-08, 0.9147514700889587, -0.40401777625083923, -98.01676712095015],
      [0.0, 0.0, 0.0, 1.0]], [[0.9878304600715637, -0.06909630447626114, 0.13934384286403656,
        33.80556636209302], [0.15553458034992218, 0.4388440251350403, -0.8849999308586121,
        -214.70570610451065], [2.345385574642478e-08, 0.8959026336669922, 0.44425034523010254,
        107.77747256514115], [0.0, 0.0, 0.0, 1.0]], [[0.9019775390625, -0.10481227189302444,
        -0.41886866092681885, -101.61974387587564], [-0.4317830204963684, -0.2189488708972931,
        -0.8750000596046448, -212.27965292818848], [-3.719120300615941e-08, 0.9700907468795776,
        -0.2427431344985962, -58.890718714559824], [0.0, 0.0, 0.0, 1.0]], [[0.8700646162033081,
        0.05310918763279915, 0.49006837606430054, 118.89320470745166], [0.49293771386146545,
        -0.09374084323644638, -0.8649999499320984, -209.85359975186634], [1.6231709309977305e-09,
        0.9941790699958801, -0.10774010419845581, -26.13833753327874], [0.0, 0.0,
        0.0, 1.0]], [[0.9441924691200256, 0.13975216448307037, -0.29827815294265747,
        -72.36388333792056], [-0.3293941915035248, 0.4005928337574005, -0.854999840259552,
        -207.42754657554417], [-2.7225453891333018e-08, 0.9055355191230774, 0.42427030205726624,
        102.93017756389237], [0.0, 0.0, 0.0, 1.0]], [[0.9967091083526611, -0.04298953339457512,
        -0.0687231793999672, -16.672610518899365], [-0.08106155693531036, -0.528586745262146,
        -0.8450000882148743, -205.00149339922203], [-3.458040964687825e-09, 0.8477900624275208,
        -0.5303320288658142, -128.66138467310986], [0.0, 0.0, 0.0, 1.0]], [[0.8930333256721497,
        -0.15956974029541016, 0.4207480549812317, 102.07571827354323], [0.44999048113822937,
        0.31667590141296387, -0.8349999189376831, -202.57544022289986], [-1.7515777273047206e-08,
        0.9350153803825378, 0.3546070158481598, 86.02952342577917], [0.0, 0.0, 0.0,
        1.0]], [[0.8252249956130981, 0.013188092969357967, -0.5646501183509827, -136.9871253393154],
      [-0.5648041367530823, 0.01926896907389164, -0.8250000476837158, -200.14938704657771],
      [5.5515243957415805e-08, 0.9997273683547974, 0.02334992215037346, 5.664847710049257],
      [0.0, 0.0, 0.0, 1.0]], [[0.8930031061172485, 0.18395362794399261, 0.4107389450073242,
        99.647458363653], [0.4500504732131958, -0.3650059998035431, -0.8149999380111694,
        -197.72333387025557], [3.70895989476594e-08, 0.9126507043838501, -0.4087398946285248,
        -99.16253036466756], [0.0, 0.0, 0.0, 1.0]], [[0.9994210600852966, 0.020163321867585182,
        -0.02740422450006008, -6.648409814615794], [-0.03402280434966087, 0.5922983288764954,
        -0.8050001263618469, -195.29728069393343], [3.6710725570543445e-09, 0.8054664134979248,
        0.5926414728164673, 143.7779918621763], [0.0, 0.0, 0.0, 1.0]], [[0.8983872532844543,
        -0.20455704629421234, -0.388660192489624, -94.29103343697928], [-0.4392041862010956,
        -0.4184191823005676, -0.7950001358985901, -192.87122751761126], [2.16213038584101e-08,
        0.8849191665649414, -0.4657447934150696, -112.99217120077135], [0.0, 0.0,
        0.0, 1.0]], [[0.7876922488212585, -0.050892189145088196, 0.61396324634552,
        148.9507618300432], [0.6160688996315002, 0.0650697723031044, -0.7849999070167542,
        -190.44517434128912], [-1.1734115901163022e-08, 0.99658203125, 0.08260807394981384,
        20.041114335132963], [0.0, 0.0, 0.0, 1.0]], [[0.8310174942016602, 0.20076777040958405,
        -0.5187506675720215, -125.85166542369907], [-0.5562463402748108, 0.2999417185783386,
        -0.7750000953674316, -188.01912116496695], [-1.2268266402770678e-08, 0.9325917363166809,
        0.3609331250190735, 87.56431082274852], [0.0, 0.0, 0.0, 1.0]], [[0.9833542108535767,
        0.11416634917259216, 0.14135266840457916, 34.2929039267558], [0.1816990077495575,
        -0.6178678870201111, -0.7649999260902405, -185.5930679886448], [1.3172490653801106e-08,
        0.7779495120048523, -0.6283268928527832, -152.43539614623862], [0.0, 0.0,
        0.0, 1.0]], [[0.9180662631988525, -0.22554217278957367, 0.32601383328437805,
        79.09268750476006], [0.39642688632011414, 0.5223224759101868, -0.7549999356269836,
        -183.16701481232263], [-9.425628277881515e-09, 0.8223806619644165, 0.5689376592636108,
        138.0272857497563], [0.0, 0.0, 0.0, 1.0]], [[0.7608004808425903, -0.1315782070159912,
        -0.6355075836181641, -154.17749826377369], [-0.6489859223365784, -0.15424804389476776,
        -0.7449999451637268, -180.7409616360005], [-2.3169381080379026e-08, 0.9792317152023315,
        -0.20274437963962555, -49.18682709268805], [0.0, 0.0, 0.0, 1.0]], [[0.766657829284668,
        0.1825985461473465, 0.6155432462692261, 149.334079424242], [0.642055869102478,
        -0.21803469955921173, -0.73499995470047, -178.31490845967832], [-9.515355259281932e-08,
        0.9587066769599915, -0.2843964695930481, -68.99613240580123], [0.0, 0.0, 0.0,
        1.0]], [[0.9388487339019775, 0.21877074241638184, -0.2658991515636444, -64.5085434881956],
      [-0.3443298041820526, 0.5964997410774231, -0.7250000238418579, -175.88885528335618],
      [-5.994323259983503e-09, 0.7722223997116089, 0.635352373123169, 154.1398668338931],
      [0.0, 0.0, 0.0, 1.0]], [[0.9493634700775146, -0.20668786764144897, -0.23662027716636658,
        -57.405334443010624], [-0.314179927110672, -0.624552845954895, -0.7150000929832458,
        -173.462802107034], [-3.52736329034542e-09, 0.7531362771987915, -0.6578648686408997,
        -159.60145364654477], [0.0, 0.0, 0.0, 1.0]], [[0.746821939945221, -0.2194214165210724,
        0.6277827620506287, 152.30344909173135], [0.6650240421295166, 0.24641023576259613,
        -0.7049999833106995, -171.03674893071187], [-1.8057253470260548e-09, 0.9440001249313354,
        0.32994508743286133, 80.04642436363517], [0.0, 0.0, 0.0, 1.0]], [[0.70697420835495,
        0.12961474061012268, -0.6952607035636902, -168.6739788318817], [-0.7072393298149109,
        0.1295662224292755, -0.6950000524520874, -168.6106957543897], [1.4184578844833595e-08,
        0.9830628037452698, 0.18326863646507263, 44.46191950051963], [0.0, 0.0, 0.0,
        1.0]], [[0.8668251037597656, 0.3055482506752014, 0.394023597240448, 95.5922168665843],
      [0.4986124038696289, -0.5311882495880127, -0.6850001215934753, -166.18464257806755],
      [5.583563122968371e-08, 0.7902402877807617, -0.6127974390983582, -148.6678606463414],
      [0.0, 0.0, 0.0, 1.0]], [[0.9832901358604431, -0.13237552344799042, 0.1249687448143959,
        30.318081541751067], [0.18204523622989655, 0.7150066494941711, -0.675000011920929,
        -163.75858940174538], [-8.639047699432467e-09, 0.6864708065986633, 0.7271573543548584,
        176.41224014281553], [0.0, 0.0, 0.0, 1.0]], [[0.7477662563323975, -0.3036261796951294,
        -0.590471625328064, -143.2515661195827], [-0.6639620065689087, -0.34194913506507874,
        -0.6649999618530273, -161.33253622542324], [7.322221762251502e-08, 0.8893153071403503,
        -0.4572942554950714, -110.94206462288085], [0.0, 0.0, 0.0, 1.0]], [[0.6562785506248474,
        0.0470733717083931, 0.753048837184906, 182.6936710220361], [0.7545186877250671,
        -0.040944211184978485, -0.6549999713897705, -158.90648304910107], [6.967404431179602e-09,
        0.9980518221855164, -0.06238851323723793, -15.135797200211334], [0.0, 0.0,
        0.0, 1.0]], [[0.7791330218315125, 0.35164231061935425, -0.5189406871795654,
        -125.89774911382614], [-0.626858651638031, 0.4370621144771576, -0.6449999213218689,
        -156.48042987277893], [4.233363881667174e-08, 0.827843189239502, 0.56095951795578,
        136.09177777636145], [0.0, 0.0, 0.0, 1.0]], [[0.9999824166297913, 0.004584484733641148,
        0.0037685283459722996, 0.9142650078207157], [0.005934585817158222, -0.7724891901016235,
        -0.6349999904632568, -154.05437669645679], [-4.306222045613595e-12, 0.6350111365318298,
        -0.7725027799606323, -187.41332205472963], [0.0, 0.0, 0.0, 1.0]], [[0.7660125494003296,
        -0.37166503071784973, 0.5244901180267334, 127.24410922064921], [0.6428256630897522,
        0.44288843870162964, -0.6250000596046448, -151.62832352013464], [2.582473968004706e-08,
        0.8159136176109314, 0.5781738758087158, 140.26805879652366], [0.0, 0.0, 0.0,
        1.0]], [[0.6166348457336426, -0.05728701129555702, -0.785162091255188, -190.48453141292973],
      [-0.7872492074966431, -0.044871579855680466, -0.6149999499320984, -149.20227034381247],
      [-4.410797060927507e-08, 0.9973487257957458, -0.07276849448680878, -17.654063557057338],
      [0.0, 0.0, 0.0, 1.0]], [[0.6902298927307129, 0.34831181168556213, 0.6342408657073975,
        153.87021896590085], [0.723590075969696, -0.33225324749946594, -0.6050000786781311,
        -146.77621716749033], [-5.205471254043914e-08, 0.8765195608139038, -0.4813661277294159,
        -116.78201031329945], [0.0, 0.0, 0.0, 1.0]], [[0.9719952940940857, 0.18582575023174286,
        -0.14385372400283813, -34.89967392458704], [-0.23500022292137146, 0.7686025500297546,
        -0.5949999690055847, -144.35016399116816], [1.774672853116499e-08, 0.6121428608894348,
        0.7907471656799316, 191.83947210912692], [0.0, 0.0, 0.0, 1.0]], [[0.8044590353965759,
        -0.4077443778514862, -0.4319608509540558, -104.79600358273224], [-0.5940080881118774,
        -0.5522040128707886, -0.5850000381469727, -141.92411081484602], [-3.61150256367182e-08,
        0.7271968126296997, -0.686428964138031, -166.53133202473163], [0.0, 0.0, 0.0,
        1.0]], [[0.5889350175857544, -0.17476750910282135, 0.7890576124191284, 191.42955784667015],
      [0.8081803917884827, 0.1273559182882309, -0.574999988079071, -139.49805763852387],
      [1.2304076335567515e-07, 0.9763385057449341, 0.216248020529747, 52.462905382141884],
      [0.0, 0.0, 0.0, 1.0]], [[0.6099340319633484, 0.2985275685787201, -0.7340719699859619,
        -178.08978895099796], [-0.7924521565437317, 0.22977054119110107, -0.5649999976158142,
        -137.07200446220173], [-6.638805061243147e-09, 0.9263296723365784, 0.37671372294425964,
        91.3927393589408], [0.0, 0.0, 0.0, 1.0]], [[0.8868468403816223, 0.36039724946022034,
        0.2891651690006256, 70.15300823792778], [0.4620634913444519, -0.6917169690132141,
        -0.5549998879432678, -134.64595128587956], [2.1583169029781857e-08, 0.6258125901222229,
        -0.7799734473228455, -189.22569429366067], [0.0, 0.0, 0.0, 1.0]], [[0.8650131225585938,
        -0.389636367559433, 0.31612613797187805, 76.69388545559956], [0.5017491579055786,
        0.671731173992157, -0.5450000166893005, -132.21989810955742], [4.2234599817447815e-08,
        0.6300482153892517, 0.7765560150146484, 188.39662051387694], [0.0, 0.0, 0.0,
        1.0]], [[0.5738806128501892, -0.2963050603866577, -0.7634555101394653, -185.2183666595078],
      [-0.8189389109611511, -0.20763902366161346, -0.5349999070167542, -129.79384493323525],
      [-1.755362077915379e-08, 0.9322495460510254, -0.36181575059890747, -87.77844047862513],
      [0.0, 0.0, 0.0, 1.0]], [[0.5423272848129272, 0.21067745983600616, 0.8133240938186646,
        197.31676247201216], [0.8401672840118408, -0.13599202036857605, -0.5250000357627869,
        -127.36779175691309], [-6.884619097036193e-08, 0.9680501818656921, -0.25075647234916687,
        -60.83486676207386], [0.0, 0.0, 0.0, 1.0]], [[0.7651086449623108, 0.47619393467903137,
        -0.43341439962387085, -105.148666376287], [-0.6439011693000793, 0.5658323168754578,
        -0.5149999856948853, -124.94173858059094], [-2.8804375773461288e-08, 0.6731069684028625,
        0.7395450472831726, 179.4175578453115], [0.0, 0.0, 0.0, 1.0]], [[0.9412350058555603,
        -0.285023033618927, -0.18121396005153656, -43.96347017795473], [-0.3377523422241211,
        -0.7942909598350525, -0.5049999356269836, -122.51568540426878], [-1.5286062193808903e-08,
        0.5365290641784668, -0.8438816666603088, -204.73021336203033], [0.0, 0.0,
        0.0, 1.0]], [[0.5727991461753845, -0.412460595369339, 0.7083625197410583,
        171.85249437300203], [0.8196958303451538, 0.288225382566452, -0.49500006437301636,
        -120.08963222794664], [-1.1679202316372539e-07, 0.8641773462295532, 0.5031874179840088,
        122.07596222255206], [0.0, 0.0, 0.0, 1.0]], [[0.487861692905426, 0.09440851956605911,
        -0.867800772190094, -210.53306702601634], [-0.8729209899902344, 0.0527632012963295,
        -0.4850001931190491, -117.66357905162448], [-9.560584857126742e-08, 0.9941344261169434,
        0.10815225541591644, 26.238330678782724], [0.0, 0.0, 0.0, 1.0]], [[0.6399325132369995,
        0.5149301290512085, 0.5703800320625305, 138.37720633768959], [0.7684311270713806,
        -0.42882245779037476, -0.47499993443489075, -115.23752587530232], [-2.3632935608475236e-08,
        0.7422656416893005, -0.6701057553291321, -162.57121989990617], [0.0, 0.0,
        0.0, 1.0]], [[0.9976015686988831, -0.06123838573694229, 0.032263580709695816,
        7.82731478703588], [0.06921761482954025, 0.8826006650924683, -0.4650000035762787,
        -112.81147269898017], [-5.283128157174133e-09, 0.4661179482936859, 0.8847225904464722,
        214.63840503074007], [0.0, 0.0, 0.0, 1.0]], [[0.5885266661643982, -0.5127877593040466,
        -0.6250479817390442, -151.63999847377022], [-0.8084777593612671, -0.3732805550098419,
        -0.45500004291534424, -110.38541952265801], [1.134336216068732e-07, 0.7731171250343323,
        -0.6342630386352539, -153.87563212903424], [0.0, 0.0, 0.0, 1.0]], [[0.4454661011695862,
        -0.0409415066242218, 0.8943621516227722, 216.97703678625118], [0.8952987790107727,
        0.020370962098240852, -0.445000022649765, -107.95936634633586], [5.0431765430403175e-09,
        0.9989538192749023, 0.04572948440909386, 11.094181762689791], [0.0, 0.0, 0.0,
        1.0]], [[0.5310179591178894, 0.4859907031059265, -0.6941420435905457, -168.40252440473466],
      [-0.8473606705665588, 0.30455711483955383, -0.43500012159347534, -105.5333131700137],
      [4.169088541061683e-08, 0.819181501865387, 0.5735345482826233, 139.1425518268969],
      [0.0, 0.0, 0.0, 1.0]], [[0.9593167901039124, 0.25311335921287537, 0.12507973611354828,
        30.345004896334085], [0.2823319435119629, -0.860037088394165, -0.42500001192092896,
        -103.10725999369154], [1.7404532925979765e-08, 0.4430236518383026, -0.8965100049972534,
        -217.4980775957868], [0.0, 0.0, 0.0, 1.0]], [[0.6267345547676086, -0.583926260471344,
        0.5159785747528076, 125.17913697573488], [0.7792328000068665, 0.46965011954307556,
        -0.41499999165534973, -100.6812068173694], [1.1175950831443515e-08, 0.6621623039245605,
        0.7493604421615601, 181.7988404892518], [0.0, 0.0, 0.0, 1.0]], [[0.413790225982666,
        -0.18664872646331787, -0.8910330533981323, -216.169357137588], [-0.910372257232666,
        -0.08483707904815674, -0.4049999713897705, -98.25515364104724], [6.406382624390972e-08,
        0.9787567853927612, -0.20502455532550812, -49.740063943708904], [0.0, 0.0,
        0.0, 1.0]], [[0.4430319368839264, 0.40598881244659424, 0.7993096709251404,
        193.916739003495], [0.8965059518814087, -0.20063044130802155, -0.3949999511241913,
        -95.82910046472509], [1.422649091864514e-07, 0.8915833830833435, -0.4528571367263794,
        -109.86547220032398], [0.0, 0.0, 0.0, 1.0]], [[0.8039491772651672, 0.5220717191696167,
        -0.28479263186454773, -69.09218629530756], [-0.5946980118751526, 0.7057685256004333,
        -0.3850000500679016, -93.40304728840293], [5.166346284113388e-08, 0.47888609766960144,
        0.8778770565986633, 212.97765303806645], [0.0, 0.0, 0.0, 1.0]], [[0.6980165243148804,
        -0.6039658784866333, -0.384705126285553, -93.33152113456124], [-0.7160815596580505,
        -0.5887289643287659, -0.37499991059303284, -90.97699411208077], [2.9562677639205504e-08,
        0.5372363924980164, -0.8434314131736755, -204.62100050695554], [0.0, 0.0,
        0.0, 1.0]], [[0.3918197751045227, -0.3345375061035156, 0.8570658564567566,
        207.92874627172532], [0.9200419783592224, 0.14247006177902222, -0.36500000953674316,
        -88.55094093575863], [5.583828510680178e-09, 0.9315508008003235, 0.3636111617088318,
        88.21398685406072], [0.0, 0.0, 0.0, 1.0]], [[0.3736664950847626, 0.2895040214061737,
        -0.8812267780303955, -213.79032557733106], [-0.9275630712509155, 0.11662602424621582,
        -0.35499995946884155, -86.12488775943648], [-8.821970709504967e-09, 0.950045108795166,
        0.3121125400066376, 75.72014620555997], [0.0, 0.0, 0.0, 1.0]], [[0.6164110898971558,
        0.6525397300720215, 0.4407147467136383, 106.91973414433038], [0.787424623966217,
        -0.5108209848403931, -0.3450000286102295, -83.69883458311432], [2.4631397366192687e-08,
        0.5596914291381836, -0.8287015557289124, -201.04729713020842], [0.0, 0.0,
        0.0, 1.0]], [[0.8178364038467407, -0.524959146976471, 0.23571473360061646,
        57.185644018373175], [0.5754507184028625, 0.7460773587226868, -0.33500000834465027,
        -81.27278140679216], [-7.588814554537748e-08, 0.40961742401123047, 0.9122573733329773,
        221.31849733819317], [0.0, 0.0, 0.0, 1.0]], [[0.3792394995689392, -0.47685468196868896,
        -0.7929609417915344, -192.37654244628723], [-0.9252985715866089, -0.19544202089309692,
        -0.3250000476837158, -78.84672823047], [-8.323047495650826e-08, 0.8569784164428711,
        -0.5153523087501526, -125.02719507047416], [0.0, 0.0, 0.0, 1.0]], [[0.3189140260219574,
        0.14803297817707062, 0.9361516833305359, 227.11539694330796], [0.9477835893630981,
        -0.04981069639325142, -0.3149999678134918, -76.42067505414785], [6.026780852153024e-08,
        0.987727165222168, -0.15618851780891418, -37.89217648776781], [0.0, 0.0, 0.0,
        1.0]], [[0.46119454503059387, 0.6655613780021667, -0.5867943167686462, -142.3594406013651],
      [-0.8872990012168884, 0.3459412455558777, -0.30500003695487976, -73.9946218778257],
      [5.650210965768565e-08, 0.6613263487815857, 0.7500982284545898, 181.97781663777627],
      [0.0, 0.0, 0.0, 1.0]], [[0.9697588086128235, -0.2324986755847931, -0.07424450665712357,
        -18.01211256833901], [-0.2440653145313263, -0.9238003492355347, -0.2950000762939453,
        -71.56856870150354], [2.5557957528121733e-08, 0.3041994273662567, -0.9526083469390869,
        -231.1078620866711], [0.0, 0.0, 0.0, 1.0]], [[0.3768845498561859, -0.6060899496078491,
        0.7004377245903015, 169.92990094682148], [0.926260232925415, 0.24661104381084442,
        -0.28499993681907654, -69.1425155251814], [-7.248238631518689e-08, 0.7561997175216675,
        0.654340922832489, 158.746595095711], [0.0, 0.0, 0.0, 1.0]], [[0.27501198649406433,
        -0.009018602780997753, -0.9613985419273376, -233.24038022576622], [-0.9614408612251282,
        -0.00257975235581398, -0.2749999761581421, -66.71646234885924], [2.68227005051358e-08,
        0.9999560713768005, -0.009380376897752285, -2.275703676090738], [0.0, 0.0,
        0.0, 1.0]], [[0.34653595089912415, 0.6044450402259827, 0.7173276543617249,
        174.02751257451658], [0.9380366802215576, -0.22329814732074738, -0.2650001049041748,
        -64.29040917253708], [-2.5937600511838355e-08, 0.7647117376327515, -0.6443724036216736,
        -156.32820698447983], [0.0, 0.0, 0.0, 1.0]], [[0.9383646845817566, 0.3326393663883209,
        -0.09392940998077393, -22.78774219691708], [-0.34564676880836487, 0.9030522108078003,
        -0.25500011444091797, -61.86435599621493], [8.323345923599845e-08, 0.27174949645996094,
        0.9623680114746094, 233.47560987428338], [0.0, 0.0, 0.0, 1.0]], [[0.38778218626976013,
        -0.7144795656204224, -0.5823606252670288, -141.28380234035995], [-0.9217510223388672,
        -0.3005827069282532, -0.24500007927417755, -59.438302819892776], [-2.7557547355172574e-09,
        0.6317982077598572, -0.7751328945159912, -188.05136398752595], [0.0, 0.0,
        0.0, 1.0]], [[0.23884139955043793, -0.17346426844596863, 0.9554396867752075,
        231.7947250295338], [0.9710586667060852, 0.04266517981886864, -0.23499983549118042,
        -57.01224964357062], [3.131884085405545e-09, 0.9839156270027161, 0.1786341369152069,
        43.33761625297517], [0.0, 0.0, 0.0, 1.0]], [[0.2624707818031311, 0.49686676263809204,
        -0.8271834850311279, -200.67912040467604], [-0.9649399518966675, 0.13515134155750275,
        -0.2250000685453415, -54.58619646724846], [-9.303035142238514e-08, 0.8572382926940918,
        0.5149198770523071, 124.92228757220475], [0.0, 0.0, 0.0, 1.0]], [[0.633317232131958,
        0.7279326915740967, 0.2627227306365967, 63.737934454959834], [0.7738922834396362,
        -0.5957061052322388, -0.21500007808208466, -52.16014329092631], [-6.480226488747576e-08,
        0.3394823372364044, -0.9406124949455261, -228.19757953736806], [0.0, 0.0,
        0.0, 1.0]], [[0.42026254534721375, -0.7921267747879028, 0.4426223337650299,
        107.38253534109802], [0.907402515411377, 0.36687272787094116, -0.20500002801418304,
        -49.73409011460415], [-2.9225059705595413e-08, 0.48779046535491943, 0.8729607462882996,
        211.78491808346126], [0.0, 0.0, 0.0, 1.0]], [[0.20779049396514893, -0.3378863036632538,
        -0.9179627895355225, -222.7026899505606], [-0.9781731963157654, -0.07177598774433136,
        -0.19500000774860382, -47.308036938281994], [-1.3906571894040098e-08, 0.9384458661079407,
        -0.34542563557624817, -83.80215792722025], [0.0, 0.0, 0.0, 1.0]], [[0.19880077242851257,
        0.3587825298309326, 0.9120051860809326, 221.25729251038968], [0.9800399541854858,
        -0.07277889549732208, -0.18500003218650818, -44.88198376195984], [-1.0166371566810994e-07,
        0.930579662322998, -0.36608973145484924, -88.81530379383477], [0.0, 0.0, 0.0,
        1.0]], [[0.37999606132507324, 0.8210596442222595, -0.4259859025478363, -103.34644490420561],
      [-0.9249880909919739, 0.3373010456562042, -0.17499999701976776, -42.45593058563768],
      [3.33764553772653e-08, 0.46053120493888855, 0.8876435160636902, 215.3470371915937],
      [0.0, 0.0, 0.0, 1.0]], [[0.49974074959754944, -0.8176009058952332, -0.285986065864563,
        -69.38173750553625], [-0.8661750555038452, -0.4717159569263458, -0.16499988734722137,
        -40.029877409315525], [-1.2424710860159394e-07, 0.330171138048172, -0.9439212083816528,
        -229.00026977874103], [0.0, 0.0, 0.0, 1.0]], [[0.17941908538341522, -0.49549055099487305,
        0.8498809933662415, 206.18568907317035], [0.9837726354598999, 0.0903669148683548,
        -0.1550000160932541, -37.6038242329934], [2.748244298800273e-08, 0.8638997077941895,
        0.5036637783050537, 122.19146520074221], [0.0, 0.0, 0.0, 1.0]], [[0.1480836719274521,
        0.20077364146709442, -0.9683806896209717, -234.9343050343736], [-0.9889748692512512,
        0.030062701553106308, -0.14500005543231964, -35.17777105667124], [-2.8033412036165828e-08,
        0.9791762828826904, 0.20301185548305511, 49.25177037354562], [0.0, 0.0, 0.0,
        1.0]], [[0.22753767669200897, 0.7838599681854248, 0.5777455568313599, 140.1641672850284],
      [0.9737691879272461, -0.1831618994474411, -0.1350000500679016, -32.751717880349084],
      [-8.247531013694243e-08, 0.5933085083961487, -0.8049749135971069, -195.29124744496033],
      [0.0, 0.0, 0.0, 1.0]], [[0.7274735569953918, -0.6759308576583862, 0.11789708584547043,
        28.602445789700344], [0.6861357092857361, 0.7166538834571838, -0.1250000149011612,
        -30.325664704026927], [-3.897801548191637e-08, 0.17182761430740356, 0.9851270318031311,
        238.99705918386178], [0.0, 0.0, 0.0, 1.0]], [[0.1509145349264145, -0.6401350498199463,
        -0.7532938718795776, -182.75312540847048], [-0.9885466694831848, -0.09772469848394394,
        -0.11500002443790436, -27.89961152770477], [2.0834896474752895e-08, 0.7620214223861694,
        -0.647551417350769, -157.09948113684896], [0.0, 0.0, 0.0, 1.0]], [[0.10505186021327972,
        0.031219568103551865, 0.9939764738082886, 241.14400660135195], [0.9944666624069214,
        -0.003297789953649044, -0.10499995946884155, -25.473558351382614], [-1.248601222414436e-08,
        0.9995070099830627, -0.031393155455589294, -7.616170205160347], [0.0, 0.0,
        0.0, 1.0]], [[0.1321745663881302, 0.6891718506813049, -0.7124407887458801,
        -172.8419406865766], [-0.9912263751029968, 0.0918973982334137, -0.09499988704919815,
        -23.047505175060458], [1.4903849887559772e-07, 0.7187467217445374, 0.695271909236908,
        168.67666165872393], [0.0, 0.0, 0.0, 1.0]], [[0.8362663388252258, 0.5454837083816528,
        0.0557328462600708, 13.521083166658267], [0.5483235120773315, -0.8319356441497803,
        -0.08500014245510101, -20.6214519987383], [-6.320076550991871e-08, 0.10164238512516022,
        -0.994821310043335, -241.3488681781876], [0.0, 0.0, 0.0, 1.0]], [[0.11795364320278168,
        -0.7664302587509155, 0.631404459476471, 153.18208055786423], [0.9930191040039062,
        0.09103886038064957, -0.07499991357326508, -18.195398822416145], [-1.307763000113482e-07,
        0.6358432173728943, 0.7718182802200317, 187.24721039600385], [0.0, 0.0, 0.0,
        1.0]], [[0.06567219644784927, -0.14239947497844696, -0.9876282811164856, -239.60386571759705],
      [-0.9978412389755249, -0.009371972642838955, -0.06500004231929779, -15.769345646093988],
      [-3.739264897717476e-08, 0.989764928817749, -0.14270757138729095, -34.62160329196036],
      [0.0, 0.0, 0.0, 1.0]], [[0.06650777906179428, 0.5609988570213318, 0.825140655040741,
        200.18350145310646], [0.9977859258651733, -0.03739362582564354, -0.05500010773539543,
        -13.343292469771834], [-4.0116361788022914e-08, 0.8269716501235962, -0.5622437596321106,
        -136.40330800779128], [0.0, 0.0, 0.0, 1.0]], [[0.19301587343215942, 0.9541565775871277,
        -0.2287576049566269, -55.49778537895141], [-0.9811955690383911, 0.18769696354866028,
        -0.04499976336956024, -10.917239293449677], [2.7410072789280093e-07, 0.23314163088798523,
        0.9724428057670593, 235.9197953705232], [0.0, 0.0, 0.0, 1.0]], [[0.07148007303476334,
        -0.8696916103363037, -0.48839271068573, -118.48665455374697], [-0.9974421858787537,
        -0.062325358390808105, -0.034999947994947433, -8.49118611712755], [-7.319659545146351e-09,
        0.48964521288871765, -0.8719221353530884, -211.5328641001522], [0.0, 0.0,
        0.0, 1.0]], [[0.026323840022087097, -0.3130089342594147, 0.9493852853775024,
        230.32591952226997], [0.9996533989906311, 0.00824242364615202, -0.025000102818012238,
        -6.065132940805392], [6.69775914730053e-08, 0.9497143626213074, 0.31311747431755066,
        75.9639723952039], [0.0, 0.0, 0.0, 1.0]], [[0.016449980437755585, 0.410444051027298,
        -0.9117373824119568, -221.1923437883814], [-0.9998646378517151, 0.006752683315426111,
        -0.01500009000301361, -3.639079764483235], [-4.457523772316563e-08, 0.9118607640266418,
        0.41049960255622864, 99.58937840602448], [0.0, 0.0, 0.0, 1.0]], [[0.012656078673899174,
        0.9185777306556702, 0.39503785967826843, 95.83827640045058], [0.9999199509620667,
        -0.011626620776951313, -0.005000085104256868, -1.2130265881610791], [-3.455235741967044e-08,
        0.39506950974464417, -0.9186513423919678, -222.86967825730662], [0.0, 0.0,
        0.0, 1.0]], [[-0.015184374526143074, -0.9441202878952026, 0.32925140857696533,
        79.87814220163854], [0.9998847842216492, -0.014337482862174511, 0.0050001684576272964,
        1.2130265881610771], [-1.5226039806748304e-07, 0.32928937673568726, 0.9442290663719177,
        229.07499014152407], [0.0, 0.0, 0.0, 1.0]], [[-0.017033090814948082, -0.47372281551361084,
        -0.8805093169212341, -213.616223235541], [-0.9998549818992615, 0.008070118725299835,
        0.01499992422759533, 3.639079764483234], [3.73421826793674e-08, 0.8806370496749878,
        -0.47379156947135925, -114.94436224747766], [0.0, 0.0, 0.0, 1.0]], [[-0.02578846551477909,
        0.24528563022613525, 0.9691079258918762, 235.11070910288757], [0.9996675252914429,
        0.006327512674033642, 0.02499999664723873, 6.06513294080539], [-1.8478409913313953e-08,
        0.9694303274154663, -0.2453673630952835, -59.52737833111652], [0.0, 0.0, 0.0,
        1.0]], [[-0.06365980952978134, 0.8336037993431091, -0.5486819744110107, -133.11317656082454],
      [-0.9979715347290039, -0.05317484587430954, 0.03500012680888176, 8.491186117127546],
      [1.0460197330530718e-07, 0.5497971773147583, 0.8352981805801392, 202.6477784917446],
      [0.0, 0.0, 0.0, 1.0]], [[-0.2713887691497803, -0.949146568775177, -0.15959082543849945,
        -38.71757851919706], [-0.9624699950218201, 0.2676316797733307, 0.044999971985816956,
        10.917239293449702], [1.318571918318412e-08, 0.16581383347511292, -0.9861573576927185,
        -239.2469501231886], [0.0, 0.0, 0.0, 1.0]], [[-0.07003217935562134, -0.6175291538238525,
        0.7834240198135376, 190.0628343053334], [0.9975447058677673, -0.04335331544280052,
        0.05499996617436409, 13.343292469771859], [-4.6897291383629636e-08, 0.7853522896766663,
        0.619049072265625, 150.1846054205212], [0.0, 0.0, 0.0, 1.0]], [[-0.06517225503921509,
        0.07252949476242065, -0.9952345490455627, -241.44922180537836], [-0.9978739023208618,
        -0.004736918490380049, 0.06499999016523361, 15.769345646094017], [-4.691268529199988e-08,
        0.9973549246788025, 0.0726841390132904, 17.63352406353745], [0.0, 0.0, 0.0,
        1.0]], [[-0.10895253717899323, 0.7210378646850586, 0.684276282787323, 166.00904485205555],
      [0.9940471053123474, 0.07902907580137253, 0.07500007003545761, 18.195398822416173],
      [8.086827563147381e-08, 0.6883742213249207, -0.7253560423851013, -175.97518186502765],
      [0.0, 0.0, 0.0, 1.0]], [[-0.9856030344963074, 0.16844618320465088, -0.014581337571144104,
        -3.537526303553011], [-0.1690761148929596, -0.9819309711456299, 0.08499980717897415,
        20.62145199873833], [2.63490971263991e-08, 0.08624141663312912, 0.9962742924690247,
        241.70143104364016], [0.0, 0.0, 0.0, 1.0]], [[-0.14212921261787415, -0.7362452149391174,
        -0.6616212129592896, -160.51279795757034], [-0.989848256111145, 0.10571487247943878,
        0.0950000211596489, 23.047505175060486], [-1.1050055093164701e-08, 0.6684067845344543,
        -0.7437962889671326, -180.44886904734506], [0.0, 0.0, 0.0, 1.0]], [[-0.10554435849189758,
        -0.10086432844400406, 0.989285945892334, 240.00604236165086], [0.9944145679473877,
        -0.010705443099141121, 0.10500004887580872, 25.473558351382643], [1.5685317933389342e-08,
        0.994842529296875, 0.10143090039491653, 24.607673564241615], [0.0, 0.0, 0.0,
        1.0]], [[-0.14279510080814362, 0.5867257714271545, -0.7970961928367615, -193.37978220734314],
      [-0.9897522330284119, -0.08464904874563217, 0.1149999126791954, 27.8996115277048],
      [-3.397738623789337e-08, 0.8053492307662964, 0.5928006768226624, 143.81659032765248],
      [0.0, 0.0, 0.0, 1.0]], [[-0.5555306673049927, 0.8101732134819031, 0.18709489703178406,
        45.390222971536005], [0.8314957022666931, 0.5412852764129639, 0.12499985098838806,
        30.325664704026956], [-1.4088520572386187e-07, 0.22500991821289062, -0.9743561148643494,
        -236.38405585462257], [0.0, 0.0, 0.0, 1.0]], [[-0.25150126218795776, -0.8166046142578125,
        0.5195228457450867, 126.03901567427533], [0.9678569436073303, -0.21219772100448608,
        0.1350000500679016, 32.75171788034911], [-9.895196484421831e-08, 0.5367764830589294,
        0.8437244892120361, 204.6920409961607], [0.0, 0.0, 0.0, 1.0]], [[-0.1506289392709732,
        -0.2677265703678131, -0.9516476988792419, -230.8748038548885], [-0.9885903596878052,
        0.0407928042113781, 0.14500010013580322, 35.17777105667127], [-1.7684548936358624e-08,
        0.9626309871673584, -0.27081647515296936, -65.70151833770126], [0.0, 0.0,
        0.0, 1.0]], [[-0.17283913493156433, 0.4357988238334656, 0.8832928538322449,
        214.29153581922685], [0.9849501848220825, 0.07647377252578735, 0.1550002545118332,
        37.603824232993425], [1.0911050196682481e-07, 0.8967894911766052, -0.44245782494544983,
        -107.34258345465365], [0.0, 0.0, 0.0, 1.0]], [[-0.42457354068756104, 0.8342258334159851,
        -0.351858526468277, -85.36274847486388], [-0.9053933620452881, -0.39120036363601685,
        0.16499990224838257, 40.029877409315525], [-3.2954417861219554e-08, 0.38862499594688416,
        0.921396017074585, 223.53556815603292], [0.0, 0.0, 0.0, 1.0]], [[-0.4349343478679657,
        -0.824356734752655, -0.3623097538948059, -87.898259749082], [-0.90046226978302,
        0.3981742560863495, 0.17500005662441254, 42.45593058563768], [-2.098329510147323e-08,
        0.4023597538471222, -0.9154818058013916, -222.10072047298397], [0.0, 0.0,
        0.0, 1.0]], [[-0.2048588991165161, -0.42040202021598816, 0.8839091062545776,
        214.44102132990673], [0.9787916541099548, -0.08798924833536148, 0.18500009179115295,
        44.88198376195984], [-2.7034488425670133e-08, 0.9030616283416748, 0.429511159658432,
        104.20170846970693], [0.0, 0.0, 0.0, 1.0]], [[-0.20311309397220612, 0.27397897839546204,
        -0.9400426149368286, -228.0593811489115], [-0.9791550636291504, -0.056833215057849884,
        0.19499991834163666, 47.308036938281994], [6.361318583003595e-08, 0.9600547552108765,
        0.2798117399215698, 67.88378638857584], [0.0, 0.0, 0.0, 1.0]], [[-0.37735000252723694,
        0.7774947285652161, 0.5030990242958069, 122.05449889996791], [0.926070511341095,
        0.31680944561958313, 0.20499993860721588, 49.73409011460415], [-8.221969949318009e-08,
        0.5432620048522949, -0.8395629525184631, -203.6824973388197], [0.0, 0.0, 0.0,
        1.0]], [[-0.7394910454750061, -0.6440869569778442, 0.19571661949157715, 47.48193135288973],
      [0.6731663942337036, -0.7075464725494385, 0.2149999737739563, 52.16014329092631],
      [-7.489929032544751e-08, 0.29074040055274963, 0.9568019509315491, 232.12523729723495],
      [0.0, 0.0, 0.0, 1.0]], [[-0.2743023931980133, -0.5500478148460388, -0.7888001203536987,
        -191.36709826596612], [-0.9616435170173645, 0.15689748525619507, 0.22499994933605194,
        54.58619646724846], [2.2753653183826827e-08, 0.8202624917030334, -0.5719872713088989,
        -138.7671466880081], [0.0, 0.0, 0.0, 1.0]], [[-0.23645566403865814, 0.107650026679039,
        0.9656604528427124, 234.27436845234647], [0.971642255783081, 0.026197470724582672,
        0.23499998450279236, 57.01224964357062], [-8.380834515264723e-08, 0.9938436150550842,
        -0.11079182475805283, -26.87868710077825], [0.0, 0.0, 0.0, 1.0]], [[-0.3596731424331665,
        0.6831270456314087, -0.6355884671211243, -154.19713202969874], [-0.933078408241272,
        -0.263324499130249, 0.244999960064888, 59.438302819892776], [1.1027859159185027e-07,
        0.6811737418174744, 0.7321217656135559, 177.61664554634095], [0.0, 0.0, 0.0,
        1.0]], [[-0.9949168562889099, -0.097334124147892, -0.025809137150645256, -6.261433992071716],
      [-0.10069777816534042, 0.961683452129364, 0.2549998462200165, 61.86435599621493],
      [3.066345044544505e-08, 0.2563026249408722, -0.9665963649749756, -234.50146277787832],
      [0.0, 0.0, 0.0, 1.0]], [[-0.36775752902030945, -0.6447781920433044, 0.6700862050056458,
        162.56648556310034], [0.9299217462539673, -0.2549912929534912, 0.2650000751018524,
        64.29040917253708], [-1.471968147370717e-07, 0.720583438873291, 0.6933681964874268,
        168.2148067309123], [0.0, 0.0, 0.0, 1.0]], [[-0.2754713296890259, -0.05619893968105316,
        -0.9596652388572693, -232.81988479064827], [-0.9613093733787537, 0.016104185953736305,
        0.2750001549720764, 66.71646234885924], [-4.7459565166718676e-08, 0.9982897639274597,
        -0.05846085771918297, -14.182913704547724], [0.0, 0.0, 0.0, 1.0]], [[-0.35736083984375,
        0.5634634494781494, 0.7448505163192749, 180.7046903207536], [0.9339664578437805,
        0.2155963033437729, 0.28499990701675415, 69.1425155251814], [-1.903086399579479e-08,
        0.7975131869316101, -0.6033016443252563, -146.36416086719697], [0.0, 0.0,
        0.0, 1.0]], [[-0.901931881904602, 0.4081251323223114, -0.14125710725784302,
        -34.26976155615253], [-0.43187928199768066, -0.8523240089416504, 0.29499995708465576,
        71.56856870150355], [1.0112299975162387e-07, 0.3270757496356964, 0.9449981451034546,
        229.2615614540099], [0.0, 0.0, 0.0, 1.0]], [[-0.4970724582672119, -0.6851629018783569,
        -0.5324201583862305, -129.16795956819814], [-0.8677092790603638, 0.3924993872642517,
        0.304999977350235, 73.99462187782571], [-7.566896442767757e-09, 0.6135928630828857,
        -0.7896229028701782, -191.56663148255768], [0.0, 0.0, 0.0, 1.0]], [[-0.3230490982532501,
