{cam2Pos: [[[0.9950000047683716, 4.21468504541167e-09, 0.09987492114305496, 36.896293830108256],
      [0.09987492114305496, -3.066723408551297e-08, -0.9949999451637268, -367.57788349369116],
      [4.21468504541167e-09, 0.9999999403953552, -3.066723408551297e-08, 0.0], [0.0,
        0.0, 0.0, 1.0]], [[0.9917600154876709, 0.014932266436517239, -0.12723620235919952,
        -47.00423410605045], [-0.1281094253063202, 0.11559828370809555, -0.9850000143051147,
        -363.8836334083274], [2.2033397328868887e-09, 0.9931837916374207, 0.11655872315168381,
        43.0597288165736], [0.0, 0.0, 0.0, 1.0]], [[0.9998015761375427, 0.004409503657370806,
        0.01942642405629158, 7.176605728601002], [0.019920583814382553, -0.22131036221981049,
        -0.9750001430511475, -360.1893833229637], [-3.9112219019088457e-10, 0.9751936197280884,
        -0.22135429084300995, -81.77372074045928], [0.0, 0.0, 0.0, 1.0]], [[0.9866037368774414,
        -0.03395194560289383, 0.15956304967403412, 58.94656957837935], [0.16313523054122925,
        0.2053333967924118, -0.9650002121925354, -356.49513323759993], [-1.660281157001009e-08,
        0.9781031012535095, 0.20812144875526428, 76.88536170784667], [0.0, 0.0, 0.0,
        1.0]], [[0.956277072429657, -0.015109588392078876, -0.29207170009613037, -107.89860138444543],
      [-0.2924622595310211, -0.0494043193757534, -0.9549998641014099, -352.8008831522362],
      [6.3317804332996275e-09, 0.998664379119873, -0.051663193851709366, -19.085743327991906],
      [0.0, 0.0, 0.0, 1.0]], [[0.9599064588546753, 0.04920965060591698, 0.2759673297405243,
        101.94923018405525], [0.2803204357624054, -0.1685095578432083, -0.9450000524520874,
        -349.10663306687246], [-7.745825314486865e-09, 0.9844709634780884, -0.17554788291454315,
        -64.8517551473346], [0.0, 0.0, 0.0, 1.0]], [[0.9951869249343872, 0.03356203809380531,
        -0.09206806123256683, -34.01224861525252], [-0.09799458086490631, 0.34084028005599976,
        -0.934999942779541, -345.41238298150876], [-4.0025165404244945e-09, 0.9395219087600708,
        0.34248870611190796, 126.52386952377425], [0.0, 0.0, 0.0, 1.0]], [[0.9825451374053955,
        -0.06272764503955841, -0.1751294881105423, -64.69721973648161], [-0.18602444231510162,
        -0.3313152492046356, -0.925000011920929, -341.718132896145], [-2.187940495446128e-09,
        0.9414326548576355, -0.3372010588645935, -124.57055968583134], [0.0, 0.0,
        0.0, 1.0]], [[0.9238911867141724, -0.052959542721509933, 0.3789727985858917,
        140.00202352801168], [0.3826553225517273, 0.12786681950092316, -0.9149999022483826,
        -338.02388281078134], [-4.173417522679301e-08, 0.9903762936592102, 0.13840027153491974,
        51.12851444824612], [0.0, 0.0, 0.0, 1.0]], [[0.917163074016571, 0.06468590348958969,
        -0.3932271897792816, -145.26799497721493], [-0.3985120952129364, 0.1488727182149887,
        -0.9049999117851257, -334.3296327254176], [1.4412698590149375e-08, 0.9867382645606995,
        0.16231867671012878, 59.9645165834473], [0.0, 0.0, 0.0, 1.0]], [[0.9784079790115356,
        0.08350348472595215, 0.18906337022781372, 69.84472834645908], [0.20668283104896545,
        -0.3952942490577698, -0.895000159740448, -330.6353826400539], [-1.6320264251135086e-08,
        0.9147514700889587, -0.40401777625083923, -149.25412758370803], [0.0, 0.0,
        0.0, 1.0]], [[0.9878304600715637, -0.06909631192684174, 0.13934385776519775,
        51.47711420252389], [0.15553459525108337, 0.4388440251350403, -0.8849999308586121,
        -326.9411325546901], [1.866077781187414e-08, 0.8959026336669922, 0.44425034523010254,
        164.1171517219822], [0.0, 0.0, 0.0, 1.0]], [[0.9019775390625, -0.10481225699186325,
        -0.4188685715198517, -154.74052718712696], [-0.43178293108940125, -0.2189488559961319,
        -0.8750000596046448, -323.2468824693264], [-2.7138764124856607e-08, 0.9700907468795776,
        -0.2427431046962738, -89.67529844840664], [0.0, 0.0, 0.0, 1.0]], [[0.8700646162033081,
        0.05310918763279915, 0.49006837606430054, 181.0435302599265], [0.49293771386146545,
        -0.09374084323644638, -0.8649999499320984, -319.55263238396265], [1.6231709309977305e-09,
        0.9941790699958801, -0.10774010419845581, -39.801912260623354], [0.0, 0.0,
        0.0, 1.0]], [[0.9441924691200256, 0.13975216448307037, -0.29827815294265747,
        -110.19143554125682], [-0.3293941915035248, 0.4005928337574005, -0.854999840259552,
        -315.85838229859894], [-2.7225453891333018e-08, 0.9055355191230774, 0.42427030205726624,
        156.7359779921906], [0.0, 0.0, 0.0, 1.0]], [[0.9967091083526611, -0.042989544570446014,
        -0.06872318685054779, -25.388063804130457], [-0.08106156438589096, -0.528586745262146,
        -0.8449999094009399, -312.1641322132352], [-9.451311733243983e-09, 0.8477898836135864,
        -0.5303320288658142, -195.91793615678606], [0.0, 0.0, 0.0, 1.0]], [[0.8930333256721497,
        -0.15956978499889374, 0.4207480549812317, 155.4348579932063], [0.44999048113822937,
        0.31667590141296387, -0.8349999189376831, -308.4698821278715], [2.2816843525674813e-08,
        0.9350153803825378, 0.3546070158481598, 131.00066287140746], [0.0, 0.0, 0.0,
        1.0]], [[0.8252249956130981, 0.01318815816193819, -0.5646501183509827, -208.59588092198436],
      [-0.5648040771484375, 0.01926911622285843, -0.8249999284744263, -304.7756320425077],
      [4.046240320576544e-08, 0.9997273087501526, 0.023350093513727188, 8.626094572315782],
      [0.0, 0.0, 0.0, 1.0]], [[0.8930031061172485, 0.18395371735095978, 0.4107389748096466,
        151.73724762466668], [0.4500505328178406, -0.3650062084197998, -0.8149998784065247,
        -301.081381957144], [4.36930420733006e-08, 0.9126507043838501, -0.4087401330471039,
        -150.99882798937946], [0.0, 0.0, 0.0, 1.0]], [[0.9994210600852966, 0.02016332373023033,
        -0.02740422450006008, -10.123804690221693], [-0.03402280434966087, 0.5922983288764954,
        -0.8050001263618469, -297.3871318717803], [1.9996047040393705e-09, 0.8054664134979248,
        0.5926414728164673, 218.9366102500216], [0.0, 0.0, 0.0, 1.0]], [[0.8983872532844543,
        -0.20455707609653473, -0.388660192489624, -143.5808009994501], [-0.43920421600341797,
        -0.4184190034866333, -0.7949998378753662, -293.69288178641654], [-3.019661320990963e-08,
        0.8849189281463623, -0.46574461460113525, -172.0577859454362], [0.0, 0.0,
        0.0, 1.0]], [[0.7876922488212585, -0.05089215189218521, 0.6139633059501648,
        226.81339798157865], [0.6160688996315002, 0.0650697723031044, -0.7849999070167542,
        -289.99863170105283], [-5.3194380456034196e-08, 0.99658203125, 0.08260805159807205,
        30.51742190399454], [0.0, 0.0, 0.0, 1.0]], [[0.8310175538063049, 0.20076769590377808,
        -0.5187506079673767, -191.63946209929674], [-0.5562462210655212, 0.29994189739227295,
        -0.7749999761581421, -286.30438161568907], [8.079170044084094e-08, 0.9325916767120361,
        0.36093324422836304, 133.33774621632597], [0.0, 0.0, 0.0, 1.0]], [[0.9833542108535767,
        0.11416637897491455, 0.14135268330574036, 52.21920298170957], [0.18169903755187988,
        -0.6178680658340454, -0.7649999856948853, -282.61013153032536], [1.1463847648940373e-08,
        0.7779495716094971, -0.6283270716667175, -232.11959272854688], [0.0, 0.0,
        0.0, 1.0]], [[0.9180663228034973, -0.22554215788841248, 0.3260137736797333,
        120.43765998940627], [0.39642685651779175, 0.5223224759101868, -0.7549999952316284,
        -278.9158814449616], [-2.187652725638145e-08, 0.8223806619644165, 0.5689376592636108,
        210.17977558784182], [0.0, 0.0, 0.0, 1.0]], [[0.7608004808425903, -0.13157813251018524,
        -0.6355075240135193, -234.77236265099882], [-0.6489858627319336, -0.15424805879592896,
        -0.7449999451637268, -275.2216313595979], [-8.016500885332789e-08, 0.9792317152023315,
        -0.20274434983730316, -74.89878703376158], [0.0, 0.0, 0.0, 1.0]], [[0.7666577696800232,
        0.18259860575199127, 0.6155433654785156, 227.39709131069066], [0.6420559883117676,
        -0.21803508698940277, -0.7350000739097595, -271.5273812742342], [-1.2610779975830155e-08,
        0.958706796169281, -0.28439685702323914, -105.06322388872974], [0.0, 0.0,
        0.0, 1.0]], [[0.9388487935066223, 0.21877077221870422, -0.26589909195899963,
        -98.22978927825089], [-0.3443297743797302, 0.5964998602867126, -0.7249999046325684,
        -267.8331311888704], [-2.6945862430238776e-08, 0.7722222805023193, 0.6353524327278137,
        234.71505973843057], [0.0, 0.0, 0.0, 1.0]], [[0.9493634700775146, -0.2066878080368042,
        -0.2366202175617218, -87.41344325680389], [-0.31417983770370483, -0.6245526671409607,
        -0.7150000333786011, -264.1388811035067], [6.767415072772565e-09, 0.7531362175941467,
        -0.6578646302223206, -243.03164065503148], [0.0, 0.0, 0.0, 1.0]], [[0.746821939945221,
        -0.2194214165210724, 0.6277827620506287, 231.91867156897203], [0.6650240421295166,
        0.24641023576259613, -0.7049999833106995, -260.44463101814296], [-1.8057253470260548e-09,
        0.9440001249313354, 0.32994508743286133, 121.88995398967845], [0.0, 0.0, 0.0,
        1.0]], [[0.7069740891456604, 0.12961480021476746, -0.6952608227729797, -256.846744655021],
      [-0.7072394490242004, 0.12956616282463074, -0.6949999928474426, -256.75038093277925],
      [-1.383776293550909e-08, 0.9830628633499146, 0.18326860666275024, 67.70397760169244],
      [0.0, 0.0, 0.0, 1.0]], [[0.8668251037597656, 0.30554822087287903, 0.39402350783348083,
        145.56216605888352], [0.49861231446266174, -0.5311876535415649, -0.684999942779541,
        -253.0561308474155], [-3.622259470148492e-08, 0.7902401685714722, -0.6127968430519104,
        -226.38261281485603], [0.0, 0.0, 0.0, 1.0]], [[0.9832901358604431, -0.1323755383491516,
        0.1249687597155571, 46.166578876672425], [0.18204525113105774, 0.7150066494941711,
        -0.675000011920929, -249.36188076205175], [-1.0053065935267114e-08, 0.6864708065986633,
        0.7271573543548584, 268.6301106535444], [0.0, 0.0, 0.0, 1.0]], [[0.7477662563323975,
        -0.3036261796951294, -0.5904716849327087, -218.13500030861783], [-0.6639620661735535,
        -0.34194931387901306, -0.6650000214576721, -245.66763067668802], [2.7388123768901096e-08,
        0.8893153667449951, -0.45729443430900574, -168.93600507340346], [0.0, 0.0,
        0.0, 1.0]], [[0.6562784314155579, 0.047073449939489365, 0.7530489563941956,
        278.1951015565656], [0.7545188069343567, -0.040944404900074005, -0.6549999713897705,
        -241.9733805913243], [6.059867274643693e-09, 0.9980519413948059, -0.062388744205236435,
        -23.047895505611066], [0.0, 0.0, 0.0, 1.0]], [[0.7791330218315125, 0.35164231061935425,
        -0.5189406275749207, -191.70963561315344], [-0.6268585920333862, 0.43706217408180237,
        -0.6449999213218689, -238.27913050596055], [3.500008105561392e-08, 0.8278431296348572,
        0.5609595775604248, 207.23249868322932], [0.0, 0.0, 0.0, 1.0]], [[0.9999824166297913,
        0.004584483802318573, 0.0037685278803110123, 1.3921886033458695], [0.005934584885835648,
        -0.7724891901016235, -0.6349999904632568, -234.58488042059687], [9.060811823058401e-11,
        0.6350111365318298, -0.7725027799606323, -285.38190661120456], [0.0, 0.0,
        0.0, 1.0]], [[0.7660125494003296, -0.37166500091552734, 0.5244901776313782,
        193.7597930409068], [0.6428256630897522, 0.44288843870162964, -0.6250000596046448,
        -230.89063033523314], [9.479439455617467e-10, 0.8159136176109314, 0.5781738758087158,
        213.5918920657874], [0.0, 0.0, 0.0, 1.0]], [[0.616634726524353, -0.057287055999040604,
        -0.7851623296737671, -290.05856231868603], [-0.7872494459152222, -0.04487180709838867,
        -0.6149999499320984, -227.1963802498694], [-8.516342120401532e-08, 0.9973489046096802,
        -0.07276873290538788, -26.882562360626284], [0.0, 0.0, 0.0, 1.0]], [[0.6902300119400024,
        0.34831178188323975, 0.6342407464981079, 234.30445593589613], [0.7235899567604065,
        -0.33225303888320923, -0.6049999594688416, -223.50213016450567], [-5.482347376073449e-08,
        0.8765193819999695, -0.4813658893108368, -177.82872847943142], [0.0, 0.0,
        0.0, 1.0]], [[0.9719952940940857, 0.18582576513290405, -0.14385370910167694,
        -53.143156396317885], [-0.23500022292137146, 0.7686025500297546, -0.5949999690055847,
        -219.80788007914194], [-1.0403753414323091e-09, 0.6121428608894348, 0.7907471656799316,
        292.1217857597227], [0.0, 0.0, 0.0, 1.0]], [[0.8044589161872864, -0.40774455666542053,
        -0.43196091055870056, -159.57714734356585], [-0.5940083265304565, -0.5522041916847229,
        -0.5850000381469727, -216.1136299937782], [1.637881119620488e-08, 0.7271968722343445,
        -0.6864292621612549, -253.58404900289267], [0.0, 0.0, 0.0, 1.0]], [[0.5889350175857544,
        -0.17476750910282135, 0.7890576124191284, 291.4975925994687], [0.8081803917884827,
        0.1273559182882309, -0.574999988079071, -212.4193799084145], [1.2304076335567515e-07,
        0.9763385057449341, 0.216248020529747, 79.88740501567261], [0.0, 0.0, 0.0,
        1.0]], [[0.6099339723587036, 0.29852765798568726, -0.7340720295906067, -271.18458261991105],
      [-0.7924522161483765, 0.2297704517841339, -0.5649999976158142, -208.72512982305076],
      [-8.853048427681642e-08, 0.9263296723365784, 0.37671375274658203, 139.16745043908256],
      [0.0, 0.0, 0.0, 1.0]], [[0.8868468403816223, 0.36039724946022034, 0.2891651690006256,
        106.82484588584843], [0.4620634913444519, -0.6917172074317932, -0.5549999475479126,
        -205.03087973768703], [5.4243379565832583e-08, 0.6258125901222229, -0.7799736261367798,
        -288.1416797125229], [0.0, 0.0, 0.0, 1.0]], [[0.8650131821632385, -0.3896363377571106,
        0.31612610816955566, 116.78490630644035], [0.5017490983009338, 0.6717312335968018,
        -0.5449999570846558, -201.3366296523233], [2.1963446172890144e-08, 0.6300481557846069,
        0.7765560746192932, 286.8792152654814], [0.0, 0.0, 0.0, 1.0]], [[0.573880672454834,
        -0.2963050901889801, -0.7634555101394653, -282.0395585393208], [-0.8189389705657959,
        -0.2076391726732254, -0.5350000858306885, -197.64237956695956], [4.039981149617233e-08,
        0.9322496652603149, -0.3618159294128418, -133.66381017371222], [0.0, 0.0,
        0.0, 1.0]], [[0.5423271656036377, 0.21067750453948975, 0.8133242130279541,
        300.46227911252123], [0.8401674032211304, -0.13599224388599396, -0.5249999165534973,
        -193.94812948159583], [6.19026891968133e-08, 0.9680502414703369, -0.2507566809654236,
        -92.63573194614902], [0.0, 0.0, 0.0, 1.0]], [[0.765108585357666, 0.47619393467903137,
        -0.4334145784378052, -160.11416135789563], [-0.6439012885093689, 0.565832257270813,
        -0.5149999856948853, -190.2538793962321], [4.9437861804335625e-08, 0.6731070876121521,
        0.7395449876785278, 273.2064304503849], [0.0, 0.0, 0.0, 1.0]], [[0.9412350058555603,
        -0.28502312302589417, -0.18121398985385895, -66.9449684957064], [-0.33775240182876587,
        -0.7942911982536316, -0.5049999356269836, -186.55962931086836], [-4.58864679586668e-09,
        0.5365290641784668, -0.8438819050788879, -311.75104304011484], [0.0, 0.0,
        0.0, 1.0]], [[0.5727992057800293, -0.4124606251716614, 0.7083624601364136,
        261.686799862267], [0.819695770740509, 0.288225382566452, -0.49500009417533875,
        -182.86537922550465], [-7.096798526617931e-08, 0.8641773462295532, 0.5031874179840088,
        185.8900448939035], [0.0, 0.0, 0.0, 1.0]], [[0.487861692905426, 0.09440851956605911,
        -0.867800772190094, -320.58728490519707], [-0.8729209899902344, 0.0527632012963295,
        -0.4850001931190491, -179.17112914014092], [-9.560584857126742e-08, 0.9941344261169434,
        0.10815225541591644, 39.95417590015078], [0.0, 0.0, 0.0, 1.0]], [[0.6399326324462891,
        0.514930009841919, 0.5703799724578857, 210.712613933868], [0.7684310078620911,
        -0.42882245779037476, -0.4749999940395355, -175.47687905477719], [-2.902680762417731e-09,
        0.7422657012939453, -0.6701056957244873, -247.55382481078954], [0.0, 0.0,
        0.0, 1.0]], [[0.9976015686988831, -0.06123839318752289, 0.03226357698440552,
        11.918971357425985], [0.06921762228012085, 0.8826006650924683, -0.4649999737739563,
        -171.78262896941345], [-8.831513298446225e-10, 0.4661179184913635, 0.8847225904464722,
        326.8386504656953], [0.0, 0.0, 0.0, 1.0]], [[0.5885263681411743, -0.5127879977226257,
        -0.6250482797622681, -230.90840826313917], [-0.8084781765937805, -0.37328121066093445,
        -0.4549999535083771, -168.08837888404972], [-1.0602175848362094e-07, 0.7731173038482666,
        -0.634263813495636, -234.31269878010207], [0.0, 0.0, 0.0, 1.0]], [[0.4454661011695862,
        -0.0409415066242218, 0.8943621516227722, 330.39978038928933], [0.8952987790107727,
        0.020370962098240852, -0.445000022649765, -164.39412879868598], [5.0431765430403175e-09,
        0.9989538192749023, 0.04572948440909386, 16.893562896254988], [0.0, 0.0, 0.0,
        1.0]], [[0.5310180187225342, 0.48599064350128174, -0.6941418647766113, -256.4333899312055],
      [-0.8473605513572693, 0.3045572340488434, -0.43500009179115295, -160.69987871332225],
      [-2.7796659196610563e-08, 0.8191813230514526, 0.5735346674919128, 211.87803671455208],
      [0.0, 0.0, 0.0, 1.0]], [[0.9593167901039124, 0.253113329410553, 0.12507972121238708,
        46.20757616640099], [0.2823318839073181, -0.8600366115570068, -0.4249999225139618,
        -157.00562862795852], [1.3808504562007329e-08, 0.44302356243133545, -0.8965095281600952,
        -331.1931904735741], [0.0, 0.0, 0.0, 1.0]], [[0.6267346143722534, -0.5839262008666992,
        0.5159785151481628, 190.61537561160165], [0.7792327404022217, 0.46965014934539795,
        -0.4150000214576721, -153.3113785425948], [4.242073359250753e-08, 0.6621622443199158,
        0.7493605017662048, 276.83250662072993], [0.0, 0.0, 0.0, 1.0]], [[0.41379013657569885,
        -0.18664874136447906, -0.8910331130027771, -329.1698936579755], [-0.9103723168373108,
        -0.08483711630105972, -0.4049999415874481, -149.61712845723108], [5.6759716926535475e-08,
        0.978756844997406, -0.2050246149301529, -75.74122334309611], [0.0, 0.0, 0.0,
        1.0]], [[0.4430319666862488, 0.4059888422489166, 0.7993096709251404, 295.2849247530221],
      [0.8965058922767639, -0.20063041150569916, -0.39499998092651367, -145.92287837186734],
      [9.911305198784248e-08, 0.8915833830833435, -0.4528571367263794, -167.29663389730996],
      [0.0, 0.0, 0.0, 1.0]], [[0.8039491772651672, 0.5220717191696167, -0.28479254245758057,
        -105.20948906254023], [-0.5946979522705078, 0.7057685852050781, -0.38499996066093445,
        -142.2286282865036], [3.297682837910543e-08, 0.4788859486579895, 0.8778771162033081,
        324.3097556951349], [0.0, 0.0, 0.0, 1.0]], [[0.6980165839195251, -0.6039658784866333,
        -0.3847050964832306, -142.11971249582172], [-0.7160815596580505, -0.5887289643287659,
        -0.37499991059303284, -138.53437820113987], [5.592626806105727e-08, 0.5372363924980164,
        -0.8434314131736755, -311.58474017292275], [0.0, 0.0, 0.0, 1.0]], [[0.39181965589523315,
        -0.3345375061035156, 0.8570659756660461, 316.6215795106272], [0.9200420379638672,
        0.14247000217437744, -0.364999920129776, -134.84012811577614], [-4.848204326890482e-08,
        0.9315508604049683, 0.363611102104187, 134.32703439745822], [0.0, 0.0, 0.0,
        1.0]], [[0.3736664950847626, 0.2895040214061737, -0.8812267780303955, -325.5472453045351],
      [-0.9275630712509155, 0.11662602424621582, -0.35499995946884155, -131.1458780304124],
      [-8.821970709504967e-09, 0.950045108795166, 0.3121125400066376, 115.30215384961495],
      [0.0, 0.0, 0.0, 1.0]], [[0.6164110898971558, 0.6525396108627319, 0.4407147169113159,
        162.81103845734896], [0.7874245047569275, -0.5108205676078796, -0.3449999690055847,
        -127.45162794504868], [-5.926281687607116e-09, 0.5596913695335388, -0.8287011384963989,
        -306.14291633597503], [0.0, 0.0, 0.0, 1.0]], [[0.817836344242096, -0.52495938539505,
        0.23571465909481049, 87.07891169010475], [0.5754508972167969, 0.7460772395133972,
        -0.3349999785423279, -123.75737785968495], [3.1932408717239014e-08, 0.4096173644065857,
        0.9122574329376221, 337.01069937950246], [0.0, 0.0, 0.0, 1.0]], [[0.37923914194107056,
        -0.4768548607826233, -0.7929611206054688, -292.93960465926904], [-0.925298810005188,
        -0.1954420804977417, -0.3249998986721039, -120.06312777432122], [-4.757094984597643e-08,
        0.8569785952568054, -0.5153526067733765, -190.38400747756484], [0.0, 0.0,
        0.0, 1.0]], [[0.3189140260219574, 0.14803296327590942, 0.9361517429351807,
        345.8378747563857], [0.9477836489677429, -0.04981088638305664, -0.3150000274181366,
        -116.36887768895748], [1.7369579552450887e-07, 0.9877272248268127, -0.15618860721588135,
        -57.69996205803095], [0.0, 0.0, 0.0, 1.0]], [[0.4611944854259491, 0.6655613780021667,
        -0.5867943167686462, -216.77652440875042], [-0.8872990012168884, 0.34594130516052246,
        -0.3049999475479126, -112.67462760359375], [1.569289480585212e-07, 0.6613263487815857,
        0.7500982284545898, 277.10504089921056], [0.0, 0.0, 0.0, 1.0]], [[0.9697588086128235,
        -0.2324986457824707, -0.07424450665712357, -27.427778188292905], [-0.2440652847290039,
        -0.9238001108169556, -0.2950000464916229, -108.98037751823001], [1.8232130472028985e-08,
        0.3041993975639343, -0.9526081085205078, -351.9173642088966], [0.0, 0.0, 0.0,
        1.0]], [[0.3768846094608307, -0.6060900092124939, 0.7004376649856567, 258.7591884652429],
      [0.926260232925415, 0.24661104381084442, -0.2850000262260437, -105.28612743286632],
      [-3.2675941952220455e-08, 0.7561996579170227, 0.654340922832489, 241.7299126858288],
      [0.0, 0.0, 0.0, 1.0]], [[0.27501192688941956, -0.009018569253385067, -0.9613986015319824,
        -355.16463652521685], [-0.961440920829773, -0.002579802880063653, -0.2749999463558197,
        -101.59187734750259], [-6.986482503634761e-09, 0.9999561309814453, -0.009380376897752285,
        -3.4653067713897463], [0.0, 0.0, 0.0, 1.0]], [[0.34653592109680176, 0.6044449806213379,
        0.7173275947570801, 264.9987887564238], [0.9380365610122681, -0.22329801321029663,
        -0.2649998962879181, -97.89762726213885], [1.0452782106540326e-07, 0.7647116184234619,
        -0.6443722248077393, -238.04733450759514], [0.0, 0.0, 0.0, 1.0]], [[0.9383646845817566,
        0.33263933658599854, -0.09392942488193512, -34.6998241332155], [-0.3456467390060425,
        0.9030522108078003, -0.25500014424324036, -94.20337717677512], [9.660676170142324e-08,
        0.2717495262622833, 0.9623680114746094, 355.5228303016748], [0.0, 0.0, 0.0,
        1.0]], [[0.3877820670604706, -0.7144795656204224, -0.582360565662384, -215.13860617335425],
      [-0.9217510223388672, -0.30058231949806213, -0.24500001966953278, -90.50912709141139],
      [1.215483962369035e-07, 0.6317981481552124, -0.7751326560974121, -286.3534790761872],
      [0.0, 0.0, 0.0, 1.0]], [[0.23884177207946777, -0.1734643131494522, 0.9554394483566284,
        352.96327841641215], [0.9710584282875061, 0.042665526270866394, -0.23500001430511475,
        -86.81487700604765], [-1.1266673993759468e-07, 0.9839154481887817, 0.1786343902349472,
        65.99195520714939], [0.0, 0.0, 0.0, 1.0]], [[0.26247072219848633, 0.49686676263809204,
        -0.8271836042404175, -305.58227862489696], [-0.964940071105957, 0.13515134155750275,
        -0.2250000387430191, -83.12062692068392], [2.5051093643924105e-08, 0.8572384119033813,
        0.5149198174476624, 190.22426055271606], [0.0, 0.0, 0.0, 1.0]], [[0.6333171725273132,
        0.7279328107833862, 0.26272276043891907, 97.0563514844722], [0.7738924026489258,
        -0.5957061052322388, -0.21500006318092346, -79.42637683532018], [-5.6836668704818294e-08,
        0.3394823670387268, -0.9406125545501709, -347.48575831454673], [0.0, 0.0,
        0.0, 1.0]], [[0.42026254534721375, -0.7921267747879028, 0.4426223039627075,
        163.51576470875668], [0.907402515411377, 0.36687272787094116, -0.20499998331069946,
        -75.73212674995645], [-6.027995880231174e-08, 0.48779043555259705, 0.8729607462882996,
        322.49352955018855], [0.0, 0.0, 0.0, 1.0]], [[0.20779049396514893, -0.3378863036632538,
        -0.9179627895355225, -339.1184659059354], [-0.9781731963157654, -0.07177598774433136,
        -0.19500000774860382, -72.03787666459272], [-1.3906571894040098e-08, 0.9384458661079407,
        -0.34542563557624817, -127.60896261376442], [0.0, 0.0, 0.0, 1.0]], [[0.19880102574825287,
        0.3587823808193207, 0.9120050668716431, 336.91750029279467], [0.9800397753715515,
        -0.07277889549732208, -0.18500007688999176, -68.34362657922898], [3.343474475059338e-08,
        0.9305794835090637, -0.36608949303627014, -135.24268421823362], [0.0, 0.0,
        0.0, 1.0]], [[0.37999606132507324, 0.8210596442222595, -0.4259859025478363,
        -157.36984524312103], [-0.9249880909919739, 0.3373010456562042, -0.17499999701976776,
        -64.64937649386525], [3.33764553772653e-08, 0.46053120493888855, 0.8876435160636902,
        327.9177135490089], [0.0, 0.0, 0.0, 1.0]], [[0.49974068999290466, -0.8176010251045227,
        -0.285986065864563, -105.65040049578677], [-0.8661751747131348, -0.47171616554260254,
        -0.164999857544899, -60.95512640850152], [-1.5300366840165225e-07, 0.3301711678504944,
        -0.9439214468002319, -348.70804747195433], [0.0, 0.0, 0.0, 1.0]], [[0.17941904067993164,
        -0.49549055099487305, 0.8498810529708862, 313.96735524736624], [0.9837726354598999,
        0.0903669148683548, -0.1549999862909317, -57.26087632313783], [-1.2205582322621922e-08,
        0.8638997673988342, 0.5036637187004089, 186.065925988021], [0.0, 0.0, 0.0,
        1.0]], [[0.14808358252048492, 0.20077361166477203, -0.9683807492256165, -357.74404489510437],
      [-0.9889748692512512, 0.030062757432460785, -0.14499995112419128, -53.566626237774095],
      [7.218614683779379e-08, 0.9791763424873352, 0.20301182568073273, 74.99767881535706],
      [0.0, 0.0, 0.0, 1.0]], [[0.22753749787807465, 0.7838602066040039, 0.5777456760406494,
        213.43369222542293], [0.9737694263458252, -0.18316228687763214, -0.13499999046325684,
        -49.87237615241036], [3.636257162042966e-08, 0.5933085680007935, -0.8049753904342651,
        -297.3779447975845], [0.0, 0.0, 0.0, 1.0]], [[0.7274734973907471, -0.675930917263031,
        0.11789707839488983, 43.554110368016445], [0.6861357688903809, 0.7166538238525391,
        -0.125, -46.17812606704663], [-3.2782541126152864e-08, 0.17182759940624237,
        0.9851270318031311, 363.9305662830286], [0.0, 0.0, 0.0, 1.0]], [[0.1509145349264145,
        -0.6401350498199463, -0.7532938718795776, -278.2856351748325], [-0.9885466694831848,
        -0.09772469848394394, -0.11500002443790436, -42.48387598168289], [2.0834896474752895e-08,
        0.7620214223861694, -0.647551417350769, -239.2217851053961], [0.0, 0.0, 0.0,
        1.0]], [[0.10505180060863495, 0.031219594180583954, 0.9939765930175781, 367.1998106498641],
      [0.9944667220115662, -0.0032979727257043123, -0.10499999672174454, -38.78962589631916],
      [7.48254365134926e-08, 0.9995070695877075, -0.03139328584074974, -11.597452893927063],
      [0.0, 0.0, 0.0, 1.0]], [[0.13217446208000183, 0.6891719102859497, -0.7124409079551697,
        -263.19347010513735], [-0.9912264943122864, 0.09189718216657639, -0.09499997645616531,
        -35.095375810955424], [4.43886705170371e-10, 0.7187468409538269, 0.695271909236908,
        256.8508299048365], [0.0, 0.0, 0.0, 1.0]], [[0.8362663984298706, 0.5454835891723633,
        0.05573283135890961, 20.589104612439268], [0.548323392868042, -0.8319351673126221,
        -0.08500013500452042, -31.401125725591694], [-7.446059413496187e-08, 0.10164237022399902,
        -0.9948208332061768, -367.51176172542137], [0.0, 0.0, 0.0, 1.0]], [[0.11795367300510406,
        -0.7664302587509155, 0.631404459476471, 233.2565995255576], [0.9930191040039062,
        0.09103880077600479, -0.07500003278255463, -27.70687564022796], [-1.4318555230374841e-08,
        0.6358432173728943, 0.771818220615387, 285.1289616158447], [0.0, 0.0, 0.0,
        1.0]], [[0.0656721368432045, -0.1423993855714798, -0.9876282215118408, -364.8545753323476],
      [-0.9978412389755249, -0.009371894411742687, -0.06499995291233063, -24.012625554864226],
      [-1.693497608812322e-08, 0.9897648692131042, -0.1427074372768402, -52.719726906666075],
      [0.0, 0.0, 0.0, 1.0]], [[0.06650781631469727, 0.560998797416687, 0.8251405358314514,
        304.8275794402239], [0.9977858662605286, -0.03739343211054802, -0.05500010401010513,
        -20.318375469500495], [-1.1668731048075642e-07, 0.8269715309143066, -0.562243640422821,
        -207.70687846817606], [0.0, 0.0, 0.0, 1.0]], [[0.19301587343215942, 0.9541565775871277,
        -0.2287575900554657, -84.50874052336286], [-0.9811955690383911, 0.18769696354866028,
        -0.044999752193689346, -16.62412538413676], [2.835006682744279e-07, 0.23314161598682404,
        0.9724428057670593, 359.2446912098587], [0.0, 0.0, 0.0, 1.0]], [[0.07148022949695587,
        -0.8696914911270142, -0.4883926808834076, -180.42445976522902], [-0.9974421262741089,
        -0.062325358390808105, -0.034999966621398926, -12.92987529877307], [-2.94002049372466e-08,
        0.48964518308639526, -0.871921956539154, -322.10971667318995], [0.0, 0.0,
        0.0, 1.0]], [[0.026323655620217323, -0.31300899386405945, 0.9493852853775024,
        350.72666838512754], [0.9996535181999207, 0.00824233889579773, -0.024999985471367836,
        -9.235625213409335], [4.872707748404537e-08, 0.9497144222259521, 0.31311747431755066,
        115.67343792974032], [0.0, 0.0, 0.0, 1.0]], [[0.016449889168143272, 0.410444051027298,
        -0.9117373824119568, -336.8186002257372], [-0.9998646974563599, 0.006752775516360998,
        -0.01499994844198227, -5.541375128045601], [9.699823522169027e-08, 0.9118607640266418,
        0.41049960255622864, 151.64880690517992], [0.0, 0.0, 0.0, 1.0]], [[0.012655897065997124,
        0.9185777902603149, 0.39503782987594604, 145.93685094331303], [0.9999200105667114,
        -0.011626637540757656, -0.004999923519790173, -1.8471250426818684], [9.242821619181996e-08,
        0.3950694799423218, -0.9186515212059021, -339.372745808978], [0.0, 0.0, 0.0,
        1.0]], [[-0.015184342861175537, -0.9441202878952026, 0.32925140857696533,
        121.6337038804934], [0.9998847842216492, -0.014337517321109772, 0.004999971482902765,
        1.847125042681865], [4.519928609170165e-08, 0.32928937673568726, 0.9442290663719177,
        348.8218272148238], [0.0, 0.0, 0.0, 1.0]], [[-0.017033003270626068, -0.4737228453159332,
        -0.8805092573165894, -325.2821325702813], [-0.9998549222946167, 0.008070206269621849,
        0.014999850653111935, 5.5413751280455985], [1.0908321002034427e-07, 0.880636990070343,
        -0.47379156947135925, -175.03046684597362], [0.0, 0.0, 0.0, 1.0]], [[-0.025788361206650734,
        0.24528568983078003, 0.9691078662872314, 358.0126625624855], [0.9996674656867981,
        0.006327617447823286, 0.02499992959201336, 9.235625213409332], [-8.413154972686243e-08,
        0.9694302678108215, -0.2453673630952835, -90.64476600409219], [0.0, 0.0, 0.0,
        1.0]], [[-0.0636599212884903, 0.8336039781570435, -0.5486820340156555, -202.69686117035207],
      [-0.9979717135429382, -0.05317505821585655, 0.034999970346689224, 12.929875298773064],
      [-5.527203228439248e-08, 0.5497971773147583, 0.8352981805801392, 308.5800345591796],
      [0.0, 0.0, 0.0, 1.0]], [[-0.27138859033584595, -0.9491462111473083, -0.15959078073501587,
        -58.95683538415049], [-0.9624696373939514, 0.2676321268081665, 0.044999975711107254,
        16.624125384136796], [3.396485226403456e-08, 0.16581378877162933, -0.9861567616462708,
        -364.3110854047649], [0.0, 0.0, 0.0, 1.0]], [[-0.07003217935562134, -0.6175291538238525,
        0.7834240794181824, 289.41642693973404], [0.9975447654724121, -0.043353352695703506,
        0.054999928921461105, 20.31837546950053], [-7.670884372146247e-09, 0.785352349281311,
        0.619049072265625, 228.69222192242847], [0.0, 0.0, 0.0, 1.0]], [[-0.06517231464385986,
        0.07252946496009827, -0.9952345490455627, -367.6645742851106], [-0.9978739023208618,
        -0.004736918490380049, 0.065000019967556, 24.012625554864268], [-1.7069048396933795e-08,
        0.9973549246788025, 0.07268407940864563, 26.85128603641801], [0.0, 0.0, 0.0,
        1.0]], [[-0.10895237326622009, 0.721037745475769, 0.6842762231826782, 252.7887410306379],
      [0.9940469264984131, 0.07902922481298447, 0.07500007003545761, 27.706875640228002],
      [7.745987318230618e-08, 0.6883741021156311, -0.7253557443618774, -267.96458419444406],
      [0.0, 0.0, 0.0, 1.0]], [[-0.9856030941009521, 0.16844616830348969, -0.014581569470465183,
        -5.3867355326022714], [-0.1690761297941208, -0.9819309711456299, 0.08500045537948608,
        31.401125725591733], [-9.2033445753259e-08, 0.08624210208654404, 0.9962742328643799,
        368.0486235751557], [0.0, 0.0, 0.0, 1.0]], [[-0.14212897419929504, -0.7362450957298279,
        -0.66162109375, -244.41938179428624], [-0.9898480772972107, 0.1057150810956955,
        0.09499993175268173, 35.09537581095547], [6.615078973482014e-08, 0.6684066653251648,
        -0.7437959313392639, -274.7768500658052], [0.0, 0.0, 0.0, 1.0]], [[-0.10554461926221848,
        -0.10086435824632645, 0.9892861843109131, 365.46698610558525], [0.994414746761322,
        -0.010705866850912571, 0.1050000786781311, 38.7896258963192], [2.2121696474641794e-07,
        0.9948427677154541, 0.1014307364821434, 37.471107827535484], [0.0, 0.0, 0.0,
        1.0]], [[-0.14279510080814362, 0.5867257714271545, -0.7970962524414062, -294.46727874699855],
      [-0.9897522926330566, -0.08464908599853516, 0.11499987542629242, 42.483875981682935],
      [-7.418562120165006e-08, 0.8053492307662964, 0.5928006172180176, 218.99538570711874],
      [0.0, 0.0, 0.0, 1.0]], [[-0.5555307269096375, 0.8101736307144165, 0.18709492683410645,
        69.11754314531527], [0.8314961194992065, 0.5412847399711609, 0.12500013411045074,
        46.17812606704667], [1.759899248554575e-07, 0.22501009702682495, -0.9743565917015076,
        -359.9516395775837], [0.0, 0.0, 0.0, 1.0]], [[-0.2515012323856354, -0.8166046142578125,
        0.5195228457450867, 191.92474796439615], [0.9678569436073303, -0.21219775080680847,
        0.13499996066093445, 49.8723761524104], [3.96367028088207e-09, 0.5367764830589294,
        0.8437244892120361, 311.6929164222613], [0.0, 0.0, 0.0, 1.0]], [[-0.15062904357910156,
        -0.2677266001701355, -0.9516478180885315, -351.56247693723225], [-0.9885904788970947,
        0.040792569518089294, 0.1450001299381256, 53.56662623777414], [-1.342068287613074e-07,
        0.962631106376648, -0.2708165943622589, -100.04638072094312], [0.0, 0.0, 0.0,
        1.0]], [[-0.1728392243385315, 0.4357988238334656, 0.8832929730415344, 326.3104585749531],
      [0.9849503040313721, 0.07647354155778885, 0.15500026941299438, 57.260876323137865],
      [1.8365307141721132e-07, 0.8967896103858948, -0.44245797395706177, -163.45492834237032],
      [0.0, 0.0, 0.0, 1.0]], [[-0.42457374930381775, 0.8342258334159851, -0.35185855627059937,
        -129.9853374682473], [-0.9053934216499329, -0.39120054244995117, 0.16499996185302734,
        60.95512640850152], [-1.4294148087401481e-08, 0.38862505555152893, 0.9213959574699402,
        340.38672350708504], [0.0, 0.0, 0.0, 1.0]], [[-0.4349340796470642, -0.8243566751480103,
        -0.36230969429016113, -133.84626386204584], [-0.9004622101783752, 0.39817434549331665,
        0.17499978840351105, 64.64937649386525], [1.6412619174843712e-07, 0.40235957503318787,
        -0.9154816269874573, -338.20182243924313], [0.0, 0.0, 0.0, 1.0]], [[-0.2048586905002594,
        -0.4204019606113434, 0.8839090466499329, 326.5380862568108], [0.9787915945053101,
        -0.08798912912607193, 0.1849999725818634, 68.34362657922898], [3.7067806601953635e-09,
        0.90306156873703, 0.429511159658432, 158.67218994467103], [0.0, 0.0, 0.0,
        1.0]], [[-0.20311324298381805, 0.27397897839546204, -0.9400427341461182, -347.2753179938912],
      [-0.9791551828384399, -0.056833453476428986, 0.19499990344047546, 72.03787666459272],
      [-5.550296222622819e-08, 0.960054874420166, 0.27981165051460266, 103.36940925630752],
      [0.0, 0.0, 0.0, 1.0]], [[-0.37734997272491455, 0.7774946093559265, 0.5030989050865173,
        185.8573618175132], [0.9260703921318054, 0.31680959463119507, 0.20499993860721588,
        75.73212674995645], [-1.1841512304044954e-07, 0.5432618856430054, -0.8395628333091736,
        -310.1556431346394], [0.0, 0.0, 0.0, 1.0]], [[-0.7394911050796509, -0.6440869569778442,
        0.19571685791015625, 72.30267277964853], [0.6731664538383484, -0.7075464725494385,
        0.21500003337860107, 79.42637683532018], [5.0602515955233685e-08, 0.29074060916900635,
        0.9568018913269043, 353.46656292191494], [0.0, 0.0, 0.0, 1.0]], [[-0.2743026614189148,
        -0.5500478148460388, -0.7888002395629883, -291.40248284936115], [-0.961643636226654,
        0.1568973958492279, 0.2250000536441803, 83.12062692068392], [3.449073560091165e-08,
        0.8202626705169678, -0.5719874501228333, -211.30639200374307], [0.0, 0.0,
        0.0, 1.0]], [[-0.23645606637001038, 0.1076500192284584, 0.9656606316566467,
        356.7391325550606], [0.9716424345970154, 0.026197167113423347, 0.23500016331672668,
        86.81487700604765], [8.11287037549846e-09, 0.9938438534736633, -0.11079201847314835,
        -40.92927273220227], [0.0, 0.0, 0.0, 1.0]], [[-0.3596729636192322, 0.6831270456314087,
        -0.6355884075164795, -234.80225978687054], [-0.9330783486366272, -0.2633242905139923,
        0.2449999451637268, 90.50912709141139], [1.8070035423534136e-07, 0.6811736822128296,
        0.7321218252182007, 270.4641078668831], [0.0, 0.0, 0.0, 1.0]], [[-0.9949172139167786,
        -0.09733415395021439, -0.025809137150645256, -9.534540827656906], [-0.10069780796766281,
        0.9616833329200745, 0.2550002932548523, 94.20337717677512], [-1.8127865430983547e-08,
        0.2563030421733856, -0.9665966033935547, -357.0849383435197], [0.0, 0.0, 0.0,
        1.0]], [[-0.36775752902030945, -0.6447781920433044, 0.6700863242149353, 247.54661564310942],
      [0.9299218058586121, -0.254991352558136, 0.26499998569488525, 97.89762726213885],
      [-3.380796087526505e-08, 0.7205835580825806, 0.693368136882782, 256.1475445757489],
      [0.0, 0.0, 0.0, 1.0]], [[-0.27547091245651245, -0.05619891732931137, -0.9596650004386902,
        -354.5243309819416], [-0.9613091349601746, 0.016104552894830704, 0.2749999761581421,
        101.59187734750259], [7.30229459122711e-08, 0.9982894659042358, -0.05846061557531357,
        -21.596900956293926], [0.0, 0.0, 0.0, 1.0]], [[-0.35736092925071716, 0.5634634494781494,
        0.7448505759239197, 275.16639954903627], [0.9339665174484253, 0.21559621393680573,
        0.2849999964237213, 105.28612743286632], [4.147135967969007e-08, 0.7975132465362549,
        -0.6033016443252563, -222.87467523590388], [0.0, 0.0, 0.0, 1.0]], [[-0.9019315838813782,
        0.40812504291534424, -0.14125744998455048, -52.18396315044328], [-0.43187928199768066,
        -0.8523235321044922, 0.2950001657009125, 108.98037751823006], [-9.080493867941186e-08,
        0.3270760774612427, 0.944998025894165, 349.1059269591345], [0.0, 0.0, 0.0,
        1.0]], [[-0.4970725476741791, -0.6851629614830017, -0.5324202179908752, -196.68931840334506],
      [-0.8677093982696533, 0.39249926805496216, 0.30500006675720215, 112.67462760359379],
      [-5.644903566803805e-08, 0.6135929822921753, -0.789622962474823, -291.7063202135296],
