{cam2Pos: [[[0.9950000047683716, -1.047081532590255e-09, 0.09987492114305496, 32.817458227103785],
      [0.09987492114305496, -3.066723408551297e-08, -0.9949999451637268, -326.9426434076628],
      [9.476451623413595e-09, 0.9999999403953552, -3.014039862136997e-08, 0.0], [
        0.0, 0.0, 0.0, 1.0]], [[0.9917600154876709, 0.014932280406355858, -0.12723617255687714,
        -41.80797931562309], [-0.1281093955039978, 0.11559844017028809, -0.9849998950958252,
        -323.65678769502296], [-4.418071242184851e-09, 0.9931836724281311, 0.11655887961387634,
        38.29953377472263], [0.0, 0.0, 0.0, 1.0]], [[0.9998015761375427, 0.004409502726048231,
        0.01942642405629158, 6.3832416284198406], [0.019920583814382553, -0.22131036221981049,
        -0.9750001430511475, -320.3709319823831], [1.8995471862126578e-10, 0.9751936197280884,
        -0.22135429084300995, -72.73374601882065], [0.0, 0.0, 0.0, 1.0]], [[0.9866037368774414,
        -0.03395197540521622, 0.15956303477287292, 52.43010568153467], [0.16313521564006805,
        0.20533354580402374, -0.9650000929832458, -317.0850762697433], [2.4731310332981593e-09,
        0.9781030416488647, 0.20812159776687622, 68.3857884952132], [0.0, 0.0, 0.0,
        1.0]], [[0.956277072429657, -0.015109565109014511, -0.29207170009613037, -95.97055628409633],
      [-0.2924622595310211, -0.0494043193757534, -0.9549999237060547, -313.79922055710347],
      [8.964883058126816e-09, 0.9986644983291626, -0.051663193851709366, -16.97584010154663],
      [0.0, 0.0, 0.0, 1.0]], [[0.9599064588546753, 0.04920965060591698, 0.2759673297405243,
        90.67888005923346], [0.2803204357624054, -0.1685095578432083, -0.9450000524520874,
        -310.51336484446364], [-7.745825314486865e-09, 0.9844709634780884, -0.17554788291454315,
        -57.68248093702294], [0.0, 0.0, 0.0, 1.0]], [[0.9951869249343872, 0.03356204926967621,
        -0.09206808358430862, -30.252240327457386], [-0.0979946032166481, 0.3408401310443878,
        -0.9350000619888306, -307.2275091318238], [-1.5497295891009344e-08, 0.9395220279693604,
        0.342488557100296, 112.53682610906856], [0.0, 0.0, 0.0, 1.0]], [[0.9825451374053955,
        -0.06272764503955841, -0.1751294881105423, -57.545029207761786], [-0.18602444231510162,
        -0.3313152492046356, -0.925000011920929, -303.941653419184], [-2.187940495446128e-09,
        0.9414326548576355, -0.3372010588645935, -110.79945204362859], [0.0, 0.0,
        0.0, 1.0]], [[0.9238911867141724, -0.0529596246778965, 0.3789728283882141,
        124.52498833612646], [0.3826553523540497, 0.12786680459976196, -0.9150000214576721,
        -300.6557977065442], [3.425073558105396e-09, 0.9903764128684998, 0.13840028643608093,
        45.47632601922681], [0.0, 0.0, 0.0, 1.0]], [[0.9171630144119263, 0.06468593329191208,
        -0.3932272493839264, -129.20881373211589], [-0.3985121548175812, 0.14887270331382751,
        -0.904999852180481, -297.3699419939044], [-1.1109069220083256e-09, 0.9867382645606995,
        0.16231867671012878, 53.33552001583191], [0.0, 0.0, 0.0, 1.0]], [[0.9784079790115356,
        0.08350347727537155, 0.18906337022781372, 62.123487671894644], [0.20668283104896545,
        -0.39529404044151306, -0.8950001001358032, -294.08408628126455], [-1.68730149852081e-08,
        0.914751410484314, -0.4040175974369049, -132.75428474618658], [0.0, 0.0, 0.0,
        1.0]], [[0.9878304600715637, -0.06909627467393875, 0.13934385776519775, 45.78638854004981],
      [0.15553458034992218, 0.43884390592575073, -0.8849999904632568, -290.7982305686247],
      [-1.7233876548061744e-09, 0.8959027528762817, 0.444250226020813, 145.9742215786556],
      [0.0, 0.0, 0.0, 1.0]], [[0.9019775390625, -0.10481224209070206, -0.4188685715198517,
        -137.63417026074396], [-0.43178290128707886, -0.21894867718219757, -0.875,
        -287.5123748559849], [-1.089956747080123e-08, 0.9700906276702881, -0.24274292588233948,
        -79.76181495042628], [0.0, 0.0, 0.0, 1.0]], [[0.8700645565986633, 0.05310919135808945,
        0.4900684654712677, 161.02941176016503], [0.4929378032684326, -0.0937410369515419,
        -0.8650000095367432, -284.22651914334506], [4.556390109655695e-08, 0.9941791296005249,
        -0.10774029046297073, -35.40186445246619], [0.0, 0.0, 0.0, 1.0]], [[0.9441925287246704,
        0.13975213468074799, -0.2982780933380127, -98.00992071211466], [-0.3293941020965576,
        0.4005928337574005, -0.854999840259552, -280.94066343070523], [-2.0491329522087653e-08,
        0.9055355191230774, 0.42427030205726624, 139.4090266661312], [0.0, 0.0, 0.0,
        1.0]], [[0.9967091083526611, -0.04298953339457512, -0.0687231793999672, -22.58144753496106],
      [-0.08106155693531036, -0.528586745262146, -0.8450000882148743, -277.6548077180654],
      [-3.458040964687825e-09, 0.8477900624275208, -0.5303320288658142, -174.25947211313309],
      [0.0, 0.0, 0.0, 1.0]], [[0.8930333256721497, -0.15956974029541016, 0.4207480549812317,
        138.25174373110988], [0.44999048113822937, 0.31667590141296387, -0.8349999189376831,
        -274.36895200542557], [-1.7515777273047206e-08, 0.9350153803825378, 0.3546070158481598,
        116.51871598000841], [0.0, 0.0, 0.0, 1.0]], [[0.8252249956130981, 0.01318813394755125,
        -0.5646501183509827, -185.5358871550664], [-0.5648041367530823, 0.019268956035375595,
        -0.8250000476837158, -271.08309629278574], [1.5254784102580743e-08, 0.9997273683547974,
        0.023349935188889503, 7.6724914321615305], [0.0, 0.0, 0.0, 1.0]], [[0.8930031061172485,
        0.18395362794399261, 0.4107389450073242, 134.96289921007474], [0.4500504732131958,
        -0.3650059998035431, -0.8149999380111694, -267.79724058014597], [3.70895989476594e-08,
        0.9126507043838501, -0.4087398946285248, -134.3061108712054], [0.0, 0.0, 0.0,
        1.0]], [[0.9994210600852966, 0.02016332373023033, -0.02740422822535038, -9.004631713161231],
      [-0.03402280807495117, 0.5922983288764954, -0.8050001263618469, -264.51138486750614],
      [2.8210234148673408e-09, 0.8054664134979248, 0.5926414728164673, 194.73346277941616],
      [0.0, 0.0, 0.0, 1.0]], [[0.8983872532844543, -0.20455701649188995, -0.388660192489624,
        -127.7081367768295], [-0.4392041862010956, -0.4184190034866333, -0.7950000762939453,
        -261.2255291548663], [1.0652350113105058e-08, 0.8849191069602966, -0.46574458479881287,
        -153.03702938056722], [0.0, 0.0, 0.0, 1.0]], [[0.7876921892166138, -0.050892174243927,
        0.6139633655548096, 201.73948223314235], [0.616068959236145, 0.06506974250078201,
        -0.7849998474121094, -257.9396734422265], [-3.575874885086705e-08, 0.99658203125,
        0.08260803669691086, 27.143762003434386], [0.0, 0.0, 0.0, 1.0]], [[0.8310174942016602,
        0.20076772570610046, -0.5187507271766663, -170.45397760184355], [-0.5562463402748108,
        0.2999415993690491, -0.7750001549720764, -254.65381772958662], [-2.473297477934011e-08,
        0.9325918555259705, 0.36093297600746155, 118.59743790796901], [0.0, 0.0, 0.0,
        1.0]], [[0.9833542108535767, 0.11416637897491455, 0.14135268330574036, 46.44644040390003],
      [0.18169903755187988, -0.6178680658340454, -0.7649999856948853, -251.3679620169468],
      [1.1463847648940373e-08, 0.7779495716094971, -0.6283270716667175, -206.45908429548848],
      [0.0, 0.0, 0.0, 1.0]], [[0.9180663228034973, -0.22554217278957367, 0.32601380348205566,
        107.1234388437998], [0.39642688632011414, 0.5223224759101868, -0.7549999952316284,
        -248.08210630430696], [-2.1251896242802104e-08, 0.8223806619644165, 0.5689376592636108,
        186.94468439828688], [0.0, 0.0, 0.0, 1.0]], [[0.7608005404472351, -0.13157810270786285,
        -0.6355074048042297, -208.81859407490006], [-0.6489856839179993, -0.15424765646457672,
        -0.744999885559082, -244.79625059166713], [2.332314608111119e-08, 0.9792315363883972,
        -0.20274397730827332, -66.61882697647636], [0.0, 0.0, 0.0, 1.0]], [[0.7666577696800232,
        0.18259860575199127, 0.6155433654785156, 202.25864905064915], [0.6420559883117676,
        -0.21803508698940277, -0.7350000739097595, -241.5103948790273], [-1.2610779975830155e-08,
        0.958706796169281, -0.28439685702323914, -93.4486259527689], [0.0, 0.0, 0.0,
        1.0]], [[0.9388487339019775, 0.21877074241638184, -0.2658991813659668, -87.37061833743392],
      [-0.3443298041820526, 0.5964998006820679, -0.7249999642372131, -238.22453916638747],
      [2.996387493681141e-08, 0.7722223401069641, 0.635352373123169, 208.76762592215934],
      [0.0, 0.0, 0.0, 1.0]], [[0.9493634700775146, -0.206687793135643, -0.2366202473640442,
        -77.7500048047252], [-0.3141798675060272, -0.6245526671409607, -0.7150000333786011,
        -234.93868345374764], [-2.0020632263140214e-08, 0.7531362175941467, -0.6578646302223206,
        -216.16482001649305], [0.0, 0.0, 0.0, 1.0]], [[0.746821939945221, -0.2194213718175888,
        0.6277828216552734, 206.28037469956942], [0.6650241017341614, 0.24641023576259613,
        -0.7049999833106995, -231.6528277411078], [-4.723034408016247e-08, 0.9440001249313354,
        0.32994505763053894, 108.41518369781853], [0.0, 0.0, 0.0, 1.0]], [[0.70697420835495,
        0.1296146810054779, -0.6952607035636902, -228.4526828709672], [-0.7072392702102661,
        0.12956608831882477, -0.6950000524520874, -228.36697202846798], [-5.007180448046711e-08,
        0.9830628633499146, 0.1832685023546219, 60.21939403949595], [0.0, 0.0, 0.0,
        1.0]], [[0.8668251037597656, 0.30554822087287903, 0.39402350783348083, 129.47046459679984],
      [0.49861231446266174, -0.5311876535415649, -0.684999942779541, -225.08111631582815],
      [-3.622259470148492e-08, 0.7902401685714722, -0.6127968430519104, -201.35631978655974],
      [0.0, 0.0, 0.0, 1.0]], [[0.9832901358604431, -0.1323755383491516, 0.1249687597155571,
        41.06292574397151], [0.18204525113105774, 0.7150066494941711, -0.675000011920929,
        -221.79526060318832], [-1.6947826253499443e-08, 0.6864708065986633, 0.7271573543548584,
        238.9334136243542], [0.0, 0.0, 0.0, 1.0]], [[0.7477661371231079, -0.3036262094974518,
        -0.5904717445373535, -194.0204697376873], [-0.663962185382843, -0.34194913506507874,
        -0.6649999618530273, -218.5094048905485], [1.0177850384707199e-07, 0.8893153667449951,
        -0.4572943150997162, -150.26035718053976], [0.0, 0.0, 0.0, 1.0]], [[0.6562785506248474,
        0.0470733717083931, 0.753048837184906, 247.44100766206145], [0.7545186877250671,
        -0.040944211184978485, -0.6549999713897705, -215.22354917790867], [6.967404431179602e-09,
        0.9980518221855164, -0.06238851323723793, -20.499981690866353], [0.0, 0.0,
        0.0, 1.0]], [[0.7791330814361572, 0.35164231061935425, -0.5189405679702759,
        -170.51639352823022], [-0.6268585324287415, 0.43706220388412476, -0.6449999213218689,
        -211.93769346526884], [1.1674556432694772e-08, 0.8278431296348572, 0.5609596371650696,
        184.3232249870465], [0.0, 0.0, 0.0, 1.0]], [[0.9999824166297913, 0.004584483802318573,
        0.003768527414649725, 1.2382840277922567], [0.00593458442017436, -0.7724889516830444,
        -0.6349999308586121, -208.65183775262904], [-2.4788116004259564e-10, 0.6350111365318298,
        -0.772502601146698, -253.8333210947589], [0.0, 0.0, 0.0, 1.0]], [[0.7660124897956848,
        -0.3716650903224945, 0.524490237236023, 172.3399088128299], [0.642825722694397,
        0.4428883492946625, -0.6250000596046448, -205.3659820399892], [5.239300904236188e-08,
        0.8159136176109314, 0.5781738758087158, 189.97959599392297], [0.0, 0.0, 0.0,
        1.0]], [[0.6166348457336426, -0.05728701129555702, -0.785162091255188, -257.99297881077536],
      [-0.7872492074966431, -0.044871579855680466, -0.6149999499320984, -202.08012632734938],
      [-4.410797060927507e-08, 0.9973487257957458, -0.07276849448680878, -23.910731288340276],
      [0.0, 0.0, 0.0, 1.0]], [[0.6902298927307129, 0.3483118712902069, 0.6342409253120422,
        208.40241381712758], [0.7235901355743408, -0.33225345611572266, -0.6050000190734863,
        -198.79427061470955], [3.579172158652e-08, 0.8765195608139038, -0.4813663065433502,
        -158.1700019878555], [0.0, 0.0, 0.0, 1.0]], [[0.9719952940940857, 0.18582580983638763,
        -0.14385369420051575, -47.26825201260299], [-0.23500025272369385, 0.7686026096343994,
        -0.5949999690055847, -195.50841490206972], [-8.590737898828138e-09, 0.6121428608894348,
        0.7907472252845764, 259.8281156784829], [0.0, 0.0, 0.0, 1.0]], [[0.8044589757919312,
        -0.40774446725845337, -0.43196094036102295, -141.93610857127365], [-0.5940082669258118,
        -0.552204430103302, -0.5850000977516174, -192.2225591894299], [-8.220739289299672e-08,
        0.7271969318389893, -0.6864293813705444, -225.55067383004558], [0.0, 0.0,
        0.0, 1.0]], [[0.5889350175857544, -0.17476731538772583, 0.7890576720237732,
        259.27292623163487], [0.8081804513931274, 0.12735600769519806, -0.5749999284744263,
        -188.9367034767901], [-6.776448202572283e-08, 0.9763385057449341, 0.21624791622161865,
        71.05595995753337], [0.0, 0.0, 0.0, 1.0]], [[0.6099340319633484, 0.2985275983810425,
        -0.7340720295906067, -241.20549215437003], [-0.7924521565437317, 0.2297704964876175,
        -0.5649999976158142, -185.65084776415026], [-3.649249080694972e-08, 0.9263296723365784,
        0.37671372294425964, 123.78267617844718], [0.0, 0.0, 0.0, 1.0]], [[0.8868467807769775,
        0.3603973388671875, 0.2891652286052704, 95.01550301008498], [0.46206361055374146,
        -0.6917172074317932, -0.5549998879432678, -182.36499205151043], [4.3146876294031244e-08,
        0.6258125901222229, -0.7799736857414246, -256.28800499569024], [0.0, 0.0,
        0.0, 1.0]], [[0.8650131821632385, -0.3896363377571106, 0.31612613797187805,
        103.87449216214655], [0.5017491579055786, 0.6717312335968018, -0.5449999570846558,
        -179.0791363388706], [4.458989621980436e-09, 0.6300481557846069, 0.7765560746192932,
        255.16510429339314], [0.0, 0.0, 0.0, 1.0]], [[0.5738807320594788, -0.29630497097969055,
        -0.7634554505348206, -250.86046510183587], [-0.8189388513565063, -0.20763902366161346,
        -0.5349999666213989, -175.79328062623077], [-7.729001794132273e-08, 0.9322495460510254,
        -0.3618156611919403, -118.88745593390297], [0.0, 0.0, 0.0, 1.0]], [[0.5423271059989929,
        0.21067747473716736, 0.8133242726325989, 267.24657872139005], [0.8401674628257751,
        -0.13599207997322083, -0.5249999165534973, -172.50742491359094], [-5.0134307372218245e-08,
        0.9680502414703369, -0.25075656175613403, -82.3949765111411], [0.0, 0.0, 0.0,
        1.0]], [[0.765108585357666, 0.47619396448135376, -0.433414489030838, -142.41375640939486],
      [-0.6439012289047241, 0.565832257270813, -0.5149999260902405, -169.2215692009511],
      [3.210628207739319e-09, 0.6731070280075073, 0.7395450472831726, 243.00382742955128],
      [0.0, 0.0, 0.0, 1.0]], [[0.9412350058555603, -0.2850230932235718, -0.18121396005153656,
        -59.54429236819036], [-0.3377523720264435, -0.7942909598350525, -0.5049999356269836,
        -165.93571348831128], [1.5216429005704413e-08, 0.5365290641784668, -0.8438816666603088,
        -277.2873849968195], [0.0, 0.0, 0.0, 1.0]], [[0.5727991461753845, -0.4124605357646942,
        0.7083625197410583, 232.75767649206244], [0.819695770740509, 0.288225382566452,
        -0.4950000047683716, -162.64985777567145], [-1.1224454965486075e-07, 0.8641773462295532,
        0.5031874179840088, 165.34015072706362], [0.0, 0.0, 0.0, 1.0]], [[0.4878615736961365,
        0.09440848231315613, -0.8678008317947388, -285.1467922214901], [-0.8729211091995239,
        0.05276315659284592, -0.4850001335144043, -159.36400206303162], [-5.340089614946919e-08,
        0.9941345453262329, 0.10815217345952988, 35.53729555166294], [0.0, 0.0, 0.0,
        1.0]], [[0.6399326324462891, 0.514930009841919, 0.5703798532485962, 187.41861818261307],
      [0.7684309482574463, -0.42882224917411804, -0.47499987483024597, -156.0781463503918],
      [-2.6545336595518165e-08, 0.742265522480011, -0.6701054573059082, -220.18708280283712],
      [0.0, 0.0, 0.0, 1.0]], [[0.9976015686988831, -0.061238378286361694, 0.03226358816027641,
        10.601345122451995], [0.06921761482954025, 0.8826006054878235, -0.46500009298324585,
        -152.79229063775196], [-1.1293557200531268e-08, 0.4661180377006531, 0.8847225308418274,
        290.70707773657875], [0.0, 0.0, 0.0, 1.0]], [[0.5885265469551086, -0.5127877593040466,
        -0.6250481009483337, -205.38179464190276], [-0.8084778189659119, -0.3732806146144867,
        -0.4549998939037323, -149.50643492511213], [-3.277440541182841e-08, 0.7731170654296875,
        -0.6342630386352539, -208.40974542600532], [0.0, 0.0, 0.0, 1.0]], [[0.44546619057655334,
        -0.040941476821899414, 0.8943620324134827, 293.87452954208965], [0.8952986598014832,
        0.020371193066239357, -0.4449999928474426, -146.2205792124723], [-1.10349660076281e-07,
        0.9989537000656128, 0.0457296259701252, 15.026002264823461], [0.0, 0.0, 0.0,
        1.0]], [[0.5310179591178894, 0.48599061369895935, -0.6941419243812561, -228.085023955298],
      [-0.8473605513572693, 0.304557204246521, -0.434999942779541, -142.93472349983247],
      [3.9581365740559704e-08, 0.8191813230514526, 0.5735346674919128, 188.45520504410442],
      [0.0, 0.0, 0.0, 1.0]], [[0.9593167901039124, 0.25311338901519775, 0.12507973611354828,
        41.09939083852239], [0.2823319435119629, -0.860037088394165, -0.42499998211860657,
        -139.64886778719264], [2.1543627326536807e-08, 0.4430236220359802, -0.8965100049972534,
        -294.58022920986303], [0.0, 0.0, 0.0, 1.0]], [[0.6267346739768982, -0.583926260471344,
        0.5159784555435181, 169.54310249645692], [0.7792326807975769, 0.46965017914772034,
        -0.4150000214576721, -136.36301207455284], [6.86129340010666e-08, 0.662162184715271,
        0.7493605613708496, 246.22904576168327], [0.0, 0.0, 0.0, 1.0]], [[0.41379019618034363,
        -0.1866486370563507, -0.8910330533981323, -292.7806051329116], [-0.910372257232666,
        -0.0848371610045433, -0.4049999415874481, -133.077156361913], [-4.5329628051149484e-08,
        0.9787567853927612, -0.20502451062202454, -67.36813308613284], [0.0, 0.0,
        0.0, 1.0]], [[0.44303208589553833, 0.4059886634349823, 0.799309492111206,
        262.64157391515863], [0.8965057134628296, -0.2006300687789917, -0.3949998617172241,
        -129.79130064927318], [1.1307675862326505e-07, 0.8915832042694092, -0.4528566896915436,
        -148.80221628059212], [0.0, 0.0, 0.0, 1.0]], [[0.803949236869812, 0.5220717191696167,
        -0.28479239344596863, -93.57872170855694], [-0.594697892665863, 0.7057687044143677,
        -0.38499993085861206, -126.50544493663335], [-3.561551054076517e-08, 0.47888582944869995,
        0.8778771758079529, 288.45774887781187], [0.0, 0.0, 0.0, 1.0]], [[0.6980165243148804,
        -0.6039658784866333, -0.38470515608787537, -126.40856963995903], [-0.7160815596580505,
        -0.5887289643287659, -0.37499991059303284, -123.21958922399352], [3.1990872173537355e-09,
        0.5372364521026611, -0.8434314131736755, -277.139466687673], [0.0, 0.0, 0.0,
        1.0]], [[0.39181965589523315, -0.3345375061035156, 0.8570659756660461, 281.61949021856924],
      [0.9200420379638672, 0.14247000217437744, -0.364999920129776, -119.9337335113537],
      [-4.848204326890482e-08, 0.9315508604049683, 0.363611102104187, 119.47736161272829],
      [0.0, 0.0, 0.0, 1.0]], [[0.3736664950847626, 0.2895040214061737, -0.8812267780303955,
        -289.5584356771409], [-0.9275630712509155, 0.11662602424621582, -0.35499995946884155,
        -116.64787779871386], [-8.821970709504967e-09, 0.950045108795166, 0.3121125400066376,
        102.55565599293503], [0.0, 0.0, 0.0, 1.0]], [[0.6164111495018005, 0.6525394916534424,
        0.4407147169113159, 144.81249737677953], [0.7874244451522827, -0.5108205676078796,
        -0.3449999690055847, -113.36202208607403], [5.1057156724709785e-08, 0.5596913695335388,
        -0.8287010192871094, -272.29922914862345], [0.0, 0.0, 0.0, 1.0]], [[0.817836344242096,
        -0.5249592661857605, 0.23571476340293884, 77.45245525228646], [0.5754508376121521,
        0.7460772395133972, -0.3349999785423279, -110.0761663734342], [-5.20834433359596e-08,
        0.40961742401123047, 0.9122573733329773, 299.7546203393677], [0.0, 0.0, 0.0,
        1.0]], [[0.3792390823364258, -0.4768548905849457, -0.7929611802101135, -260.5555257998566],
      [-0.9252988696098328, -0.1954420804977417, -0.32499992847442627, -106.79031066079438],
      [5.699723359953168e-09, 0.8569786548614502, -0.5153526663780212, -169.33731179810664],
      [0.0, 0.0, 0.0, 1.0]], [[0.3189140260219574, 0.14803297817707062, 0.9361516833305359,
        307.60596336390194], [0.9477835893630981, -0.04981069639325142, -0.3149999678134918,
        -103.50445494815455], [6.026780852153024e-08, 0.987727165222168, -0.15618851780891418,
        -51.32130894403571], [0.0, 0.0, 0.0, 1.0]], [[0.46119433641433716, 0.6655614376068115,
        -0.586794376373291, -192.81217151939725], [-0.887299120426178, 0.34594106674194336,
        -0.3049999475479126, -100.21859923551472], [2.8261542439622644e-08, 0.6613264083862305,
        0.7500982284545898, 246.4714517426383], [0.0, 0.0, 0.0, 1.0]], [[0.9697588086128235,
        -0.23249860107898712, -0.07424450665712357, -24.39567424037749], [-0.24406524002552032,
        -0.9238001108169556, -0.2950000464916229, -96.93274352287489], [1.1402947031058375e-08,
        0.3041993975639343, -0.9526081085205078, -313.01337344331444], [0.0, 0.0,
        0.0, 1.0]], [[0.37688446044921875, -0.6060900688171387, 0.7004377841949463,
        230.15370859302567], [0.9262603521347046, 0.24661092460155487, -0.2849999666213989,
        -93.64688781023509], [-3.653513402923636e-08, 0.7561997175216675, 0.654340922832489,
        215.00699632154237], [0.0, 0.0, 0.0, 1.0]], [[0.275012344121933, -0.009018567390739918,
        -0.9613983035087585, -315.90166417743444], [-0.9614406228065491, -0.0025796007830649614,
        -0.2750001549720764, -90.36103209759526], [-5.723819640479633e-09, 0.9999558925628662,
        -0.009380172938108444, -3.082221773759363], [0.0, 0.0, 0.0, 1.0]], [[0.3465360999107361,
        0.6044450402259827, 0.7173275947570801, 235.70352947347837], [0.9380366206169128,
        -0.2232983112335205, -0.26500019431114197, -87.07517638495543], [2.186912695378851e-08,
        0.7647117376327515, -0.6443724632263184, -211.73152220241533], [0.0, 0.0,
        0.0, 1.0]], [[0.9383646845817566, 0.33263933658599854, -0.09392941743135452,
        -30.863805297712375], [-0.3456467390060425, 0.9030522108078003, -0.25500014424324036,
        -83.7893206723156], [8.93412135383187e-08, 0.2717495262622833, 0.9623680114746094,
        316.2202601142037], [0.0, 0.0, 0.0, 1.0]], [[0.38778218626976013, -0.7144795656204224,
        -0.5823606252670288, -191.35532293950922], [-0.9217510223388672, -0.3005827069282532,
        -0.24500010907649994, -80.50346495967577], [4.4020580958203936e-08, 0.6317981481552124,
        -0.7751328945159912, -254.69748753193517], [0.0, 0.0, 0.0, 1.0]], [[0.23884156346321106,
        -0.1734643280506134, 0.9554396271705627, 313.94366324348584], [0.9710585474967957,
        0.04266541451215744, -0.2349999099969864, -77.21760924703594], [-1.2456563069918047e-07,
        0.9839155673980713, 0.17863430082798004, 58.69663341547536], [0.0, 0.0, 0.0,
        1.0]], [[0.2624707818031311, 0.49686676263809204, -0.8271834850311279, -271.8005691816208],
      [-0.9649399518966675, 0.13515134155750275, -0.2250000685453415, -73.93175353439611],
      [-9.303035142238514e-08, 0.8572382926940918, 0.5149198770523071, 169.19522468070477],
      [0.0, 0.0, 0.0, 1.0]], [[0.633317232131958, 0.7279326915740967, 0.2627227306365967,
        86.32690251175354], [0.7738922834396362, -0.5957061052322388, -0.21499985456466675,
        -70.64589782175628], [1.027753455673519e-07, 0.3394821882247925, -0.9406124949455261,
        -309.07167561354123], [0.0, 0.0, 0.0, 1.0]], [[0.4202624261379242, -0.7921269536018372,
        0.4426223635673523, 145.43931708998994], [0.9074026942253113, 0.3668725788593292,
        -0.20500005781650543, -67.36004210911645], [4.22090629115246e-09, 0.4877904951572418,
        0.8729607462882996, 286.8423040876873], [0.0, 0.0, 0.0, 1.0]], [[0.2077903300523758,
        -0.33788642287254333, -0.917962908744812, -301.6293761143571], [-0.9781733751296997,
        -0.07177618145942688, -0.19499997794628143, -64.07418639647662], [-4.182161461585565e-08,
        0.9384459853172302, -0.34542590379714966, -113.50196361901034], [0.0, 0.0,
        0.0, 1.0]], [[0.19880111515522003, 0.35878244042396545, 0.9120049476623535,
        299.6717242862053], [0.9800397157669067, -0.07277881354093552, -0.18500013649463654,
        -60.78833068383678], [-4.2842188463509956e-08, 0.930579423904419, -0.36608949303627014,
        -120.29178757871595], [0.0, 0.0, 0.0, 1.0]], [[0.37999603152275085, 0.8210596442222595,
        -0.42598599195480347, -139.97282074595728], [-0.9249880909919739, 0.3373010456562042,
        -0.17499995231628418, -57.50247497119695], [1.1345687056518727e-07, 0.4605312943458557,
        0.8876434564590454, 291.66685184896284], [0.0, 0.0, 0.0, 1.0]], [[0.49974068999290466,
        -0.8176009654998779, -0.285986065864563, -93.97089097653402], [-0.86617511510849,
        -0.4717159569263458, -0.16499987244606018, -54.216619258557124], [-1.1560423729406466e-07,
        0.3301711678504944, -0.9439212679862976, -310.1588423503784], [0.0, 0.0, 0.0,
        1.0]], [[0.17941917479038239, -0.4954904615879059, 0.8498809933662415, 279.25868687376686],
      [0.9837725758552551, 0.09036704897880554, -0.1550000160932541, -50.93076354591733],
      [-5.780950118605688e-08, 0.8638997077941895, 0.5036637187004089, 165.49658840304582],
      [0.0, 0.0, 0.0, 1.0]], [[0.1480836719274521, 0.2007736712694168, -0.9683806896209717,
        -318.1959224251382], [-0.9889748096466064, 0.030062757432460785, -0.14500001072883606,
        -47.6449078332775], [2.137159782478193e-09, 0.9791762828826904, 0.2030119150876999,
        66.70678640477169], [0.0, 0.0, 0.0, 1.0]], [[0.22753748297691345, 0.7838600277900696,
        0.5777456760406494, 189.8388849328988], [0.9737693071365356, -0.18316195905208588,
        -0.13499988615512848, -44.35905212063767], [3.445435936555441e-08, 0.5933085680007935,
        -0.8049750328063965, -264.50321341199253], [0.0, 0.0, 0.0, 1.0]], [[0.7274735569953918,
        -0.675930917263031, 0.11789675056934357, 38.73926211132556], [0.6861357092857361,
        0.7166538834571838, -0.12499997764825821, -41.07319640799784], [1.8835982018572395e-07,
        0.17182734608650208, 0.9851270914077759, 323.6985322036199], [0.0, 0.0, 0.0,
        1.0]], [[0.1509144902229309, -0.6401351094245911, -0.7532939314842224, -247.52153291073017],
      [-0.9885467886924744, -0.09772489219903946, -0.11499998718500137, -37.78734069535801],
      [-8.80589041685198e-08, 0.7620214819908142, -0.6475515961647034, -212.77613886799702],
      [0.0, 0.0, 0.0, 1.0]], [[0.10505180060863495, 0.031219594180583954, 0.9939765930175781,
        326.6063660076554], [0.9944667220115662, -0.0032979727257043123, -0.10499999672174454,
        -34.50148498271818], [7.48254365134926e-08, 0.9995070695877075, -0.03139328584074974,
        -10.315370092176508], [0.0, 0.0, 0.0, 1.0]], [[0.13217441737651825, 0.6891719102859497,
        -0.7124409079551697, -234.09778636827636], [-0.9912264943122864, 0.09189718216657639,
        -0.09499993920326233, -31.21562927007835], [4.173213596914138e-08, 0.7187468409538269,
        0.6952718496322632, 228.45631650191626], [0.0, 0.0, 0.0, 1.0]], [[0.8362663984298706,
        0.5454835891723633, 0.05573282390832901, 18.313006820235774], [0.5483233332633972,
        -0.831934928894043, -0.08500060439109802, -27.92977355743852], [-3.397514092284837e-07,
        0.10164275765419006, -0.9948205947875977, -326.88383131184395], [0.0, 0.0,
        0.0, 1.0]], [[0.11795349419116974, -0.7664303183555603, 0.6314045190811157,
        207.47039652204018], [0.993019163608551, 0.09103868156671524, -0.07499992847442627,
        -24.64391784479869], [-6.341494440675888e-08, 0.6358432769775391, 0.771818220615387,
        253.60833882805213], [0.0, 0.0, 0.0, 1.0]], [[0.0656721368432045, -0.14239944517612457,
        -0.9876282811164856, -324.52039329669117], [-0.9978412985801697, -0.009372025728225708,
        -0.0650000125169754, -21.35806213215886], [-7.028004489484374e-08, 0.989764928817749,
        -0.14270757138729095, -46.891632082895235], [0.0, 0.0, 0.0, 1.0]], [[0.06650770455598831,
        0.5609988570213318, 0.8251407146453857, 271.1293009756302], [0.9977859854698181,
        -0.03739370033144951, -0.05500003695487976, -18.07220641951903], [3.682086457956757e-08,
        0.826971709728241, -0.5622437596321106, -184.74516272550758], [0.0, 0.0, 0.0,
        1.0]], [[0.193015918135643, 0.9541565775871277, -0.22875748574733734, -75.16641304735828],
      [-0.9811955690383911, 0.1876969337463379, -0.045000046491622925, -14.786350706879201],
      [-2.562401490990851e-08, 0.23314157128334045, 0.9724428057670593, 319.5306743103782],
      [0.0, 0.0, 0.0, 1.0]], [[0.07148024439811707, -0.8696913719177246, -0.4883926212787628,
        -160.4787786750938], [-0.9974419474601746, -0.06232501193881035, -0.034999944269657135,
        -11.500494994239409], [3.281297367152547e-08, 0.4896451234817505, -0.8719216585159302,
        -286.5009212074467], [0.0, 0.0, 0.0, 1.0]], [[0.026323655620217323, -0.31300896406173706,
        0.9493853449821472, 311.9543074396217], [0.9996535181999207, 0.0082422886043787,
        -0.02500002086162567, -8.214639281599577], [8.242547266945621e-08, 0.9497144222259521,
        0.31311744451522827, 102.88589511792702], [0.0, 0.0, 0.0, 1.0]], [[0.01644974946975708,
        0.410444051027298, -0.9117375016212463, -299.5837574883946], [-0.9998647570610046,
        0.006752542685717344, -0.014999973587691784, -4.928783568959746], [-1.9344923885000753e-08,
        0.9118608832359314, 0.4104995131492615, 134.88423549304406], [0.0, 0.0, 0.0,
        1.0]], [[0.01265588030219078, 0.9185779094696045, 0.3950378894805908, 129.80372857175925],
      [0.999920129776001, -0.01162682007998228, -0.004999899305403233, -1.6429278563199166],
      [1.5086176574641286e-07, 0.39506953954696655, -0.9186517000198364, -301.8555457164997],
      [0.0, 0.0, 0.0, 1.0]], [[-0.015184342861175537, -0.9441202878952026, 0.3292514383792877,
        108.1872616931697], [0.9998847842216492, -0.01433752104640007, 0.004999960772693157,
        1.6429278563199137], [5.5666625087269495e-08, 0.32928940653800964, 0.9442290663719177,
        310.2600438958752], [0.0, 0.0, 0.0, 1.0]], [[-0.017033280804753304, -0.4737228453159332,
        -0.8805092573165894, -289.3226307986913], [-0.9998549222946167, 0.008070218376815319,
        0.01500015426427126, 4.928783568959744], [-2.1517159609629743e-08, 0.880636990070343,
        -0.47379159927368164, -155.68108441018887], [0.0, 0.0, 0.0, 1.0]], [[-0.025788571685552597,
        0.24528558552265167, 0.969107985496521, 318.4348447710771], [0.9996675848960876,
        0.00632740743458271, 0.025000063702464104, 8.214639281599574], [4.7174729900234524e-08,
        0.9694303870201111, -0.2453673630952835, -80.62410917319403], [0.0, 0.0, 0.0,
        1.0]], [[-0.06365979462862015, 0.8336038589477539, -0.5486820340156555, -180.28899609409817],
      [-0.9979716539382935, -0.053174879401922226, 0.0350000262260437, 11.500494994239403],
      [4.755658267185936e-08, 0.5497972369194031, 0.8352981805801392, 274.46692723377],
      [0.0, 0.0, 0.0, 1.0]], [[-0.2713887691497803, -0.949146568775177, -0.15959082543849945,
        -52.43923661630045], [-0.9624699950218201, 0.2676316797733307, 0.04499999061226845,
        14.786350706879233], [-1.6968932925465197e-09, 0.1658138483762741, -0.9861573576927185,
        -324.0369854488075], [0.0, 0.0, 0.0, 1.0]], [[-0.0700320228934288, -0.617529034614563,
        0.7834240198135376, 257.42183063334767], [0.9975446462631226, -0.04335319623351097,
        0.05499989166855812, 18.072206419519063], [-4.31480238205495e-08, 0.7853522896766663,
        0.619049072265625, 203.41060471711953], [0.0, 0.0, 0.0, 1.0]], [[-0.06517231464385986,
        0.07252946496009827, -0.9952345490455627, -327.01975064881776], [-0.9978739023208618,
        -0.004736918490380049, 0.065000019967556, 21.358062132158896], [-1.7069048396933795e-08,
        0.9973549246788025, 0.07268407940864563, 23.882912519660454], [0.0, 0.0, 0.0,
        1.0]], [[-0.10895237326622009, 0.721037745475769, 0.6842762231826782, 224.84328608326177],
      [0.9940469264984131, 0.07902922481298447, 0.07500007003545761, 24.643917844798725],
      [7.745987318230618e-08, 0.6883741021156311, -0.7253557443618774, -238.34146021919304],
      [0.0, 0.0, 0.0, 1.0]], [[-0.9856030344963074, 0.16844618320465088, -0.014581335708498955,
        -4.791239172574424], [-0.1690761148929596, -0.9819309711456299, 0.08499979972839355,
        27.92977355743856], [2.757174755174674e-08, 0.08624140918254852, 0.9962742924690247,
        327.3613438069609], [0.0, 0.0, 0.0, 1.0]], [[-0.14212921261787415, -0.7362452149391174,
        -0.6616212129592896, -217.3991482413611], [-0.989848256111145, 0.10571487247943878,
        0.09500003606081009, 31.215629270078388], [-3.207939158755835e-08, 0.6684067845344543,
        -0.7437962889671326, -244.40063927101662], [0.0, 0.0, 0.0, 1.0]], [[-0.10554448515176773,
        -0.10086432844400406, 0.9892860651016235, 325.0651028835428], [0.9944146871566772,
        -0.010705681517720222, 0.10500004887580872, 34.50148498271822], [1.348943641232836e-07,
        0.9948426485061646, 0.10143078863620758, 33.32872731108775], [0.0, 0.0, 0.0,
        1.0]], [[-0.14279510080814362, 0.5867257714271545, -0.7970961928367615, -261.9143175741616],
      [-0.9897522330284119, -0.08464904874563217, 0.1149999126791954, 37.78734069535805],
      [-3.397738623789337e-08, 0.8053492307662964, 0.5928006768226624, 194.78574068887085],
      [0.0, 0.0, 0.0, 1.0]], [[-0.5555309057235718, 0.8101736307144165, 0.18709492683410645,
        61.47669181560104], [0.8314961194992065, 0.5412847995758057, 0.12500013411045074,
        41.07319640799788], [1.436378482821965e-07, 0.22501009702682495, -0.9743567109107971,
        -320.1594704879391], [0.0, 0.0, 0.0, 1.0]], [[-0.2515012323856354, -0.8166046142578125,
        0.5195228457450867, 170.70772549868633], [0.9678569436073303, -0.21219772100448608,
        0.13499999046325684, 44.359052120637706], [-4.130667008439559e-08, 0.5367764830589294,
        0.8437244892120361, 277.2356841983037], [0.0, 0.0, 0.0, 1.0]], [[-0.1506289392709732,
        -0.2677265703678131, -0.9516476988792419, -312.69771848168597], [-0.9885903596878052,
        0.0407928042113781, 0.14500010013580322, 47.644907833277536], [-1.7684548936358624e-08,
        0.9626309871673584, -0.27081647515296936, -88.98638804213034], [0.0, 0.0,
        0.0, 1.0]], [[-0.17283888161182404, 0.43579867482185364, 0.8832927346229553,
        290.23727674816126], [0.9849500060081482, 0.07647399604320526, 0.15500013530254364,
        50.930763545917365], [-2.4811477317143726e-09, 0.8967893123626709, -0.44245755672454834,
        -145.385206101993], [0.0, 0.0, 0.0, 1.0]], [[-0.42457374930381775, 0.8342258930206299,
        -0.3518584966659546, -115.61563343305798], [-0.9053934216499329, -0.39120054244995117,
        0.1650000512599945, 54.216619258557124], [9.998649375120294e-08, 0.38862502574920654,
        0.921396017074585, 302.757429545376], [0.0, 0.0, 0.0, 1.0]], [[-0.4349340498447418,
        -0.8243565559387207, -0.36230966448783875, -119.04973961266053], [-0.9004620909690857,
        0.3981744945049286, 0.17499974370002747, 57.50247497119695], [2.4059343672888645e-07,
        0.4023595452308655, -0.9154815077781677, -300.8140663486707], [0.0, 0.0, 0.0,
        1.0]], [[-0.20485875010490417, -0.42040199041366577, 0.8839089870452881, 290.43974049628446],
      [0.9787915349006653, -0.08798900991678238, 0.18500010669231415, 60.78833068383678],
      [-1.454033196068849e-07, 0.9030615091323853, 0.4295112192630768, 141.1311929943247],
      [0.0, 0.0, 0.0, 1.0]], [[-0.20311309397220612, 0.27397897839546204, -0.9400426149368286,
        -308.8844991869816], [-0.9791550636291504, -0.056833215057849884, 0.19499991834163666,
        64.07418639647662], [6.361318583003595e-08, 0.9600547552108765, 0.2798117399215698,
        91.94206024728295], [0.0, 0.0, 0.0, 1.0]], [[-0.37735041975975037, 0.7774949073791504,
        0.5030990839004517, 165.31108072076134], [0.9260707497596741, 0.3168092966079712,
        0.20500004291534424, 67.36004210911645], [-3.626359301733828e-08, 0.5432620644569397,
        -0.8395634889602661, -275.86835440272927], [0.0, 0.0, 0.0, 1.0]], [[-0.739490807056427,
        -0.6440869569778442, 0.19571661949157715, 64.30970965755418], [0.6731663942337036,
        -0.7075462341308594, 0.2149999886751175, 70.64589782175628], [-1.0560733443298886e-07,
        0.29074040055274963, 0.9568019509315491, 314.391310324565], [0.0, 0.0, 0.0,
        1.0]], [[-0.27430248260498047, -0.5500478744506836, -0.7888002395629883, -259.1883307363389],
      [-0.961643636226654, 0.15689726173877716, 0.22500000894069672, 73.93175353439611],
      [-8.492813208249572e-08, 0.820262610912323, -0.5719873905181885, -187.9467548863704],
      [0.0, 0.0, 0.0, 1.0]], [[-0.23645593225955963, 0.10765000432729721, 0.965660572052002,
        317.3021017911976], [0.9716423749923706, 0.026197345927357674, 0.23500008881092072,
        77.21760924703594], [-1.1295561819224531e-07, 0.9938437938690186, -0.11079196631908417,
        -36.40459674187404], [0.0, 0.0, 0.0, 1.0]], [[-0.35967350006103516, 0.6831271052360535,
        -0.6355885863304138, -208.84518612265688], [-0.9330784678459167, -0.26332488656044006,
        0.24500000476837158, 80.50346495967577], [-4.3669160731951706e-08, 0.6811738610267639,
        0.7321217656135559, 240.56466491518853], [0.0, 0.0, 0.0, 1.0]], [[-0.9949173927307129,
        -0.09733413904905319, -0.025809140875935555, -8.480510177174292], [-0.10069780051708221,
        0.9616833925247192, 0.25500011444091797, 83.7893206723156], [8.268468576488885e-09,
        0.2563028931617737, -0.9665968418121338, -317.6096792153611], [0.0, 0.0, 0.0,
        1.0]], [[-0.36775752902030945, -0.6447781920433044, 0.6700863242149353, 220.1806705989371],
      [0.9299218058586121, -0.254991352558136, 0.26499998569488525, 87.07517638495543],
      [-3.380796087526505e-08, 0.7205835580825806, 0.693368136882782, 227.83077841900365],
      [0.0, 0.0, 0.0, 1.0]], [[-0.2754713296890259, -0.05619893968105316, -0.9596652388572693,
        -315.3321435498133], [-0.9613093733787537, 0.016104185953736305, 0.2750001549720764,
        90.36103209759526], [-4.7459565166718676e-08, 0.9982897639274597, -0.05846085771918297,
        -19.209392635249248], [0.0, 0.0, 0.0, 1.0]], [[-0.35736083984375, 0.5634634494781494,
        0.7448505163192749, 244.74712458339488], [0.9339664578437805, 0.2155963033437729,
        0.28499990701675415, 93.64688781023509], [-1.903086399579479e-08, 0.7975131869316101,
        -0.6033016443252563, -198.23617998361271], [0.0, 0.0, 0.0, 1.0]], [[-0.9019317030906677,
        0.408125102519989, -0.1412571370601654, -46.415096288530705], [-0.4318792521953583,
        -0.8523237705230713, 0.29499995708465576, 96.93274352287492], [9.767849462605227e-08,
        0.3270757496356964, 0.9449981451034546, 310.5127367959853], [0.0, 0.0, 0.0,
        1.0]], [[-0.4970725178718567, -0.6851629614830017, -0.5324202179908752, -174.9455790909814],
      [-0.8677093386650085, 0.39249929785728455, 0.3050000071525574, 100.21859923551474],
      [-2.8175266564289814e-08, 0.6135929226875305, -0.789622962474823, -259.45857928900773],
      [0.0, 0.0, 0.0, 1.0]], [[-0.3230491876602173, -0.20994196832180023, 0.9228020906448364,
