{cam2Pos: [[[0.9950000047683716, 5.261766133912715e-09, 0.09987491369247437, 23.033477239153466],
      [0.09987491369247437, 1.3823611766383692e-07, -0.994999885559082, -229.4701156721382],
      [-5.261766133912715e-09, 0.9999998807907104, 1.3770929285783495e-07, 0.0], [
        0.0, 0.0, 0.0, 1.0]], [[0.9917600154876709, 0.014932270161807537, -0.12723617255687714,
        -29.34362354687421], [-0.1281093955039978, 0.11559844017028809, -0.9849998950958252,
        -227.16388335382524], [6.0789790978788005e-09, 0.9931836724281311, 0.11655887961387634,
        26.88116286658916], [0.0, 0.0, 0.0, 1.0]], [[0.9998015761375427, 0.004409503657370806,
        0.01942642405629158, 4.480183984474317], [0.019920583814382553, -0.22131036221981049,
        -0.9750001430511475, -224.8576510355123], [-3.9112219019088457e-10, 0.9751936197280884,
        -0.22135429084300995, -51.04938572175108], [0.0, 0.0, 0.0, 1.0]], [[0.9866037368774414,
        -0.033951934427022934, 0.1595630645751953, 36.79893907397889], [0.16313523054122925,
        0.2053333967924118, -0.9650002121925354, -222.55141871719934], [-2.8145343833330116e-08,
        0.9781031012535095, 0.20812144875526428, 47.997699635529266], [0.0, 0.0, 0.0,
        1.0]], [[0.956277072429657, -0.015109565109014511, -0.29207170009613037, -67.35852632160764],
      [-0.2924622595310211, -0.0494043193757534, -0.9549999237060547, -220.2451863988864],
      [8.964883058126816e-09, 0.9986644983291626, -0.051663193851709366, -11.914774870393451],
      [0.0, 0.0, 0.0, 1.0]], [[0.9599064588546753, 0.04920964688062668, 0.2759672999382019,
        63.64447561606934], [0.2803204357624054, -0.168509379029274, -0.9449999928474426,
        -217.93895408057347], [-2.989169445299922e-08, 0.9844709038734436, -0.17554770410060883,
        -40.48540574246892], [0.0, 0.0, 0.0, 1.0]], [[0.9951869249343872, 0.03356204554438591,
        -0.09206804633140564, -21.233036519580136], [-0.09799457341432571, 0.34084028005599976,
        -0.934999942779541, -215.6327217622605], [-1.6196263885603912e-08, 0.9395219087600708,
        0.34248870611190796, 78.98583750185098], [0.0, 0.0, 0.0, 1.0]], [[0.9825451374053955,
        -0.06272763758897781, -0.1751294732093811, -40.3889329670483], [-0.18602442741394043,
        -0.3313152492046356, -0.925000011920929, -213.32648944394757], [1.4024728045569645e-09,
        0.9414326548576355, -0.3372010588645935, -77.76643270470686], [0.0, 0.0, 0.0,
        1.0]], [[0.9238911867141724, -0.05295959860086441, 0.37897276878356934, 87.39992794984806],
      [0.3826552927494049, 0.12786681950092316, -0.9150000214576721, -211.02025712563463],
      [-1.2892542144982144e-08, 0.9903764128684998, 0.13840028643608093, 31.91831350970003],
      [0.0, 0.0, 0.0, 1.0]], [[0.917163074016571, 0.06468590348958969, -0.3932271897792816,
        -90.68734847169671], [-0.3985120952129364, 0.1488727182149887, -0.9049999117851257,
        -208.7140248073217], [1.4412698590149375e-08, 0.9867382645606995, 0.16231867671012878,
        37.43441913817883], [0.0, 0.0, 0.0, 1.0]], [[0.9784079790115356, 0.08350349962711334,
        0.1890634149312973, 43.60239996056812], [0.20668286085128784, -0.3952942490577698,
        -0.895000159740448, -206.40779248900873], [-1.3874615234499288e-08, 0.9147514700889587,
        -0.4040178060531616, -93.17579609428647], [0.0, 0.0, 0.0, 1.0]], [[0.9878304600715637,
        -0.06909630447626114, 0.13934384286403656, 32.1359360314282], [0.15553458034992218,
        0.4388440251350403, -0.8849999308586121, -204.1015601706958], [2.345385574642478e-08,
        0.8959026336669922, 0.44425034523010254, 102.4544279745043], [0.0, 0.0, 0.0,
        1.0]], [[0.9019775390625, -0.10481227934360504, -0.4188686013221741, -96.60082466144105],
      [-0.43178296089172363, -0.2189488559961319, -0.8750000596046448, -201.79532785238285],
      [-9.255595401214123e-09, 0.9700907468795776, -0.242743119597435, -55.982152441558874],
      [0.0, 0.0, 0.0, 1.0]], [[0.8700646162033081, 0.053109101951122284, 0.49006834626197815,
        113.02116285010554], [0.49293768405914307, -0.09374068677425385, -0.8649998903274536,
        -199.4890955340699], [4.127193520275796e-08, 0.9941789507865906, -0.10773991048336029,
        -24.84738560331336], [0.0, 0.0, 0.0, 1.0]], [[0.9441924691200256, 0.13975216448307037,
        -0.29827815294265747, -68.78988806236256], [-0.3293941915035248, 0.4005928337574005,
        -0.854999840259552, -197.18286321575695], [-2.7225453891333018e-08, 0.9055355191230774,
        0.42427030205726624, 97.84653706041318], [0.0, 0.0, 0.0, 1.0]], [[0.9967091083526611,
        -0.04298953711986542, -0.06872318685054779, -15.849163400293182], [-0.08106156438589096,
        -0.5285869836807251, -0.845000147819519, -194.876630897444], [-9.05733976708234e-09,
        0.8477901220321655, -0.5303322076797485, -122.30690009105486], [0.0, 0.0,
        0.0, 1.0]], [[0.8930333256721497, -0.15956974029541016, 0.4207480549812317,
        97.03427884228405], [0.44999048113822937, 0.31667590141296387, -0.8349999189376831,
        -192.57039857913105], [-1.7515777273047206e-08, 0.9350153803825378, 0.3546070158481598,
        81.78059293587665], [0.0, 0.0, 0.0, 1.0]], [[0.8252249360084534, 0.013188195414841175,
        -0.5646502375602722, -130.2214389749074], [-0.564804196357727, 0.019268905743956566,
        -0.824999988079071, -190.2641662608181], [-4.396064312572889e-08, 0.9997273683547974,
        0.02334992215037346, 5.385065337702995], [0.0, 0.0, 0.0, 1.0]], [[0.8930030465126038,
        0.18395373225212097, 0.41073906421661377, 94.72594877923811], [0.45005059242248535,
        -0.3650062084197998, -0.8149998784065247, -187.95793394250518], [6.083143944124458e-08,
        0.9126507043838501, -0.4087401330471039, -94.26497099267102], [0.0, 0.0, 0.0,
        1.0]], [[0.9994210600852966, 0.02016332373023033, -0.02740422822535038, -6.3200500836095035],
      [-0.03402280807495117, 0.5922983288764954, -0.8050001263618469, -185.6517016241922],
      [2.8210234148673408e-09, 0.8054664134979248, 0.5926414728164673, 136.6769099420003],
      [0.0, 0.0, 0.0, 1.0]], [[0.8983873128890991, -0.20455701649188995, -0.38866013288497925,
        -89.63407346624966], [-0.4392041265964508, -0.4184189736843109, -0.7950000762939453,
        -183.34546930587928], [4.53587851723114e-08, 0.8849191069602966, -0.46574458479881287,
        -107.41157674647985], [0.0, 0.0, 0.0, 1.0]], [[0.787692129611969, -0.05089211091399193,
        0.6139634251594543, 141.5942008701317], [0.6160690784454346, 0.06506959348917007,
        -0.7849999070167542, -181.03923698756634], [-4.864319436137521e-08, 0.9965821504592896,
        0.08260785788297653, 19.05129946275797], [0.0, 0.0, 0.0, 1.0]], [[0.8310174942016602,
        0.20076777040958405, -0.5187506675720215, -119.63595066520571], [-0.5562463402748108,
        0.2999417185783386, -0.7750000953674316, -178.73300466925338], [-1.2268266402770678e-08,
        0.9325917363166809, 0.3609331250190735, 83.23957839059617], [0.0, 0.0, 0.0,
        1.0]], [[0.9833542108535767, 0.11416636407375336, 0.14135266840457916, 32.59920437711923],
      [0.1816990226507187, -0.6178680658340454, -0.7650002241134644, -176.42677235094044],
      [-2.8544098640281845e-08, 0.7779498100280762, -0.6283270716667175, -144.90673183851513],
      [0.0, 0.0, 0.0, 1.0]], [[0.9180663228034973, -0.22554218769073486, 0.32601380348205566,
        75.18636188437884], [0.39642688632011414, 0.5223224759101868, -0.7549999356269836,
        -174.12054003262747], [1.6424026583194973e-08, 0.8223806619644165, 0.5689376592636108,
        131.21022668088216], [0.0, 0.0, 0.0, 1.0]], [[0.7608004808425903, -0.13157811760902405,
        -0.6355075836181641, -146.5627929028285], [-0.6489858627319336, -0.15424807369709015,
        -0.7449999451637268, -171.81430771431454], [-1.0185013366026396e-07, 0.9792317152023315,
        -0.20274434983730316, -46.75752839366654], [0.0, 0.0, 0.0, 1.0]], [[0.7666577696800232,
        0.18259859085083008, 0.6155433654785156, 141.9585867098763], [0.6420559287071228,
        -0.21803490817546844, -0.7350000143051147, -169.50807539600157], [-5.941353009575323e-08,
        0.9587067365646362, -0.2843966782093048, -65.58846769965787], [0.0, 0.0, 0.0,
        1.0]], [[0.9388487339019775, 0.21877074241638184, -0.2658991813659668, -61.322517268688905],
      [-0.3443298041820526, 0.5964997410774231, -0.7250000238418579, -167.20184307768864],
      [2.0539372869166073e-08, 0.7722223997116089, 0.635352373123169, 146.52702005966827],
      [0.0, 0.0, 0.0, 1.0]], [[0.9493634700775146, -0.20668785274028778, -0.23662029206752777,
        -54.570130130756226], [-0.314179927110672, -0.624552845954895, -0.7150000929832458,
        -164.89561075937567], [-1.692138873465865e-08, 0.7531362771987915, -0.6578648686408997,
        -151.7188633958081], [0.0, 0.0, 0.0, 1.0]], [[0.7468218803405762, -0.21942149102687836,
        0.6277828812599182, 144.78130154523848], [0.6650241613388062, 0.24641017615795135,
        -0.7049999237060547, -162.58937844106273], [3.996710162823547e-08, 0.9440001249313354,
        0.32994508743286133, 76.09299443001764], [0.0, 0.0, 0.0, 1.0]], [[0.7069740891456604,
        0.12961477041244507, -0.6952608227729797, -160.34330369882386], [-0.7072394490242004,
        0.12956616282463074, -0.6949999928474426, -160.2831461227498], [7.339764351854683e-09,
        0.9830628633499146, 0.18326859176158905, 42.26598027079306], [0.0, 0.0, 0.0,
        1.0]], [[0.8668251037597656, 0.30554816126823425, 0.39402350783348083, 90.87099246979662],
      [0.49861228466033936, -0.5311876535415649, -0.684999942779541, -157.97691380443683],
      [2.0433503777894657e-09, 0.7902401685714722, -0.6127968430519104, -141.32527195335868],
      [0.0, 0.0, 0.0, 1.0]], [[0.9832901358604431, -0.1323755383491516, 0.1249687597155571,
        28.820695343055753], [0.18204525113105774, 0.7150066494941711, -0.675000011920929,
        -155.6706814861239], [-1.0053065935267114e-08, 0.6864708065986633, 0.7271573543548584,
        167.6993783706416], [0.0, 0.0, 0.0, 1.0]], [[0.7477661967277527, -0.30362629890441895,
        -0.5904717445373535, -136.1764839527391], [-0.663962185382843, -0.3419497013092041,
        -0.6650000810623169, -153.36444916781093], [1.2307628693974948e-08, 0.8893154859542847,
        -0.45729485154151917, -105.46272331982718], [0.0, 0.0, 0.0, 1.0]], [[0.6562784314155579,
        0.047073379158973694, 0.7530489563941956, 173.670574319804], [0.7545188069343567,
        -0.04094424471259117, -0.6549999713897705, -151.058216849498], [-6.379583794569044e-08,
        0.9980519413948059, -0.0623885840177536, -14.388252082535045], [0.0, 0.0,
        0.0, 1.0]], [[0.7791330814361572, 0.3516422212123871, -0.5189405679702759,
        -119.67975831812751], [-0.6268585324287415, 0.43706223368644714, -0.6449999213218689,
        -148.75198453118503], [8.767896275685416e-08, 0.8278431296348572, 0.5609595775604248,
        129.37031192379408], [0.0, 0.0, 0.0, 1.0]], [[0.9999824166297913, 0.00458448426797986,
        0.0037685283459722996, 0.8691101782588405], [0.005934585351496935, -0.7724891901016235,
        -0.6349999904632568, -146.44575221287212], [1.5274492781713889e-10, 0.6350111365318298,
        -0.7725027799606323, -178.15712550054013], [0.0, 0.0, 0.0, 1.0]], [[0.7660125494003296,
        -0.37166494131088257, 0.5244901776313782, 120.95962275834138], [0.6428256034851074,
        0.44288840889930725, -0.6250001192092896, -144.13951989455916], [-3.154116257064743e-08,
        0.8159136772155762, 0.578173816204071, 133.34032970949494], [0.0, 0.0, 0.0,
        1.0]], [[0.6166348457336426, -0.05728701129555702, -0.785162091255188, -181.07665024439746],
      [-0.7872492074966431, -0.044871579855680466, -0.6149999499320984, -141.83328757624622],
      [-4.410797060927507e-08, 0.9973487257957458, -0.07276849448680878, -16.78214324492202],
      [0.0, 0.0, 0.0, 1.0]], [[0.6902297735214233, 0.3483119010925293, 0.6342410445213318,
        146.27068988776713], [0.7235902547836304, -0.33225348591804504, -0.6050000190734863,
        -139.52705525793328], [3.0533854555869766e-08, 0.8765196800231934, -0.4813663959503174,
        -111.01423868638375], [0.0, 0.0, 0.0, 1.0]], [[0.9719952940940857, 0.18582579493522644,
        -0.14385369420051575, -33.17600648205185], [-0.23500023782253265, 0.7686025500297546,
        -0.5950000286102295, -137.22082293962032], [-1.0478617085141195e-08, 0.6121429204940796,
        0.7907471656799316, 182.3646714854259], [0.0, 0.0, 0.0, 1.0]], [[0.8044590353965759,
        -0.407744437456131, -0.4319608211517334, -99.62021139986892], [-0.5940081477165222,
        -0.5522039532661438, -0.5850000381469727, -134.91459062130738], [2.5294106364981417e-08,
        0.7271968126296997, -0.686428964138031, -158.30648053204123], [0.0, 0.0, 0.0,
        1.0]], [[0.5889350175857544, -0.17476724088191986, 0.7890576720237732, 181.97500256594725],
      [0.8081803917884827, 0.12735587358474731, -0.5749999284744263, -132.60835830299445],
      [8.212321489509122e-09, 0.9763385057449341, 0.2162477821111679, 49.871803753415925],
      [0.0, 0.0, 0.0, 1.0]], [[0.6099340319633484, 0.29852762818336487, -0.7340719699859619,
        -169.2940743627726], [-0.7924521565437317, 0.2297704964876175, -0.5649999976158142,
        -130.3021259846815], [-5.867680030746669e-08, 0.9263296723365784, 0.37671375274658203,
        86.87892385288447], [0.0, 0.0, 0.0, 1.0]], [[0.8868467807769775, 0.3603973388671875,
        0.2891652286052704, 66.68820634445136], [0.46206361055374146, -0.6917172074317932,
        -0.5549998879432678, -127.99589366636856], [4.3146876294031244e-08, 0.6258125901222229,
        -0.7799736857414246, -179.8799861002292], [0.0, 0.0, 0.0, 1.0]], [[0.8650131821632385,
        -0.3896363377571106, 0.31612613797187805, 72.90603478149316], [0.5017491579055786,
        0.6717312335968018, -0.5449999570846558, -125.68966134805561], [4.458989621980436e-09,
        0.6300481557846069, 0.7765560746192932, 179.09185962226726], [0.0, 0.0, 0.0,
        1.0]], [[0.5738805532455444, -0.2963051497936249, -0.7634556293487549, -176.0705772257039],
      [-0.8189390897750854, -0.2076394110918045, -0.5350000262260437, -123.38342902974266],
      [-9.348183738211446e-08, 0.9322497248649597, -0.3618161380290985, -83.44313235120659],
      [0.0, 0.0, 0.0, 1.0]], [[0.5423271656036377, 0.21067750453948975, 0.8133242130279541,
        187.5714427858059], [0.8401674032211304, -0.13599202036857605, -0.5250000953674316,
        -121.0771967114297], [-1.7801653484639246e-07, 0.9680503010749817, -0.25075656175613403,
        -57.83028054630182], [0.0, 0.0, 0.0, 1.0]], [[0.765108585357666, 0.47619393467903137,
        -0.4334145486354828, -99.95545645545977], [-0.6439012885093689, 0.565832257270813,
        -0.5149999856948853, -118.77096439311676], [2.332685333783502e-08, 0.6731070876121521,
        0.7395449876785278, 170.55626579583867], [0.0, 0.0, 0.0, 1.0]], [[0.9412350058555603,
        -0.2850230932235718, -0.18121396005153656, -41.79214896818202], [-0.3377523720264435,
        -0.7942909598350525, -0.5049999356269836, -116.4647320748038], [1.5216429005704413e-08,
        0.5365290641784668, -0.8438816666603088, -194.6187491678963], [0.0, 0.0, 0.0,
        1.0]], [[0.5727991461753845, -0.4124605357646942, 0.7083625197410583, 163.36483485763563],
      [0.819695770740509, 0.288225382566452, -0.4950000047683716, -114.15849975649087],
      [-1.1224454965486075e-07, 0.8641773462295532, 0.5031874179840088, 116.04672647513931],
      [0.0, 0.0, 0.0, 1.0]], [[0.48786160349845886, 0.09440841525793076, -0.867800772190094,
        -200.13500445402863], [-0.8729210495948792, 0.05276338383555412, -0.4850000739097595,
        -111.85226743817792], [9.842997172881951e-08, 0.9941344261169434, 0.10815227031707764,
        24.94244016601699], [0.0, 0.0, 0.0, 1.0]], [[0.6399326324462891, 0.5149300694465637,
        0.5703798532485962, 131.54286496623016], [0.7684309482574463, -0.42882242798805237,
        -0.4749999940395355, -109.54603511986497], [-7.843466676149546e-08, 0.7422655820846558,
        -0.6701056957244873, -154.54195522997807], [0.0, 0.0, 0.0, 1.0]], [[0.9976015686988831,
        -0.06123838573694229, 0.032263580709695816, 7.4407298667858655], [0.06921761482954025,
        0.8826006650924683, -0.4650000035762787, -107.23980280155202], [-5.283128157174133e-09,
        0.4661179482936859, 0.8847225904464722, 204.03758304401873], [0.0, 0.0, 0.0,
        1.0]], [[0.5885264873504639, -0.5127878189086914, -0.6250482201576233, -144.15061823141838],
      [-0.8084779381752014, -0.3732808232307434, -0.4549998641014099, -104.93357048323907],
      [-1.0520865600938123e-07, 0.773117184638977, -0.6342633366584778, -146.27583569903146],
      [0.0, 0.0, 0.0, 1.0]], [[0.4454660713672638, -0.040941499173641205, 0.8943622708320618,
        206.2607116167275], [0.8952988386154175, 0.02037077583372593, -0.4450000822544098,
        -102.62733816492612], [8.543426588403236e-08, 0.9989538788795471, 0.045729346573352814,
        10.546248852278156], [0.0, 0.0, 0.0, 1.0]], [[0.5310179591178894, 0.48599061369895935,
        -0.6941419839859009, -160.08525619230355], [-0.8473605513572693, 0.30455711483955383,
        -0.43500006198883057, -100.32110584661316], [-5.7878846604353384e-08, 0.8191813826560974,
        0.5735345482826233, 132.2704106437576], [0.0, 0.0, 0.0, 1.0]], [[0.9593167901039124,
        0.253113329410553, 0.12507972121238708, 28.84628897433422], [0.2823318839073181,
        -0.8600368499755859, -0.4249999523162842, -98.01487352830023], [2.438605406496208e-08,
        0.44302359223365784, -0.8965097665786743, -206.75601863053856], [0.0, 0.0,
        0.0, 1.0]], [[0.6267346143722534, -0.5839262008666992, 0.5159785151481628,
        118.99663786826562], [0.7792327404022217, 0.4696502387523651, -0.41499990224838257,
        -95.70864120998729], [-5.601847874459054e-08, 0.662162184715271, 0.7493605613708496,
        172.81993876314692], [0.0, 0.0, 0.0, 1.0]], [[0.413790225982666, -0.1866486668586731,
        -0.8910330533981323, -205.49292263057902], [-0.910372257232666, -0.08483711630105972,
        -0.4049999713897705, -93.40240889167436], [-6.430440180338337e-09, 0.9787567853927612,
        -0.20502451062202454, -47.28344131179977], [0.0, 0.0, 0.0, 1.0]], [[0.44303208589553833,
        0.4059886634349823, 0.799309492111206, 184.33934380189], [0.8965057134628296,
        -0.2006300687789917, -0.3949998617172241, -91.0961765733614], [1.1307675862326505e-07,
        0.8915832042694092, -0.4528566896915436, -104.43930295015686], [0.0, 0.0,
        0.0, 1.0]], [[0.8039491772651672, 0.5220717191696167, -0.28479263186454773,
        -65.67977756311889], [-0.5946980118751526, 0.7057685256004333, -0.3850000500679016,
        -88.78994425504845], [5.166346284113388e-08, 0.47888609766960144, 0.8778770565986633,
        202.45885428589116], [0.0, 0.0, 0.0, 1.0]], [[0.6980167031288147, -0.603965699672699,
        -0.384705126285553, -88.72195072168147], [-0.716081440448761, -0.5887289643287659,
        -0.37499991059303284, -86.4837119367355], [-4.290020783059845e-08, 0.5372363924980164,
        -0.8434312343597412, -194.51493024982523], [0.0, 0.0, 0.0, 1.0]], [[0.39181965589523315,
        -0.33453747630119324, 0.8570660352706909, 197.6593090531948], [0.920042097568512,
        0.14246989786624908, -0.36500000953674316, -84.17747961842255], [5.7981708323495695e-09,
        0.931550920009613, 0.36361098289489746, 83.85716743376665], [0.0, 0.0, 0.0,
        1.0]], [[0.3736664354801178, 0.2895040214061737, -0.8812268972396851, -203.23138956770174],
      [-0.9275631308555603, 0.11662585288286209, -0.35500001907348633, -81.8712473001096],
      [-9.182620885894721e-08, 0.9500451683998108, 0.312112420797348, 71.98038774705533],
      [0.0, 0.0, 0.0, 1.0]], [[0.6164111495018005, 0.6525394916534424, 0.44071468710899353,
        101.63905257958761], [0.7874244451522827, -0.5108203291893005, -0.3449999988079071,
        -79.56501498179665], [-5.6102930301449305e-08, 0.5596913695335388, -0.8287009000778198,
        -191.11772927172765], [0.0, 0.0, 0.0, 1.0]], [[0.817836344242096, -0.5249592661857605,
        0.23571479320526123, 54.36129004337988], [0.5754508376121521, 0.7460772395133972,
        -0.3349999785423279, -77.25878266348371], [-7.986589878328232e-08, 0.40961745381355286,
        0.9122573733329773, 210.38775084706623], [0.0, 0.0, 0.0, 1.0]], [[0.3792392909526825,
        -0.4768548011779785, -0.7929610013961792, -182.87521634110132], [-0.9252986907958984,
        -0.1954420506954193, -0.32499995827674866, -74.95255034517076], [-5.321774665389967e-08,
        0.8569785356521606, -0.5153524875640869, -118.85220025418599], [0.0, 0.0,
        0.0, 1.0]], [[0.3189140260219574, 0.14803297817707062, 0.9361516833305359,
        215.89834614061144], [0.9477835893630981, -0.04981069639325142, -0.3149999678134918,
        -72.64631802685781], [6.026780852153024e-08, 0.987727165222168, -0.15618851780891418,
        -36.02071169758394], [0.0, 0.0, 0.0, 1.0]], [[0.4611944854259491, 0.6655613780021667,
        -0.5867943167686462, -135.32841981210714], [-0.8872990012168884, 0.34594130516052246,
        -0.3049999475479126, -70.34008570854486], [1.569289480585212e-07, 0.6613263487815857,
        0.7500982284545898, 172.99007542048108], [0.0, 0.0, 0.0, 1.0]], [[0.9697588086128235,
        -0.23249870538711548, -0.07424451410770416, -17.122508497183144], [-0.24406534433364868,
        -0.9238003492355347, -0.2950000762939453, -68.03385339023191], [3.01107476730067e-08,
        0.3041994273662567, -0.9526083469390869, -219.69362657107604], [0.0, 0.0,
        0.0, 1.0]], [[0.3768845796585083, -0.6060899496078491, 0.7004377245903015,
        161.5371968084337], [0.926260232925415, 0.24661104381084442, -0.28499993681907654,
        -65.72762107191899], [-4.999280278639162e-08, 0.7561996579170227, 0.654340922832489,
        150.90622563635563], [0.0, 0.0, 0.0, 1.0]], [[0.27501222491264343, -0.00901858415454626,
        -0.9613983631134033, -221.7208213167516], [-0.9614406228065491, -0.0025794655084609985,
        -0.27500003576278687, -63.42138875360604], [1.1177571934695152e-07, 0.9999558925628662,
        -0.009380139410495758, -2.1633084616308174], [0.0, 0.0, 0.0, 1.0]], [[0.34653595089912415,
        0.6044450402259827, 0.7173276543617249, 165.43243062107888], [0.9380366802215576,
        -0.22329814732074738, -0.2650001049041748, -61.115156435293095], [-2.5937600511838355e-08,
        0.7647117376327515, -0.6443724036216736, -148.6072798115983], [0.0, 0.0, 0.0,
        1.0]], [[0.9383646845817566, 0.3326394259929657, -0.09392913430929184, -21.66227353498671],
      [-0.3456467390060425, 0.9030522704124451, -0.2549998462200165, -58.808924116980144],
      [-8.212215618641494e-08, 0.2717491686344147, 0.9623681306838989, 221.94443315796363],
      [0.0, 0.0, 0.0, 1.0]], [[0.3877820670604706, -0.7144795656204224, -0.5823606252670288,
        -134.30590647870005], [-0.9217510223388672, -0.3005823493003845, -0.24500000476837158,
        -56.50269179866719], [9.81602283900429e-08, 0.6317981481552124, -0.7751326560974121,
        -178.76365504416884], [0.0, 0.0, 0.0, 1.0]], [[0.23884177207946777, -0.17346426844596863,
        0.9554394483566284, 220.3465658934873], [0.9710583686828613, 0.042665526270866394,
        -0.23499995470046997, -54.19645948035424], [-6.553799636321855e-08, 0.983915388584137,
        0.1786343902349472, 41.19720547625124], [0.0, 0.0, 0.0, 1.0]], [[0.26247072219848633,
        0.49686676263809204, -0.8271836042404175, -190.76773650505606], [-0.964940071105957,
        0.13515134155750275, -0.2250000387430191, -51.8902271620413], [2.5051093643924105e-08,
        0.8572384119033813, 0.5149198174476624, 118.75247405473432], [0.0, 0.0, 0.0,
        1.0]], [[0.633317232131958, 0.7279326915740967, 0.26272276043891907, 60.589968009432184],
      [0.7738922834396362, -0.5957061052322388, -0.21500006318092346, -49.58399484372835],
      [-3.8273029190349916e-08, 0.3394823670387268, -0.9406124949455261, -216.92708058761173],
      [0.0, 0.0, 0.0, 1.0]], [[0.4202624261379242, -0.7921268939971924, 0.4426223039627075,
        102.07899638929317], [0.9074026346206665, 0.3668725788593292, -0.20500004291534424,
        -47.2777625254154], [4.470016534696697e-08, 0.48779046535491943, 0.8729607462882996,
        201.32502757247093], [0.0, 0.0, 0.0, 1.0]], [[0.2077902853488922, -0.33788639307022095,
        -0.9179629683494568, -211.7035792751352], [-0.9781733751296997, -0.07177622616291046,
        -0.19499994814395905, -44.97153020710245], [-7.981218175245886e-08, 0.938446044921875,
        -0.34542590379714966, -79.66323526721287], [0.0, 0.0, 0.0, 1.0]], [[0.19880102574825287,
        0.3587823808193207, 0.9120050668716431, 210.3295688775633], [0.9800397753715515,
        -0.07277889549732208, -0.18500007688999176, -42.6652978887895], [3.343474475059338e-08,
        0.9305794835090637, -0.36608949303627014, -84.42878580289006], [0.0, 0.0,
        0.0, 1.0]], [[0.3799959421157837, 0.8210597634315491, -0.4259859323501587,
        -98.24224528423039], [-0.9249881505966187, 0.3373009264469147, -0.17500001192092896,
        -40.35906557047655], [-6.214271763838042e-09, 0.46053123474121094, 0.8876435160636902,
        204.71121641986832], [0.0, 0.0, 0.0, 1.0]], [[0.4997408092021942, -0.8176008462905884,
        -0.285986065864563, -65.95502806683966], [-0.8661749958992004, -0.4717159569263458,
        -0.16499991714954376, -38.0528332521636], [-1.1819540191027045e-07, 0.3301711678504944,
        -0.9439211487770081, -217.69012658937135], [0.0, 0.0, 0.0, 1.0]], [[0.1794188767671585,
        -0.49549055099487305, 0.8498811721801758, 196.00234007856187], [0.9837728142738342,
        0.09036669135093689, -0.1549999862909317, -35.74660093385068], [5.99191878336569e-08,
        0.8638998866081238, 0.5036635994911194, 116.156524852093], [0.0, 0.0, 0.0,
        1.0]], [[0.14808382093906403, 0.2007736712694168, -0.9683805704116821, -223.3310845115282],
      [-0.9889746904373169, 0.030062701553106308, -0.14500008523464203, -33.44036861553773],
      [-1.8222078779217554e-07, 0.9791761636734009, 0.20301200449466705, 46.8192641769679],
      [0.0, 0.0, 0.0, 1.0]], [[0.22753766179084778, 0.7838600277900696, 0.5777456164360046,
        133.24156931802983], [0.9737692475318909, -0.18316209316253662, -0.13500002026557922,
        -31.13413629722478], [-1.96961735809964e-09, 0.5933085083961487, -0.8049750924110413,
        -185.64596635264007], [0.0, 0.0, 0.0, 1.0]], [[0.7274735569953918, -0.675930917263031,
        0.11789674311876297, 27.189793491254335], [0.6861357092857361, 0.7166538834571838,
        -0.12499997764825821, -28.827903978911834], [1.9525839434209047e-07, 0.17182734608650208,
        0.9851270914077759, 227.1931824293957], [0.0, 0.0, 0.0, 1.0]], [[0.15091422200202942,
        -0.6401352286338806, -0.7532941699028015, -173.72709230086005], [-0.9885469675064087,
        -0.09772519022226334, -0.11499985307455063, -26.521671660598887], [-2.468572404268343e-07,
        0.7620216608047485, -0.6475518941879272, -149.34046134027756], [0.0, 0.0,
        0.0, 1.0]], [[0.10505186021327972, 0.031219568103551865, 0.9939764738082886,
        229.23409380275666], [0.9944666624069214, -0.003297789953649044, -0.10499995946884155,
        -24.215439342285936], [-1.248601222414436e-08, 0.9995070099830627, -0.031393155455589294,
        -7.24001354971971], [0.0, 0.0, 0.0, 1.0]], [[0.1321745663881302, 0.6891718506813049,
        -0.7124408483505249, -164.30541319609588], [-0.9912263751029968, 0.09189736098051071,
        -0.09499992430210114, -21.90920702397299], [1.1289034773653839e-07, 0.7187467813491821,
        0.695271909236908, 160.3458540229587], [0.0, 0.0, 0.0, 1.0]], [[0.8362663984298706,
        0.5454835891723633, 0.05573283135890961, 12.8532875049412], [0.548323392868042,
        -0.8319351673126221, -0.08500013500452042, -19.60297470566004], [-7.446059413496187e-08,
        0.10164237022399902, -0.9948208332061768, -229.42883742745954], [0.0, 0.0,
        0.0, 1.0]], [[0.11795387417078018, -0.7664301991462708, 0.6314042806625366,
        145.61653809440358], [0.9930189847946167, 0.0910390093922615, -0.07500004768371582,
        -17.29674238734709], [-3.504835532908146e-08, 0.63584303855896, 0.7718183398246765,
        177.99921796597295], [0.0, 0.0, 0.0, 1.0]], [[0.0656721368432045, -0.1423993855714798,
        -0.9876282215118408, -227.77001926575278], [-0.9978412389755249, -0.009371894411742687,
        -0.06499995291233063, -14.990510069034142], [-1.693497608812322e-08, 0.9897648692131042,
        -0.1427074372768402, -32.91166953923613], [0.0, 0.0, 0.0, 1.0]], [[0.06650785356760025,
        0.560998797416687, 0.8251404762268066, 190.29659578364328], [0.997785747051239,
        -0.0373932421207428, -0.055000096559524536, -12.684277750721195], [-1.9325824496263522e-07,
        0.8269714713096619, -0.5622434616088867, -129.66645592214786], [0.0, 0.0,
        0.0, 1.0]], [[0.193015918135643, 0.9541565775871277, -0.22875747084617615,
        -52.75679341446457], [-0.9811955690383911, 0.1876969337463379, -0.04500005394220352,
        -10.378045432408246], [-3.7053204948733764e-08, 0.23314155638217926, 0.9724428057670593,
        224.26790225517664], [0.0, 0.0, 0.0, 1.0]], [[0.07148038595914841, -0.8696913719177246,
        -0.4883926510810852, -112.63469188869396], [-0.9974419474601746, -0.062325190752744675,
        -0.034999966621398926, -8.071813114095322], [-3.0925946248316905e-08, 0.4896451532840729,
        -0.8719216585159302, -201.08542233712814], [0.0, 0.0, 0.0, 1.0]], [[0.026323655620217323,
        -0.31300899386405945, 0.9493852853775024, 218.9503035348431], [0.9996535181999207,
        0.00824233889579773, -0.024999985471367836, -5.765580795782372], [4.872707748404537e-08,
        0.9497144222259521, 0.31311747431755066, 72.21217155299004], [0.0, 0.0, 0.0,
        1.0]], [[0.016450120136141777, 0.4104440212249756, -0.9117372632026672, -210.26782792184542],
      [-0.9998645782470703, 0.006752915680408478, -0.015000063925981522, -3.459348477469424],
      [7.176791427809803e-08, 0.9118606448173523, 0.4104996919631958, 94.6707373450303],
      [0.0, 0.0, 0.0, 1.0]], [[0.012656103819608688, 0.9185776710510254, 0.39503780007362366,
        91.10489931683934], [0.9999198913574219, -0.011626428924500942, -0.00500012980774045,
        -1.1531161591564754], [-1.1375650643685731e-07, 0.395069420337677, -0.9186511635780334,
        -211.86232016076653], [0.0, 0.0, 0.0, 1.0]], [[-0.015184346586465836, -0.9441202878952026,
        0.32925140857696533, 75.93302359162878], [0.9998847842216492, -0.01433751080185175,
        0.005000002216547728, 1.1531161591564734], [1.3955020250477901e-08, 0.32928937673568726,
        0.9442290663719177, 217.76115657221268], [0.0, 0.0, 0.0, 1.0]], [[-0.01703304797410965,
        -0.47372275590896606, -0.8805091977119446, -203.06588600362122], [-0.9998548626899719,
        0.008070305921137333, 0.014999930746853352, 3.4593484774694225], [1.1681671452379305e-07,
        0.880636990070343, -0.4737914502620697, -109.26735061301171], [0.0, 0.0, 0.0,
        1.0]], [[-0.025788571685552597, 0.24528558552265167, 0.969107985496521, 223.4987761218603],
      [0.9996675848960876, 0.00632740743458271, 0.025000063702464104, 5.7655807957823715],
      [4.7174729900234524e-08, 0.9694303870201111, -0.2453673630952835, -56.587367940459714],
      [0.0, 0.0, 0.0, 1.0]], [[-0.06365975737571716, 0.8336038589477539, -0.5486820340156555,
        -126.53882147928071], [-0.9979716539382935, -0.05317491665482521, 0.03499990329146385,
        8.071813114095319], [-7.350443809173157e-08, 0.5497972369194031, 0.8352981805801392,
        192.63916411777987], [0.0, 0.0, 0.0, 1.0]], [[-0.27138879895210266, -0.949146568775177,
        -0.15959084033966064, -36.80534777195435], [-0.9624699950218201, 0.2676316499710083,
        0.045000236481428146, 10.378045432408268], [-2.3373262081349822e-07, 0.16581392288208008,
        -0.9861573576927185, -227.4307314517971], [0.0, 0.0, 0.0, 1.0]], [[-0.07003217935562134,
        -0.6175292134284973, 0.7834239602088928, 180.67578042523215], [0.9975447058677673,
        -0.04335324466228485, 0.05500003695487976, 12.684277750721217], [-1.2535011251202377e-07,
        0.7853522300720215, 0.6190491318702698, 142.76710589623562], [0.0, 0.0, 0.0,
        1.0]], [[-0.06517250090837479, 0.07252946496009827, -0.9952346682548523, -229.524234667943],
      [-0.9978740215301514, -0.004737101495265961, 0.06500008702278137, 14.990510069034167],
      [-7.457750683670383e-08, 0.997355043888092, 0.07268396764993668, 16.76261818083041],
      [0.0, 0.0, 0.0, 1.0]], [[-0.1089526042342186, 0.7210379242897034, 0.6842764019966125,
        157.8099887119848], [0.994047224521637, 0.07902885973453522, 0.07500012218952179,
        17.296742387347116], [1.8766701259664842e-07, 0.6883742809295654, -0.7253562211990356,
        -167.2839060573971], [0.0, 0.0, 0.0, 1.0]], [[-0.9856030344963074, 0.16844618320465088,
        -0.01458133663982153, -3.3628106620910874], [-0.1690761148929596, -0.9819309711456299,
        0.08499979227781296, 19.602974705660063], [2.508600083217516e-08, 0.08624140173196793,
        0.9962742924690247, 229.76398749031858], [0.0, 0.0, 0.0, 1.0]], [[-0.14212903380393982,
        -0.7362450957298279, -0.66162109375, -152.58519712818907], [-0.9898480772972107,
        0.10571501404047012, 0.09500008821487427, 21.909207023973014], [-9.086846119998881e-08,
        0.6684066653251648, -0.7437959313392639, -171.53664134884843], [0.0, 0.0,
        0.0, 1.0]], [[-0.10554448515176773, -0.10086435824632645, 0.9892860651016235,
        228.15233272171488], [0.9944146275520325, -0.01070562843233347, 0.1050000786781311,
        24.21543934228596], [1.0200791678016685e-07, 0.9948426485061646, 0.10143084079027176,
        23.39231992366404], [0.0, 0.0, 0.0, 1.0]], [[-0.142795130610466, 0.5867258310317993,
        -0.7970961928367615, -183.82890687952195], [-0.9897522330284119, -0.0846489816904068,
        0.11500002443790436, 26.521671660598912], [8.126264106067538e-08, 0.8053491711616516,
        0.5928006768226624, 136.71360205962873], [0.0, 0.0, 0.0, 1.0]], [[-0.5555306673049927,
        0.8101733326911926, 0.18709491193294525, 43.14843556359318], [0.8314958214759827,
        0.5412851572036743, 0.12499989569187164, 28.82790397891186], [-9.498535291641019e-08,
        0.225009948015213, -0.9743562340736389, -224.70923327916051], [0.0, 0.0, 0.0,
        1.0]], [[-0.2515012323856354, -0.8166046142578125, 0.5195228457450867, 119.81404783427848],
      [0.9678569436073303, -0.21219775080680847, 0.13499996066093445, 31.13413629722481],
      [3.96367028088207e-09, 0.5367764830589294, 0.8437244892120361, 194.58246210515003],
      [0.0, 0.0, 0.0, 1.0]], [[-0.15062904357910156, -0.2677265405654907, -0.9516477584838867,
        -219.47207890203416], [-0.98859041929245, 0.040792692452669144, 0.1450001746416092,
        33.44036861553776], [-7.961015313640019e-08, 0.9626310467720032, -0.27081647515296936,
        -62.45657202878917], [0.0, 0.0, 0.0, 1.0]], [[-0.17283913493156433, 0.4357987940311432,
        0.8832929134368896, 203.70784543000968], [0.9849501848220825, 0.07647377252578735,
        0.1550002247095108, 35.74660093385071], [7.034719118337307e-08, 0.8967894911766052,
        -0.44245782494544983, -102.04101769509356], [0.0, 0.0, 0.0, 1.0]], [[-0.42457354068756104,
        0.8342257738113403, -0.35185858607292175, -81.14674947529201], [-0.9053933620452881,
        -0.39120036363601685, 0.16499993205070496, 38.0528332521636], [-2.6270775776993105e-08,
        0.38862505555152893, 0.9213959574699402, 212.49532228119358], [0.0, 0.0, 0.0,
        1.0]], [[-0.4349340796470642, -0.8243566751480103, -0.36230969429016113, -83.5570338421472],
      [-0.9004622101783752, 0.39817434549331665, 0.17499978840351105, 40.35906557047655],
      [1.6412619174843712e-07, 0.40235957503318787, -0.9154816269874573, -211.13134059653797],
      [0.0, 0.0, 0.0, 1.0]], [[-0.20485854148864746, -0.4204018712043762, 0.8839090466499329,
        203.84994796890462], [0.9787915945053101, -0.08798900991678238, 0.18499988317489624,
        42.6652978887895], [2.674468646546302e-09, 0.90306156873703, 0.4295111298561096,
        99.05526805499458], [0.0, 0.0, 0.0, 1.0]], [[-0.2031133472919464, 0.2739790081977844,
        -0.9400427341461182, -216.79570770885218], [-0.9791551828384399, -0.05683336406946182,
        0.1950000375509262, 44.97153020710245], [7.865240547744179e-08, 0.960054874420166,
        0.27981165051460266, 64.53105957723541], [0.0, 0.0, 0.0, 1.0]], [[-0.3773500323295593,
        0.7774949073791504, 0.5030990242958069, 116.02632320917424], [0.9260706901550293,
        0.31680917739868164, 0.20499995350837708, 47.2777625254154], [1.3485433214555087e-08,
        0.5432620048522949, -0.8395631909370422, -193.6227790149231], [0.0, 0.0, 0.0,
        1.0]], [[-0.7394912838935852, -0.6440869569778442, 0.19571684300899506, 45.13683611336063],
      [0.6731665134429932, -0.7075467109680176, 0.21500001847743988, 49.58399484372835],
      [6.756462767043558e-08, 0.29074060916900635, 0.9568018913269043, 220.66075442027255],
      [0.0, 0.0, 0.0, 1.0]], [[-0.27430257201194763, -0.550047755241394, -0.7888001203536987,
        -181.91562781480255], [-0.9616435170173645, 0.15689760446548462, 0.22499999403953552,
        51.8902271620413], [1.4217251020909316e-07, 0.8202625513076782, -0.5719873309135437,
        -131.91354646937927], [0.0, 0.0, 0.0, 1.0]], [[-0.2364555299282074, 0.10764997452497482,
        0.9656603932380676, 222.70374167817147], [0.9716421961784363, 0.026197470724582672,
        0.2349999099969864, 54.19645948035424], [-3.46950628227205e-08, 0.9938435554504395,
        -0.11079168319702148, -25.551169888044], [0.0, 0.0, 0.0, 1.0]], [[-0.35967350006103516,
        0.6831270456314087, -0.6355885863304138, -146.5814569724987], [-0.9330784678459167,
        -0.26332491636276245, 0.2449999898672104, 56.50269179866719], [-6.653708339854347e-08,
        0.6811738610267639, 0.7321217656135559, 168.84429913869], [0.0, 0.0, 0.0,
        1.0]], [[-0.9949168562889099, -0.0973341092467308, -0.025809142738580704,
        -5.952186692539966], [-0.10069776326417923, 0.9616833925247192, 0.25499996542930603,
        58.808924116980144], [2.662745401948996e-08, 0.25630274415016174, -0.9665963649749756,
        -222.9196199936011], [0.0, 0.0, 0.0, 1.0]], [[-0.3677571713924408, -0.6447780728340149,
        0.6700862050056458, 154.53745471834299], [0.9299216270446777, -0.25499096512794495,
        0.26499995589256287, 61.115156435293095], [-1.3165156076411222e-07, 0.720583438873291,
        0.6933681964874268, 159.90680974672978], [0.0, 0.0, 0.0, 1.0]], [[-0.27547118067741394,
        -0.05619892105460167, -0.9596651196479797, -221.3210938204062], [-0.9613092541694641,
        0.01610442064702511, 0.27500012516975403, 63.42138875360604], [7.005566970974542e-08,
        0.9982896447181702, -0.05846075341105461, -13.482430753169995], [0.0, 0.0,
        0.0, 1.0]], [[-0.35736083984375, 0.5634634494781494, 0.7448505163192749, 171.77982781079615],
      [0.9339664578437805, 0.2155963033437729, 0.28499990701675415, 65.72762107191899],
      [-1.903086399579479e-08, 0.7975131869316101, -0.6033016443252563, -139.13535009418183],
      [0.0, 0.0, 0.0, 1.0]], [[-0.9019315242767334, 0.40812504291534424, -0.1412574201822281,
        -32.57720498999593], [-0.43187928199768066, -0.8523235321044922, 0.2950001358985901,
        68.03385339023194], [-6.865283808110689e-08, 0.3270760476589203, 0.944998025894165,
        217.93851327433455], [0.0, 0.0, 0.0, 1.0]], [[-0.4970722794532776, -0.6851627230644226,
        -0.5324201583862305, -122.78845565055403], [-0.8677091598510742, 0.39249950647354126,
        0.3049999177455902, 70.34008570854489], [1.0405784678368946e-07, 0.6135928630828857,
        -0.7896226048469543, -182.10530624278243], [0.0, 0.0, 0.0, 1.0]], [[-0.3230492174625397,
