{cam2Pos: [[[0.9950000047683716, 5.261766133912715e-09, 0.09987490624189377, 17.533798981861892],
      [0.09987490624189377, 1.387629566806936e-07, -0.994999885559082, -174.67978624176413],
      [-5.261766133912715e-09, 0.9999998807907104, 1.3823611766383692e-07, 0.0], [
        0.0, 0.0, 0.0, 1.0]], [[0.9917600154876709, 0.014932266436517239, -0.12723620235919952,
        -22.337278532819166], [-0.1281094253063202, 0.11559828370809555, -0.9850000143051147,
        -172.92421050064087], [2.2033397328868887e-09, 0.9931837916374207, 0.11655872315168381,
        20.462776905445956], [0.0, 0.0, 0.0, 1.0]], [[0.9998015761375427, 0.004409500863403082,
        0.01942642219364643, 3.4104553372427238], [0.019920581951737404, -0.22131036221981049,
        -0.9750001430511475, -171.16863475951763], [1.9331853895465656e-09, 0.9751936197280884,
        -0.22135429084300995, -38.86037952928772], [0.0, 0.0, 0.0, 1.0]], [[0.9866037368774414,
        -0.03395196795463562, 0.15956304967403412, 28.012496496714032], [0.16313523054122925,
        0.20533354580402374, -0.9650000929832458, -169.41305901839436], [-9.069401230021867e-09,
        0.9781030416488647, 0.20812159776687622, 36.537341203984276], [0.0, 0.0, 0.0,
        1.0]], [[0.956277072429657, -0.015109585598111153, -0.29207170009613037, -51.275404402680095],
      [-0.2924622595310211, -0.049404315650463104, -0.9549999237060547, -167.6574832772711],
      [2.979972535399611e-08, 0.9986644983291626, -0.051663193851709366, -9.069897059941102],
      [0.0, 0.0, 0.0, 1.0]], [[0.9599064588546753, 0.049209609627723694, 0.2759673595428467,
        48.44815353633438], [0.2803204655647278, -0.1685095578432083, -0.9450000524520874,
        -165.90190753614783], [3.565235218161433e-08, 0.9844709634780884, -0.17554788291454315,
        -30.818749536474947], [0.0, 0.0, 0.0, 1.0]], [[0.9951869249343872, 0.03356203809380531,
        -0.09206806868314743, -16.163247530685613], [-0.09799458831548691, 0.34084028005599976,
        -0.934999942779541, -164.1463317950246], [-2.1724546606094464e-09, 0.9395219087600708,
        0.34248870611190796, 60.1264751644751], [0.0, 0.0, 0.0, 1.0]], [[0.9825451374053955,
        -0.06272763013839722, -0.1751295030117035, -30.74531146050037], [-0.18602445721626282,
        -0.3313152492046356, -0.925000011920929, -162.39075605390133], [-1.4319035734899899e-08,
        0.9414326548576355, -0.3372010588645935, -59.19822632177328], [0.0, 0.0, 0.0,
        1.0]], [[0.9238911867141724, -0.0529596246778965, 0.3789728283882141, 66.53154240632448],
      [0.3826553523540497, 0.12786680459976196, -0.9150000214576721, -160.6351803127781],
      [3.425073558105396e-09, 0.9903764128684998, 0.13840028643608093, 24.297212579254293],
      [0.0, 0.0, 0.0, 1.0]], [[0.9171630144119263, 0.0646858736872673, -0.39322730898857117,
        -69.03402911297599], [-0.39851221442222595, 0.14887240529060364, -0.9050001502037048,
        -158.87960457165482], [1.8727966732967616e-08, 0.9867385625839233, 0.1623183637857437,
        28.496243678564717], [0.0, 0.0, 0.0, 1.0]], [[0.9784079790115356, 0.08350345492362976,
        0.18906334042549133, 33.19150244218367], [0.20668278634548187, -0.39529404044151306,
        -0.8950001001358032, -157.12402883053156], [-1.3109910490527454e-08, 0.914751410484314,
        -0.4040175974369049, -70.92831280876176], [0.0, 0.0, 0.0, 1.0]], [[0.9878304600715637,
        -0.06909630447626114, 0.13934384286403656, 24.462873608645953], [0.15553458034992218,
        0.4388440251350403, -0.8849999308586121, -155.36845308940832], [2.345385574642478e-08,
        0.8959026336669922, 0.44425034523010254, 77.99149586728349], [0.0, 0.0, 0.0,
        1.0]], [[0.9019775390625, -0.10481225699186325, -0.4188685715198517, -73.53555103771403],
      [-0.43178293108940125, -0.2189488559961319, -0.8750000596046448, -153.61287734828505],
      [-2.7138764124856607e-08, 0.9700907468795776, -0.2427431046962738, -42.615354915396935],
      [0.0, 0.0, 0.0, 1.0]], [[0.8700646162033081, 0.053109101951122284, 0.49006834626197815,
        86.03522297282368], [0.49293768405914307, -0.09374068677425385, -0.8649998903274536,
        -151.8573016071618], [4.127193520275796e-08, 0.9941789507865906, -0.10773991048336029,
        -18.91460242280455], [0.0, 0.0, 0.0, 1.0]], [[0.9441925287246704, 0.1397520899772644,
        -0.29827818274497986, -52.36500146056866], [-0.3293941617012024, 0.40059271454811096,
        -0.8549999594688416, -150.10172586603852], [2.4694902123201246e-08, 0.9055356383323669,
        0.4242701530456543, 74.4838260448268], [0.0, 0.0, 0.0, 1.0]], [[0.9967091083526611,
        -0.04298953339457512, -0.0687231793999672, -12.064875928461275], [-0.08106155693531036,
        -0.528586745262146, -0.8450000882148743, -148.34615012491525], [-3.458040964687825e-09,
        0.8477900624275208, -0.5303320288658142, -93.10381485283884], [0.0, 0.0, 0.0,
        1.0]], [[0.8930333256721497, -0.15956974029541016, 0.4207480549812317, 73.86550983619843],
      [0.44999048113822937, 0.31667590141296387, -0.8349999189376831, -146.59057438379202],
      [-1.7515777273047206e-08, 0.9350153803825378, 0.3546070158481598, 62.253929889390676],
      [0.0, 0.0, 0.0, 1.0]], [[0.8252249956130981, 0.013188198208808899, -0.5646501183509827,
        -99.12860791307675], [-0.5648040771484375, 0.019269103184342384, -0.8249999284744263,
        -144.83499864266875], [2.0194690364405687e-10, 0.9997273087501526, 0.023350106552243233,
        4.099279155948523], [0.0, 0.0, 0.0, 1.0]], [[0.8930031657218933, 0.18395362794399261,
        0.41073888540267944, 72.10833722656584], [0.450050413608551, -0.3650059998035431,
        -0.8149999380111694, -143.0794229015455], [4.1865320099532255e-09, 0.9126507043838501,
        -0.4087398946285248, -71.75742660369941], [0.0, 0.0, 0.0, 1.0]], [[0.9994210600852966,
        0.020163320004940033, -0.02740422636270523, -4.811018613070736], [-0.03402280434966087,
        0.5922983288764954, -0.8050001263618469, -141.32384716042225], [3.5970797451767567e-09,
        0.8054664731025696, 0.5926414132118225, 104.04271311287039], [0.0, 0.0, 0.0,
        1.0]], [[0.8983872532844543, -0.20455701649188995, -0.388660192489624, -68.23224343266475],
      [-0.4392041862010956, -0.4184190034866333, -0.7950000762939453, -139.56827141929898],
      [1.0652350113105058e-08, 0.8849191069602966, -0.46574458479881287, -81.76503162953722],
      [0.0, 0.0, 0.0, 1.0]], [[0.7876921892166138, -0.05089214816689491, 0.6139633655548096,
        107.78590784521546], [0.6160690188407898, 0.06506959348917007, -0.7849999666213989,
        -137.81269567817574], [-7.182931582860874e-09, 0.9965821504592896, 0.08260788768529892,
        14.502441453148501], [0.0, 0.0, 0.0, 1.0]], [[0.8310174942016602, 0.20076774060726166,
        -0.5187506675720215, -91.0706051104578], [-0.556246280670166, 0.2999417185783386,
        -0.7750000953674316, -136.05711993705248], [3.850786356451863e-09, 0.9325917363166809,
        0.3609331250190735, 63.364554977166286], [0.0, 0.0, 0.0, 1.0]], [[0.9833542108535767,
        0.11416637897491455, 0.14135268330574036, 24.81552787633067], [0.18169905245304108,
        -0.6178683042526245, -0.76500004529953, -134.3015441959292], [2.284682310005337e-08,
        0.7779496312141418, -0.6283273100852966, -110.30750940444933], [0.0, 0.0,
        0.0, 1.0]], [[0.9180663228034973, -0.2255421280860901, 0.32601380348205566,
        57.23419619931741], [0.39642685651779175, 0.522322416305542, -0.7550000548362732,
        -132.54596845480594], [-3.70409480865419e-08, 0.8223807215690613, 0.5689375996589661,
        99.88130385612904], [0.0, 0.0, 0.0, 1.0]], [[0.7608005404472351, -0.13157808780670166,
        -0.6355074048042297, -111.56815457329948], [-0.6489856839179993, -0.15424767136573792,
        -0.744999885559082, -130.7903927136827], [1.6380283796024742e-09, 0.9792315363883972,
        -0.20274397730827332, -35.59328429793693], [0.0, 0.0, 0.0, 1.0]], [[0.7666577696800232,
        0.1825985312461853, 0.6155434250831604, 108.06328967513117], [0.6420559883117676,
        -0.21803511679172516, -0.7350000739097595, -129.03481697255944], [6.579102773685008e-08,
        0.958706796169281, -0.28439682722091675, -49.92798074878982], [0.0, 0.0, 0.0,
        1.0]], [[0.9388487935066223, 0.21877068281173706, -0.2658991515636444, -46.680606652965025],
      [-0.34432974457740784, 0.5964998006820679, -0.7250000238418579, -127.27924123143617],
      [3.2331239907534837e-08, 0.7722223401069641, 0.635352373123169, 111.5409231729135],
      [0.0, 0.0, 0.0, 1.0]], [[0.9493634700775146, -0.20668776333332062, -0.2366202175617218,
        -41.54047963284808], [-0.31417983770370483, -0.6245526671409607, -0.7150000333786011,
        -125.52366549031292], [-1.8795907053004157e-08, 0.7531362175941467, -0.6578646302223206,
        -115.49311573402855], [0.0, 0.0, 0.0, 1.0]], [[0.746821939945221, -0.2194214165210724,
        0.6277827620506287, 110.21202796559778], [0.6650240421295166, 0.24641023576259613,
        -0.7049999833106995, -123.76808974918966], [-1.8057253470260548e-09, 0.9440001249313354,
        0.32994508743286133, 57.92435308013011], [0.0, 0.0, 0.0, 1.0]], [[0.7069740891456604,
        0.12961480021476746, -0.6952608227729797, -122.05830782526418], [-0.7072394490242004,
        0.12956616282463074, -0.6949999928474426, -122.0125140080664], [-1.383776293550909e-08,
        0.9830628633499146, 0.18326860666275024, 32.17417822523537], [0.0, 0.0, 0.0,
        1.0]], [[0.8668250441551208, 0.3055483102798462, 0.394023597240448, 69.17382463379452],
      [0.4986124336719513, -0.5311880707740784, -0.6850000619888306, -120.25693826694314],
      [-8.634355452841191e-09, 0.7902402877807617, -0.6127973198890686, -107.58119079280738],
      [0.0, 0.0, 0.0, 1.0]], [[0.9832901358604431, -0.13237552344799042, 0.12496873736381531,
        21.939209326311644], [0.18204522132873535, 0.7150066494941711, -0.675000011920929,
        -118.50136252581989], [-1.7442869371109282e-09, 0.6864708065986633, 0.7271573543548584,
        127.65798056473102], [0.0, 0.0, 0.0, 1.0]], [[0.7477662563323975, -0.3036261796951294,
        -0.5904716849327087, -103.6617732916744], [-0.6639620661735535, -0.34194931387901306,
        -0.6650000214576721, -116.74578678469662], [2.7388123768901096e-08, 0.8893153667449951,
        -0.45729443430900574, -80.28150381160292], [0.0, 0.0, 0.0, 1.0]], [[0.6562783718109131,
        0.04707341268658638, 0.7530490159988403, 132.2034405648369], [0.7545188665390015,
        -0.04094443842768669, -0.6549999713897705, -114.99021104357337], [4.5592752684342486e-08,
        0.9980520009994507, -0.062388744205236435, -10.952784813865868], [0.0, 0.0,
        0.0, 1.0]], [[0.7791330218315125, 0.35164231061935425, -0.5189406871795654,
        -91.10395285783537], [-0.6268585920333862, 0.4370621144771576, -0.6449999809265137,
        -113.2346353024501], [1.7501157856258942e-08, 0.827843189239502, 0.5609595775604248,
        98.48070354035451], [0.0, 0.0, 0.0, 1.0]], [[0.9999824166297913, 0.00458448426797986,
        0.003768528113141656, 0.6615936881981925], [0.005934585351496935, -0.7724891901016235,
        -0.6349999904632568, -111.47905956132686], [-6.644303163216847e-11, 0.6350111365318298,
        -0.7725027799606323, -135.6187428098293], [0.0, 0.0, 0.0, 1.0]], [[0.7660125494003296,
        -0.37166500091552734, 0.5244901776313782, 92.0782254605233], [0.6428256630897522,
        0.4428885281085968, -0.6249999403953552, -109.7234838202036], [-6.014930420406017e-08,
        0.8159134984016418, 0.5781739354133606, 101.50280450609881], [0.0, 0.0, 0.0,
        1.0]], [[0.6166348457336426, -0.05728701129555702, -0.785162091255188, -137.84117581244826],
      [-0.7872492074966431, -0.044871579855680466, -0.6149999499320984, -107.96790807908035],
      [-4.410797060927507e-08, 0.9973487257957458, -0.07276849448680878, -12.77508919239884],
      [0.0, 0.0, 0.0, 1.0]], [[0.6902298927307129, 0.3483118414878845, 0.6342409253120422,
        111.34579667679502], [0.7235901355743408, -0.33225345611572266, -0.6050000786781311,
        -106.21233233795708], [-4.585000823453811e-09, 0.8765196204185486, -0.4813663065433502,
        -84.50748990442169], [0.0, 0.0, 0.0, 1.0]], [[0.9719952940940857, 0.18582578003406525,
        -0.14385375380516052, -25.254607571297953], [-0.23500025272369385, 0.7686025500297546,
        -0.5950000286102295, -104.45675659683383], [1.550168704511634e-08, 0.6121429204940796,
        0.7907471656799316, 138.82165762550994], [0.0, 0.0, 0.0, 1.0]], [[0.8044590950012207,
        -0.40774422883987427, -0.4319607615470886, -75.83400209529475], [-0.5940079689025879,
        -0.5522037744522095, -0.5850000381469727, -102.70118085571056], [-4.019686983269821e-08,
        0.7271967530250549, -0.6864286661148071, -120.50781470617667], [0.0, 0.0,
        0.0, 1.0]], [[0.5889349579811096, -0.17476746439933777, 0.7890576124191284,
        138.52502952925343], [0.8081804513931274, 0.1273559182882309, -0.5749999284744263,
        -100.94560511458732], [8.161083542290726e-08, 0.9763385057449341, 0.21624799072742462,
        37.96396752414088], [0.0, 0.0, 0.0, 1.0]], [[0.6099339127540588, 0.2985275983810425,
        -0.7340720891952515, -128.8719127328049], [-0.7924522757530212, 0.2297704517841339,
        -0.5649999380111694, -99.19002937346407], [2.0676088618998278e-10, 0.9263297319412231,
        0.37671369314193726, 66.13493788977509], [0.0, 0.0, 0.0, 1.0]], [[0.8868468403816223,
        0.36039724946022034, 0.289165198802948, 50.76513599591927], [0.4620634913444519,
        -0.6917172074317932, -0.5549998879432678, -97.4344536323408], [6.789754536384862e-08,
        0.6258125901222229, -0.7799736261367798, -136.93023786179518], [0.0, 0.0,
        0.0, 1.0]], [[0.8650131225585938, -0.389636367559433, 0.31612613797187805,
        55.49834031356673], [0.5017491579055786, 0.671731173992157, -0.5450000166893005,
        -95.67887789121755], [4.2234599817447815e-08, 0.6300482153892517, 0.7765560150146484,
        136.33029148403435], [0.0, 0.0, 0.0, 1.0]], [[0.5738804936408997, -0.2963051497936249,
        -0.7634556293487549, -134.03039739254513], [-0.8189390897750854, -0.20763923227787018,
        -0.5349999070167542, -93.92330215009429], [-3.2530934390706534e-08, 0.9322496652603149,
        -0.36181601881980896, -63.519506580445615], [0.0, 0.0, 0.0, 1.0]], [[0.5423271656036377,
        0.21067754924297333, 0.8133242726325989, 142.78521381711283], [0.8401674628257751,
        -0.13599221408367157, -0.5250000357627869, -92.16772640897103], [-5.6623591149218555e-08,
        0.9680503010749817, -0.25075674057006836, -44.02220748675812], [0.0, 0.0,
        0.0, 1.0]], [[0.7651085257530212, 0.47619399428367615, -0.4334145784378052,
        -76.08920105432996], [-0.6439013481140137, 0.5658321976661682, -0.5149999856948853,
        -90.41215066784777], [2.923084707617818e-08, 0.6731070876121521, 0.7395449876785278,
        129.83273209300074], [0.0, 0.0, 0.0, 1.0]], [[0.9412350058555603, -0.2850230932235718,
        -0.18121398985385895, -31.813483106342375], [-0.3377523720264435, -0.7942914366722107,
        -0.5049999952316284, -88.65657492672452], [-4.7848217832324735e-08, 0.5365291237831116,
        -0.8438820838928223, -148.14984253487853], [0.0, 0.0, 0.0, 1.0]], [[0.5727991461753845,
        -0.41246068477630615, 0.7083625197410583, 124.35839128231085], [0.8196958303451538,
        0.28822535276412964, -0.49500006437301636, -86.90099918560125], [-4.4623909900565195e-08,
        0.8641773462295532, 0.5031874179840088, 88.33837606852731], [0.0, 0.0, 0.0,
        1.0]], [[0.487861692905426, 0.09440851956605911, -0.867800772190094, -152.34898755824767],
      [-0.8729209899902344, 0.0527632012963295, -0.4850001931190491, -85.145423444478],
      [-9.560584857126742e-08, 0.9941344261169434, 0.10815225541591644, 18.98696091116692],
      [0.0, 0.0, 0.0, 1.0]], [[0.6399326920509338, 0.5149298906326294, 0.5703798532485962,
        100.13451846061128], [0.7684308290481567, -0.42882224917411804, -0.47499996423721313,
        -83.38984770335473], [-5.81508174946066e-09, 0.742265522480011, -0.6701053977012634,
        -117.64214100770846], [0.0, 0.0, 0.0, 1.0]], [[0.9976015686988831, -0.06123838573694229,
        0.032263580709695816, 5.664114905794147], [0.06921761482954025, 0.8826006650924683,
        -0.4650000035762787, -81.63427196223148], [-5.283128157174133e-09, 0.4661179482936859,
        0.8847225904464722, 155.31975171154227], [0.0, 0.0, 0.0, 1.0]], [[0.5885264873504639,
        -0.5127878189086914, -0.6250482201576233, -109.7319322192665], [-0.8084779381752014,
        -0.3732808232307434, -0.4549998939037323, -79.87869622110821], [-8.11994240734748e-08,
        0.773117184638977, -0.6342633366584778, -111.34971382831193], [0.0, 0.0, 0.0,
        1.0]], [[0.4454660713672638, -0.040941499173641205, 0.8943622708320618, 157.0120662978284],
      [0.8952988386154175, 0.02037077583372593, -0.4450000822544098, -78.12312047998496],
      [8.543426588403236e-08, 0.9989538788795471, 0.045729346573352814, 8.028132507679198],
      [0.0, 0.0, 0.0, 1.0]], [[0.531018078327179, 0.48599061369895935, -0.6941418647766113,
        -121.86187404064191], [-0.8473604917526245, 0.30455726385116577, -0.43500009179115295,
        -76.3675447388617], [-3.7152361187509086e-09, 0.8191813230514526, 0.5735346674919128,
        100.68834884963323], [0.0, 0.0, 0.0, 1.0]], [[0.9593167901039124, 0.253113329410553,
        0.1250796914100647, 21.958691994143045], [0.2823318839073181, -0.8600363731384277,
        -0.4250001311302185, -74.61196899773844], [-8.062047385237747e-08, 0.44302377104759216,
        -0.8965092897415161, -157.38910939576357], [0.0, 0.0, 0.0, 1.0]], [[0.6267346143722534,
        -0.583926260471344, 0.5159784555435181, 90.58394033328622], [0.7792327404022217,
        0.46965017914772034, -0.41499999165534973, -72.8563932566152], [1.8338397467232426e-08,
        0.662162184715271, 0.7493605017662048, 131.55591033297526], [0.0, 0.0, 0.0,
        1.0]], [[0.4137903153896332, -0.18664872646331787, -0.8910329341888428, -156.42760145112558],
      [-0.9103721380233765, -0.08483703434467316, -0.4050000309944153, -71.10081751549194],
      [7.136793556128396e-08, 0.9787567257881165, -0.20502451062202454, -35.99362556177519],
      [0.0, 0.0, 0.0, 1.0]], [[0.4430321156978607, 0.40598875284194946, 0.7993096113204956,
        140.32483958507422], [0.8965058326721191, -0.20063038170337677, -0.3950001299381256,
        -69.34524177436869], [5.5306195179127826e-08, 0.8915833830833435, -0.45285701751708984,
        -79.50244440822115], [0.0, 0.0, 0.0, 1.0]], [[0.8039491772651672, 0.5220717191696167,
        -0.28479260206222534, -49.997488655666565], [-0.5946980118751526, 0.7057685852050781,
        -0.3850000202655792, -67.58966603324542], [4.232014561011965e-08, 0.47888603806495667,
        0.8778770565986633, 154.11797429841076], [0.0, 0.0, 0.0, 1.0]], [[0.6980165243148804,
        -0.6039658784866333, -0.38470515608787537, -67.53790724173753], [-0.7160815596580505,
        -0.5887289643287659, -0.37499991059303284, -65.83409029212217], [3.1990872173537355e-09,
        0.5372364521026611, -0.8434314131736755, -148.07081234672793], [0.0, 0.0,
        0.0, 1.0]], [[0.39181989431381226, -0.3345373868942261, 0.8570657968521118,
        150.4644112501272], [0.9200418591499329, 0.14247027039527893, -0.3649999797344208,
        -64.0785145509989], [-1.4675742932013236e-07, 0.9315507411956787, 0.3636111915111542,
        63.834682957580135], [0.0, 0.0, 0.0, 1.0]], [[0.3736664950847626, 0.2895040214061737,
        -0.8812267780303955, -154.70605217293323], [-0.9275630712509155, 0.11662602424621582,
        -0.35499995946884155, -62.322938809875644], [-8.821970709504967e-09, 0.950045108795166,
        0.3121125400066376, 54.793709012722545], [0.0, 0.0, 0.0, 1.0]], [[0.6164111495018005,
        0.6525395512580872, 0.44071465730667114, 77.37080676677186], [0.7874244451522827,
        -0.5108205080032349, -0.3449999988079071, -60.567363068752385], [-4.1482831392158914e-08,
        0.559691309928894, -0.8287010788917542, -145.48475734372153], [0.0, 0.0, 0.0,
        1.0]], [[0.817836344242096, -0.5249592661857605, 0.23571482300758362, 41.38150406552962],
      [0.5754508376121521, 0.7460772395133972, -0.33500000834465027, -58.811787327629126],
      [-9.885359730787968e-08, 0.40961748361587524, 0.9122573733329773, 160.15369686900468],
      [0.0, 0.0, 0.0, 1.0]], [[0.3792392909526825, -0.4768548011779785, -0.7929610013961792,
        -139.21030024241452], [-0.9252986907958984, -0.1954420506954193, -0.32499995827674866,
        -57.05621158650587], [-5.321774665389967e-08, 0.8569785356521606, -0.5153524875640869,
        -90.47398993090464], [0.0, 0.0, 0.0, 1.0]], [[0.31891390681266785, 0.14803311228752136,
        0.9361518025398254, 164.34853333004816], [0.9477837085723877, -0.04981084167957306,
        -0.3149999976158142, -55.30063584538261], [4.257401897689306e-08, 0.9877272844314575,
        -0.15618877112865448, -27.420085622827568], [0.0, 0.0, 0.0, 1.0]], [[0.4611942768096924,
        0.6655614972114563, -0.5867944359779358, -103.016200501636], [-0.8872991800308228,
        0.34594103693962097, -0.3049999177455902, -53.54506010425935], [3.408154825024212e-08,
        0.6613264083862305, 0.7500982284545898, 131.68542364606165], [0.0, 0.0, 0.0,
        1.0]], [[0.9697588086128235, -0.2324986457824707, -0.07424449920654297, -13.03418580432562],
      [-0.2440652847290039, -0.9238003492355347, -0.2950000762939453, -51.78948436313609],
      [2.1005169159593606e-08, 0.3041994273662567, -0.9526083469390869, -167.23761878842797],
      [0.0, 0.0, 0.0, 1.0]], [[0.3768846094608307, -0.6060900092124939, 0.7004376649856567,
        122.96713637826029], [0.926260232925415, 0.24661104381084442, -0.2850000262260437,
        -50.03390862201285], [-1.018635842342519e-08, 0.7561996579170227, 0.6543409824371338,
        114.87451060674495], [0.0, 0.0, 0.0, 1.0]], [[0.27501237392425537, -0.00901849940419197,
        -0.961398184299469, -168.78078245402256], [-0.9614405035972595, -0.0025792799424380064,
        -0.27500003576278687, -48.27833288088959], [1.2911036151308508e-07, 0.9999557733535767,
        -0.009379901923239231, -1.646777657935146], [0.0, 0.0, 0.0, 1.0]], [[0.34653574228286743,
        0.6044451594352722, 0.7173277735710144, 125.93230945869192], [0.9380368590354919,
        -0.22329843044281006, -0.2649998664855957, -46.522757139766334], [2.0944135314948653e-07,
        0.7647117972373962, -0.6443727016448975, -113.12448157105221], [0.0, 0.0,
        0.0, 1.0]], [[0.9383646845817566, 0.3326394259929657, -0.09392926841974258,
        -16.48999609172875], [-0.34564679861068726, 0.9030522108078003, -0.2549999952316284,
        -44.767181398643075], [-1.5523060170608005e-08, 0.271749347448349, 0.9623680710792542,
        168.9510027396124], [0.0, 0.0, 0.0, 1.0]], [[0.38778188824653625, -0.7144797444343567,
        -0.5823608040809631, -102.23783156245744], [-0.9217512607574463, -0.30058276653289795,
        -0.2449999898672104, -43.01160565751981], [-6.326473567241919e-09, 0.631798267364502,
        -0.7751331329345703, -136.08045195535377], [0.0, 0.0, 0.0, 1.0]], [[0.2388417273759842,
        -0.17346423864364624, 0.955439567565918, 167.73465650043488], [0.9710584878921509,
        0.04266540706157684, -0.23500005900859833, -41.25602991639655], [-9.222316066370695e-08,
        0.9839155077934265, 0.17863422632217407, 31.36059362357904], [0.0, 0.0, 0.0,
        1.0]], [[0.2624707818031311, 0.49686673283576965, -0.8271834850311279, -145.21833196850747],
      [-0.9649399518966675, 0.13515129685401917, -0.22500009834766388, -39.50045417527329],
      [-1.245320930820526e-07, 0.8572383522987366, 0.5149198174476624, 90.39807524740915],
      [0.0, 0.0, 0.0, 1.0]], [[0.633317232131958, 0.7279326915740967, 0.2627227306365967,
        46.12296738197012], [0.7738922834396362, -0.5957061052322388, -0.21500007808208466,
        -37.74487843415003], [-6.480226488747576e-08, 0.3394823372364044, -0.9406124949455261,
        -165.13163797430738], [0.0, 0.0, 0.0, 1.0]], [[0.4202624261379242, -0.7921268939971924,
        0.4426223337650299, 77.70570567250803], [0.9074026346206665, 0.3668725788593292,
        -0.20500002801418304, -35.98930269302677], [2.0396669242472854e-08, 0.48779046535491943,
        0.8729607462882996, 153.2548701536496], [0.0, 0.0, 0.0, 1.0]], [[0.2077905386686325,
        -0.33788633346557617, -0.9179627299308777, -161.155346377363], [-0.9781731963157654,
        -0.07177594304084778, -0.1950000375509262, -34.23372695190351], [2.4083991689849427e-08,
        0.9384458661079407, -0.34542563557624817, -60.64213140366543], [0.0, 0.0,
        0.0, 1.0]], [[0.1988009363412857, 0.3587823510169983, 0.9120051264762878,
        160.1094069449502], [0.9800398349761963, -0.07277897745370865, -0.18500001728534698,
        -32.478151210780254], [1.0971167796469672e-07, 0.9305796027183533, -0.36608949303627014,
        -64.26981663168786], [0.0, 0.0, 0.0, 1.0]], [[0.37999606132507324, 0.8210596442222595,
        -0.4259859025478363, -74.78505144730693], [-0.9249880909919739, 0.3373010456562042,
        -0.17500002682209015, -30.722575469657], [1.7255999296139635e-08, 0.46053120493888855,
        0.8876435160636902, 155.83254238040152], [0.0, 0.0, 0.0, 1.0]], [[0.499740868806839,
        -0.8176007866859436, -0.2859860360622406, -50.207017896596476], [-0.8661749362945557,
        -0.4717159569263458, -0.16499988734722137, -28.96699972853374], [-1.4153283700579777e-07,
        0.330171138048172, -0.9439210891723633, -165.7124923138347], [0.0, 0.0, 0.0,
        1.0]], [[0.1794189065694809, -0.49549058079719543, 0.849881112575531, 149.203074951715],
      [0.9837727546691895, 0.09036669135093689, -0.1550000160932541, -27.211423987410498],
      [9.960721314428156e-08, 0.863899827003479, 0.5036635994911194, 88.42195800667984],
      [0.0, 0.0, 0.0, 1.0]], [[0.1480836719274521, 0.20077364146709442, -0.9683806896209717,
        -170.0065648607323], [-0.9889748692512512, 0.030062701553106308, -0.14500005543231964,
        -25.45584824628724], [-2.8033412036165828e-08, 0.9791762828826904, 0.20301185548305511,
        35.640279495542345], [0.0, 0.0, 0.0, 1.0]], [[0.22753751277923584, 0.7838600277900696,
        0.5777456760406494, 101.42762502566956], [0.9737693071365356, -0.1831619292497635,
        -0.13499999046325684, -23.70027250516398], [-6.727782420057338e-08, 0.5933085680007935,
        -0.8049750328063965, -141.31948129340802], [0.0, 0.0, 0.0, 1.0]], [[0.7274735569953918,
        -0.6759308576583862, 0.11789675056934357, 20.6977161322218], [0.6861357092857361,
        0.7166538834571838, -0.1249999925494194, -21.94469676404072], [1.89062930644468e-07,
        0.17182736098766327, 0.9851270914077759, 172.94651386786904], [0.0, 0.0, 0.0,
        1.0]], [[0.1509145349264145, -0.6401350498199463, -0.7532938718795776, -132.24646380915252],
      [-0.9885466694831848, -0.09772469848394394, -0.11500002443790436, -20.189121022917462],
      [2.0834896474752895e-08, 0.7620214223861694, -0.647551417350769, -113.68260214518872],
      [0.0, 0.0, 0.0, 1.0]], [[0.10505152493715286, 0.031219564378261566, 0.9939767122268677,
        174.5001190569057], [0.9944669008255005, -0.003298139199614525, -0.1049998551607132,
        -18.433545281794203], [1.0860928512101964e-07, 0.9995072484016418, -0.031393397599458694,
        -5.511323405002625], [0.0, 0.0, 0.0, 1.0]], [[0.13217459619045258, 0.6891718506813049,
        -0.7124407887458801, -125.07438875598893], [-0.9912263751029968, 0.0918973982334137,
        -0.09499992430210114, -16.677969540670944], [1.0775023895348568e-07, 0.7187467217445374,
        0.6952719688415527, 122.06024921128481], [0.0, 0.0, 0.0, 1.0]], [[0.8362663388252258,
        0.5454837083816528, 0.0557328462600708, 9.784322055578567], [0.5483235120773315,
        -0.8319356441497803, -0.08500014245510101, -14.922393799547685], [-6.320076550991871e-08,
        0.10164238512516022, -0.994821310043335, -174.64836395858018], [0.0, 0.0,
        0.0, 1.0]], [[0.11795367300510406, -0.7664302587509155, 0.631404459476471,
        110.84783599420368], [0.9930191040039062, 0.09103880077600479, -0.07500003278255463,
        -13.166818058424425], [-1.4318555230374841e-08, 0.6358432173728943, 0.771818220615387,
        135.49853868519477], [0.0, 0.0, 0.0, 1.0]], [[0.0656721368432045, -0.14239944517612457,
        -0.9876282811164856, -173.38562000147644], [-0.9978412985801697, -0.009372025728225708,
        -0.0650000125169754, -11.411242317301166], [-7.028004489484374e-08, 0.989764928817749,
        -0.14270757138729095, -25.05338607222997], [0.0, 0.0, 0.0, 1.0]], [[0.06650781631469727,
        0.560998797416687, 0.8251405358314514, 144.85968500367238], [0.9977858662605286,
        -0.03739343211054802, -0.05500010401010513, -9.655666576177907], [-1.1668731048075642e-07,
        0.8269715309143066, -0.562243640422821, -98.70613755897476], [0.0, 0.0, 0.0,
        1.0]], [[0.193015918135643, 0.9541565775871277, -0.22875747084617615, -40.16011134803517],
      [-0.9811955690383911, 0.1876969337463379, -0.04500000178813934, -7.900090835054648],
      [1.4004976733872354e-08, 0.23314154148101807, 0.9724428057670593, 170.7196996527233],
      [0.0, 0.0, 0.0, 1.0]], [[0.07148007303476334, -0.8696916103363037, -0.48839271068573,
        -85.74102926167186], [-0.9974421858787537, -0.062325358390808105, -0.034999947994947433,
        -6.144515093931409], [-7.319659545146351e-09, 0.48964521288871765, -0.8719221353530884,
        -153.07247519921515], [0.0, 0.0, 0.0, 1.0]], [[0.026323655620217323, -0.3130089342594147,
        0.949385404586792, 166.67177818344362], [0.9996535181999207, 0.008242239244282246,
        -0.025000056251883507, -4.388939352808149], [1.1612387140758074e-07, 0.9497144818305969,
        0.3131173849105835, 54.97015005192446], [0.0, 0.0, 0.0, 1.0]], [[0.016449889168143272,
        0.410444051027298, -0.9117373824119568, -160.06240780994048], [-0.9998646974563599,
        0.006752775516360998, -0.01499994844198227, -2.6333636116848895], [9.699823522169027e-08,
        0.9118607640266418, 0.41049960255622864, 72.06630856633149], [0.0, 0.0, 0.0,
        1.0]], [[0.012655871920287609, 0.9185777902603149, 0.3950378894805908, 69.3518817978929],
      [0.9999200701713562, -0.01162666268646717, -0.004999862052500248, -0.8777878705616303],
      [1.5474003589588392e-07, 0.39506953954696655, -0.9186515212059021, -161.27618487473634],
      [0.0, 0.0, 0.0, 1.0]], [[-0.01518437173217535, -0.9441202878952026, 0.3292514383792877,
        57.80257830447868], [0.9998847842216492, -0.014337493106722832, 0.005000127013772726,
        0.8777878705616289], [-1.1054879678340512e-07, 0.32928940653800964, 0.9442290663719177,
        165.76656254508524], [0.0, 0.0, 0.0, 1.0]], [[-0.01703304797410965, -0.4737228453159332,
        -0.8805092573165894, -154.58006571447368], [-0.9998549222946167, 0.008070162497460842,
        0.01499988790601492, 2.633363611684888], [7.321269634985583e-08, 0.8806370496749878,
        -0.47379156947135925, -83.17770439247772], [0.0, 0.0, 0.0, 1.0]], [[-0.02578846551477909,
        0.24528563022613525, 0.9691079258918762, 170.13421692802459], [0.9996675252914429,
        0.006327512674033642, 0.02499999664723873, 4.388939352808148], [-1.8478409913313953e-08,
        0.9694303274154663, -0.2453673630952835, -43.07606376922107], [0.0, 0.0, 0.0,
        1.0]], [[-0.06365997344255447, 0.8336038589477539, -0.5486820340156555, -96.32528498336964],
      [-0.9979716539382935, -0.05317503586411476, 0.035000115633010864, 6.144515093931406],
      [3.955552330126011e-08, 0.5497972369194031, 0.8352981805801392, 146.64292084972197],
      [0.0, 0.0, 0.0, 1.0]], [[-0.271388977766037, -0.949146568775177, -0.15959081053733826,
        -28.01737499685843], [-0.9624699950218201, 0.2676318287849426, 0.04499997943639755,
        7.900090835054665], [3.0122219385475546e-08, 0.16581381857395172, -0.9861574172973633,
        -173.12734356908516], [0.0, 0.0, 0.0, 1.0]], [[-0.07003206014633179, -0.6175290942192078,
        0.7834239602088928, 137.5360212431159], [0.9975446462631226, -0.043353088200092316,
        0.05500004068017006, 9.655666576177925], [-1.973963179580096e-07, 0.7853522300720215,
        0.6190491318702698, 108.67875961653044], [0.0, 0.0, 0.0, 1.0]], [[-0.06517231464385986,
        0.07252946496009827, -0.9952345490455627, -174.72098330392237], [-0.9978739023208618,
        -0.004736918490380049, 0.065000019967556, 11.411242317301186], [-1.7069048396933795e-08,
        0.9973549246788025, 0.07268407940864563, 12.760226106580937], [0.0, 0.0, 0.0,
        1.0]], [[-0.10895237326622009, 0.7210378050804138, 0.6842762231826782, 120.12986969689209],
      [0.9940470457077026, 0.07902907580137253, 0.07500004023313522, 13.166818058424445],
      [1.1035426439320872e-07, 0.6883741617202759, -0.7253559231758118, -127.34171012291624],
      [0.0, 0.0, 0.0, 1.0]], [[-0.9856032729148865, 0.16844619810581207, -0.014581339433789253,
        -2.5598760252724237], [-0.1690761297941208, -0.981931209564209, 0.08499981462955475,
        14.922393799547704], [2.5617008958533916e-08, 0.08624143153429031, 0.9962742924690247,
        174.90349060619462], [0.0, 0.0, 0.0, 1.0]], [[-0.14212903380393982, -0.7362450957298279,
        -0.66162109375, -116.15259590530519], [-0.9898480772972107, 0.10571501404047012,
        0.09500008821487427, 16.67796954067096], [-9.086846119998881e-08, 0.6684066653251648,
        -0.7437959313392639, -130.57902444368347], [0.0, 0.0, 0.0, 1.0]], [[-0.10554448515176773,
        -0.10086432844400406, 0.9892860651016235, 173.67664889022387], [0.9944146871566772,
        -0.010705681517720222, 0.10500004887580872, 18.43354528179422], [1.348943641232836e-07,
        0.9948426485061646, 0.10143078863620758, 17.8069611896776], [0.0, 0.0, 0.0,
        1.0]], [[-0.14279510080814362, 0.5867257714271545, -0.7970961928367615, -139.93627913035883],
      [-0.9897522330284119, -0.08464904874563217, 0.1149999126791954, 20.18912102291748],
      [-3.397738623789337e-08, 0.8053492307662964, 0.5928006768226624, 104.0706442935617],
      [0.0, 0.0, 0.0, 1.0]], [[-0.5555309057235718, 0.8101734519004822, 0.18709495663642883,
        32.84593062952004], [0.831496000289917, 0.5412850379943848, 0.12499991804361343,
        21.94469676404074], [-8.854232902422154e-08, 0.2250100076198578, -0.9743565320968628,
        -171.05565454909643], [0.0, 0.0, 0.0, 1.0]], [[-0.2515012323856354, -0.8166046142578125,
        0.5195229053497314, 91.20617821257079], [0.9678569436073303, -0.21219775080680847,
        0.13499993085861206, 23.700272505164], [2.65988404635209e-08, 0.5367764830589294,
        0.8437244892120361, 148.12221969455663], [0.0, 0.0, 0.0, 1.0]], [[-0.1506289392709732,
        -0.2677265703678131, -0.9516476988792419, -167.06896981486884], [-0.9885903596878052,
        0.0407928042113781, 0.14500010013580322, 25.45584824628726], [-1.7684548936358624e-08,
        0.9626309871673584, -0.27081647515296936, -47.54388439394897], [0.0, 0.0,
        0.0, 1.0]], [[-0.17283913493156433, 0.4357988238334656, 0.8832928538322449,
        155.06874518826467], [0.9849501848220825, 0.07647377252578735, 0.1550002545118332,
        27.21142398741052], [1.0911050196682481e-07, 0.8967894911766052, -0.44245782494544983,
        -77.67679510973127], [0.0, 0.0, 0.0, 1.0]], [[-0.42457374930381775, 0.8342258930206299,
        -0.3518584370613098, -61.77142854109371], [-0.9053933620452881, -0.3912005126476288,
        0.1650000661611557, 28.96699972853374], [1.3362426898311242e-07, 0.38862496614456177,
        0.921396017074585, 161.7580457687482], [0.0, 0.0, 0.0, 1.0]], [[-0.4349343478679657,
        -0.8243566155433655, -0.3623097240924835, -63.60621193653021], [-0.9004622101783752,
        0.3981744050979614, 0.17500004172325134, 30.722575469657], [1.5276786058393554e-08,
        0.4023597240447998, -0.915481686592102, -160.7197405043985], [0.0, 0.0, 0.0,
        1.0]], [[-0.20485863089561462, -0.42040184140205383, 0.8839091062545776, 155.17691805881853],
      [0.9787915945053101, -0.0879889726638794, 0.1849999874830246, 32.478151210780254],
      [-9.998484529205598e-08, 0.9030616283416748, 0.42951107025146484, 75.40394965717094],
      [0.0, 0.0, 0.0, 1.0]], [[-0.20311324298381805, 0.27397897839546204, -0.9400427341461182,
        -165.0316328546321], [-0.9791551828384399, -0.056833453476428986, 0.19499990344047546,
        34.23372695190351], [-5.550296222622819e-08, 0.960054874420166, 0.27981165051460266,
        49.1230488113389], [0.0, 0.0, 0.0, 1.0]], [[-0.37735024094581604, 0.7774948477745056,
        0.5030990839004517, 88.32284446814015], [0.9260706901550293, 0.3168092966079712,
        0.20500001311302185, 35.98930269302677], [-1.7424758524953177e-08, 0.5432620644569397,
        -0.839563250541687, -147.39167908986983], [0.0, 0.0, 0.0, 1.0]], [[-0.7394910454750061,
        -0.6440869569778442, 0.19571679830551147, 34.359562947083546], [0.6731664538383484,
        -0.7075464725494385, 0.2149999886751175, 37.74487843415003], [4.438882328372529e-08,
        0.2907405495643616, 0.9568019509315491, 167.97382657509888], [0.0, 0.0, 0.0,
        1.0]], [[-0.27430257201194763, -0.5500478744506836, -0.7888001203536987, -138.47983162272982],
      [-0.9616435766220093, 0.15689748525619507, 0.22499999403953552, 39.50045417527329],
      [5.59726345272793e-08, 0.8202625513076782, -0.5719874501228333, -100.41669274524178],
      [0.0, 0.0, 0.0, 1.0]], [[-0.23645566403865814, 0.10765005648136139, 0.9656604528427124,
        169.5290119919848], [0.9716421961784363, 0.026197470724582672, 0.23499999940395355,
        41.25602991639655], [-4.888179105932977e-08, 0.9938435554504395, -0.11079182475805283,
        -19.45034490089137], [0.0, 0.0, 0.0, 1.0]], [[-0.3596731722354889, 0.6831268668174744,
        -0.6355884671211243, -111.58236224339562], [-0.9330782294273376, -0.263324499130249,
        0.24500004947185516, 43.01160565751981], [6.972064170440717e-08, 0.6811737418174744,
        0.7321217656135559, 128.5295298487877], [0.0, 0.0, 0.0, 1.0]], [[-0.9949166178703308,
        -0.097334124147892, -0.025809140875935555, -4.530989562969903], [-0.10069778561592102,
        0.9616833925247192, 0.25499996542930603, 44.767181398643075], [1.9276479079621822e-08,
        0.25630271434783936, -0.9665961265563965, -169.69334527731488], [0.0, 0.0,
        0.0, 1.0]], [[-0.3677574694156647, -0.6447781920433044, 0.6700862646102905,
        117.6387150783316], [0.9299217462539673, -0.254991352558136, 0.26499995589256287,
        46.522757139766334], [-2.971276558128011e-09, 0.7205834984779358, 0.6933681964874268,
        121.72603505839741], [0.0, 0.0, 0.0, 1.0]], [[-0.2754710614681244, -0.056199003010988235,
        -0.959665060043335, -168.47649745633538], [-0.9613091945648193, 0.016104500740766525,
        0.27500003576278687, 48.27833288088959], [8.95935130529324e-08, 0.9982895851135254,
        -0.05846080556511879, -10.263245456101343], [0.0, 0.0, 0.0, 1.0]], [[-0.3573608100414276,
        0.5634634494781494, 0.7448505163192749, 130.76414553914938], [0.9339664578437805,
        0.21559634804725647, 0.28499987721443176, 50.03390862201285], [-4.928197583353722e-08,
        0.7975131273269653, -0.6033016443252563, -105.91415418925358], [0.0, 0.0,
        0.0, 1.0]], [[-0.9019315242767334, 0.4081250727176666, -0.14125728607177734,
        -24.798781258894707], [-0.4318792521953583, -0.8523235321044922, 0.2950000464916229,
        51.78948436313611], [5.6255613500866275e-09, 0.32707589864730835, 0.9449980854988098,
        165.9015719807342], [0.0, 0.0, 0.0, 1.0]], [[-0.4970720708370209, -0.6851626038551331,
        -0.5324200987815857, -93.4703899162211], [-0.8677090406417847, 0.3924996256828308,
        0.3049999177455902, 53.54506010425937], [9.372966047749287e-08, 0.613592803478241,
        -0.7896223068237305, -138.6242207391825], [0.0, 0.0, 0.0, 1.0]], [[-0.3230491876602173,
