{cam2Pos: [[[0.9950000047683716, -1.047081532590255e-09, 0.09987492114305496, 31.857653520176108],
      [0.09987492114305496, -3.066723408551297e-08, -0.9949999451637268, -317.3806265730109],
      [9.476451623413595e-09, 0.9999999403953552, -3.014039862136997e-08, 0.0], [
        0.0, 0.0, 0.0, 1.0]], [[0.9917600154876709, 0.014932287856936455, -0.12723618745803833,
        -40.585230891397806], [-0.128109410405159, 0.11559844017028809, -0.9849998950958252,
        -314.1908715320761], [-8.131961770629914e-09, 0.9931836724281311, 0.11655887961387634,
        37.17939605608132], [0.0, 0.0, 0.0, 1.0]], [[0.9998015761375427, 0.004409499932080507,
        0.019426418468356133, 6.196552418121582], [0.019920578226447105, -0.22131016850471497,
        -0.9750000834465027, -311.0011164911413], [1.7117990358528345e-10, 0.9751935601234436,
        -0.22135409712791443, -70.60651875770112], [0.0, 0.0, 0.0, 1.0]], [[0.9866037368774414,
        -0.03395196795463562, 0.15956301987171173, 50.896694353039656], [0.16313520073890686,
        0.20533354580402374, -0.9650000929832458, -307.8113614502065], [-1.100509905427316e-09,
        0.9781030416488647, 0.20812159776687622, 66.38572495493399], [0.0, 0.0, 0.0,
        1.0]], [[0.956277072429657, -0.015109565109014511, -0.29207170009613037, -93.16372733925539],
      [-0.2924622595310211, -0.0494043193757534, -0.9549999237060547, -304.62160640927175],
      [8.964883058126816e-09, 0.9986644983291626, -0.051663193851709366, -16.47935158251625],
      [0.0, 0.0, 0.0, 1.0]], [[0.9599064588546753, 0.049209605902433395, 0.2759672999382019,
        88.02681556059103], [0.2803204357624054, -0.168509379029274, -0.9449999928474426,
        -301.43185136833694], [1.1668269017661714e-08, 0.9844709038734436, -0.17554770410060883,
        -55.99545458880637], [0.0, 0.0, 0.0, 1.0]], [[0.9951869249343872, 0.03356204926967621,
        -0.09206805378198624, -29.367459962675202], [-0.09799458086490631, 0.34084028005599976,
        -0.934999942779541, -298.2420963274022], [-1.4366202449878074e-08, 0.9395219087600708,
        0.34248870611190796, 109.24548725355116], [0.0, 0.0, 0.0, 1.0]], [[0.9825451374053955,
        -0.06272763758897781, -0.1751294881105423, -55.86202287888392], [-0.18602444231510162,
        -0.3313152492046356, -0.9249999523162842, -295.05234128646737], [-2.3425229755957844e-08,
        0.941432535648346, -0.3372010588645935, -107.55892577067513], [0.0, 0.0, 0.0,
        1.0]], [[0.9238911867141724, -0.0529596246778965, 0.3789728283882141, 120.88303443744158],
      [0.3826553523540497, 0.12786680459976196, -0.9150000214576721, -291.8625862455326],
      [3.425073558105396e-09, 0.9903764128684998, 0.13840028643608093, 44.146290296625274],
      [0.0, 0.0, 0.0, 1.0]], [[0.917163074016571, 0.06468590348958969, -0.3932271897792816,
        -125.4298730616223], [-0.3985120952129364, 0.1488727182149887, -0.9049999117851257,
        -288.67283120459786], [1.4412698590149375e-08, 0.9867382645606995, 0.16231867671012878,
        51.775628241052345], [0.0, 0.0, 0.0, 1.0]], [[0.9784079790115356, 0.08350349962711334,
        0.1890634149312973, 60.30657621380362], [0.20668286085128784, -0.3952942490577698,
        -0.895000159740448, -285.48307616366304], [-1.3874615234499288e-08, 0.9147514700889587,
        -0.4040178060531616, -128.87165049454993], [0.0, 0.0, 0.0, 1.0]], [[0.9878304600715637,
        -0.06909627467393875, 0.13934385776519775, 44.447284489704295], [0.15553458034992218,
        0.43884390592575073, -0.8849999904632568, -282.2933211227283], [-1.7233876548061744e-09,
        0.8959027528762817, 0.444250226020813, 141.70494685324178], [0.0, 0.0, 0.0,
        1.0]], [[0.9019775986671448, -0.10481223464012146, -0.4188685715198517, -133.60881511178104],
      [-0.43178290128707886, -0.2189488559961319, -0.8750000596046448, -279.1035660817935],
      [-4.502193107214225e-08, 0.9700906872749329, -0.2427431046962738, -77.42903936211803],
      [0.0, 0.0, 0.0, 1.0]], [[0.8700646162033081, 0.05310914292931557, 0.49006834626197815,
        156.31982132535327], [0.49293768405914307, -0.09374067187309265, -0.8649998903274536,
        -275.9138110408587], [5.765237176547089e-10, 0.9941789507865906, -0.10773992538452148,
        -34.366474206812434], [0.0, 0.0, 0.0, 1.0]], [[0.9441925287246704, 0.13975214958190918,
        -0.2982781231403351, -95.1434469415347], [-0.32939413189888, 0.4005928337574005,
        -0.854999840259552, -272.7240559999239], [-2.3858390818531916e-08, 0.9055355191230774,
        0.42427030205726624, 135.33176269716697], [0.0, 0.0, 0.0, 1.0]], [[0.9967091083526611,
        -0.04298953339457512, -0.0687231793999672, -21.921013095361594], [-0.08106154948472977,
        -0.5285865664482117, -0.8450000286102295, -269.53430095898915], [2.1412569495282696e-09,
        0.847790002822876, -0.5303317904472351, -169.16294512425182], [0.0, 0.0, 0.0,
        1.0]], [[0.8930333256721497, -0.15956978499889374, 0.4207480549812317, 134.20832655188158],
      [0.44999048113822937, 0.31667590141296387, -0.8349999189376831, -266.34454591805434],
      [2.2816843525674813e-08, 0.9350153803825378, 0.3546070158481598, 113.11091970069701],
      [0.0, 0.0, 0.0, 1.0]], [[0.8252249956130981, 0.01318813394755125, -0.5646501183509827,
        -180.1095614304141], [-0.5648041367530823, 0.019268956035375595, -0.8250000476837158,
        -263.1547908771196], [1.5254784102580743e-08, 0.9997273683547974, 0.023349935188889503,
        7.448095827252404], [0.0, 0.0, 0.0, 1.0]], [[0.8930031061172485, 0.1839536875486374,
        0.4107389450073242, 131.01567011554812], [0.4500505030155182, -0.3650059998035431,
        -0.8149998188018799, -259.9650358361848], [2.8701201415515243e-08, 0.9126506447792053,
        -0.40873992443084717, -130.3780907152486], [0.0, 0.0, 0.0, 1.0]], [[0.9994210600852966,
        0.02016332373023033, -0.02740422822535038, -8.741275305646877], [-0.03402280807495117,
        0.5922983288764954, -0.8050001263618469, -256.77528079525], [2.8210234148673408e-09,
        0.8054664134979248, 0.5926414728164673, 189.03813766073753], [0.0, 0.0, 0.0,
        1.0]], [[0.8983873128890991, -0.20455697178840637, -0.38866013288497925, -123.97308606256878],
      [-0.4392041265964508, -0.4184189736843109, -0.7950000762939453, -253.58552575431523],
      [5.495426336210585e-09, 0.8849191069602966, -0.4657445549964905, -148.5611903281574],
      [0.0, 0.0, 0.0, 1.0]], [[0.7876922488212585, -0.05089215189218521, 0.6139633059501648,
        195.8392536633196], [0.6160688996315002, 0.0650697723031044, -0.7849999070167542,
        -250.39577071338044], [-5.3194380456034196e-08, 0.99658203125, 0.08260805159807205,
        26.34989459437635], [0.0, 0.0, 0.0, 1.0]], [[0.8310174942016602, 0.20076784491539001,
        -0.5187506675720215, -165.46874904195232], [-0.5562463402748108, 0.29994168877601624,
        -0.7750000953674316, -247.20601567244566], [-9.155151303730236e-08, 0.9325917363166809,
        0.3609331250190735, 115.12884572310504], [0.0, 0.0, 0.0, 1.0]], [[0.9833542108535767,
        0.11416637897491455, 0.14135268330574036, 45.0880319674148], [0.18169903755187988,
        -0.6178680658340454, -0.7649999856948853, -244.01626063151087], [1.1463847648940373e-08,
        0.7779495716094971, -0.6283270716667175, -200.42082260186564], [0.0, 0.0,
        0.0, 1.0]], [[0.9180663228034973, -0.22554217278957367, 0.32601380348205566,
        103.99042408948705], [0.39642688632011414, 0.5223224759101868, -0.7549999952316284,
        -240.8265055905761], [-2.1251896242802104e-08, 0.8223806619644165, 0.5689376592636108,
        181.47715590235984], [0.0, 0.0, 0.0, 1.0]], [[0.7608005404472351, -0.1315780133008957,
        -0.6355074644088745, -202.71132433755093], [-0.648985743522644, -0.15424787998199463,
        -0.7449999451637268, -237.6367505496413], [-1.2475693722535652e-07, 0.9792316555976868,
        -0.20274411141872406, -64.67044135625137], [0.0, 0.0, 0.0, 1.0]], [[0.766657829284668,
        0.1825985461473465, 0.6155432462692261, 196.34323652746608], [0.642055869102478,
        -0.21803469955921173, -0.73499995470047, -234.44699550870652], [-9.515355259281932e-08,
        0.9587066769599915, -0.2843964695930481, -90.71555532844751], [0.0, 0.0, 0.0,
        1.0]], [[0.9388487935066223, 0.21877069771289825, -0.26589906215667725, -84.81530981393004],
      [-0.34432968497276306, 0.5964998602867126, -0.7249999642372131, -231.25724046777174],
      [-1.204914479302488e-08, 0.7722222805023193, 0.6353524327278137, 202.66184683873487],
      [0.0, 0.0, 0.0, 1.0]], [[0.9493634700775146, -0.206687793135643, -0.2366202473640442,
        -75.476068168353], [-0.3141798675060272, -0.6245526671409607, -0.7150000333786011,
        -228.06748542683695], [-2.0020632263140214e-08, 0.7531362175941467, -0.6578646302223206,
        -209.842696886535], [0.0, 0.0, 0.0, 1.0]], [[0.7468218803405762, -0.21942144632339478,
        0.6277828216552734, 200.24733968469022], [0.6650241017341614, 0.24641020596027374,
        -0.7049999833106995, -224.87773038590217], [7.724533901409814e-09, 0.9440001249313354,
        0.32994508743286133, 105.2443895767292], [0.0, 0.0, 0.0, 1.0]], [[0.70697420835495,
        0.12961477041244507, -0.6952607035636902, -221.77117942202804], [-0.7072392702102661,
        0.1295662224292755, -0.6950000524520874, -221.68797534496738], [-6.992948442530178e-09,
        0.9830628037452698, 0.18326865136623383, 58.45817117307344], [0.0, 0.0, 0.0,
        1.0]], [[0.8668249845504761, 0.30554839968681335, 0.3940236568450928, 125.6838714832146],
      [0.49861255288124084, -0.5311883091926575, -0.6849998831748962, -218.4982203040326],
      [9.970924708113671e-08, 0.7902401089668274, -0.6127975583076477, -195.46729748131733],
      [0.0, 0.0, 0.0, 1.0]], [[0.9832901358604431, -0.1323755532503128, 0.12496873736381531,
        39.86196773142394], [0.18204525113105774, 0.7150067090988159, -0.6749999523162842,
        -215.30846526309782], [1.104902391801943e-08, 0.6864707469940186, 0.7271574139595032,
        231.9453826363372], [0.0, 0.0, 0.0, 1.0]], [[0.7477662563323975, -0.3036261796951294,
        -0.5904716849327087, -188.34599736368875], [-0.6639620661735535, -0.34194931387901306,
        -0.6650000214576721, -212.11871022216303], [2.7388123768901096e-08, 0.8893153667449951,
        -0.45729443430900574, -145.8657268259133], [0.0, 0.0, 0.0, 1.0]], [[0.6562784314155579,
        0.047073449939489365, 0.7530489563941956, 240.20415701392596], [0.7545188069343567,
        -0.040944404900074005, -0.6549999713897705, -208.92895518122825], [6.059867274643693e-09,
        0.9980519413948059, -0.062388744205236435, -19.90042340750806], [0.0, 0.0,
        0.0, 1.0]], [[0.7791330218315125, 0.3516424000263214, -0.5189406275749207,
        -165.52933950399262], [-0.6268585920333862, 0.43706217408180237, -0.6449999809265137,
        -205.73920014029346], [3.895959110877811e-09, 0.827843189239502, 0.5609596371650696,
        178.93236571591183], [0.0, 0.0, 0.0, 1.0]], [[0.9999824166297913, 0.004584484733641148,
        0.003768527414649725, 1.2020682175925872], [0.005934584885835648, -0.7724889516830444,
        -0.6349999308586121, -202.5494450993587], [-1.0003593509111397e-09, 0.6350111365318298,
        -0.772502601146698, -246.40951591533698], [0.0, 0.0, 0.0, 1.0]], [[0.7660124897956848,
        -0.3716650903224945, 0.5244901776313782, 167.2995228534618], [0.6428256630897522,
        0.44288840889930725, -0.6249999403953552, -199.35969005842392], [7.788549538645384e-08,
        0.8159134984016418, 0.5781739354133606, 184.423306131578], [0.0, 0.0, 0.0,
        1.0]], [[0.6166348457336426, -0.057287052273750305, -0.7851621508598328, -250.44751707198765],
      [-0.7872492671012878, -0.044871736317873, -0.6150000095367432, -196.16993501748914],
      [-7.964494841417036e-08, 0.9973487854003906, -0.07276865094900131, -23.211419590346615],
      [0.0, 0.0, 0.0, 1.0]], [[0.6902298331260681, 0.34831199049949646, 0.6342410445213318,
        202.3073160087431], [0.7235903143882751, -0.33225366473197937, -0.6050000786781311,
        -192.98017997655435], [7.266754309398493e-09, 0.8765196800231934, -0.4813665747642517,
        -153.54404005771053], [0.0, 0.0, 0.0, 1.0]], [[0.9719952940940857, 0.18582579493522644,
        -0.14385372400283813, -45.885808239658054], [-0.23500025272369385, 0.7686025500297546,
        -0.5950000286102295, -189.79042493561957], [-1.2636451884873168e-09, 0.6121429204940796,
        0.7907471656799316, 252.22898211077737], [0.0, 0.0, 0.0, 1.0]], [[0.8044590353965759,
        -0.4077444076538086, -0.4319608509540558, -137.78493561488685], [-0.5940081477165222,
        -0.5522041916847229, -0.5850000977516174, -186.60066989468478], [-5.08743696059355e-08,
        0.7271968722343445, -0.6864291429519653, -218.9540447768548], [0.0, 0.0, 0.0,
        1.0]], [[0.5889350175857544, -0.17476728558540344, 0.7890576720237732, 251.69003016290426],
      [0.8081804513931274, 0.12735587358474731, -0.574999988079071, -183.41091485375003],
      [-2.561944967283125e-08, 0.9763386249542236, 0.2162477821111679, 68.97780252222721],
      [0.0, 0.0, 0.0, 1.0]], [[0.6099340319633484, 0.2985275983810425, -0.7340720295906067,
        -234.151010204413], [-0.7924521565437317, 0.2297704964876175, -0.5649999976158142,
        -180.22115981281524], [-3.649249080694972e-08, 0.9263296723365784, 0.37671372294425964,
        120.16243251393156], [0.0, 0.0, 0.0, 1.0]], [[0.8868468403816223, 0.36039724946022034,
        0.289165198802948, 92.2366062902634], [0.4620634913444519, -0.6917172074317932,
        -0.5549998879432678, -177.03140477188046], [6.789754536384862e-08, 0.6258125901222229,
        -0.7799736261367798, -248.79240823674292], [0.0, 0.0, 0.0, 1.0]], [[0.8650131821632385,
        -0.3896363377571106, 0.31612613797187805, 100.83649860953773], [0.5017491579055786,
        0.671731173992157, -0.5450000166893005, -173.84164973094568], [1.9053356226095275e-08,
        0.6300482153892517, 0.7765560150146484, 247.70234875487242], [0.0, 0.0, 0.0,
        1.0]], [[0.573880672454834, -0.2963051199913025, -0.7634555101394653, -243.52360636278968],
      [-0.8189389705657959, -0.2076391726732254, -0.5350000262260437, -170.6518946900109],
      [-5.005318826079019e-09, 0.9322496056556702, -0.3618159294128418, -115.41038165805989],
      [0.0, 0.0, 0.0, 1.0]], [[0.5423271656036377, 0.21067751944065094, 0.8133242726325989,
        259.4304790590688], [0.8401675224304199, -0.13599242269992828, -0.5250000953674316,
        -167.4621396490761], [5.170957706468471e-08, 0.9680503606796265, -0.2507568597793579,
        -79.98518944794695], [0.0, 0.0, 0.0, 1.0]], [[0.7651085257530212, 0.47619399428367615,
        -0.4334145486354828, -138.24861379575702], [-0.6439012885093689, 0.5658321976661682,
        -0.5149999856948853, -164.27238460814132], [-2.2991169856823035e-08, 0.6731070876121521,
        0.7395449876785278, 235.89674997844946], [0.0, 0.0, 0.0, 1.0]], [[0.9412350058555603,
        -0.285023033618927, -0.18121394515037537, -57.80281404618959], [-0.3377523124217987,
        -0.7942909598350525, -0.5049999356269836, -161.08262956720654], [-1.6441315864312855e-08,
        0.5365290641784668, -0.8438816666603088, -269.17762416617086], [0.0, 0.0,
        0.0, 1.0]], [[0.5727990865707397, -0.41246068477630615, 0.7083624601364136,
        225.95026587772895], [0.8196958303451538, 0.28822529315948486, -0.49500003457069397,
        -157.89287452627173], [3.209167331874596e-08, 0.8641772866249084, 0.5031874775886536,
        160.5044850940408], [0.0, 0.0, 0.0, 1.0]], [[0.487861692905426, 0.09440851956605911,
        -0.867800772190094, -276.80716910243086], [-0.8729209899902344, 0.0527632012963295,
        -0.4850001931190491, -154.70311948533694], [-9.560584857126742e-08, 0.9941344261169434,
        0.10815225541591644, 34.49794438357657], [0.0, 0.0, 0.0, 1.0]], [[0.6399326920509338,
        0.5149299502372742, 0.5703798532485962, 181.93722865351822], [0.7684308886528015,
        -0.42882245779037476, -0.4749999940395355, -151.51336444440216], [1.47277035011939e-08,
        0.7422655820846558, -0.6701055765151978, -213.74732147164738], [0.0, 0.0,
        0.0, 1.0]], [[0.9976015686988831, -0.06123839691281319, 0.03226357698440552,
        10.291290002464349], [0.06921762228012085, 0.8826006650924683, -0.4649999737739563,
        -148.32360940346737], [9.239323750520612e-10, 0.4661179184913635, 0.8847225904464722,
        282.2048342167465], [0.0, 0.0, 0.0, 1.0]], [[0.5885264873504639, -0.5127878189086914,
        -0.6250482201576233, -199.3750401927801], [-0.8084779381752014, -0.3732808232307434,
        -0.4549998641014099, -145.1338543625326], [-1.0520865600938123e-07, 0.773117184638977,
        -0.6342633366584778, -202.31443319173016], [0.0, 0.0, 0.0, 1.0]], [[0.44546592235565186,
        -0.04094146564602852, 0.8943623304367065, 285.2796482825867], [0.895298957824707,
        0.020370731130242348, -0.445000022649765, -141.9440993215978], [4.715463575166723e-08,
        0.9989539384841919, 0.04572926089167595, 14.586540207759807], [0.0, 0.0, 0.0,
        1.0]], [[0.5310179591178894, 0.48599061369895935, -0.6941419839859009, -221.4142733427108],
      [-0.8473605513572693, 0.30455711483955383, -0.43500006198883057, -138.75434428066302],
      [-5.7878846604353384e-08, 0.8191813826560974, 0.5735345482826233, 182.94349869577533],
      [0.0, 0.0, 0.0, 1.0]], [[0.9593167901039124, 0.253113329410553, 0.1250797063112259,
        39.897366339681255], [0.2823318839073181, -0.8600368499755859, -0.42499974370002747,
        -135.56458923972824], [6.772187788328665e-08, 0.4430233836174011, -0.8965097665786743,
        -285.9647085133227], [0.0, 0.0, 0.0, 1.0]], [[0.6267346143722534, -0.583926260471344,
        0.5159785151481628, 164.58451409277535], [0.7792328000068665, 0.46965011954307556,
        -0.4150000214576721, -132.37483419879348], [6.145049269434821e-08, 0.6621622443199158,
        0.7493605017662048, 239.02764108649762], [0.0, 0.0, 0.0, 1.0]], [[0.413790225982666,
        -0.1866486668586731, -0.8910330533981323, -284.2177176308071], [-0.910372257232666,
        -0.08483711630105972, -0.4049999713897705, -129.1850791578587], [-6.430440180338337e-09,
        0.9787567853927612, -0.20502451062202454, -65.3978326812222], [0.0, 0.0, 0.0,
        1.0]], [[0.443031907081604, 0.40598878264427185, 0.7993097305297852, 254.960155776856],
      [0.8965059518814087, -0.20063047111034393, -0.3949999511241913, -125.99532411692392],
      [1.8541678059591504e-07, 0.8915834426879883, -0.4528571367263794, -144.4502318399011],
      [0.0, 0.0, 0.0, 1.0]], [[0.803949236869812, 0.5220717191696167, -0.28479239344596863,
        -90.84184620337328], [-0.594697892665863, 0.7057687044143677, -0.38499993085861206,
        -122.80556907598914], [-3.561551054076517e-08, 0.47888582944869995, 0.8778771758079529,
        280.02129096547947], [0.0, 0.0, 0.0, 1.0]], [[0.6980167031288147, -0.603965699672699,
        -0.3847050368785858, -122.71152706899524], [-0.7160813808441162, -0.5887287855148315,
        -0.37499991059303284, -119.61581403505434], [2.278752653239735e-08, 0.5372363328933716,
        -0.8434310555458069, -269.03403199003486], [0.0, 0.0, 0.0, 1.0]], [[0.3918197453022003,
        -0.33453744649887085, 0.8570658564567566, 273.38302929573285], [0.9200419187545776,
        0.14247006177902222, -0.364999920129776, -116.42605899411956], [1.6083845366665628e-09,
        0.9315507411956787, 0.3636111319065094, 115.98303450020109], [0.0, 0.0, 0.0,
        1.0]], [[0.3736664950847626, 0.2895040214061737, -0.8812267780303955, -281.0897862293295],
      [-0.9275630712509155, 0.11662602424621582, -0.35499995946884155, -113.23630395318477],
      [-8.821970709504967e-09, 0.950045108795166, 0.3121125400066376, 99.55623414061193],
      [0.0, 0.0, 0.0, 1.0]], [[0.6164110898971558, 0.6525396108627319, 0.4407147169113159,
        140.57719933381918], [0.7874245047569275, -0.5108205676078796, -0.3449999690055847,
        -110.04654891224999], [-5.926281687607116e-09, 0.5596913695335388, -0.8287011384963989,
        -264.3353557730256], [0.0, 0.0, 0.0, 1.0]], [[0.8178362846374512, -0.5249594449996948,
        0.23571467399597168, 75.18722097972925], [0.5754509568214417, 0.7460772395133972,
        -0.3349999785423279, -106.8567938713152], [4.3834759821947955e-08, 0.4096173644065857,
        0.9122574329376221, 290.9877654070308], [0.0, 0.0, 0.0, 1.0]], [[0.3792392611503601,
        -0.47685477137565613, -0.792961061000824, -252.93511783443478], [-0.9252987504005432,
        -0.1954420804977417, -0.32499992847442627, -103.66703883038042], [-9.630281283534714e-08,
        0.8569785356521606, -0.5153524875640869, -164.38474210798756], [0.0, 0.0,
        0.0, 1.0]], [[0.3189138174057007, 0.1480330526828766, 0.9361518621444702,
        298.6094819949744], [0.9477837681770325, -0.04981093481183052, -0.31499993801116943,
        -100.47728378944564], [1.161782421377211e-07, 0.9877273440361023, -0.15618877112865448,
        -49.820326340529476], [0.0, 0.0, 0.0, 1.0]], [[0.46119433641433716, 0.6655614376068115,
        -0.586794376373291, -187.1730379674751], [-0.887299120426178, 0.34594106674194336,
        -0.3049999475479126, -97.28752874851085], [2.8261542439622644e-08, 0.6613264083862305,
        0.7500982284545898, 239.26295747508087], [0.0, 0.0, 0.0, 1.0]], [[0.9697588086128235,
        -0.2324986457824707, -0.07424449920654297, -23.682179526601935], [-0.2440652847290039,
        -0.9238001108169556, -0.2950000464916229, -94.09777370757607], [2.55380374625247e-08,
        0.3041993975639343, -0.9526081085205078, -303.85874278657207], [0.0, 0.0,
        0.0, 1.0]], [[0.3768846094608307, -0.6060900092124939, 0.7004376649856567,
        223.42245563322132], [0.926260232925415, 0.24661104381084442, -0.2850000262260437,
        -90.90801866664131], [-1.018635842342519e-08, 0.7561996579170227, 0.6543409824371338,
        208.71873579680243], [0.0, 0.0, 0.0, 1.0]], [[0.27501213550567627, -0.00901850126683712,
        -0.9613984823226929, -306.6625603411302], [-0.9614407420158386, -0.00257975235581398,
        -0.27500003576278687, -87.71826362570653], [-7.365785137380954e-08, 0.9999560117721558,
        -0.009380223229527473, -2.9920767373651076], [0.0, 0.0, 0.0, 1.0]], [[0.3465360701084137,
        0.6044449210166931, 0.7173275351524353, 228.80996216968057], [0.9380365014076233,
        -0.22329799830913544, -0.2649999260902405, -84.52850858477174], [1.236010405136767e-07,
        0.7647115588188171, -0.6443721055984497, -205.53905872128558], [0.0, 0.0,
        0.0, 1.0]], [[0.9383646845817566, 0.3326394259929657, -0.09392926841974258,
        -29.961138631895516], [-0.34564679861068726, 0.9030522108078003, -0.2549999952316284,
        -81.33875354383696], [-1.5523060170608005e-08, 0.271749347448349, 0.9623680710792542,
        306.97183837528786], [0.0, 0.0, 0.0, 1.0]], [[0.38778212666511536, -0.7144795060157776,
        -0.5823607444763184, -185.75879750533284], [-0.921751081943512, -0.30058276653289795,
        -0.24500001966953278, -78.14899850290217], [-9.630842612295964e-08, 0.631798267364502,
        -0.7751328945159912, -247.24840827405689], [0.0, 0.0, 0.0, 1.0]], [[0.23884151875972748,
        -0.17346425354480743, 0.9554396867752075, 304.76182461338885], [0.9710586071014404,
        0.04266529530286789, -0.23499995470046997, -74.95924346196739], [-1.0412204431986538e-07,
        0.9839156270027161, 0.1786341369152069, 56.9799463813024], [0.0, 0.0, 0.0,
        1.0]], [[0.26247093081474304, 0.4968666732311249, -0.8271834254264832, -263.8512800002092],
      [-0.9649398326873779, 0.1351514756679535, -0.22500009834766388, -71.7694884210326],
      [-4.6386166019374286e-08, 0.8572382926940918, 0.5149198770523071, 164.24681058006286],
      [0.0, 0.0, 0.0, 1.0]], [[0.633317232131958, 0.7279326915740967, 0.26272276043891907,
        83.80211930667166], [0.7738922834396362, -0.5957061052322388, -0.21500009298324585,
        -68.57973338009782], [-5.0843013355006406e-08, 0.3394823968410492, -0.9406124949455261,
        -300.0323268931427], [0.0, 0.0, 0.0, 1.0]], [[0.4202623963356018, -0.7921268343925476,
        0.4426223635673523, 141.18568659401112], [0.9074026346206665, 0.3668726086616516,
        -0.20499996840953827, -65.38997833916304], [-4.373777429123038e-08, 0.4877904951572418,
        0.8729607462882996, 278.45309272024616], [0.0, 0.0, 0.0, 1.0]], [[0.20779049396514893,
        -0.33788639307022095, -0.9179628491401672, -292.8076906279681], [-0.9781732559204102,
        -0.0717761442065239, -0.1950000524520874, -62.200223298228245], [-5.682853299049384e-08,
        0.9384459257125854, -0.3454257845878601, -110.18239760712805], [0.0, 0.0,
        0.0, 1.0]], [[0.1988009363412857, 0.35878247022628784, 0.9120050668716431,
        290.90729379580597], [0.9800398945808411, -0.0727788507938385, -0.18500010669231415,
        -59.01046825729346], [-8.784237337522427e-08, 0.9305795431137085, -0.3660896122455597,
        -116.77364113593505], [0.0, 0.0, 0.0, 1.0]], [[0.3799959421157837, 0.8210597634315491,
        -0.4259859323501587, -135.87906762028229], [-0.9249881505966187, 0.3373009264469147,
        -0.17500001192092896, -55.820713216358676], [-6.214271763838042e-09, 0.46053123474121094,
        0.8876435160636902, 283.13653803482936], [0.0, 0.0, 0.0, 1.0]], [[0.4997407793998718,
        -0.8176008462905884, -0.285986065864563, -91.22254578632138], [-0.8661749958992004,
        -0.4717159867286682, -0.16499964892864227, -52.63095817542389], [-3.375238009084569e-07,
        0.33017101883888245, -0.9439211487770081, -301.08769751268125], [0.0, 0.0,
        0.0, 1.0]], [[0.1794188767671585, -0.49549055099487305, 0.8498811721801758,
        271.0912718272683], [0.9837728142738342, 0.09036669135093689, -0.1549999862909317,
        -49.441203134489136], [5.99191878336569e-08, 0.8638998866081238, 0.5036635994911194,
        160.65634747303596], [0.0, 0.0, 0.0, 1.0]], [[0.1480836272239685, 0.20077364146709442,
        -0.9683806896209717, -308.88971894175535], [-0.9889748692512512, 0.030062757432460785,
        -0.14499998092651367, -46.25144809355435], [3.716165153377915e-08, 0.9791762828826904,
        0.2030118703842163, 64.75582825523283], [0.0, 0.0, 0.0, 1.0]], [[0.22753745317459106,
        0.7838600277900696, 0.5777457356452942, 184.2867104148243], [0.9737693071365356,
        -0.18316198885440826, -0.1349998563528061, -43.06169305261957], [7.881553898414495e-08,
        0.5933085680007935, -0.8049750328063965, -256.7673483284299], [0.0, 0.0, 0.0,
        1.0]], [[0.7274736166000366, -0.6759307980537415, 0.11789707839488983, 37.60626375843524],
      [0.6861356496810913, 0.7166539430618286, -0.125, -39.87193801168478], [-5.613369324919404e-08,
        0.17182759940624237, 0.9851270318031311, 314.23139514856234], [0.0, 0.0, 0.0,
        1.0]], [[0.1509145349264145, -0.6401351094245911, -0.7532939314842224, -240.28232715903474],
      [-0.9885467886924744, -0.09772486239671707, -0.11500006169080734, -36.68218297075],
      [-1.1771554397910222e-08, 0.7620214819908142, -0.6475515961647034, -206.5531237217864],
      [0.0, 0.0, 0.0, 1.0]], [[0.10505180060863495, 0.031219594180583954, 0.9939765930175781,
        317.0541842013328], [0.9944667220115662, -0.0032979727257043123, -0.10499999672174454,
        -33.492427929815214], [7.48254365134926e-08, 0.9995070695877075, -0.03139328584074974,
        -10.013678818597159], [0.0, 0.0, 0.0, 1.0]], [[0.13217446208000183, 0.6891719102859497,
        -0.7124409079551697, -227.25118186640628], [-0.9912264943122864, 0.09189718216657639,
        -0.09499997645616531, -30.302672888880426], [4.43886705170371e-10, 0.7187468409538269,
        0.695271909236908, 221.77470678100246], [0.0, 0.0, 0.0, 1.0]], [[0.8362663388252258,
        0.5454837679862976, 0.055732838809490204, 17.777410491524847], [0.5483235120773315,
        -0.8319354057312012, -0.08500014990568161, -27.112917847945642], [-8.244900584486459e-08,
        0.10164238512516022, -0.9948211312294006, -317.32353454112877], [0.0, 0.0,
        0.0, 1.0]], [[0.11795352399349213, -0.7664303183555603, 0.6314045190811157,
        201.4025572106597], [0.993019163608551, 0.09103865176439285, -0.07500000298023224,
        -23.923162807010854], [1.5786017826258103e-08, 0.6358432769775391, 0.771818220615387,
        246.19111365361007], [0.0, 0.0, 0.0, 1.0]], [[0.0656721368432045, -0.14239944517612457,
        -0.9876282811164856, -315.02921945791593], [-0.9978412985801697, -0.009372025728225708,
        -0.0650000125169754, -20.73340776607607], [-7.028004489484374e-08, 0.989764928817749,
        -0.14270757138729095, -45.5202032270336], [0.0, 0.0, 0.0, 1.0]], [[0.06650795787572861,
        0.5609987378120422, 0.8251405358314514, 263.1996442221557], [0.9977858066558838,
        -0.03739343211054802, -0.05500014126300812, -17.543652725141285], [-7.596069195869859e-08,
        0.8269715309143066, -0.5622434616088867, -179.3419631376853], [0.0, 0.0, 0.0,
        1.0]], [[0.193015918135643, 0.9541565775871277, -0.22875748574733734, -72.96803812915269],
      [-0.9811955690383911, 0.1876969337463379, -0.045000046491622925, -14.353897684206501],
      [-2.562401490990851e-08, 0.23314157128334045, 0.9724428057670593, 310.1854336433973],
      [0.0, 0.0, 0.0, 1.0]], [[0.07148022204637527, -0.8696916103363037, -0.48839271068573,
        -155.7852924803845], [-0.9974421858787537, -0.06232553720474243, -0.034999970346689224,
        -11.16414264327175], [-7.105858657041608e-08, 0.48964521288871765, -0.8719221353530884,
        -278.1216941871495], [0.0, 0.0, 0.0, 1.0]], [[0.026323655620217323, -0.31300899386405945,
        0.9493852853775024, 302.83065104445245], [0.9996535181999207, 0.00824233889579773,
        -0.024999985471367836, -7.974387602336964], [4.872707748404537e-08, 0.9497144222259521,
        0.31311747431755066, 99.87681483732514], [0.0, 0.0, 0.0, 1.0]], [[0.01644974946975708,
        0.410444051027298, -0.9117375016212463, -290.8218997428437], [-0.9998647570610046,
        0.006752542685717344, -0.014999973587691784, -4.784632561402179], [-1.9344923885000753e-08,
        0.9118608832359314, 0.4104995131492615, 130.93930705828663], [0.0, 0.0, 0.0,
        1.0]], [[0.012655871920287609, 0.9185777902603149, 0.3950378894805908, 126.00738856279895],
      [0.9999200701713562, -0.01162666268646717, -0.004999862052500248, -1.5948775204673942],
      [1.5474003589588392e-07, 0.39506953954696655, -0.9186515212059021, -293.02724549940245],
      [0.0, 0.0, 0.0, 1.0]], [[-0.015184321440756321, -0.9441202878952026, 0.32925140857696533,
        105.02313355490452], [0.9998847842216492, -0.01433753501623869, 0.004999856930226088,
        1.5948775204673913], [1.5939350817006925e-07, 0.32928937673568726, 0.9442290663719177,
        301.1859392396862], [0.0, 0.0, 0.0, 1.0]], [[-0.017033280804753304, -0.47372278571128845,
        -0.8805091977119446, -280.86087788231407], [-0.9998548626899719, 0.00807036180049181,
        0.015000197105109692, 4.784632561402177], [2.2086865669734834e-08, 0.8806369304656982,
        -0.4737914502620697, -151.1279152840956], [0.0, 0.0, 0.0, 1.0]], [[-0.02578846551477909,
        0.24528563022613525, 0.9691079258918762, 309.12165358040033], [0.9996675252914429,
        0.006327512674033642, 0.02499999664723873, 7.974387602336963], [-1.8478409913313953e-08,
        0.9694303274154663, -0.2453673630952835, -78.26611426265667], [0.0, 0.0, 0.0,
        1.0]], [[-0.0636599212884903, 0.8336039185523987, -0.5486820936203003, -175.0161249941826],
      [-0.9979717135429382, -0.05317510664463043, 0.03499989211559296, 11.164142643271747],
      [-1.3855090230663336e-07, 0.5497972965240479, 0.8352981209754944, 266.43965568726793],
      [0.0, 0.0, 0.0, 1.0]], [[-0.27138859033584595, -0.9491463303565979, -0.15959078073501587,
        -50.90555823744139], [-0.962469756603241, 0.26763197779655457, 0.04499999061226845,
        14.353897684206533], [5.255065271825288e-09, 0.16581380367279053, -0.9861568808555603,
        -314.55994972897355], [0.0, 0.0, 0.0, 1.0]], [[-0.07003217935562134, -0.6175291538238525,
        0.7834240198135376, 249.89307313488393], [0.9975447058677673, -0.043353281915187836,
        0.055000003427267075, 17.543652725141317], [-8.612369839511302e-08, 0.7853522300720215,
        0.6190491318702698, 197.46150120960735], [0.0, 0.0, 0.0, 1.0]], [[-0.06517244130373001,
        0.07252946496009827, -0.9952346682548523, -317.45547867629114], [-0.9978740215301514,
        -0.00473715690895915, 0.065000019967556, 20.733407766076105], [-1.362774924018595e-07,
        0.997355043888092, 0.07268396764993668, 23.18441443084198], [0.0, 0.0, 0.0,
        1.0]], [[-0.10895257443189621, 0.7210378646850586, 0.684276282787323, 218.26734583796974],
      [0.9940471053123474, 0.07902903854846954, 0.07500011473894119, 23.92316280701089],
      [1.1782044140318249e-07, 0.6883742213249207, -0.7253560423851013, -231.37074195724472],
      [0.0, 0.0, 0.0, 1.0]], [[-0.9856030941009521, 0.16844616830348969, -0.014581569470465183,
        -4.651110894569785], [-0.1690761297941208, -0.9819309711456299, 0.08500045537948608,
        27.112917847945678], [-9.2033445753259e-08, 0.08624210208654404, 0.9962742328643799,
        317.7870813373406], [0.0, 0.0, 0.0, 1.0]], [[-0.1421288102865219, -0.7362448573112488,
        -0.6616209149360657, -211.0409249956682], [-0.9898478388786316, 0.10571537166833878,
        0.09500002861022949, 30.302672888880462], [1.8575029514522612e-08, 0.6684064865112305,
        -0.7437955141067505, -237.25270958294834], [0.0, 0.0, 0.0, 1.0]], [[-0.10554423928260803,
        -0.10086438804864883, 0.9892858862876892, 315.55799804786494], [0.9944145083427429,
        -0.010705443099141121, 0.10499998182058334, 33.49242792981525], [7.484667463586447e-08,
        0.9948424696922302, 0.10143101960420609, 32.353969634008685], [0.0, 0.0, 0.0,
        1.0]], [[-0.14279510080814362, 0.5867257714271545, -0.7970961928367615, -254.25416933599567],
      [-0.9897522330284119, -0.08464904874563217, 0.1149999126791954, 36.682182970750034],
      [-3.397738623789337e-08, 0.8053492307662964, 0.5928006768226624, 189.08888661011204],
      [0.0, 0.0, 0.0, 1.0]], [[-0.5555307269096375, 0.8101736307144165, 0.18709492683410645,
        59.678697048223725], [0.8314961194992065, 0.5412847399711609, 0.12500013411045074,
        39.87193801168482], [1.6293296312142047e-07, 0.22501011192798615, -0.9743565917015076,
        -310.79583956273814], [0.0, 0.0, 0.0, 1.0]], [[-0.2515012323856354, -0.8166046142578125,
        0.5195228457450867, 165.71507563199927], [0.9678569436073303, -0.21219775080680847,
        0.13499996066093445, 43.0616930526196], [3.96367028088207e-09, 0.5367764830589294,
        0.8437244892120361, 269.12743544910336], [0.0, 0.0, 0.0, 1.0]], [[-0.1506289392709732,
        -0.2677265703678131, -0.9516476988792419, -303.55231971352686], [-0.9885903596878052,
        0.0407928042113781, 0.14500010013580322, 46.25144809355439], [-1.7684548936358624e-08,
        0.9626309871673584, -0.27081647515296936, -86.38382347103293], [0.0, 0.0,
        0.0, 1.0]], [[-0.1728389710187912, 0.4357987344264984, 0.8832928538322449,
        281.74877339055854], [0.9849501252174377, 0.07647377252578735, 0.15500018000602722,
        49.44120313448917], [1.1082472184398284e-07, 0.8967894315719604, -0.4424576759338379,
        -141.1331581777239], [0.0, 0.0, 0.0, 1.0]], [[-0.42457374930381775, 0.8342258930206299,
        -0.3518584370613098, -112.23424940277906], [-0.9053933620452881, -0.3912005126476288,
        0.1650000661611557, 52.63095817542389], [1.3362426898311242e-07, 0.38862496614456177,
        0.921396017074585, 293.90275213788004], [0.0, 0.0, 0.0, 1.0]], [[-0.43493419885635376,
        -0.8243565559387207, -0.36230966448783875, -115.56791906312218], [-0.9004620909690857,
        0.39817434549331665, 0.17500022053718567, 55.820713216358676], [-1.9878497425906971e-07,
        0.4023597538471222, -0.9154815077781677, -292.01622604082337], [0.0, 0.0,
        0.0, 1.0]], [[-0.2048586905002594, -0.4204019606113434, 0.8839092254638672,
        281.94531572767283], [0.9787917733192444, -0.08798924833536148, 0.18499982357025146,
        59.01046825729346], [7.162682891248551e-08, 0.9030616879463196, 0.42951104044914246,
        137.0035612200151], [0.0, 0.0, 0.0, 1.0]], [[-0.20311349630355835, 0.2739790380001068,
        -0.9400428533554077, -299.8506247727891], [-0.9791552424430847, -0.05683355778455734,
        0.1950000673532486, 62.200223298228245], [-3.4829454875762167e-09, 0.9600549936294556,
        0.2798115909099579, 89.25305180612683], [0.0, 0.0, 0.0, 1.0]], [[-0.37734973430633545,
        0.7774946093559265, 0.5030988454818726, 160.47626529157475], [0.9260703325271606,
        0.31680968403816223, 0.20499977469444275, 65.38997833916304], [-2.030341903491717e-07,
        0.5432617664337158, -0.8395626544952393, -267.80009563583144], [0.0, 0.0,
        0.0, 1.0]], [[-0.7394911050796509, -0.6440869569778442, 0.19571682810783386,
        62.42885826427063], [0.6731664538383484, -0.7075464725494385, 0.21500004827976227,
        68.57973338009782], [2.3110622748845344e-08, 0.29074060916900635, 0.9568018913269043,
        305.19637946250754], [0.0, 0.0, 0.0, 1.0]], [[-0.27430257201194763, -0.5500478744506836,
        -0.7888001799583435, -251.60790881274187], [-0.9616435766220093, 0.15689748525619507,
        0.22499996423721313, 71.7694884210326], [9.815305190841173e-08, 0.820262610912323,
        -0.5719874501228333, -182.44991906370038], [0.0, 0.0, 0.0, 1.0]], [[-0.23645566403865814,
        0.107650026679039, 0.9656604528427124, 308.02203967579237], [0.971642255783081,
        0.026197470724582672, 0.23499998450279236, 74.95924346196739], [-8.380834515264723e-08,
        0.9938436150550842, -0.11079182475805283, -35.339879813925094], [0.0, 0.0,
        0.0, 1.0]], [[-0.3596733510494232, 0.6831269264221191, -0.6355884671211243,
        -202.7371386537593], [-0.9330782890319824, -0.26332467794418335, 0.24500007927417755,
        78.14899850290217], [4.503470663053122e-08, 0.6811738014221191, 0.7321217656135559,
        233.52892509316345], [0.0, 0.0, 0.0, 1.0]], [[-0.9949168562889099, -0.09733413904905319,
        -0.025809139013290405, -8.232482632540215], [-0.10069779306650162, 0.9616833925247192,
        0.25499996542930603, 81.33875354383696], [1.5402138231479512e-08, 0.25630274415016174,
        -0.9665963649749756, -308.3206214532665], [0.0, 0.0, 0.0, 1.0]], [[-0.36775752902030945,
        -0.6447781920433044, 0.6700863242149353, 213.74109680401057], [0.9299218058586121,
        -0.254991352558136, 0.26499998569488525, 84.52850858477174], [-3.380796087526505e-08,
        0.7205835580825806, 0.693368136882782, 221.16746366755967], [0.0, 0.0, 0.0,
        1.0]], [[-0.2754713296890259, -0.05619893968105316, -0.9596652388572693, -306.1096963532555],
      [-0.9613093733787537, 0.016104185953736305, 0.2750001549720764, 87.71826362570653],
      [-4.7459565166718676e-08, 0.9982897639274597, -0.05846085771918297, -18.64757991529561],
      [0.0, 0.0, 0.0, 1.0]], [[-0.35736092925071716, 0.5634634494781494, 0.7448503375053406,
        237.58906131851512], [0.933966338634491, 0.21559633314609528, 0.28500014543533325,
        90.90801866664131], [1.7359275261696894e-07, 0.7975131273269653, -0.6033015251159668,
        -192.43841169470565], [0.0, 0.0, 0.0, 1.0]], [[-0.9019315242767334, 0.40812504291534424,
        -0.1412573754787445, -45.05760456623028], [-0.4318792521953583, -0.8523235321044922,
        0.2950000762939453, 94.0977737075761], [-5.300868366475697e-08, 0.3270759880542755,
        0.944998025894165, 301.43124168824903], [0.0, 0.0, 0.0, 1.0]], [[-0.4970722794532776,
        -0.6851627230644226, -0.5324201583862305, -169.82898568799098], [-0.8677091598510742,
        0.39249950647354126, 0.3049999475479126, 97.28752874851088], [5.527667568117067e-08,
        0.613592803478241, -0.7896226048469543, -251.87025346770187], [0.0, 0.0, 0.0,
