{cam2Pos: [[[0.9950000047683716, 9.476451623413595e-09, 0.09987492114305496, 35.86427968059149],
      [0.09987492114305496, -3.014039862136997e-08, -0.9949999451637268, -357.29648291287293],
      [-1.047081532590255e-09, 0.9999999403953552, -3.066723408551297e-08, 0.0], [
        0.0, 0.0, 0.0, 1.0]], [[0.9917600154876709, 0.014932266436517239, -0.12723620235919952,
        -45.68949406988296], [-0.1281094253063202, 0.11559828370809555, -0.9850000143051147,
        -353.7055634866129], [2.2033397328868887e-09, 0.9931837916374207, 0.11655872315168381,
        41.85531924585417], [0.0, 0.0, 0.0, 1.0]], [[0.9998015761375427, 0.00440949946641922,
        0.019426418468356133, 6.9758712404293055], [0.019920578226447105, -0.22131016850471497,
        -0.9750000834465027, -350.1146440603529], [8.989335387177277e-10, 0.9751935601234436,
        -0.22135409712791443, -79.48645478222038], [0.0, 0.0, 0.0, 1.0]], [[0.9866037368774414,
        -0.03395197540521622, 0.15956303477287292, 57.29779438837042], [0.16313521564006805,
        0.20533354580402374, -0.9650000929832458, -346.52372463409284], [2.4731310332981593e-09,
        0.9781030416488647, 0.20812159776687622, 74.73482643895026], [0.0, 0.0, 0.0,
        1.0]], [[0.956277072429657, -0.015109546482563019, -0.29207170009613037, -104.88060494679372],
      [-0.2924622595310211, -0.049404326826334, -0.9549998641014099, -342.9328052078328],
      [-3.533790504661738e-08, 0.998664379119873, -0.05166319012641907, -18.551902252808908],
      [0.0, 0.0, 0.0, 1.0]], [[0.9599064588546753, 0.04920965060591698, 0.2759673297405243,
        99.09764165956149], [0.2803204357624054, -0.1685095578432083, -0.9450000524520874,
        -339.3418857815728], [-7.745825314486865e-09, 0.9844709634780884, -0.17554788291454315,
        -63.037807945991815], [0.0, 0.0, 0.0, 1.0]], [[0.9951869249343872, 0.033562030643224716,
        -0.09206806123256683, -33.06090314978521], [-0.09799458086490631, 0.3408401310443878,
        -0.9350000023841858, -335.75096635531276], [-1.214679734573565e-08, 0.9395219683647156,
        0.342488557100296, 122.9849118116152], [0.0, 0.0, 0.0, 1.0]], [[0.9825451374053955,
        -0.06272765249013901, -0.1751295030117035, -62.887594994498464], [-0.18602445721626282,
        -0.3313152492046356, -0.9249999523162842, -332.1600469290527], [-1.4884549592864005e-08,
        0.941432535648346, -0.3372010588645935, -121.08623736335205], [0.0, 0.0, 0.0,
        1.0]], [[0.9238911867141724, -0.052959565073251724, 0.3789727985858917, 136.08607278490518],
      [0.3826553523540497, 0.12786680459976196, -0.9149999022483826, -328.5691275027927],
      [-2.2549116351910925e-08, 0.9903762936592102, 0.13840027153491974, 49.69841551751545],
      [0.0, 0.0, 0.0, 1.0]], [[0.9171630144119263, 0.0646858960390091, -0.39322730898857117,
        -141.20475147154664], [-0.39851218461990356, 0.14887253940105438, -0.9049999713897705,
        -324.97820807653267], [2.6380391204838816e-09, 0.986738383769989, 0.16231851279735565,
        58.2872687311833], [0.0, 0.0, 0.0, 1.0]], [[0.9784079790115356, 0.08350346237421036,
        0.18906337022781372, 67.89112432718815], [0.20668281614780426, -0.3952942490577698,
        -0.895000159740448, -321.38728865027264], [6.069097224781217e-09, 0.9147514700889587,
        -0.40401777625083923, -145.07938926854226], [0.0, 0.0, 0.0, 1.0]], [[0.9878304600715637,
        -0.06909631192684174, 0.13934388756752014, 50.03726470224851], [0.15553462505340576,
        0.43884390592575073, -0.8849999904632568, -317.7963692240126], [2.1769732683196708e-08,
        0.8959027528762817, 0.444250226020813, 159.5266846269575], [0.0, 0.0, 0.0,
        1.0]], [[0.9019775986671448, -0.10481221228837967, -0.4188685119152069, -150.412330585698],
      [-0.4317828416824341, -0.21894866228103638, -0.875, -314.2054497977526], [-2.375651853014915e-08,
        0.9700906276702881, -0.24274291098117828, -87.16702004822285], [0.0, 0.0,
        0.0, 1.0]], [[0.8700646162033081, 0.05310918763279915, 0.49006837606430054,
        175.97962097497157], [0.49293771386146545, -0.09374084323644638, -0.8649999499320984,
        -310.61453037149255], [1.6231709309977305e-09, 0.9941790699958801, -0.10774010419845581,
        -38.688626009708116], [0.0, 0.0, 0.0, 1.0]], [[0.9441925287246704, 0.13975214958190918,
        -0.2982781231403351, -107.10930699041185], [-0.32939413189888, 0.4005928337574005,
        -0.854999840259552, -307.0236109452325], [-2.3858390818531916e-08, 0.9055355191230774,
        0.42427030205726624, 152.35196728989362], [0.0, 0.0, 0.0, 1.0]], [[0.9967091083526611,
        -0.04298953339457512, -0.0687231793999672, -24.67794258720442], [-0.08106155693531036,
        -0.528586745262146, -0.8450000882148743, -303.4326915189725], [-3.458040964687825e-09,
        0.8477900624275208, -0.5303320288658142, -190.43797973653082], [0.0, 0.0,
        0.0, 1.0]], [[0.8930333256721497, -0.15956974029541016, 0.4207480549812317,
        151.08724049222525], [0.44999048113822937, 0.31667590141296387, -0.8349999189376831,
        -299.84177209271246], [-1.7515777273047206e-08, 0.9350153803825378, 0.3546070158481598,
        127.33648623887407], [0.0, 0.0, 0.0, 1.0]], [[0.8252249956130981, 0.01318813394755125,
        -0.5646501183509827, -202.76131386130214], [-0.5648041367530823, 0.019268956035375595,
        -0.8250000476837158, -296.25085266645243], [1.5254784102580743e-08, 0.9997273683547974,
        0.023349935188889503, 8.384816906469702], [0.0, 0.0, 0.0, 1.0]], [[0.8930031061172485,
        0.18395362794399261, 0.4107389450073242, 147.4930547721694], [0.4500504732131958,
        -0.3650059998035431, -0.8149999380111694, -292.6599332401924], [3.70895989476594e-08,
        0.9126507043838501, -0.4087398946285248, -146.77528923063494], [0.0, 0.0,
        0.0, 1.0]], [[0.9994210600852966, 0.02016332373023033, -0.02740422450006008,
        -9.840635065235476], [-0.03402280434966087, 0.5922983884811401, -0.8050000667572021,
        -289.0690138139324], [2.0735975159169584e-09, 0.80546635389328, 0.5926415324211121,
        212.81280603636148], [0.0, 0.0, 0.0, 1.0]], [[0.8983872532844543, -0.20455701649188995,
        -0.388660192489624, -139.56474944390152], [-0.4392041862010956, -0.4184190034866333,
        -0.7950000762939453, -285.47809438767234], [1.0652350113105058e-08, 0.8849191069602966,
        -0.46574458479881287, -167.24521397146412], [0.0, 0.0, 0.0, 1.0]], [[0.7876921892166138,
        -0.05089206621050835, 0.6139634847640991, 220.4692747182834], [0.6160691380500793,
        0.0650693029165268, -0.785000205039978, -281.8871749614123], [-3.687958738396446e-08,
        0.9965823888778687, 0.08260755240917206, 29.663829091754003], [0.0, 0.0, 0.0,
        1.0]], [[0.8310174942016602, 0.20076777040958405, -0.5187506675720215, -186.27917747550973],
      [-0.5562463402748108, 0.2999417185783386, -0.7750000953674316, -278.2962555351523],
      [-1.2268266402770678e-08, 0.9325917363166809, 0.3609331250190735, 129.60819979105239],
      [0.0, 0.0, 0.0, 1.0]], [[0.9833542108535767, 0.11416636407375336, 0.14135268330574036,
        50.75859675925923], [0.18169903755187988, -0.6178678870201111, -0.7649999260902405,
        -274.70533610889225], [1.3470270232573966e-08, 0.7779495120048523, -0.6283268928527832,
        -225.627051630003], [0.0, 0.0, 0.0, 1.0]], [[0.9180662631988525, -0.22554221749305725,
        0.32601380348205566, 117.0689376506241], [0.39642688632011414, 0.5223225355148315,
        -0.7549998760223389, -271.1144166826322], [1.928824566732601e-08, 0.8223806023597717,
        0.5689377188682556, 204.30090592825803], [0.0, 0.0, 0.0, 1.0]], [[0.7608005404472351,
        -0.13157810270786285, -0.6355074644088745, -228.20562179385615], [-0.648985743522644,
        -0.15424786508083344, -0.7449999451637268, -267.5234972563722], [-4.6076184645471585e-08,
        0.9792316555976868, -0.20274414122104645, -72.80381759438096], [0.0, 0.0,
        0.0, 1.0]], [[0.7666577696800232, 0.18259859085083008, 0.6155433654785156,
        221.0366417524728], [0.6420559287071228, -0.21803490817546844, -0.7350000143051147,
        -263.93257783011217], [-5.941353009575323e-08, 0.9587067365646362, -0.2843966782093048,
        -102.12453486629632], [0.0, 0.0, 0.0, 1.0]], [[0.9388487935066223, 0.2187708020210266,
        -0.26589903235435486, -95.48223601704824], [-0.34432974457740784, 0.5964999794960022,
        -0.7249998450279236, -260.34165840385214], [-4.789740515320773e-08, 0.7722221612930298,
        0.6353525519371033, 228.14992168228608], [0.0, 0.0, 0.0, 1.0]], [[0.9493634700775146,
        -0.2066878378391266, -0.23662026226520538, -84.96843046732454], [-0.3141798973083496,
        -0.624552845954895, -0.7149999141693115, -256.7507389775921], [-6.838936883468705e-08,
        0.753136157989502, -0.6578648686408997, -236.23388223812518], [0.0, 0.0, 0.0,
        1.0]], [[0.746821939945221, -0.21942143142223358, 0.6277827620506287, 225.43175037037182],
      [0.6650240421295166, 0.24641036987304688, -0.7049998641014099, -253.15981955133205],
      [-3.63924961277462e-08, 0.9440000057220459, 0.32994523644447327, 118.48061001110663],
      [0.0, 0.0, 0.0, 1.0]], [[0.7069740891456604, 0.12961477041244507, -0.6952608227729797,
        -249.66256848920247], [-0.7072394490242004, 0.12956616282463074, -0.6949999928474426,
        -249.56890012507202], [7.339764351854683e-09, 0.9830628633499146, 0.18326859176158905,
        65.81025182031068], [0.0, 0.0, 0.0, 1.0]], [[0.8668249845504761, 0.3055483400821686,
        0.394023597240448, 141.49069439024422], [0.4986124634742737, -0.5311878323554993,
        -0.6849997639656067, -245.977980698812], [4.6524011310111746e-08, 0.7902400493621826,
        -0.6127971410751343, -220.05053890235757], [0.0, 0.0, 0.0, 1.0]], [[0.9832901358604431,
        -0.13237552344799042, 0.12496873736381531, 44.8752686205559], [0.18204522132873535,
        0.7150066494941711, -0.675000011920929, -242.38706127255196], [-1.7442869371109282e-09,
        0.6864708065986633, 0.7271573543548584, 261.11634581696654], [0.0, 0.0, 0.0,
        1.0]], [[0.7477661967277527, -0.30362623929977417, -0.5904716849327087, -212.03361766406516],
      [-0.6639621257781982, -0.34194931387901306, -0.6650000214576721, -238.79614184629193],
      [8.019452479857136e-08, 0.8893153667449951, -0.4572944641113281, -164.21075140967858],
      [0.0, 0.0, 0.0, 1.0]], [[0.6562785506248474, 0.0470733717083931, 0.753048837184906,
        270.4137974924065], [0.7545186877250671, -0.040944211184978485, -0.6549999713897705,
        -235.2052224200319], [6.967404431179602e-09, 0.9980518221855164, -0.06238851323723793,
        -22.403230369651943], [0.0, 0.0, 0.0, 1.0]], [[0.7791330814361572, 0.3516424000263214,
        -0.5189405679702759, -186.34738818899538], [-0.6268585920333862, 0.43706217408180237,
        -0.6449999809265137, -231.61430299377187], [-4.5769009915375136e-08, 0.827843189239502,
        0.5609596371650696, 201.43606634057795], [0.0, 0.0, 0.0, 1.0]], [[0.9999824166297913,
        0.004584485199302435, 0.0037685283459722996, 1.353248151926424], [0.005934585817158222,
        -0.7724891901016235, -0.6349999904632568, -228.02338356751187], [-3.805453174798856e-10,
        0.6350111365318298, -0.7725027799606323, -277.3995827768659], [0.0, 0.0, 0.0,
        1.0]], [[0.7660124897956848, -0.3716651201248169, 0.5244901776313782, 188.34020133485632],
      [0.642825722694397, 0.4428883492946625, -0.6250000596046448, -224.43246414125184],
      [7.726980300049036e-08, 0.8159136176109314, 0.5781738758087158, 207.6175832138215],
      [0.0, 0.0, 0.0, 1.0]], [[0.616634726524353, -0.057287055999040604, -0.7851622104644775,
        -281.9454292793697], [-0.7872493267059326, -0.04487161338329315, -0.6149998903274536,
        -220.8415447149918], [-1.0379199721910481e-08, 0.9973487854003906, -0.07276857644319534,
        -26.13063901409238], [0.0, 0.0, 0.0, 1.0]], [[0.6902298927307129, 0.3483118712902069,
        0.6342409253120422, 227.750802744221], [0.7235901355743408, -0.33225324749946594,
        -0.6050000190734863, -217.25062528873178], [-5.976951200636904e-08, 0.8765195608139038,
        -0.4813661575317383, -172.85473936208572], [0.0, 0.0, 0.0, 1.0]], [[0.9719952940940857,
        0.18582578003406525, -0.14385373890399933, -51.65670657554407], [-0.23500025272369385,
        0.7686025500297546, -0.5950000286102295, -213.65970586247175], [1.500650270713777e-09,
        0.6121429204940796, 0.7907471656799316, 283.9509429733361], [0.0, 0.0, 0.0,
        1.0]], [[0.8044589757919312, -0.40774452686309814, -0.43196094036102295, -155.11366722395303],
      [-0.5940082669258118, -0.552204430103302, -0.5849999785423279, -210.06878643621172],
      [-1.0701492669795698e-07, 0.7271968126296997, -0.6864294409751892, -246.4911326284794],
      [0.0, 0.0, 0.0, 1.0]], [[0.5889350175857544, -0.1747673600912094, 0.7890576124191284,
        283.3442089155161], [0.8081803917884827, 0.12735600769519806, -0.5749999284744263,
        -206.47786700995172], [-2.6334546987527574e-08, 0.9763385057449341, 0.21624794602394104,
        77.652900576718], [0.0, 0.0, 0.0, 1.0]], [[0.6099339723587036, 0.2985275983810425,
        -0.7340720891952515, -263.5993674846671], [-0.7924522757530212, 0.22977033257484436,
        -0.565000057220459, -202.8869475836917], [-8.784068938894052e-08, 0.9263297915458679,
        0.3767136037349701, 135.27484326648607], [0.0, 0.0, 0.0, 1.0]], [[0.8868468403816223,
        0.3603972792625427, 0.289165198802948, 103.8368831115445], [0.4620635211467743,
        -0.6917172074317932, -0.5550001263618469, -199.29602815743166], [-4.98198922116444e-08,
        0.625812828540802, -0.7799736261367798, -280.0821631687178], [0.0, 0.0, 0.0,
        1.0]], [[0.8650131821632385, -0.3896363377571106, 0.31612613797187805, 113.51835394448236],
      [0.5017491579055786, 0.671731173992157, -0.5450000166893005, -195.70510873117163],
      [1.9053356226095275e-08, 0.6300482153892517, 0.7765560150146484, 278.8550107012103],
      [0.0, 0.0, 0.0, 1.0]], [[0.573880672454834, -0.29630494117736816, -0.7634555697441101,
        -274.1507224281306], [-0.8189389705657959, -0.20763923227787018, -0.5350000858306885,
        -192.11418930491158], [-1.0659859839279306e-07, 0.9322496652603149, -0.36181584000587463,
        -129.92514352028726], [0.0, 0.0, 0.0, 1.0]], [[0.5423272848129272, 0.21067745983600616,
        0.8133240938186646, 292.0581471184524], [0.8401672840118408, -0.13599202036857605,
        -0.5250000357627869, -188.52326987865155], [-6.884619097036193e-08, 0.9680501818656921,
        -0.25075647234916687, -90.04464823027578], [0.0, 0.0, 0.0, 1.0]], [[0.765108585357666,
        0.47619396448135376, -0.433414489030838, -155.63566059518436], [-0.6439012289047241,
        0.565832257270813, -0.5149999260902405, -184.93235045239152], [3.210628207739319e-09,
        0.6731070280075073, 0.7395450472831726, 265.5646628717214], [0.0, 0.0, 0.0,
        1.0]], [[0.9412350058555603, -0.28502312302589417, -0.18121398985385895, -65.07247270941836],
      [-0.33775240182876587, -0.7942911982536316, -0.5049999356269836, -181.3414310261315],
      [-4.58864679586668e-09, 0.5365290641784668, -0.8438819050788879, -303.0311567278081],
      [0.0, 0.0, 0.0, 1.0]], [[0.5727992057800293, -0.4124605059623718, 0.7083625197410583,
        254.36724409758358], [0.8196957111358643, 0.2882254421710968, -0.4950000047683716,
        -177.75051159987146], [-1.3858863212590222e-07, 0.8641773462295532, 0.5031874179840088,
        180.69057533557438], [0.0, 0.0, 0.0, 1.0]], [[0.4878615736961365, 0.09440848231315613,
        -0.8678008317947388, -311.62024296595104], [-0.8729211091995239, 0.05276315659284592,
        -0.4850001335144043, -174.15959217361143], [-5.340089614946919e-08, 0.9941345453262329,
        0.10815217345952988, 38.83663073284755], [0.0, 0.0, 0.0, 1.0]], [[0.6399326324462891,
        0.5149300694465637, 0.570379912853241, 204.8188404274362], [0.7684310078620911,
        -0.42882245779037476, -0.47499993443489075, -170.5686727473514], [-6.002551344863605e-09,
        0.7422655820846558, -0.6701056957244873, -240.62957786208239], [0.0, 0.0,
        0.0, 1.0]], [[0.9976015686988831, -0.061238378286361694, 0.03226358816027641,
        11.585589713589684], [0.06921761482954025, 0.8826006054878235, -0.46500009298324585,
        -166.97775332109137], [-9.486473828701492e-09, 0.4661180377006531, 0.8847225308418274,
        317.6967536279615], [0.0, 0.0, 0.0, 1.0]], [[0.5885266065597534, -0.5127877593040466,
        -0.625048041343689, -224.4497448085595], [-0.8084777593612671, -0.3732805848121643,
        -0.4549999237060547, -163.3868338948313], [-7.471921747992383e-09, 0.7731170654296875,
        -0.6342630386352539, -227.75881503053154], [0.0, 0.0, 0.0, 1.0]], [[0.4454660713672638,
        -0.040941499173641205, 0.8943622708320618, 321.1582763528939], [0.8952988386154175,
        0.02037077583372593, -0.4450000822544098, -159.79591446857128], [8.543426588403236e-08,
        0.9989538788795471, 0.045729346573352814, 16.42103858188985], [0.0, 0.0, 0.0,
        1.0]], [[0.531018078327179, 0.48599058389663696, -0.6941419243812561, -249.26077557497447],
      [-0.8473604917526245, 0.30455726385116577, -0.43500009179115295, -156.20499504231125],
      [4.254186691809991e-08, 0.8191813230514526, 0.5735346078872681, 205.95166554925044],
      [0.0, 0.0, 0.0, 1.0]], [[0.9593167901039124, 0.25311338901519775, 0.12507973611354828,
        44.915119188521935], [0.2823319435119629, -0.860037088394165, -0.42499998211860657,
        -152.61407561605122], [2.1543627326536807e-08, 0.4430236220359802, -0.8965100049972534,
        -321.92949422358873], [0.0, 0.0, 0.0, 1.0]], [[0.6267346143722534, -0.583926260471344,
        0.5159784555435181, 185.2837353755273], [0.7792327404022217, 0.46965017914772034,
        -0.41499999165534973, -149.02315618979122], [1.8338397467232426e-08, 0.662162184715271,
        0.7493605017662048, 269.08931525320963], [0.0, 0.0, 0.0, 1.0]], [[0.413790225982666,
        -0.1866486668586731, -0.8910330533981323, -319.96279038049806], [-0.910372257232666,
        -0.08483711630105972, -0.4049999713897705, -145.4322367635312], [-6.430440180338337e-09,
        0.9787567853927612, -0.20502451062202454, -73.62269039364308], [0.0, 0.0,
        0.0, 1.0]], [[0.4430321156978607, 0.4059886932373047, 0.7993094325065613,
        287.0256068419251], [0.8965056538581848, -0.20063002407550812, -0.3949998915195465,
        -141.84131733727116], [6.992490142465613e-08, 0.8915831446647644, -0.4528566896915436,
        -162.61723454778337], [0.0, 0.0, 0.0, 1.0]], [[0.8039491772651672, 0.5220717191696167,
        -0.2847925126552582, -102.26670890483862], [-0.5946979522705078, 0.7057685852050781,
        -0.3850000202655792, -138.25039791101113], [-3.091704314783783e-08, 0.4788859784603119,
        0.8778771162033081, 315.23859374470106], [0.0, 0.0, 0.0, 1.0]], [[0.6980166435241699,
        -0.6039657592773438, -0.38470515608787537, -138.14452856823556], [-0.7160815000534058,
        -0.5887290239334106, -0.37499991059303284, -134.6594784847511], [-5.389736656979949e-08,
        0.5372364521026611, -0.843431293964386, -302.86950546364255], [0.0, 0.0, 0.0,
        1.0]], [[0.3918198347091675, -0.334537535905838, 0.8570658564567566, 307.7654610180248],
      [0.9200419783592224, 0.1424701064825058, -0.36500006914138794, -131.06855905849108],
      [-5.954575499345083e-08, 0.9315508008003235, 0.3636111617088318, 130.56981691650682],
      [0.0, 0.0, 0.0, 1.0]], [[0.3736666142940521, 0.28950393199920654, -0.8812267184257507,
        -316.44146993757056], [-0.9275630116462708, 0.11662613600492477, -0.35500001907348633,
        -127.47763963223105], [4.911815665309405e-08, 0.9500450491905212, 0.3121125400066376,
        112.07707507095833], [0.0, 0.0, 0.0, 1.0]], [[0.6164109706878662, 0.6525397300720215,
        0.44071483612060547, 158.25710422863813], [0.7874246835708618, -0.510820746421814,
        -0.3449999988079071, -123.886720205971], [4.2664716204399156e-09, 0.5596914887428284,
        -0.8287014365196228, -297.57989309879457], [0.0, 0.0, 0.0, 1.0]], [[0.817836344242096,
        -0.5249593257904053, 0.2357146441936493, 84.64325597350332], [0.5754508376121521,
        0.746077299118042, -0.3349999785423279, -120.29580077971097], [3.392128888890511e-08,
        0.4096173644065857, 0.9122574329376221, 327.58428349340676], [0.0, 0.0, 0.0,
        1.0]], [[0.37923943996429443, -0.47685468196868896, -0.7929608821868896, -284.74588692831594],
      [-0.9252985119819641, -0.1954418420791626, -0.32499998807907104, -116.70488135345094],
      [-2.617150585138006e-08, 0.8569784164428711, -0.515352189540863, -185.0588387637841],
      [0.0, 0.0, 0.0, 1.0]], [[0.31891384720802307, 0.14803297817707062, 0.9361518621444702,
        336.16455683912244], [0.9477837681770325, -0.0498109795153141, -0.31499993801116943,
        -113.11396192719091], [1.844202444090115e-07, 0.9877273440361023, -0.1561887115240097,
        -56.08605531865333], [0.0, 0.0, 0.0, 1.0]], [[0.4611941874027252, 0.6655614972114563,
        -0.5867944955825806, -210.71313924863063], [-0.8872991800308228, 0.3459409773349762,
        -0.3049998879432678, -109.52304250093087], [3.99015540608616e-08, 0.6613264679908752,
        0.7500982284545898, 269.3542265646542], [0.0, 0.0, 0.0, 1.0]], [[0.9697588086128235,
        -0.2324986755847931, -0.07424450665712357, -26.660604788426188], [-0.2440653145313263,
        -0.9238003492355347, -0.2950000762939453, -105.93212307467084], [2.5557957528121733e-08,
        0.3041994273662567, -0.9526083469390869, -342.07399888346487], [0.0, 0.0,
        0.0, 1.0]], [[0.37688446044921875, -0.6060900092124939, 0.7004377245903015,
        251.5215199600205], [0.9262602925300598, 0.24661092460155487, -0.28499993681907654,
        -102.34120364841085], [-8.872827805816996e-09, 0.7561997175216675, 0.654340922832489,
        234.96856447557425], [0.0, 0.0, 0.0, 1.0]], [[0.27501213550567627, -0.00901850126683712,
        -0.9613984823226929, -345.23044280945396], [-0.9614407420158386, -0.00257975235581398,
        -0.27500003576278687, -98.75028422215082], [-7.365785137380954e-08, 0.9999560117721558,
        -0.009380223229527473, -3.3683798107319207], [0.0, 0.0, 0.0, 1.0]], [[0.34653595089912415,
        0.6044450402259827, 0.7173276543617249, 257.5865944352081], [0.9380366802215576,
        -0.22329814732074738, -0.2650001049041748, -95.15936479589078], [-2.5937600511838355e-08,
        0.7647117376327515, -0.6443724036216736, -231.38899048535305], [0.0, 0.0,
        0.0, 1.0]], [[0.9383646845817566, 0.3326393663883209, -0.09392942488193512,
        -33.72924671814734], [-0.34564676880836487, 0.9030521512031555, -0.25500014424324036,
        -91.56844536963075], [8.894944869553001e-08, 0.2717495262622833, 0.9623680114746094,
        345.57861766511525], [0.0, 0.0, 0.0, 1.0]], [[0.38778218626976013, -0.7144795656204224,
        -0.5823606252670288, -209.12103468770445], [-0.9217510223388672, -0.3005827069282532,
        -0.24500007927417755, -87.97752594337072], [-2.7557547355172574e-09, 0.6317982077598572,
        -0.7751328945159912, -278.34397970666447], [0.0, 0.0, 0.0, 1.0]], [[0.23884150385856628,
        -0.1734643280506134, 0.9554396271705627, 343.09065816726627], [0.9710586071014404,
        0.04266517981886864, -0.2349998950958252, -84.38660651711069], [7.515592415074934e-08,
        0.9839155673980713, 0.17863422632217407, 64.14611584340062], [0.0, 0.0, 0.0,
        1.0]], [[0.26247087121009827, 0.4968666434288025, -0.8271834850311279, -297.0349368014989],
      [-0.9649398922920227, 0.1351514756679535, -0.2250000685453415, -80.79568709085065],
      [-5.171138184323354e-09, 0.8572382926940918, 0.5149198174476624, 184.90356006784597],
      [0.0, 0.0, 0.0, 1.0]], [[0.6333172917366028, 0.7279326319694519, 0.26272276043891907,
        94.34162006744538], [0.7738922238349915, -0.5957061052322388, -0.21500007808208466,
        -77.20476766459062], [-2.899120588040205e-08, 0.3394823670387268, -0.9406124353408813,
        -337.76634798603453], [0.0, 0.0, 0.0, 1.0]], [[0.4202624261379242, -0.7921268343925476,
        0.4426223635673523, 158.94211881289743], [0.9074026346206665, 0.3668725788593292,
        -0.20500001311302185, -73.61384823833059], [-3.906826862021262e-09, 0.4877904951572418,
        0.8729607462882996, 313.4731686663588], [0.0, 0.0, 0.0, 1.0]], [[0.2077900767326355,
        -0.3378864526748657, -0.9179630279541016, -329.6330943727177], [-0.9781734943389893,
        -0.07177631556987762, -0.1949998140335083, -70.02292881207056], [-1.3356388706142752e-07,
        0.9384461045265198, -0.3454260230064392, -124.03965411820232], [0.0, 0.0,
        0.0, 1.0]], [[0.19880090653896332, 0.35878244042396545, 0.9120051264762878,
        327.49369124782635], [0.9800398945808411, -0.07277889549732208, -0.18500007688999176,
        -66.43200938581053], [-4.970390321545892e-08, 0.9305796027183533, -0.3660896122455597,
        -131.45985539606204], [0.0, 0.0, 0.0, 1.0]], [[0.37999606132507324, 0.8210596442222595,
        -0.4259858727455139, -152.96810484756844], [-0.9249880909919739, 0.3373010754585266,
        -0.17499998211860657, -62.841089959550494], [4.949691145839097e-08, 0.46053117513656616,
        0.8876435160636902, 318.7456345912138], [0.0, 0.0, 0.0, 1.0]], [[0.4997407793998718,
        -0.8176008462905884, -0.2859860956668854, -102.69528774880426], [-0.8661749958992004,
        -0.4717159569263458, -0.164999857544899, -59.25017053329046], [-1.837758816236601e-07,
        0.3301711678504944, -0.9439211487770081, -338.95444889377524], [0.0, 0.0,
        0.0, 1.0]], [[0.17941899597644806, -0.49549052119255066, 0.8498810529708862,
        305.18547719225296], [0.9837726950645447, 0.0903669148683548, -0.15499994158744812,
        -55.659251107030464], [-5.1893607633246575e-08, 0.8638997673988342, 0.5036636590957642,
        180.8615369172173], [0.0, 0.0, 0.0, 1.0]], [[0.1480836719274521, 0.2007736712694168,
        -0.9683806896209717, -347.73770339270027], [-0.9889748096466064, 0.030062757432460785,
        -0.14500001072883606, -52.068331680770434], [2.137159782478193e-09, 0.9791762828826904,
        0.2030119150876999, 72.89994330634495], [0.0, 0.0, 0.0, 1.0]], [[0.22753749787807465,
        0.7838602066040039, 0.5777456760406494, 207.46380832937427], [0.9737694263458252,
        -0.18316228687763214, -0.13499999046325684, -48.4774122545104], [3.636257162042966e-08,
        0.5933085680007935, -0.8049753904342651, -289.06008370837975], [0.0, 0.0,
        0.0, 1.0]], [[0.7274735569953918, -0.6759308576583862, 0.11789707094430923,
        42.335872612853926], [0.6861357092857361, 0.7166538834571838, -0.1249999925494194,
        -44.88649282825037], [-4.303963407892297e-08, 0.17182758450508118, 0.9851270318031311,
        353.75118361724844], [0.0, 0.0, 0.0, 1.0]], [[0.1509145349264145, -0.6401350498199463,
        -0.7532938718795776, -270.5017988244907], [-0.9885466694831848, -0.09772469848394394,
        -0.11500002443790436, -41.29557340199034], [2.0834896474752895e-08, 0.7620214223861694,
        -0.647551417350769, -232.5305909101686], [0.0, 0.0, 0.0, 1.0]], [[0.105051688849926,
        0.03121953271329403, 0.9939766526222229, 356.9289850207246], [0.9944667816162109,
        -0.0032980837859213352, -0.10499993711709976, -37.7046539757303], [1.3845860280525812e-07,
        0.9995071291923523, -0.03139328584074974, -11.273064337721449], [0.0, 0.0,
        0.0, 1.0]], [[0.13217446208000183, 0.6891719102859497, -0.7124409079551697,
        -255.83177176059328], [-0.9912264943122864, 0.09189718216657639, -0.09499997645616531,
        -34.11373454947027], [4.43886705170371e-10, 0.7187468409538269, 0.695271909236908,
        249.66653947183343], [0.0, 0.0, 0.0, 1.0]], [[0.8362663388252258, 0.5454837083816528,
        0.0557328425347805, 20.013213511187814], [0.5483235120773315, -0.8319356441497803,
        -0.08500014990568161, -30.522815123210236], [-6.676568631291957e-08, 0.10164238512516022,
        -0.994821310043335, -357.2322106149255], [0.0, 0.0, 0.0, 1.0]], [[0.11795367300510406,
        -0.7664302587509155, 0.631404459476471, 226.73225558231567], [0.9930191040039062,
        0.09103880077600479, -0.07500003278255463, -26.931895696950207], [-1.4318555230374841e-08,
        0.6358432173728943, 0.771818220615387, 277.1537128231203], [0.0, 0.0, 0.0,
        1.0]], [[0.06567226350307465, -0.1423993855714798, -0.9876282215118408, -354.6493475121037],
      [-0.9978412389755249, -0.009372025728225708, -0.06500006467103958, -23.340976270690174],
      [-1.2725138276437065e-07, 0.9897648692131042, -0.1427074372768402, -51.245120693455],
      [0.0, 0.0, 0.0, 1.0]], [[0.06650763750076294, 0.5609988570213318, 0.825140655040741,
        296.3013470605222], [0.9977859854698181, -0.037393469363451004, -0.055000029504299164,
        -19.75005684443014], [-1.1894532292444637e-07, 0.8269716501235962, -0.5622437596321106,
        -201.8971774039408], [0.0, 0.0, 0.0, 1.0]], [[0.193015918135643, 0.9541565775871277,
        -0.22875747084617615, -82.14497422261906], [-0.9811955690383911, 0.1876969337463379,
        -0.045000024139881134, -16.15913741817011], [-6.82414658115249e-09, 0.23314154148101807,
        0.9724428057670593, 349.1963756209141], [0.0, 0.0, 0.0, 1.0]], [[0.07148006558418274,
        -0.8696914911270142, -0.48839271068573, -175.37786629830768], [-0.9974421262741089,
        -0.06232519820332527, -0.03499990329146385, -12.568217991910117], [-7.868433016255949e-09,
        0.48964521288871765, -0.871921956539154, -313.10009129362663], [0.0, 0.0,
        0.0, 1.0]], [[0.026323704048991203, -0.3130089342594147, 0.949385404586792,
        340.9166076225758], [0.9996535181999207, 0.008242188952863216, -0.02500012330710888,
        -8.977298565650083], [1.8441970439653232e-07, 0.9497144818305969, 0.3131173849105835,
        112.43797408569084], [0.0, 0.0, 0.0, 1.0]], [[0.016450120136141777, 0.4104440212249756,
        -0.9117372632026672, -327.3975574821503], [-0.9998645782470703, 0.006752915680408478,
        -0.015000063925981522, -5.38637913939005], [7.176791427809803e-08, 0.9118606448173523,
        0.4104996919631958, 147.40708779907905], [0.0, 0.0, 0.0, 1.0]], [[0.012655871920287609,
        0.9185777306556702, 0.39503785967826843, 141.8548990864976], [0.9999199509620667,
        -0.01162649691104889, -0.004999844823032618, -1.7954597131300178], [1.378476781610516e-07,
        0.39506950974464417, -0.9186513423919678, -329.88026189588044], [0.0, 0.0,
        0.0, 1.0]], [[-0.015184342861175537, -0.9441202878952026, 0.3292514681816101,
        118.2315273897921], [0.9998847842216492, -0.014337531290948391, 0.004999930039048195,
        1.7954597131300147], [8.706864207397302e-08, 0.32928943634033203, 0.9442290663719177,
        339.065046140725], [0.0, 0.0, 0.0, 1.0]], [[-0.01703304797410965, -0.4737228453159332,
        -0.8805092573165894, -316.18377258477017], [-0.9998549222946167, 0.008070162497460842,
        0.01499988790601492, 5.386379139390048], [7.321269634985583e-08, 0.8806370496749878,
        -0.47379156947135925, -170.13474698822012], [0.0, 0.0, 0.0, 1.0]], [[-0.02578822709619999,
        0.24528561532497406, 0.9691078066825867, 347.9988076432915], [0.9996674060821533,
        0.006327617447823286, 0.02499987743794918, 8.97729856565008], [-3.3025226997551727e-08,
        0.9694302082061768, -0.24536722898483276, -88.1093709444528], [0.0, 0.0, 0.0,
        1.0]], [[-0.06365993618965149, 0.8336039781570435, -0.5486820936203003, -197.02729365894695],
      [-0.9979717135429382, -0.05317506939172745, 0.034999970346689224, 12.568217991910112],
      [-5.655778778645981e-08, 0.5497972369194031, 0.8352981805801392, 299.94884348644433],
      [0.0, 0.0, 0.0, 1.0]], [[-0.27138859033584595, -0.9491464495658875, -0.15959078073501587,
        -57.30777305265085], [-0.9624698162078857, 0.2676318287849426, 0.044999971985816956,
        16.159137418170143], [6.310499234274403e-09, 0.16581380367279053, -0.9861570000648499,
        -354.12105936326793], [0.0, 0.0, 0.0, 1.0]], [[-0.07003233581781387, -0.6175292134284973,
        0.7834240794181824, 281.321254858774], [0.9975448250770569, -0.04335347190499306,
        0.055000003427267075, 19.750056844430176], [-1.1420155487940065e-08, 0.785352349281311,
        0.619049072265625, 222.29554669008354], [0.0, 0.0, 0.0, 1.0]], [[-0.06517244130373001,
        0.07252946496009827, -0.9952346682548523, -357.38074890456073], [-0.9978740215301514,
        -0.00473715690895915, 0.065000019967556, 23.340976270690213], [-1.362774924018595e-07,
        0.997355043888092, 0.07268396764993668, 26.100237509704126], [0.0, 0.0, 0.0,
        1.0]], [[-0.10895230621099472, 0.721037745475769, 0.6842761635780334, 245.71806995501723],
      [0.9940469264984131, 0.07902928441762924, 0.07499998807907104, 26.931895696950246],
      [3.5555434152456655e-09, 0.6883740425109863, -0.7253557443618774, -260.46943458046366],
      [0.0, 0.0, 0.0, 1.0]], [[-0.9856030344963074, 0.16844618320465088, -0.014581338502466679,
        -5.236064917419403], [-0.1690761148929596, -0.9819309711456299, 0.08499981462955475,
        30.52281512321028], [2.6980643497154233e-08, 0.08624142408370972, 0.9962742924690247,
        357.7540560777075], [0.0, 0.0, 0.0, 1.0]], [[-0.1421288102865219, -0.7362449169158936,
        -0.6616210341453552, -237.58280732452184], [-0.9898479580879211, 0.10571522265672684,
        0.09499992430210114, 34.11373454947031], [7.044972250014325e-08, 0.66840660572052,
        -0.74379563331604, -267.0911567944622], [0.0, 0.0, 0.0, 1.0]], [[-0.10554435849189758,
        -0.10086432844400406, 0.989285945892334, 355.2446287441954], [0.9944145679473877,
        -0.010705443099141121, 0.10500004887580872, 37.704653975730345], [1.5685317933389342e-08,
        0.994842529296875, 0.10143090039491653, 36.42301574397427], [0.0, 0.0, 0.0,
        1.0]], [[-0.14279510080814362, 0.5867257714271545, -0.7970961928367615, -286.23083094451994],
      [-0.9897522330284119, -0.08464904874563217, 0.1149999126791954, 41.295573401990374],
      [-3.397738623789337e-08, 0.8053492307662964, 0.5928006768226624, 212.86993750439976],
      [0.0, 0.0, 0.0, 1.0]], [[-0.5555307269096375, 0.8101736307144165, 0.18709492683410645,
        67.18427898511948], [0.8314961194992065, 0.5412847399711609, 0.12500013411045074,
        44.88649282825041], [1.759899248554575e-07, 0.22501009702682495, -0.9743565917015076,
        -349.8835501674031], [0.0, 0.0, 0.0, 1.0]], [[-0.2515014111995697, -0.8166046738624573,
        0.5195228457450867, 186.55648370312048], [0.9678570032119751, -0.2121979147195816,
        0.13500000536441803, 48.47741225451044], [1.7139871744120683e-09, 0.5367764830589294,
        0.8437244892120361, 302.9746559505435], [0.0, 0.0, 0.0, 1.0]], [[-0.1506289392709732,
        -0.2677266001701355, -0.9516476988792419, -341.72903804743464], [-0.9885903000831604,
        0.0407928042113781, 0.1450001299381256, 52.06833168077048], [-5.372242384282799e-08,
        0.9626309275627136, -0.27081647515296936, -97.24801617551279], [0.0, 0.0,
        0.0, 1.0]], [[-0.1728387326002121, 0.435798704624176, 0.8832929134368896,
        317.18333561958855], [0.9849501848220825, 0.07647373527288437, 0.15499991178512573,
        55.65925110703051], [1.810451522032963e-08, 0.8967894315719604, -0.4424576461315155,
        -158.8829840805886], [0.0, 0.0, 0.0, 1.0]], [[-0.42457374930381775, 0.8342258930206299,
        -0.3518584370613098, -126.34956017000071], [-0.9053934216499329, -0.3912005126476288,
        0.1650000512599945, 59.25017053329046], [1.089712071689064e-07, 0.38862499594688416,
        0.921396017074585, 330.8658779559173], [0.0, 0.0, 0.0, 1.0]], [[-0.4349343478679657,
        -0.8243566155433655, -0.3623097240924835, -130.10249385626636], [-0.9004622101783752,
        0.3981744050979614, 0.17500004172325134, 62.841089959550494], [1.5276786058393554e-08,
        0.4023597240447998, -0.915481686592102, -328.7420900401901], [0.0, 0.0, 0.0,
        1.0]], [[-0.20485879480838776, -0.420401930809021, 0.8839091062545776, 317.4045964021154],
      [0.9787916541099548, -0.08798909187316895, 0.18500007688999176, 66.43200938581053],
      [-9.895254038383428e-08, 0.9030616283416748, 0.42951110005378723, 154.2340220920482],
      [0.0, 0.0, 0.0, 1.0]], [[-0.20311324298381805, 0.27397897839546204, -0.9400427341461182,
        -337.5617938226593], [-0.9791551828384399, -0.056833453476428986, 0.19499990344047546,
        70.02292881207056], [-5.550296222622819e-08, 0.960054874420166, 0.27981165051460266,
        100.47809736815667], [0.0, 0.0, 0.0, 1.0]], [[-0.3773500621318817, 0.7774947881698608,
        0.5030990242958069, 180.65880642680858], [0.9260706305503845, 0.3168092668056488,
        0.20500001311302185, 73.61384823833059], [1.7361827531203744e-08, 0.5432620644569397,
        -0.8395630717277527, -301.48038123052305], [0.0, 0.0, 0.0, 1.0]], [[-0.739490807056427,
        -0.6440869569778442, 0.19571660459041595, 70.28031840172484], [0.6731663942337036,
        -0.7075462341308594, 0.2149999886751175, 77.20476766459062], [-1.1935327393075568e-07,
        0.29074040055274963, 0.9568019509315491, 343.57986546671407], [0.0, 0.0, 0.0,
        1.0]], [[-0.2743023931980133, -0.550047755241394, -0.788800060749054, -283.2517594490761],
      [-0.961643397808075, 0.15689760446548462, 0.22499999403953552, 80.79568709085065],
      [6.677311148450826e-08, 0.8202624917030334, -0.5719871520996094, -205.39601012540797],
      [0.0, 0.0, 0.0, 1.0]], [[-0.23645581305027008, 0.10764997452497482, 0.9656603932380676,
        346.7608991265656], [0.9716421961784363, 0.026197636500000954, 0.2350001186132431,
        84.38660651711069], [-2.2666969812235038e-07, 0.9938436150550842, -0.11079180240631104,
        -39.78445345079805], [0.0, 0.0, 0.0, 1.0]], [[-0.35967350006103516, 0.6831270456314087,
        -0.6355884671211243, -228.23468268673307], [-0.9330783486366272, -0.2633248567581177,
        0.24500009417533875, 87.97752594337072], [1.1830390889144837e-08, 0.6811738014221191,
        0.7321218252182007, 262.899044894968], [0.0, 0.0, 0.0, 1.0]], [[-0.9949168562889099,
        -0.09733414649963379, -0.025809135288000107, -9.26785330915992], [-0.10069780051708221,
        0.9616833925247192, 0.25499996542930603, 91.56844536963075], [1.0751133316944106e-08,
        0.25630274415016174, -0.9665963649749756, -347.0970324945828], [0.0, 0.0,
        0.0, 1.0]], [[-0.36775752902030945, -0.6447781920433044, 0.6700863242149353,
        240.62257033967012], [0.9299218058586121, -0.254991352558136, 0.26499998569488525,
        95.15936479589078], [-3.380796087526505e-08, 0.7205835580825806, 0.693368136882782,
        248.98292550632803], [0.0, 0.0, 0.0, 1.0]], [[-0.2754710614681244, -0.05619893595576286,
        -0.9596651196479797, -344.60804704280065], [-0.9613092541694641, 0.01610431633889675,
        0.2750000059604645, 98.75028422215082], [-4.4492281858765637e-08, 0.9982895851135254,
        -0.058460719883441925, -20.992821113607402], [0.0, 0.0, 0.0, 1.0]], [[-0.35736119747161865,
        0.5634633302688599, 0.7448504567146301, 267.4698103166929], [0.933966338634491,
        0.21559637784957886, 0.2850002944469452, 102.34120364841085], [1.1629726515138827e-07,
        0.7975132465362549, -0.6033015847206116, -216.64072069641804], [0.0, 0.0,
        0.0, 1.0]], [[-0.9019317626953125, 0.4081250727176666, -0.14125730097293854,
        -50.72434260977065], [-0.43187928199768066, -0.8523237705230713, 0.2950000464916229,
        105.93212307467088], [-1.3082049221679881e-08, 0.32707592844963074, 0.9449980854988098,
        339.341199424143], [0.0, 0.0, 0.0, 1.0]], [[-0.4970720708370209, -0.6851627230644226,
        -0.5324201583862305, -191.18778590293388], [-0.8677091598510742, 0.3924994468688965,
        0.3049998879432678, 109.52304250093091], [1.9163511666420163e-08, 0.613592803478241,
        -0.7896224856376648, -283.54709827785183], [0.0, 0.0, 0.0, 1.0]], [[-0.3230492174625397,
