{cam2Pos: [[[0.9953281283378601, -0.09612084180116653, 0.009094340726733208, 2.7283320954356314],
      [0.0965501070022583, 0.9909027814865112, -0.09375341236591339, -28.12617635763001],
      [5.02154264836463e-08, 0.0941934734582901, 0.9955539107322693, 298.66615879184656],
      [0.0, 0.0, 0.0, 1.0]], [[-0.9857158660888672, -0.16782155632972717, 0.014143317937850952,
        4.243042858327112], [0.16841647028923035, -0.9822338819503784, 0.08277913182973862,
        24.833873377200526], [-7.607519592056633e-08, 0.08397867530584335, 0.9964675307273865,
        298.9402537638375], [0.0, 0.0, 0.0, 1.0]], [[-0.399006187915802, -0.30273401737213135,
        0.8655321002006531, 259.6596678685793], [0.9169480800628662, -0.13173341751098633,
        0.37663283944129944, 112.98986552595221], [2.280355104744558e-08, 0.943926990032196,
        0.33015403151512146, 99.04618705839384], [0.0, 0.0, 0.0, 1.0]]]}
