{cam2Pos: [[[-0.8506506085395813, -1.4466264985912858e-07, -0.525731086730957, -118.58263428496693],
      [-0.525731086730957, 1.526593251810482e-07, 0.8506507277488708, 191.87073274857508],
      [-9.859336103090754e-08, 0.9999998807907104, -9.511339271739416e-09, 0.0], [
        0.0, 0.0, 0.0, 1.0]], [[1.2774138954266464e-07, -0.8506508152016601, -0.5257310609643527,
        -118.58263428496693], [-1.9154193691973692e-08, -0.525730874286672, 0.8506507436735081,
        191.87073274857508], [-0.9999998166820162, -4.279964290516005e-08, -2.0779120757374873e-08,
        0.0], [0.0, 0.0, 0.0, 1.0]], [[0.8506506962853162, -7.184754772774998e-08,
        -0.5257310513794052, -118.58263428496693], [0.5257309447553751, 1.976615331925351e-07,
        0.8506507495973314, 191.87073274857508], [9.859336090844285e-08, -0.99999988079071,
        9.511339271739408e-09, 0.0], [0.0, 0.0, 0.0, 1.0]], [[-3.9995654697951613e-08,
        0.8506505986914625, -0.5257310771460096, -118.58263428496693], [-1.2282138815461363e-07,
        0.5257312246075305, 0.8506507336726942, 191.87073274857508], [0.9999998166820162,
        4.279964323822692e-08, 2.077912075737487e-08, 0.0], [0.0, 0.0, 0.0, 1.0]],
    [[-0.8506506085395813, 1.4466264985912858e-07, 0.525731086730957, 118.58263428496693],
      [0.525731086730957, 1.526593251810482e-07, 0.8506507277488708, 191.87073274857508],
      [9.859336103090754e-08, 0.9999998807907104, -9.511339271739416e-09, 0.0], [
        0.0, 0.0, 0.0, 1.0]], [[-3.999565497550737e-08, -0.8506505986914625, 0.5257310771460096,
        118.58263428496693], [1.2282138837665823e-07, 0.5257312246075305, 0.8506507336726942,
        191.87073274857508], [-0.9999998166820162, 4.279964357129379e-08, 2.0779120757374866e-08,
        0.0], [0.0, 0.0, 0.0, 1.0]], [[0.8506506962853162, 7.184754751940065e-08,
        0.5257310513794052, 118.58263428496693], [-0.5257309447553751, 1.9766153332130206e-07,
        0.8506507495973314, 191.87073274857508], [-9.859336115337216e-08, -0.99999988079071,
        9.511339271739415e-09, 0.0], [0.0, 0.0, 0.0, 1.0]], [[1.277413898202204e-07,
        0.8506508152016601, 0.5257310609643527, 118.58263428496693], [1.9154193469929087e-08,
        -0.525730874286672, 0.8506507436735081, 191.87073274857508], [0.9999998166820162,
        -4.279964323822692e-08, -2.077912075737487e-08, 0.0], [0.0, 0.0, 0.0, 1.0]],
    [[0.8506508469581604, 2.027133483295529e-08, -0.5257310271263123, -118.58263428496693],
      [-0.5257310271263123, 3.6557956661908975e-08, -0.8506507873535156, -191.87073274857508],
      [-2.027133483295529e-08, 0.9999999403953552, 4.807527886896423e-08, 0.0], [
        0.0, 0.0, 0.0, 1.0]], [[3.1436587420536515e-08, 0.850650779601375, -0.5257310383415952,
        -118.58263428496693], [8.942383650950736e-08, -0.5257310452639149, -0.8506507804220895,
        -191.87073274857508], [-0.999999988156957, 1.9758281837071017e-09, -6.12596346982741e-08,
        0.0], [0.0, 0.0, 0.0, 1.0]], [[-0.8506507495973311, 2.363281405375311e-08,
        -0.5257311313474278, -118.58263428496693], [0.5257311846594426, 3.448044825097941e-08,
        -0.8506507229413238, -191.87073274857508], [2.02713347104906e-08, -0.9999999403953548,
        -4.807527886896422e-08, 0.0], [0.0, 0.0, 0.0, 1.0]], [[6.592424186703733e-08,
        -0.8506507356972263, -0.5257311201321448, -118.58263428496693], [6.810929391981413e-08,
        0.5257311163023198, -0.85065072987275, -191.87073274857508], [0.999999988156957,
        -1.975827850640214e-09, 6.125963469827411e-08, 0.0], [0.0, 0.0, 0.0, 1.0]],
    [[0.8506508469581604, -2.027133483295529e-08, 0.5257310271263123, 118.58263428496693],
      [0.5257310271263123, 3.6557956661908975e-08, -0.8506507873535156, -191.87073274857508],
      [2.027133483295529e-08, 0.9999999403953552, 4.807527886896423e-08, 0.0], [0.0,
        0.0, 0.0, 1.0]], [[6.592424214459308e-08, 0.8506507356972263, 0.5257311201321448,
        118.58263428496693], [-6.810929369776952e-08, 0.5257311163023198, -0.8506507298727499,
        -191.87073274857508], [-0.999999988156957, -1.9758275175733266e-09, 6.125963469827413e-08,
        0.0], [0.0, 0.0, 0.0, 1.0]], [[-0.8506507495973311, -2.3632813845403763e-08,
        0.5257311313474278, 118.58263428496693], [-0.5257311846594426, 3.448044837974639e-08,
        -0.8506507229413238, -191.87073274857508], [-2.027133495541996e-08, -0.9999999403953548,
        -4.8075278868964207e-08, 0.0], [0.0, 0.0, 0.0, 1.0]], [[3.143658714298076e-08,
        -0.850650779601375, 0.5257310383415952, 118.58263428496693], [-8.942383673155196e-08,
        -0.5257310452639149, -0.8506507804220896, -191.87073274857508], [0.999999988156957,
        1.975827850640214e-09, -6.125963469827411e-08, 0.0], [0.0, 0.0, 0.0, 1.0]],
    [[1.0, 0.0, 0.0, 0.0], [0.0, 0.8506507873535156, -0.5257311463356018, -118.58263428496693],
      [0.0, 0.5257311463356018, 0.8506507873535156, 191.87073274857508], [0.0, 0.0,
        0.0, 1.0]], [[3.3306690738754696e-16, 1.0000000001262501, -4.014584387146414e-08,
        0.0], [-0.8506508083520399, -2.110591884596502e-08, -0.5257311121855073, -118.58263428496693],
      [-0.5257311121191336, 3.415009469653896e-08, 0.8506508084594347, 191.87073274857508],
      [0.0, 0.0, 0.0, 1.0]], [[-0.9999999999999996, 1.224646799301965e-16, -4.916447919582827e-24,
        0.0], [-1.0417467896404342e-16, -0.8506508295653536, -0.5257310780354127,
        -118.58263428496693], [-6.438349236688752e-17, -0.5257310780354125, 0.8506508295653539,
        191.87073274857508], [0.0, 0.0, 0.0, 1.0]], [[0.0, -1.0000000001262501, 4.014584387146414e-08,
        0.0], [0.8506508083520399, -2.1105919123520778e-08, -0.5257311121855073, -118.58263428496693],
      [0.5257311121191336, 3.415009447449435e-08, 0.8506508084594349, 191.87073274857508],
      [0.0, 0.0, 0.0, 1.0]], [[-1.0, -8.742278367890322e-08, -4.000553127024532e-15,
        0.0], [7.436626248136236e-08, -0.8506509065628052, 0.525731086730957, 118.58263428496693],
      [-4.596087421759876e-08, 0.525731086730957, 0.8506508469581604, 191.87073274857508],
      [0.0, 0.0, 0.0, 1.0]], [[8.742278247720976e-08, -1.0000000701957124, -4.1892911584184844e-08,
        0.0], [0.8506508083520415, 3.586753569151391e-08, 0.5257311223671995, 118.58263428496693],
      [-0.5257311121191309, -1.082531237428519e-07, 0.8506508249337513, 191.87073274857508],
      [0.0, 0.0, 0.0, 1.0]], [[0.9999999999999996, 8.742278355643849e-08, 4.000553121894128e-15,
        0.0], [-7.436625914635629e-08, 0.8506508295653536, 0.5257311580034353, 118.58263428496693],
      [4.5960879380810206e-08, -0.5257312113154501, 0.8506508029093465, 191.87073274857508],
      [0.0, 0.0, 0.0, 1.0]], [[-8.742278281027667e-08, 1.0000000701957124, 4.1892911584184844e-08,
        0.0], [-0.8506508083520382, -1.1286498721729821e-07, 0.5257311223671928, 118.58263428496693],
      [0.5257311121191363, -1.63313693679612e-08, 0.8506508249337555, 191.87073274857508],
      [0.0, 0.0, 0.0, 1.0]], [[1.0, 0.0, 0.0, 0.0], [0.0, -0.8506506681442261, -0.5257312059402466,
        -118.58263428496693], [0.0, 0.5257312059402466, -0.8506506681442261, -191.87073274857508],
      [0.0, 0.0, 0.0, 1.0]], [[3.3306690738754696e-16, 0.9999999300567878, 1.5352061549789298e-07,
        0.0], [0.8506508083520399, 8.071056364911122e-08, -0.5257310753478109, -118.58263428496693],
      [-0.5257311121191336, 1.3059243580970659e-07, -0.8506507488547901, -191.87073274857508],
      [0.0, 0.0, 0.0, 1.0]], [[-0.9999999999999996, 1.2246467134916223e-16, 1.8800853033573756e-23,
        0.0], [1.0417467896404342e-16, 0.8506508295653536, -0.5257309447553753, -118.58263428496693],
      [-6.438349236688752e-17, -0.5257309447553751, -0.8506508295653539, -191.87073274857508],
      [0.0, 0.0, 0.0, 1.0]], [[0.0, -0.9999999300567878, -1.5352061549789298e-07,
        0.0], [-0.8506508083520399, 8.071056392666698e-08, -0.5257310753478109, -118.58263428496693],
      [0.5257311121191336, 1.3059243564317313e-07, -0.8506507488547901, -191.87073274857508],
      [0.0, 0.0, 0.0, 1.0]], [[-0.9999997615814209, -8.74227694680485e-08, 1.294825300446464e-14,
        0.0], [-7.436624827050764e-08, 0.8506509065628052, 0.5257309079170227, 118.58263428496693],
      [-4.596087066488508e-08, 0.5257309079170227, -0.8506506681442261, -191.87073274857508],
      [0.0, 0.0, 0.0, 1.0]], [[8.742276852096268e-08, -0.9999999761876639, 9.999308081543035e-08,
        0.0], [-0.8506506055410821, 4.410049889158607e-08, 0.5257309929762288, 118.58263428496693],
      [-0.52573098677507, -2.376440946805225e-07, -0.8506506155747457, -191.87073274857508],
      [0.0, 0.0, 0.0, 1.0]], [[0.9999997615814205, 8.742276934558379e-08, -1.2948252992219014e-14,
        0.0], [7.436624961342516e-08, -0.8506506696293086, 0.5257310780354127, 118.58263428496693],
      [4.596086825905721e-08, -0.5257312912834726, -0.8506505630052789, -191.87073274857508],
      [0.0, 0.0, 0.0, 1.0]], [[-8.742276885402951e-08, 0.9999999761876639, -9.999308081543035e-08,
        0.0], [0.8506506055410836, 1.928329976530474e-07, 0.5257309929762067, 118.58263428496693],
      [0.5257309867750676, -1.4572235518262033e-07, -0.8506506155747593, -191.87073274857508],
      [0.0, 0.0, 0.0, 1.0]], [[4.000029321105103e-07, 0.5257310271263123, 0.8506506085395813,
        191.87073274857508], [0.9999997615814209, 2.527550577724469e-07, -2.2510788255658554e-07,
        0.0], [-1.430118174994277e-07, 0.8506506085395813, -0.5257307887077332, -118.58263428496693],
      [0.0, 0.0, 0.0, 1.0]], [[-0.525730633373399, -1.0502373271048526e-07, 0.8506506374786289,
        191.87073274857508], [8.86408685226571e-08, 0.9999997853460001, 1.700625431588776e-07,
        0.0], [-0.8506508239553265, -2.3222315398419013e-07, -0.5257307418833708,
        -118.58263428496693], [0.0, 0.0, 0.0, 1.0]], [[3.0680040762108915e-07, -0.5257309714113826,
        0.8506504297252414, 191.87073274857508], [-0.9999997615814205, -2.527550576499821e-07,
        2.2510788255658546e-07, 0.0], [-2.9381666996060557e-07, -0.8506506429733012,
        -0.5257310780354127, -118.58263428496693], [0.0, 0.0, 0.0, 1.0]], [[0.5257313401767386,
        1.6073866226928857e-07, 0.8506504007861938, 191.87073274857508], [-8.864086818959028e-08,
        -0.9999997853460001, -1.700625431588776e-07, 0.0], [0.8506503871268392, 1.9778943416426387e-07,
        -0.5257311248597752, -118.58263428496693], [0.0, 0.0, 0.0, 1.0]], [[3.179068812642072e-07,
        -0.5257310271263123, 0.8506507873535156, 191.87073274857508], [0.9999999403953552,
        1.537147227281821e-07, -2.2934396781693067e-07, 0.0], [6.515180928090558e-08,
        0.8506507873535156, 0.525731086730957, 118.58263428496693], [0.0, 0.0, 0.0,
        1.0]], [[0.5257313399594726, 1.3292316969337747e-07, 0.850650661230168, 191.87073274857508],
      [-1.1171209867388983e-07, 0.9999999374542179, -1.0556895413404987e-08, 0.0],
      [-0.8506505974695041, -9.85514569951107e-08, 0.5257312908028202, 118.58263428496693],
      [0.0, 0.0, 0.0, 1.0]], [[2.0044582923241042e-07, 0.5257311313474275, 0.8506507762533388,
        191.87073274857508], [-0.9999999403953548, -1.5371472260571736e-07, 2.2934396781693057e-07,
        0.0], [2.552077838226726e-07, -0.8506507229413236, 0.5257311046914203, 118.58263428496693],
      [0.0, 0.0, 0.0, 1.0]], [[-0.5257308216067621, -2.870205428884276e-08, 0.8506509023766866,
        191.87073274857508], [1.1171209900695671e-07, -0.9999999374542179, 1.0556895413404987e-08,
        0.0], [0.8506509178290972, 1.629636490196873e-07, 0.5257309006195571, 118.58263428496693],
      [0.0, 0.0, 0.0, 1.0]], [[4.000029321105103e-07, -0.5257310271263123, -0.8506506085395813,
        -191.87073274857508], [-0.9999997615814209, 2.527550577724469e-07, -2.2510788255658554e-07,
        0.0], [1.430118174994277e-07, 0.8506506085395813, -0.5257307887077332, -118.58263428496693],
      [0.0, 0.0, 0.0, 1.0]], [[0.5257313401767386, -1.6073866249133317e-07, -0.8506504007861939,
        -191.87073274857508], [8.864086785652345e-08, -0.9999997853460001, -1.700625431588776e-07,
        0.0], [-0.8506503871268392, 1.9778943444181962e-07, -0.5257311248597752, -118.58263428496693],
      [0.0, 0.0, 0.0, 1.0]], [[3.068004077498561e-07, 0.5257309714113826, -0.8506504297252414,
        -191.87073274857508], [0.9999997615814205, -2.5275505789491144e-07, 2.251078825565854e-07,
        0.0], [2.938166697522562e-07, -0.8506506429733012, -0.5257310780354127, -118.58263428496693],
      [0.0, 0.0, 0.0, 1.0]], [[-0.525730633373399, 1.0502373293252987e-07, -0.8506506374786288,
        -191.87073274857508], [-8.864086818959028e-08, 0.9999997853460001, 1.700625431588776e-07,
        0.0], [0.8506508239553265, -2.322231542617459e-07, -0.5257307418833708, -118.58263428496693],
      [0.0, 0.0, 0.0, 1.0]], [[3.179068812642072e-07, 0.5257310271263123, -0.8506507873535156,
        -191.87073274857508], [-0.9999999403953552, 1.537147227281821e-07, -2.2934396781693067e-07,
        0.0], [-6.515180928090558e-08, 0.8506507873535156, 0.525731086730957, 118.58263428496693],
      [0.0, 0.0, 0.0, 1.0]], [[-0.5257308216067621, 2.8702054510887365e-08, -0.8506509023766865,
        -191.87073274857508], [-1.1171209934002359e-07, -0.9999999374542179, 1.0556895413404987e-08,
        0.0], [-0.8506509178290972, 1.6296364929724305e-07, 0.525730900619557, 118.58263428496693],
      [0.0, 0.0, 0.0, 1.0]], [[2.0044582910364346e-07, -0.5257311313474275, -0.8506507762533388,
        -191.87073274857508], [0.9999999403953548, -1.5371472285064668e-07, 2.2934396781693057e-07,
        0.0], [-2.55207784031022e-07, -0.8506507229413236, 0.5257311046914203, 118.58263428496693],
      [0.0, 0.0, 0.0, 1.0]], [[0.5257313399594726, -1.3292316991542208e-07, -0.8506506612301681,
        -191.87073274857508], [1.1171209900695671e-07, 0.9999999374542179, -1.0556895413404987e-08,
        0.0], [0.8506505974695041, -9.855145727266645e-08, 0.5257312908028203, 118.58263428496693],
      [0.0, 0.0, 0.0, 1.0]], [[0.7071067690849304, -0.40824830532073975, -0.5773503184318542,
        -130.22572613151024], [-0.7071068286895752, -0.40824854373931885, -0.5773503184318542,
        -130.22572613151024], [-5.510644740525095e-08, 0.8164966702461243, -0.5773504972457886,
        -130.22572613151024], [0.0, 0.0, 0.0, 1.0]], [[0.40824824783699604, 0.7071069193785564,
        -0.5773504812747722, -130.22572613151024], [0.4082482770556824, -0.7071069009368154,
        -0.577350274798226, -130.22572613151024], [-0.8164966396037707, -1.9725567540485045e-07,
        -0.577350378036499, -130.22572613151024], [0.0, 0.0, 0.0, 1.0]], [[-0.7071068455589917,
        0.4082481861114503, -0.5773504376411438, -130.22572613151024], [0.7071067522155137,
        0.4082484245300291, -0.5773504376411438, -130.22572613151024], [-2.1367614233547275e-08,
        -0.8164967894554137, -0.5773502588272095, -130.22572613151024], [0.0, 0.0,
        0.0, 1.0]], [[-0.40824832431105734, -0.7071070385878462, -0.5773502747982259,
        -130.22572613151024], [-0.408248353529744, 0.7071067817275257, -0.5773504812747721,
        -130.22572613151024], [0.8164965631297092, 7.80463859650915e-08, -0.577350378036499,
        -130.22572613151024], [0.0, 0.0, 0.0, 1.0]], [[-0.3568219244480133, -6.942909891449744e-08,
        -0.9341723322868347, -210.7096510904189], [-0.9341723322868347, 8.1983486666104e-09,
        0.3568219840526581, 80.4839249589087], [-6.942909891449744e-08, 0.9999999403953552,
        8.1983486666104e-09, 0.0], [0.0, 0.0, 0.0, 1.0]], [[1.601574324993161e-07,
        -0.3568221318268659, -0.9341723033684691, -210.7096510904189], [1.314681271078035e-08,
        -0.9341722790948409, 0.3568220597619218, 80.4839249589087], [-0.99999991608849,
        -1.7115165341224987e-08, -8.924256172937461e-08, 0.0], [0.0, 0.0, 0.0, 1.0]],
    [[0.3568221952152061, -5.7214960751229405e-08, -0.9341722685994, -210.7096510904189],
      [0.9341722288629701, 4.0175377521333326e-08, 0.3568221507885269, 80.4839249589087],
      [6.942909879203277e-08, -0.9999999403953552, -8.198348666610412e-09, 0.0], [
        0.0, 0.0, 0.0, 1.0]], [[1.1060976027887129e-07, 0.3568220051828063, -0.9341722975177655,
        -210.7096510904189], [-1.1657067716949856e-07, 0.9341723274685673, 0.35682207507926317,
        80.4839249589087], [0.99999991608849, 1.711516523020269e-08, 8.924256172937461e-08,
        0.0], [0.0, 0.0, 0.0, 1.0]], [[0.35682213306427, 0.0, -0.9341722726821899,
        -210.7096510904189], [-0.9341722726821899, 1.0380226456163655e-07, -0.35682201385498047,
        -80.4839249589087], [0.0, 0.9999998807907104, 1.0380226456163655e-07, 0.0],
      [0.0, 0.0, 0.0, 1.0]], [[6.653943546153229e-08, 0.3568220818373371, -0.9341722213226219,
        -210.7096510904189], [2.5415802643036223e-08, -0.9341722343843801, -0.3568221483160753,
        -80.4839249589087], [-0.9999999348463671, 9.696920646223821e-08, 4.013380200396101e-08,
        0.0], [0.0, 0.0, 0.0, 1.0]], [[-0.3568219999853992, 6.920150975145582e-08,
        -0.9341722440409358, -210.7096510904189], [0.9341723235137955, -7.7369640040482e-08,
        -0.35682208883875755, -80.4839249589087], [-1.2246467193571652e-16, -0.9999998807907104,
        -1.0380226456163655e-07, 0.0], [0.0, 0.0, 0.0, 1.0]], [[6.653943540602114e-08,
        -0.35682201263582736, -0.9341722954005037, -210.7096510904189], [2.5415803003858706e-08,
        0.9341722608170047, -0.35682195437766256, -80.4839249589087], [0.9999999348463671,
        -9.69692065732605e-08, -4.0133802003961014e-08, 0.0], [0.0, 0.0, 0.0, 1.0]],
    [[-0.3568219244480133, 6.942909891449744e-08, 0.9341723322868347, 210.7096510904189],
      [0.9341723322868347, 8.1983486666104e-09, 0.3568219840526581, 80.4839249589087],
      [6.942909891449744e-08, 0.9999999403953552, 8.1983486666104e-09, 0.0], [0.0,
        0.0, 0.0, 1.0]], [[1.1060976016784899e-07, -0.3568220051828063, 0.9341722975177654,
        210.7096510904189], [1.1657067751644325e-07, 0.9341723274685673, 0.35682207507926317,
        80.4839249589087], [-0.99999991608849, 1.711516556326958e-08, 8.924256172937461e-08,
        0.0], [0.0, 0.0, 0.0, 1.0]], [[0.3568221952152061, 5.721496066383321e-08,
        0.9341722685994, 210.7096510904189], [-0.9341722288629701, 4.0175377750139557e-08,
        0.3568221507885269, 80.4839249589087], [-6.942909903696212e-08, -0.9999999403953552,
        -8.198348666610388e-09, 0.0], [0.0, 0.0, 0.0, 1.0]], [[1.601574326103384e-07,
        0.3568221318268659, 0.9341723033684692, 210.7096510904189], [-1.3146813057725046e-08,
        -0.9341722790948409, 0.3568220597619218, 80.4839249589087], [0.99999991608849,
        -1.7115165674291875e-08, -8.924256172937461e-08, 0.0], [0.0, 0.0, 0.0, 1.0]],
    [[0.7071067690849304, 0.40824830532073975, 0.5773503184318542, 130.22572613151024],
      [0.7071068286895752, -0.40824854373931885, -0.5773503184318542, -130.22572613151024],
      [5.510644740525095e-08, 0.8164966702461243, -0.5773504972457886, -130.22572613151024],
      [0.0, 0.0, 0.0, 1.0]], [[-0.40824832431105723, 0.7071070385878462, 0.577350274798226,
        130.22572613151024], [0.4082483535297442, 0.7071067817275256, -0.5773504812747722,
        -130.22572613151024], [-0.8164965631297092, 7.804638624264726e-08, -0.577350378036499,
        -130.22572613151024], [0.0, 0.0, 0.0, 1.0]], [[-0.7071068455589918, -0.40824818611145,
        0.5773504376411438, 130.22572613151024], [-0.7071067522155136, 0.4082484245300294,
        -0.5773504376411438, -130.22572613151024], [2.1367613900480368e-08, -0.8164967894554138,
        -0.5773502588272095, -130.22572613151024], [0.0, 0.0, 0.0, 1.0]], [[0.40824824783699576,
        -0.7071069193785566, 0.5773504812747721, 130.22572613151024], [-0.4082482770556827,
        -0.7071069009368152, -0.5773502747982259, -130.22572613151024], [0.8164966396037706,
        -1.972556756824062e-07, -0.577350378036499, -130.22572613151024], [0.0, 0.0,
        0.0, 1.0]], [[0.35682213306427, 0.0, 0.9341722726821899, 210.7096510904189],
      [0.9341722726821899, 1.0380226456163655e-07, -0.35682201385498047, -80.4839249589087],
      [0.0, 0.9999998807907104, 1.0380226456163655e-07, 0.0], [0.0, 0.0, 0.0, 1.0]],
    [[6.653943546153229e-08, 0.35682201263582736, 0.9341722954005037, 210.7096510904189],
      [-2.5415802643036223e-08, 0.9341722608170047, -0.3568219543776626, -80.4839249589087],
      [-0.9999999348463671, -9.696920624019363e-08, -4.013380200396098e-08, 0.0],
      [0.0, 0.0, 0.0, 1.0]], [[-0.3568219999853992, -6.920150966405962e-08, 0.9341722440409358,
        210.7096510904189], [-0.9341723235137955, -7.736963981167579e-08, -0.35682208883875755,
        -80.4839249589087], [-1.2246467193571652e-16, -0.9999998807907104, -1.0380226456163655e-07,
        0.0], [0.0, 0.0, 0.0, 1.0]], [[6.653943540602114e-08, -0.3568220818373371,
        0.9341722213226219, 210.7096510904189], [-2.5415803003858706e-08, -0.9341722343843801,
        -0.3568221483160752, -80.4839249589087], [0.9999999348463671, 9.696920612917134e-08,
        4.0133802003960975e-08, 0.0], [0.0, 0.0, 0.0, 1.0]], [[1.0, 0.0, 0.0, 0.0],
      [0.0, -0.35682201385498047, -0.9341723322868347, -210.7096510904189], [0.0,
        0.9341723322868347, -0.35682201385498047, -80.4839249589087], [0.0, 0.0, 0.0,
        1.0]], [[1.1102230246251565e-16, 0.9999999479908709, 6.140205593974102e-08,
        0.0], [0.35682208977309005, 5.736010338930342e-08, -0.9341723103772248, -210.7096510904189],
      [-0.9341723589627157, 2.190961001513614e-08, -0.3568220712150839, -80.4839249589087],
      [0.0, 0.0, 0.0, 1.0]], [[-1.0, 1.2246467354545396e-16, 7.51958311933218e-24,
        0.0], [4.3698103010568425e-17, 0.35682212857518736, -0.9341722884676149, -210.7096510904189],
      [-1.144031189255622e-16, -0.9341722884676149, -0.35682212857518736, -80.4839249589087],
      [0.0, 0.0, 0.0, 1.0]], [[-2.220446049250313e-16, -0.9999999479908709, -6.140205593974102e-08,
        0.0], [-0.35682208977309005, 5.736010350032572e-08, -0.9341723103772248, -210.7096510904189],
      [0.9341723589627157, 2.1909609668191443e-08, -0.35682207121508386, -80.4839249589087],
      [0.0, 0.0, 0.0, 1.0]], [[-4.533604780476708e-08, -0.934172511100769, -0.35682210326194763,
        -80.4839249589087], [-1.0000001192092896, -2.1112580839144357e-07, 2.6154738819172962e-08,
        0.0], [-5.6740141474165284e-08, 0.35682210326194763, -0.9341726303100586,
        -210.7096510904189], [0.0, 0.0, 0.0, 1.0]], [[0.934172445639082, 1.8235365840946205e-07,
        -0.3568222063726668, -80.4839249589087], [-2.2105546980015585e-08, -1.0000001469362867,
        8.422180802769574e-08, 0.0], [-0.35682219693748674, -1.1427560736576581e-07,
        -0.9341725909252685, -210.7096510904189], [0.0, 0.0, 0.0, 1.0]], [[-4.035265960827302e-09,
        0.9341724813522972, -0.35682226061731787, -80.4839249589087], [1.0000001192092896,
        2.1112580826897888e-07, -2.6154738819172952e-08, 0.0], [-7.251563637660573e-08,
        -0.35682218114445813, -0.9341725702056556, -210.7096510904189], [0.0, 0.0,
        0.0, 1.0]], [[-0.9341724950103959, -2.1210213015099288e-07, -0.3568221575065986,
        -80.4839249589087], [2.21055470910379e-08, 1.0000001469362867, -8.422180802769574e-08,
        0.0], [0.356822067681709, 3.639309681391367e-08, -0.9341726095904457, -210.7096510904189],
      [0.0, 0.0, 0.0, 1.0]]]}
