{cam2Pos: [[[-0.8506506085395813, 3.7779358308398514e-08, -0.525731086730957, -132.21656409773172],
      [-0.525731086730957, 2.1024594332175184e-07, 0.8506507277488708, 213.93089458585902],
      [8.384864713661955e-08, 0.9999998807907104, 4.807527886896423e-08, 0.0], [0.0,
        0.0, 0.0, 1.0]], [[-2.745305193261156e-08, -0.8506507905294478, -0.5257311099504559,
        -132.21656409773172], [-1.1506963343211346e-07, -0.5257309142071501, 0.8506507133984315,
        213.93089458585902], [-0.9999998166820163, 1.4266987539616378e-07, -2.0779120812886014e-08,
        0.0], [0.0, 0.0, 0.0, 1.0]], [[0.8506506962853166, -2.0494513127335681e-07,
        -0.5257310513794052, -132.21656409773172], [0.5257309447553753, 6.02339588582573e-08,
        0.8506507495973314, 213.93089458585902], [-8.38486472590842e-08, -0.9999998807907104,
        -4.807527886896423e-08, 0.0], [0.0, 0.0, 0.0, 1.0]], [[1.1519878727692496e-07,
        0.850650623363675, -0.5257310281599064, -132.21656409773172], [-2.6905948247940407e-08,
        0.5257311846870524, 0.850650763947771, 213.93089458585902], [0.9999998166820163,
        -1.4266987550718606e-07, 2.077912081288601e-08, 0.0], [0.0, 0.0, 0.0, 1.0]],
    [[-0.8506506085395813, -3.7779358308398514e-08, 0.525731086730957, 132.21656409773172],
      [0.525731086730957, 2.1024594332175184e-07, 0.8506507277488708, 213.93089458585902],
      [-8.384864713661955e-08, 0.9999998807907104, 4.807527886896423e-08, 0.0], [
        0.0, 0.0, 0.0, 1.0]], [[1.151987869993692e-07, -0.850650623363675, 0.5257310281599062,
        132.21656409773172], [2.690594841447386e-08, 0.5257311846870524, 0.8506507639477711,
        213.93089458585902], [-0.9999998166820163, -1.4266987517411918e-07, 2.0779120812886027e-08,
        0.0], [0.0, 0.0, 0.0, 1.0]], [[0.8506506962853166, 2.0494513106500746e-07,
        0.5257310513794052, 132.21656409773172], [-0.5257309447553753, 6.023395898702428e-08,
        0.8506507495973314, 213.93089458585902], [8.384864701415489e-08, -0.9999998807907104,
        -4.807527886896423e-08, 0.0], [0.0, 0.0, 0.0, 1.0]], [[-2.7453051655055802e-08,
        0.8506507905294478, 0.525731109950456, 132.21656409773172], [1.1506963326558001e-07,
        -0.5257309142071501, 0.8506507133984313, 213.93089458585902], [0.9999998166820163,
        1.426698750630969e-07, -2.077912081288603e-08, 0.0], [0.0, 0.0, 0.0, 1.0]],
    [[0.8506507873535156, 1.676972942732391e-07, -0.525731086730957, -132.21656409773172],
      [-0.525731086730957, 1.526593251810482e-07, -0.8506507873535156, -213.93089458585902],
      [-7.555871661679703e-08, 1.0, 2.2176327263423445e-07, 0.0], [0.0, 0.0, 0.0,
        1.0]], [[-5.87239949792485e-08, 0.8506509229737579, -0.5257309070680816, -132.21656409773172],
      [4.8703799675618515e-08, -0.5257309266572983, -0.8506508983912792, -213.93089458585902],
      [-0.9999999687902341, -6.239408201816955e-08, -1.0556895357893811e-08, 0.0],
      [0.0, 0.0, 0.0, 1.0]], [[-0.8506507762533391, 6.154614157825255e-08, -0.5257311046914203,
        -132.21656409773172], [0.5257311046914203, 2.1826434549152987e-07, -0.8506507762533391,
        -213.93089458585902], [7.555871649433236e-08, -1.0, -2.2176327263423445e-07,
        0.0], [0.0, 0.0, 0.0, 1.0]], [[6.982417147943796e-08, -0.8506506937303221,
        -0.5257312843542958, -132.21656409773172], [-3.074333633682321e-08, 0.5257312975809689,
        -0.8506506652155754, -213.93089458585902], [0.9999999687902341, 6.239408190714724e-08,
        1.0556895357893787e-08, 0.0], [0.0, 0.0, 0.0, 1.0]], [[0.8506507873535156,
        -1.676972942732391e-07, 0.525731086730957, 132.21656409773172], [0.525731086730957,
        1.526593251810482e-07, -0.8506507873535156, -213.93089458585902], [7.555871661679703e-08,
        1.0, 2.2176327263423445e-07, 0.0], [0.0, 0.0, 0.0, 1.0]], [[6.982417175699372e-08,
        0.8506506937303221, 0.5257312843542958, 132.21656409773172], [3.074333655886781e-08,
        0.5257312975809689, -0.8506506652155753, -213.93089458585902], [-0.9999999687902341,
        6.239408224021415e-08, 1.0556895357893861e-08, 0.0], [0.0, 0.0, 0.0, 1.0]],
    [[-0.8506507762533391, -6.15461413699032e-08, 0.5257311046914203, 132.21656409773172],
      [-0.5257311046914203, 2.1826434562029687e-07, -0.8506507762533391, -213.93089458585902],
      [-7.55587167392617e-08, -1.0, -2.2176327263423445e-07, 0.0], [0.0, 0.0, 0.0,
        1.0]], [[-5.8723995256804255e-08, -0.8506509229737579, 0.5257309070680816,
        132.21656409773172], [-4.870379989766312e-08, -0.5257309266572983, -0.8506508983912793,
        -213.93089458585902], [0.9999999687902341, -6.239408235123645e-08, -1.0556895357893886e-08,
        0.0], [0.0, 0.0, 0.0, 1.0]], [[1.0, 0.0, 0.0, 0.0], [0.0, 0.8506508469581604,
        -0.525731086730957, -132.21656409773172], [0.0, 0.525731086730957, 0.8506508469581604,
        213.93089458585902], [0.0, 0.0, 0.0, 1.0]], [[1.1102230246251565e-16, 1.0000000194929735,
        4.189291152867369e-08, 0.0], [-0.85065080835204, 2.2024407020371228e-08, -0.5257311223671961,
        -132.21656409773172], [-0.5257311121191336, -3.563623907076874e-08, 0.8506508249337534,
        213.93089458585902], [0.0, 0.0, 0.0, 1.0]], [[-1.0, 1.2246468230193605e-16,
        5.130402003924892e-24, 0.0], [-1.0417467896404344e-16, -0.8506508029093466,
        -0.5257311580034353, -132.21656409773172], [-6.438349236688752e-17, -0.5257311580034353,
        0.8506508029093465, 213.93089458585902], [0.0, 0.0, 0.0, 1.0]], [[-2.220446049250313e-16,
        -1.0000000194929735, -4.189291152867369e-08, 0.0], [0.85065080835204, 2.2024406742815472e-08,
        -0.5257311223671961, -132.21656409773172], [0.5257311121191336, -3.563623923730219e-08,
        0.8506508249337534, 213.93089458585902], [0.0, 0.0, 0.0, 1.0]], [[-1.000000238418579,
        -8.742278367890322e-08, 1.1150628014791782e-14, 0.0], [7.436626248136236e-08,
        -0.8506509065628052, 0.5257312655448914, 132.21656409773172], [-4.5960877770312436e-08,
        0.5257312655448914, 0.8506507277488708, 213.93089458585902], [0.0, 0.0, 0.0,
        1.0]], [[8.742278456702647e-08, -1.0000001642037613, 1.7288733861198224e-07,
        0.0], [0.8506510111629971, 1.158355584229831e-07, 0.5257311184781275, 132.21656409773172],
      [-0.5257312374631983, 2.1137854577801818e-08, 0.8506508186411296, 213.93089458585902],
      [0.0, 0.0, 0.0, 1.0]], [[1.000000238418579, 8.742278355643852e-08, -1.115062799361919e-14,
        0.0], [-7.436626232400002e-08, 0.8506509895013991, 0.5257309714113827, 132.21656409773172],
      [4.5960877791988347e-08, -0.5257311313474278, 0.8506509095333765, 213.93089458585902],
      [0.0, 0.0, 0.0, 1.0]], [[-8.742278445600414e-08, 1.0000001642037613, -1.7288733861198224e-07,
        0.0], [-0.8506510111629969, -3.2896964485829017e-08, 0.5257311184781466, 132.21656409773172],
      [0.5257312374631985, 1.1305960895269251e-07, 0.8506508186411178, 213.93089458585902],
      [0.0, 0.0, 0.0, 1.0]], [[1.0, 0.0, 0.0, 0.0], [0.0, -0.8506509065628052, -0.5257310271263123,
        -132.21656409773172], [0.0, 0.5257310271263123, -0.8506509065628052, -213.93089458585902],
      [0.0, 0.0, 0.0, 1.0]], [[1.1102230246251565e-16, 1.0000000388596963, -1.2393166692881152e-07,
        0.0], [0.85065080835204, -6.515473316426323e-08, -0.525731132548885, -132.21656409773172],
      [-0.5257311121191336, -1.0542257272705413e-07, -0.850650841408072, -213.93089458585902],
      [0.0, 0.0, 0.0, 1.0]], [[-1.0, 1.224646846736756e-16, -1.517725192743261e-23,
        0.0], [1.0417467896404344e-16, 0.8506507762533391, -0.5257312379714576, -132.21656409773172],
      [-6.438349236688752e-17, -0.5257312379714577, -0.850650776253339, -213.93089458585902],
      [0.0, 0.0, 0.0, 1.0]], [[-2.220446049250313e-16, -1.0000000388596963, 1.2393166692881152e-07,
        0.0], [-0.85065080835204, -6.515473288670748e-08, -0.525731132548885, -132.21656409773172],
      [0.5257311121191336, -1.0542257289358758e-07, -0.850650841408072, -213.93089458585902],
      [0.0, 0.0, 0.0, 1.0]], [[-1.000000238418579, -8.742278367890322e-08, -1.5365609649996108e-14,
        0.0], [-7.436626248136236e-08, 0.8506506681442261, 0.5257313251495361, 132.21656409773172],
      [-4.5960881323026115e-08, 0.5257313251495361, -0.8506509065628052, -213.93089458585902],
      [0.0, 0.0, 0.0, 1.0]], [[8.742278643479857e-08, -0.9999999927288203, -1.2958202932900065e-07,
        0.0], [-0.8506510111629955, -2.0838884048912654e-07, 0.5257312149204652, 132.21656409773172],
      [-0.5257312374632008, 1.7089221071575622e-07, -0.8506509746881177, -213.93089458585902],
      [0.0, 0.0, 0.0, 1.0]], [[1.000000238418579, 8.742278355643854e-08, 1.5365609634126886e-14,
        0.0], [7.436626550164375e-08, -0.8506509361893841, 0.5257311046914201, 132.21656409773172],
      [4.596087620316649e-08, -0.5257308914433603, -0.850651042813414, -213.93089458585902],
      [0.0, 0.0, 0.0, 1.0]], [[-8.742278632377625e-08, 0.9999999927288203, 1.2958202932900065e-07,
        0.0], [0.8506510111629986, -5.965631755255885e-08, 0.5257312149204912, 132.21656409773172],
      [0.5257312374631959, 2.628139650906469e-07, -0.8506509746881015, -213.93089458585902],
      [0.0, 0.0, 0.0, 1.0]], [[1.7065899271528906e-07, 0.5257311463356018, 0.8506507873535156,
        213.93089458585902], [0.9999999403953552, 2.3411097060943575e-08, -1.5148395959840855e-07,
        0.0], [-6.9387880330396e-08, 0.8506507873535156, -0.525731086730957, -132.21656409773172],
      [0.0, 0.0, 0.0, 1.0]], [[-0.5257309262619067, 2.1842152475581855e-08, 0.8506508614432577,
        213.93089458585902], [3.069588565147637e-08, 1.0000000001262503, 1.0556895357893836e-08,
        0.0], [-0.850650853148661, -4.1020587732143454e-08, -0.525730966851236, -132.21656409773172],
      [0.0, 0.0, 0.0, 1.0]], [[1.383834285655765e-07, -0.5257310780354127, 0.8506507762533391,
        213.93089458585902], [-0.9999999403953552, -2.3411096938478897e-08, 1.5148395959840855e-07,
        0.0], [-1.2161084013070858e-07, -0.8506508295653541, -0.5257311046914203,
        -132.21656409773172], [0.0, 0.0, 0.0, 1.0]], [[0.5257312353043281, 4.645803647340685e-08,
        0.8506507021635968, 213.93089458585902], [-3.069588576249866e-08, -1.0000000001262503,
        -1.0556895357893836e-08, 0.0], [0.8506506621499406, -1.1912507646982817e-09,
        -0.5257312245711414, -132.21656409773172], [0.0, 0.0, 0.0, 1.0]], [[1.296109530812828e-07,
        -0.525731086730957, 0.8506507873535156, 213.93089458585902], [1.0, 4.75148809186976e-08,
        -1.146719910138927e-07, 0.0], [3.257590819316647e-08, 0.8506507873535156,
        0.525731086730957, 132.21656409773172], [0.0, 0.0, 0.0, 1.0]], [[0.5257312204748894,
        3.396028275259866e-08, 0.850650721516794, 213.93089458585902], [-4.042978775790245e-08,
        0.9999999687902341, -1.0556895357893836e-08, 0.0], [-0.8506507413845, -3.486848346168081e-08,
        0.5257311932570106, 132.21656409773172], [0.0, 0.0, 0.0, 1.0]], [[8.710055846752536e-08,
        0.5257311046914203, 0.8506507762533391, 213.93089458585902], [-1.0, -4.751488079623292e-08,
        1.146719910138927e-07, 0.0], [1.0135917155339647e-07, -0.8506507762533391,
        0.5257311046914203, 132.21656409773172], [0.0, 0.0, 0.0, 1.0]], [[-0.5257310037633778,
        -1.599981941380335e-08, 0.8506508420900607, 213.93089458585902], [4.042978764688015e-08,
        -0.9999999687902341, 1.0556895357893836e-08, 0.0], [0.85065087531958, 4.596865996187027e-08,
        0.5257309981653668, 132.21656409773172], [0.0, 0.0, 0.0, 1.0]], [[1.7065899271528906e-07,
        -0.5257311463356018, -0.8506507873535156, -213.93089458585902], [-0.9999999403953552,
        2.3411097060943575e-08, -1.5148395959840855e-07, 0.0], [6.9387880330396e-08,
        0.8506507873535156, -0.525731086730957, -132.21656409773172], [0.0, 0.0, 0.0,
        1.0]], [[0.5257312353043281, -4.6458036695451455e-08, -0.8506507021635967,
        -213.93089458585902], [3.069588542943177e-08, -1.0000000001262503, -1.0556895357893836e-08,
        0.0], [-0.8506506621499406, -1.19125045938695e-09, -0.5257312245711414, -132.21656409773172],
      [0.0, 0.0, 0.0, 1.0]], [[1.3838342869434347e-07, 0.5257310780354127, -0.8506507762533391,
        -213.93089458585902], [0.9999999403953552, -2.3411097183408254e-08, 1.5148395959840855e-07,
        0.0], [1.2161083992235923e-07, -0.8506508295653541, -0.5257311046914203, -132.21656409773172],
      [0.0, 0.0, 0.0, 1.0]], [[-0.5257309262619067, -2.184215225353725e-08, -0.8506508614432579,
        -213.93089458585902], [-3.069588531840948e-08, 1.0000000001262503, 1.0556895357893836e-08,
        0.0], [0.850650853148661, -4.1020588037454786e-08, -0.525730966851236, -132.21656409773172],
      [0.0, 0.0, 0.0, 1.0]], [[1.296109530812828e-07, 0.525731086730957, -0.8506507873535156,
        -213.93089458585902], [-1.0, 4.75148809186976e-08, -1.146719910138927e-07,
        0.0], [-3.257590819316647e-08, 0.8506507873535156, 0.525731086730957, 132.21656409773172],
      [0.0, 0.0, 0.0, 1.0]], [[-0.5257310037633778, 1.5999819635847956e-08, -0.8506508420900607,
        -213.93089458585902], [-4.0429787979947055e-08, -0.9999999687902341, 1.0556895357893836e-08,
        0.0], [-0.85065087531958, 4.596866023942603e-08, 0.5257309981653668, 132.21656409773172],
      [0.0, 0.0, 0.0, 1.0]], [[8.710055833875838e-08, -0.5257311046914203, -0.8506507762533391,
        -213.93089458585902], [1.0, -4.751488104116228e-08, 1.146719910138927e-07,
        0.0], [-1.0135917176174582e-07, -0.8506507762533391, 0.5257311046914203, 132.21656409773172],
      [0.0, 0.0, 0.0, 1.0]], [[0.5257312204748894, -3.396028297464326e-08, -0.850650721516794,
        -213.93089458585902], [4.042978809096936e-08, 0.9999999687902341, -1.0556895357893836e-08,
        0.0], [0.8506507413845, -3.4868483739236567e-08, 0.5257311932570106, 132.21656409773172],
      [0.0, 0.0, 0.0, 1.0]], [[0.70710688829422, -0.4082481563091278, -0.5773501992225647,
        -145.19830976990917], [-0.7071066498756409, -0.4082481265068054, -0.5773502588272095,
        -145.19830976990917], [-3.5145724552876345e-08, 0.8164964914321899, -0.5773500204086304,
        -145.19830976990917], [0.0, 0.0, 0.0, 1.0]], [[0.40824826211770043, 0.7071067043943764,
        -0.5773500218351041, -145.19830976990917], [0.4082484403515181, -0.707106582523251,
        -0.5773502627244079, -145.19830976990917], [-0.816496499196364, 8.674513130024764e-08,
        -0.5773501938988925, -145.19830976990917], [0.0, 0.0, 0.0, 1.0]], [[-0.7071067527789834,
        0.4082482953866324, -0.577350119749705, -145.19830976990917], [0.7071067853908773,
        0.4082482655843097, -0.5773500601450602, -145.19830976990917], [1.706609607706374e-07,
        -0.8164963523546853, -0.5773502985636394, -145.19830976990917], [0.0, 0.0,
        0.0, 1.0]], [[-0.4082481266024641, -0.707106565316872, -0.5773502971371656,
        -145.19830976990917], [-0.4082483048362818, 0.7071067216007555, -0.5773500562478617,
        -145.19830976990917], [0.8164966347116004, 5.233237326818241e-08, -0.5773501250733771,
        -145.19830976990917], [0.0, 0.0, 0.0, 1.0]], [[0.7071067690849304, 0.4082483947277069,
        -0.5773501992225647, -145.19830976990917], [-0.7071067690849304, 0.40824827551841736,
        -0.5773503184318542, -145.19830976990917], [-1.1763476237547366e-07, 0.8164965510368347,
        0.5773503184318542, 145.19830976990917], [0.0, 0.0, 0.0, 1.0]], [[-0.4082483121818652,
        0.7071067950367063, -0.5773502786954245, -145.19830976990917], [-0.40824817634894206,
        -0.7071067843893617, -0.5773503475209398, -145.19830976990917], [-0.8164966061655695,
        -1.0856194504471617e-07, 0.5773502098699089, 145.19830976990917], [0.0, 0.0,
        0.0, 1.0]], [[-0.7071066906617555, -0.40824831525484706, -0.5773503581682841,
        -145.19830976990917], [0.7071068475081052, -0.40824819604555773, -0.5773502389589946,
        -145.19830976990917], [3.9211587291957756e-08, -0.8164966305096945, 0.5773502389589944,
        145.19830976990917], [0.0, 0.0, 0.0, 1.0]], [[0.40824839060504026, -0.7071067155638464,
        -0.5773502786954243, -145.19830976990917], [0.4082482547721169, 0.7071068638622215,
        -0.577350209869909, -145.19830976990917], [0.8164965277423948, 2.9089085473721354e-08,
        0.5773503475209398, 145.19830976990917], [0.0, 0.0, 0.0, 1.0]], [[0.35682213306427,
        0.0, -0.9341722726821899, -234.935800316749], [-0.9341722726821899, 1.0380226456163655e-07,
        -0.35682201385498047, -89.73749054683981], [0.0, 0.9999998807907104, 1.0380226456163655e-07,
        0.0], [0.0, 0.0, 0.0, 1.0]], [[6.65394355725546e-08, 0.356822081837337, -0.934172221322622,
        -234.935800316749], [2.5415802837325252e-08, -0.9341722343843802, -0.35682214831607517,
        -89.73749054683981], [-0.9999999348463671, 9.696920635121593e-08, 4.013380183742754e-08,
        0.0], [0.0, 0.0, 0.0, 1.0]], [[-0.35682199998539904, 6.92015097514558e-08,
        -0.9341722440409359, -234.935800316749], [0.9341723235137959, -7.736964004048205e-08,
        -0.35682208883875727, -89.73749054683981], [-1.2246467193571652e-16, -0.9999998807907109,
        -1.0380226456163659e-07, 0.0], [0.0, 0.0, 0.0, 1.0]], [[6.653943540602114e-08,
        -0.35682201263582725, -0.9341722954005037, -234.935800316749], [2.541580317039216e-08,
        0.9341722608170048, -0.3568219543776625, -89.73749054683981], [0.9999999348463671,
        -9.696920679530509e-08, -4.013380183742759e-08, 0.0], [0.0, 0.0, 0.0, 1.0]],
    [[-0.35682204365730286, -5.634169752966045e-08, -0.9341723322868347, -234.935800316749],
      [-0.9341723322868347, -1.3065985626781185e-07, 0.35682207345962524, 89.73749054683981],
      [-1.519456134246866e-07, 1.0, 8.1983486666104e-09, 0.0], [0.0, 0.0, 0.0, 1.0]],
    [[8.556982359240177e-08, -0.3568220953879642, -0.9341723331707916, -234.935800316749],
      [1.2996788977332029e-07, -0.9341723568180247, 0.3568220711453959, 89.73749054683981],
      [-0.9999999586249979, -1.4216278840532795e-07, -5.721044193940372e-09, 0.0],
      [0.0, 0.0, 0.0, 1.0]], [[0.3568221063618476, 4.5111948920158894e-08, -0.9341723282040448,
        -234.935800316749], [0.9341723083358302, 1.3494923842043032e-07, 0.3568220841485079,
        89.73749054683981], [1.51945613302222e-07, -1.0000000000000004, -8.198348666610403e-09,
        0.0], [0.0, 0.0, 0.0, 1.0]], [[-2.2865278869166265e-08, 0.35682208415821565,
        -0.9341723273200879, -234.935800316749], [-1.5391889414756553e-07, 0.9341723611074069,
        0.3568220864627373, 89.73749054683981], [0.9999999586249979, 1.4216278796123874e-07,
        5.721044193940369e-09, 0.0], [0.0, 0.0, 0.0, 1.0]], [[1.0, 0.0, 0.0, 0.0],
      [0.0, 0.35682210326194763, -0.9341723322868347, -234.935800316749], [0.0, 0.9341723322868347,
        0.35682210326194763, 89.73749054683981], [0.0, 0.0, 0.0, 1.0]], [[0.0, 0.9999999798932518,
        2.2119461651204375e-08, 0.0], [-0.35682208977308993, 2.066338966599801e-08,
        -0.9341723401795473, -234.935800316749], [-0.9341723589627158, -7.892712566848203e-09,
        0.35682208259855797, 89.73749054683981], [0.0, 0.0, 0.0, 1.0]], [[-1.0000000000000004,
        1.2246467745236882e-16, 2.708852779262882e-24, 0.0], [-4.369810301056841e-17,
        -0.3568220619351684, -0.9341723480722597, -234.935800316749], [-1.144031189255622e-16,
        -0.9341723480722601, 0.3568220619351683, 89.73749054683981], [0.0, 0.0, 0.0,
        1.0]], [[-4.440892098500626e-16, -0.9999999798932518, -2.2119461651204375e-08,
        0.0], [0.35682208977308993, 2.0663389499464557e-08, -0.9341723401795472, -234.935800316749],
      [0.9341723589627158, -7.892712913792899e-09, 0.35682208259855797, 89.73749054683981],
      [0.0, 0.0, 0.0, 1.0]], [[0.70710688829422, 0.4082481563091278, 0.5773501992225647,
        145.19830976990917], [0.7071066498756409, -0.4082481265068054, -0.5773502588272095,
        -145.19830976990917], [3.5145724552876345e-08, 0.8164964914321899, -0.5773500204086304,
        -145.19830976990917], [0.0, 0.0, 0.0, 1.0]], [[-0.40824812660246385, 0.7071065653168722,
        0.5773502971371658, 145.19830976990917], [0.40824830483628205, 0.7071067216007553,
        -0.5773500562478617, -145.19830976990917], [-0.8164966347116004, 5.2332373601249316e-08,
        -0.577350125073377, -145.19830976990917], [0.0, 0.0, 0.0, 1.0]], [[-0.7071067527789836,
        -0.40824829538663204, 0.577350119749705, 145.19830976990917], [-0.7071067853908771,
        0.40824826558431004, -0.5773500601450602, -145.19830976990917], [-1.706609611037043e-07,
        -0.8164963523546853, -0.5773502985636394, -145.19830976990917], [0.0, 0.0,
        0.0, 1.0]], [[0.4082482621177002, -0.7071067043943766, 0.577350021835104,
        145.19830976990917], [-0.40824844035151836, -0.7071065825232509, -0.577350262724408,
        -145.19830976990917], [0.8164964991963641, 8.674513096718073e-08, -0.5773501938988925,
        -145.19830976990917], [0.0, 0.0, 0.0, 1.0]], [[1.0, 0.0, 0.0, 0.0], [0.0,
        -0.35682201385498047, -0.9341723322868347, -234.935800316749], [0.0, 0.9341723322868347,
        -0.35682201385498047, -89.73749054683981], [0.0, 0.0, 0.0, 1.0]], [[0.0, 0.999999947990871,
        6.140205577320756e-08, 0.0], [0.35682208977308993, 5.7360103278281116e-08,
        -0.9341723103772249, -234.935800316749], [-0.9341723589627158, 2.190960982084711e-08,
        -0.35682207121508375, -89.73749054683981], [0.0, 0.0, 0.0, 1.0]], [[-1.0000000000000004,
        1.2246467354545396e-16, 7.519583113169205e-24, 0.0], [4.369810301056841e-17,
        0.3568221285751872, -0.9341722884676149, -234.935800316749], [-1.144031189255622e-16,
        -0.9341722884676154, -0.3568221285751871, -89.73749054683981], [0.0, 0.0,
        0.0, 1.0]], [[-4.440892098500626e-16, -0.999999947990871, -6.140205577320756e-08,
        0.0], [-0.35682208977308993, 5.736010344481457e-08, -0.9341723103772248, -234.935800316749],
      [0.9341723589627158, 2.1909609473902414e-08, -0.35682207121508375, -89.73749054683981],
      [0.0, 0.0, 0.0, 1.0]], [[-0.7071065306663513, -0.40824827551841736, -0.5773501992225647,
        -145.19830976990917], [-0.7071067094802856, 0.4082484245300293, 0.5773501396179199,
        145.19830976990917], [2.5029976313817315e-08, 0.8164964318275452, -0.5773501396179199,
        -145.19830976990917], [0.0, 0.0, 0.0, 1.0]], [[0.40824830256113986, -0.7071068619136224,
        -0.5773501594861348, -145.19830976990917], [-0.4082482282249942, -0.7071065970677937,
        0.5773501250733771, 145.19830976990917], [-0.8164963269422234, -3.375072721301109e-09,
        -0.5773501938988925, -145.19830976990917], [0.0, 0.0, 0.0, 1.0]], [[0.7071066665622917,
        0.40824809670448287, -0.577350119749705, -145.19830976990917], [0.7071065735843451,
        -0.4082482457160951, 0.5773501793543498, 145.19830976990917], [1.108659639463087e-07,
        -0.8164966106414795, -0.5773501793543496, -145.19830976990917], [0.0, 0.0,
        0.0, 1.0]], [[-0.40824816666519953, 0.7071066830996879, -0.5773501594861349,
        -145.19830976990917], [0.40824809232905374, 0.707106775881728, 0.5773501938988926,
        145.19830976990917], [0.8164964628381639, -1.7543886149384846e-07, -0.5773501250733772,
        -145.19830976990917], [0.0, 0.0, 0.0, 1.0]]]}
