{cam2Pos: [[[-0.8506509065628052, -7.832203152702277e-08, -0.5257312059402466, -142.05149148257115],
      [-0.5257312059402466, -1.8319934724786435e-07, 0.8506508469581604, 229.84414137141633],
      [-1.243913203552438e-07, 1.0000001192092896, -2.1028665031508353e-08, 0.0],
      [0.0, 0.0, 0.0, 1.0]], [[1.2062686655732706e-07, -0.8506508494759569, -0.5257311374277825,
        -142.05149148257115], [4.1427981483707855e-08, -0.5257312723287816, 0.8506508893011919,
        229.84414137141633], [-1.0000001328677448, -1.6293829588733262e-07, -5.9512566985553406e-08,
        0.0], [0.0, 0.0, 0.0, 1.0]], [[0.8506509361893841, 1.9888515477381171e-07,
        -0.5257311046914203, -142.05149148257115], [0.5257311580034352, -1.1875884188224412e-08,
        0.8506509095333765, 229.84414137141633], [1.2439132023277912e-07, -1.0000001192092896,
        2.1028665031508347e-08, 0.0], [0.0, 0.0, 0.0, 1.0]], [[-9.100028761720418e-08,
        0.8506509700390802, -0.5257311732038844, -142.05149148257115], [-8.936479272641818e-08,
        0.5257310772535503, 0.850650867190345, 229.84414137141633], [1.0000001328677448,
        1.629382957763103e-07, 5.951256698555341e-08, 0.0], [0.0, 0.0, 0.0, 1.0]],
    [[-0.8506509065628052, 7.832203152702277e-08, 0.5257312059402466, 142.05149148257115],
      [0.5257312059402466, -1.8319934724786435e-07, 0.8506508469581604, 229.84414137141633],
      [1.243913203552438e-07, 1.0000001192092896, -2.1028665031508353e-08, 0.0], [
        0.0, 0.0, 0.0, 1.0]], [[-9.100028786700436e-08, -0.8506509700390802, 0.5257311732038844,
        142.05149148257115], [8.936479289295163e-08, 0.5257310772535503, 0.850650867190345,
        229.84414137141633], [-1.0000001328677448, 1.6293829610937727e-07, 5.9512566985553406e-08,
        0.0], [0.0, 0.0, 0.0, 1.0]], [[0.8506509361893841, -1.9888515498216112e-07,
        0.5257311046914203, 142.05149148257115], [-0.5257311580034352, -1.1875884059457411e-08,
        0.8506509095333765, 229.84414137141633], [-1.243913204777085e-07, -1.0000001192092896,
        2.102866503150836e-08, 0.0], [0.0, 0.0, 0.0, 1.0]], [[1.2062686680712724e-07,
        0.8506508494759569, 0.5257311374277825, 142.05149148257115], [-4.142798165024131e-08,
        -0.5257312723287816, 0.8506508893011919, 229.84414137141633], [1.0000001328677448,
        -1.6293829622039958e-07, -5.95125669855534e-08, 0.0], [0.0, 0.0, 0.0, 1.0]],
    [[0.8506507873535156, -2.7633131338689054e-09, -0.5257312059402466, -142.05149148257115],
      [-0.5257312059402466, -1.6016470283375384e-07, -0.8506508469581604, -229.84414137141633],
      [-4.3305984576136325e-08, 1.0000001192092896, -1.4864737352127122e-07, 0.0],
      [0.0, 0.0, 0.0, 1.0]], [[-8.460019739432993e-08, 0.850650837365925, -0.5257312817628419,
        -142.05149148257115], [-5.4513117296782465e-08, -0.5257312919232249, -0.8506508000972195,
        -229.84414137141633], [-1.0000000314622666, -8.185295268094224e-08, 5.951256698555339e-08,
        0.0], [0.0, 0.0, 0.0, 1.0]], [[-0.8506508828773691, -1.4201987394666627e-07,
        -0.5257311046914203, -142.05149148257115], [0.5257310513794053, -7.40994150950284e-08,
        -0.8506509095333765, -229.84414137141633], [4.330598445367164e-08, -1.0000001192092896,
        1.4864737352127122e-07, 0.0], [0.0, 0.0, 0.0, 1.0]], [[-1.0923656099543003e-08,
        -0.8506509821491122, -0.5257310288688251, -142.05149148257115], [-1.0004772393999026e-07,
        0.525731057659107, -0.8506509563943174, -229.84414137141633], [1.0000000314622666,
        8.185295256991992e-08, -5.951256698555337e-08, 0.0], [0.0, 0.0, 0.0, 1.0]],
    [[0.8506507873535156, 2.7633131338689054e-09, 0.5257312059402466, 142.05149148257115],
      [0.5257312059402466, -1.6016470283375384e-07, -0.8506508469581604, -229.84414137141633],
      [4.3305984576136325e-08, 1.0000001192092896, -1.4864737352127122e-07, 0.0],
      [0.0, 0.0, 0.0, 1.0]], [[-1.0923655821987247e-08, 0.8506509821491122, 0.5257310288688251,
        142.05149148257115], [1.0004772416203486e-07, 0.525731057659107, -0.8506509563943174,
        -229.84414137141633], [-1.0000000314622666, 8.185295290298687e-08, -5.951256698555342e-08,
        0.0], [0.0, 0.0, 0.0, 1.0]], [[-0.8506508828773691, 1.4201987415501568e-07,
        0.5257311046914203, 142.05149148257115], [-0.5257310513794053, -7.40994149662614e-08,
        -0.8506509095333765, -229.84414137141633], [-4.330598469860101e-08, -1.0000001192092896,
        1.4864737352127122e-07, 0.0], [0.0, 0.0, 0.0, 1.0]], [[-8.460019767188569e-08,
        -0.850650837365925, 0.5257312817628419, 142.05149148257115], [5.451311707473786e-08,
        -0.5257312919232249, -0.8506508000972195, -229.84414137141633], [1.0000000314622666,
        -8.185295301400918e-08, 5.951256698555344e-08, 0.0], [0.0, 0.0, 0.0, 1.0]],
    [[1.0, 0.0, 0.0, 0.0], [0.0, 0.8506507873535156, -0.5257311463356018, -142.05149148257115],
      [0.0, 0.5257311463356018, 0.8506507873535156, 229.84414137141633], [0.0, 0.0,
        0.0, 1.0]], [[1.1102230246251565e-16, 1.0000000001262503, -4.014584392697529e-08,
        0.0], [-0.85065080835204, -2.1105919095765202e-08, -0.5257311121855073, -142.05149148257115],
      [-0.5257311121191336, 3.4150094585516655e-08, 0.8506508084594347, 229.84414137141633],
      [0.0, 0.0, 0.0, 1.0]], [[-1.0, 1.2246467993019653e-16, -4.9164479257458025e-24,
        0.0], [-1.0417467896404344e-16, -0.8506508295653541, -0.5257310780354127,
        -142.05149148257115], [-6.438349236688752e-17, -0.5257310780354127, 0.850650829565354,
        229.84414137141633], [0.0, 0.0, 0.0, 1.0]], [[-2.220446049250313e-16, -1.0000000001262503,
        4.014584392697529e-08, 0.0], [0.85065080835204, -2.1105919401076534e-08, -0.5257311121855073,
        -142.05149148257115], [0.5257311121191336, 3.415009436347205e-08, 0.8506508084594349,
        229.84414137141633], [0.0, 0.0, 0.0, 1.0]], [[-1.0000003576278687, -8.742279078433057e-08,
        -4.1201937779671233e-16, 0.0], [7.436626248136236e-08, -0.8506511449813843,
        0.5257312059402466, 142.05149148257115], [-4.5960881323026115e-08, 0.5257312059402466,
        0.8506507873535156, 229.84414137141633], [0.0, 0.0, 0.0, 1.0]], [[8.742278643479856e-08,
        -1.000000335678702, 9.084858315633326e-08, 0.0], [0.850651112568474, 2.328228243531072e-08,
        0.5257311286598263, 142.05149148257115], [-0.5257313001352332, -1.2861650533491087e-07,
        0.850650835115442, 229.84414137141633], [0.0, 0.0, 0.0, 1.0]], [[1.0000003576278687,
        8.742279066186585e-08, 4.12019388922455e-16, 0.0], [-7.436626550164372e-08,
        0.8506510428134141, 0.5257310513794052, 142.05149148257115], [4.5960876203166475e-08,
        -0.5257313712514953, 0.850650882877369, 229.84414137141633], [0.0, 0.0, 0.0,
        1.0]], [[-8.742278632377622e-08, 1.000000335678702, -9.084858315633326e-08,
        0.0], [-0.8506511125684771, -1.2545025260268794e-07, 0.5257311286598256, 142.05149148257115],
      [0.5257313001352283, -3.6694743410503605e-08, 0.8506508351154426, 229.84414137141633],
      [0.0, 0.0, 0.0, 1.0]], [[1.0, 0.0, 0.0, 0.0], [0.0, -0.8506506681442261, -0.5257312059402466,
        -142.05149148257115], [0.0, 0.5257312059402466, -0.8506506681442261, -229.84414137141633],
      [0.0, 0.0, 0.0, 1.0]], [[1.1102230246251565e-16, 0.9999999300567879, 1.5352061555340413e-07,
        0.0], [0.85065080835204, 8.07105638989114e-08, -0.5257310753478109, -142.05149148257115],
      [-0.5257311121191336, 1.3059243569868428e-07, -0.8506507488547901, -229.84414137141633],
      [0.0, 0.0, 0.0, 1.0]], [[-1.0, 1.2246467134916223e-16, 1.8800853039736732e-23,
        0.0], [1.0417467896404344e-16, 0.8506508295653541, -0.5257309447553752, -142.05149148257115],
      [-6.438349236688752e-17, -0.5257309447553753, -0.850650829565354, -229.84414137141633],
      [0.0, 0.0, 0.0, 1.0]], [[-2.220446049250313e-16, -0.9999999300567879, -1.5352061555340413e-07,
        0.0], [-0.85065080835204, 8.071056414871158e-08, -0.5257310753478109, -142.05149148257115],
      [0.5257311121191336, 1.3059243553215083e-07, -0.8506507488547901, -229.84414137141633],
      [0.0, 0.0, 0.0, 1.0]], [[-1.0, -8.742277657347586e-08, 1.1865955809077511e-14,
        0.0], [-7.4366255375935e-08, 0.8506509065628052, 0.5257310271263123, 142.05149148257115],
      [-4.596087421759876e-08, 0.5257310271263123, -0.8506509065628052, -229.84414137141633],
      [0.0, 0.0, 0.0, 1.0]], [[8.742277665501686e-08, -1.0000000388596963, 1.2393166692881152e-07,
        0.0], [-0.8506508083520397, -9.211522405960793e-09, 0.5257311325488951, 142.05149148257115],
      [-0.5257311121191341, -1.5138344627851907e-07, -0.8506508414080658, -229.84414137141633],
      [0.0, 0.0, 0.0, 1.0]], [[1.0, 8.742277645101117e-08, -1.186595579390026e-14,
        0.0], [7.436625596871261e-08, -0.8506507762533391, 0.5257312379714576, 142.05149148257115],
      [4.5960873025522796e-08, -0.5257312379714577, -0.850650776253339, -229.84414137141633],
      [0.0, 0.0, 0.0, 1.0]], [[-8.742277654399456e-08, 1.0000000388596963, -1.2393166692881152e-07,
        0.0], [0.8506508083520403, 1.395209884569315e-07, 0.5257311325488749, 142.05149148257115],
      [0.525731112119133, -5.946169934212264e-08, -0.8506508414080783, -229.84414137141633],
      [0.0, 0.0, 0.0, 1.0]], [[1.7065899271528906e-07, 0.5257311463356018, 0.8506507873535156,
        229.84414137141633], [0.9999999403953552, 2.3411097060943575e-08, -1.5148395959840855e-07,
        0.0], [-6.9387880330396e-08, 0.8506507873535156, -0.525731086730957, -142.05149148257115],
      [0.0, 0.0, 0.0, 1.0]], [[-0.5257309262619067, 2.1842152475581855e-08, 0.8506508614432577,
        229.84414137141633], [3.069588565147637e-08, 1.0000000001262503, 1.0556895357893836e-08,
        0.0], [-0.850650853148661, -4.1020587732143454e-08, -0.525730966851236, -142.05149148257115],
      [0.0, 0.0, 0.0, 1.0]], [[1.383834285655765e-07, -0.5257310780354127, 0.8506507762533391,
        229.84414137141633], [-0.9999999403953552, -2.3411096938478897e-08, 1.5148395959840855e-07,
        0.0], [-1.2161084013070858e-07, -0.8506508295653541, -0.5257311046914203,
        -142.05149148257115], [0.0, 0.0, 0.0, 1.0]], [[0.5257312353043281, 4.645803647340685e-08,
        0.8506507021635968, 229.84414137141633], [-3.069588576249866e-08, -1.0000000001262503,
        -1.0556895357893836e-08, 0.0], [0.8506506621499406, -1.1912507646982817e-09,
        -0.5257312245711414, -142.05149148257115], [0.0, 0.0, 0.0, 1.0]], [[1.296109530812828e-07,
        -0.525731086730957, 0.8506507873535156, 229.84414137141633], [1.0, 4.75148809186976e-08,
        -1.146719910138927e-07, 0.0], [3.257590819316647e-08, 0.8506507873535156,
        0.525731086730957, 142.05149148257115], [0.0, 0.0, 0.0, 1.0]], [[0.5257312204748894,
        3.396028275259866e-08, 0.850650721516794, 229.84414137141633], [-4.042978775790245e-08,
        0.9999999687902341, -1.0556895357893836e-08, 0.0], [-0.8506507413845, -3.486848346168081e-08,
        0.5257311932570106, 142.05149148257115], [0.0, 0.0, 0.0, 1.0]], [[8.710055846752536e-08,
        0.5257311046914203, 0.8506507762533391, 229.84414137141633], [-1.0, -4.751488079623292e-08,
        1.146719910138927e-07, 0.0], [1.0135917155339647e-07, -0.8506507762533391,
        0.5257311046914203, 142.05149148257115], [0.0, 0.0, 0.0, 1.0]], [[-0.5257310037633778,
        -1.599981941380335e-08, 0.8506508420900607, 229.84414137141633], [4.042978764688015e-08,
        -0.9999999687902341, 1.0556895357893836e-08, 0.0], [0.85065087531958, 4.596865996187027e-08,
        0.5257309981653668, 142.05149148257115], [0.0, 0.0, 0.0, 1.0]], [[1.7065899271528906e-07,
        -0.5257311463356018, -0.8506507873535156, -229.84414137141633], [-0.9999999403953552,
        2.3411097060943575e-08, -1.5148395959840855e-07, 0.0], [6.9387880330396e-08,
        0.8506507873535156, -0.525731086730957, -142.05149148257115], [0.0, 0.0, 0.0,
        1.0]], [[0.5257312353043281, -4.6458036695451455e-08, -0.8506507021635967,
        -229.84414137141633], [3.069588542943177e-08, -1.0000000001262503, -1.0556895357893836e-08,
        0.0], [-0.8506506621499406, -1.19125045938695e-09, -0.5257312245711414, -142.05149148257115],
      [0.0, 0.0, 0.0, 1.0]], [[1.3838342869434347e-07, 0.5257310780354127, -0.8506507762533391,
        -229.84414137141633], [0.9999999403953552, -2.3411097183408254e-08, 1.5148395959840855e-07,
        0.0], [1.2161083992235923e-07, -0.8506508295653541, -0.5257311046914203, -142.05149148257115],
      [0.0, 0.0, 0.0, 1.0]], [[-0.5257309262619067, -2.184215225353725e-08, -0.8506508614432579,
        -229.84414137141633], [-3.069588531840948e-08, 1.0000000001262503, 1.0556895357893836e-08,
        0.0], [0.850650853148661, -4.1020588037454786e-08, -0.525730966851236, -142.05149148257115],
      [0.0, 0.0, 0.0, 1.0]], [[1.296109530812828e-07, 0.525731086730957, -0.8506507873535156,
        -229.84414137141633], [-1.0, 4.75148809186976e-08, -1.146719910138927e-07,
        0.0], [-3.257590819316647e-08, 0.8506507873535156, 0.525731086730957, 142.05149148257115],
      [0.0, 0.0, 0.0, 1.0]], [[-0.5257310037633778, 1.5999819635847956e-08, -0.8506508420900607,
        -229.84414137141633], [-4.0429787979947055e-08, -0.9999999687902341, 1.0556895357893836e-08,
        0.0], [-0.85065087531958, 4.596866023942603e-08, 0.5257309981653668, 142.05149148257115],
      [0.0, 0.0, 0.0, 1.0]], [[8.710055833875838e-08, -0.5257311046914203, -0.8506507762533391,
        -229.84414137141633], [1.0, -4.751488104116228e-08, 1.146719910138927e-07,
        0.0], [-1.0135917176174582e-07, -0.8506507762533391, 0.5257311046914203, 142.05149148257115],
      [0.0, 0.0, 0.0, 1.0]], [[0.5257312204748894, -3.396028297464326e-08, -0.850650721516794,
        -229.84414137141633], [4.042978809096936e-08, 0.9999999687902341, -1.0556895357893836e-08,
        0.0], [0.8506507413845, -3.4868483739236567e-08, 0.5257311932570106, 142.05149148257115],
      [0.0, 0.0, 0.0, 1.0]], [[0.7071067690849304, -0.40824830532073975, -0.5773503184318542,
        -155.99888413616574], [-0.7071068286895752, -0.40824854373931885, -0.5773503184318542,
        -155.99888413616574], [-5.510644740525095e-08, 0.8164966702461243, -0.5773504972457886,
        -155.99888413616574], [0.0, 0.0, 0.0, 1.0]], [[0.40824824783699604, 0.7071069193785564,
        -0.5773504812747722, -155.99888413616574], [0.4082482770556824, -0.7071069009368154,
        -0.577350274798226, -155.99888413616574], [-0.8164966396037707, -1.9725567540485045e-07,
        -0.577350378036499, -155.99888413616574], [0.0, 0.0, 0.0, 1.0]], [[-0.7071068455589917,
        0.4082481861114503, -0.5773504376411438, -155.99888413616574], [0.7071067522155137,
        0.4082484245300291, -0.5773504376411438, -155.99888413616574], [-2.1367614233547275e-08,
        -0.8164967894554137, -0.5773502588272095, -155.99888413616574], [0.0, 0.0,
        0.0, 1.0]], [[-0.40824832431105734, -0.7071070385878462, -0.5773502747982259,
        -155.99888413616574], [-0.408248353529744, 0.7071067817275257, -0.5773504812747721,
        -155.99888413616574], [0.8164965631297092, 7.80463859650915e-08, -0.577350378036499,
        -155.99888413616574], [0.0, 0.0, 0.0, 1.0]], [[-0.35682177543640137, -4.7801954394799395e-08,
        -0.9341722130775452, -252.41149673937292], [-0.9341722130775452, 2.4266046239063144e-07,
        0.3568219542503357, 96.41261260320721], [4.7801954394799395e-08, 0.9999998211860657,
        1.0380226456163655e-07, 0.0], [0.0, 0.0, 0.0, 1.0]], [[2.0862952814656748e-07,
        -0.3568221485708628, -0.9341722235166269, -252.41149673937292], [-1.308597683963101e-07,
        -0.9341721450896798, 0.35682192692046477, 96.41261260320721], [-0.9999997515558321,
        2.096299033160493e-07, -7.454655964744816e-08, 0.0], [0.0, 0.0, 0.0, 1.0]],
    [[0.35682222680904424, -1.9740311479882452e-07, -0.9341721598778268, -252.41149673937292],
      [0.9341720406685377, -1.4900046030353126e-07, 0.3568220935290066, 96.41261260320721],
      [-4.780195451726407e-08, -0.9999998211860661, -1.038022645616366e-07, 0.0],
      [0.0, 0.0, 0.0, 1.0]], [[2.427431147823703e-07, 0.35682190336579367, -0.934172149438745,
        -252.41149673937292], [-4.15492390354518e-08, 0.934172238749682, 0.35682212085887743,
        96.41261260320721], [0.9999997515558321, -2.0962990376013843e-07, 7.454655964744812e-08,
        0.0], [0.0, 0.0, 0.0, 1.0]], [[0.35682213306427, 0.0, -0.9341722726821899,
        -252.41149673937292], [-0.9341722726821899, 1.0380226456163655e-07, -0.35682201385498047,
        -96.41261260320721], [0.0, 0.9999998807907104, 1.0380226456163655e-07, 0.0],
      [0.0, 0.0, 0.0, 1.0]], [[6.653943546153229e-08, 0.35682208183733705, -0.9341722213226219,
        -252.41149673937292], [2.541580285120304e-08, -0.9341722343843802, -0.3568221483160752,
        -96.41261260320721], [-0.9999999348463671, 9.696920635121593e-08, 4.013380189293869e-08,
        0.0], [0.0, 0.0, 0.0, 1.0]], [[-0.3568219999853992, 6.920150975145582e-08,
        -0.9341722440409358, -252.41149673937292], [0.934172323513796, -7.736964004048205e-08,
        -0.3568220888387574, -96.41261260320721], [-1.2246467193571652e-16, -0.9999998807907109,
        -1.0380226456163659e-07, 0.0], [0.0, 0.0, 0.0, 1.0]], [[6.653943540602114e-08,
        -0.3568220126358273, -0.9341722954005037, -252.41149673937292], [2.5415803198147735e-08,
        0.9341722608170048, -0.3568219543776625, -96.41261260320721], [0.9999999348463671,
        -9.696920679530509e-08, -4.013380189293874e-08, 0.0], [0.0, 0.0, 0.0, 1.0]],
    [[0.7071067094802856, 0.40824827551841736, -0.5773503184318542, -155.99888413616574],
      [-0.7071068286895752, 0.4082482159137726, -0.5773502588272095, -155.99888413616574],
      [-1.2150712436209687e-08, 0.8164966106414795, 0.5773501992225647, 155.99888413616574],
      [0.0, 0.0, 0.0, 1.0]], [[-0.40824836059115815, 0.7071067155638465, -0.5773502932399672,
        -155.99888413616574], [-0.4082482777352089, -0.7071068294494637, -0.577350190001694,
        -155.99888413616574], [-0.8164965312677899, 5.323672336299268e-09, 0.5773502932399672,
        155.99888413616574], [0.0, 0.0, 0.0, 1.0]], [[-0.7071067808526704, -0.4082483549912769,
        -0.5773501992225647, -155.99888413616574], [0.7071067573171903, -0.40824829538663243,
        -0.5773502588272095, -155.99888413616574], [8.352309699422023e-08, -0.8164965311686196,
        0.5773503184318542, 155.99888413616574], [0.0, 0.0, 0.0, 1.0]], [[0.40824828921877343,
        -0.7071067950367061, -0.5773502244144517, -155.99888413616574], [0.40824820636282405,
        0.7071067499766042, -0.5773503276527249, -155.99888413616574], [0.8164966026401745,
        7.41491875122513e-08, 0.5773502244144517, 155.99888413616574], [0.0, 0.0,
        0.0, 1.0]], [[1.0, 0.0, 0.0, 0.0], [0.0, 0.35682210326194763, -0.9341723322868347,
        -252.41149673937292], [0.0, 0.9341723322868347, 0.35682210326194763, 96.41261260320721],
      [0.0, 0.0, 0.0, 1.0]], [[0.0, 0.9999999798932518, 2.2119461595693224e-08, 0.0],
      [-0.35682208977309, 2.066338955497571e-08, -0.9341723401795472, -252.41149673937292],
      [-0.9341723589627158, -7.892712580725991e-09, 0.356822082598558, 96.41261260320721],
      [0.0, 0.0, 0.0, 1.0]], [[-1.0000000000000004, 1.2246467745236882e-16, 2.7088527730999064e-24,
        0.0], [-4.369810301056842e-17, -0.3568220619351686, -0.9341723480722597, -252.41149673937292],
      [-1.144031189255622e-16, -0.9341723480722601, 0.3568220619351684, 96.41261260320721],
      [0.0, 0.0, 0.0, 1.0]], [[-4.440892098500626e-16, -0.9999999798932518, -2.2119461595693224e-08,
        0.0], [0.35682208977309, 2.0663389443953406e-08, -0.9341723401795472, -252.41149673937292],
      [0.9341723589627158, -7.892712927670686e-09, 0.356822082598558, 96.41261260320721],
      [0.0, 0.0, 0.0, 1.0]], [[0.7071067690849304, 0.40824830532073975, 0.5773503184318542,
        155.99888413616574], [0.7071068286895752, -0.40824854373931885, -0.5773503184318542,
        -155.99888413616574], [5.510644740525095e-08, 0.8164966702461243, -0.5773504972457886,
        -155.99888413616574], [0.0, 0.0, 0.0, 1.0]], [[-0.40824832431105723, 0.7071070385878462,
        0.577350274798226, 155.99888413616574], [0.4082483535297442, 0.7071067817275256,
        -0.5773504812747722, -155.99888413616574], [-0.8164965631297092, 7.804638624264726e-08,
        -0.577350378036499, -155.99888413616574], [0.0, 0.0, 0.0, 1.0]], [[-0.7071068455589918,
        -0.40824818611145, 0.5773504376411438, 155.99888413616574], [-0.7071067522155136,
        0.4082484245300294, -0.5773504376411438, -155.99888413616574], [2.1367613900480368e-08,
        -0.8164967894554138, -0.5773502588272095, -155.99888413616574], [0.0, 0.0,
        0.0, 1.0]], [[0.40824824783699576, -0.7071069193785566, 0.5773504812747721,
        155.99888413616574], [-0.4082482770556827, -0.7071069009368152, -0.5773502747982259,
        -155.99888413616574], [0.8164966396037706, -1.972556756824062e-07, -0.577350378036499,
        -155.99888413616574], [0.0, 0.0, 0.0, 1.0]], [[1.0, 0.0, 0.0, 0.0], [0.0,
        -0.35682201385498047, -0.9341723322868347, -252.41149673937292], [0.0, 0.9341723322868347,
        -0.35682201385498047, -96.41261260320721], [0.0, 0.0, 0.0, 1.0]], [[0.0, 0.999999947990871,
        6.140205582871872e-08, 0.0], [0.35682208977309, 5.736010338930342e-08, -0.9341723103772248,
        -252.41149673937292], [-0.9341723589627158, 2.190960980696932e-08, -0.3568220712150838,
        -96.41261260320721], [0.0, 0.0, 0.0, 1.0]], [[-1.0000000000000004, 1.2246467354545396e-16,
        7.51958311933218e-24, 0.0], [4.369810301056842e-17, 0.35682212857518736, -0.9341722884676149,
        -252.41149673937292], [-1.144031189255622e-16, -0.9341722884676154, -0.3568221285751872,
        -96.41261260320721], [0.0, 0.0, 0.0, 1.0]], [[-4.440892098500626e-16, -0.999999947990871,
        -6.140205582871872e-08, 0.0], [-0.35682208977309, 5.736010350032572e-08, -0.9341723103772248,
        -252.41149673937292], [0.9341723589627158, 2.1909609460024626e-08, -0.3568220712150838,
        -96.41261260320721], [0.0, 0.0, 0.0, 1.0]], [[-0.7071068286895752, -0.40824827551841736,
        -0.5773503184318542, -155.99888413616574], [-0.7071068286895752, 0.40824830532073975,
        0.5773502588272095, 155.99888413616574], [5.439186523403805e-08, 0.8164966106414795,
        -0.5773503184318542, -155.99888413616574], [0.0, 0.0, 0.0, 1.0]], [[0.4082483046172124,
        -0.7071067969853054, -0.5773502641508816, -155.99888413616574], [-0.40824836742352877,
        -0.7071067996471413, 0.5773502985636394, 155.99888413616574], [-0.8164966176488758,
        2.714048646934586e-08, -0.577350332976397, -155.99888413616574], [0.0, 0.0,
        0.0, 1.0]], [[0.7071068649508186, 0.4082482953866321, -0.5773502786954243,
        -155.99888413616574], [0.7071067924283315, -0.4082483251889548, 0.5773503383000691,
        155.99888413616574], [-1.81306219112128e-08, -0.8164965907732644, -0.5773502786954243,
        -155.99888413616574], [0.0, 0.0, 0.0, 1.0]], [[-0.4082482683559689, 0.7071068168535203,
        -0.5773503329763969, -155.99888413616574], [0.40824833116228515, 0.7071067797789266,
        0.5773502985636393, 155.99888413616574], [0.8164966539101194, -7.272271507208217e-09,
        -0.5773502641508816, -155.99888413616574], [0.0, 0.0, 0.0, 1.0]]]}
