{cam2Pos: [[[0.9950000047683716, -4.2146841572332505e-09, 0.09987489134073257, 30.244269323398573],
      [0.09987489134073257, 3.071394587550458e-07, -0.9949997663497925, -301.30734964594683],
      [-4.2146841572332505e-09, 0.9999997615814209, 3.071394587550458e-07, 0.0], [
        0.0, 0.0, 0.0, 1.0]], [[0.9917600154876709, 0.014932245016098022, -0.12723618745803833,
        -38.52985132299114], [-0.1281093955039978, 0.11559828370809555, -0.9850000143051147,
        -298.27913507664084], [2.196973447610162e-08, 0.9931837916374207, 0.11655872315168381,
        35.296500003971744], [0.0, 0.0, 0.0, 1.0]], [[0.9998015761375427, 0.004409503657370806,
        0.01942642405629158, 5.882737097744349], [0.019920583814382553, -0.22131036221981049,
        -0.9750001430511475, -295.2509205073348], [-3.9112219019088457e-10, 0.9751936197280884,
        -0.22135429084300995, -67.03075504111081], [0.0, 0.0, 0.0, 1.0]], [[0.9866037368774414,
        -0.03395194560289383, 0.1595630645751953, 48.31910582206374], [0.16313524544239044,
        0.2053333967924118, -0.9650001525878906, -292.2227059380288], [-1.880043498658779e-08,
        0.9781031012535095, 0.20812144875526428, 63.02371715777849], [0.0, 0.0, 0.0,
        1.0]], [[0.956277072429657, -0.015109585598111153, -0.29207170009613037, -88.44558683631935],
      [-0.2924622595310211, -0.049404315650463104, -0.9549999237060547, -289.1944913687228],
      [2.979972535399611e-08, 0.9986644983291626, -0.051663193851709366, -15.644778960915788],
      [0.0, 0.0, 0.0, 1.0]], [[0.9599065184593201, 0.049209583550691605, 0.2759672999382019,
        83.56882643003051], [0.280320405960083, -0.168509379029274, -0.9449999928474426,
        -286.16627679941683], [3.0610038947997964e-08, 0.9844709038734436, -0.17554768919944763,
        -53.15964681445981], [0.0, 0.0, 0.0, 1.0]], [[0.9951869249343872, 0.03356201946735382,
        -0.09206806868314743, -27.880187970930116], [-0.09799458831548691, 0.3408401310443878,
        -0.9350000023841858, -283.1380622301108], [4.695044353297817e-11, 0.9395219683647156,
        0.342488557100296, 103.71290957665116], [0.0, 0.0, 0.0, 1.0]], [[0.9825451374053955,
        -0.0627276748418808, -0.17512951791286469, -53.03297255803285], [-0.1860244870185852,
        -0.3313152492046356, -0.9249999523162842, -280.1098476608048], [2.1968125096805124e-09,
        0.941432535648346, -0.3372010588645935, -102.11176152956514], [0.0, 0.0, 0.0,
        1.0]], [[0.9238911867141724, -0.05295952036976814, 0.37897276878356934, 114.76109023033399],
      [0.3826552927494049, 0.12786681950092316, -0.9149999618530273, -277.0816330914989],
      [-6.09192341016751e-08, 0.9903762936592102, 0.13840027153491974, 41.91056609095456],
      [0.0, 0.0, 0.0, 1.0]], [[0.9171630144119263, 0.0646858960390091, -0.39322730898857117,
        -119.07766087269664], [-0.39851218461990356, 0.14887253940105438, -0.9049999713897705,
        -274.0534185221928], [2.6380391204838816e-09, 0.986738383769989, 0.16231851279735565,
        49.15352739079862], [0.0, 0.0, 0.0, 1.0]], [[0.9784079790115356, 0.08350344747304916,
        0.18906334042549133, 57.25243799977948], [0.20668278634548187, -0.39529383182525635,
        -0.8950000405311584, -271.02520395288684], [-1.9871412959560075e-08, 0.9147513508796692,
        -0.4040173888206482, -122.34513452912063], [0.0, 0.0, 0.0, 1.0]], [[0.9878304600715637,
        -0.06909630447626114, 0.13934384286403656, 42.19631687402763], [0.15553458034992218,
        0.4388440251350403, -0.8849999308586121, -267.99698938358085], [2.345385574642478e-08,
        0.8959026336669922, 0.44425034523010254, 134.52850739220526], [0.0, 0.0, 0.0,
        1.0]], [[0.9019775986671448, -0.10481223464012146, -0.4188685119152069, -126.84239238340908],
      [-0.43178287148475647, -0.21894866228103638, -0.875, -264.96877481427487], [
        -5.873349806506667e-09, 0.9700906276702881, -0.24274291098117828, -73.50775908328674],
      [0.0, 0.0, 0.0, 1.0]], [[0.8700645565986633, 0.053109169006347656, 0.4900684058666229,
        148.40323295484802], [0.49293774366378784, -0.09374085813760757, -0.8649999499320984,
        -261.9405602449688], [2.307021063074899e-08, 0.9941790699958801, -0.10774010419845581,
        -32.62603446133279], [0.0, 0.0, 0.0, 1.0]], [[0.9441924691200256, 0.1397521048784256,
        -0.29827818274497986, -90.32504643927557], [-0.3293941915035248, 0.40059271454811096,
        -0.8549999594688416, -258.91234567566283], [8.92971563359879e-09, 0.9055356383323669,
        0.4242701530456543, 128.4780838121425], [0.0, 0.0, 0.0, 1.0]], [[0.9967091083526611,
        -0.04298955574631691, -0.06872319430112839, -20.810855497501755], [-0.08106157928705215,
        -0.5285871624946594, -0.845000147819519, -255.88413110635685], [-4.185557234137605e-09,
        0.8477901816368103, -0.5303324460983276, -160.5959355618255], [0.0, 0.0, 0.0,
        1.0]], [[0.8930333256721497, -0.15956974029541016, 0.4207480549812317, 127.41154244480252],
      [0.44999048113822937, 0.31667590141296387, -0.8349999189376831, -252.85591653705083],
      [-1.7515777273047206e-08, 0.9350153803825378, 0.3546070158481598, 107.38258285967696],
      [0.0, 0.0, 0.0, 1.0]], [[0.8252249956130981, 0.013188092969357967, -0.5646501183509827,
        -170.98817651999286], [-0.5648041367530823, 0.01926896907389164, -0.8250000476837158,
        -249.82770196774484], [5.5515243957415805e-08, 0.9997273683547974, 0.02334992215037346,
        7.0708979242064895], [0.0, 0.0, 0.0, 1.0]], [[0.8930031061172485, 0.1839536726474762,
        0.4107389748096466, 124.38057341701777], [0.4500505030155182, -0.3650059998035431,
        -0.8149999380111694, -246.79948739843888], [5.560252702707658e-09, 0.9126507639884949,
        -0.40873992443084717, -123.7752832915069], [0.0, 0.0, 0.0, 1.0]], [[0.9994210600852966,
        0.020163321867585182, -0.02740422450006008, -8.298586222193801], [-0.034022800624370575,
        0.5922983884811401, -0.8050000667572021, -243.77127282913287], [4.5760275568795805e-09,
        0.80546635389328, 0.5926415324211121, 179.46457808589525], [0.0, 0.0, 0.0,
        1.0]], [[0.8983872532844543, -0.20455704629421234, -0.388660192489624, -117.69465071727836],
      [-0.4392041862010956, -0.4184191823005676, -0.7950001358985901, -240.74305825982688],
      [2.16213038584101e-08, 0.8849191665649414, -0.4657447934150696, -141.03752645950146],
      [0.0, 0.0, 0.0, 1.0]], [[0.7876921892166138, -0.05089210718870163, 0.6139633655548096,
        185.92126153094236], [0.6160690188407898, 0.06506960839033127, -0.7849999666213989,
        -237.71484369052087], [-4.699594668977625e-08, 0.9965821504592896, 0.08260787278413773,
        25.01544278051641], [0.0, 0.0, 0.0, 1.0]], [[0.8310174942016602, 0.20076768100261688,
        -0.5187507271766663, -157.088826628779], [-0.5562463402748108, 0.299941748380661,
        -0.7750000953674316, -234.68662912121488], [6.7014980231761e-08, 0.9325917959213257,
        0.3609330952167511, 109.29831397458003], [0.0, 0.0, 0.0, 1.0]], [[0.9833542108535767,
        0.11416638642549515, 0.14135268330574036, 42.80461463430969], [0.18169905245304108,
        -0.6178680658340454, -0.7649999856948853, -231.65841455190886], [1.1761627227713234e-08,
        0.7779495716094971, -0.6283270716667175, -190.27080362177298], [0.0, 0.0,
        0.0, 1.0]], [[0.9180663228034973, -0.22554217278957367, 0.3260137438774109,
        98.72398138880554], [0.39642682671546936, 0.5223225355148315, -0.7549999356269836,
        -228.63019998260287], [-6.712108202577838e-09, 0.8223806023597717, 0.5689377188682556,
        172.28651117318765], [0.0, 0.0, 0.0, 1.0]], [[0.7608005404472351, -0.13157810270786285,
        -0.6355074644088745, -192.44530625222896], [-0.648985743522644, -0.15424786508083344,
        -0.7449999451637268, -225.60198541329686], [-4.6076184645471585e-08, 0.9792316555976868,
        -0.20274414122104645, -61.395301584368156], [0.0, 0.0, 0.0, 1.0]], [[0.7666577696800232,
        0.18259863555431366, 0.6155433654785156, 186.3997209211787], [0.6420559883117676,
        -0.21803490817546844, -0.7350000143051147, -222.57377084399087], [-9.292261182736183e-08,
        0.9587067365646362, -0.2843967080116272, -86.12139891086568], [0.0, 0.0, 0.0,
        1.0]], [[0.9388487935066223, 0.21877069771289825, -0.2658991813659668, -80.51996268762892],
      [-0.3443297743797302, 0.5964997410774231, -0.7250000834465027, -219.54555627468486],
      [2.3644229685260143e-08, 0.7722223997116089, 0.6353523135185242, 192.39833446886476],
      [0.0, 0.0, 0.0, 1.0]], [[0.9493634700775146, -0.206687793135643, -0.2366202473640442,
        -71.65369325487723], [-0.3141798675060272, -0.6245526671409607, -0.7150000333786011,
        -216.51734170537887], [-2.0020632263140214e-08, 0.7531362175941467, -0.6578646302223206,
        -199.21552088465216], [0.0, 0.0, 0.0, 1.0]], [[0.746821939945221, -0.2194213718175888,
        0.6277828216552734, 190.10610649281654], [0.6650241017341614, 0.24641023576259613,
        -0.7049999833106995, -213.48912713607285], [-4.723034408016247e-08, 0.9440001249313354,
        0.32994505763053894, 99.91444163078097], [0.0, 0.0, 0.0, 1.0]], [[0.7069740891456604,
        0.12961478531360626, -0.6952609419822693, -210.53990289522386], [-0.7072395086288452,
        0.12956583499908447, -0.695000171661377, -210.46091256676686], [-1.1922124087959673e-07,
        0.9830630421638489, 0.18326833844184875, 55.497642724755025], [0.0, 0.0, 0.0,
        1.0]], [[0.8668249845504761, 0.30554839968681335, 0.3940236568450928, 119.31879591628955],
      [0.49861252307891846, -0.5311883091926575, -0.6849998831748962, -207.43269799746085],
      [9.945019741053329e-08, 0.7902401089668274, -0.6127975583076477, -185.56814252492848],
      [0.0, 0.0, 0.0, 1.0]], [[0.9832901358604431, -0.13237552344799042, 0.1249687448143959,
        37.84321676630327], [0.18204523622989655, 0.7150066494941711, -0.675000011920929,
        -204.40448342815486], [-8.639047699432467e-09, 0.6864708065986633, 0.7271573543548584,
        220.19884849112827], [0.0, 0.0, 0.0, 1.0]], [[0.7477662563323975, -0.3036261796951294,
        -0.590471625328064, -178.80749022032904], [-0.6639620065689087, -0.34194913506507874,
        -0.6649999618530273, -201.37626885884885], [7.322221762251502e-08, 0.8893153071403503,
        -0.4572942554950714, -138.47857075795764], [0.0, 0.0, 0.0, 1.0]], [[0.6562784314155579,
        0.047073379158973694, 0.7530489563941956, 228.0393693379881], [0.7545188069343567,
        -0.04094424471259117, -0.6549999713897705, -198.34805428954286], [-6.379583794569044e-08,
        0.9980519413948059, -0.0623885840177536, -18.89259561458787], [0.0, 0.0, 0.0,
        1.0]], [[0.7791330218315125, 0.3516422510147095, -0.5189406871795654, -157.14634857562342],
      [-0.6268585920333862, 0.43706220388412476, -0.6449999213218689, -195.31983972023687],
      [1.1100448915613015e-07, 0.8278431296348572, 0.5609595775604248, 169.87059815807083],
      [0.0, 0.0, 0.0, 1.0]], [[0.9999824166297913, 0.004584484733641148, 0.0037685278803110123,
        1.1411912335270735], [0.005934585351496935, -0.7724889516830444, -0.6349999308586121,
        -192.29162515093088], [-5.619834597681006e-10, 0.6350111365318298, -0.772502601146698,
        -233.9304669275756], [0.0, 0.0, 0.0, 1.0]], [[0.7660124897956848, -0.37166503071784973,
        0.5244901180267334, 158.82688358236007], [0.6428256630897522, 0.44288843870162964,
        -0.6249999403953552, -189.2634105816249], [5.216296372623219e-08, 0.8159134984016418,
        0.5781739354133606, 175.08345793962903], [0.0, 0.0, 0.0, 1.0]], [[0.6166349053382874,
        -0.05728704854846001, -0.785162091255188, -237.76396943059552], [-0.7872492074966431,
        -0.04487154260277748, -0.6149999499320984, -186.23519601231888], [-4.860734037492875e-09,
        0.9973487257957458, -0.07276849448680878, -22.035911245762463], [0.0, 0.0,
        0.0, 1.0]], [[0.6902298927307129, 0.3483118414878845, 0.6342409253120422,
        192.0617583334338], [0.7235901355743408, -0.33225345611572266, -0.6050000786781311,
        -183.2069814430129], [-4.585000823453811e-09, 0.8765196204185486, -0.4813663065433502,
        -145.76802706348303], [0.0, 0.0, 0.0, 1.0]], [[0.9719952940940857, 0.18582575023174286,
        -0.14385369420051575, -43.56198869584441], [-0.23500019311904907, 0.7686025500297546,
        -0.5949999690055847, -180.17876687370688], [8.531756634511112e-09, 0.6121428608894348,
        0.7907471656799316, 239.45521478202272], [0.0, 0.0, 0.0, 1.0]], [[0.8044590353965759,
        -0.4077443778514862, -0.4319608509540558, -130.80701938090303], [-0.5940080881118774,
        -0.5522040128707886, -0.5850000381469727, -177.1505523044009], [-3.61150256367182e-08,
        0.7271968126296997, -0.686428964138031, -207.86543790755812], [0.0, 0.0, 0.0,
        1.0]], [[0.5889350771903992, -0.1747673898935318, 0.7890575528144836, 238.94355726608165],
      [0.8081803321838379, 0.12735600769519806, -0.574999988079071, -174.12233773509493],
      [1.509538805066768e-08, 0.9763385057449341, 0.21624799072742462, 65.48452275360513],
      [0.0, 0.0, 0.0, 1.0]], [[0.6099340319633484, 0.2985275983810425, -0.7340720295906067,
        -222.29277528186788], [-0.7924521565437317, 0.2297704964876175, -0.5649999976158142,
        -171.09412316578891], [-3.649249080694972e-08, 0.9263296723365784, 0.37671372294425964,
        114.07698213568749], [0.0, 0.0, 0.0, 1.0]], [[0.8868467807769775, 0.3603973686695099,
        0.2891652286052704, 87.5654184747874], [0.46206361055374146, -0.6917172074317932,
        -0.5549998879432678, -168.06590859648293], [1.583853936892865e-08, 0.6258125901222229,
        -0.7799736857414246, -236.19268115787403], [0.0, 0.0, 0.0, 1.0]], [[0.8650131821632385,
        -0.3896363377571106, 0.31612610816955566, 95.72978184485278], [0.5017490983009338,
        0.6717312335968018, -0.5449999570846558, -165.0376940271769], [2.1963446172890144e-08,
        0.6300481557846069, 0.7765560746192932, 235.15782614172113], [0.0, 0.0, 0.0,
        1.0]], [[0.573880672454834, -0.2963051199913025, -0.7634555101394653, -231.19071003697687],
      [-0.8189389705657959, -0.2076391726732254, -0.5350000262260437, -162.00947945787092],
      [-5.005318826079019e-09, 0.9322496056556702, -0.3618159294128418, -109.56559193450876],
      [0.0, 0.0, 0.0, 1.0]], [[0.5423271656036377, 0.21067753434181213, 0.8133241534233093,
        246.29200246627002], [0.8401674032211304, -0.13599202036857605, -0.5249999761581421,
        -158.9812648885649], [-1.329198937582987e-07, 0.9680502414703369, -0.25075656175613403,
        -75.93445669232052], [0.0, 0.0, 0.0, 1.0]], [[0.765108585357666, 0.47619396448135376,
        -0.433414489030838, -131.24721525950847], [-0.6439012289047241, 0.565832257270813,
        -0.5149999260902405, -155.95305031925892], [1.6266131552811203e-08, 0.6731070280075073,
        0.7395450472831726, 223.9501046222441], [0.0, 0.0, 0.0, 1.0]], [[0.9412350058555603,
        -0.28502312302589417, -0.18121397495269775, -54.875475199581494], [-0.33775240182876587,
        -0.7942909598350525, -0.5049999356269836, -152.9248357499529], [2.341967686447788e-08,
        0.5365290641784668, -0.8438816666603088, -255.54551768724326], [0.0, 0.0,
        0.0, 1.0]], [[0.5727991461753845, -0.4124605655670166, 0.7083624601364136,
        214.50734563898834], [0.819695770740509, 0.2882255017757416, -0.4949999153614044,
        -149.89662118064692], [-1.6000876712496392e-07, 0.8641772270202637, 0.5031875371932983,
        152.37597055675263], [0.0, 0.0, 0.0, 1.0]], [[0.4878615736961365, 0.09440848231315613,
        -0.8678008317947388, -262.78867549612215], [-0.8729211091995239, 0.05276315659284592,
        -0.4850001335144043, -146.8684066113409], [-5.340089614946919e-08, 0.9941345453262329,
        0.10815217345952988, 32.75084652357495], [0.0, 0.0, 0.0, 1.0]], [[0.6399326920509338,
        0.5149298906326294, 0.5703798532485962, 172.72328421378774], [0.7684308290481567,
        -0.42882224917411804, -0.47499996423721313, -143.84019204203491], [-5.81508174946066e-09,
        0.742265522480011, -0.6701053977012634, -202.92240147722663], [0.0, 0.0, 0.0,
        1.0]], [[0.9976015686988831, -0.06123838573694229, 0.032263580709695816, 9.770102695184638],
      [0.06921761482954025, 0.8826006650924683, -0.4650000035762787, -140.8119774727289],
      [-5.283128157174133e-09, 0.4661179482936859, 0.8847225904464722, 267.91298376733505],
      [0.0, 0.0, 0.0, 1.0]], [[0.5885265469551086, -0.5127878189086914, -0.6250481605529785,
        -189.2779833309118], [-0.8084778785705566, -0.373280793428421, -0.45500004291534424,
        -137.7837629034229], [1.6990142626127636e-08, 0.773117184638977, -0.634263277053833,
        -192.0685150771139], [0.0, 0.0, 0.0, 1.0]], [[0.44546592235565186, -0.04094146564602852,
        0.8943623304367065, 270.8320783788622], [0.895298957824707, 0.020370731130242348,
        -0.445000022649765, -134.7555483341169], [4.715463575166723e-08, 0.9989539384841919,
        0.04572926089167595, 13.847826245604516], [0.0, 0.0, 0.0, 1.0]], [[0.5310180187225342,
        0.48599064350128174, -0.6941418647766113, -210.20107180149017], [-0.8473605513572693,
        0.3045572340488434, -0.43500009179115295, -131.7273337648109], [-2.7796659196610563e-08,
        0.8191813230514526, 0.5735346674919128, 173.67859318375997], [0.0, 0.0, 0.0,
        1.0]], [[0.9593167901039124, 0.25311335921287537, 0.1250796914100647, 37.87682266389801],
      [0.2823318839073181, -0.8600366115570068, -0.4250001609325409, -128.6991191955049],
      [-7.675291868736167e-08, 0.44302377104759216, -0.8965095281600952, -271.482444737703],
      [0.0, 0.0, 0.0, 1.0]], [[0.6267345547676086, -0.583926260471344, 0.5159785747528076,
        156.2493724633574], [0.7792328000068665, 0.46965011954307556, -0.41499999165534973,
        -125.67090462619893], [-1.3961319211830414e-08, 0.6621623039245605, 0.7493604421615601,
        226.9224363363194], [0.0, 0.0, 0.0, 1.0]], [[0.41379019618034363, -0.1866486370563507,
        -0.8910330533981323, -269.82392764940397], [-0.910372257232666, -0.0848371610045433,
        -0.4049999415874481, -122.64269005689293], [-4.5329628051149484e-08, 0.9787567853927612,
        -0.20502451062202454, -62.08585524118374], [0.0, 0.0, 0.0, 1.0]], [[0.4430318772792816,
        0.4059888422489166, 0.7993096113204956, 242.04807215846265], [0.8965058922767639,
        -0.2006300687789917, -0.39499980211257935, -119.61447548758693], [7.151738756761006e-09,
        0.891583263874054, -0.4528568983078003, -137.13476144206564], [0.0, 0.0, 0.0,
        1.0]], [[0.8039491176605225, 0.5220717787742615, -0.2847926616668701, -86.24129396942433],
      [-0.5946980714797974, 0.7057685256004333, -0.3850000500679016, -116.58626091828093],
      [5.138839753726643e-08, 0.47888609766960144, 0.8778770565986633, 265.840022865529],
      [0.0, 0.0, 0.0, 1.0]], [[0.6980167031288147, -0.6039657592773438, -0.384705126285553,
        -116.49698153097657], [-0.716081440448761, -0.588729202747345, -0.3749999403953552,
        -113.55804634897493], [-6.904256366624395e-08, 0.5372364521026611, -0.8434314727783203,
        -255.40919752653093], [0.0, 0.0, 0.0, 1.0]], [[0.3918195962905884, -0.334537535905838,
        0.8570660352706909, 259.53794623418327], [0.920042097568512, 0.14246989786624908,
        -0.3649999499320984, -110.52983177966894], [6.7061289854564166e-09, 0.931550920009613,
        0.36361104249954224, 110.1092436122935], [0.0, 0.0, 0.0, 1.0]], [[0.3736664354801178,
        0.2895040214061737, -0.8812268972396851, -266.8544057518954], [-0.9275631308555603,
        0.11662585288286209, -0.35500001907348633, -107.50161721036294], [-9.182620885894721e-08,
        0.9500451683998108, 0.312112420797348, 94.51435449459778], [0.0, 0.0, 0.0,
        1.0]], [[0.616411030292511, 0.6525396704673767, 0.4407147467136383, 133.45787299395587],
      [0.7874245643615723, -0.5108205676078796, -0.3449999988079071, -104.47340264105694],
      [-4.656892116372546e-08, 0.5596914291381836, -0.8287011981010437, -250.94847888381366],
      [0.0, 0.0, 0.0, 1.0]], [[0.817836344242096, -0.5249592661857605, 0.23571479320526123,
        71.37947430901195], [0.5754508376121521, 0.7460772395133972, -0.33500000834465027,
        -101.44518807175093], [-7.10711347551296e-08, 0.40961745381355286, 0.9122573733329773,
        276.25111627290727], [0.0, 0.0, 0.0, 1.0]], [[0.3792392909526825, -0.4768548011779785,
        -0.7929610013961792, -240.12558929631774], [-0.9252986907958984, -0.1954420506954193,
        -0.32499995827674866, -98.41697350244493], [-5.321774665389967e-08, 0.8569785356521606,
        -0.5153524875640869, -156.05971763810905], [0.0, 0.0, 0.0, 1.0]], [[0.3189140260219574,
        0.14803297817707062, 0.9361516833305359, 283.486842188703], [0.9477835893630981,
        -0.04981069639325142, -0.3149999678134918, -95.38875893313893], [6.026780852153024e-08,
        0.987727165222168, -0.15618851780891418, -47.29724889086094], [0.0, 0.0, 0.0,
        1.0]], [[0.46119433641433716, 0.6655614376068115, -0.586794376373291, -177.69393363456138],
      [-0.887299120426178, 0.34594103693962097, -0.3050000071525574, -92.36054436383293],
      [-2.4507352591740528e-08, 0.6613264083862305, 0.7500981688499451, 227.1458354710992],
      [0.0, 0.0, 0.0, 1.0]], [[0.9697588086128235, -0.23249860107898712, -0.07424448430538177,
        -22.48283023462505], [-0.24406524002552032, -0.9237998723983765, -0.2950000464916229,
        -89.33232979452693], [3.785353897001187e-08, 0.3041993975639343, -0.9526078701019287,
        -288.47026185673633], [0.0, 0.0, 0.0, 1.0]], [[0.3768845498561859, -0.6060899496078491,
        0.7004377245903015, 212.10755264152488], [0.926260232925415, 0.24661104381084442,
        -0.28499993681907654, -86.30411522522095], [-7.248238631518689e-08, 0.7561997175216675,
        0.654340922832489, 198.14848115790758], [0.0, 0.0, 0.0, 1.0]], [[0.27501222491264343,
        -0.00901858415454626, -0.9613983631134033, -291.13208417833397], [-0.9614406228065491,
        -0.0025794655084609985, -0.27500003576278687, -83.27590065591495], [1.1177571934695152e-07,
        0.9999558925628662, -0.009380139410495758, -2.8405473938573294], [0.0, 0.0,
        0.0, 1.0]], [[0.34653574228286743, 0.6044451594352722, 0.7173277139663696,
        217.22221680117653], [0.9380367994308472, -0.22329841554164886, -0.2649998366832733,
        -80.24768608660895], [2.1816119044615334e-07, 0.7647117376327515, -0.6443727016448975,
        -195.12983417022335], [0.0, 0.0, 0.0, 1.0]], [[0.9383646845817566, 0.3326394259929657,
        -0.09392926096916199, -28.4438006535806], [-0.34564679861068726, 0.9030522108078003,
        -0.2549999952316284, -77.21947151730295], [-2.2788604780998867e-08, 0.271749347448349,
        0.9623680710792542, 291.42569927948864], [0.0, 0.0, 0.0, 1.0]], [[0.38778188824653625,
        -0.7144797444343567, -0.5823608040809631, -176.35131530901555], [-0.9217512607574463,
        -0.30058276653289795, -0.2449999749660492, -74.19125694799696], [-2.9714641414102516e-08,
        0.6317983269691467, -0.7751331329345703, -234.72687481161506], [0.0, 0.0,
        0.0, 1.0]], [[0.23884150385856628, -0.1734643280506134, 0.9554396271705627,
        289.327608427287], [0.9710586071014404, 0.04266517981886864, -0.2349998950958252,
        -71.16304237869096], [7.515592415074934e-08, 0.9839155673980713, 0.17863422632217407,
        54.09428046222889], [0.0, 0.0, 0.0, 1.0]], [[0.26247093081474304, 0.4968666732311249,
        -0.8271834254264832, -250.48891841942734], [-0.9649398326873779, 0.1351514756679535,
        -0.22500009834766388, -68.13482780938496], [-4.6386166019374286e-08, 0.8572382926940918,
        0.5149198770523071, 155.92877145037113], [0.0, 0.0, 0.0, 1.0]], [[0.6333172917366028,
        0.7279326319694519, 0.2627227306365967, 79.55808372946817], [0.7738921642303467,
        -0.5957058668136597, -0.21500006318092346, -65.10661324007896], [-5.105157896423407e-08,
        0.3394823372364044, -0.9406121969223022, -284.8376291912163], [0.0, 0.0, 0.0,
        1.0]], [[0.42026254534721375, -0.7921267747879028, 0.44262221455574036, 134.03554430818014],
      [0.907402515411377, 0.36687275767326355, -0.20499996840953827, -62.07839867077295],
      [-4.2727865690039835e-08, 0.4877903461456299, 0.8729608058929443, 264.35124372329625],
      [0.0, 0.0, 0.0, 1.0]], [[0.20779049396514893, -0.33788639307022095, -0.9179628491401672,
        -277.97887404689436], [-0.9781732559204102, -0.0717761442065239, -0.1950000524520874,
        -59.050184101466954], [-5.682853299049384e-08, 0.9384459257125854, -0.3454257845878601,
        -104.60237147777688], [0.0, 0.0, 0.0, 1.0]], [[0.19880090653896332, 0.35878244042396545,
        0.9120051264762878, 276.1747200285564], [0.9800398945808411, -0.07277889549732208,
        -0.18500007688999176, -56.02196953216095], [-4.970390321545892e-08, 0.9305796027183533,
        -0.3660896122455597, -110.8598111330577], [0.0, 0.0, 0.0, 1.0]], [[0.37999606132507324,
        0.8210596442222595, -0.4259859025478363, -128.99767127913026], [-0.9249880909919739,
        0.3373010754585266, -0.17499995231628418, -52.99375496285495], [7.354712749929604e-08,
        0.46053117513656616, 0.8876435160636902, 268.7975028103302], [0.0, 0.0, 0.0,
        1.0]], [[0.4997408092021942, -0.8176008462905884, -0.285986065864563, -86.60271357965067],
      [-0.8661749958992004, -0.4717159569263458, -0.16499988734722137, -49.96554039354895],
      [-1.4561145178504376e-07, 0.3301711678504944, -0.9439211487770081, -285.8395521116571],
      [0.0, 0.0, 0.0, 1.0]], [[0.17941920459270477, -0.4954904615879059, 0.8498809933662415,
        257.3622514656953], [0.9837725758552551, 0.09036700427532196, -0.15500009059906006,
        -46.93732582424298], [1.498295532087468e-08, 0.8638997077941895, 0.5036637187004089,
        152.52014208801475], [0.0, 0.0, 0.0, 1.0]], [[0.14808377623558044, 0.2007736712694168,
        -0.9683805704116821, -293.2464515940186], [-0.9889746904373169, 0.030062757432460785,
        -0.14500002562999725, -43.90911125493698], [-1.1702572066951689e-07, 0.9791761636734009,
        0.20301201939582825, 61.4763641889272], [0.0, 0.0, 0.0, 1.0]], [[0.22753749787807465,
        0.7838600873947144, 0.5777456760406494, 174.9537799128621], [0.9737693667411804,
        -0.18316210806369781, -0.13500000536441803, -40.88089668563098], [-2.196254200725889e-08,
        0.5933085680007935, -0.8049752116203308, -243.7637420904752], [0.0, 0.0, 0.0,
        1.0]], [[0.7274736762046814, -0.6759307384490967, 0.11789708584547043, 35.70174961682461],
      [0.6861355900764465, 0.7166539430618286, -0.1250000298023224, -37.85268211632498],
      [-4.995048641376343e-08, 0.17182761430740356, 0.9851270318031311, 298.31760643393],
      [0.0, 0.0, 0.0, 1.0]], [[0.15091456472873688, -0.6401350498199463, -0.7532938122749329,
        -228.11358067060308], [-0.9885466694831848, -0.09772466868162155, -0.11500006169080734,
        -34.824467547018976], [6.187336509810848e-08, 0.7620214223861694, -0.647551417350769,
        -196.09254333419725], [0.0, 0.0, 0.0, 1.0]], [[0.105051688849926, 0.03121960163116455,
        0.9939767122268677, 300.99743947000286], [0.9944668412208557, -0.0032979727257043123,
        -0.10500000417232513, -31.796252977712975], [-4.410573239965743e-08, 0.9995071887969971,
        -0.031393397599458694, -9.50655072307378], [0.0, 0.0, 0.0, 1.0]], [[0.13217446208000183,
        0.6891719102859497, -0.7124408483505249, -215.74237864302782], [-0.9912264347076416,
        0.09189721941947937, -0.09499993175268173, -28.768038408406976], [3.659203073880235e-08,
        0.7187467813491821, 0.695271909236908, 210.54325161626994], [0.0, 0.0, 0.0,
        1.0]], [[0.836266279220581, 0.5454837083816528, 0.055732838809490204, 16.877099577901262],
      [0.5483235120773315, -0.8319351673126221, -0.08499941974878311, -25.739823839100975],
      [3.152328247324476e-07, 0.10164177417755127, -0.9948208928108215, -301.2531489563898],
      [0.0, 0.0, 0.0, 1.0]], [[0.11795367300510406, -0.7664302587509155, 0.631404459476471,
        191.20281971936987], [0.9930191040039062, 0.09103880077600479, -0.07500003278255463,
        -22.711609269794973], [-1.4318555230374841e-08, 0.6358432173728943, 0.771818220615387,
        233.72312532847369], [0.0, 0.0, 0.0, 1.0]], [[0.06567231565713882, -0.14239941537380219,
        -0.9876282215118408, -299.07502609980594], [-0.9978411793708801, -0.009371972642838955,
        -0.06500009447336197, -19.68339470048897], [-9.436398329398799e-08, 0.9897648692131042,
        -0.1427074372768402, -43.214899213538516], [0.0, 0.0, 0.0, 1.0]], [[0.06650763750076294,
        0.560998797416687, 0.8251405954360962, 249.8702837808237], [0.9977858662605286,
        -0.03739331662654877, -0.05499998852610588, -16.655180131182973], [-1.5704765132795728e-07,
        0.8269715905189514, -0.562243640422821, -170.2594521184054], [0.0, 0.0, 0.0,
        1.0]], [[0.193015918135643, 0.9541565775871277, -0.22875750064849854, -69.27267872319777],
      [-0.9811955690383911, 0.1876969337463379, -0.045000046491622925, -13.626965561876972],
      [-2.3594759923639685e-08, 0.23314158618450165, 0.9724428057670593, 294.4765467225856],
      [0.0, 0.0, 0.0, 1.0]], [[0.07148006558418274, -0.8696914911270142, -0.48839271068573,
        -147.89577454024374], [-0.9974421262741089, -0.06232519820332527, -0.03499990329146385,
        -10.598750992571006], [-7.868433016255949e-09, 0.48964521288871765, -0.871921956539154,
        -264.0366283834688], [0.0, 0.0, 0.0, 1.0]], [[0.026323558762669563, -0.31300896406173706,
        0.9493853449821472, 287.49423631492624], [0.9996535181999207, 0.008242389187216759,
        -0.024999884888529778, -7.570536423265003], [-5.4166214624729037e-08, 0.9497144222259521,
        0.31311744451522827, 94.8186998515192], [0.0, 0.0, 0.0, 1.0]], [[0.016449889168143272,
        0.410444051027298, -0.9117373824119568, -276.09365063231945], [-0.9998646974563599,
        0.006752775516360998, -0.01499994844198227, -4.5423218539590025], [9.699823522169027e-08,
        0.9118607640266418, 0.41049960255622864, 124.30807765493311], [0.0, 0.0, 0.0,
        1.0]], [[0.012656276114284992, 0.9185775518417358, 0.3950377404689789, 119.62592894727287],
      [0.9999197721481323, -0.01162642054259777, -0.0050001670606434345, -1.5141072846530017],
      [-1.1741960292965814e-07, 0.3950693905353546, -0.9186510443687439, -278.18730988347346],
      [0.0, 0.0, 0.0, 1.0]], [[-0.015184342861175537, -0.9441202878952026, 0.32925137877464294,
        99.70439079608119], [0.9998847842216492, -0.014337507076561451, 0.005000002216547728,
        1.514107284652999], [1.3797269993176542e-08, 0.32928934693336487, 0.9442290663719177,
        285.9328185303044], [0.0, 0.0, 0.0, 1.0]], [[-0.017033090814948082, -0.47372281551361084,
        -0.8805093169212341, -266.6370901328049], [-0.9998549818992615, 0.008070118725299835,
        0.01499992422759533, 4.542321853959001], [3.73421826793674e-08, 0.8806370496749878,
        -0.47379156947135925, -143.47426338983814], [0.0, 0.0, 0.0, 1.0]], [[-0.02578846551477909,
        0.24528563022613525, 0.9691079258918762, 293.4666402426321], [0.9996675252914429,
        0.006327512674033642, 0.02499999664723873, 7.570536423265001], [-1.8478409913313953e-08,
        0.9694303274154663, -0.2453673630952835, -74.30244155165228], [0.0, 0.0, 0.0,
        1.0]], [[-0.06365979462862015, 0.8336037993431091, -0.5486819744110107, -166.15268971110294],
      [-0.9979715347290039, -0.053174857050180435, 0.035000089555978775, 10.598750992571],
      [6.424829734896775e-08, 0.5497971773147583, 0.8352981805801392, 252.9462096113214],
      [0.0, 0.0, 0.0, 1.0]], [[-0.2713890075683594, -0.9491464495658875, -0.15959084033966064,
        -48.32752080802395], [-0.9624698758125305, 0.2676319479942322, 0.04500025510787964,
        13.626965561877002], [-2.1193174859490682e-07, 0.16581392288208008, -0.986157238483429,
        -298.6295218488898], [0.0, 0.0, 0.0, 1.0]], [[-0.07003221660852432, -0.6175291538238525,
        0.7834240198135376, 237.23760449452547], [0.9975447058677673, -0.04335324466228485,
        0.055000077933073044, 16.655180131183002], [-1.619191891677474e-07, 0.7853522896766663,
        0.6190491318702698, 187.46135272655025], [0.0, 0.0, 0.0, 1.0]], [[-0.06517231464385986,
        0.07252946496009827, -0.9952345490455627, -301.37841097410137], [-0.9978739023208618,
        -0.004736918490380049, 0.065000019967556, 19.683394700489007], [-1.7069048396933795e-08,
        0.9973549246788025, 0.07268407940864563, 22.010273723003223], [0.0, 0.0, 0.0,
        1.0]], [[-0.10895237326622009, 0.721037745475769, 0.6842762231826782, 207.21351583054206],
      [0.9940469264984131, 0.07902922481298447, 0.07500007003545761, 22.711609269795005],
      [7.745987318230618e-08, 0.6883741021156311, -0.7253557443618774, -219.6533096474828],
      [0.0, 0.0, 0.0, 1.0]], [[-0.9856032729148865, 0.16844619810581207, -0.014581342227756977,
        -4.415562196358028], [-0.1690761297941208, -0.981931209564209, 0.08499982953071594,
        25.739823839101007], [2.5953005078349634e-08, 0.08624144643545151, 0.9962742924690247,
        301.6932201041205], [0.0, 0.0, 0.0, 1.0]], [[-0.1421288102865219, -0.7362449169158936,
        -0.6616210341453552, -200.3530664863877], [-0.9898479580879211, 0.10571522265672684,
        0.09499992430210114, 28.76803840840701], [7.044972250014325e-08, 0.66840660572052,
        -0.74379563331604, -225.2373936388109], [0.0, 0.0, 0.0, 1.0]], [[-0.10554435849189758,
        -0.10086432844400406, 0.989285945892334, 299.57702547263284], [0.9944145679473877,
        -0.010705443099141121, 0.10500004887580872, 31.79625297771301], [1.5685317933389342e-08,
        0.994842529296875, 0.10143090039491653, 30.71545023466024], [0.0, 0.0, 0.0,
        1.0]], [[-0.14279510080814362, 0.5867257714271545, -0.7970961928367615, -241.3778393667561],
      [-0.9897522330284119, -0.08464904874563217, 0.1149999126791954, 34.82446754701901],
      [-3.397738623789337e-08, 0.8053492307662964, 0.5928006768226624, 179.5127569290668],
      [0.0, 0.0, 0.0, 1.0]], [[-0.5555309057235718, 0.8101736307144165, 0.18709495663642883,
        56.65635685480995], [0.8314961791038513, 0.5412847995758057, 0.12500016391277313,
        37.85268211632501], [1.5151935883750411e-07, 0.22501014173030853, -0.9743567109107971,
        -295.05603952827676], [0.0, 0.0, 0.0, 1.0]], [[-0.25150129199028015, -0.8166045546531677,
        0.5195227861404419, 157.32267836949734], [0.9678568243980408, -0.2121976763010025,
        0.13500018417835236, 40.880896685631015], [-1.9814301310816518e-07, 0.5367764234542847,
        0.8437244892120361, 255.49787070423423], [0.0, 0.0, 0.0, 1.0]], [[-0.1506289392709732,
        -0.2677265703678131, -0.9516476988792419, -288.1793571313706], [-0.9885903596878052,
        0.0407928042113781, 0.14500010013580322, 43.90911125493702], [-1.7684548936358624e-08,
        0.9626309871673584, -0.27081647515296936, -82.00904126815917], [0.0, 0.0,
        0.0, 1.0]], [[-0.17283913493156433, 0.4357988238334656, 0.8832928538322449,
        267.480019473642], [0.9849501848220825, 0.07647377252578735, 0.1550002545118332,
        46.93732582424301], [1.0911050196682481e-07, 0.8967894911766052, -0.44245782494544983,
        -133.9856761165911], [0.0, 0.0, 0.0, 1.0]], [[-0.42457354068756104, 0.8342258334159851,
        -0.351858526468277, -106.55031024483222], [-0.9053933620452881, -0.39120036363601685,
        0.16499996185302734, 49.96554039354895], [2.3035362062273634e-08, 0.38862502574920654,
        0.921396017074585, 279.01847777070566], [0.0, 0.0, 0.0, 1.0]], [[-0.4349343478679657,
        -0.8243566155433655, -0.3623097240924835, -109.71515108845574], [-0.9004622101783752,
        0.3981744050979614, 0.17500004172325134, 52.99375496285495], [1.5276786058393554e-08,
        0.4023597240447998, -0.915481686592102, -277.22749202441184], [0.0, 0.0, 0.0,
        1.0]], [[-0.20485864579677582, -0.4204019606113434, 0.8839090466499329, 267.66660821199247],
      [0.9787915945053101, -0.08798912912607193, 0.18499992787837982, 56.02196953216095],
      [3.5480354654282564e-08, 0.9030615091323853, 0.4295112192630768, 130.06521654768613],
      [0.0, 0.0, 0.0, 1.0]], [[-0.20311349630355835, 0.2739790380001068, -0.9400428533554077,
        -284.665129108587], [-0.9791552424430847, -0.05683355778455734, 0.1950000673532486,
        59.050184101466954], [-3.4829454875762167e-09, 0.9600549936294556, 0.2798115909099579,
        84.73296173712744], [0.0, 0.0, 0.0, 1.0]], [[-0.37734997272491455, 0.7774945497512817,
        0.5030989050865173, 152.34917990484553], [0.9260703325271606, 0.316809743642807,
        0.20499995350837708, 62.07839867077295], [-1.464342176404898e-07, 0.5432618856430054,
        -0.839562714099884, -254.23775207149058], [0.0, 0.0, 0.0, 1.0]], [[-0.7394911050796509,
        -0.6440869569778442, 0.19571685791015625, 59.267240184563356], [0.6731664538383484,
        -0.7075464725494385, 0.21500003337860107, 65.10661324007896], [5.0602515955233685e-08,
        0.29074060916900635, 0.9568018913269043, 289.740155882617], [0.0, 0.0, 0.0,
        1.0]], [[-0.2743024528026581, -0.5500476956367493, -0.7888001799583435, -238.86559483140516],
      [-0.9616434574127197, 0.15689757466316223, 0.22499996423721313, 68.13482780938496],
      [1.1930278276395256e-07, 0.8202625513076782, -0.5719871520996094, -173.21001016914576],
      [0.0, 0.0, 0.0, 1.0]], [[-0.23645566403865814, 0.107650026679039, 0.9656604528427124,
        292.4227146734857], [0.971642255783081, 0.026197470724582672, 0.23499998450279236,
        71.16304237869096], [-8.380834515264723e-08, 0.9938436150550842, -0.11079182475805283,
        -33.55014336733796], [0.0, 0.0, 0.0, 1.0]], [[-0.3596731126308441, 0.6831269264221191,
        -0.6355884075164795, -192.4698132402063], [-0.9330782294273376, -0.263324499130249,
        0.244999960064888, 74.19125694799696], [6.94804214163014e-09, 0.6811736822128296,
        0.7321218252182007, 221.70219475983438], [0.0, 0.0, 0.0, 1.0]], [[-0.9949167966842651,
        -0.0973341315984726, -0.025809139013290405, -7.815560608726564], [-0.10069778561592102,
        0.961683452129364, 0.2549997568130493, 77.21947151730295], [3.78606230810874e-08,
        0.25630253553390503, -0.9665963649749756, -292.70617521420843], [0.0, 0.0,
        0.0, 1.0]], [[-0.3677574694156647, -0.6447781920433044, 0.6700862050056458,
        202.91649204876427], [0.9299217462539673, -0.2549912929534912, 0.26500001549720764,
        80.24768608660895], [-9.368235964757332e-08, 0.720583438873291, 0.6933682560920715,
        209.96676144080516], [0.0, 0.0, 0.0, 1.0]], [[-0.27547118067741394, -0.05619892105460167,
        -0.9596651196479797, -290.6072191772786], [-0.9613092541694641, 0.01610442064702511,
        0.27500012516975403, 83.27590065591495], [7.005566970974542e-08, 0.9982896447181702,
        -0.05846075341105461, -17.703200545847377], [0.0, 0.0, 0.0, 1.0]], [[-0.35736083984375,
        0.5634634494781494, 0.7448505759239197, 225.5567113334249], [0.9339664578437805,
        0.2155963033437729, 0.28499987721443176, 86.30411522522095], [-6.299569577095099e-08,
        0.7975131869316101, -0.6033016443252563, -182.692650222205], [0.0, 0.0, 0.0,
        1.0]], [[-0.9019314646720886, 0.4081250727176666, -0.14125725626945496, -42.775728184287466],
      [-0.4318792521953583, -0.8523235321044922, 0.29499995708465576, 89.33232979452696],
      [4.3172487806941717e-10, 0.3270758092403412, 0.9449980854988098, 286.1656979956839],
      [0.0, 0.0, 0.0, 1.0]], [[-0.4970725476741791, -0.6851629018783569, -0.5324202179908752,
        -161.22824547684414], [-0.8677093386650085, 0.39249932765960693, 0.30500003695487976,
        92.36054436383296], [-1.533325644231809e-08, 0.6135929822921753, -0.7896229028701782,
        -239.1146534256026], [0.0, 0.0, 0.0, 1.0]], [[-0.3230492174625397, -0.2099420577287674,
