{cam2Pos: [[[-0.8683501482009888, -0.15397873520851135, 0.47144272923469543, 282.86567562729675],
      [0.4959512948989868, -0.26959773898124695, 0.8254387378692627, 495.2633007011014],
      [-7.642864119361548e-08, 0.9505826830863953, 0.31047141551971436, 186.2827757216523],
      [0.0, 0.0, 0.0, 1.0]], [[-0.02368067018687725, -0.6630673408508301, 0.7481849789619446,
        448.9110221862401], [0.999719500541687, -0.015706228092312813, 0.01772257313132286,
        10.633555502595295], [-4.6037179401992034e-08, 0.7483948469161987, 0.6632534265518188,
        397.952034367307], [0.0, 0.0, 0.0, 1.0]], [[-0.16296015679836273, 0.21264494955539703,
        -0.9634449481964111, -578.0669579682009], [-0.9866326451301575, -0.035122111439704895,
        0.1591302752494812, 95.47814136595582], [4.484417459593715e-08, 0.9764981269836426,
        0.21552594006061554, 129.3155699314392], [0.0, 0.0, 0.0, 1.0]]]}
