{cam2Pos: [[[-0.8506507277488708, -8.108533933182116e-08, -0.5257312059402466, -115.76493587661447],
      [-0.5257312059402466, -3.254599434399097e-08, 0.8506507277488708, 187.31160095381432],
      [-8.108533933182116e-08, 1.0, -3.254599434399097e-08, 0.0], [0.0, 0.0, 0.0,
        1.0]], [[1.3321155468777036e-07, -0.8506508162084654, -0.525731074318542,
        -115.76493587661447], [-6.130734261832638e-08, -0.5257310994071702, 0.850650809095558,
        187.31160095381432], [-0.9999999807595271, -8.608575113858023e-08, -1.2218459932711312e-07,
        0.0], [0.0, 0.0, 0.0, 1.0]], [[0.8506508562213616, 6.537248834013822e-08,
        -0.5257309980673902, -115.76493587661447], [0.5257309980673903, 5.7969921075754815e-08,
        0.8506508562213615, 187.31160095381432], [8.108533920935649e-08, -1.0, 3.2545994343990956e-08,
        0.0], [0.0, 0.0, 0.0, 1.0]], [[-4.739063930900171e-09, 0.8506508004956146,
        -0.5257311296890949, -115.76493587661447], [-1.465655136432331e-07, 0.525731124831097,
        0.8506507748746743, 187.31160095381432], [0.9999999807595271, 8.608575102755793e-08,
        1.2218459932711312e-07, 0.0], [0.0, 0.0, 0.0, 1.0]], [[-0.8506507277488708,
        8.108533933182116e-08, 0.5257312059402466, 115.76493587661447], [0.5257312059402466,
        -3.254599434399097e-08, 0.8506507277488708, 187.31160095381432], [8.108533933182116e-08,
        1.0, -3.254599434399097e-08, 0.0], [0.0, 0.0, 0.0, 1.0]], [[-4.7390642084559275e-09,
        -0.8506508004956146, 0.5257311296890949, 115.76493587661447], [1.4656551386527772e-07,
        0.525731124831097, 0.8506507748746743, 187.31160095381432], [-0.9999999807595271,
        8.608575136062484e-08, 1.2218459932711312e-07, 0.0], [0.0, 0.0, 0.0, 1.0]],
    [[0.8506508562213616, -6.537248854848758e-08, 0.5257309980673902, 115.76493587661447],
      [-0.5257309980673903, 5.7969921204521796e-08, 0.8506508562213615, 187.31160095381432],
      [-8.108533945428583e-08, -1.0, 3.254599434399098e-08, 0.0], [0.0, 0.0, 0.0,
        1.0]], [[1.332115549653261e-07, 0.8506508162084654, 0.525731074318542, 115.76493587661447],
      [6.130734239628177e-08, -0.5257310994071702, 0.850650809095558, 187.31160095381432],
      [0.9999999807595271, -8.608575147164714e-08, -1.2218459932711312e-07, 0.0],
      [0.0, 0.0, 0.0, 1.0]], [[0.8506508469581604, 0.0, -0.525731086730957, -115.76493587661447],
      [-0.525731086730957, 3.6557956661908975e-08, -0.8506507873535156, -187.31160095381432],
      [0.0, 0.9999999403953552, 3.6557956661908975e-08, 0.0], [0.0, 0.0, 0.0, 1.0]],
    [[2.2024407020371228e-08, 0.850650773998516, -0.5257310646131333, -115.76493587661447],
      [3.563623907076874e-08, -0.5257310543295314, -0.8506508010230824, -187.31160095381432],
      [-1.0000000194929735, 1.921965532369079e-08, -1.0556895357893833e-08, 0.0],
      [0.0, 0.0, 0.0, 1.0]], [[-0.8506508029093466, 3.269843058998258e-08, -0.5257311046914203,
        -115.76493587661447], [0.5257311580034353, 1.6349215178520467e-08, -0.8506507762533391,
        -187.31160095381432], [-1.2246468230193605e-16, -0.9999999403953552, -3.6557956661908975e-08,
        0.0], [0.0, 0.0, 0.0, 1.0]], [[2.2024406742815472e-08, -0.8506507413000856,
        -0.525731126809244, -115.76493587661447], [3.563623923730219e-08, 0.5257311072367034,
        -0.8506507625837721, -187.31160095381432], [1.0000000194929735, -1.9219655434713086e-08,
        1.0556895357893828e-08, 0.0], [0.0, 0.0, 0.0, 1.0]], [[0.8506508469581604,
        0.0, 0.525731086730957, 115.76493587661447], [0.525731086730957, 3.6557956661908975e-08,
        -0.8506507873535156, -187.31160095381432], [0.0, 0.9999999403953552, 3.6557956661908975e-08,
        0.0], [0.0, 0.0, 0.0, 1.0]], [[2.2024407020371228e-08, 0.8506507413000856,
        0.525731126809244, 115.76493587661447], [-3.563623907076874e-08, 0.5257311072367034,
        -0.850650762583772, -187.31160095381432], [-1.0000000194929735, -1.92196551016462e-08,
        1.055689535789384e-08, 0.0], [0.0, 0.0, 0.0, 1.0]], [[-0.8506508029093466,
        -3.269843038163324e-08, 0.5257311046914203, 115.76493587661447], [-0.5257311580034353,
        1.6349215307287442e-08, -0.8506507762533391, -187.31160095381432], [-1.2246468230193605e-16,
        -0.9999999403953552, -3.6557956661908975e-08, 0.0], [0.0, 0.0, 0.0, 1.0]],
    [[2.2024406742815472e-08, -0.850650773998516, 0.5257310646131333, 115.76493587661447],
      [-3.563623923730219e-08, -0.5257310543295314, -0.8506508010230825, -187.31160095381432],
      [1.0000000194929735, 1.9219654990623903e-08, -1.0556895357893845e-08, 0.0],
      [0.0, 0.0, 0.0, 1.0]], [[1.0, 0.0, 0.0, 0.0], [0.0, 0.8506507873535156, -0.5257311463356018,
        -115.76493587661447], [0.0, 0.5257311463356018, 0.8506507873535156, 187.31160095381432],
      [0.0, 0.0, 0.0, 1.0]], [[1.1102230246251565e-16, 1.0000000001262503, -4.014584392697529e-08,
        0.0], [-0.85065080835204, -2.1105919095765202e-08, -0.5257311121855073, -115.76493587661447],
      [-0.5257311121191336, 3.4150094585516655e-08, 0.8506508084594347, 187.31160095381432],
      [0.0, 0.0, 0.0, 1.0]], [[-1.0, 1.2246467993019653e-16, -4.9164479257458025e-24,
        0.0], [-1.0417467896404344e-16, -0.8506508295653541, -0.5257310780354127,
        -115.76493587661447], [-6.438349236688752e-17, -0.5257310780354127, 0.850650829565354,
        187.31160095381432], [0.0, 0.0, 0.0, 1.0]], [[-2.220446049250313e-16, -1.0000000001262503,
        4.014584392697529e-08, 0.0], [0.85065080835204, -2.1105919401076534e-08, -0.5257311121855073,
        -115.76493587661447], [0.5257311121191336, 3.415009436347205e-08, 0.8506508084594349,
        187.31160095381432], [0.0, 0.0, 0.0, 1.0]], [[-1.0, -8.742278367890322e-08,
        -4.000553127024532e-15, 0.0], [7.436626248136236e-08, -0.8506509065628052,
        0.525731086730957, 115.76493587661447], [-4.596087421759876e-08, 0.525731086730957,
        0.8506508469581604, 187.31160095381432], [0.0, 0.0, 0.0, 1.0]], [[8.742278269925438e-08,
        -1.0000000701957126, -4.189291152867369e-08, 0.0], [0.8506508083520417, 3.586753594131409e-08,
        0.5257311223671995, 115.76493587661447], [-0.5257311121191309, -1.082531238538742e-07,
        0.8506508249337514, 187.31160095381432], [0.0, 0.0, 0.0, 1.0]], [[1.0, 8.742278355643853e-08,
        4.000553121894129e-15, 0.0], [-7.436625914635634e-08, 0.8506508295653541,
        0.5257311580034353, 115.76493587661447], [4.596087938081022e-08, -0.5257312113154502,
        0.8506508029093465, 187.31160095381432], [0.0, 0.0, 0.0, 1.0]], [[-8.742278258823208e-08,
        1.0000000701957126, 4.189291152867369e-08, 0.0], [-0.8506508083520383, -1.128649869952536e-07,
        0.5257311223671928, 115.76493587661447], [0.5257311121191363, -1.6331369478983504e-08,
        0.8506508249337555, 187.31160095381432], [0.0, 0.0, 0.0, 1.0]], [[1.0, 0.0,
        0.0, 0.0], [0.0, -0.8506506681442261, -0.5257312059402466, -115.76493587661447],
      [0.0, 0.5257312059402466, -0.8506506681442261, -187.31160095381432], [0.0, 0.0,
        0.0, 1.0]], [[1.1102230246251565e-16, 0.9999999300567879, 1.5352061555340413e-07,
        0.0], [0.85065080835204, 8.07105638989114e-08, -0.5257310753478109, -115.76493587661447],
      [-0.5257311121191336, 1.3059243569868428e-07, -0.8506507488547901, -187.31160095381432],
      [0.0, 0.0, 0.0, 1.0]], [[-1.0, 1.2246467134916223e-16, 1.8800853039736732e-23,
        0.0], [1.0417467896404344e-16, 0.8506508295653541, -0.5257309447553752, -115.76493587661447],
      [-6.438349236688752e-17, -0.5257309447553753, -0.850650829565354, -187.31160095381432],
      [0.0, 0.0, 0.0, 1.0]], [[-2.220446049250313e-16, -0.9999999300567879, -1.5352061555340413e-07,
        0.0], [-0.85065080835204, 8.071056414871158e-08, -0.5257310753478109, -115.76493587661447],
      [0.5257311121191336, 1.3059243553215083e-07, -0.8506507488547901, -187.31160095381432],
      [0.0, 0.0, 0.0, 1.0]], [[-0.9999997615814209, -8.74227694680485e-08, 1.294825300446464e-14,
        0.0], [-7.436624827050764e-08, 0.8506509065628052, 0.5257309079170227, 115.76493587661447],
      [-4.596087066488508e-08, 0.5257309079170227, -0.8506506681442261, -187.31160095381432],
      [0.0, 0.0, 0.0, 1.0]], [[8.742276874300724e-08, -0.999999976187664, 9.99930807599192e-08,
        0.0], [-0.8506506055410822, 4.410049864178589e-08, 0.5257309929762288, 115.76493587661447],
      [-0.52573098677507, -2.376440947915448e-07, -0.8506506155747457, -187.31160095381432],
      [0.0, 0.0, 0.0, 1.0]], [[0.9999997615814209, 8.742276934558383e-08, -1.294825299221902e-14,
        0.0], [7.43662496134252e-08, -0.850650669629309, 0.5257310780354126, 115.76493587661447],
      [4.5960868259057226e-08, -0.5257312912834727, -0.850650563005279, -187.31160095381432],
      [0.0, 0.0, 0.0, 1.0]], [[-8.742276863198496e-08, 0.999999976187664, -9.99930807599192e-08,
        0.0], [0.8506506055410837, 1.9283299740324722e-07, 0.5257309929762067, 115.76493587661447],
      [0.5257309867750676, -1.4572235529364264e-07, -0.8506506155747594, -187.31160095381432],
      [0.0, 0.0, 0.0, 1.0]], [[1.7065899271528906e-07, 0.5257311463356018, 0.8506507873535156,
        187.31160095381432], [0.9999999403953552, 2.3411097060943575e-08, -1.5148395959840855e-07,
        0.0], [-6.9387880330396e-08, 0.8506507873535156, -0.525731086730957, -115.76493587661447],
      [0.0, 0.0, 0.0, 1.0]], [[-0.5257309262619067, 2.1842152475581855e-08, 0.8506508614432577,
        187.31160095381432], [3.069588565147637e-08, 1.0000000001262503, 1.0556895357893836e-08,
        0.0], [-0.850650853148661, -4.1020587732143454e-08, -0.525730966851236, -115.76493587661447],
      [0.0, 0.0, 0.0, 1.0]], [[1.383834285655765e-07, -0.5257310780354127, 0.8506507762533391,
        187.31160095381432], [-0.9999999403953552, -2.3411096938478897e-08, 1.5148395959840855e-07,
        0.0], [-1.2161084013070858e-07, -0.8506508295653541, -0.5257311046914203,
        -115.76493587661447], [0.0, 0.0, 0.0, 1.0]], [[0.5257312353043281, 4.645803647340685e-08,
        0.8506507021635968, 187.31160095381432], [-3.069588576249866e-08, -1.0000000001262503,
        -1.0556895357893836e-08, 0.0], [0.8506506621499406, -1.1912507646982817e-09,
        -0.5257312245711414, -115.76493587661447], [0.0, 0.0, 0.0, 1.0]], [[-9.973301473564788e-08,
        -0.5257311463356018, 0.8506507873535156, 187.31160095381432], [0.9999999403953552,
        2.3411097060943575e-08, 1.5148395959840855e-07, 0.0], [-6.9387880330396e-08,
        0.8506507873535156, 0.5257311463356018, 115.76493587661447], [0.0, 0.0, 0.0,
        1.0]], [[0.5257309775844264, -2.1842152475581855e-08, 0.8506508880992653,
        187.31160095381432], [-6.592107629897575e-09, 1.0000000001262503, 4.014584392697529e-08,
        0.0], [-0.8506508214295994, -4.1020587732143454e-08, 0.5257309833255546, 115.76493587661447],
      [0.0, 0.0, 0.0, 1.0]], [[-1.0666436693895031e-07, 0.5257310780354127, 0.850650829565354,
        187.31160095381432], [-0.9999999403953552, -2.3411096938478897e-08, -1.5148395959840855e-07,
        0.0], [-5.817271687745623e-08, -0.8506508295653541, 0.5257310780354127, 115.76493587661447],
      [0.0, 0.0, 0.0, 1.0]], [[-0.5257311839818083, -4.645803647340685e-08, 0.8506507288196044,
        187.31160095381432], [6.592107518875279e-09, -1.0000000001262503, -4.014584392697529e-08,
        0.0], [0.8506506938690022, -1.1912507646982817e-09, 0.52573124104546, 115.76493587661447],
      [0.0, 0.0, 0.0, 1.0]], [[1.7065899271528906e-07, -0.5257311463356018, -0.8506507873535156,
        -187.31160095381432], [-0.9999999403953552, 2.3411097060943575e-08, -1.5148395959840855e-07,
        0.0], [6.9387880330396e-08, 0.8506507873535156, -0.525731086730957, -115.76493587661447],
      [0.0, 0.0, 0.0, 1.0]], [[0.5257312353043281, -4.6458036695451455e-08, -0.8506507021635967,
        -187.31160095381432], [3.069588542943177e-08, -1.0000000001262503, -1.0556895357893836e-08,
        0.0], [-0.8506506621499406, -1.19125045938695e-09, -0.5257312245711414, -115.76493587661447],
      [0.0, 0.0, 0.0, 1.0]], [[1.3838342869434347e-07, 0.5257310780354127, -0.8506507762533391,
        -187.31160095381432], [0.9999999403953552, -2.3411097183408254e-08, 1.5148395959840855e-07,
        0.0], [1.2161083992235923e-07, -0.8506508295653541, -0.5257311046914203, -115.76493587661447],
      [0.0, 0.0, 0.0, 1.0]], [[-0.5257309262619067, -2.184215225353725e-08, -0.8506508614432579,
        -187.31160095381432], [-3.069588531840948e-08, 1.0000000001262503, 1.0556895357893836e-08,
        0.0], [0.850650853148661, -4.1020588037454786e-08, -0.525730966851236, -115.76493587661447],
      [0.0, 0.0, 0.0, 1.0]], [[-9.973301473564788e-08, 0.5257311463356018, -0.8506507873535156,
        -187.31160095381432], [-0.9999999403953552, 2.3411097060943575e-08, 1.5148395959840855e-07,
        0.0], [6.9387880330396e-08, 0.8506507873535156, 0.5257311463356018, 115.76493587661447],
      [0.0, 0.0, 0.0, 1.0]], [[-0.5257311839818083, 4.6458036695451455e-08, -0.8506507288196042,
        -187.31160095381432], [-6.592107851942166e-09, -1.0000000001262503, -4.014584392697529e-08,
        0.0], [-0.8506506938690022, -1.19125045938695e-09, 0.52573124104546, 115.76493587661447],
      [0.0, 0.0, 0.0, 1.0]], [[-1.066643670677173e-07, -0.5257310780354127, -0.850650829565354,
        -187.31160095381432], [0.9999999403953552, -2.3411097183408254e-08, -1.5148395959840855e-07,
        0.0], [5.817271666910688e-08, -0.8506508295653541, 0.5257310780354127, 115.76493587661447],
      [0.0, 0.0, 0.0, 1.0]], [[0.5257309775844264, 2.184215225353725e-08, -0.8506508880992654,
        -187.31160095381432], [6.592107962964462e-09, 1.0000000001262503, 4.014584392697529e-08,
        0.0], [0.8506508214295994, -4.1020588037454786e-08, 0.5257309833255546, 115.76493587661447],
      [0.0, 0.0, 0.0, 1.0]], [[0.70710688829422, -0.4082481563091278, -0.5773501992225647,
        -127.13137067668447], [-0.7071066498756409, -0.4082481265068054, -0.5773502588272095,
        -127.13137067668447], [-3.5145724552876345e-08, 0.8164964914321899, -0.5773500204086304,
        -127.13137067668447], [0.0, 0.0, 0.0, 1.0]], [[0.4082482621177003, 0.7071067043943766,
        -0.577350021835104, -127.13137067668447], [0.40824844035151836, -0.707106582523251,
        -0.577350262724408, -127.13137067668447], [-0.8164964991963642, 8.674513096718073e-08,
        -0.5773501938988925, -127.13137067668447], [0.0, 0.0, 0.0, 1.0]], [[-0.7071067527789839,
        0.40824829538663265, -0.5773501197497051, -127.13137067668447], [0.7071067853908777,
        0.40824826558430993, -0.5773500601450602, -127.13137067668447], [1.706609607706374e-07,
        -0.816496352354686, -0.5773502985636394, -127.13137067668447], [0.0, 0.0,
        0.0, 1.0]], [[-0.40824812660246435, -0.707106565316872, -0.5773502971371656,
        -127.13137067668447], [-0.40824830483628166, 0.7071067216007556, -0.5773500562478617,
        -127.13137067668447], [0.8164966347116005, 5.233237299062665e-08, -0.5773501250733771,
        -127.13137067668447], [0.0, 0.0, 0.0, 1.0]], [[-0.35682177543640137, -8.251650029933444e-08,
        -0.9341722130775452, -205.7028787912372], [-0.9341722130775452, 2.4266046239063144e-07,
        0.3568219840526581, 78.57150811455271], [1.3087404937550673e-08, 0.9999998211860657,
        1.0380226456163655e-07, 0.0], [0.0, 0.0, 0.0, 1.0]], [[2.2101644600738962e-07,
        -0.35682217886548306, -0.9341722334507344, -205.7028787912372], [-9.843039610318216e-08,
        -0.9341721335181644, 0.3568219307149561, 78.57150811455271], [-0.9999997515558319,
        1.9724298672291379e-07, -4.6706053746792244e-08, 0.0], [0.0, 0.0, 0.0, 1.0]],
    [[0.35682222680904385, -2.2327780961568354e-07, -0.9341721797460417, -205.7028787912372],
      [0.934172040668537, -1.258574297005078e-07, 0.35682207131566684, 78.57150811455271],
      [-1.3087405060015318e-08, -0.9999998211860655, -1.0380226456163652e-07, 0.0],
      [0.0, 0.0, 0.0, 1.0]], [[2.3035619653297007e-07, 0.3568218730711732, -0.9341721593728525,
        -205.7028787912372], [-7.397861185593568e-08, 0.9341722503211972, 0.35682212465336877,
        78.57150811455271], [0.9999997515558319, -1.972429865008692e-07, 4.6706053746792264e-08,
        0.0], [0.0, 0.0, 0.0, 1.0]], [[0.3568221628665924, -3.471454945724872e-08,
        -0.9341722130775452, -205.7028787912372], [-0.9341722130775452, 1.5160421185100859e-07,
        -0.35682204365730286, -78.57150811455271], [3.471454945724872e-08, 0.9999998807907104,
        1.0380226456163655e-07, 0.0], [0.0, 0.0, 0.0, 1.0]], [[1.248023997285114e-07,
        0.35682206747669587, -0.9341721792410675, -205.7028787912372], [1.0509520287318432e-08,
        -0.9341722398696568, -0.3568221322423516, -78.57150811455271], [-0.9999998897994824,
        1.5401138251845134e-07, -8.974957832474905e-09, 0.0], [0.0, 0.0, 0.0, 1.0]],
    [[-0.3568219380356293, 7.51947771461416e-08, -0.9341722194824715, -205.7028787912372],
      [0.934172298955331, -1.3614214087728037e-07, -0.3568220268889877, -78.57150811455271],
      [-3.471454957971338e-08, -0.9999998807907102, -1.0380226456163652e-07, 0.0],
      [0.0, 0.0, 0.0, 1.0]], [[1.000285633962444e-07, -0.35682202699646826, -0.9341722533189493,
        -205.7028787912372], [7.536826576175272e-08, 0.934172255331728, -0.35682193830393893,
        -78.57150811455271], [0.9999998897994824, -1.5401138229640676e-07, 8.974957832474928e-09,
        0.0], [0.0, 0.0, 0.0, 1.0]], [[0.7071067690849304, 0.40824830532073975, -0.5773502588272095,
        -127.13137067668447], [-0.7071067690849304, 0.40824827551841736, -0.5773501992225647,
        -127.13137067668447], [-4.079801740886069e-08, 0.8164965510368347, 0.5773503184318542,
        127.13137067668447], [0.0, 0.0, 0.0, 1.0]], [[-0.4082482934323985, 0.7071067652343839,
        -0.5773501900016942, -127.13137067668447], [-0.4082482463229056, -0.7071067625725479,
        -0.5773502932399672, -127.13137067668447], [-0.8164965805533214, -2.7140486413834708e-08,
        0.5773502932399672, 127.13137067668447], [0.0, 0.0, 0.0, 1.0]], [[-0.7071067418862526,
        -0.4082482854525249, -0.5773502588272095, -127.13137067668447], [0.7071067962836091,
        -0.4082482556502028, -0.5773503184318542, -127.13137067668447], [1.3599338969753456e-08,
        -0.81649657090505, 0.5773501992225647, 127.13137067668447], [0.0, 0.0, 0.0,
        1.0]], [[0.40824832063107636, -0.707106745366169, -0.577350327652725, -127.13137067668447],
      [0.4082482735215842, 0.7071067824407624, -0.5773502244144517, -127.13137067668447],
      [0.8164965533546432, 7.272271007607856e-09, 0.5773502244144517, 127.13137067668447],
      [0.0, 0.0, 0.0, 1.0]], [[1.0, 0.0, 0.0, 0.0], [0.0, 0.35682225227355957, -0.9341722130775452,
        -205.7028787912372], [0.0, 0.9341722130775452, 0.35682225227355957, 78.57150811455271],
      [0.0, 0.0, 0.0, 1.0]], [[2.220446049250313e-16, 0.9999999217018632, 2.038584984709324e-07,
        0.0], [-0.3568220897730899, 1.9043897458992376e-07, -0.9341722858187607, -205.7028787912372],
      [-0.9341723589627157, -7.274121523181964e-08, 0.3568220618345851, 78.57150811455271],
      [0.0, 0.0, 0.0, 1.0]], [[-0.9999999999999998, 1.2246467032597906e-16, 2.4965465772806124e-23,
        0.0], [-4.36981030105684e-17, -0.3568218713956105, -0.934172358559976, -205.7028787912372],
      [-1.144031189255622e-16, -0.9341723585599758, 0.3568218713956106, 78.57150811455271],
      [0.0, 0.0, 0.0, 1.0]], [[0.0, -0.9999999217018632, -2.038584984709324e-07, 0.0],
      [0.3568220897730899, 1.904389744233903e-07, -0.9341722858187606, -205.7028787912372],
      [0.9341723589627157, -7.274121559264213e-08, 0.3568220618345851, 78.57150811455271],
      [0.0, 0.0, 0.0, 1.0]], [[0.70710688829422, 0.4082481563091278, 0.5773501992225647,
        127.13137067668447], [0.7071066498756409, -0.4082481265068054, -0.5773502588272095,
        -127.13137067668447], [3.5145724552876345e-08, 0.8164964914321899, -0.5773500204086304,
        -127.13137067668447], [0.0, 0.0, 0.0, 1.0]], [[-0.4082481266024641, 0.7071065653168722,
        0.5773502971371657, 127.13137067668447], [0.4082483048362819, 0.7071067216007555,
        -0.5773500562478617, -127.13137067668447], [-0.8164966347116005, 5.233237326818241e-08,
        -0.5773501250733771, -127.13137067668447], [0.0, 0.0, 0.0, 1.0]], [[-0.707106752778984,
        -0.40824829538663243, 0.577350119749705, 127.13137067668447], [-0.7071067853908776,
        0.40824826558431027, -0.5773500601450602, -127.13137067668447], [-1.7066096104819314e-07,
        -0.816496352354686, -0.5773502985636394, -127.13137067668447], [0.0, 0.0,
        0.0, 1.0]], [[0.4082482621177001, -0.7071067043943768, 0.577350021835104,
        127.13137067668447], [-0.40824844035151864, -0.707106582523251, -0.577350262724408,
        -127.13137067668447], [0.8164964991963642, 8.674513074513612e-08, -0.5773501938988925,
        -127.13137067668447], [0.0, 0.0, 0.0, 1.0]], [[1.0, 0.0, 0.0, 0.0], [0.0,
        -0.35682183504104614, -0.9341722726821899, -205.7028787912372], [0.0, 0.9341722726821899,
        -0.35682183504104614, -78.57150811455271], [0.0, 0.0, 0.0, 1.0]], [[2.220446049250313e-16,
        0.9999998285050974, 2.0717683668625142e-07, 0.0], [0.3568220897730899, 1.9353887414919058e-07,
        -0.934172198756918, -205.7028787912372], [-0.9341723589627157, 7.39252720427519e-08,
        -0.3568220285799204, -78.57150811455271], [0.0, 0.0, 0.0, 1.0]], [[-0.9999999999999998,
        1.2246465891266699e-16, 2.5371844990614448e-23, 0.0], [4.36981030105684e-17,
        0.3568222221187946, -0.9341721248316464, -205.7028787912372], [-1.144031189255622e-16,
        -0.9341721248316461, -0.35682222211879466, -78.57150811455271], [0.0, 0.0,
        0.0, 1.0]], [[0.0, -0.9999998285050974, -2.0717683668625142e-07, 0.0], [-0.3568220897730899,
        1.9353887431572403e-07, -0.934172198756918, -205.7028787912372], [0.9341723589627157,
        7.392527168192942e-08, -0.3568220285799204, -78.57150811455271], [0.0, 0.0,
        0.0, 1.0]], [[-0.7071065306663513, -0.40824827551841736, -0.5773501992225647,
        -127.13137067668447], [-0.7071067094802856, 0.4082484245300293, 0.5773501396179199,
        127.13137067668447], [2.5029976313817315e-08, 0.8164964318275452, -0.5773501396179199,
        -127.13137067668447], [0.0, 0.0, 0.0, 1.0]], [[0.40824830256114025, -0.7071068619136225,
        -0.5773501594861348, -127.13137067668447], [-0.408248228224994, -0.7071065970677939,
        0.5773501250733771, 127.13137067668447], [-0.8164963269422236, -3.375072998856865e-09,
        -0.5773501938988925, -127.13137067668447], [0.0, 0.0, 0.0, 1.0]], [[0.7071066665622922,
        0.40824809670448314, -0.5773501197497051, -127.13137067668447], [0.7071065735843456,
        -0.4082482457160953, 0.5773501793543497, 127.13137067668447], [1.1086596400181983e-07,
        -0.8164966106414799, -0.5773501793543498, -127.13137067668447], [0.0, 0.0,
        0.0, 1.0]], [[-0.4082481666651994, 0.7071066830996883, -0.5773501594861349,
        -127.13137067668447], [0.40824809232905407, 0.707106775881728, 0.5773501938988926,
        127.13137067668447], [0.816496462838164, -1.7543886177140422e-07, -0.5773501250733772,
        -127.13137067668447], [0.0, 0.0, 0.0, 1.0]]]}
