{cam2Pos: [[[-0.8506509065628052, -7.832203152702277e-08, -0.5257312059402466, -167.6953465058256],
      [-0.5257312059402466, -1.8319934724786435e-07, 0.8506508469581604, 271.3367704016167],
      [-1.243913203552438e-07, 1.0000001192092896, -2.1028665031508353e-08, 0.0],
      [0.0, 0.0, 0.0, 1.0]], [[1.2062686616874898e-07, -0.8506508494759567, -0.5257311374277825,
        -167.6953465058256], [4.14279813171744e-08, -0.5257312723287816, 0.8506508893011919,
        271.3367704016167], [-1.0000001328677448, -1.6293829566528796e-07, -5.951256687453111e-08,
        0.0], [0.0, 0.0, 0.0, 1.0]], [[0.8506509361893834, 1.988851547738116e-07,
        -0.5257311046914203, -167.6953465058256], [0.525731158003435, -1.1875884188224438e-08,
        0.8506509095333763, 271.3367704016167], [1.2439132023277907e-07, -1.000000119209289,
        2.1028665031508337e-08, 0.0], [0.0, 0.0, 0.0, 1.0]], [[-9.100028797802664e-08,
        0.85065097003908, -0.5257311732038844, -167.6953465058256], [-8.936479283744048e-08,
        0.5257310772535503, 0.8506508671903449, 271.3367704016167], [1.0000001328677448,
        1.6293829599835492e-07, 5.95125668745311e-08, 0.0], [0.0, 0.0, 0.0, 1.0]],
    [[-0.8506509065628052, 7.832203152702277e-08, 0.5257312059402466, 167.6953465058256],
      [0.5257312059402466, -1.8319934724786435e-07, 0.8506508469581604, 271.3367704016167],
      [1.243913203552438e-07, 1.0000001192092896, -2.1028665031508353e-08, 0.0], [
        0.0, 0.0, 0.0, 1.0]], [[-9.100028825558239e-08, -0.85065097003908, 0.5257311732038844,
        167.6953465058256], [8.936479305948508e-08, 0.5257310772535503, 0.850650867190345,
        271.3367704016167], [-1.0000001328677448, 1.6293829633142188e-07, 5.9512566874531097e-08,
        0.0], [0.0, 0.0, 0.0, 1.0]], [[0.8506509361893834, -1.9888515498216101e-07,
        0.5257311046914203, 167.6953465058256], [-0.525731158003435, -1.1875884059457437e-08,
        0.8506509095333763, 271.3367704016167], [-1.2439132047770844e-07, -1.000000119209289,
        2.102866503150835e-08, 0.0], [0.0, 0.0, 0.0, 1.0]], [[1.2062686644630473e-07,
        0.8506508494759567, 0.5257311374277825, 167.6953465058256], [-4.1427981539219006e-08,
        -0.5257312723287816, 0.8506508893011918, 271.3367704016167], [1.0000001328677448,
        -1.6293829599835492e-07, -5.95125668745311e-08, 0.0], [0.0, 0.0, 0.0, 1.0]],
    [[0.8506507873535156, -2.7633131338689054e-09, -0.5257312059402466, -167.6953465058256],
      [-0.5257312059402466, -1.6016470283375384e-07, -0.8506508469581604, -271.3367704016167],
      [-4.3305984576136325e-08, 1.0000001192092896, -1.4864737352127122e-07, 0.0],
      [0.0, 0.0, 0.0, 1.0]], [[-8.460019703350744e-08, 0.8506508373659247, -0.5257312817628419,
        -167.6953465058256], [-5.451311746331592e-08, -0.5257312919232249, -0.8506508000972195,
        -271.3367704016167], [-1.0000000314622661, -8.18529524588976e-08, 5.951256687453106e-08,
        0.0], [0.0, 0.0, 0.0, 1.0]], [[-0.8506508828773683, -1.4201987394666622e-07,
        -0.5257311046914203, -167.6953465058256], [0.5257310513794049, -7.40994150950284e-08,
        -0.8506509095333763, -271.3367704016167], [4.330598445367162e-08, -1.000000119209289,
        1.4864737352127117e-07, 0.0], [0.0, 0.0, 0.0, 1.0]], [[-1.0923655738720533e-08,
        -0.850650982149112, -0.5257310288688251, -167.6953465058256], [-1.0004772410652371e-07,
        0.525731057659107, -0.8506509563943173, -271.3367704016167], [1.0000000314622661,
        8.185295279196455e-08, -5.95125668745311e-08, 0.0], [0.0, 0.0, 0.0, 1.0]],
    [[0.8506507873535156, 2.7633131338689054e-09, 0.5257312059402466, 167.6953465058256],
      [0.5257312059402466, -1.6016470283375384e-07, -0.8506508469581604, -271.3367704016167],
      [4.3305984576136325e-08, 1.0000001192092896, -1.4864737352127122e-07, 0.0],
      [0.0, 0.0, 0.0, 1.0]], [[-1.0923655461164777e-08, 0.850650982149112, 0.5257310288688251,
        167.6953465058256], [1.0004772432856832e-07, 0.525731057659107, -0.8506509563943174,
        -271.3367704016167], [-1.0000000314622661, 8.18529531250315e-08, -5.951256687453115e-08,
        0.0], [0.0, 0.0, 0.0, 1.0]], [[-0.8506508828773683, 1.4201987415501562e-07,
        0.5257311046914203, 167.6953465058256], [-0.5257310513794049, -7.40994149662614e-08,
        -0.8506509095333763, -271.3367704016167], [-4.330598469860099e-08, -1.000000119209289,
        1.4864737352127117e-07, 0.0], [0.0, 0.0, 0.0, 1.0]], [[-8.460019731106319e-08,
        -0.8506508373659247, 0.5257312817628419, 167.6953465058256], [5.4513117241271314e-08,
        -0.5257312919232249, -0.8506508000972194, -271.3367704016167], [1.0000000314622661,
        -8.185295279196455e-08, 5.95125668745311e-08, 0.0], [0.0, 0.0, 0.0, 1.0]],
    [[1.0, 0.0, 0.0, 0.0], [0.0, 0.8506507873535156, -0.5257311463356018, -167.6953465058256],
      [0.0, 0.5257311463356018, 0.8506507873535156, 271.3367704016167], [0.0, 0.0,
        0.0, 1.0]], [[3.3306690738754696e-16, 1.0000000001262501, -4.0145843815952986e-08,
        0.0], [-0.8506508083520398, -2.110591873494272e-08, -0.5257311121855073, -167.6953465058256],
      [-0.5257311121191336, 3.415009475205011e-08, 0.8506508084594346, 271.3367704016167],
      [0.0, 0.0, 0.0, 1.0]], [[-0.9999999999999996, 1.224646799301965e-16, -4.916447913419851e-24,
        0.0], [-1.0417467896404341e-16, -0.8506508295653533, -0.5257310780354127,
        -167.6953465058256], [-6.438349236688752e-17, -0.5257310780354125, 0.8506508295653539,
        271.3367704016167], [0.0, 0.0, 0.0, 1.0]], [[0.0, -1.0000000001262501, 4.0145843815952986e-08,
        0.0], [0.8506508083520398, -2.1105919012498475e-08, -0.5257311121855073, -167.6953465058256],
      [0.5257311121191336, 3.4150094530005504e-08, 0.8506508084594347, 271.3367704016167],
      [0.0, 0.0, 0.0, 1.0]], [[-1.0000003576278687, -8.742279078433057e-08, -4.1201937779671233e-16,
        0.0], [7.436626248136236e-08, -0.8506511449813843, 0.5257312059402466, 167.6953465058256],
      [-4.5960881323026115e-08, 0.5257312059402466, 0.8506507873535156, 271.3367704016167],
      [0.0, 0.0, 0.0, 1.0]], [[8.742278621275386e-08, -1.0000003356787017, 9.084858304531096e-08,
        0.0], [0.8506511125684738, 2.328228204673266e-08, 0.5257311286598263, 167.6953465058256],
      [-0.5257313001352332, -1.2861650516837742e-07, 0.850650835115442, 271.3367704016167],
      [0.0, 0.0, 0.0, 1.0]], [[1.0000003576278682, 8.742279066186581e-08, 4.120193889224548e-16,
        0.0], [-7.436626550164367e-08, 0.8506510428134133, 0.5257310513794052, 167.6953465058256],
      [4.596087620316646e-08, -0.525731371251495, 0.8506508828773689, 271.3367704016167],
      [0.0, 0.0, 0.0, 1.0]], [[-8.742278654582089e-08, 1.0000003356787017, -9.084858304531096e-08,
        0.0], [-0.8506511125684769, -1.2545025296351042e-07, 0.5257311286598256, 167.6953465058256],
      [0.5257313001352283, -3.66947432994813e-08, 0.8506508351154425, 271.3367704016167],
      [0.0, 0.0, 0.0, 1.0]], [[1.0, 0.0, 0.0, 0.0], [0.0, -0.8506506681442261, -0.5257312059402466,
        -167.6953465058256], [0.0, 0.5257312059402466, -0.8506506681442261, -271.3367704016167],
      [0.0, 0.0, 0.0, 1.0]], [[3.3306690738754696e-16, 0.9999999300567877, 1.5352061544238182e-07,
        0.0], [0.8506508083520398, 8.071056351033334e-08, -0.5257310753478109, -167.6953465058256],
      [-0.5257311121191336, 1.3059243586521774e-07, -0.8506507488547901, -271.3367704016167],
      [0.0, 0.0, 0.0, 1.0]], [[-0.9999999999999996, 1.2246467134916223e-16, 1.880085302741078e-23,
        0.0], [1.0417467896404341e-16, 0.8506508295653534, -0.5257309447553753, -167.6953465058256],
      [-6.438349236688752e-17, -0.5257309447553751, -0.8506508295653539, -271.3367704016167],
      [0.0, 0.0, 0.0, 1.0]], [[0.0, -0.9999999300567877, -1.5352061544238182e-07,
        0.0], [-0.8506508083520398, 8.07105637878891e-08, -0.525731075347811, -167.6953465058256],
      [0.5257311121191336, 1.3059243564317313e-07, -0.85065074885479, -271.3367704016167],
      [0.0, 0.0, 0.0, 1.0]], [[-1.0, -8.742277657347586e-08, 1.1865955809077511e-14,
        0.0], [-7.4366255375935e-08, 0.8506509065628052, 0.5257310271263123, 167.6953465058256],
      [-4.596087421759876e-08, 0.5257310271263123, -0.8506509065628052, -271.3367704016167],
      [0.0, 0.0, 0.0, 1.0]], [[8.742277643297223e-08, -1.0000000388596961, 1.2393166709534498e-07,
        0.0], [-0.8506508083520394, -9.211522017382734e-09, 0.5257311325488951, 167.6953465058256],
      [-0.5257311121191341, -1.5138344611198562e-07, -0.8506508414080658, -271.3367704016167],
      [0.0, 0.0, 0.0, 1.0]], [[0.9999999999999996, 8.742277645101113e-08, -1.1865955793900255e-14,
        0.0], [7.436625596871256e-08, -0.8506507762533384, 0.5257312379714578, 167.6953465058256],
      [4.596087302552277e-08, -0.5257312379714575, -0.8506507762533388, -271.3367704016167],
      [0.0, 0.0, 0.0, 1.0]], [[-8.742277676603914e-08, 1.0000000388596961, -1.2393166709534498e-07,
        0.0], [0.8506508083520401, 1.3952098884550956e-07, 0.5257311325488749, 167.6953465058256],
      [0.525731112119133, -5.946169923110034e-08, -0.8506508414080782, -271.3367704016167],
      [0.0, 0.0, 0.0, 1.0]], [[1.7065899271528906e-07, 0.5257311463356018, 0.8506507873535156,
        271.3367704016167], [0.9999999403953552, 2.3411097060943575e-08, -1.5148395959840855e-07,
        0.0], [-6.9387880330396e-08, 0.8506507873535156, -0.525731086730957, -167.6953465058256],
      [0.0, 0.0, 0.0, 1.0]], [[-0.5257309262619067, 2.184215264211531e-08, 0.8506508614432577,
        271.3367704016167], [3.0695885873520963e-08, 1.0000000001262501, 1.0556895468916139e-08,
        0.0], [-0.8506508531486607, -4.102058737132097e-08, -0.525730966851236, -167.6953465058256],
      [0.0, 0.0, 0.0, 1.0]], [[1.3838342856557647e-07, -0.5257310780354125, 0.8506507762533388,
        271.3367704016167], [-0.9999999403953548, -2.3411096938478887e-08, 1.5148395959840847e-07,
        0.0], [-1.2161084013070858e-07, -0.8506508295653533, -0.5257311046914203,
        -167.6953465058256], [0.0, 0.0, 0.0, 1.0]], [[0.5257312353043281, 4.64580366399403e-08,
        0.8506507021635967, 271.3367704016167], [-3.069588554045408e-08, -1.0000000001262501,
        -1.0556895468916139e-08, 0.0], [0.8506506621499403, -1.1912503761202231e-09,
        -0.5257312245711414, -167.6953465058256], [0.0, 0.0, 0.0, 1.0]], [[1.296109530812828e-07,
        -0.525731086730957, 0.8506507873535156, 271.3367704016167], [1.0, 4.75148809186976e-08,
        -1.146719910138927e-07, 0.0], [3.257590819316647e-08, 0.8506507873535156,
        0.525731086730957, 167.6953465058256], [0.0, 0.0, 0.0, 1.0]], [[0.5257312204748894,
        3.3960282586065205e-08, 0.8506507215167939, 271.3367704016167], [-4.042978753585785e-08,
        0.9999999687902339, -1.0556895468916139e-08, 0.0], [-0.8506507413844998, -3.486848310085833e-08,
        0.5257311932570106, 167.6953465058256], [0.0, 0.0, 0.0, 1.0]], [[8.710055846752535e-08,
        0.5257311046914199, 0.8506507762533388, 271.3367704016167], [-0.9999999999999996,
        -4.75148807962329e-08, 1.1467199101389264e-07, 0.0], [1.0135917155339644e-07,
        -0.8506507762533384, 0.5257311046914203, 167.6953465058256], [0.0, 0.0, 0.0,
        1.0]], [[-0.5257310037633778, -1.5999819580336805e-08, 0.8506508420900607,
        271.3367704016167], [4.042978786892476e-08, -0.9999999687902339, 1.0556895468916139e-08,
        0.0], [0.8506508753195797, 4.5968660322692756e-08, 0.5257309981653668, 167.6953465058256],
      [0.0, 0.0, 0.0, 1.0]], [[1.7065899271528906e-07, -0.5257311463356018, -0.8506507873535156,
        -271.3367704016167], [-0.9999999403953552, 2.3411097060943575e-08, -1.5148395959840855e-07,
        0.0], [6.9387880330396e-08, 0.8506507873535156, -0.525731086730957, -167.6953465058256],
      [0.0, 0.0, 0.0, 1.0]], [[0.5257312353043281, -4.645803686198491e-08, -0.8506507021635967,
        -271.3367704016167], [3.06958852073872e-08, -1.0000000001262501, -1.0556895468916139e-08,
        0.0], [-0.8506506621499403, -1.191250098564467e-09, -0.5257312245711414, -167.6953465058256],
      [0.0, 0.0, 0.0, 1.0]], [[1.3838342869434345e-07, 0.5257310780354125, -0.8506507762533388,
        -271.3367704016167], [0.9999999403953548, -2.3411097183408244e-08, 1.5148395959840847e-07,
        0.0], [1.2161083992235923e-07, -0.8506508295653533, -0.5257311046914203, -167.6953465058256],
      [0.0, 0.0, 0.0, 1.0]], [[-0.5257309262619067, -2.1842152420070704e-08, -0.8506508614432577,
        -271.3367704016167], [-3.069588554045408e-08, 1.0000000001262501, 1.0556895468916139e-08,
        0.0], [0.8506508531486607, -4.102058764887673e-08, -0.525730966851236, -167.6953465058256],
      [0.0, 0.0, 0.0, 1.0]], [[1.296109530812828e-07, 0.525731086730957, -0.8506507873535156,
        -271.3367704016167], [-1.0, 4.75148809186976e-08, -1.146719910138927e-07,
        0.0], [-3.257590819316647e-08, 0.8506507873535156, 0.525731086730957, 167.6953465058256],
      [0.0, 0.0, 0.0, 1.0]], [[-0.5257310037633778, 1.599981980238141e-08, -0.8506508420900606,
        -271.3367704016167], [-4.0429788201991666e-08, -0.9999999687902339, 1.0556895468916139e-08,
        0.0], [-0.8506508753195797, 4.596866060024851e-08, 0.5257309981653668, 167.6953465058256],
      [0.0, 0.0, 0.0, 1.0]], [[8.710055833875836e-08, -0.5257311046914199, -0.8506507762533388,
        -271.3367704016167], [0.9999999999999996, -4.751488104116226e-08, 1.1467199101389264e-07,
        0.0], [-1.013591717617458e-07, -0.8506507762533384, 0.5257311046914203, 167.6953465058256],
      [0.0, 0.0, 0.0, 1.0]], [[0.5257312204748894, -3.396028280810981e-08, -0.850650721516794,
        -271.3367704016167], [4.042978786892476e-08, 0.9999999687902339, -1.0556895468916139e-08,
        0.0], [0.8506507413844998, -3.4868483378414084e-08, 0.5257311932570106, 167.6953465058256],
      [0.0, 0.0, 0.0, 1.0]], [[0.70710688829422, -0.4082481563091278, -0.5773501992225647,
        -184.16059315326623], [-0.7071066498756409, -0.4082481265068054, -0.5773502588272095,
        -184.16059315326623], [-3.5145724552876345e-08, 0.8164964914321899, -0.5773500204086304,
        -184.16059315326623], [0.0, 0.0, 0.0, 1.0]], [[0.4082482621177003, 0.7071067043943766,
        -0.577350021835104, -184.16059315326623], [0.40824844035151836, -0.707106582523251,
        -0.577350262724408, -184.16059315326623], [-0.8164964991963642, 8.674513096718073e-08,
        -0.5773501938988925, -184.16059315326623], [0.0, 0.0, 0.0, 1.0]], [[-0.7071067527789839,
        0.40824829538663265, -0.5773501197497051, -184.16059315326623], [0.7071067853908777,
        0.40824826558430993, -0.5773500601450602, -184.16059315326623], [1.706609607706374e-07,
        -0.816496352354686, -0.5773502985636394, -184.16059315326623], [0.0, 0.0,
        0.0, 1.0]], [[-0.40824812660246435, -0.707106565316872, -0.5773502971371656,
        -184.16059315326623], [-0.40824830483628166, 0.7071067216007556, -0.5773500562478617,
        -184.16059315326623], [0.8164966347116005, 5.233237299062665e-08, -0.5773501250733771,
        -184.16059315326623], [0.0, 0.0, 0.0, 1.0]], [[-0.35682177543640137, -4.7801954394799395e-08,
        -0.9341722130775452, -297.97809911032596], [-0.9341722130775452, 2.4266046239063144e-07,
        0.3568219542503357, 113.81750595705972], [4.7801954394799395e-08, 0.9999998211860657,
        1.0380226456163655e-07, 0.0], [0.0, 0.0, 0.0, 1.0]], [[2.0862952798003402e-07,
        -0.35682214857086275, -0.934172223516627, -297.97809911032596], [-1.3085976864611027e-07,
        -0.9341721450896797, 0.35682192692046477, 113.81750595705972], [-0.999999751555832,
        2.0962990342707152e-07, -7.454655964744815e-08, 0.0], [0.0, 0.0, 0.0, 1.0]],
    [[0.35682222680904396, -1.9740311479882446e-07, -0.9341721598778268, -297.97809911032596],
      [0.9341720406685371, -1.4900046030353116e-07, 0.3568220935290065, 113.81750595705972],
      [-4.780195451726405e-08, -0.9999998211860657, -1.0380226456163656e-07, 0.0],
      [0.0, 0.0, 0.0, 1.0]], [[2.4274311467134797e-07, 0.3568219033657936, -0.934172149438745,
        -297.97809911032596], [-4.154923928525199e-08, 0.9341722387496819, 0.35682212085887743,
        113.81750595705972], [0.999999751555832, -2.096299035380938e-07, 7.454655964744814e-08,
        0.0], [0.0, 0.0, 0.0, 1.0]], [[0.35682213306427, 0.0, -0.9341722726821899,
        -297.97809911032596], [-0.9341722726821899, 1.0380226456163655e-07, -0.35682201385498047,
        -113.81750595705972], [0.0, 0.9999998807907104, 1.0380226456163655e-07, 0.0],
      [0.0, 0.0, 0.0, 1.0]], [[6.653943562806575e-08, 0.356822081837337, -0.9341722213226219,
        -297.97809911032596], [2.541580260140286e-08, -0.9341722343843801, -0.35682214831607517,
        -113.81750595705972], [-0.999999934846367, 9.696920646223821e-08, 4.0133801892938705e-08,
        0.0], [0.0, 0.0, 0.0, 1.0]], [[-0.35682199998539893, 6.920150975145579e-08,
        -0.9341722440409358, -297.97809911032596], [0.9341723235137954, -7.7369640040482e-08,
        -0.3568220888387573, -113.81750595705972], [-1.2246467193571652e-16, -0.9999998807907104,
        -1.0380226456163655e-07, 0.0], [0.0, 0.0, 0.0, 1.0]], [[6.653943546153229e-08,
        -0.35682201263582725, -0.9341722954005037, -297.97809911032596], [2.5415802962225342e-08,
        0.9341722608170047, -0.3568219543776625, -113.81750595705972], [0.999999934846367,
        -9.69692065732605e-08, -4.013380189293871e-08, 0.0], [0.0, 0.0, 0.0, 1.0]],
    [[-0.35682177543640137, 4.7801954394799395e-08, 0.9341722130775452, 297.97809911032596],
      [0.9341722130775452, 2.4266046239063144e-07, 0.3568219542503357, 113.81750595705972],
      [-4.7801954394799395e-08, 0.9999998211860657, 1.0380226456163655e-07, 0.0],
      [0.0, 0.0, 0.0, 1.0]], [[2.427431145048145e-07, -0.3568219033657936, 0.9341721494387452,
        297.97809911032596], [4.154923964607447e-08, 0.9341722387496819, 0.35682212085887743,
        113.81750595705972], [-0.999999751555832, -2.0962990320502697e-07, 7.454655964744818e-08,
        0.0], [0.0, 0.0, 0.0, 1.0]], [[0.35682222680904396, 1.974031147114283e-07,
        0.9341721598778268, 297.97809911032596], [-0.9341720406685371, -1.4900046007472495e-07,
        0.3568220935290065, 113.81750595705972], [4.780195427233474e-08, -0.9999998211860657,
        -1.0380226456163653e-07, 0.0], [0.0, 0.0, 0.0, 1.0]], [[2.0862952814656748e-07,
        0.35682214857086275, 0.9341722235166269, 297.97809911032596], [1.308597682852878e-07,
        -0.9341721450896797, 0.35682192692046477, 113.81750595705972], [0.999999751555832,
        2.096299030940047e-07, -7.454655964744819e-08, 0.0], [0.0, 0.0, 0.0, 1.0]],
    [[0.70710688829422, 0.4082481563091278, 0.5773501992225647, 184.16059315326623],
      [0.7071066498756409, -0.4082481265068054, -0.5773502588272095, -184.16059315326623],
      [3.5145724552876345e-08, 0.8164964914321899, -0.5773500204086304, -184.16059315326623],
      [0.0, 0.0, 0.0, 1.0]], [[-0.4082481266024641, 0.7071065653168722, 0.5773502971371657,
        184.16059315326623], [0.4082483048362819, 0.7071067216007555, -0.5773500562478617,
        -184.16059315326623], [-0.8164966347116005, 5.233237326818241e-08, -0.5773501250733771,
        -184.16059315326623], [0.0, 0.0, 0.0, 1.0]], [[-0.707106752778984, -0.40824829538663243,
        0.577350119749705, 184.16059315326623], [-0.7071067853908776, 0.40824826558431027,
        -0.5773500601450602, -184.16059315326623], [-1.7066096104819314e-07, -0.816496352354686,
        -0.5773502985636394, -184.16059315326623], [0.0, 0.0, 0.0, 1.0]], [[0.4082482621177001,
        -0.7071067043943768, 0.577350021835104, 184.16059315326623], [-0.40824844035151864,
        -0.707106582523251, -0.577350262724408, -184.16059315326623], [0.8164964991963642,
        8.674513074513612e-08, -0.5773501938988925, -184.16059315326623], [0.0, 0.0,
        0.0, 1.0]], [[0.35682213306427, 0.0, 0.9341722726821899, 297.97809911032596],
      [0.9341722726821899, 1.0380226456163655e-07, -0.35682201385498047, -113.81750595705972],
      [0.0, 0.9999998807907104, 1.0380226456163655e-07, 0.0], [0.0, 0.0, 0.0, 1.0]],
    [[6.653943562806575e-08, 0.35682201263582725, 0.9341722954005037, 297.97809911032596],
      [-2.541580260140286e-08, 0.9341722608170047, -0.3568219543776625, -113.81750595705972],
      [-0.999999934846367, -9.696920624019363e-08, -4.013380189293868e-08, 0.0], [
        0.0, 0.0, 0.0, 1.0]], [[-0.35682199998539893, -6.92015096640596e-08, 0.9341722440409358,
        297.97809911032596], [-0.9341723235137954, -7.736963981167579e-08, -0.3568220888387573,
        -113.81750595705972], [-1.2246467193571652e-16, -0.9999998807907104, -1.0380226456163655e-07,
        0.0], [0.0, 0.0, 0.0, 1.0]], [[6.653943546153229e-08, -0.356822081837337,
        0.9341722213226219, 297.97809911032596], [-2.5415802962225342e-08, -0.9341722343843801,
        -0.35682214831607517, -113.81750595705972], [0.999999934846367, 9.696920612917134e-08,
        4.013380189293867e-08, 0.0], [0.0, 0.0, 0.0, 1.0]], [[1.0, 0.0, 0.0, 0.0],
      [0.0, -0.35682201385498047, -0.9341723322868347, -297.97809911032596], [0.0,
        0.9341723322868347, -0.35682201385498047, -113.81750595705972], [0.0, 0.0,
        0.0, 1.0]], [[1.1102230246251565e-16, 0.9999999479908709, 6.140205582871872e-08,
        0.0], [0.35682208977308993, 5.7360103222769965e-08, -0.9341723103772248, -297.97809911032596],
      [-0.9341723589627157, 2.1909610056769502e-08, -0.3568220712150838, -113.81750595705972],
      [0.0, 0.0, 0.0, 1.0]], [[-1.0, 1.2246467354545396e-16, 7.519583113169205e-24,
        0.0], [4.369810301056841e-17, 0.3568221285751871, -0.9341722884676149, -297.97809911032596],
      [-1.144031189255622e-16, -0.9341722884676148, -0.35682212857518714, -113.81750595705972],
      [0.0, 0.0, 0.0, 1.0]], [[-2.220446049250313e-16, -0.9999999479908709, -6.140205582871872e-08,
        0.0], [-0.35682208977308993, 5.736010338930342e-08, -0.9341723103772248, -297.97809911032596],
      [0.9341723589627157, 2.1909609709824807e-08, -0.35682207121508375, -113.81750595705972],
      [0.0, 0.0, 0.0, 1.0]], [[-7.104299371007983e-09, -0.9341723918914795, -0.35682210326194763,
        -113.81750595705972], [-1.0, -7.104299371007983e-09, -1.8651347488685133e-07,
        0.0], [1.8651347488685133e-07, 0.35682210326194763, -0.9341724514961243, -297.97809911032596],
      [0.0, 0.0, 0.0, 1.0]], [[0.9341724202293403, 6.940369626229348e-09, -0.35682194809925505,
        -113.81750595705972], [-7.318876809318118e-08, -1.0000000355742633, 2.0417046220355672e-08,
        0.0], [-0.3568219293749842, -1.7397961404874707e-09, -0.9341725107629991,
        -297.97809911032596], [0.0, 0.0, 0.0, 1.0]], [[1.296375488143316e-07, 0.9341723924989388,
        -0.3568221414080281, -113.81750595705972], [1.0, 7.104299248543298e-09, 1.8651347488685133e-07,
        0.0], [1.3428273656452973e-07, -0.3568221016715981, -0.934172436925618, -297.97809911032596],
      [0.0, 0.0, 0.0, 1.0]], [[-0.934172297696091, -6.332910224005062e-09, -0.3568222965707207,
        -113.81750595705972], [7.318876820420348e-08, 1.0000000355742633, -2.0417046220355672e-08,
        0.0], [0.3568222501711957, 3.330145603719359e-09, -0.9341723776587433, -297.97809911032596],
      [0.0, 0.0, 0.0, 1.0]]]}
