{cam2Pos: [[[0.5920568108558655, 0.6894920468330383, -0.4172161817550659, -250.32964412925892],
      [-0.8058961629867554, 0.5065398812294006, -0.30651038885116577, -183.90627289682774],
      [1.1368977226311472e-07, 0.5177045464515686, 0.8555594682693481, 513.3357108747804],
      [0.0, 0.0, 0.0, 1.0]], [[-0.8738066554069519, -0.23357242345809937, 0.42650431394577026,
        255.90259247302978], [0.4862735867500305, -0.4197167158126831, 0.7664045691490173,
        459.84275135986024], [1.2716448338778719e-08, 0.8770871162414551, 0.48033130168914795,
        288.19872863594696], [0.0, 0.0, 0.0, 1.0]], [[0.9723395109176636, 0.14994247257709503,
        -0.17908957600593567, -107.45377288126593], [-0.2335718721151352, 0.6241976022720337,
        -0.745534360408783, -447.3206897835779], [6.048827216886821e-09, 0.7667428255081177,
        0.6419543623924255, 385.17254209655886], [0.0, 0.0, 0.0, 1.0]]]}
