{cam2Pos: [[[0.9950000047683716, -1.047081532590255e-09, 0.09987492114305496, 32.86803202727577],
      [0.09987492114305496, -3.066723408551297e-08, -0.9949999451637268, -327.4464829128729],
      [9.476451623413595e-09, 0.9999999403953552, -3.014039862136997e-08, 0.0], [
        0.0, 0.0, 0.0, 1.0]], [[0.9917600154876709, 0.01493225060403347, -0.12723620235919952,
        -41.87240808328909], [-0.1281094253063202, 0.11559828370809555, -0.9850000143051147,
        -324.1555634866129], [1.7641989202843433e-08, 0.9931837916374207, 0.11655872315168381,
        38.35855580361953], [0.0, 0.0, 0.0, 1.0]], [[0.9998015761375427, 0.004409500863403082,
        0.01942642219364643, 6.393078611660016], [0.019920581951737404, -0.22131036221981049,
        -0.9750001430511475, -320.8646440603529], [1.9331853895465656e-09, 0.9751936197280884,
        -0.22135429084300995, -72.8458333691407], [0.0, 0.0, 0.0, 1.0]], [[0.9866037368774414,
        -0.03395194560289383, 0.15956304967403412, 52.510903824687134], [0.16313523054122925,
        0.2053333967924118, -0.9650002121925354, -317.57372463409286], [-1.660281157001009e-08,
        0.9781031012535095, 0.20812144875526428, 68.49117536515378], [0.0, 0.0, 0.0,
        1.0]], [[0.956277072429657, -0.015109565109014511, -0.29207170009613037, -96.11845304387333],
      [-0.2924622595310211, -0.0494043193757534, -0.9549999237060547, -314.2828052078328],
      [8.964883058126816e-09, 0.9986644983291626, -0.051663193851709366, -17.002000955903657],
      [0.0, 0.0, 0.0, 1.0]], [[0.9599064588546753, 0.04920964688062668, 0.2759672999382019,
        90.81862200780847], [0.2803204357624054, -0.168509379029274, -0.9449999928474426,
        -310.99188578157276], [-2.989169445299922e-08, 0.9844709038734436, -0.17554770410060883,
        -57.77137332607224], [0.0, 0.0, 0.0, 1.0]], [[0.9951869249343872, 0.03356202691793442,
        -0.09206806868314743, -30.29886096292793], [-0.09799458086490631, 0.3408401310443878,
        -0.9350000023841858, -307.70096635531274], [-6.049923229056731e-09, 0.9395219683647156,
        0.342488557100296, 112.71025254923474], [0.0, 0.0, 0.0, 1.0]], [[0.9825451374053955,
        -0.06272765249013901, -0.1751295030117035, -57.63370977491309], [-0.18602445721626282,
        -0.3313152492046356, -0.9249999523162842, -304.4100469290527], [-1.4884549592864005e-08,
        0.941432535648346, -0.3372010588645935, -110.97020107934128], [0.0, 0.0, 0.0,
        1.0]], [[0.9238911867141724, -0.052959613502025604, 0.37897273898124695, 124.71688930033118],
      [0.3826552927494049, 0.1278669685125351, -0.9149999022483826, -301.1191275027927],
      [-3.043720653295168e-08, 0.9903762936592102, 0.13840045034885406, 45.54640794357135],
      [0.0, 0.0, 0.0, 1.0]], [[0.9171630144119263, 0.06468583643436432, -0.39322730898857117,
        -129.4079327705535], [-0.39851221442222595, 0.14887242019176483, -0.9050001502037048,
        -297.8282080765327], [5.985572215649881e-08, 0.9867385625839233, 0.1623183637857437,
        53.417713460329736], [0.0, 0.0, 0.0, 1.0]], [[0.9784079790115356, 0.08350345492362976,
        0.18906334042549133, 62.21922393610385], [0.20668278634548187, -0.39529404044151306,
        -0.8950001001358032, -294.53728865027267], [-1.3109910490527454e-08, 0.914751410484314,
        -0.4040175974369049, -132.95886758201334], [0.0, 0.0, 0.0, 1.0]], [[0.9878304600715637,
        -0.06909628957509995, 0.13934387266635895, 45.85694829055202], [0.15553459525108337,
        0.43884390592575073, -0.8849999904632568, -291.2463692240126], [1.2419710593292166e-08,
        0.8959027528762817, 0.444250226020813, 146.19917718189856], [0.0, 0.0, 0.0,
        1.0]], [[0.9019775986671448, -0.10481221228837967, -0.4188685417175293, -137.8462733119746],
      [-0.43178290128707886, -0.21894867718219757, -0.875, -287.9554497977526], [
        -2.8782736194443714e-08, 0.9700906276702881, -0.24274291098117828, -79.88473300406537],
      [0.0, 0.0, 0.0, 1.0]], [[0.8700645565986633, 0.05310912802815437, 0.4900684058666229,
        161.27756837350822], [0.49293774366378784, -0.09374086558818817, -0.8649999499320984,
        -284.66453037149256], [6.376562566856592e-08, 0.9941790699958801, -0.10774009674787521,
        -35.45642098777567], [0.0, 0.0, 0.0, 1.0]], [[0.9441924691200256, 0.13975216448307037,
        -0.29827815294265747, -98.16096026279115], [-0.3293941915035248, 0.4005928337574005,
        -0.854999840259552, -281.3736109452325], [-1.4827330474531664e-08, 0.9055355191230774,
        0.42427030205726624, 139.62386488449636], [0.0, 0.0, 0.0, 1.0]], [[0.9967091083526611,
        -0.04298953711986542, -0.06872319430112839, -22.616246988572733], [-0.08106156438589096,
        -0.5285869836807251, -0.845000147819519, -278.08269151897247], [-1.231330948314735e-08,
        0.8477901220321655, -0.5303322076797485, -174.52801709488446], [0.0, 0.0,
        0.0, 1.0]], [[0.8930333256721497, -0.15956974029541016, 0.4207480549812317,
        138.46479850252146], [0.44999048113822937, 0.31667590141296387, -0.8349999189376831,
        -274.79177209271245], [-1.7515777273047206e-08, 0.9350153803825378, 0.3546070158481598,
        116.6982787669095], [0.0, 0.0, 0.0, 1.0]], [[0.8252249360084534, 0.013188215903937817,
        -0.5646502375602722, -185.8218098129632], [-0.5648042559623718, 0.01926889456808567,
        -0.824999988079071, -271.50085266645243], [-6.38558219634433e-08, 0.9997274279594421,
        0.02334992215037346, 7.684315231732665], [0.0, 0.0, 0.0, 1.0]], [[0.8930031657218933,
        0.18395361304283142, 0.41073885560035706, 135.1708856619214], [0.45005038380622864,
        -0.3650059998035431, -0.8149999380111694, -268.2099332401924], [1.9951205132429095e-08,
        0.9126507043838501, -0.4087398648262024, -134.5130851702529], [0.0, 0.0, 0.0,
        1.0]], [[0.9994210600852966, 0.02016332745552063, -0.027404220774769783, -9.018508426029491],
      [-0.03402280434966087, 0.5922984480857849, -0.8050000071525574, -264.9190138139324],
      [-3.5483960214577337e-10, 0.8054662942886353, 0.5926415920257568, 195.03355948907753],
      [0.0, 0.0, 0.0, 1.0]], [[0.8983871936798096, -0.20455718040466309, -0.3886603116989136,
        -127.90494317618534], [-0.4392043650150299, -0.41841942071914673, -0.7949999570846558,
        -261.6280943876724], [-3.7808234765179805e-08, 0.8849190473556519, -0.4657450318336487,
        -153.27286922194816], [0.0, 0.0, 0.0, 1.0]], [[0.7876922488212585, -0.0508921854197979,
        0.6139633059501648, 202.05037566646837], [0.616068959236145, 0.06506960839033127,
        -0.7849999666213989, -258.3371749614123], [3.59245824199661e-08, 0.9965820908546448,
        0.0826079249382019, 27.185592275175043], [0.0, 0.0, 0.0, 1.0]], [[0.8310174345970154,
        0.20076777040958405, -0.518750786781311, -170.71665807338093], [-0.5562463998794556,
        0.2999415695667267, -0.7750001549720764, -255.04625553515228], [-4.956756782803495e-08,
        0.9325918555259705, 0.36093297600746155, 118.78020413819195], [0.0, 0.0, 0.0,
        1.0]], [[0.9833542108535767, 0.11416637897491455, 0.14135269820690155, 46.51801733650191],
      [0.18169905245304108, -0.6178683042526245, -0.76500004529953, -251.75533610889227],
      [2.9541524781961925e-08, 0.7779496312141418, -0.6283273100852966, -206.77725093717638],
      [0.0, 0.0, 0.0, 1.0]], [[0.9180663228034973, -0.22554221749305725, 0.32601380348205566,
        107.28852290827336], [0.39642688632011414, 0.5223224759101868, -0.7549999952316284,
        -248.46441668263222], [1.8147220615105653e-08, 0.8223806619644165, 0.5689376592636108,
        187.232778102758], [0.0, 0.0, 0.0, 1.0]], [[0.7608005404472351, -0.13157810270786285,
        -0.6355074048042297, -209.1403968719313], [-0.6489856839179993, -0.15424765646457672,
        -0.744999885559082, -245.1734972563722], [2.332314608111119e-08, 0.9792315363883972,
        -0.20274397730827332, -66.72149084580725], [0.0, 0.0, 0.0, 1.0]], [[0.7666577696800232,
        0.1825985312461853, 0.6155434250831604, 202.57034255321582], [0.6420559883117676,
        -0.21803511679172516, -0.7350000739097595, -241.88257783011215], [6.579102773685008e-08,
        0.958706796169281, -0.28439682722091675, -93.59263625675332], [0.0, 0.0, 0.0,
        1.0]], [[0.9388487935066223, 0.21877077221870422, -0.265899121761322, -87.50526204329687],
      [-0.3443297743797302, 0.5964998006820679, -0.7249999642372131, -238.59165840385214],
      [-2.3103517321487743e-08, 0.7722223401069641, 0.6353524327278137, 209.08935017401032],
      [0.0, 0.0, 0.0, 1.0]], [[0.9493634700775146, -0.206687793135643, -0.236620232462883,
        -77.86982253037455], [-0.3141798675060272, -0.6245526671409607, -0.7150000333786011,
        -235.3007389775921], [-6.626608595183825e-09, 0.7531362175941467, -0.6578646302223206,
        -216.497943817126], [0.0, 0.0, 0.0, 1.0]], [[0.746821939945221, -0.21942143142223358,
        0.6277827620506287, 206.5982659383504], [0.6650240421295166, 0.24641036987304688,
        -0.7049998641014099, -232.00981955133207], [-3.63924961277462e-08, 0.9440000057220459,
        0.32994523644447327, 108.58225842365496], [0.0, 0.0, 0.0, 1.0]], [[0.7069740891456604,
        0.12961477041244507, -0.6952608227729797, -228.80474305345652], [-0.7072394490242004,
        0.12956616282463074, -0.6949999928474426, -228.71890012507203], [7.339764351854683e-09,
        0.9830628633499146, 0.18326859176158905, 60.31219597374557], [0.0, 0.0, 0.0,
        1.0]], [[0.8668251037597656, 0.3055482506752014, 0.39402347803115845, 129.66998685593944],
      [0.49861228466033936, -0.5311876535415649, -0.684999942779541, -225.427980698812],
      [-4.826679145253365e-08, 0.7902401089668274, -0.6127968430519104, -201.6666227420714],
      [0.0, 0.0, 0.0, 1.0]], [[0.9832901358604431, -0.1323755532503128, 0.12496873736381531,
        41.12620633647448], [0.18204525113105774, 0.7150067090988159, -0.6749999523162842,
        -222.13706127255196], [1.104902391801943e-08, 0.6864707469940186, 0.7271574139595032,
        239.30162528265583], [0.0, 0.0, 0.0, 1.0]], [[0.7477662563323975, -0.3036261796951294,
        -0.5904716849327087, -194.31946767951095], [-0.6639621257781982, -0.34194934368133545,
        -0.6650000214576721, -218.84614184629194], [3.606832166269669e-09, 0.8893153667449951,
        -0.45729443430900574, -150.49191799263042], [0.0, 0.0, 0.0, 1.0]], [[0.6562784314155579,
        0.047073379158973694, 0.7530489563941956, 247.82233006641266], [0.7545188069343567,
        -0.04094424471259117, -0.6549999713897705, -215.5552224200319], [-6.379583794569044e-08,
        0.9980519413948059, -0.0623885840177536, -20.531573472606073], [0.0, 0.0,
        0.0, 1.0]], [[0.7791330218315125, 0.3516424298286438, -0.5189406275749207,
        -170.7791701866986], [-0.626858651638031, 0.4370620846748352, -0.6450000405311584,
        -212.26430299377188], [-6.477489478129428e-08, 0.8278432488441467, 0.5609595775604248,
        184.60727885505295], [0.0, 0.0, 0.0, 1.0]], [[0.9999824166297913, 0.004584483802318573,
        0.003768527414649725, 1.2401923026057522], [0.00593458442017436, -0.7724887728691101,
        -0.6349998712539673, -208.9733835675119], [-7.434215465451643e-10, 0.6350110769271851,
        -0.7725023627281189, -254.22449446258034], [0.0, 0.0, 0.0, 1.0]], [[0.7660124897956848,
        -0.3716650605201721, 0.5244901776313782, 172.6054956248749], [0.6428256630897522,
        0.44288837909698486, -0.6250000596046448, -205.68246414125184], [5.154727134026871e-08,
        0.8159136176109314, 0.5781738758087158, 190.2723666910946], [0.0, 0.0, 0.0,
        1.0]], [[0.616634726524353, -0.057287055999040604, -0.7851623296737671, -258.3905624769404],
      [-0.7872494459152222, -0.04487180709838867, -0.6149999499320984, -202.3915447149918],
      [-8.516342120401532e-08, 0.9973489046096802, -0.07276873290538788, -23.94757925315748],
      [0.0, 0.0, 0.0, 1.0]], [[0.6902298927307129, 0.3483118712902069, 0.6342409253120422,
        208.72357525378754], [0.7235901355743408, -0.33225345611572266, -0.6050001382827759,
        -199.10062528873178], [-2.8163938736724958e-08, 0.8765196204185486, -0.4813663065433502,
        -158.41375206802255], [0.0, 0.0, 0.0, 1.0]], [[0.9719952940940857, 0.18582579493522644,
        -0.14385367929935455, -47.341095409407856], [-0.23500022292137146, 0.7686026096343994,
        -0.5949999690055847, -195.80970586247173], [-1.7805710683660436e-08, 0.6121428608894348,
        0.7907472252845764, 260.2285274078268], [0.0, 0.0, 0.0, 1.0]], [[0.8044590950012207,
        -0.40774431824684143, -0.4319608807563782, -142.15484118433577], [-0.5940080881118774,
        -0.5522041916847229, -0.5850000977516174, -192.5187864362117], [-1.1228350160763512e-07,
        0.7271968722343445, -0.6864291429519653, -225.8982618311637], [0.0, 0.0, 0.0,
        1.0]], [[0.5889350175857544, -0.17476728558540344, 0.7890576124191284, 259.67248237856444],
      [0.8081803917884827, 0.12735605239868164, -0.5749999284744263, -189.22786700995172],
      [-1.010222092645563e-07, 0.9763385057449341, 0.21624791622161865, 71.16546173232203],
      [0.0, 0.0, 0.0, 1.0]], [[0.6099340319633484, 0.2985275387763977, -0.7340720295906067,
        -241.57720523087283], [-0.7924521565437317, 0.22977054119110107, -0.5649999976158142,
        -185.93694758369168], [1.5545506215630667e-08, 0.9263296723365784, 0.37671372294425964,
        123.97343319218298], [0.0, 0.0, 0.0, 1.0]], [[0.8868468403816223, 0.3603972792625427,
        0.289165198802948, 95.16192797173858], [0.4620635509490967, -0.6917172074317932,
        -0.5549998879432678, -182.64602815743166], [7.19505024449063e-08, 0.6258125901222229,
        -0.7799736261367798, -256.682961188258], [0.0, 0.0, 0.0, 1.0]], [[0.8650131225585938,
        -0.389636367559433, 0.31612616777420044, 104.03456939217516], [0.5017492175102234,
        0.671731173992157, -0.5449999570846558, -179.3551087311716], [1.5110799722606316e-08,
        0.6300482153892517, 0.7765560150146484, 255.558330024225], [0.0, 0.0, 0.0,
        1.0]], [[0.5738807320594788, -0.2963050305843353, -0.7634554505348206, -251.24705710860596],
      [-0.8189388513565063, -0.2076389640569687, -0.5350000858306885, -176.0641893049116],
      [8.524531125431167e-08, 0.9322496056556702, -0.3618156909942627, -119.07066910043609],
      [0.0, 0.0, 0.0, 1.0]], [[0.5423271656036377, 0.21067753434181213, 0.8133241534233093,
        267.65842277632476], [0.8401674032211304, -0.13599202036857605, -0.5249999761581421,
        -172.77326987865155], [-1.329198937582987e-07, 0.9680502414703369, -0.25075656175613403,
        -82.52195243500493], [0.0, 0.0, 0.0, 1.0]], [[0.765108585357666, 0.4761940836906433,
        -0.43341442942619324, -142.63322510829735], [-0.6439012885093689, 0.565832257270813,
        -0.51500004529953, -169.48235045239153], [-1.0669762673387595e-07, 0.6731070280075073,
        0.7395451068878174, 243.37831185562723], [0.0, 0.0, 0.0, 1.0]], [[0.9412350058555603,
        -0.2850230634212494, -0.18121398985385895, -59.636053927625326], [-0.3377523720264435,
        -0.7942911982536316, -0.5050001740455627, -166.19143102613148], [3.234147882835714e-08,
        0.5365293025970459, -0.8438819050788879, -277.71470257583474], [0.0, 0.0,
        0.0, 1.0]], [[0.5727992057800293, -0.4124606251716614, 0.7083624601364136,
        233.11637094481205], [0.819695770740509, 0.288225382566452, -0.49500009417533875,
        -162.90051159987146], [-7.096798526617931e-08, 0.8641773462295532, 0.5031874179840088,
        165.59495046461214], [0.0, 0.0, 0.0, 1.0]], [[0.487861692905426, 0.09440851956605911,
        -0.867800772190094, -285.58622164925674], [-0.8729209899902344, 0.0527632012963295,
        -0.4850001931190491, -159.60959217361142], [-9.560584857126742e-08, 0.9941344261169434,
        0.10815225541591644, 35.59206079495038], [0.0, 0.0, 0.0, 1.0]], [[0.6399327516555786,
        0.5149299502372742, 0.570379912853241, 187.7074422493303], [0.7684308886528015,
        -0.42882242798805237, -0.47500017285346985, -156.3186727473514], [-1.0392589189223145e-07,
        0.7422657012939453, -0.6701055765151978, -220.52640516744748], [0.0, 0.0,
        0.0, 1.0]], [[0.9976015686988831, -0.06123838573694229, 0.032263580709695816,
        10.617682472714371], [0.06921761482954025, 0.8826006650924683, -0.4650000035762787,
        -153.02775332109135], [-5.283128157174133e-09, 0.4661179482936859, 0.8847225904464722,
        291.1550759196278], [0.0, 0.0, 0.0, 1.0]], [[0.5885264277458191, -0.5127878785133362,
        -0.6250482201576233, -205.69830111139538], [-0.8084779977798462, -0.3732808232307434,
        -0.4549998641014099, -149.73683389483134], [-8.24926758014044e-08, 0.773117184638977,
        -0.6342633366584778, -208.73091816114308], [0.0, 0.0, 0.0, 1.0]], [[0.4454660713672638,
        -0.0409415140748024, 0.8943621516227722, 294.32740897077196], [0.8952987790107727,
        0.020371101796627045, -0.44499993324279785, -146.4459144685713], [-7.698685067225597e-08,
        0.9989537596702576, 0.04572958126664162, 15.049158294478959], [0.0, 0.0, 0.0,
        1.0]], [[0.5310180187225342, 0.4859905540943146, -0.6941419243812561, -228.43651755190476],
      [-0.8473604917526245, 0.30455726385116577, -0.434999942779541, -143.15499504231127],
      [6.3662781712992e-08, 0.8191812634468079, 0.5735346674919128, 188.7456265574134],
      [0.0, 0.0, 0.0, 1.0]], [[0.9593167901039124, 0.25311338901519775, 0.12507973611354828,
        41.162727626066186], [0.2823319435119629, -0.860037088394165, -0.42499998211860657,
        -139.86407561605122], [2.1543627326536807e-08, 0.4430236220359802, -0.8965100049972534,
        -295.03419616682777], [0.0, 0.0, 0.0, 1.0]], [[0.6267346143722534, -0.5839263200759888,
        0.5159784555435181, 169.80437925125176], [0.7792327404022217, 0.46965014934539795,
        -0.4150000214576721, -136.57315618979123], [1.1277996492253806e-07, 0.662162184715271,
        0.7493605613708496, 246.6085004553013], [0.0, 0.0, 0.0, 1.0]], [[0.413790225982666,
        -0.1866486668586731, -0.8910330533981323, -293.2317987541773], [-0.910372257232666,
        -0.08483711630105972, -0.4049999713897705, -133.28223676353122], [-6.430440180338337e-09,
        0.9787567853927612, -0.20502451062202454, -67.47195168405959], [0.0, 0.0,
        0.0, 1.0]], [[0.443031907081604, 0.40598878264427185, 0.7993097305297852,
        263.04632136342593], [0.8965059518814087, -0.20063047111034393, -0.3949999511241913,
        -129.99131733727117], [1.8541678059591504e-07, 0.8915834426879883, -0.4528571367263794,
        -149.03153000438036], [0.0, 0.0, 0.0, 1.0]], [[0.803949236869812, 0.5220716595649719,
        -0.2847925126552582, -93.7229324984142], [-0.594697892665863, 0.7057686448097229,
        -0.38499999046325684, -126.70039791101114], [1.0497336333514795e-08, 0.4788859784603119,
        0.8778771162033081, 288.9022807013568], [0.0, 0.0, 0.0, 1.0]], [[0.6980165839195251,
        -0.6039658784866333, -0.384705126285553, -126.60337332331427], [-0.7160815596580505,
        -0.588729202747345, -0.3749999403953552, -123.4094784847511], [1.235690660905675e-09,
        0.5372364521026611, -0.8434315323829651, -277.56655631512183], [0.0, 0.0,
        0.0, 1.0]], [[0.3918197453022003, -0.33453744649887085, 0.8570658564567566,
        282.05348384855387], [0.9200419187545776, 0.14247022569179535, -0.3649998903274536,
        -120.11855905849107], [-1.588583700140589e-07, 0.9315507411956787, 0.36361122131347656,
        119.6614838616076], [0.0, 0.0, 0.0, 1.0]], [[0.3736664950847626, 0.2895040214061737,
        -0.8812267780303955, -290.0046637293778], [-0.9275630712509155, 0.11662602424621582,
        -0.35499995946884155, -116.82763963223104], [-8.821970709504967e-09, 0.950045108795166,
        0.3121125400066376, 102.71370081215291], [0.0, 0.0, 0.0, 1.0]], [[0.6164111495018005,
        0.6525394916534424, 0.44071468710899353, 145.0356626887929], [0.7874244451522827,
        -0.5108205676078796, -0.3449999690055847, -113.53672020597101], [2.5437849160425685e-08,
        0.5596913695335388, -0.8287010192871094, -272.7188596607322], [0.0, 0.0, 0.0,
        1.0]], [[0.8178362846374512, -0.5249594449996948, 0.23571468889713287, 77.57181443506201],
      [0.5754509568214417, 0.7460771799087524, -0.33500003814697266, -110.24580077971098],
      [6.142428787825338e-08, 0.40961742401123047, 0.9122573733329773, 300.2165613637079],
      [0.0, 0.0, 0.0, 1.0]], [[0.37923914194107056, -0.4768548607826233, -0.7929611206054688,
        -260.9570585146792], [-0.925298810005188, -0.1954420804977417, -0.3249998986721039,
        -106.95488135345094], [-4.757094984597643e-08, 0.8569785952568054, -0.5153526067733765,
        -169.59827141628523], [0.0, 0.0, 0.0, 1.0]], [[0.3189140260219574, 0.14803297817707062,
        0.9361516833305359, 308.08000380954576], [0.9477835893630981, -0.04981069639325142,
        -0.3149999678134918, -103.66396192719091], [6.026780852153024e-08, 0.987727165222168,
        -0.15618851780891418, -51.400398360563294], [0.0, 0.0, 0.0, 1.0]], [[0.46119430661201477,
        0.6655614972114563, -0.5867943167686462, -193.10930739645593], [-0.887299120426178,
        0.34594103693962097, -0.304999977350235, -100.37304250093088], [-6.123433848870263e-08,
        0.6613263487815857, 0.7500982284545898, 246.8512799993628], [0.0, 0.0, 0.0,
        1.0]], [[0.9697588086128235, -0.23249869048595428, -0.07424450665712357, -24.433269533271766],
      [-0.2440653294324875, -0.9238003492355347, -0.2950000762939453, -97.08212307467085],
      [2.7834353488742636e-08, 0.3041994273662567, -0.9526083469390869, -313.49574705342553],
      [0.0, 0.0, 0.0, 1.0]], [[0.37688446044921875, -0.6060900688171387, 0.7004377841949463,
        230.50839016484863], [0.9262603521347046, 0.2466108798980713, -0.2850000262260437,
        -93.79120364841086], [1.621291545461645e-08, 0.7561997771263123, 0.6543408632278442,
        215.3383358418762], [0.0, 0.0, 0.0, 1.0]], [[0.27501237392425537, -0.00901849940419197,
        -0.961398184299469, -316.38848882812937], [-0.9614405035972595, -0.0025792799424380064,
        -0.27500003576278687, -90.50028422215082], [1.2911036151308508e-07, 0.9999557733535767,
        -0.009379901923239231, -3.086971674467489], [0.0, 0.0, 0.0, 1.0]], [[0.34653592109680176,
        0.6044449806213379, 0.7173275947570801, 236.06676367391307], [0.9380365610122681,
        -0.22329801321029663, -0.2649998962879181, -87.20936479589079], [1.0452782106540326e-07,
        0.7647116184234619, -0.6443722248077393, -212.05781400782791], [0.0, 0.0,
        0.0, 1.0]], [[0.9383646845817566, 0.3326394557952881, -0.09392929077148438,
        -30.91136839388124], [-0.34564682841300964, 0.9030522108078003, -0.2550000250339508,
        -83.91844536963076], [-1.3831615852666346e-08, 0.2717493772506714, 0.9623680710792542,
        316.7075757415956], [0.0, 0.0, 0.0, 1.0]], [[0.38778218626976013, -0.7144795656204224,
        -0.5823606252670288, -191.6502137198133], [-0.9217510223388672, -0.3005827069282532,
        -0.24500007927417755, -80.62752594337071], [-2.7557547355172574e-09, 0.6317982077598572,
        -0.7751328945159912, -255.08999263545678], [0.0, 0.0, 0.0, 1.0]], [[0.23884154856204987,
        -0.17346429824829102, 0.9554396867752075, 314.4274704896248], [0.9710586667060852,
        0.04266511648893356, -0.23500005900859833, -77.33660651711068], [5.44202123364812e-08,
        0.9839156866073608, 0.17863410711288452, 58.78708867829856], [0.0, 0.0, 0.0,
        1.0]], [[0.26247093081474304, 0.4968666732311249, -0.8271834254264832, -272.2194312268559],
      [-0.9649398326873779, 0.1351514756679535, -0.22500009834766388, -74.04568709085065],
      [-4.6386166019374286e-08, 0.8572382926940918, 0.5149198770523071, 169.45596533355604],
      [0.0, 0.0, 0.0, 1.0]], [[0.633317232131958, 0.7279326915740967, 0.2627227306365967,
        86.4599377848354], [0.7738922834396362, -0.5957061052322388, -0.21499985456466675,
        -70.75476766459062], [1.1603996341591483e-07, 0.33948221802711487, -0.9406124949455261,
        -309.5479748154212], [0.0, 0.0, 0.0, 1.0]], [[0.4202624261379242, -0.7921268939971924,
        0.4426223039627075, 145.66344837123535], [0.9074026346206665, 0.3668725788593292,
        -0.20500004291534424, -67.46384823833058], [4.470016534696697e-08, 0.48779046535491943,
        0.8729607462882996, 287.28434640758337], [0.0, 0.0, 0.0, 1.0]], [[0.20779037475585938,
        -0.3378864526748657, -0.9179628491401672, -302.094206257144], [-0.9781733751296997,
        -0.0717761442065239, -0.19500000774860382, -64.17292881207055], [-3.831047479252447e-09,
        0.9384459853172302, -0.34542590379714966, -113.67687739775188], [0.0, 0.0,
        0.0, 1.0]], [[0.19880102574825287, 0.3587823808193207, 0.9120050668716431,
        300.1335375624305], [0.9800397753715515, -0.07277889549732208, -0.18500007688999176,
        -60.88200938581053], [3.343474475059338e-08, 0.9305794835090637, -0.36608949303627014,
        -120.47716491005089], [0.0, 0.0, 0.0, 1.0]], [[0.37999606132507324, 0.8210596442222595,
        -0.4259859025478363, -140.188527807026], [-0.9249880909919739, 0.3373010456562042,
        -0.17500002682209015, -57.591089959550494], [1.7255999296139635e-08, 0.46053120493888855,
        0.8876435160636902, 292.1163291052489], [0.0, 0.0, 0.0, 1.0]], [[0.499740868806839,
        -0.8176007866859436, -0.2859860360622406, -94.11570612429294], [-0.8661749362945557,
        -0.4717159569263458, -0.16499988734722137, -54.30017053329046], [-1.4153283700579777e-07,
        0.330171138048172, -0.9439210891723633, -310.63681694567003], [0.0, 0.0, 0.0,
        1.0]], [[0.17941899597644806, -0.49549052119255066, 0.8498810529708862, 279.6890423549412],
      [0.9837726950645447, 0.0903669148683548, -0.15499994158744812, -51.009251107030465],
      [-5.1893607633246575e-08, 0.8638997673988342, 0.5036636590957642, 165.75162922104943],
      [0.0, 0.0, 0.0, 1.0]], [[0.14808374643325806, 0.20077359676361084, -0.9683806300163269,
        -318.6862826743965], [-0.9889747500419617, 0.03006293624639511, -0.14499999582767487,
        -47.71833168077043], [1.2434770724212285e-07, 0.9791762232780457, 0.20301192998886108,
        66.80958582520223], [0.0, 0.0, 0.0, 1.0]], [[0.22753764688968658, 0.7838599681854248,
        0.5777456164360046, 190.1314387853339], [0.9737691879272461, -0.1831619292497635,
        -0.13499994575977325, -44.4274122545104], [1.9256869876471683e-08, 0.5933085083961487,
        -0.8049749135971069, -264.9108297656837], [0.0, 0.0, 0.0, 1.0]], [[0.7274736166000366,
        -0.6759307980537415, 0.11789676547050476, 38.798961789687915], [0.6861356496810913,
        0.7166539430618286, -0.125, -41.13649282825037], [1.759688785796243e-07, 0.17182737588882446,
        0.9851270914077759, 324.197372326165], [0.0, 0.0, 0.0, 1.0]], [[0.1509145349264145,
        -0.6401350498199463, -0.7532938718795776, -247.90297940963515], [-0.9885466694831848,
        -0.09772469848394394, -0.11500002443790436, -37.845573401990336], [2.0834896474752895e-08,
        0.7620214223861694, -0.647551417350769, -213.10404049444253], [0.0, 0.0, 0.0,
        1.0]], [[0.10505180060863495, 0.031219594180583954, 0.9939765930175781, 327.1096872879039],
      [0.9944667220115662, -0.0032979727257043123, -0.10499999672174454, -34.554653975730304],
      [7.48254365134926e-08, 0.9995070695877075, -0.03139328584074974, -10.331266736643352],
      [0.0, 0.0, 0.0, 1.0]], [[0.13217462599277496, 0.6891718506813049, -0.7124407887458801,
        -234.45854601597858], [-0.9912263751029968, 0.09189732372760773, -0.09500004351139069,
        -31.26373454947027], [-5.8342877196082554e-09, 0.7187467813491821, 0.695271909236908,
        228.80838228406304], [0.0, 0.0, 0.0, 1.0]], [[0.8362663984298706, 0.5454835891723633,
        0.05573283135890961, 18.341228333951598], [0.548323392868042, -0.8319351673126221,
        -0.08500061929225922, -27.97281512321024], [-3.365798306731449e-07, 0.10164277255535126,
        -0.9948208332061768, -327.3875801838563], [0.0, 0.0, 0.0, 1.0]], [[0.11795352399349213,
        -0.7664303183555603, 0.6314045190811157, 207.79012166049228], [0.993019163608551,
        0.09103865176439285, -0.07500000298023224, -24.681895696950207], [1.5786017826258103e-08,
        0.6358432769775391, 0.771818220615387, 253.99916548382416], [0.0, 0.0, 0.0,
        1.0]], [[0.0656721368432045, -0.14239944517612457, -0.9876282811164856, -325.0204999596979],
      [-0.9978412985801697, -0.009372025728225708, -0.0650000125169754, -21.390976270690174],
      [-7.028004489484374e-08, 0.989764928817749, -0.14270757138729095, -46.96389508432231],
      [0.0, 0.0, 0.0, 1.0]], [[0.06650799512863159, 0.5609988570213318, 0.8251405358314514,
        271.54712855366563], [0.9977858066558838, -0.03739354759454727, -0.05500021576881409,
        -18.100056844430142], [-7.632696963355556e-08, 0.8269715309143066, -0.562243640422821,
        -185.02986682653096], [0.0, 0.0, 0.0, 1.0]], [[0.193015918135643, 0.9541565775871277,
        -0.22875747084617615, -75.28224929301737], [-0.9811955690383911, 0.1876969337463379,
        -0.04500000178813934, -14.809137418170112], [1.4004976733872354e-08, 0.23314154148101807,
        0.9724428057670593, 320.02309149758264], [0.0, 0.0, 0.0, 1.0]], [[0.07148004323244095,
        -0.8696916103363037, -0.48839277029037476, -160.7260867276673], [-0.9974421858787537,
        -0.06232538819313049, -0.03499988839030266, -11.518217991910115], [-7.063039220156497e-08,
        0.4896452724933624, -0.8719221353530884, -286.9424374345099], [0.0, 0.0, 0.0,
        1.0]], [[0.026323655620217323, -0.31300899386405945, 0.9493852853775024, 312.4350489613465],
      [0.9996535181999207, 0.00824233889579773, -0.024999985471367836, -8.227298565650083],
      [4.872707748404537e-08, 0.9497144222259521, 0.31311747431755066, 103.04444885673888],
      [0.0, 0.0, 0.0, 1.0]], [[0.01644974946975708, 0.410444051027298, -0.9117375016212463,
        -300.0454352021633], [-0.9998647570610046, 0.006752542685717344, -0.014999973587691784,
        -4.936379139390049], [-1.9344923885000753e-08, 0.9118608832359314, 0.4104995131492615,
        135.09210071907614], [0.0, 0.0, 0.0, 1.0]], [[0.012655855156481266, 0.9185777902603149,
        0.3950379192829132, 130.00376441197994], [0.9999200701713562, -0.011626679450273514,
        -0.004999821074306965, -1.6454597131300177], [1.9628123482107185e-07, 0.39506956934928894,
        -0.9186515212059021, -302.32072440109573], [0.0, 0.0, 0.0, 1.0]], [[-0.015184342861175537,
        -0.9441202878952026, 0.32925140857696533, 108.35398517663269], [0.9998847842216492,
        -0.014337514527142048, 0.004999981727451086, 1.6454597131300148], [3.473194709613381e-08,
        0.32928937673568726, 0.9442290663719177, 310.73817444921525], [0.0, 0.0, 0.0,
        1.0]], [[-0.017033003270626068, -0.4737228453159332, -0.8805092573165894,
        -289.76849546054257], [-0.9998549222946167, 0.008070206269621849, 0.014999850653111935,
        4.936379139390048], [1.0908321002034427e-07, 0.880636990070343, -0.47379156947135925,
        -155.92099890932627], [0.0, 0.0, 0.0, 1.0]], [[-0.025788331404328346, 0.24528560042381287,
        0.9691078066825867, 318.92557321493774], [0.9996674656867981, 0.006327512674033642,
        0.02499997802078724, 8.227298565650079], [6.631222504438483e-08, 0.9694302678108215,
        -0.24536722898483276, -80.74835607733121], [0.0, 0.0, 0.0, 1.0]], [[-0.06365993618965149,
        0.8336039185523987, -0.5486820936203003, -180.56683295759234], [-0.9979717135429382,
        -0.05317508056759834, 0.03499995172023773, 11.518217991910111], [-7.737750706837687e-08,
        0.5497972369194031, 0.8352981209754944, 274.8898983071444], [0.0, 0.0, 0.0,
        1.0]], [[-0.27138859033584595, -0.9491463303565979, -0.15959079563617706,
        -52.520048830806864], [-0.962469756603241, 0.26763197779655457, 0.04499998688697815,
        14.809137418170144], [1.1174852154738346e-08, 0.16581380367279053, -0.9861568808555603,
        -324.53634714943075], [0.0, 0.0, 0.0, 1.0]], [[-0.07003225386142731, -0.6175291538238525,
        0.7834240198135376, 257.81853412367474], [0.9975447058677673, -0.04335324466228485,
        0.05500011891126633, 18.100056844430174], [-1.98488265823471e-07, 0.7853522896766663,
        0.619049072265625, 203.72407345697852], [0.0, 0.0, 0.0, 1.0]], [[-0.06517231464385986,
        0.07252946496009827, -0.9952345490455627, -327.5237089812137], [-0.9978739023208618,
        -0.004736918490380049, 0.065000019967556, 21.39097627069021], [-1.7069048396933795e-08,
        0.9973549246788025, 0.07268407940864563, 23.9197176139775], [0.0, 0.0, 0.0,
        1.0]], [[-0.10895253717899323, 0.7210378050804138, 0.6842762231826782, 225.18978395465984],
      [0.9940470457077026, 0.07902922481298447, 0.07500009983778, 24.681895696950242],
      [4.7973884420571267e-08, 0.6883741617202759, -0.7253559231758118, -238.70875963947134],
      [0.0, 0.0, 0.0, 1.0]], [[-0.9856030941009521, 0.16844616830348969, -0.014581567607820034,
        -4.798622778300776], [-0.1690761297941208, -0.9819309711456299, 0.08500044792890549,
        27.972815123210275], [-9.081079355155453e-08, 0.08624209463596344, 0.9962742328643799,
        327.8658285562414], [0.0, 0.0, 0.0, 1.0]], [[-0.1421288698911667, -0.7362448573112488,
        -0.6616209745407104, -217.73417422066245], [-0.9898478388786316, 0.1057153046131134,
        0.09500011056661606, 31.263734549470307], [-5.4326868337284395e-08, 0.6684065461158752,
        -0.7437955141067505, -244.7772762733969], [0.0, 0.0, 0.0, 1.0]], [[-0.10554448515176773,
        -0.10086432844400406, 0.9892860651016235, 325.56604897882994], [0.9944146871566772,
        -0.010705681517720222, 0.10500004887580872, 34.55465397573034], [1.348943641232836e-07,
        0.9948426485061646, 0.10143078863620758, 33.38008900958838], [0.0, 0.0, 0.0,
        1.0]], [[-0.14279526472091675, 0.5867258310317993, -0.7970962524414062, -262.31794427393555],
      [-0.9897523522377014, -0.0846492126584053, 0.11499994993209839, 37.84557340199037],
      [-6.919224659895917e-08, 0.8053492307662964, 0.5928006768226624, 195.08591796213128],
      [0.0, 0.0, 0.0, 1.0]], [[-0.5555309057235718, 0.8101736307144165, 0.18709492683410645,
        61.57143132606529], [0.8314961194992065, 0.5412847995758057, 0.12500014901161194,
        41.136492828250404], [1.6367431499020313e-07, 0.22501011192798615, -0.9743567109107971,
        -320.6528566902334], [0.0, 0.0, 0.0, 1.0]], [[-0.2515014111995697, -0.8166045546531677,
        0.5195229053497314, 170.97079701194733], [0.9678569436073303, -0.2121979296207428,
        0.13499999046325684, 44.427412254510436], [7.334407570169788e-08, 0.5367765426635742,
        0.8437244892120361, 277.6629221030847], [0.0, 0.0, 0.0, 1.0]], [[-0.1506289392709732,
        -0.2677265703678131, -0.9516476988792419, -313.1796056473308], [-0.9885903596878052,
        0.0407928042113781, 0.14500010013580322, 47.71833168077047], [-1.7684548936358624e-08,
        0.9626309871673584, -0.27081647515296936, -89.12352175235633], [0.0, 0.0,
        0.0, 1.0]], [[-0.17283888161182404, 0.43579867482185364, 0.8832927346229553,
        290.68455093786673], [0.9849500060081482, 0.07647399604320526, 0.15500013530254364,
        51.0092511070305], [-2.4811477317143726e-09, 0.8967893123626709, -0.44245755672454834,
        -145.60925399474817], [0.0, 0.0, 0.0, 1.0]], [[-0.42457374930381775, 0.8342258930206299,
        -0.3518584370613098, -115.793804512047], [-0.9053933620452881, -0.3912005126476288,
        0.1650000661611557, 54.30017053329046], [1.3362426898311242e-07, 0.38862496614456177,
        0.921396017074585, 303.22399809058294], [0.0, 0.0, 0.0, 1.0]], [[-0.434934139251709,
        -0.8243566751480103, -0.36230969429016113, -119.2332028687126], [-0.9004622101783752,
        0.3981742858886719, 0.17499999701976776, 57.591089959550494], [-2.7708068728315993e-08,
        0.40235966444015503, -0.9154816269874573, -301.2776400470101], [0.0, 0.0,
        0.0, 1.0]], [[-0.2048589438199997, -0.42040199041366577, 0.8839091062545776,
        290.8873266955633], [0.9787917137145996, -0.08798924833536148, 0.18500012159347534,
        60.88200938581053], [-5.8808062419757334e-08, 0.9030616879463196, 0.42951110005378723,
        141.34868518104844], [0.0, 0.0, 0.0, 1.0]], [[-0.20311355590820312, 0.27397891879081726,
        -0.9400427937507629, -309.36050993802763], [-0.9791551828384399, -0.05683355778455734,
        0.19500015676021576, 64.17292881207055], [-2.8868630153056074e-08, 0.9600549340248108,
        0.2798115313053131, 92.0837488372453], [0.0, 0.0, 0.0, 1.0]], [[-0.3773500323295593,
        0.7774947881698608, 0.5030990839004517, 165.56583565957257], [0.9260706305503845,
        0.3168092966079712, 0.20499996840953827, 67.46384823833058], [-2.2305099989239352e-08,
        0.5432620644569397, -0.8395630717277527, -276.29348516492263], [0.0, 0.0,
        0.0, 1.0]], [[-0.7394911050796509, -0.6440869569778442, 0.19571681320667267,
        64.40881502954345], [0.6731664538383484, -0.7075464725494385, 0.21500004827976227,
        70.75476766459062], [9.364676145651174e-09, 0.29074060916900635, 0.9568018913269043,
        314.8758074234606], [0.0, 0.0, 0.0, 1.0]], [[-0.2743023931980133, -0.550047755241394,
        -0.788800060749054, -259.58775651620454], [-0.961643397808075, 0.15689760446548462,
        0.22499999403953552, 74.04568709085065], [6.677311148450826e-08, 0.8202624917030334,
        -0.5719871520996094, -188.23639284549623], [0.0, 0.0, 0.0, 1.0]], [[-0.23645566403865814,
        0.107650026679039, 0.9656604528427124, 317.7910846057436], [0.971642255783081,
        0.026197470724582672, 0.23499998450279236, 77.33660651711068], [-8.380834515264723e-08,
        0.9938436150550842, -0.11079182475805283, -36.460698551716355], [0.0, 0.0,
        0.0, 1.0]], [[-0.35967329144477844, 0.6831270456314087, -0.6355884671211243,
        -209.16702989973297], [-0.9330783486366272, -0.26332467794418335, 0.244999960064888,
        80.62752594337071], [-4.633688988064932e-09, 0.6811737418174744, 0.7321218252182007,
        240.93539043596672], [0.0, 0.0, 0.0, 1.0]], [[-0.9949173331260681, -0.09733416140079498,
        -0.025809140875935555, -8.493579185264098], [-0.100697822868824, 0.9616833925247192,
        0.2550000548362732, 83.91844536963076], [8.363160830526795e-09, 0.2563028335571289,
        -0.9665968418121338, -318.0991360263721], [0.0, 0.0, 0.0, 1.0]], [[-0.36775752902030945,
        -0.6447781920433044, 0.6700863242149353, 220.51998308193149], [0.9299218058586121,
        -0.254991352558136, 0.26499998569488525, 87.20936479589079], [-3.380796087526505e-08,
        0.7205835580825806, 0.693368136882782, 228.18188020699262], [0.0, 0.0, 0.0,
        1.0]], [[-0.2754707932472229, -0.05619896575808525, -0.9596649408340454, -315.81809053282853],
      [-0.9613090753555298, 0.01610468327999115, 0.2749999165534973, 90.50028422215082],
      [1.252199126611231e-07, 0.9982894062995911, -0.05846061557531357, -19.238995536785293],
      [0.0, 0.0, 0.0, 1.0]], [[-0.3573606610298157, 0.5634633302688599, 0.7448504567146301,
        245.12429554178203], [0.933966338634491, 0.21559642255306244, 0.28499990701675415,
        93.79120364841086], [-3.267379611315846e-08, 0.7975130677223206, -0.6033013463020325,
        -198.5416746043103], [0.0, 0.0, 0.0, 1.0]], [[-0.9019317030906677, 0.408125102519989,
        -0.14125728607177734, -46.486624917847905], [-0.43187928199768066, -0.8523237705230713,
        0.2950000464916229, 97.08212307467089], [-5.259972901683341e-09, 0.32707589864730835,
        0.9449980854988098, 310.9912567652316], [0.0, 0.0, 0.0, 1.0]], [[-0.4970723092556,
        -0.6851627230644226, -0.5324201583862305, -175.21518140742805], [-0.8677091598510742,
        0.39249947667121887, 0.304999977350235, 100.37304250093092], [2.7002913682849794e-08,
        0.6135928630828857, -0.7896226048469543, -259.85842153916195], [0.0, 0.0,
