{cam2Pos: [[[0.9950000047683716, 4.21468504541167e-09, 0.09987492114305496, 31.860191055672832],
      [0.09987492114305496, -3.066723408551297e-08, -0.9949999451637268, -317.4059066711007],
      [4.21468504541167e-09, 0.9999999403953552, -3.066723408551297e-08, 0.0], [0.0,
        0.0, 0.0, 1.0]], [[0.9917600154876709, 0.014932266436517239, -0.12723620235919952,
        -40.588463598538794], [-0.1281094253063202, 0.11559828370809555, -0.9850000143051147,
        -314.2158975588283], [2.2033397328868887e-09, 0.9931837916374207, 0.11655872315168381,
        37.182357480631296], [0.0, 0.0, 0.0, 1.0]], [[0.9998015761375427, 0.00440950458869338,
        0.019426420331001282, 6.197045987797338], [0.019920580089092255, -0.22131036221981049,
        -0.9750001430511475, -311.02588844655594], [-2.1399830796298147e-09, 0.9751936197280884,
        -0.22135429084300995, -70.61214272958387], [0.0, 0.0, 0.0, 1.0]], [[0.9866037368774414,
        -0.033951934427022934, 0.1595630645751953, 50.90074839200097], [0.16313523054122925,
        0.2053333967924118, -0.9650002121925354, -307.83587933428356], [-2.8145343833330116e-08,
        0.9781031012535095, 0.20812144875526428, 66.39101273086646], [0.0, 0.0, 0.0,
        1.0]], [[0.956277072429657, -0.015109610743820667, -0.29207175970077515, -93.17114804476908],
      [-0.2924623191356659, -0.04940449446439743, -0.9549999833106995, -304.6458702220112],
      [2.6733621538710395e-08, 0.9986645579338074, -0.05166337639093399, -16.480664200835022],
      [0.0, 0.0, 0.0, 1.0]], [[0.9599064588546753, 0.049209609627723694, 0.2759673595428467,
        88.03382709924712], [0.2803204655647278, -0.1685095578432083, -0.9450000524520874,
        -301.45586110973886], [3.565235218161433e-08, 0.9844709634780884, -0.17554788291454315,
        -55.99991475576701], [0.0, 0.0, 0.0, 1.0]], [[0.9951869249343872, 0.03356204926967621,
        -0.09206808358430862, -29.369799148518148], [-0.0979946032166481, 0.3408401310443878,
        -0.9350000619888306, -298.2658519974665], [-1.5497295891009344e-08, 0.9395220279693604,
        0.342488557100296, 109.25418890829127], [0.0, 0.0, 0.0, 1.0]], [[0.9825450778007507,
        -0.0627276822924614, -0.17512953281402588, -55.866472417701466], [-0.1860245019197464,
        -0.3313152492046356, -0.925000011920929, -295.0758428851941], [1.9843692911081234e-08,
        0.9414326548576355, -0.3372010588645935, -107.56749308690763], [0.0, 0.0,
        0.0, 1.0]], [[0.9238911867141724, -0.05295957252383232, 0.37897273898124695,
        120.89266304962554], [0.3826552629470825, 0.1278669834136963, -0.9149999022483826,
        -291.8858337729218], [-7.167476212543988e-08, 0.9903762936592102, 0.13840043544769287,
        44.14980665035188], [0.0, 0.0, 0.0, 1.0]], [[0.917163074016571, 0.06468585133552551,
        -0.3932272791862488, -125.43986383997772], [-0.39851218461990356, 0.14887242019176483,
        -0.9050001502037048, -288.6958246606494], [3.761175548788742e-08, 0.9867385625839233,
        0.1623183637857437, 51.77975228912273], [0.0, 0.0, 0.0, 1.0]], [[0.9784079790115356,
        0.08350344747304916, 0.18906335532665253, 60.31137977153369], [0.20668280124664307,
        -0.39529404044151306, -0.8950001001358032, -285.50581554837703], [-6.924061324298236e-10,
        0.914751410484314, -0.4040175974369049, -128.88191541840706], [0.0, 0.0, 0.0,
        1.0]], [[0.9878304600715637, -0.06909629702568054, 0.13934385776519775, 44.4508248183118],
      [0.15553458034992218, 0.4388440251350403, -0.8849999308586121, -282.31580643610465],
      [1.0829738883444406e-08, 0.8959026336669922, 0.44425034523010254, 141.7162339787193],
      [0.0, 0.0, 0.0, 1.0]], [[0.9019775390625, -0.10481224209070206, -0.4188685715198517,
        -133.61945736171344], [-0.43178290128707886, -0.21894867718219757, -0.875,
        -279.1257973238323], [-1.089956747080123e-08, 0.9700906276702881, -0.24274292588233948,
        -77.43520676348469], [0.0, 0.0, 0.0, 1.0]], [[0.8700645565986633, 0.053109169006347656,
        0.4900684058666229, 156.33227255925235], [0.49293774366378784, -0.09374085813760757,
        -0.8649999499320984, -275.9357882115599], [2.307021063074899e-08, 0.9941790699958801,
        -0.10774010419845581, -34.369211575656685], [0.0, 0.0, 0.0, 1.0]], [[0.9441925287246704,
        0.13975214958190918, -0.2982781231403351, -95.15102533627561], [-0.32939413189888,
        0.4005928337574005, -0.854999840259552, -272.7457790992875], [-2.3858390818531916e-08,
        0.9055355191230774, 0.42427030205726624, 135.34254218384388], [0.0, 0.0, 0.0,
        1.0]], [[0.9967091083526611, -0.042989540845155716, -0.06872318685054779,
        -21.922759154556395], [-0.08106156438589096, -0.528586745262146, -0.8450000882148743,
        -269.55576998701514], [-3.1064553152049257e-09, 0.8477900624275208, -0.5303320288658142,
        -169.1764193425495], [0.0, 0.0, 0.0, 1.0]], [[0.8930333256721497, -0.15956978499889374,
        0.4207480549812317, 134.21901655428135], [0.44999048113822937, 0.31667590141296387,
        -0.8349999189376831, -266.36576087474276], [2.2816843525674813e-08, 0.9350153803825378,
        0.3546070158481598, 113.11992924603675], [0.0, 0.0, 0.0, 1.0]], [[0.8252249956130981,
        0.01318813394755125, -0.5646501183509827, -180.12390757191946], [-0.5648041367530823,
        0.019268956035375595, -0.8250000476837158, -263.17575176247044], [1.5254784102580743e-08,
        0.9997273683547974, 0.023349935188889503, 7.44868908524401], [0.0, 0.0, 0.0,
        1.0]], [[0.8930031061172485, 0.18395356833934784, 0.4107389450073242, 131.02610581550746],
      [0.4500504434108734, -0.3650059998035431, -0.8149999380111694, -259.98574265019806],
      [9.2952816999059e-08, 0.9126507043838501, -0.4087398648262024, -130.38847563053986],
      [0.0, 0.0, 0.0, 1.0]], [[0.9994210600852966, 0.020163321867585182, -0.02740422822535038,
        -8.741971568363171], [-0.03402280434966087, 0.5922983288764954, -0.8050001263618469,
        -256.7957335379257], [2.756573858064826e-09, 0.8054664731025696, 0.5926414132118225,
        189.05319498390935], [0.0, 0.0, 0.0, 1.0]], [[0.8983872532844543, -0.20455701649188995,
        -0.388660192489624, -123.98296080448357], [-0.4392041862010956, -0.4184190034866333,
        -0.7950000762939453, -253.60572442565334], [1.0652350113105058e-08, 0.8849191069602966,
        -0.46574458479881287, -148.57302356922315], [0.0, 0.0, 0.0, 1.0]], [[0.7876921892166138,
        -0.050892174243927, 0.6139633655548096, 195.85485271104946], [0.616068959236145,
        0.06506974250078201, -0.7849998474121094, -250.41571531338096], [-3.575874885086705e-08,
        0.99658203125, 0.08260803669691086, 26.35199342418583], [0.0, 0.0, 0.0, 1.0]],
    [[0.8310174942016602, 0.20076769590377808, -0.5187507271766663, -165.48192900902134],
      [-0.5562463402748108, 0.2999415993690491, -0.7750001549720764, -247.22570620110858],
      [2.2312166336746486e-08, 0.9325918555259705, 0.36093297600746155, 115.13801600090137],
      [0.0, 0.0, 0.0, 1.0]], [[0.9833542108535767, 0.11416631937026978, 0.14135265350341797,
        45.09162333303507], [0.1816989928483963, -0.6178678870201111, -0.7650001645088196,
        -244.03569708883623], [-7.0491328330035685e-09, 0.7779497504234314, -0.6283268928527832,
        -200.4367865821165], [0.0, 0.0, 0.0, 1.0]], [[0.9180662631988525, -0.22554215788841248,
        0.32601383328437805, 103.9987071663395], [0.39642688632011414, 0.522322416305542,
        -0.7549999952316284, -240.84568797656385], [1.2596110821050388e-09, 0.8223807215690613,
        0.5689375996589661, 181.49161097591556], [0.0, 0.0, 0.0, 1.0]], [[0.7608005404472351,
        -0.1315780133008957, -0.6355074644088745, -202.72747076154192], [-0.648985743522644,
        -0.15424787998199463, -0.7449999451637268, -237.65567886429147], [-1.2475693722535652e-07,
        0.9792316555976868, -0.20274411141872406, -64.67559250589353], [0.0, 0.0,
        0.0, 1.0]], [[0.7666577696800232, 0.18259859085083008, 0.6155433654785156,
        196.35887571859215], [0.6420559287071228, -0.21803490817546844, -0.7350000143051147,
        -234.4656697520191], [-5.941353009575323e-08, 0.9587067365646362, -0.2843966782093048,
        -90.72278103142042], [0.0, 0.0, 0.0, 1.0]], [[0.9388487935066223, 0.21877077221870422,
        -0.265899121761322, -84.82206554875471], [-0.3443297743797302, 0.5964998006820679,
        -0.7249999642372131, -231.27566063974675], [-2.3103517321487743e-08, 0.7722223401069641,
        0.6353524327278137, 202.67798932172911], [0.0, 0.0, 0.0, 1.0]], [[0.9493634700775146,
        -0.20668786764144897, -0.23662026226520538, -75.48208001106481], [-0.314179927110672,
        -0.624552845954895, -0.7150000929832458, -228.08565152747437], [9.86666126578939e-09,
        0.7531362771987915, -0.6578648686408997, -209.85941134077882], [0.0, 0.0,
        0.0, 1.0]], [[0.746821939945221, -0.2194214165210724, 0.6277827620506287,
        200.26328984662706], [0.6650240421295166, 0.24641023576259613, -0.7049999833106995,
        -224.895642415202], [-1.8057253470260548e-09, 0.9440001249313354, 0.32994508743286133,
        105.25277253482162], [0.0, 0.0, 0.0, 1.0]], [[0.7069740891456604, 0.12961477041244507,
        -0.6952608227729797, -221.7888440073867], [-0.7072394490242004, 0.12956616282463074,
        -0.6949999928474426, -221.7056333029296], [7.339764351854683e-09, 0.9830628633499146,
        0.18326859176158905, 58.46282750108364], [0.0, 0.0, 0.0, 1.0]], [[0.8668250441551208,
        0.3055482506752014, 0.3940235674381256, 125.69388249312945], [0.4986123740673065,
        -0.5311880707740784, -0.6850000619888306, -218.51562419065723], [1.670357718808191e-08,
        0.7902402281761169, -0.6127972602844238, -195.48286690188039], [0.0, 0.0,
        0.0, 1.0]], [[0.9832901358604431, -0.1323755383491516, 0.12496878951787949,
        39.86514282898797], [0.18204528093338013, 0.7150065898895264, -0.6750000715255737,
        -215.32561507838489], [-1.5130737551771745e-08, 0.6864709258079529, 0.7271572947502136,
        231.96385762042127], [0.0, 0.0, 0.0, 1.0]], [[0.7477661371231079, -0.30362629890441895,
        -0.5904717445373535, -188.36099955629135], [-0.6639622449874878, -0.3419495224952698,
        -0.6650000214576721, -212.1356059661125], [3.960425232207854e-08, 0.8893154263496399,
        -0.4572947025299072, -145.87734536710127], [0.0, 0.0, 0.0, 1.0]], [[0.6562784910202026,
        0.0470733679831028, 0.7530488967895508, 240.22328982841583], [0.7545187473297119,
        -0.040944404900074005, -0.6550000309944153, -208.94559685384013], [8.033752152414309e-08,
        0.9980519413948059, -0.062388669699430466, -19.902008522079175], [0.0, 0.0,
        0.0, 1.0]], [[0.7791330218315125, 0.35164231061935425, -0.5189406871795654,
        -165.54252429723152], [-0.626858651638031, 0.4370621144771576, -0.6449999213218689,
        -205.75558774156775], [4.233363881667174e-08, 0.827843189239502, 0.56095951795578,
        178.94661809106648], [0.0, 0.0, 0.0, 1.0]], [[0.9999824166297913, 0.00458448426797986,
        0.0037685276474803686, 1.20216396509545], [0.005934584885835648, -0.7724889516830444,
        -0.6349999308586121, -202.56557862929543], [-4.049323099053481e-10, 0.6350111365318298,
        -0.772502601146698, -246.4291430009593], [0.0, 0.0, 0.0, 1.0]], [[0.7660124897956848,
        -0.37166503071784973, 0.5244901180267334, 167.3128486458827], [0.6428256630897522,
        0.44288843870162964, -0.6249999403953552, -199.37556951702305], [5.216296372623219e-08,
        0.8159134984016418, 0.5781739354133606, 184.43799587278684], [0.0, 0.0, 0.0,
        1.0]], [[0.6166347861289978, -0.05728709325194359, -0.7851622104644775, -250.46746579370483],
      [-0.7872493267059326, -0.044871579855680466, -0.6149999499320984, -196.18556040475067],
      [2.8868036849871714e-08, 0.9973487854003906, -0.07276857644319534, -23.213268433391587],
      [0.0, 0.0, 0.0, 1.0]], [[0.6902298927307129, 0.3483119606971741, 0.6342408657073975,
        202.32343025253994], [0.7235901355743408, -0.33225342631340027, -0.6050000190734863,
        -192.9955512924783], [-3.926931313458226e-08, 0.8765195608139038, -0.481366366147995,
        -153.55627019423676], [0.0, 0.0, 0.0, 1.0]], [[0.9719952940940857, 0.18582575023174286,
        -0.14385369420051575, -45.88946314999633], [-0.23500019311904907, 0.7686025500297546,
        -0.5949999690055847, -189.80554218020595], [8.531756634511112e-09, 0.6121428608894348,
        0.7907471656799316, 252.24907273028904], [0.0, 0.0, 0.0, 1.0]], [[0.8044589161872864,
        -0.40774455666542053, -0.43196094036102295, -137.7959105024383], [-0.5940083265304565,
        -0.5522041916847229, -0.5850000381469727, -186.61553306793357], [3.381673607805169e-09,
        0.7271968722343445, -0.6864292621612549, -218.97148497094884], [0.0, 0.0,
        0.0, 1.0]], [[0.5889349579811096, -0.17476746439933777, 0.7890576124191284,
        251.71007785365165], [0.8081804513931274, 0.1273559182882309, -0.5749999284744263,
        -183.42552395566122], [8.161083542290726e-08, 0.9763385057449341, 0.21624799072742462,
        68.98329676310955], [0.0, 0.0, 0.0, 1.0]], [[0.6099340319633484, 0.2985275387763977,
        -0.7340720295906067, -234.16966087181422], [-0.7924521565437317, 0.22977054119110107,
        -0.5649999976158142, -180.23551484338887], [3.772981926886132e-08, 0.9263297319412231,
        0.37671369314193726, 120.17200372851218], [0.0, 0.0, 0.0, 1.0]], [[0.8868467807769775,
        0.3603973686695099, 0.2891652286052704, 92.24395314844963], [0.46206361055374146,
        -0.6917172074317932, -0.5549998879432678, -177.0455057311165], [1.583853936892865e-08,
        0.6258125901222229, -0.7799736857414246, -248.81222512522834], [0.0, 0.0,
        0.0, 1.0]], [[0.8650131821632385, -0.3896363377571106, 0.31612613797187805,
        100.84453046895968], [0.5017491579055786, 0.6717312335968018, -0.5449999570846558,
        -173.8554966188441], [4.458989621980436e-09, 0.6300481557846069, 0.7765560746192932,
        247.72207881760883], [0.0, 0.0, 0.0, 1.0]], [[0.573880672454834, -0.2963050901889801,
        -0.7634555101394653, -243.54300357906754], [-0.8189389705657959, -0.2076391726732254,
        -0.5350000858306885, -170.66548750657174], [4.039981149617233e-08, 0.9322496652603149,
        -0.3618159294128418, -115.41957436084205], [0.0, 0.0, 0.0, 1.0]], [[0.5423272848129272,
        0.21067748963832855, 0.8133240938186646, 259.4511432944032], [0.8401672840118408,
        -0.13599197566509247, -0.5250000357627869, -167.47547839429936], [-1.10238985939759e-07,
        0.9680501818656921, -0.25075647234916687, -79.99156045255681], [0.0, 0.0,
        0.0, 1.0]], [[0.765108585357666, 0.47619396448135376, -0.433414489030838,
        -138.2596256163438], [-0.6439012289047241, 0.565832257270813, -0.5149999260902405,
        -164.285469282027], [3.210628207739319e-09, 0.6731070280075073, 0.7395450472831726,
        235.9155396980455], [0.0, 0.0, 0.0, 1.0]], [[0.9412350058555603, -0.2850230932235718,
        -0.18121396005153656, -57.80741817349482], [-0.3377523720264435, -0.7942909598350525,
        -0.5049999356269836, -161.09546016975463], [1.5216429005704413e-08, 0.5365290641784668,
        -0.8438816666603088, -269.1990647840686], [0.0, 0.0, 0.0, 1.0]], [[0.5727991461753845,
        -0.4124605655670166, 0.7083624601364136, 225.96826333695162], [0.819695770740509,
        0.28822529315948486, -0.4950000047683716, -157.90545105748225], [3.4177180197048074e-08,
        0.8641772866249084, 0.5031874179840088, 160.51726964604967], [0.0, 0.0, 0.0,
        1.0]], [[0.4878615736961365, 0.09440848231315613, -0.8678008317947388, -276.8292174311598],
      [-0.8729211091995239, 0.05276315659284592, -0.4850001335144043, -154.71544194520988],
      [-5.340089614946919e-08, 0.9941345453262329, 0.10815217345952988, 34.50069222432328],
      [0.0, 0.0, 0.0, 1.0]], [[0.6399325132369995, 0.5149301886558533, 0.5703799724578857,
        181.9517203729285], [0.7684311270713806, -0.42882266640663147, -0.47499993443489075,
        -151.52543283293753], [2.0020603841430784e-08, 0.7422656416893005, -0.6701059937477112,
        -213.7643469382349], [0.0, 0.0, 0.0, 1.0]], [[0.9976015686988831, -0.061238400638103485,
        0.032263584434986115, 10.292109727422178], [0.06921762973070145, 0.8826006650924683,
        -0.4649999737739563, -148.33542372066515], [-2.709651614196673e-09, 0.4661179184913635,
        0.8847225904464722, 282.22731248193696], [0.0, 0.0, 0.0, 1.0]], [[0.5885264873504639,
        -0.5127878189086914, -0.6250481605529785, -199.3909208740528], [-0.8084779381752014,
        -0.3732808232307434, -0.4549998939037323, -145.14541460839277], [-5.7190185032141017e-08,
        0.7731171250343323, -0.6342633366584778, -202.330548002427], [0.0, 0.0, 0.0,
        1.0]], [[0.4454661011695862, -0.0409415066242218, 0.8943621516227722, 285.30237146380125],
      [0.8952987790107727, 0.020370962098240852, -0.445000022649765, -141.9554054961204],
      [5.0431765430403175e-09, 0.9989538192749023, 0.04572948440909386, 14.587702059291908],
      [0.0, 0.0, 0.0, 1.0]], [[0.5310179591178894, 0.4859907031059265, -0.6941420435905457,
        -221.431909499678], [-0.8473606705665588, 0.30455711483955383, -0.43500012159347534,
        -138.765396383848], [1.856233033947774e-08, 0.8191814422607422, 0.5735345482826233,
        182.9580705669127], [0.0, 0.0, 0.0, 1.0]], [[0.9593167901039124, 0.253113329410553,
        0.12507972121238708, 39.90054425682599], [0.2823318839073181, -0.8600366115570068,
        -0.4249999225139618, -135.57538727157566], [6.6274212784378506e-09, 0.44302356243133545,
        -0.8965095281600952, -285.98748626116287], [0.0, 0.0, 0.0, 1.0]], [[0.6267346739768982,
        -0.5839262008666992, 0.5159784555435181, 164.59762362849358], [0.7792326807975769,
        0.4696502685546875, -0.41499993205070496, -132.38537815930331], [-4.991096247408677e-08,
        0.6621621251106262, 0.7493605613708496, 239.0466801887834], [0.0, 0.0, 0.0,
        1.0]], [[0.41379019618034363, -0.1866486370563507, -0.8910330533981323, -284.2403562267988],
      [-0.910372257232666, -0.0848371610045433, -0.4049999415874481, -129.19536904703094],
      [-4.5329628051149484e-08, 0.9787567853927612, -0.20502451062202454, -65.40304176925916],
      [0.0, 0.0, 0.0, 1.0]], [[0.4430319666862488, 0.40598881244659424, 0.7993097305297852,
        254.9804639406423], [0.8965059518814087, -0.20063041150569916, -0.39500007033348083,
        -126.00535993475857], [4.549553977994947e-08, 0.8915834426879883, -0.4528571367263794,
        -144.4617376336524], [0.0, 0.0, 0.0, 1.0]], [[0.8039491772651672, 0.5220717191696167,
        -0.2847924828529358, -90.84908196570534], [-0.5946979522705078, 0.7057685852050781,
        -0.3850000202655792, -122.81535082248621], [-4.463014846578517e-08, 0.4788859784603119,
        0.8778771162033081, 280.0435953064195], [0.0, 0.0, 0.0, 1.0]], [[0.6980166435241699,
        -0.6039657592773438, -0.384705126285553, -122.7213013248298], [-0.716081440448761,
        -0.5887289643287659, -0.3750001788139343, -119.62534171021383], [1.6686426818068867e-07,
        0.5372365713119507, -0.843431293964386, -269.05546117048505], [0.0, 0.0, 0.0,
        1.0]], [[0.3918198347091675, -0.334537535905838, 0.8570658564567566, 273.40480488383764],
      [0.9200419783592224, 0.1424701064825058, -0.36500006914138794, -116.43533259794145],
      [-5.954575499345083e-08, 0.9315508008003235, 0.3636111617088318, 115.9922728161014],
      [0.0, 0.0, 0.0, 1.0]], [[0.3736664950847626, 0.2895040214061737, -0.8812267780303955,
        -281.1121756783789], [-0.9275630712509155, 0.11662602424621582, -0.35499995946884155,
        -113.24532348566909], [-8.821970709504967e-09, 0.950045108795166, 0.3121125400066376,
        99.56416402401946], [0.0, 0.0, 0.0, 1.0]], [[0.6164111495018005, 0.6525394916534424,
        0.44071465730667114, 140.58839663160867], [0.7874244451522827, -0.5108203291893005,
        -0.3449999988079071, -110.05531437339671], [-8.172223431301973e-08, 0.5596913695335388,
        -0.8287009000778198, -264.3564106930902], [0.0, 0.0, 0.0, 1.0]], [[0.8178362846374512,
        -0.5249594449996948, 0.23571470379829407, 75.19320981509702], [0.5754509568214417,
        0.7460772395133972, -0.3349999785423279, -106.86530526112435], [1.6052300821911558e-08,
        0.4096173942089081, 0.9122574329376221, 291.01094325292473], [0.0, 0.0, 0.0,
        1.0]], [[0.3792392313480377, -0.4768548309803009, -0.792961061000824, -252.95526469928365],
      [-0.9252987504005432, -0.1954420506954193, -0.32499995827674866, -103.67529614885197],
      [-2.885181515921431e-08, 0.8569785356521606, -0.5153525471687317, -164.39783573140696],
      [0.0, 0.0, 0.0, 1.0]], [[0.31891393661499023, 0.14803297817707062, 0.9361518025398254,
        298.6332669281535], [0.9477837085723877, -0.04981093481183052, -0.3149999976158142,
        -100.4852870365796], [1.7905801996676018e-07, 0.9877272844314575, -0.15618866682052612,
        -49.82429464429885], [0.0, 0.0, 0.0, 1.0]], [[0.4611944258213043, 0.6655613780021667,
        -0.586794376373291, -187.1879467311595], [-0.8872990608215332, 0.3459411859512329,
        -0.304999977350235, -97.29527792430723], [1.0998006416684802e-07, 0.6613264083862305,
        0.7500982284545898, 239.2820153208591], [0.0, 0.0, 0.0, 1.0]], [[0.9697588086128235,
        -0.23249869048595428, -0.07424451410770416, -23.684065866760367], [-0.2440653294324875,
        -0.9238005876541138, -0.2949998676776886, -94.10526881203486], [-4.219597116161822e-08,
        0.30419921875, -0.952608585357666, -303.8829458354665], [0.0, 0.0, 0.0, 1.0]],
    [[0.3768846094608307, -0.6060900092124939, 0.700437605381012, 223.44025174653441],
      [0.926260232925415, 0.2466111183166504, -0.28499993681907654, -90.91525969976252],
      [-9.319286675690819e-08, 0.7561995983123779, 0.6543410420417786, 208.73536072495605],
      [0.0, 0.0, 0.0, 1.0]], [[0.27501213550567627, -0.009018568322062492, -0.9613984823226929,
        -306.68698672055234], [-0.9614407420158386, -0.002579701831564307, -0.27500003576278687,
        -87.72525058749015], [-6.355151072057197e-09, 0.9999560117721558, -0.009380274452269077,
        -2.992315063170402], [0.0, 0.0, 0.0, 1.0]], [[0.34653592109680176, 0.6044449806213379,
        0.7173275947570801, 228.82818741030107], [0.9380365610122681, -0.22329799830913544,
        -0.2649998962879181, -84.53524147521777], [8.235458182070943e-08, 0.7647115588188171,
        -0.6443722248077393, -205.5554303808348], [0.0, 0.0, 0.0, 1.0]], [[0.9383646845817566,
        0.3326394259929657, -0.09392914175987244, -29.963525105612188], [-0.3456467390060425,
        0.9030522704124451, -0.2549998462200165, -81.34523236294541], [-7.48566080233104e-08,
        0.2717491686344147, 0.9623681306838989, 306.99628938941794], [0.0, 0.0, 0.0,
        1.0]], [[0.38778191804885864, -0.7144797444343567, -0.5823607444763184, -185.7735936215063],
      [-0.9217512607574463, -0.30058273673057556, -0.24500001966953278, -78.15522325067303],
      [4.0449862126479275e-08, 0.631798267364502, -0.7751331329345703, -247.2681021793882],
      [0.0, 0.0, 0.0, 1.0]], [[0.23884151875972748, -0.17346425354480743, 0.9554396867752075,
        304.78609959483134], [0.9710586071014404, 0.04266529530286789, -0.23499995470046997,
        -74.96521413840067], [-1.0412204431986538e-07, 0.9839156270027161, 0.1786341369152069,
        56.98448496530239], [0.0, 0.0, 0.0, 1.0]], [[0.26247096061706543, 0.4968666136264801,
        -0.8271834850311279, -263.8722963625233], [-0.9649398922920227, 0.13515159487724304,
        -0.22500011324882507, -71.77520502612829], [1.1833947155537317e-07, 0.8572383522987366,
        0.5149198174476624, 164.2598932169183], [0.0, 0.0, 0.0, 1.0]], [[0.633317232131958,
        0.7279326915740967, 0.2627227306365967, 83.80879433853823], [0.7738922834396362,
        -0.5957061052322388, -0.21500007808208466, -68.58519591385593], [-5.153764703891284e-08,
        0.3394823670387268, -0.9406124949455261, -300.05622515919595], [0.0, 0.0,
        0.0, 1.0]], [[0.4202624261379242, -0.7921268343925476, 0.4426223635673523,
        141.19693235921272], [0.9074026346206665, 0.3668725788593292, -0.20500001311302185,
        -65.39518680158355], [-3.906826862021262e-09, 0.4877904951572418, 0.8729607462882996,
        278.4752721505832], [0.0, 0.0, 0.0, 1.0]], [[0.2077905386686325, -0.33788633346557617,
        -0.9179627299308777, -292.8310134350986], [-0.9781731963157654, -0.07177594304084778,
        -0.1950000375509262, -62.20517768931118], [2.4083991689849427e-08, 0.9384458661079407,
        -0.34542563557624817, -110.19117388893629], [0.0, 0.0, 0.0, 1.0]], [[0.19880090653896332,
        0.35878250002861023, 0.9120050072669983, 290.9304652319507], [0.9800398349761963,
        -0.07277889549732208, -0.1849999576807022, -59.01516857703881], [4.383261398288596e-08,
        0.9305794835090637, -0.3660896122455597, -116.7829424254753], [0.0, 0.0, 0.0,
        1.0]], [[0.37999606132507324, 0.8210596442222595, -0.4259858727455139, -135.8898907010572],
      [-0.9249880909919739, 0.3373010754585266, -0.17499998211860657, -55.825159464766436],
      [4.949691145839097e-08, 0.46053117513656616, 0.8876435160636902, 283.15909051237537],
      [0.0, 0.0, 0.0, 1.0]], [[0.49974092841148376, -0.8176007270812988, -0.2859860360622406,
        -91.22981187225227], [-0.8661749362945557, -0.4717159569263458, -0.16499990224838257,
        -52.63515035249406], [-1.374542364374065e-07, 0.330171138048172, -0.9439210295677185,
        -301.1116798414357], [0.0, 0.0, 0.0, 1.0]], [[0.17941904067993164, -0.49549055099487305,
        0.8498810529708862, 271.112864871611], [0.9837726354598999, 0.0903669148683548,
        -0.1549999862909317, -49.44514124022172], [-1.2205582322621922e-08, 0.8638997673988342,
        0.5036637187004089, 160.6691441212332], [0.0, 0.0, 0.0, 1.0]], [[0.1480836123228073,
        0.20077365636825562, -0.9683806896209717, -308.914322719491], [-0.9889748692512512,
        0.030062522739171982, -0.14500001072883606, -46.25513212794935], [-1.9935787065605837e-07,
        0.9791762828826904, 0.20301185548305511, 64.76098620613821], [0.0, 0.0, 0.0,
        1.0]], [[0.22753749787807465, 0.7838602066040039, 0.5777456760406494, 184.30138927586964],
      [0.9737694263458252, -0.18316228687763214, -0.13499999046325684, -43.06512301567698],
      [3.636257162042966e-08, 0.5933085680007935, -0.8049753904342651, -256.78780043926633],
      [0.0, 0.0, 0.0, 1.0]], [[0.7274735569953918, -0.675930917263031, 0.11789674311876297,
        37.60925918398112], [0.6861357092857361, 0.7166538834571838, -0.12499997764825821,
        -39.87511390340461], [1.9525839434209047e-07, 0.17182734608650208, 0.9851270914077759,
        314.256424403114], [0.0, 0.0, 0.0, 1.0]], [[0.1509145349264145, -0.6401350498199463,
        -0.7532938718795776, -240.30146619995676], [-0.9885466694831848, -0.09772469848394394,
        -0.11500002443790436, -36.68510479113224], [2.0834896474752895e-08, 0.7620214223861694,
        -0.647551417350769, -206.56957615394907], [0.0, 0.0, 0.0, 1.0]], [[0.10505180060863495,
        0.031219594180583954, 0.9939765930175781, 317.0794382975357], [0.9944667220115662,
        -0.0032979727257043123, -0.10499999672174454, -33.49509567885987], [7.48254365134926e-08,
        0.9995070695877075, -0.03139328584074974, -10.01447643118463], [0.0, 0.0,
        0.0, 1.0]], [[0.13217441737651825, 0.6891719102859497, -0.7124409079551697,
        -227.2692829465845], [-0.9912264943122864, 0.09189718216657639, -0.09499993920326233,
        -30.305086566587494], [4.173213596914138e-08, 0.7187468409538269, 0.6952718496322632,
        221.7923716473234], [0.0, 0.0, 0.0, 1.0]], [[0.8362663388252258, 0.5454837679862976,
        0.0557328462600708, 17.778826503226195], [0.5483235120773315, -0.8319354057312012,
        -0.08500014990568161, -27.115077454315124], [-7.353670383736244e-08, 0.10164239257574081,
        -0.9948211312294006, -317.3488100917067], [0.0, 0.0, 0.0, 1.0]], [[0.11795369535684586,
        -0.7664302587509155, 0.6314043998718262, 201.4185993883339], [0.9930190443992615,
        0.09103883057832718, -0.07500002533197403, -23.925068342042753], [-9.631172304125357e-09,
        0.6358431577682495, 0.7718182802200317, 246.21072334298907], [0.0, 0.0, 0.0,
        1.0]], [[0.065672367811203, -0.1423993855714798, -0.9876281023025513, -315.05431226101183],
      [-0.9978411197662354, -0.009371787309646606, -0.06500007212162018, -20.735059229770382],
      [-8.13152922773952e-09, 0.9897647500038147, -0.14270731806755066, -45.52382901609033],
      [0.0, 0.0, 0.0, 1.0]], [[0.06650785356760025, 0.560998797416687, 0.8251404762268066,
        263.2206086801788], [0.997785747051239, -0.0373932421207428, -0.055000096559524536,
        -17.54505011749801], [-1.9325824496263522e-07, 0.8269714713096619, -0.5622434616088867,
        -179.35624813821823], [0.0, 0.0, 0.0, 1.0]], [[0.19301575422286987, 0.9541566371917725,
        -0.22875748574733734, -72.97385020149386], [-0.9811956882476807, 0.18769679963588715,
        -0.044999971985816956, -14.355041005225639], [2.4026714839919805e-08, 0.23314155638217926,
        0.9724428057670593, 310.2101406277939], [0.0, 0.0, 0.0, 1.0]], [[0.07148008048534393,
        -0.8696915507316589, -0.4883926510810852, -155.79770113782962], [-0.9974421262741089,
        -0.06232517957687378, -0.034999944269657135, -11.165031892953303], [3.4338718535309454e-08,
        0.4896451532840729, -0.871921956539154, -278.14384722082985], [0.0, 0.0, 0.0,
        1.0]], [[0.026323655620217323, -0.31300899386405945, 0.9493852853775024, 302.8547722034711],
      [0.9996535181999207, 0.00824233889579773, -0.024999985471367836, -7.975022780680931],
      [4.872707748404537e-08, 0.9497144222259521, 0.31311747431755066, 99.88477025572371],
      [0.0, 0.0, 0.0, 1.0]], [[0.01644974946975708, 0.410444051027298, -0.9117375016212463,
        -290.8450643771554], [-0.9998647570610046, 0.006752542685717344, -0.014999973587691784,
        -4.785013668408559], [-1.9344923885000753e-08, 0.9118608832359314, 0.4104995131492615,
        130.94973667575255], [0.0, 0.0, 0.0, 1.0]], [[0.012655871920287609, 0.9185777902603149,
        0.3950378894805908, 126.01742534159452], [0.9999200701713562, -0.01162666268646717,
        -0.004999862052500248, -1.5950045561361872], [1.5474003589588392e-07, 0.39506953954696655,
        -0.9186515212059021, -293.05058579458426], [0.0, 0.0, 0.0, 1.0]], [[-0.015184342861175537,
        -0.9441202878952026, 0.32925140857696533, 105.03149888944506], [0.9998847842216492,
        -0.014337514527142048, 0.004999981727451086, 1.5950045561361845], [3.473194709613381e-08,
        0.32928937673568726, 0.9442290663719177, 301.20992939362054], [0.0, 0.0, 0.0,
        1.0]], [[-0.017033003270626068, -0.4737228453159332, -0.8805092573165894,
        -280.8832490982863], [-0.9998549222946167, 0.008070206269621849, 0.014999850653111935,
        4.785013668408556], [1.0908321002034427e-07, 0.880636990070343, -0.47379156947135925,
        -151.13995297071733], [0.0, 0.0, 0.0, 1.0]], [[-0.02578846551477909, 0.24528563022613525,
        0.9691079258918762, 309.1462758322642], [0.9996675252914429, 0.006327512674033642,
        0.02499999664723873, 7.975022780680928], [-1.8478409913313953e-08, 0.9694303274154663,
        -0.2453673630952835, -78.27234833896762], [0.0, 0.0, 0.0, 1.0]], [[-0.06365977227687836,
        0.8336038589477539, -0.5486820340156555, -175.03006543174152], [-0.9979716539382935,
        -0.05317489057779312, 0.03499996289610863, 11.165031892953298], [-1.233104995890244e-08,
        0.5497971773147583, 0.8352981805801392, 266.46087821966864], [0.0, 0.0, 0.0,
        1.0]], [[-0.27138853073120117, -0.9491463303565979, -0.15959081053733826,
        -50.90961298243151], [-0.962469756603241, 0.26763203740119934, 0.04499950632452965,
        14.35504100522567], [4.779566893375886e-07, 0.16581369936466217, -0.9861568808555603,
        -314.58500515365444], [0.0, 0.0, 0.0, 1.0]], [[-0.0700320228934288, -0.6175290942192078,
        0.7834239602088928, 249.9129776938642], [0.9975446462631226, -0.0433531254529953,
        0.05499996244907379, 17.545050117498043], [-1.216008342908026e-07, 0.7853522300720215,
        0.6190491318702698, 197.47722947309163], [0.0, 0.0, 0.0, 1.0]], [[-0.06517244130373001,
        0.07252946496009827, -0.9952346682548523, -317.48076473652344], [-0.9978740215301514,
        -0.00473715690895915, 0.065000019967556, 20.735059229770417], [-1.362774924018595e-07,
        0.997355043888092, 0.07268396764993668, 23.186261122863783], [0.0, 0.0, 0.0,
        1.0]], [[-0.10895230621099472, 0.721037745475769, 0.6842761635780334, 218.2847313349113],
      [0.9940469264984131, 0.07902928441762924, 0.07499996572732925, 23.92506834204279],
      [-1.7056255074976434e-08, 0.6883740425109863, -0.7253557443618774, -231.38917116987483],
      [0.0, 0.0, 0.0, 1.0]], [[-0.9856030941009521, 0.16844616830348969, -0.014581568539142609,
        -4.651481366267793], [-0.1690761297941208, -0.9819309711456299, 0.08500045537948608,
        27.11507745431516], [-9.110634380249394e-08, 0.08624210208654404, 0.9962742328643799,
        317.8123938104888], [0.0, 0.0, 0.0, 1.0]], [[-0.1421288102865219, -0.7362449169158936,
        -0.6616210341453552, -211.05773489154137], [-0.9898479580879211, 0.10571522265672684,
        0.09499992430210114, 30.30508656658753], [7.044972250014325e-08, 0.66840660572052,
        -0.74379563331604, -237.27160730785076], [0.0, 0.0, 0.0, 1.0]], [[-0.10554435849189758,
        -0.10086432844400406, 0.989285945892334, 315.5831329693937], [0.9944145679473877,
        -0.010705443099141121, 0.10500004887580872, 33.495095678859904], [1.5685317933389342e-08,
        0.994842529296875, 0.10143090039491653, 32.35654670222729], [0.0, 0.0, 0.0,
        1.0]], [[-0.14279493689537048, 0.5867257714271545, -0.7970960736274719, -254.27442126633548],
      [-0.9897521734237671, -0.08464881777763367, 0.11499994248151779, 36.685104791132275],
      [8.165393694525847e-08, 0.8053491115570068, 0.5928007364273071, 189.10394797555458],
      [0.0, 0.0, 0.0, 1.0]], [[-0.5555306673049927, 0.8101734519004822, 0.18709492683410645,
        59.68345059393174], [0.8314959406852722, 0.5412850379943848, 0.12499990314245224,
        39.875113903404646], [-7.610144336922531e-08, 0.2250099778175354, -0.9743563532829285,
        -310.8205951673725], [0.0, 0.0, 0.0, 1.0]], [[-0.25150126218795776, -0.816604495048523,
        0.5195228457450867, 165.7282752195487], [0.9678568840026855, -0.21219773590564728,
        0.13500003516674042, 43.06512301567702], [-2.7321874540575664e-08, 0.5367764830589294,
        0.8437244892120361, 269.14887206935424], [0.0, 0.0, 0.0, 1.0]], [[-0.15062904357910156,
        -0.2677265405654907, -0.9516477584838867, -303.57649835511756], [-0.98859041929245,
        0.040792692452669144, 0.1450001746416092, 46.25513212794939], [-7.961015313640019e-08,
        0.9626310467720032, -0.27081647515296936, -86.39070414158394], [0.0, 0.0,
        0.0, 1.0]], [[-0.17283858358860016, 0.4357987642288208, 0.8832927942276001,
        281.7712153294535], [0.9849501252174377, 0.07647387683391571, 0.15499979257583618,
        49.44514124022176], [-7.955577530083247e-08, 0.8967893123626709, -0.4424576461315155,
        -141.14439975891614], [0.0, 0.0, 0.0, 1.0]], [[-0.42457374930381775, 0.8342258334159851,
        -0.35185858607292175, -112.24318911930989], [-0.9053934216499329, -0.39120057225227356,
        0.16499994695186615, 52.63515035249406], [-3.894722055974853e-08, 0.3886250853538513,
        0.9213959574699402, 293.92616216918265], [0.0, 0.0, 0.0, 1.0]], [[-0.4349341094493866,
        -0.8243564367294312, -0.36230963468551636, -115.57712431412159], [-0.9004620313644409,
        0.39817455410957336, 0.17499996721744537, 55.825159464766436], [6.951653119813272e-08,
        0.40235960483551025, -0.9154813885688782, -292.03948580597614], [0.0, 0.0,
        0.0, 1.0]], [[-0.2048586905002594, -0.4204019606113434, 0.8839090466499329,
        281.96777332161776], [0.9787915945053101, -0.08798912912607193, 0.1849999725818634,
        59.01516857703881], [3.7067806601953635e-09, 0.90306156873703, 0.429511159658432,
        137.01447386929584], [0.0, 0.0, 0.0, 1.0]], [[-0.20311309397220612, 0.27397897839546204,
        -0.9400426149368286, -299.87450856584985], [-0.9791550636291504, -0.056833215057849884,
        0.19499991834163666, 62.20517768931118], [6.361318583003595e-08, 0.9600547552108765,
        0.2798117399215698, 89.26016101732488], [0.0, 0.0, 0.0, 1.0]], [[-0.37735018134117126,
        0.7774948477745056, 0.5030990242958069, 160.48904759581134], [0.9260706901550293,
        0.3168093264102936, 0.2049999237060547, 65.39518680158355], [-8.898718562022623e-08,
        0.5432620048522949, -0.839563250541687, -267.82142653040825], [0.0, 0.0, 0.0,
        1.0]], [[-0.7394912838935852, -0.644087016582489, 0.19571679830551147, 62.433830866655335],
      [0.6731665134429932, -0.7075467109680176, 0.21500004827976227, 68.58519591385593],
      [1.2580836816766805e-08, 0.29074057936668396, 0.9568019509315491, 305.22068905724484],
      [0.0, 0.0, 0.0, 1.0]], [[-0.2743024528026581, -0.550047755241394, -0.788800060749054,
        -251.62794996233453], [-0.961643397808075, 0.15689757466316223, 0.2250000685453415,
        71.77520502612829], [-7.2384622740173654e-09, 0.8202624917030334, -0.5719871520996094,
        -182.46445162008294], [0.0, 0.0, 0.0, 1.0]], [[-0.23645593225955963, 0.10764999687671661,
        0.9656605124473572, 308.04657434087545], [0.9716423153877258, 0.02619740180671215,
        0.2350001335144043, 74.96521413840067], [-1.09278424531567e-07, 0.9938437342643738,
        -0.11079191416501999, -35.342694716768484], [0.0, 0.0, 0.0, 1.0]], [[-0.35967350006103516,
        0.6831270456314087, -0.6355884671211243, -202.75328713392005], [-0.9330783486366272,
        -0.2633248567581177, 0.24500009417533875, 78.15522325067303], [1.1830390889144837e-08,
        0.6811738014221191, 0.7321218252182007, 233.54752621005238], [0.0, 0.0, 0.0,
        1.0]], [[-0.994917094707489, -0.09733414649963379, -0.025809142738580704,
        -8.233138368747936], [-0.10069780051708221, 0.9616833925247192, 0.2549999952316284,
        81.34523236294541], [1.9868156897473455e-08, 0.25630277395248413, -0.9665966033935547,
        -308.34517990107605], [0.0, 0.0, 0.0, 1.0]], [[-0.36775752902030945, -0.6447781920433044,
        0.6700863242149353, 213.75812177478898], [0.9299218058586121, -0.254991352558136,
        0.26499998569488525, 84.53524147521777], [-3.380796087526505e-08, 0.7205835580825806,
        0.693368136882782, 221.18508016556765], [0.0, 0.0, 0.0, 1.0]], [[-0.2754713296890259,
        -0.056198906153440475, -0.9596652388572693, -306.1340786957873], [-0.9613093733787537,
        0.016104185953736305, 0.27500012516975403, 87.72525058749015], [-1.2831929296908129e-08,
        0.9982897639274597, -0.05846085771918297, -18.64906523799626], [0.0, 0.0,
        0.0, 1.0]], [[-0.35736083984375, 0.5634634494781494, 0.7448505163192749, 237.60798583460814],
      [0.9339664578437805, 0.2155963033437729, 0.28499990701675415, 90.91525969976252],
      [-1.903086399579479e-08, 0.7975131869316101, -0.6033016443252563, -192.4537398575378],
      [0.0, 0.0, 0.0, 1.0]], [[-0.9019317030906677, 0.408125102519989, -0.14125728607177734,
        -45.06119350823794], [-0.43187928199768066, -0.8523237705230713, 0.2950000464916229,
        94.1052688120349], [-5.259972901683341e-09, 0.32707589864730835, 0.9449980854988098,
        301.4552513810885], [0.0, 0.0, 0.0, 1.0]], [[-0.4970722794532776, -0.6851627230644226,
        -0.5324201583862305, -169.842512957954], [-0.8677091598510742, 0.39249950647354126,
        0.3049999475479126, 97.29527792430727], [5.527667568117067e-08, 0.613592803478241,
        -0.7896226048469543, -251.89031551365068], [0.0, 0.0, 0.0, 1.0]], [[-0.3230490982532501,
