{cam2Pos: [[[0.01803545281291008, 0.9951070547103882, -0.0971423014998436, -29.142691515911345],
      [-0.999837338924408, 0.01795014552772045, -0.001752094249241054, -0.5256856614509017],
      [1.9486107305510814e-07, 0.09715810418128967, 0.9952689409255981, 298.5806878982527],
      [0.0, 0.0, 0.0, 1.0]], [[0.7949225902557373, 0.4498573839664459, -0.4070951044559479,
        -122.12856820431284], [-0.6067108511924744, 0.5894104838371277, -0.533382773399353,
        -160.01485155876708], [-6.776603811431414e-08, 0.670987069606781, 0.7414690256118774,
        222.44068896897045], [0.0, 0.0, 0.0, 1.0]], [[0.9990977048873901, -0.014656414277851582,
        0.039861343801021576, 11.958404617495699], [0.042470429092645645, 0.3447856307029724,
        -0.9377201795578003, -281.31605891808584], [-2.76010103661406e-09, 0.938567042350769,
        0.34509697556495667, 103.52908554507917], [0.0, 0.0, 0.0, 1.0]]]}
