{cam2Pos: [[[-0.8506506085395813, -1.4466264985912858e-07, -0.525731086730957, -184.00588924169676],
      [-0.525731086730957, 1.526593251810482e-07, 0.8506507277488708, 297.727782923214],
      [-9.859336103090754e-08, 0.9999998807907104, -9.511339271739416e-09, 0.0], [
        0.0, 0.0, 0.0, 1.0]], [[-0.8506506085395813, 1.4466264985912858e-07, 0.525731086730957,
        184.00588924169676], [0.525731086730957, 1.526593251810482e-07, 0.8506507277488708,
        297.727782923214], [9.859336103090754e-08, 0.9999998807907104, -9.511339271739416e-09,
        0.0], [0.0, 0.0, 0.0, 1.0]], [[0.8506508469581604, 2.027133483295529e-08,
        -0.5257310271263123, -184.00588924169676], [-0.5257310271263123, 3.6557956661908975e-08,
        -0.8506507873535156, -297.727782923214], [-2.027133483295529e-08, 0.9999999403953552,
        4.807527886896423e-08, 0.0], [0.0, 0.0, 0.0, 1.0]], [[0.8506508469581604,
        -2.027133483295529e-08, 0.5257310271263123, 184.00588924169676], [0.5257310271263123,
        3.6557956661908975e-08, -0.8506507873535156, -297.727782923214], [2.027133483295529e-08,
        0.9999999403953552, 4.807527886896423e-08, 0.0], [0.0, 0.0, 0.0, 1.0]], [
      [1.0, 0.0, 0.0, 0.0], [0.0, 0.8506507873535156, -0.5257311463356018, -184.00588924169676],
      [0.0, 0.5257311463356018, 0.8506507873535156, 297.727782923214], [0.0, 0.0,
        0.0, 1.0]], [[-1.0, -8.742278367890322e-08, -4.000553127024532e-15, 0.0],
      [7.436626248136236e-08, -0.8506509065628052, 0.525731086730957, 184.00588924169676],
      [-4.596087421759876e-08, 0.525731086730957, 0.8506508469581604, 297.727782923214],
      [0.0, 0.0, 0.0, 1.0]], [[1.0, 0.0, 0.0, 0.0], [0.0, -0.8506506681442261, -0.5257312059402466,
        -184.00588924169676], [0.0, 0.5257312059402466, -0.8506506681442261, -297.727782923214],
      [0.0, 0.0, 0.0, 1.0]], [[-0.9999997615814209, -8.74227694680485e-08, 1.294825300446464e-14,
        0.0], [-7.436624827050764e-08, 0.8506509065628052, 0.5257309079170227, 184.00588924169676],
      [-4.596087066488508e-08, 0.5257309079170227, -0.8506506681442261, -297.727782923214],
      [0.0, 0.0, 0.0, 1.0]], [[1.7065899271528906e-07, 0.5257311463356018, 0.8506507873535156,
        297.727782923214], [0.9999999403953552, 2.3411097060943575e-08, -1.5148395959840855e-07,
        0.0], [-6.9387880330396e-08, 0.8506507873535156, -0.525731086730957, -184.00588924169676],
      [0.0, 0.0, 0.0, 1.0]], [[-9.973301473564788e-08, -0.5257311463356018, 0.8506507873535156,
        297.727782923214], [0.9999999403953552, 2.3411097060943575e-08, 1.5148395959840855e-07,
        0.0], [-6.9387880330396e-08, 0.8506507873535156, 0.5257311463356018, 184.00588924169676],
      [0.0, 0.0, 0.0, 1.0]], [[1.7065899271528906e-07, -0.5257311463356018, -0.8506507873535156,
        -297.727782923214], [-0.9999999403953552, 2.3411097060943575e-08, -1.5148395959840855e-07,
        0.0], [6.9387880330396e-08, 0.8506507873535156, -0.525731086730957, -184.00588924169676],
      [0.0, 0.0, 0.0, 1.0]], [[-9.973301473564788e-08, 0.5257311463356018, -0.8506507873535156,
        -297.727782923214], [-0.9999999403953552, 2.3411097060943575e-08, 1.5148395959840855e-07,
        0.0], [6.9387880330396e-08, 0.8506507873535156, 0.5257311463356018, 184.00588924169676],
      [0.0, 0.0, 0.0, 1.0]], [[0.7071067690849304, -0.40824830532073975, -0.5773503184318542,
        -202.07259421636903], [-0.7071068286895752, -0.40824854373931885, -0.5773503184318542,
        -202.07259421636903], [-5.510644740525095e-08, 0.8164966702461243, -0.5773504972457886,
        -202.07259421636903], [0.0, 0.0, 0.0, 1.0]], [[0.7071067094802856, 0.4082484245300293,
        -0.5773502588272095, -202.07259421636903], [-0.70710688829422, 0.40824824571609497,
        -0.5773502588272095, -202.07259421636903], [-6.959331955158632e-08, 0.8164965510368347,
        0.5773503184318542, 202.07259421636903], [0.0, 0.0, 0.0, 1.0]], [[0.35682213306427,
        0.0, -0.9341722726821899, -326.9603256369506], [-0.9341722726821899, 1.0380226456163655e-07,
        -0.35682201385498047, -124.88773142058149], [0.0, 0.9999998807907104, 1.0380226456163655e-07,
        0.0], [0.0, 0.0, 0.0, 1.0]], [[-0.35682177543640137, -4.7801954394799395e-08,
        -0.9341722130775452, -326.9603256369506], [-0.9341722130775452, 2.4266046239063144e-07,
        0.3568219542503357, 124.88773142058149], [4.7801954394799395e-08, 0.9999998211860657,
        1.0380226456163655e-07, 0.0], [0.0, 0.0, 0.0, 1.0]], [[1.0, 0.0, 0.0, 0.0],
      [0.0, 0.35682210326194763, -0.9341723322868347, -326.9603256369506], [0.0, 0.9341723322868347,
        0.35682210326194763, 124.88773142058149], [0.0, 0.0, 0.0, 1.0]], [[0.7071067690849304,
        0.40824830532073975, 0.5773503184318542, 202.07259421636903], [0.7071068286895752,
        -0.40824854373931885, -0.5773503184318542, -202.07259421636903], [5.510644740525095e-08,
        0.8164966702461243, -0.5773504972457886, -202.07259421636903], [0.0, 0.0,
        0.0, 1.0]], [[1.0, 0.0, 0.0, 0.0], [0.0, -0.35682201385498047, -0.9341723322868347,
        -326.9603256369506], [0.0, 0.9341723322868347, -0.35682201385498047, -124.88773142058149],
      [0.0, 0.0, 0.0, 1.0]], [[-0.7071068286895752, -0.40824827551841736, -0.5773503184318542,
        -202.07259421636903], [-0.7071068286895752, 0.40824830532073975, 0.5773502588272095,
        202.07259421636903], [5.439186523403805e-08, 0.8164966106414795, -0.5773503184318542,
        -202.07259421636903], [0.0, 0.0, 0.0, 1.0]]]}
