{cam2Pos: [[[0.9950000047683716, -1.047081532590255e-09, 0.09987492114305496, 25.530350283583235],
      [0.09987492114305496, -3.066723408551297e-08, -0.9949999451637268, -254.3451156721382],
      [9.476451623413595e-09, 0.9999999403953552, -3.014039862136997e-08, 0.0], [
        0.0, 0.0, 0.0, 1.0]], [[0.9917600154876709, 0.014932287856936455, -0.12723618745803833,
        -32.52452853570244], [-0.128109410405159, 0.11559844017028809, -0.9849998950958252,
        -251.78888335382524], [-8.131961770629914e-09, 0.9931836724281311, 0.11655887961387634,
        29.79513240178469], [0.0, 0.0, 0.0, 1.0]], [[0.9998015761375427, 0.004409503657370806,
        0.01942642405629158, 4.9658445084487255], [0.019920583814382553, -0.22131036221981049,
        -0.9750001430511475, -249.2326510355123], [-3.9112219019088457e-10, 0.9751936197280884,
        -0.22135429084300995, -56.58323689931747], [0.0, 0.0, 0.0, 1.0]], [[0.9866037368774414,
        -0.03395194560289383, 0.15956304967403412, 40.788014543714965], [0.16313523054122925,
        0.2053333967924118, -0.9650002121925354, -246.67641871719934], [-1.660281157001009e-08,
        0.9781031012535095, 0.20812144875526428, 53.20074219702634], [0.0, 0.0, 0.0,
        1.0]], [[0.956277072429657, -0.015109565109014511, -0.29207170009613037, -74.6603195740413],
      [-0.2924622595310211, -0.0494043193757534, -0.9549999237060547, -244.1201863988864],
      [8.964883058126816e-09, 0.9986644983291626, -0.051663193851709366, -13.206359284481158],
      [0.0, 0.0, 0.0, 1.0]], [[0.9599064588546753, 0.04920965060591698, 0.2759673297405243,
        70.54365865919685], [0.2803204357624054, -0.1685095578432083, -0.9450000524520874,
        -241.56395408057347], [-7.745825314486865e-09, 0.9844709634780884, -0.17554788291454315,
        -44.87410125906857], [0.0, 0.0, 0.0, 1.0]], [[0.9951869249343872, 0.03356201574206352,
        -0.09206809103488922, -23.53473834196121], [-0.0979946032166481, 0.34084001183509827,
        -0.9350000619888306, -239.0077217622605], [1.3423240297072425e-10, 0.9395220875740051,
        0.3424884080886841, 87.5480535538347], [0.0, 0.0, 0.0, 1.0]], [[0.9825451374053955,
        -0.0627276673913002, -0.17512951791286469, -44.7671706500361], [-0.1860244870185852,
        -0.33131545782089233, -0.9250000715255737, -236.45148944394757], [-3.648727542326924e-09,
        0.9414327144622803, -0.3372012674808502, -86.1964629413825], [0.0, 0.0, 0.0,
        1.0]], [[0.9238911867141724, -0.05295953527092934, 0.37897276878356934, 96.87424752032642],
      [0.3826552927494049, 0.1278669834136963, -0.9149998426437378, -233.89525712563463],
      [-7.846389848964463e-08, 0.9903762340545654, 0.13840043544769287, 35.37831982132011],
      [0.0, 0.0, 0.0, 1.0]], [[0.9171630144119263, 0.06468583643436432, -0.39322730898857117,
        -100.51803072252436], [-0.39851221442222595, 0.14887242019176483, -0.9050001502037048,
        -231.3390248073217], [5.985572215649881e-08, 0.9867385625839233, 0.1623183637857437,
        41.49238186389014], [0.0, 0.0, 0.0, 1.0]], [[0.9784079790115356, 0.08350349962711334,
        0.1890634149312973, 48.32898361980504], [0.20668286085128784, -0.3952942490577698,
        -0.895000159740448, -228.78279248900873], [-1.3874615234499288e-08, 0.9147514700889587,
        -0.4040178060531616, -103.27623083306058], [0.0, 0.0, 0.0, 1.0]], [[0.9878304600715637,
        -0.06909628957509995, 0.13934387266635895, 35.61953304117527], [0.15553459525108337,
        0.43884390592575073, -0.8849999904632568, -226.2265601706958], [1.2419710593292166e-08,
        0.8959027528762817, 0.444250226020813, 113.56068417872005], [0.0, 0.0, 0.0,
        1.0]], [[0.9019775390625, -0.10481225699186325, -0.4188685715198517, -107.07253905621053],
      [-0.43178293108940125, -0.2189488559961319, -0.8750000596046448, -223.67032785238285],
      [-2.7138764124856607e-08, 0.9700907468795776, -0.2427431046962738, -62.05072497835678],
      [0.0, 0.0, 0.0, 1.0]], [[0.8700645565986633, 0.053109169006347656, 0.4900684058666229,
        125.27287335132498], [0.49293774366378784, -0.09374085813760757, -0.8649999499320984,
        -221.1140955340699], [2.307021063074899e-08, 0.9941790699958801, -0.10774010419845581,
        -27.54088978825706], [0.0, 0.0, 0.0, 1.0]], [[0.9441925287246704, 0.13975214958190918,
        -0.2982781231403351, -76.24684366871315], [-0.32939413189888, 0.4005928337574005,
        -0.854999840259552, -218.55786321575695], [-2.3858390818531916e-08, 0.9055355191230774,
        0.42427030205726624, 108.4532890649109], [0.0, 0.0, 0.0, 1.0]], [[0.9967091083526611,
        -0.042989540845155716, -0.0687231793999672, -17.56724306581959], [-0.08106155693531036,
        -0.5285865664482117, -0.8450000286102295, -216.001630897444], [5.7488120930315745e-09,
        0.847790002822876, -0.5303317904472351, -135.56520229242682], [0.0, 0.0, 0.0,
        1.0]], [[0.8930333852767944, -0.15956968069076538, 0.4207480549812317, 107.55298050037052],
      [0.449990451335907, 0.31667593121528625, -0.8349999189376831, -213.44539857913105],
      [-7.431907533828053e-08, 0.9350153803825378, 0.3546070158481598, 90.64576582918048],
      [0.0, 0.0, 0.0, 1.0]], [[0.8252249360084534, 0.013188154436647892, -0.5646502375602722,
        -144.33769234852315], [-0.564804196357727, 0.01926891878247261, -0.824999988079071,
        -210.8891662608181], [-3.7001850472506703e-09, 0.9997273683547974, 0.023349910974502563,
        5.968816733317192], [0.0, 0.0, 0.0, 1.0]], [[0.8930031061172485, 0.18395371735095978,
        0.4107389748096466, 104.99442303777812], [0.4500505328178406, -0.3650061786174774,
        -0.8149999976158142, -208.33293394250518], [-3.781778445954842e-09, 0.9126508235931396,
        -0.4087401330471039, -104.48347437632272], [0.0, 0.0, 0.0, 1.0]], [[0.9994210600852966,
        0.02016332373023033, -0.027404220774769783, -7.005155616281158], [-0.034022800624370575,
        0.5922984480857849, -0.8050000071525574, -205.7767016241922], [2.157133804914224e-09,
        0.8054662942886353, 0.5926415920257568, 151.49294873140357], [0.0, 0.0, 0.0,
        1.0]], [[0.8983872532844543, -0.20455703139305115, -0.38866010308265686, -99.35057868934646],
      [-0.4392041265964508, -0.4184187650680542, -0.7950000166893005, -203.22046930587928],
      [9.910978349125799e-08, 0.8849190473556519, -0.46574437618255615, -119.0551973710765],
      [0.0, 0.0, 0.0, 1.0]], [[0.7876921892166138, -0.050892174243927, 0.6139633655548096,
        156.9432834133109], [0.616068959236145, 0.06506974250078201, -0.7849998474121094,
        -200.66423698756634], [-3.575874885086705e-08, 0.99658203125, 0.08260803669691086,
        21.116496809907105], [0.0, 0.0, 0.0, 1.0]], [[0.8310174942016602, 0.20076774060726166,
        -0.5187507271766663, -132.60471683364636], [-0.5562463402748108, 0.2999415993690491,
        -0.7750001549720764, -198.10800466925338], [-4.085202931491949e-08, 0.9325918555259705,
        0.36093297600746155, 92.2629081013132], [0.0, 0.0, 0.0, 1.0]], [[0.9833542108535767,
        0.11416638642549515, 0.14135271310806274, 36.133020562750325], [0.18169906735420227,
        -0.6178683042526245, -0.76500004529953, -195.55177235094044], [2.9839306137091626e-08,
        0.7779496312141418, -0.6283273100852966, -160.61489908253733], [0.0, 0.0,
        0.0, 1.0]], [[0.9180663228034973, -0.22554217278957367, 0.32601380348205566,
        83.33670750300445], [0.39642688632011414, 0.5223224759101868, -0.7549999952316284,
        -192.99554003262747], [-2.1251896242802104e-08, 0.8223806619644165, 0.5689376592636108,
        145.43366653546553], [0.0, 0.0, 0.0, 1.0]], [[0.7608005404472351, -0.13157808780670166,
        -0.6355074048042297, -162.45048033776587], [-0.6489856839179993, -0.15424767136573792,
        -0.744999885559082, -190.43930771431454], [1.6380283796024742e-09, 0.9792315363883972,
        -0.20274397730827332, -51.826134017477955], [0.0, 0.0, 0.0, 1.0]], [[0.7666577696800232,
        0.18259860575199127, 0.6155433654785156, 157.34716937592376], [0.6420559883117676,
        -0.21803508698940277, -0.7350000739097595, -187.88307539600157], [-1.2610779975830155e-08,
        0.958706796169281, -0.28439685702323914, -72.69838320761038], [0.0, 0.0, 0.0,
        1.0]], [[0.9388487935066223, 0.21877072751522064, -0.2658991515636444, -67.96999558014838],
      [-0.3443297743797302, 0.5964998006820679, -0.7250000238418579, -185.32684307768864],
      [6.535033847399063e-09, 0.7722223401069641, 0.635352373123169, 162.41082964989806],
      [0.0, 0.0, 0.0, 1.0]], [[0.9493634700775146, -0.20668771862983704, -0.2366202175617218,
        -60.48563674488122], [-0.31417977809906006, -0.6245524287223816, -0.7149999737739563,
        -182.77061075937567], [-3.651390301229185e-08, 0.7531362175941467, -0.6578643918037415,
        -168.16547874664073], [0.0, 0.0, 0.0, 1.0]], [[0.7468218803405762, -0.2194214016199112,
        0.6277828812599182, 160.47587190525633], [0.6650241613388062, 0.24641020596027374,
        -0.7049999237060547, -180.21437844106273], [-3.770008305536976e-08, 0.9440001249313354,
        0.32994505763053894, 84.34162075289403], [0.0, 0.0, 0.0, 1.0]], [[0.7069740891456604,
        0.12961480021476746, -0.6952608227729797, -177.72482489527883], [-0.7072394490242004,
        0.12956616282463074, -0.6949999928474426, -177.6581461227498], [-1.383776293550909e-08,
        0.9830628633499146, 0.18326860666275024, 46.847693476263984], [0.0, 0.0, 0.0,
        1.0]], [[0.8668250441551208, 0.3055482506752014, 0.3940235674381256, 100.72158208171726],
      [0.4986123740673065, -0.5311880707740784, -0.6850000619888306, -175.10191380443683],
      [1.670357718808191e-08, 0.7902402281761169, -0.6127972602844238, -156.64520208693048],
      [0.0, 0.0, 0.0, 1.0]], [[0.9832901358604431, -0.13237552344799042, 0.12496873736381531,
        31.944913913123603], [0.18204522132873535, 0.7150066494941711, -0.675000011920929,
        -172.5456814861239], [-1.7442869371109282e-09, 0.6864708065986633, 0.7271573543548584,
        185.87831214923386], [0.0, 0.0, 0.0, 1.0]], [[0.7477662563323975, -0.3036261796951294,
        -0.5904716849327087, -150.9382756065343], [-0.6639620661735535, -0.34194931387901306,
        -0.6650000214576721, -169.98944916781093], [2.7388123768901096e-08, 0.8893153667449951,
        -0.45729443430900574, -116.89508450070066], [0.0, 0.0, 0.0, 1.0]], [[0.6562784314155579,
        0.047073449939489365, 0.7530489563941956, 192.49679717479884], [0.7545188069343567,
        -0.040944404900074005, -0.6549999713897705, -167.433216849498], [6.059867274643693e-09,
        0.9980519413948059, -0.062388744205236435, -15.947966163406603], [0.0, 0.0,
        0.0, 1.0]], [[0.7791330814361572, 0.35164231061935425, -0.5189405679702759,
        -132.65327332004148], [-0.6268585324287415, 0.43706220388412476, -0.6449999213218689,
        -164.87698453118503], [1.1674556432694772e-08, 0.8278431296348572, 0.5609596371650696,
        143.3943014950649], [0.0, 0.0, 0.0, 1.0]], [[0.9999824166297913, 0.0045844861306250095,
        0.003768528811633587, 0.963323386026067], [0.005934586748480797, -0.7724894285202026,
        -0.6350000500679016, -162.32075221287212], [-1.9910717519167065e-10, 0.6350111961364746,
        -0.7725030183792114, -197.46969909577808], [0.0, 0.0, 0.0, 1.0]], [[0.7660124897956848,
        -0.3716650605201721, 0.5244901776313782, 134.07187751665924], [0.6428256630897522,
        0.44288837909698486, -0.6250000596046448, -159.76451989455916], [5.154727134026871e-08,
        0.8159136176109314, 0.5781738758087158, 147.79467681176735], [0.0, 0.0, 0.0,
        1.0]], [[0.6166349649429321, -0.05728697031736374, -0.7851620316505432, -200.70570591308856],
      [-0.7872490882873535, -0.04487154260277748, -0.6150000095367432, -157.20828757624622],
      [-7.783674504935334e-08, 0.9973486661911011, -0.07276841998100281, -18.60135971236777],
      [0.0, 0.0, 0.0, 1.0]], [[0.6902298927307129, 0.3483118712902069, 0.6342409253120422,
        162.12671279646165], [0.7235901355743408, -0.33225345611572266, -0.6050001382827759,
        -154.65205525793328], [-2.8163938736724958e-08, 0.8765196204185486, -0.4813663065433502,
        -123.04839476476972], [0.0, 0.0, 0.0, 1.0]], [[0.9719952940940857, 0.18582578003406525,
        -0.14385375380516052, -36.77234912049869], [-0.23500025272369385, 0.7686025500297546,
        -0.5950000286102295, -152.09582293962032], [1.550168704511634e-08, 0.6121429204940796,
        0.7907471656799316, 202.13335112335037], [0.0, 0.0, 0.0, 1.0]], [[0.8044590353965759,
        -0.4077444076538086, -0.4319608509540558, -110.41923309954996], [-0.5940081477165222,
        -0.5522041916847229, -0.5850000977516174, -149.53959062130738], [-3.787723201753579e-08,
        0.7271968722343445, -0.6864291429519653, -175.46720619647098], [0.0, 0.0,
        0.0, 1.0]], [[0.5889349579811096, -0.17476746439933777, 0.7890576124191284,
        201.7014413467403], [0.8081804513931274, 0.1273559182882309, -0.5749999284744263,
        -146.98335830299445], [8.161083542290726e-08, 0.9763385057449341, 0.21624799072742462,
        55.278002790412565], [0.0, 0.0, 0.0, 1.0]], [[0.6099339127540588, 0.2985275983810425,
        -0.7340720891952515, -187.64587624093448], [-0.7924522757530212, 0.2297704517841339,
        -0.5649999380111694, -144.4271259846815], [2.0676088618998278e-10, 0.9263297319412231,
        0.37671369314193726, 96.2967655814704], [0.0, 0.0, 0.0, 1.0]], [[0.8868468403816223,
        0.3603973090648651, 0.289165198802948, 73.91733562762295], [0.4620635509490967,
        -0.6917172074317932, -0.5549998879432678, -141.87089366636854], [3.50409585792022e-08,
        0.6258125901222229, -0.7799736261367798, -199.3793210839457], [0.0, 0.0, 0.0,
        1.0]], [[0.8650131821632385, -0.3896363377571106, 0.31612613797187805, 80.8091885750825],
      [0.5017491579055786, 0.671731173992157, -0.5450000166893005, -139.3146613480556],
      [4.6177156320936774e-08, 0.6300482153892517, 0.7765560150146484, 198.50576018642167],
      [0.0, 0.0, 0.0, 1.0]], [[0.5738806128501892, -0.2963050603866577, -0.7634555101394653,
        -195.15696499197443], [-0.8189389109611511, -0.20763902366161346, -0.5349999070167542,
        -136.75842902974267], [-1.755362077915379e-08, 0.9322495460510254, -0.36181575059890747,
        -92.48852770108257], [0.0, 0.0, 0.0, 1.0]], [[0.5423271656036377, 0.21067750453948975,
        0.8133242130279541, 207.90454640424556], [0.8401674032211304, -0.13599224388599396,
        -0.5249999165534973, -134.2021967114297], [6.19026891968133e-08, 0.9680502414703369,
        -0.2507566809654236, -64.09919370902753], [0.0, 0.0, 0.0, 1.0]], [[0.765108585357666,
        0.47619396448135376, -0.433414489030838, -110.79081936119894], [-0.6439012289047241,
        0.565832257270813, -0.5149999260902405, -131.64596439311677], [1.6266131552811203e-08,
        0.6731070280075073, 0.7395450472831726, 189.0448916425838], [0.0, 0.0, 0.0,
        1.0]], [[0.9412350058555603, -0.28502312302589417, -0.18121400475502014, -46.32249795300955],
      [-0.33775240182876587, -0.7942911982536316, -0.5049999356269836, -129.0897320748038],
      [-1.8684641389654644e-08, 0.5365290641784668, -0.8438819050788879, -215.71579429454073],
      [0.0, 0.0, 0.0, 1.0]], [[0.5727991461753845, -0.4124605357646942, 0.7083625197410583,
        181.0738958182786], [0.819695770740509, 0.288225382566452, -0.4950000047683716,
        -126.53349975649087], [-1.1224454965486075e-07, 0.8641773462295532, 0.5031874179840088,
        128.62641386760782], [0.0, 0.0, 0.0, 1.0]], [[0.4878617227077484, 0.09440851956605911,
        -0.8678006529808044, -221.83002221794058], [-0.8729209303855896, 0.05276338383555412,
        -0.4850001335144043, -123.97726743817792], [-1.6372808886444545e-08, 0.9941343665122986,
        0.10815238952636719, 27.64624844759797], [0.0, 0.0, 0.0, 1.0]], [[0.6399325132369995,
        0.5149301290512085, 0.5703800320625305, 145.80236344798504], [0.7684311270713806,
        -0.42882245779037476, -0.47499993443489075, -121.42103511986497], [-2.3632935608475236e-08,
        0.7422656416893005, -0.6701057553291321, -171.29459914217384], [0.0, 0.0,
        0.0, 1.0]], [[0.9976015686988831, -0.06123839691281319, 0.03226356580853462,
        8.247319234181958], [0.06921762228012085, 0.882600724697113, -0.46499985456466675,
        -118.86480280155202], [4.144836029951193e-09, 0.466117799282074, 0.8847226500511169,
        226.15564780096352], [0.0, 0.0, 0.0, 1.0]], [[0.5885264277458191, -0.5127878785133362,
        -0.6250482201576233, -159.7768213123885], [-0.8084779977798462, -0.3732808232307434,
        -0.4549998641014099, -116.30857048323907], [-8.24926758014044e-08, 0.773117184638977,
        -0.6342633366584778, -162.13241642352185], [0.0, 0.0, 0.0, 1.0]], [[0.4454661011695862,
        -0.0409415066242218, 0.8943621516227722, 228.61976776849573], [0.8952987790107727,
        0.020370962098240852, -0.445000022649765, -113.75233816492612], [5.0431765430403175e-09,
        0.9989538192749023, 0.04572948440909386, 11.689482425120563], [0.0, 0.0, 0.0,
        1.0]], [[0.531018078327179, 0.48599061369895935, -0.6941418647766113, -177.43880454486165],
      [-0.8473604917526245, 0.30455726385116577, -0.43500009179115295, -111.19610584661316],
      [-3.7152361187509086e-09, 0.8191813230514526, 0.5735346674919128, 146.60877647028846],
      [0.0, 0.0, 0.0, 1.0]], [[0.9593167901039124, 0.25311338901519775, 0.12507975101470947,
        31.973281943047347], [0.2823319435119629, -0.8600368499755859, -0.42499998211860657,
        -108.63987352830021], [2.118914999016397e-08, 0.4430236220359802, -0.8965097665786743,
        -229.16876701117272], [0.0, 0.0, 0.0, 1.0]], [[0.6267346143722534, -0.583926260471344,
        0.5159784555435181, 131.89610130516192], [0.7792327404022217, 0.46965017914772034,
        -0.41499999165534973, -106.0836412099873], [1.8338397467232426e-08, 0.662162184715271,
        0.7493605017662048, 191.5539510947372], [0.0, 0.0, 0.0, 1.0]], [[0.4137903153896332,
        -0.18664872646331787, -0.8910329341888428, -227.76874898584634], [-0.9103721380233765,
        -0.08483703434467316, -0.4050000309944153, -103.52740889167436], [7.136793556128396e-08,
        0.9787567257881165, -0.20502451062202454, -52.40905690311935], [0.0, 0.0,
        0.0, 1.0]], [[0.44303208589553833, 0.40598875284194946, 0.7993095517158508,
        204.32208170063927], [0.8965058326721191, -0.20063041150569916, -0.39499998092651367,
        -100.9711765733614], [1.7888430647872156e-07, 0.8915833234786987, -0.45285701751708984,
        -115.7607234029927], [0.0, 0.0, 0.0, 1.0]], [[0.803949236869812, 0.5220717191696167,
        -0.2847924530506134, -72.79959123513925], [-0.594697892665863, 0.7057686448097229,
        -0.38499996066093445, -98.41494425504845], [-2.6272193309750946e-08, 0.4788858890533447,
        0.8778771162033081, 224.4057818220114], [0.0, 0.0, 0.0, 1.0]], [[0.6980165839195251,
        -0.6039658188819885, -0.38470515608787537, -98.3395800924492], [-0.7160815596580505,
        -0.588729202747345, -0.3749999403953552, -95.8587119367355], [-3.8309696748228816e-08,
        0.5372364521026611, -0.8434315323829651, -215.60072120692584], [0.0, 0.0,
        0.0, 1.0]], [[0.39181965589523315, -0.3345375061035156, 0.8570659756660461,
        219.08595669442053], [0.9200420379638672, 0.14247000217437744, -0.364999920129776,
        -93.30247961842255], [-4.848204326890482e-08, 0.9315508604049683, 0.363611102104187,
        92.947444979516], [0.0, 0.0, 0.0, 1.0]], [[0.3736664950847626, 0.2895040214061737,
        -0.8812267780303955, -225.26206140786238], [-0.9275630712509155, 0.11662602424621582,
        -0.35499995946884155, -90.7462473001096], [-8.821970709504967e-09, 0.950045108795166,
        0.3121125400066376, 79.78319962939318], [0.0, 0.0, 0.0, 1.0]], [[0.6164110898971558,
        0.6525394916534424, 0.4407147169113159, 112.65692052945862], [0.7874244451522827,
        -0.5108201503753662, -0.34499993920326233, -88.19001498179665], [-6.144453124079519e-08,
        0.5596913695335388, -0.8287007212638855, -211.83525713677963], [0.0, 0.0,
        0.0, 1.0]], [[0.817836344242096, -0.5249592661857605, 0.23571479320526123,
        60.25415799208097], [0.5754508376121521, 0.7460772395133972, -0.33500000834465027,
        -85.6337826634837], [-7.10711347551296e-08, 0.40961745381355286, 0.9122573733329773,
        233.19418595514858], [0.0, 0.0, 0.0, 1.0]], [[0.37923920154571533, -0.4768548011779785,
        -0.7929611206054688, -202.69924001913196], [-0.9252987504005432, -0.1954420804977417,
        -0.32499992847442627, -83.07755034517076], [-7.193688134066178e-08, 0.8569785356521606,
        -0.5153525471687317, -131.73600637710172], [0.0, 0.0, 0.0, 1.0]], [[0.3189139664173126,
        0.148033007979393, 0.9361517429351807, 239.3021403319253], [0.9477836489677429,
        -0.04981088638305664, -0.3150000274181366, -80.52131802685781], [1.4225591371541668e-07,
        0.9877272248268127, -0.15618866682052612, -39.92542582932564], [0.0, 0.0,
        0.0, 1.0]], [[0.4611944258213043, 0.6655613780021667, -0.586794376373291,
        -149.99827968891938], [-0.8872990608215332, 0.3459411859512329, -0.304999977350235,
        -77.96508570854486], [1.0998006416684802e-07, 0.6613264083862305, 0.7500982284545898,
        191.74253089155724], [0.0, 0.0, 0.0, 1.0]], [[0.9697588086128235, -0.2324986457824707,
        -0.07424449920654297, -18.97862120981183], [-0.2440652847290039, -0.9238001108169556,
        -0.2950000464916229, -75.40885339023191], [2.55380374625247e-08, 0.3041993975639343,
        -0.9526081085205078, -243.50883642944214], [0.0, 0.0, 0.0, 1.0]], [[0.37688443064689636,
        -0.6060900092124939, 0.7004377841949463, 179.04813830441026], [0.9262602925300598,
        0.24661092460155487, -0.28499990701675415, -72.85262107191899], [-3.136241133461226e-08,
        0.7561997175216675, 0.654340922832489, 167.26474949777068], [0.0, 0.0, 0.0,
        1.0]], [[0.2750120759010315, -0.009018618613481522, -0.9613984227180481, -245.75578296785542],
      [-0.9614407420158386, -0.0025795160327106714, -0.2749999463558197, -70.29638875360604],
      [1.449535744768582e-07, 0.999955952167511, -0.009380240924656391, -2.397815241851177],
      [0.0, 0.0, 0.0, 1.0]], [[0.34653592109680176, 0.6044449806213379, 0.7173275947570801,
        183.36562292215808], [0.9380365610122681, -0.22329801321029663, -0.2649998962879181,
        -67.74015643529309], [1.0452782106540326e-07, 0.7647116184234619, -0.6443722248077393,
        -164.71659354286922], [0.0, 0.0, 0.0, 1.0]], [[0.9383646845817566, 0.3326394259929657,
        -0.09392927587032318, -24.010505471875128], [-0.34564679861068726, 0.9030522108078003,
        -0.2549999952316284, -65.18392411698014], [-8.257517336573983e-09, 0.271749347448349,
        0.9623680710792542, 246.0036347608967], [0.0, 0.0, 0.0, 1.0]], [[0.38778188824653625,
        -0.7144797444343567, -0.5823607444763184, -148.86492395194267], [-0.9217512607574463,
        -0.30058273673057556, -0.24500000476837158, -62.62769179866719], [1.7061694279618678e-08,
        0.631798267364502, -0.7751331329345703, -198.14197760350862], [0.0, 0.0, 0.0,
        1.0]], [[0.23884150385856628, -0.1734643280506134, 0.9554396271705627, 244.23255562485522],
      [0.9710586071014404, 0.04266517981886864, -0.2349998950958252, -60.07145948035424],
      [7.515592415074934e-08, 0.9839155673980713, 0.17863422632217407, 45.66306144716962],
      [0.0, 0.0, 0.0, 1.0]], [[0.2624707818031311, 0.49686673283576965, -0.8271835446357727,
        -211.44732448392523], [-0.9649399518966675, 0.13515125215053558, -0.22500014305114746,
        -57.5152271620413], [-1.5603383474172006e-07, 0.8572384119033813, 0.5149197578430176,
        131.62546966664257], [0.0, 0.0, 0.0, 1.0]], [[0.6333172917366028, 0.7279326915740967,
        0.2627227008342743, 67.15803657827382], [0.7738922238349915, -0.5957061052322388,
        -0.21499982476234436, -54.95899484372835], [1.3789176023237815e-07, 0.3394821882247925,
        -0.9406124353408813, -240.44239156312287], [0.0, 0.0, 0.0, 1.0]], [[0.4202624261379242,
        -0.7921268343925476, 0.4426223635673523, 113.14455509067824], [0.9074026346206665,
        0.3668725788593292, -0.20500001311302185, -52.4027625254154], [-3.906826862021262e-09,
        0.4877904951572418, 0.8729607462882996, 223.14904612145043], [0.0, 0.0, 0.0,
        1.0]], [[0.20779049396514893, -0.3378863036632538, -0.9179627895355225, -234.65265270478002],
      [-0.9781731963157654, -0.07177598774433136, -0.19500000774860382, -49.84653020710245],
      [-1.3906571894040098e-08, 0.9384458661079407, -0.34542563557624817, -88.2988825342549],
      [0.0, 0.0, 0.0, 1.0]], [[0.1988009810447693, 0.3587823808193207, 0.9120050668716431,
        233.12969694872652], [0.9800398349761963, -0.07277894020080566, -0.18500004708766937,
        -47.2902978887895], [7.157321135764505e-08, 0.9305795431137085, -0.36608949303627014,
        -93.581027874566], [0.0, 0.0, 0.0, 1.0]], [[0.37999606132507324, 0.8210596442222595,
        -0.4259859025478363, -108.89189281801576], [-0.9249880909919739, 0.3373010456562042,
        -0.17499999701976776, -44.73406557047655], [3.33764553772653e-08, 0.46053120493888855,
        0.8876435160636902, 226.9023043248391], [0.0, 0.0, 0.0, 1.0]], [[0.49974068999290466,
        -0.8176009058952332, -0.2859860956668854, -73.1046794205991], [-0.86617511510849,
        -0.47171592712402344, -0.1650000959634781, -42.1778332521636], [6.35866470588553e-08,
        0.33017128705978394, -0.9439212679862976, -241.28815321279234], [0.0, 0.0,
        0.0, 1.0]], [[0.1794188767671585, -0.49549055099487305, 0.8498811721801758,
        217.24936910965502], [0.9837728142738342, 0.09036669135093689, -0.1549999862909317,
        -39.62160093385068], [5.99191878336569e-08, 0.8638998866081238, 0.5036635994911194,
        128.74811459889958], [0.0, 0.0, 0.0, 1.0]], [[0.1480836719274521, 0.2007736712694168,
        -0.9683806896209717, -247.54060177678133], [-0.9889748096466064, 0.030062757432460785,
        -0.14500001072883606, -37.065368615537736], [2.137159782478193e-09, 0.9791762828826904,
        0.2030119150876999, 51.89456207792016], [0.0, 0.0, 0.0, 1.0]], [[0.22753748297691345,
        0.7838600277900696, 0.5777457356452942, 147.68521060473014], [0.9737693071365356,
        -0.18316195905208588, -0.13499993085861206, -34.509136297224785], [-7.360583254012454e-10,
        0.5933086276054382, -0.8049750328063965, -205.77034463822014], [0.0, 0.0,
        0.0, 1.0]], [[0.7274736166000366, -0.6759307980537415, 0.11789675056934357,
        30.137219177226008], [0.6861356496810913, 0.7166539430618286, -0.1249999925494194,
        -31.952903978911834], [1.773873634647316e-07, 0.17182736098766327, 0.9851270914077759,
        251.82135850529858], [0.0, 0.0, 0.0, 1.0]], [[0.15091446042060852, -0.6401349902153015,
        -0.7532939314842224, -192.55944181323972], [-0.9885467290878296, -0.09772476553916931,
        -0.11499995738267899, -29.396671660598884], [-6.124203366653092e-08, 0.7620214819908142,
        -0.647551417350769, -165.52925335338261], [0.0, 0.0, 0.0, 1.0]], [[0.105051688849926,
        0.03121953271329403, 0.9939766526222229, 254.0835085801072], [0.9944667816162109,
        -0.0032980837859213352, -0.10499993711709976, -26.840439342285936], [1.3845860280525812e-07,
        0.9995071291923523, -0.03139328584074974, -8.024844883951458], [0.0, 0.0,
        0.0, 1.0]], [[0.13217446208000183, 0.6891719102859497, -0.7124408483505249,
        -182.1164346499415], [-0.9912264347076416, 0.09189721941947937, -0.09499993175268173,
        -24.284207023972986], [3.659203073880235e-08, 0.7187467813491821, 0.695271909236908,
        177.72765167943405], [0.0, 0.0, 0.0, 1.0]], [[0.8362663388252258, 0.5454837679862976,
        0.0557328425347805, 14.24660848597138], [0.5483235120773315, -0.8319354057312012,
        -0.08500014990568161, -21.72797470566004], [-7.71016246403633e-08, 0.10164238512516022,
        -0.9948211312294006, -254.29936278668387], [0.0, 0.0, 0.0, 1.0]], [[0.11795364320278168,
        -0.7664302587509155, 0.631404459476471, 161.40164969592308], [0.9930191040039062,
        0.09103886038064957, -0.07499991357326508, -19.171742387347088], [-1.307763000113482e-07,
        0.6358432173728943, 0.7718182802200317, 197.2946740820531], [0.0, 0.0, 0.0,
        1.0]], [[0.06567219644784927, -0.14239953458309174, -0.9876283407211304, -252.46072555942433],
      [-0.9978412985801697, -0.009372103959321976, -0.06500010192394257, -16.61551006903414],
      [-9.07377142311816e-08, 0.9897649884223938, -0.1427077054977417, -36.4793575468467],
      [0.0, 0.0, 0.0, 1.0]], [[0.06650781631469727, 0.560998797416687, 0.8251405358314514,
        210.92511120602373], [0.9977858662605286, -0.03739343211054802, -0.05500010401010513,
        -14.059277750721193], [-1.1668731048075642e-07, 0.8269715309143066, -0.562243640422821,
        -143.72254806998941], [0.0, 0.0, 0.0, 1.0]], [[0.19301579892635345, 0.9541566967964172,
        -0.22875739634037018, -58.47573085579931], [-0.9811956286430359, 0.18769676983356476,
        -0.04500024765729904, -11.503045432408245], [-2.6223960958304815e-07, 0.23314152657985687,
        0.9724428057670593, 248.57897235795286], [0.0, 0.0, 0.0, 1.0]], [[0.07148006558418274,
        -0.8696914911270142, -0.48839271068573, -124.84450819756093], [-0.9974421262741089,
        -0.06232519820332527, -0.03499990329146385, -8.946813114095324], [-7.868433016255949e-09,
        0.48964521288871765, -0.871921956539154, -222.88346721972542], [0.0, 0.0,
        0.0, 1.0]], [[0.026323655620217323, -0.31300899386405945, 0.9493852853775024,
        242.68493575253416], [0.9996535181999207, 0.00824233889579773, -0.024999985471367836,
        -6.390580795782373], [4.872707748404537e-08, 0.9497144222259521, 0.31311747431755066,
        80.04010924378333], [0.0, 0.0, 0.0, 1.0]], [[0.016450120136141777, 0.4104440212249756,
        -0.9117372632026672, -233.06126315516792], [-0.9998645782470703, 0.006752915680408478,
        -0.015000063925981522, -3.8343484774694243], [7.176791427809803e-08, 0.9118606448173523,
        0.4104996919631958, 104.93322657836606], [0.0, 0.0, 0.0, 1.0]], [[0.012655931524932384,
        0.9185777902603149, 0.39503785967826843, 100.98084487893738], [0.9999200701713562,
        -0.011626603081822395, -0.005000109318643808, -1.2781161591564756], [-9.320107352550622e-08,
        0.3950694799423218, -0.9186515212059021, -234.82860140642046], [0.0, 0.0,
        0.0, 1.0]], [[-0.015184342861175537, -0.9441202878952026, 0.3292514383792877,
        84.16430876926162], [0.9998847842216492, -0.01433752104640007, 0.004999960772693157,
        1.2781161591564734], [5.5666625087269495e-08, 0.32928940653800964, 0.9442290663719177,
        241.36688298180408], [0.0, 0.0, 0.0, 1.0]], [[-0.017033280804753304, -0.4737228453159332,
        -0.8805092573165894, -225.07861694047753], [-0.9998549222946167, 0.008070218376815319,
        0.01500015426427126, 3.8343484774694225], [-2.1517159609629743e-08, 0.880636990070343,
        -0.47379159927368164, -121.11214067875657], [0.0, 0.0, 0.0, 1.0]], [[-0.02578846551477909,
        0.24528563022613525, 0.9691079258918762, 247.72647147882176], [0.9996675252914429,
        0.006327512674033642, 0.02499999664723873, 6.3905807957823715], [-1.8478409913313953e-08,
        0.9694303274154663, -0.2453673630952835, -62.72154699639438], [0.0, 0.0, 0.0,
        1.0]], [[-0.06365980952978134, 0.8336037993431091, -0.5486819744110107, -140.25587206374288],
      [-0.9979715347290039, -0.05317484587430954, 0.03500012680888176, 8.94681311409532],
      [1.0460197330530718e-07, 0.5497971773147583, 0.8352981805801392, 213.52161843386315],
      [0.0, 0.0, 0.0, 1.0]], [[-0.2713887691497803, -0.9491465091705322, -0.15959082543849945,
        -40.79511795682434], [-0.9624698758125305, 0.2676318287849426, 0.04500000551342964,
        11.50304543240827], [-2.752326366817215e-09, 0.1658138483762741, -0.986157238483429,
        -252.08465829666144], [0.0, 0.0, 0.0, 1.0]], [[-0.07003217935562134, -0.6175291538238525,
        0.7834240794181824, 200.26138103781483], [0.9975447654724121, -0.043353352695703506,
        0.054999928921461105, 14.059277750721218], [-7.670884372146247e-09, 0.785352349281311,
        0.619049072265625, 158.24333359048984], [0.0, 0.0, 0.0, 1.0]], [[-0.06517225503921509,
        0.07252949476242065, -0.9952345490455627, -254.40510127073222], [-0.9978739023208618,
        -0.004736918490380049, 0.06499999016523361, 16.61551006903417], [-4.691268529199988e-08,
        0.9973549246788025, 0.0726841390132904, 18.579718093935934], [0.0, 0.0, 0.0,
        1.0]], [[-0.10895257443189621, 0.7210378646850586, 0.684276282787323, 174.91689371228264],
      [0.9940471053123474, 0.07902903854846954, 0.07500011473894119, 19.171742387347116],
      [1.1782044140318249e-07, 0.6883742213249207, -0.7253560423851013, -185.41780184155738],
      [0.0, 0.0, 0.0, 1.0]], [[-0.9856030941009521, 0.16844616830348969, -0.01458156667649746,
        -3.727345778023277], [-0.1690761297941208, -0.9819309711456299, 0.08500044792890549,
        21.727974705660067], [-8.988369160078946e-08, 0.08624209463596344, 0.9962742328643799,
        254.67084375820698], [0.0, 0.0, 0.0, 1.0]], [[-0.14212921261787415, -0.7362451553344727,
        -0.66162109375, -169.12572471473854], [-0.9898481369018555, 0.10571501404047012,
        0.09500014036893845, 24.284207023973014], [-8.395409167860635e-08, 0.6684066653251648,
        -0.7437961101531982, -190.13154178306954], [0.0, 0.0, 0.0, 1.0]], [[-0.10554435849189758,
        -0.10086432844400406, 0.989285945892334, 252.8844825261861], [0.9944145679473877,
        -0.010705443099141121, 0.10500004887580872, 26.840439342285965], [1.5685317933389342e-08,
        0.994842529296875, 0.10143090039491653, 25.928092202318947], [0.0, 0.0, 0.0,
        1.0]], [[-0.14279510080814362, 0.5867257714271545, -0.7970961928367615, -203.75631243834226],
      [-0.9897522330284119, -0.08464904874563217, 0.1149999126791954, 29.396671660598912],
      [-3.397738623789337e-08, 0.8053492307662964, 0.5928006768226624, 151.53361834485247],
      [0.0, 0.0, 0.0, 1.0]], [[-0.5555309057235718, 0.8101736307144165, 0.18709494173526764,
        47.82580861280501], [0.8314961194992065, 0.5412847995758057, 0.12500017881393433,
        31.952903978911863], [1.776332965164329e-07, 0.22501012682914734, -0.9743567109107971,
        -249.06814451013526], [0.0, 0.0, 0.0, 1.0]], [[-0.25150126218795776, -0.8166046142578125,
        0.5195229053497314, 132.8021200769228], [0.9678569436073303, -0.21219775080680847,
        0.13500000536441803, 34.50913629722481], [-3.104645429630182e-08, 0.5367765426635742,
        0.8437244296073914, 215.67557364469897], [0.0, 0.0, 0.0, 1.0]], [[-0.15062904357910156,
        -0.2677265405654907, -0.9516477584838867, -243.26327256878736], [-0.98859041929245,
        0.040792692452669144, 0.1450001746416092, 37.065368615537764], [-7.961015313640019e-08,
        0.9626310467720032, -0.27081647515296936, -69.22698404808622], [0.0, 0.0,
        0.0, 1.0]], [[-0.17283913493156433, 0.4357987940311432, 0.8832929134368896,
        225.79016599811118], [0.9849501848220825, 0.07647377252578735, 0.1550002247095108,
        39.62160093385071], [7.034719118337307e-08, 0.8967894911766052, -0.44245782494544983,
        -113.1024594332939], [0.0, 0.0, 0.0, 1.0]], [[-0.42457354068756104, 0.8342258334159851,
        -0.351858526468277, -89.94321252358677], [-0.9053933620452881, -0.39120036363601685,
        0.16499996185302734, 42.1778332521636], [2.3035362062273634e-08, 0.38862502574920654,
        0.921396017074585, 235.53022216897224], [0.0, 0.0, 0.0, 1.0]], [[-0.434934139251709,
        -0.8243566751480103, -0.36230969429016113, -92.61477633177535], [-0.9004622101783752,
        0.3981742858886719, 0.17499999701976776, 44.73406557047655], [-2.7708068728315993e-08,
        0.40235966444015503, -0.9154816269874573, -234.01838225752127], [0.0, 0.0,
        0.0, 1.0]], [[-0.20485854148864746, -0.4204018712043762, 0.8839090466499329,
        225.9476727243647], [0.9787915945053101, -0.08798900991678238, 0.18499988317489624,
        47.2902978887895], [2.674468646546302e-09, 0.90306156873703, 0.4295111298561096,
        109.79304881416105], [0.0, 0.0, 0.0, 1.0]], [[-0.20311324298381805, 0.27397897839546204,
        -0.9400427341461182, -240.2967776127119], [-0.9791551828384399, -0.056833453476428986,
        0.19499990344047546, 49.84653020710245], [-5.550296222622819e-08, 0.960054874420166,
        0.27981165051460266, 71.52635001966155], [0.0, 0.0, 0.0, 1.0]], [[-0.37735000252723694,
        0.7774946093559265, 0.5030990242958069, 128.6037988485376], [0.9260704517364502,
        0.3168095648288727, 0.20499995350837708, 52.4027625254154], [-1.339579824843895e-07,
        0.5432620048522949, -0.8395628333091736, -214.61185906959014], [0.0, 0.0,
        0.0, 1.0]], [[-0.7394910454750061, -0.6440869569778442, 0.19571666419506073,
        50.02975559017846], [0.6731663942337036, -0.7075464725494385, 0.21500001847743988,
        54.95899484372835], [-6.868559410122543e-08, 0.2907404601573944, 0.9568019509315491,
        244.58080278965042], [0.0, 0.0, 0.0, 1.0]], [[-0.2743026614189148, -0.5500478744506836,
        -0.7888001799583435, -201.6356302588622], [-0.9616435766220093, 0.1568973958492279,
        0.22500008344650269, 57.5152271620413], [-7.68968533293446e-09, 0.820262610912323,
        -0.5719874501228333, -146.21322753597238], [0.0, 0.0, 0.0, 1.0]], [[-0.23645593225955963,
        0.10765006393194199, 0.9656605124473572, 246.8452537788565], [0.9716423153877258,
        0.026197345927357674, 0.2350001335144043, 60.07145948035424], [-4.3102502900183026e-08,
        0.9938437342643738, -0.11079196631908417, -28.32096563727875], [0.0, 0.0,
        0.0, 1.0]], [[-0.3596731722354889, 0.6831268668174744, -0.6355884671211243,
        -162.47116762833213], [-0.9330782294273376, -0.263324499130249, 0.24500004947185516,
        62.62769179866719], [6.972064170440717e-08, 0.6811737418174744, 0.7321217656135559,
        187.14734452119106], [0.0, 0.0, 0.0, 1.0]], [[-0.9949168562889099, -0.0973341315984726,
        -0.025809137150645256, -6.597415129119819], [-0.10069778561592102, 0.9616833925247192,
        0.25499996542930603, 65.18392411698014], [1.636379209912775e-08, 0.25630274415016174,
        -0.9665963649749756, -247.08453371711], [0.0, 0.0, 0.0, 1.0]], [[-0.36775752902030945,
        -0.6447781920433044, 0.6700863242149353, 171.28961076645854], [0.9299218058586121,
        -0.254991352558136, 0.26499998569488525, 67.74015643529309], [-3.380796087526505e-08,
        0.7205835580825806, 0.693368136882782, 177.24101416284262], [0.0, 0.0, 0.0,
        1.0]], [[-0.27547118067741394, -0.05619902163743973, -0.9596651792526245,
        -245.31272424538292], [-0.9613093137741089, 0.016104264184832573, 0.27500003576278687,
        70.29638875360604], [-2.7921721823531698e-08, 0.9982897043228149, -0.05846090987324715,
        -14.943952067188421], [0.0, 0.0, 0.0, 1.0]], [[-0.3573611080646515, 0.5634633302688599,
        0.7448505163192749, 190.40109012322185], [0.9339663982391357, 0.21559616923332214,
        0.2850002944469452, 72.85262107191899], [2.5063235398192774e-07, 0.7975133061408997,
        -0.6033015251159668, -154.21788850427163], [0.0, 0.0, 0.0, 1.0]], [[-0.9019317030906677,
        0.408125102519989, -0.14125728607177734, -36.10863639993155], [-0.43187928199768066,
        -0.8523237705230713, 0.2950000464916229, 75.40885339023194], [-5.259972901683341e-09,
        0.32707589864730835, 0.9449980854988098, 241.56346549009407], [0.0, 0.0, 0.0,
        1.0]], [[-0.4970725178718567, -0.6851628422737122, -0.5324202179908752, -136.09895939680888],
      [-0.8677092790603638, 0.3924994170665741, 0.3050000071525574, 77.96508570854489],
      [2.96657010068202e-08, 0.6135929226875305, -0.7896228432655334, -201.84587019169064],
