{cam2Pos: [[[0.9549681544303894, -0.29527372121810913, 0.029141081497073174, 8.742382140092849],
      [0.29670822620391846, 0.9503511190414429, -0.09379216283559799, -28.137731398535117],
      [9.787878951783568e-08, 0.09821492433547974, 0.995165228843689, 298.5495584090864],
      [0.0, 0.0, 0.0, 1.0]], [[-0.9418679475784302, 0.10523726046085358, -0.31907781958580017,
        -95.72332062364266], [-0.3359844386577606, -0.29501277208328247, 0.8944732546806335,
        268.34193333043066], [-6.090191817520463e-08, 0.949680507183075, 0.31322067975997925,
        93.96623172858433], [0.0, 0.0, 0.0, 1.0]], [[-0.6842697858810425, -0.6493828296661377,
        0.3317784368991852, 99.5335882751342], [0.7292290329933167, -0.6093462705612183,
        0.311323344707489, 93.39698909659096], [-8.390715322548203e-08, 0.454971581697464,
        0.8905059695243835, 267.1517681632808], [0.0, 0.0, 0.0, 1.0]]]}
