{cam2Pos: [[[0.9950000047683716, 4.21468504541167e-09, 0.09987492114305496, 24.988505004443056],
      [0.09987492114305496, -3.066723408551297e-08, -0.9949999451637268, -248.94700328165015],
      [4.21468504541167e-09, 0.9999999403953552, -3.066723408551297e-08, 0.0], [0.0,
        0.0, 0.0, 1.0]], [[0.9917600154876709, 0.01493225060403347, -0.12723620235919952,
        -31.834241796680974], [-0.1281094253063202, 0.11559828370809555, -0.9850000143051147,
        -246.44502334917127], [1.7641989202843433e-08, 0.9931837916374207, 0.11655872315168381,
        29.1627732036563], [0.0, 0.0, 0.0, 1.0]], [[0.9998015761375427, 0.004409505985677242,
        0.01942642405629158, 4.860451539924618], [0.019920585677027702, -0.22131036221981049,
        -0.9750001430511475, -243.94304341669235], [-3.0087834446135275e-09, 0.9751936197280884,
        -0.22135429084300995, -55.382338382383274], [0.0, 0.0, 0.0, 1.0]], [[0.9866037368774414,
        -0.033951934427022934, 0.1595630645751953, 39.92234709769389], [0.16313523054122925,
        0.2053333967924118, -0.9650002121925354, -241.44106348421346], [-2.8145343833330116e-08,
        0.9781031012535095, 0.20812144875526428, 52.07163230679703], [0.0, 0.0, 0.0,
        1.0]], [[0.956277072429657, -0.015109586529433727, -0.2920716404914856, -73.0757607547953],
      [-0.29246222972869873, -0.049404311925172806, -0.9549998641014099, -238.93908355173457],
      [7.4088974955088815e-09, 0.998664379119873, -0.05166319012641907, -12.926073140599827],
      [0.0, 0.0, 0.0, 1.0]], [[0.9599064588546753, 0.04920964315533638, 0.2759673595428467,
        69.04647009761487], [0.2803204655647278, -0.1685095578432083, -0.9450000524520874,
        -236.43710361925565], [5.401485481115742e-09, 0.9844709634780884, -0.17554789781570435,
        -43.92171244916963], [0.0, 0.0, 0.0, 1.0]], [[0.9951869249343872, 0.03356204926967621,
        -0.09206808358430862, -23.035247080590185], [-0.0979946032166481, 0.3408401310443878,
        -0.9350000619888306, -233.93512368677676], [-1.5497295891009344e-08, 0.9395220279693604,
        0.342488557100296, 85.6899709584478], [0.0, 0.0, 0.0, 1.0]], [[0.9825451374053955,
        -0.06272763013839722, -0.1751295030117035, -43.817051289833564], [-0.18602445721626282,
        -0.3313152492046356, -0.925000011920929, -231.43314375429787], [-1.4319035734899899e-08,
        0.9414326548576355, -0.3372010588645935, -84.36706592941114], [0.0, 0.0, 0.0,
        1.0]], [[0.9238911867141724, -0.05295952036976814, 0.37897276878356934, 94.81822975691566],
      [0.3826552927494049, 0.12786681950092316, -0.9149999618530273, -228.93116382181898],
      [-6.09192341016751e-08, 0.9903762936592102, 0.13840027153491974, 34.62746543169506],
      [0.0, 0.0, 0.0, 1.0]], [[0.9171630144119263, 0.0646858960390091, -0.39322730898857117,
        -98.38467885658893], [-0.39851218461990356, 0.14887253940105438, -0.9049999713897705,
        -226.4291838893401], [2.6380391204838816e-09, 0.986738383769989, 0.16231851279735565,
        40.611765225908194], [0.0, 0.0, 0.0, 1.0]], [[0.9784079790115356, 0.08350347727537155,
        0.18906337022781372, 47.303269858373675], [0.20668281614780426, -0.39529404044151306,
        -0.8950001001358032, -223.9272039568612], [-2.3081767608346127e-08, 0.914751410484314,
        -0.4040175974369049, -101.08434010290209], [0.0, 0.0, 0.0, 1.0]], [[0.9878304600715637,
        -0.06909631192684174, 0.13934385776519775, 34.8635592449227], [0.15553459525108337,
        0.4388440251350403, -0.8849999308586121, -221.4252240243823], [2.4972836243364327e-08,
        0.8959026336669922, 0.44425034523010254, 111.15052059166833], [0.0, 0.0, 0.0,
        1.0]], [[0.9019775390625, -0.10481225699186325, -0.4188685715198517, -104.80007709745446],
      [-0.43178293108940125, -0.2189488559961319, -0.8750000596046448, -218.9232440919034],
      [-2.7138764124856607e-08, 0.9700907468795776, -0.2427431046962738, -60.733786823443644],
      [0.0, 0.0, 0.0, 1.0]], [[0.8700646162033081, 0.05310918763279915, 0.49006837606430054,
        122.61413525036798], [0.49293771386146545, -0.09374084323644638, -0.8649999499320984,
        -216.4212641594245], [1.6231709309977305e-09, 0.9941790699958801, -0.10774010419845581,
        -26.956373675108278], [0.0, 0.0, 0.0, 1.0]], [[0.9441924691200256, 0.1397520899772644,
        -0.29827821254730225, -74.62861313790067], [-0.3293941915035248, 0.40059271454811096,
        -0.8549999594688416, -213.9192842269456], [3.372596069084466e-08, 0.9055356383323669,
        0.4242701530456543, 106.1515226561345], [0.0, 0.0, 0.0, 1.0]], [[0.9967091083526611,
        -0.04298952966928482, -0.0687231793999672, -17.194403382188487], [-0.08106154948472977,
        -0.5285865664482117, -0.8450000286102295, -211.4173042944667], [-1.1147125444921357e-09,
        0.847790002822876, -0.5303317904472351, -132.68802418629372], [0.0, 0.0, 0.0,
        1.0]], [[0.8930333256721497, -0.15956974029541016, 0.4207480549812317, 105.27032185705941],
      [0.44999048113822937, 0.31667590141296387, -0.8349999189376831, -208.9153243619878],
      [-1.7515777273047206e-08, 0.9350153803825378, 0.3546070158481598, 88.72193870800812],
      [0.0, 0.0, 0.0, 1.0]], [[0.8252249360084534, 0.013188195414841175, -0.5646502375602722,
        -141.27433065029666], [-0.564804196357727, 0.019268905743956566, -0.824999988079071,
        -206.4133444295089], [-4.396064312572889e-08, 0.9997273683547974, 0.02334992215037346,
        5.842137109533084], [0.0, 0.0, 0.0, 1.0]], [[0.8930031657218933, 0.18395362794399261,
        0.41073888540267944, 102.7660661281728], [0.450050413608551, -0.3650059998035431,
        -0.8149999380111694, -203.91136449703004], [4.1865320099532255e-09, 0.9126507043838501,
        -0.4087398946285248, -102.26596162345702], [0.0, 0.0, 0.0, 1.0]], [[0.9994210600852966,
        0.02016332559287548, -0.02740422450006008, -6.856481177498976], [-0.03402280434966087,
        0.5922983288764954, -0.8050001263618469, -201.40938456455115], [3.281366844909428e-10,
        0.8054664134979248, 0.5926414728164673, 148.27772691966368], [0.0, 0.0, 0.0,
        1.0]], [[0.8983873128890991, -0.20455697178840637, -0.38866013288497925, -97.2420043280584],
      [-0.4392041265964508, -0.4184189736843109, -0.7950000762939453, -198.90740463207223],
      [5.495426336210585e-09, 0.8849191069602966, -0.4657445549964905, -116.52842057655279],
      [0.0, 0.0, 0.0, 1.0]], [[0.7876921892166138, -0.050892166793346405, 0.6139633655548096,
        153.61238601998588], [0.6160690188407898, 0.06506959348917007, -0.7849999666213989,
        -196.40542469959334], [1.3547200694574713e-08, 0.9965820908546448, 0.08260789513587952,
        20.668329276703133], [0.0, 0.0, 0.0, 1.0]], [[0.8310174345970154, 0.20076769590377808,
        -0.5187507271766663, -129.79037080979907], [-0.5562463402748108, 0.2999417185783386,
        -0.7749999761581421, -193.90344476711445], [1.5189591806574754e-08, 0.9325917363166809,
        0.3609330952167511, 90.3047594414185], [0.0, 0.0, 0.0, 1.0]], [[0.9833542108535767,
        0.11416637897491455, 0.14135268330574036, 35.36614872607244], [0.18169903755187988,
        -0.6178678870201111, -0.7649999260902405, -191.40146483463553], [3.786517766002362e-10,
        0.7779495120048523, -0.6283268928527832, -157.20607688226337], [0.0, 0.0,
        0.0, 1.0]], [[0.9180662631988525, -0.22554217278957367, 0.32601383328437805,
        81.56800472227428], [0.39642688632011414, 0.5223224759101868, -0.7549999356269836,
        -188.89948490215664], [-9.425628277881515e-09, 0.8223806619644165, 0.5689376592636108,
        142.34704434795245], [0.0, 0.0, 0.0, 1.0]], [[0.7608005404472351, -0.13157810270786285,
        -0.6355074048042297, -159.00270054284178], [-0.6489856839179993, -0.15424765646457672,
        -0.744999885559082, -186.39750496967775], [2.332314608111119e-08, 0.9792315363883972,
        -0.20274397730827332, -50.72619822570333], [0.0, 0.0, 0.0, 1.0]], [[0.7666577696800232,
        0.18259860575199127, 0.6155433654785156, 154.0077000789734], [0.6420559883117676,
        -0.21803508698940277, -0.7350000739097595, -183.89552503719887], [-1.2610779975830155e-08,
        0.958706796169281, -0.28439685702323914, -71.15546369007062], [0.0, 0.0, 0.0,
        1.0]], [[0.9388487935066223, 0.21877077221870422, -0.265899121761322, -66.52742934744124],
      [-0.3443297743797302, 0.5964998006820679, -0.7249999642372131, -181.39354510471995],
      [-2.3103517321487743e-08, 0.7722223401069641, 0.6353524327278137, 158.9638913842831],
      [0.0, 0.0, 0.0, 1.0]], [[0.9493634700775146, -0.20668785274028778, -0.23662029206752777,
        -59.20191535594767], [-0.314179927110672, -0.624552845954895, -0.7150000929832458,
        -178.89156517224106], [-1.692138873465865e-08, 0.7531362771987915, -0.6578648686408997,
        -164.59640625993038], [0.0, 0.0, 0.0, 1.0]], [[0.746821939945221, -0.2194214165210724,
        0.6277827620506287, 157.07000035857095], [0.6650240421295166, 0.24641023576259613,
        -0.7049999833106995, -176.38958523976217], [-1.8057253470260548e-09, 0.9440001249313354,
        0.32994508743286133, 82.55159012141564], [0.0, 0.0, 0.0, 1.0]], [[0.70697420835495,
        0.12961474061012268, -0.6952607035636902, -173.9528689179476], [-0.7072393298149109,
        0.1295662224292755, -0.6950000524520874, -173.88760530728325], [1.4184578844833595e-08,
        0.9830628037452698, 0.18326863646507263, 45.85341798584729], [0.0, 0.0, 0.0,
        1.0]], [[0.8668251037597656, 0.30554816126823425, 0.39402341842651367, 98.58391012844201],
      [0.4986121952533722, -0.5311875939369202, -0.684999942779541, -171.38562537480436],
      [-3.611591736785158e-08, 0.7902400493621826, -0.6127968430519104, -153.3206310447015],
      [0.0, 0.0, 0.0, 1.0]], [[0.9832901358604431, -0.13237550854682922, 0.1249687522649765,
        31.266928667950694], [0.18204522132873535, 0.7150066494941711, -0.675000011920929,
        -168.88364544232547], [-1.5951616916254352e-08, 0.6864708662033081, 0.7271572947502136,
        181.93331003160247], [0.0, 0.0, 0.0, 1.0]], [[0.7477661371231079, -0.30362623929977417,
        -0.5904718041419983, -147.73482594092002], [-0.6639622449874878, -0.34194937348365784,
        -0.6650000214576721, -166.38166550984656], [3.216311483811296e-08, 0.8893154263496399,
        -0.4572945237159729, -114.41415302158477], [0.0, 0.0, 0.0, 1.0]], [[0.6562785506248474,
        0.0470733717083931, 0.7530487179756165, 188.41132715029082], [0.7545185685157776,
        -0.040944021195173264, -0.6549999117851257, -163.87968557736767], [-6.640271266178388e-08,
        0.9980517625808716, -0.062388353049755096, -15.60949332298162], [0.0, 0.0,
        0.0, 1.0]], [[0.7791330218315125, 0.35164228081703186, -0.5189407467842102,
        -129.83789675401076], [-0.626858651638031, 0.4370620548725128, -0.6449999809265137,
        -161.37770564488878], [4.9667200130443234e-08, 0.8278432488441467, 0.5609594583511353,
        140.35096192245175], [0.0, 0.0, 0.0, 1.0]], [[0.9999824166297913, 0.00458448426797986,
        0.0037685283459722996, 0.9428782208322624], [0.005934585351496935, -0.7724891901016235,
        -0.6349999904632568, -158.8757257124099], [1.5274492781713889e-10, 0.6350111365318298,
        -0.7725027799606323, -193.27868631922868], [0.0, 0.0, 0.0, 1.0]], [[0.7660125494003296,
        -0.37166500091552734, 0.5244901776313782, 131.22639309944873], [0.6428256630897522,
        0.44288843870162964, -0.6250000596046448, -156.373745779931], [9.479439455617467e-10,
        0.8159136176109314, 0.5781738758087158, 144.65794554788025], [0.0, 0.0, 0.0,
        1.0]], [[0.616634726524353, -0.057287055999040604, -0.7851622104644775, -196.446013506305],
      [-0.7872493267059326, -0.04487161338329315, -0.6149998903274536, -153.8717658474521],
      [-1.0379199721910481e-08, 0.9973487854003906, -0.07276857644319534, -18.206572377537668],
      [0.0, 0.0, 0.0, 1.0]], [[0.6902298331260681, 0.3483119308948517, 0.634240984916687,
        158.68580450591747], [0.7235902547836304, -0.33225345611572266, -0.6050000190734863,
        -151.3697859149732], [-1.6624023047029368e-08, 0.8765196204185486, -0.4813663959503174,
        -120.4368680497626], [0.0, 0.0, 0.0, 1.0]], [[0.9719952940940857, 0.18582573533058167,
        -0.14385372400283813, -35.991908446848825], [-0.23500020802021027, 0.7686025500297546,
        -0.5950000286102295, -148.8678059824943], [1.5858850233030353e-08, 0.6121429204940796,
        0.7907471656799316, 197.84335898276467], [0.0, 0.0, 0.0, 1.0]], [[0.8044589757919312,
        -0.40774452686309814, -0.43196094036102295, -108.07574233202443], [-0.5940083265304565,
        -0.552204430103302, -0.5850000977516174, -146.36582605001541], [-5.978967010378256e-08,
        0.7271969318389893, -0.6864294409751892, -171.74316495671522], [0.0, 0.0,
        0.0, 1.0]], [[0.5889349579811096, -0.17476746439933777, 0.7890576124191284,
        197.42061587527084], [0.8081804513931274, 0.1273559182882309, -0.5749999284744263,
        -143.86384611753653], [8.161083542290726e-08, 0.9763385057449341, 0.21624799072742462,
        54.10480600620931], [0.0, 0.0, 0.0, 1.0]], [[0.6099340319633484, 0.2985275387763977,
        -0.7340720295906067, -183.6633600959581], [-0.7924521565437317, 0.22977054119110107,
        -0.5649999976158142, -141.36186618505764], [1.5545506215630667e-08, 0.9263296723365784,
        0.37671372294425964, 94.25300404873732], [0.0, 0.0, 0.0, 1.0]], [[0.8868468403816223,
        0.36039724946022034, 0.289165198802948, 72.34854558316351], [0.4620634913444519,
        -0.6917172074317932, -0.5549998879432678, -138.85988625257875], [6.789754536384862e-08,
        0.6258125901222229, -0.7799736261367798, -195.14777930376974], [0.0, 0.0,
        0.0, 1.0]], [[0.8650131821632385, -0.38963624835014343, 0.31612610816955566,
        79.0941287794199], [0.5017490983009338, 0.6717312335968018, -0.5450000166893005,
        -136.35790632009983], [3.757228306255911e-09, 0.6300482153892517, 0.7765560150146484,
        194.29275849062006], [0.0, 0.0, 0.0, 1.0]], [[0.573880672454834, -0.2963050901889801,
        -0.7634555101394653, -191.01503669887836], [-0.8189389705657959, -0.2076391726732254,
        -0.5350000858306885, -133.85592638762094], [4.039981149617233e-08, 0.9322496652603149,
        -0.3618159294128418, -90.52559058691057], [0.0, 0.0, 0.0, 1.0]], [[0.5423271656036377,
        0.21067747473716736, 0.8133242726325989, 203.49206887340029], [0.8401674628257751,
        -0.13599224388599396, -0.5250000357627869, -131.35394645514205], [1.6806062319574266e-08,
        0.9680503010749817, -0.2507566809654236, -62.73877972637011], [0.0, 0.0, 0.0,
        1.0]], [[0.765108585357666, 0.47619396448135376, -0.433414489030838, -108.43944220514244],
      [-0.6439012289047241, 0.565832257270813, -0.5149999260902405, -128.85196652266313],
      [3.210628207739319e-09, 0.6731070280075073, 0.7395450472831726, 185.03268339066773],
      [0.0, 0.0, 0.0, 1.0]], [[0.9412350058555603, -0.2850230932235718, -0.18121396005153656,
        -45.3393689886585], [-0.3377523720264435, -0.7942909598350525, -0.5049999356269836,
        -126.34998659018424], [1.5216429005704413e-08, 0.5365290641784668, -0.8438816666603088,
        -211.13753416586437], [0.0, 0.0, 0.0, 1.0]], [[0.5727991461753845, -0.4124605655670166,
        0.7083624601364136, 177.2308605862965], [0.819695770740509, 0.28822529315948486,
        -0.4950000047683716, -123.84800665770535], [3.4177180197048074e-08, 0.8641772866249084,
        0.5031874179840088, 125.89650165125605], [0.0, 0.0, 0.0, 1.0]], [[0.4878615736961365,
        0.09440848231315613, -0.8678008317947388, -217.12199632032323], [-0.8729211091995239,
        0.05276315659284592, -0.4850001335144043, -121.34602672522645], [-5.340089614946919e-08,
        0.9941345453262329, 0.10815217345952988, 27.059496247143436], [0.0, 0.0, 0.0,
        1.0]], [[0.6399326324462891, 0.5149300694465637, 0.570379912853241, 142.70791619425614],
      [0.7684310078620911, -0.42882245779037476, -0.47499993443489075, -118.84404679274755],
      [-6.002551344863605e-09, 0.7422655820846558, -0.6701056957244873, -167.65911553711422],
      [0.0, 0.0, 0.0, 1.0]], [[0.9976015686988831, -0.06123839318752289, 0.03226357698440552,
        8.072281643903496], [0.06921762228012085, 0.8826006650924683, -0.4649999737739563,
        -116.34206686026866], [-8.831513298446225e-10, 0.4661179184913635, 0.8847225904464722,
        221.35581666857837], [0.0, 0.0, 0.0, 1.0]], [[0.5885264873504639, -0.5127878189086914,
        -0.6250482201576233, -156.3857861177084], [-0.8084779381752014, -0.3732808232307434,
        -0.4549998641014099, -113.84008692778976], [-1.0520865600938123e-07, 0.773117184638977,
        -0.6342633366584778, -158.69138708162654], [0.0, 0.0, 0.0, 1.0]], [[0.4454662501811981,
        -0.04094158113002777, 0.8943620324134827, 223.767639203572], [0.8952986001968384,
        0.020371146500110626, -0.445000022649765, -111.33810699531085], [-2.0665176236889238e-09,
        0.998953640460968, 0.04572971165180206, 11.441389829551417], [0.0, 0.0, 0.0,
        1.0]], [[0.531018078327179, 0.48599061369895935, -0.6941418647766113, -173.6729189416103],
      [-0.8473604917526245, 0.30455726385116577, -0.43500009179115295, -108.83612706283196],
      [-3.7152361187509086e-09, 0.8191813230514526, 0.5735346674919128, 143.49721425008556],
      [0.0, 0.0, 0.0, 1.0]], [[0.9593167901039124, 0.25311338901519775, 0.12507973611354828,
        31.294694626891395], [0.2823319435119629, -0.860037088394165, -0.42499998211860657,
        -106.33414713035306], [2.1543627326536807e-08, 0.4430236220359802, -0.8965100049972534,
        -224.3049867201821], [0.0, 0.0, 0.0, 1.0]], [[0.6267345547676086, -0.5839263200759888,
        0.5159785151481628, 129.096794635439], [0.7792328000068665, 0.4696500897407532,
        -0.41499999165534973, -103.8321671978742], [8.153517683240352e-08, 0.662162184715271,
        0.7493605017662048, 187.488491633804], [0.0, 0.0, 0.0, 1.0]], [[0.4137903153896332,
        -0.18664872646331787, -0.8910329341888428, -222.9346820810532], [-0.9103721380233765,
        -0.08483703434467316, -0.4050000309944153, -101.3301872653953], [7.136793556128396e-08,
        0.9787567257881165, -0.20502451062202454, -51.296749404330164], [0.0, 0.0,
        0.0, 1.0]], [[0.44303208589553833, 0.4059886634349823, 0.799309492111206,
        199.98563687462467], [0.8965057134628296, -0.2006300687789917, -0.39499983191490173,
        -98.82820733291639], [1.3988551472721156e-07, 0.8915831446647644, -0.4528566896915436,
        -113.30386712060564], [0.0, 0.0, 0.0, 1.0]], [[0.8039491772651672, 0.5220717191696167,
        -0.28479254245758057, -71.25452372153525], [-0.5946979522705078, 0.7057685852050781,
        -0.3850000202655792, -96.3262274004375], [1.1808269917423786e-09, 0.4788860082626343,
        0.8778770565986633, 219.64308909976518], [0.0, 0.0, 0.0, 1.0]], [[0.6980167031288147,
        -0.6039657592773438, -0.38470515608787537, -96.25246273472204], [-0.716081440448761,
        -0.588729202747345, -0.3750001788139343, -93.8242474679586], [9.899189734596803e-08,
        0.5372366309165955, -0.8434314727783203, -211.0249033404428], [0.0, 0.0, 0.0,
        1.0]], [[0.39181965589523315, -0.3345375061035156, 0.8570659756660461, 214.4361696745724],
      [0.9200420379638672, 0.14247000217437744, -0.364999920129776, -91.3222675354797],
      [-4.848204326890482e-08, 0.9315508604049683, 0.363611102104187, 90.97476800051359],
      [0.0, 0.0, 0.0, 1.0]], [[0.3736664354801178, 0.2895040512084961, -0.8812268376350403,
        -220.48119537243937], [-0.9275631308555603, 0.11662597209215164, -0.35499995946884155,
        -88.8202876030008], [-3.7792034390804474e-08, 0.950045108795166, 0.3121125400066376,
        78.08991498606875], [0.0, 0.0, 0.0, 1.0]], [[0.616411030292511, 0.6525396704673767,
        0.4407147169113159, 110.26593803711853], [0.7874245643615723, -0.5108205676078796,
        -0.34499993920326233, -86.3183076705219], [-2.1608347111623516e-08, 0.5596913695335388,
        -0.8287011981010437, -207.33935587572964], [0.0, 0.0, 0.0, 1.0]], [[0.817836344242096,
        -0.5249592661857605, 0.23571476340293884, 58.9753494095928], [0.5754508376121521,
        0.7460772395133972, -0.3349999785423279, -83.816327738043], [-5.20834433359596e-08,
        0.40961742401123047, 0.9122573733329773, 228.24497188721688], [0.0, 0.0, 0.0,
        1.0]], [[0.3792393207550049, -0.47685474157333374, -0.792961061000824, -198.39723769367646],
      [-0.9252986907958984, -0.1954420804977417, -0.32499995827674866, -81.31434780556411],
      [-1.206687443300325e-07, 0.8569785356521606, -0.5153524279594421, -128.9400974939356],
      [0.0, 0.0, 0.0, 1.0]], [[0.31891393661499023, 0.14803297817707062, 0.9361518025398254,
        234.2232936421338], [0.9477837085723877, -0.04981093481183052, -0.3149999976158142,
        -78.81236787308521], [1.7905801996676018e-07, 0.9877272844314575, -0.15618866682052612,
        -39.07806559873796], [0.0, 0.0, 0.0, 1.0]], [[0.46119433641433716, 0.6655614376068115,
        -0.586794376373291, -146.8147800962463], [-0.887299120426178, 0.34594106674194336,
        -0.3049999475479126, -76.31038794060632], [2.8261542439622644e-08, 0.6613264083862305,
        0.7500982284545898, 187.6730690933465], [0.0, 0.0, 0.0, 1.0]], [[0.9697588086128235,
        -0.2324986457824707, -0.07424450665712357, -18.575827037663757], [-0.2440652847290039,
        -0.9238003492355347, -0.2950000762939453, -73.80840800812742], [1.3699261280919472e-08,
        0.3041994273662567, -0.9526083469390869, -238.34070861362227], [0.0, 0.0,
        0.0, 1.0]], [[0.37688446044921875, -0.6060900688171387, 0.7004377245903015,
        175.24809688698141], [0.9262603521347046, 0.24661092460155487, -0.2849999666213989,
        -71.30642807564854], [-1.4045550500441095e-08, 0.7561997175216675, 0.654340922832489,
        163.71479370495064], [0.0, 0.0, 0.0, 1.0]], [[0.2750120460987091, -0.009018585085868835,
        -0.9613984823226929, -240.5399669158462], [-0.9614408016204834, -0.0025795665569603443,
        -0.2749999165534973, -68.80444814316965], [1.1114439502080131e-07, 0.9999560117721558,
        -0.009380240924656391, -2.3469250325663134], [0.0, 0.0, 0.0, 1.0]], [[0.34653595089912415,
        0.6044450402259827, 0.7173276543617249, 179.47394905034056], [0.9380366802215576,
        -0.22329814732074738, -0.2650001049041748, -66.30246821069075], [-2.5937600511838355e-08,
        0.7647117376327515, -0.6443724036216736, -161.22071872658648], [0.0, 0.0,
        0.0, 1.0]], [[0.9383646845817566, 0.3326394259929657, -0.09392926841974258,
        -23.500916731603482], [-0.34564679861068726, 0.9030522108078003, -0.2549999952316284,
        -63.80048827821185], [-1.5523060170608005e-08, 0.271749347448349, 0.9623680710792542,
        240.78255840801054], [0.0, 0.0, 0.0, 1.0]], [[0.38778218626976013, -0.7144794464111328,
        -0.582360565662384, -145.70547821865048], [-0.9217509031295776, -0.30058231949806213,
        -0.24500003457069397, -61.29850834573295], [8.825149677704758e-08, 0.6317980885505676,
        -0.7751325368881226, -193.93669667428466], [0.0, 0.0, 0.0, 1.0]], [[0.23884150385856628,
        -0.1734643280506134, 0.9554396271705627, 239.04906790111784], [0.9710586071014404,
        0.04266517981886864, -0.2349998950958252, -58.79652841325405], [7.515592415074934e-08,
        0.9839155673980713, 0.17863422632217407, 44.69392808231537], [0.0, 0.0, 0.0,
        1.0]], [[0.2624708116054535, 0.4968666732311249, -0.8271836042404175, -206.95965654025],
      [-0.9649400115013123, 0.1351514756679535, -0.2250000536441803, -56.294548480775155],
      [1.1291031398741325e-07, 0.8572384119033813, 0.5149197578430176, 128.8319067675334],
      [0.0, 0.0, 0.0, 1.0]], [[0.6333171725273132, 0.7279328107833862, 0.26272276043891907,
        65.73270301754863], [0.7738924026489258, -0.5957061052322388, -0.21500006318092346,
        -53.79256854829626], [-5.6836668704818294e-08, 0.3394823670387268, -0.9406125545501709,
        -235.3393446669184], [0.0, 0.0, 0.0, 1.0]], [[0.42026254534721375, -0.7921267747879028,
        0.4426223039627075, 110.74322325013073], [0.907402515411377, 0.36687272787094116,
        -0.20500004291534424, -51.290588615817356], [-4.9215636011012975e-09, 0.48779046535491943,
        0.8729607462882996, 218.41302582237557], [0.0, 0.0, 0.0, 1.0]], [[0.2077903300523758,
        -0.33788642287254333, -0.917962908744812, -229.67248475982382], [-0.9781733751296997,
        -0.07177618145942688, -0.19499997794628143, -48.78860868333846], [-4.182161461585565e-08,
        0.9384459853172302, -0.34542590379714966, -86.42486466442159], [0.0, 0.0,
        0.0, 1.0]], [[0.19880102574825287, 0.3587823808193207, 0.9120050668716431,
        228.18185156799646], [0.9800397753715515, -0.07277889549732208, -0.18500007688999176,
        -46.28662875085956], [3.343474475059338e-08, 0.9305794835090637, -0.36608949303627014,
        -91.59490400208922], [0.0, 0.0, 0.0, 1.0]], [[0.37999606132507324, 0.8210596442222595,
        -0.4259858727455139, -106.58081767001748], [-0.9249880909919739, 0.3373010456562042,
        -0.17500001192092896, -43.78464881838066], [9.326237560003392e-09, 0.46053117513656616,
        0.8876435160636902, 222.08662647244785], [0.0, 0.0, 0.0, 1.0]], [[0.4997408092021942,
        -0.8176007866859436, -0.2859860062599182, -71.5531368453067], [-0.8661749362945557,
        -0.4717157483100891, -0.16499988734722137, -41.282668885901764], [-9.746364071361313e-08,
        0.3301711082458496, -0.943920910358429, -236.16715623160817], [0.0, 0.0, 0.0,
        1.0]], [[0.17941920459270477, -0.4954904615879059, 0.8498809933662415, 212.63856104236646],
      [0.9837725758552551, 0.09036700427532196, -0.15500009059906006, -38.780688953422896],
      [1.498295532087468e-08, 0.8638997077941895, 0.5036637187004089, 126.01561945806827],
      [0.0, 0.0, 0.0, 1.0]], [[0.14808358252048492, 0.20077361166477203, -0.9683807492256165,
        -242.28690549065882], [-0.9889748692512512, 0.030062757432460785, -0.14499995112419128,
        -36.278709020944], [7.218614683779379e-08, 0.9791763424873352, 0.20301182568073273,
        50.79317399813932], [0.0, 0.0, 0.0, 1.0]], [[0.22753766179084778, 0.7838599681854248,
        0.5777455568313599, 144.5508026049914], [0.9737691879272461, -0.1831619143486023,
        -0.13500000536441803, -33.776729088465096], [-4.2699518587596685e-08, 0.5933085083961487,
        -0.8049749135971069, -201.40316249654143], [0.0, 0.0, 0.0, 1.0]], [[0.7274736166000366,
        -0.6759307980537415, 0.11789706349372864, 29.497599675095902], [0.6861356496810913,
        0.7166539430618286, -0.1249999925494194, -31.2747491559862], [-4.781662710229284e-08,
        0.17182756960391998, 0.9851270318031311, 246.47680926186328], [0.0, 0.0, 0.0,
        1.0]], [[0.1509145349264145, -0.6401350498199463, -0.7532938718795776, -188.47264224561044],
      [-0.9885466694831848, -0.09772469848394394, -0.11500002443790436, -28.7727692235073],
      [2.0834896474752895e-08, 0.7620214223861694, -0.647551417350769, -162.0161309914539],
      [0.0, 0.0, 0.0, 1.0]], [[0.10505186021327972, 0.031219569966197014, 0.9939765930175781,
        248.69094842710248], [0.9944667816162109, -0.0032979173120111227, -0.1050000861287117,
        -26.270789291028404], [-1.4256404057277905e-08, 0.9995071291923523, -0.03139328584074974,
        -7.854528994513884], [0.0, 0.0, 0.0, 1.0]], [[0.13217459619045258, 0.6891718506813049,
        -0.7124407887458801, -178.25127301789115], [-0.9912263751029968, 0.0918973982334137,
        -0.09499992430210114, -23.768809358549504], [1.0775023895348568e-07, 0.7187467217445374,
        0.6952719688415527, 173.95563570764003], [0.0, 0.0, 0.0, 1.0]], [[0.8362663388252258,
        0.5454837083816528, 0.0557328425347805, 13.94424453615727], [0.5483235120773315,
        -0.8319356441497803, -0.08500015735626221, -21.266829426070608], [-7.424209513828828e-08,
        0.10164239257574081, -0.994821310043335, -248.90222143594715], [0.0, 0.0,
        0.0, 1.0]], [[0.11795349419116974, -0.7664303183555603, 0.6314045190811157,
        157.97612983576633], [0.993019163608551, 0.09103868156671524, -0.07499992847442627,
        -18.764849493591708], [-6.341494440675888e-08, 0.6358432769775391, 0.771818220615387,
        193.10737596183878], [0.0, 0.0, 0.0, 1.0]], [[0.0656721368432045, -0.14239944517612457,
        -0.9876282811164856, -247.10260666198636], [-0.9978412985801697, -0.009372025728225708,
        -0.0650000125169754, -16.26286956111281], [-7.028004489484374e-08, 0.989764928817749,
        -0.14270757138729095, -35.70513520154908], [0.0, 0.0, 0.0, 1.0]], [[0.06650777906179428,
        0.5609988570213318, 0.825140655040741, 206.44852649450914], [0.9977859258651733,
        -0.03739362582564354, -0.05500010773539543, -13.760889628633914], [-4.0116361788022914e-08,
        0.8269716501235962, -0.5622437596321106, -140.67224193189472], [0.0, 0.0,
        0.0, 1.0]], [[0.1930159032344818, 0.9541565775871277, -0.22875748574733734,
        -57.234666853286946], [-0.9811955690383911, 0.1876969337463379, -0.04499999061226845,
        -11.258909696155015], [2.543416499634077e-08, 0.23314155638217926, 0.9724428057670593,
        243.303238136935], [0.0, 0.0, 0.0, 1.0]], [[0.07148006558418274, -0.8696914911270142,
        -0.48839271068573, -122.19486153615479], [-0.9974421262741089, -0.06232519820332527,
        -0.03499990329146385, -8.756929763676146], [-7.868433016255949e-09, 0.48964521288871765,
        -0.871921956539154, -218.15308345413092], [0.0, 0.0, 0.0, 1.0]], [[0.026323789730668068,
        -0.31300896406173706, 0.9493852257728577, 237.5342940537203], [0.9996533989906311,
        0.008242523297667503, -0.02500000037252903, -6.254949831197246], [-3.501664025407081e-08,
        0.9497143030166626, 0.31311753392219543, 78.34137206024002], [0.0, 0.0, 0.0,
        1.0]], [[0.016450120136141777, 0.4104440212249756, -0.9117372632026672, -228.1148701841213],
      [-0.9998645782470703, 0.006752915680408478, -0.015000063925981522, -3.7529698987183484],
      [7.176791427809803e-08, 0.9118606448173523, 0.4104996919631958, 102.70616847634717],
      [0.0, 0.0, 0.0, 1.0]], [[0.012656095437705517, 0.9185777306556702, 0.39503785967826843,
        98.83767044249329], [0.9999199509620667, -0.011626603081822395, -0.00500014703720808,
        -1.2509899662394501], [-9.660293898150485e-08, 0.3950694799423218, -0.9186513423919678,
        -229.8446992011703], [0.0, 0.0, 0.0, 1.0]], [[-0.015184342861175537, -0.9441202878952026,
        0.3292514383792877, 82.37804133179347], [0.9998847842216492, -0.01433752104640007,
        0.004999960772693157, 1.250989966239448], [5.5666625087269495e-08, 0.32928940653800964,
        0.9442290663719177, 236.24421507353932], [0.0, 0.0, 0.0, 1.0]], [[-0.017033003270626068,
        -0.4737228453159332, -0.8805092573165894, -220.30164425228764], [-0.9998549222946167,
        0.008070206269621849, 0.014999850653111935, 3.7529698987183466], [1.0908321002034427e-07,
        0.880636990070343, -0.47379156947135925, -118.54170819567608], [0.0, 0.0,
        0.0, 1.0]], [[-0.025788120925426483, 0.24528567492961884, 0.9691077470779419,
        242.46883037331892], [0.9996674060821533, 0.00632772222161293, 0.02499981038272381,
        6.254949831197244], [-9.867837036381388e-08, 0.969430148601532, -0.24536722898483276,
        -61.3903716007235], [0.0, 0.0, 0.0, 1.0]], [[-0.06365995854139328, 0.8336039185523987,
        -0.5486820936203003, -137.27914118048915], [-0.9979717135429382, -0.05317505821585655,
        0.035000029951334, 8.756929763676142], [3.329844844301988e-09, 0.5497972965240479,
        0.8352981209754944, 208.98992655899082], [0.0, 0.0, 0.0, 1.0]], [[-0.2713887691497803,
        -0.9491465091705322, -0.15959079563617706, -39.92929975098931], [-0.9624698758125305,
        0.2676318287849426, 0.044999971985816956, 11.25890969615504], [2.4136147303011057e-08,
        0.16581381857395172, -0.986157238483429, -246.73452089061328], [0.0, 0.0,
        0.0, 1.0]], [[-0.0700320228934288, -0.6175290942192078, 0.7834240198135376,
        196.011118792913], [0.9975446462631226, -0.043353158980607986, 0.054999928921461105,
        13.760889628633938], [-8.237442727931921e-08, 0.7853522300720215, 0.619049072265625,
        154.88484448599263], [0.0, 0.0, 0.0, 1.0]], [[-0.06517231464385986, 0.07252946496009827,
        -0.9952345490455627, -249.00571577145195], [-0.9978739023208618, -0.004736918490380049,
        0.065000019967556, 16.26286956111284], [-1.7069048396933795e-08, 0.9973549246788025,
        0.07268407940864563, 18.18539007159665], [0.0, 0.0, 0.0, 1.0]], [[-0.10895250737667084,
        0.7210378050804138, 0.6842762231826782, 171.2045320702722], [0.9940469861030579,
        0.07902925461530685, 0.07500006258487701, 18.764849493591736], [1.1021718648862588e-08,
        0.6883741021156311, -0.7253559231758118, -181.48257339853046], [0.0, 0.0,
        0.0, 1.0]], [[-0.9856030344963074, 0.16844618320465088, -0.014581335708498955,
        -3.6482381789848226], [-0.1690761148929596, -0.9819309711456299, 0.08499979972839355,
        21.266829426070636], [2.757174755174674e-08, 0.08624140918254852, 0.9962742924690247,
        249.2658182535721], [0.0, 0.0, 0.0, 1.0]], [[-0.14212903380393982, -0.7362450957298279,
        -0.6616210341453552, -165.53627237664156], [-0.9898480772972107, 0.10571501404047012,
        0.09500011056661606, 23.768809358549532], [-1.118977905889551e-07, 0.66840660572052,
        -0.7437959313392639, -186.09627093145704], [0.0, 0.0, 0.0, 1.0]], [[-0.10554435849189758,
        -0.10086432844400406, 0.989285945892334, 247.51736999139524], [0.9944145679473877,
        -0.010705443099141121, 0.10500004887580872, 26.270789291028432], [1.5685317933389342e-08,
        0.994842529296875, 0.10143090039491653, 25.377805418123444], [0.0, 0.0, 0.0,
        1.0]], [[-0.14279526472091675, 0.5867258310317993, -0.7970962524414062, -199.43187525814736],
      [-0.9897523522377014, -0.0846492126584053, 0.11499994993209839, 28.77276922350733],
      [-6.919224659895917e-08, 0.8053492307662964, 0.5928006768226624, 148.31753337856097],
      [0.0, 0.0, 0.0, 1.0]], [[-0.5555309057235718, 0.810173511505127, 0.18709491193294525,
        46.81077402338249], [0.831496000289917, 0.5412850379943848, 0.12499990314245224,
        31.27474915598623], [-7.638738708237724e-08, 0.2250099629163742, -0.9743565320968628,
        -243.78202830773432], [0.0, 0.0, 0.0, 1.0]], [[-0.2515012323856354, -0.8166046142578125,
        0.5195229053497314, 129.98358445072896], [0.9678569436073303, -0.21219775080680847,
        0.13499993085861206, 33.776729088465125], [2.65988404635209e-08, 0.5367764830589294,
        0.8437244892120361, 211.09816714196185], [0.0, 0.0, 0.0, 1.0]], [[-0.15062882006168365,
        -0.2677266597747803, -0.9516476392745972, -238.1003564957421], [-0.9885903000831604,
        0.04079291224479675, 0.14500005543231964, 36.27870902094402], [8.203180357213569e-09,
        0.9626308679580688, -0.27081647515296936, -67.75774002758064], [0.0, 0.0,
        0.0, 1.0]], [[-0.1728387326002121, 0.4357988238334656, 0.8832928538322449,
        220.99809169582383], [0.9849501848220825, 0.07647387683391571, 0.15499985218048096,
        38.780688953422924], [-1.2003332017229695e-07, 0.8967893719673157, -0.44245782494544983,
        -110.70202101304703], [0.0, 0.0, 0.0, 1.0]], [[-0.42457354068756104, 0.8342258334159851,
        -0.3518584966659546, -88.03429609450254], [-0.9053933620452881, -0.39120033383369446,
        0.16499999165534973, 41.282668885901764], [7.234149990154037e-08, 0.38862499594688416,
        0.921396017074585, 230.53142906353023], [0.0, 0.0, 0.0, 1.0]], [[-0.434934139251709,
        -0.8243566751480103, -0.36230969429016113, -90.64915977044421], [-0.9004622101783752,
        0.3981742858886719, 0.17499999701976776, 43.78464881838066], [-2.7708068728315993e-08,
        0.40235966444015503, -0.9154816269874573, -229.05167579835464], [0.0, 0.0,
        0.0, 1.0]], [[-0.20485854148864746, -0.4204018712043762, 0.8839090466499329,
        221.1522555664132], [0.9787915945053101, -0.08798900991678238, 0.18499988317489624,
        46.28662875085956], [2.674468646546302e-09, 0.90306156873703, 0.4295111298561096,
        107.46284791517007], [0.0, 0.0, 0.0, 1.0]], [[-0.20311309397220612, 0.27397897839546204,
        -0.9400426149368286, -235.1968211649631], [-0.9791550636291504, -0.056833215057849884,
        0.19499991834163666, 48.78860868333846], [6.361318583003595e-08, 0.9600547552108765,
        0.2798117399215698, 70.00830523524655], [0.0, 0.0, 0.0, 1.0]], [[-0.3773500621318817,
        0.7774947285652161, 0.5030990242958069, 125.87436660371712], [0.926070511341095,
        0.31680941581726074, 0.20500002801418304, 51.290588615817356], [-1.0657281279691233e-08,
        0.5432620644569397, -0.8395629525184631, -210.05702839187984], [0.0, 0.0,
        0.0, 1.0]], [[-0.7394910454750061, -0.6440869569778442, 0.19571664929389954,
        48.967945368933414], [0.6731663942337036, -0.7075464725494385, 0.2149999886751175,
        53.79256854829626], [-7.179244221333647e-08, 0.290740430355072, 0.9568019509315491,
        239.38992401643185], [0.0, 0.0, 0.0, 1.0]], [[-0.27430248260498047, -0.5500478744506836,
        -0.7888002395629883, -197.356201533888], [-0.961643636226654, 0.15689726173877716,
        0.22500000894069672, 56.294548480775155], [-8.492813208249572e-08, 0.820262610912323,
        -0.5719873905181885, -143.11006027785766], [0.0, 0.0, 0.0, 1.0]], [[-0.23645566403865814,
        0.107650026679039, 0.9656604528427124, 241.60631526244143], [0.971642255783081,
        0.026197470724582672, 0.23499998450279236, 58.79652841325405], [-8.380834515264723e-08,
        0.9938436150550842, -0.11079182475805283, -27.71989352660276], [0.0, 0.0,
        0.0, 1.0]], [[-0.35967350006103516, 0.6831270456314087, -0.6355884671211243,
        -159.0229487751653], [-0.9330783486366272, -0.2633248567581177, 0.24500009417533875,
        61.29850834573295], [1.1830390889144837e-08, 0.6811738014221191, 0.7321218252182007,
        183.17540900107272], [0.0, 0.0, 0.0, 1.0]], [[-0.9949166178703308, -0.097334124147892,
        -0.025809140875935555, -6.4573944007500925], [-0.10069778561592102, 0.9616833925247192,
        0.25499996542930603, 63.80048827821185], [1.9276479079621822e-08, 0.25630271434783936,
        -0.9665961265563965, -241.84051682521257], [0.0, 0.0, 0.0, 1.0]], [[-0.36775752902030945,
        -0.6447781920433044, 0.6700862646102905, 167.65423303256017], [0.9299218058586121,
        -0.2549913227558136, 0.26500001549720764, 66.30246821069075], [-5.648573164762638e-08,
        0.7205834984779358, 0.693368136882782, 173.47932637840557], [0.0, 0.0, 0.0,
        1.0]], [[-0.2754713296890259, -0.05619893968105316, -0.9596652388572693, -240.10631148296778],
      [-0.9613093733787537, 0.016104185953736305, 0.2750001549720764, 68.80444814316965],
      [-4.7459565166718676e-08, 0.9982897639274597, -0.05846085771918297, -14.626787994257155],
      [0.0, 0.0, 0.0, 1.0]], [[-0.3573611378669739, 0.5634634494781494, 0.7448505163192749,
        186.3600984924587], [0.9339664578437805, 0.2155962884426117, 0.28500017523765564,
        71.30642807564854], [8.581924504369454e-08, 0.7975132465362549, -0.6033017039299011,
        -150.9448337315473], [0.0, 0.0, 0.0, 1.0]], [[-0.9019314646720886, 0.4081250727176666,
        -0.14125727117061615, -35.34228208233829], [-0.4318792521953583, -0.8523235321044922,
        0.29499998688697815, 73.80840800812744], [-7.3903505537487035e-09, 0.3270758390426636,
        0.9449980854988098, 236.43662539841247], [0.0, 0.0, 0.0, 1.0]], [[-0.4970723092556,
        -0.6851627230644226, -0.5324201583862305, -133.2104530572593], [-0.8677091598510742,
        0.39249947667121887, 0.304999977350235, 76.31038794060635], [2.7002913682849794e-08,
        0.6135928630828857, -0.7896226048469543, -197.56197942393896], [0.0, 0.0,
