{cam2Pos: [[[-0.2297416478395462, -0.5107354521751404, 0.8284733891487122, 1.656946650556308],
      [0.9732517004013062, -0.12056203186511993, 0.19556589424610138, 0.39113202771407085],
      [-2.1861257692989966e-08, 0.85124272108078, 0.5247722268104553, 1.049544441225102],
      [0.0, 0.0, 0.0, 1.0]], [[0.994737982749939, 0.05494837835431099, -0.08646975457668304,
        -0.17293950367529934], [-0.10245165973901749, 0.5335124731063843, -0.8395642042160034,
        -1.6791284968086637], [1.300362262313115e-09, 0.8440054059028625, 0.5363346934318542,
        1.0726692963227848], [0.0, 0.0, 0.0, 1.0]], [[0.6115164160728455, 0.288234144449234,
        -0.7368640303611755, -1.473728528726195], [-0.791231632232666, 0.22276657819747925,
        -0.5694974064826965, -1.138994769186617], [-2.0943694778452482e-08, 0.9312872290611267,
        0.3642854690551758, 0.7285706138625475], [0.0, 0.0, 0.0, 1.0]]]}
