{"id_image":1,"data":{"GT_R":[0.5848645966432628,0.7893014503248739,0.1869175694628645,0.5736406113918766,-0.2395687173806348,-0.7832898705777952,-0.5734714445482674,0.5653412746312647,-0.5928909389947179],"GT_T":[68.94563664137553,82.43349448540917,892.2306731846195],"R_pred":[0.6162568190547173,0.7742148746350117,0.14428742447786164,0.59925822636577,-0.3421081295604303,-0.7237759361996055,-0.5109961948014026,0.5324972822302072,-0.6747811002954439],"T_pred":[34.982425641456786,64.56951840183788,678.6600725091838],"rotation_error":6.954505506958863,"translation_error":216.99083578761068,"ADD":0,"ADD_S":0}}
{"id_image":2,"data":{"GT_R":[0.5880926765784872,0.7873037081688928,0.18520298641044233,0.5720400227955292,-0.24301200355272243,-0.7834002223013534,-0.5717662143611308,0.5666551288266857,-0.5932827913883916],"GT_T":[68.88852094208845,80.22764273758199,891.6084516555858],"R_pred":[0.653733818270965,0.720221596791361,0.2321916156198741,0.5117256657813167,-0.19471207725924988,-0.8367939112768785,-0.5574665351655947,0.6658588878168485,-0.4958457458583026],"T_pred":[40.83038430667343,79.0785723506046,783.0162898896685],"rotation_error":8.046233522813898,"translation_error":112.16433029800956,"ADD":0,"ADD_S":0}}
{"id_image":3,"data":{"GT_R":[0.5911636510012167,0.7846077086654716,0.18686116714611917,0.5708830247720696,-0.24338637636651064,-0.7841273999422743,-0.5697521878915935,0.5702236858984894,-0.5918002767408137],"GT_T":[65.4117226914263,79.32962309376731,890.3123660566341],"R_pred":[0.608745659639919,0.7692230602245622,0.19422823041030798,0.5828921420196251,-0.2675616941919882,-0.7672336610009276,-0.5382057902339339,0.5802642703285052,-0.6112510972904622],"T_pred":[37.26886582326831,72.9837985898396,751.3456774657624],"rotation_error":2.2512744631325985,"translation_error":141.9296671568302,"ADD":0,"ADD_S":0}}
{"id_image":4,"data":{"GT_R":[0.5886916496344998,0.7864398610262432,0.1869620629205293,0.5726316351364158,-0.24246956220488666,-0.7831358267461629,-0.5705565465627773,0.5680856280227947,-0.5930807371397208],"GT_T":[66.35203466780987,78.94428473931654,889.6244107903366],"R_pred":[0.615653329346955,0.7601466774258256,0.20772098320219842,0.5566635246569009,-0.23294591825404654,-0.7974095055147857,-0.5577604309921653,0.6065585115776194,-0.5665598588429797],"T_pred":[37.007970584936224,74.76527537879151,744.9610075670739],"rotation_error":2.790919497216667,"translation_error":147.66867795260927,"ADD":0,"ADD_S":0}}
{"id_image":5,"data":{"GT_R":[0.5904989859043301,0.7848903303981674,0.18777424855900743,0.5704318904951893,-0.2413337070955988,-0.7850896368085197,-0.5708923769222679,0.5707064156673234,-0.5902339655827566],"GT_T":[66.64913031714285,79.61726814436824,889.0522442164877],"R_pred":[0.5597413547191169,0.8181564002447967,0.13156641119861762,0.5224695162745443,-0.22520160109823706,-0.8223805952395974,-0.6432069809797245,0.5290598676910455,-0.5535164279564626],"T_pred":[36.73277273825159,72.35303986900654,699.0642578121622],"rotation_error":5.357483749670171,"translation_error":192.46608127458413,"ADD":0,"ADD_S":0}}
{"id_image":6,"data":{"GT_R":[0.5893222914033588,0.7856771390719318,0.1881819611736345,0.5717389024622341,-0.24101418485128567,-0.784236446180488,-0.570801541759845,0.5697582742646209,-0.5912366432163481],"GT_T":[67.17060160576419,79.50764734734949,888.7661876457996],"R_pred":[0.5895271968549078,0.7891899402144003,0.17215377554031625,0.6086710000988471,-0.2939152092780154,-0.7369758906461793,-0.5310153461125802,0.5392523416912082,-0.6536280396169407],"T_pred":[35.12874965884668,66.32461581485765,694.9805936018096],"rotation_error":4.6330384000944935,"translation_error":196.8586524782616,"ADD":0,"ADD_S":0}}
{"id_image":7,"data":{"GT_R":[0.5891673424921532,0.7858243272620283,0.1880517168265607,0.5711858360034164,-0.24043262955375588,-0.7848176330718232,-0.5715146433527278,0.5698005902847822,-0.5905065676171107],"GT_T":[67.00550256154668,79.21318373671238,888.4362499439083],"R_pred":[0.7106063068194199,0.6892763109452611,0.1411978890711758,0.5580425967564293,-0.42991751998938754,-0.7097600906021103,-0.4285173706091804,0.5831544333843878,-0.6901476435592083],"T_pred":[33.08788213817677,65.01947065438621,679.8151910724212],"rotation_error":12.743396738436651,"translation_error":211.8362874271254,"ADD":0,"ADD_S":0}}
{"id_image":8,"data":{"GT_R":[0.5900105268988677,0.7845363597822682,0.1907649955905361,0.5705607746934875,-0.23796303296895902,-0.7860247014874485,-0.5712691901424954,0.5726060081231781,-0.5880265931519802],"GT_T":[66.70838364599715,79.91984002220886,887.3649965684159],"R_pred":[0.5934747871200907,0.7937900504032929,0.13298508537990755,0.4939807864268965,-0.2287924435229003,-0.838830734074453,-0.6354295080446206,0.5635169683936398,-0.5278995800705029],"T_pred":[36.76809081655821,74.8949634667523,693.312756504176],"rotation_error":5.7297293929196895,"translation_error":196.41268389047463,"ADD":0,"ADD_S":0}}
{"id_image":9,"data":{"GT_R":[0.5886339654406854,0.7862802325659246,0.18781551943189076,0.5703205045288248,-0.23925869881721612,-0.7858056626232933,-0.5729260918906289,0.5696666074372959,-0.5892670313107412],"GT_T":[66.92508664014939,81.21268637790446,887.4503399435742],"R_pred":[0.5863256972921986,0.793175162507208,0.16460661674574767,0.5998692172929702,-0.28856317429113876,-0.7462494332241341,-0.5444071076309864,0.536287661637564,-0.6449933682885254],"T_pred":[37.288430461938084,70.93384944774185,716.5185649050052],"rotation_error":4.150649025531653,"translation_error":173.7862411006647,"ADD":0,"ADD_S":0}}
{"id_image":10,"data":{"GT_R":[0.5892958422909601,0.7860189314693776,0.18682932822083578,0.5697699474108168,-0.24037736379111327,-0.7858630539748657,-0.5727923383845571,0.5695557793910426,-0.5895039877369027],"GT_T":[68.76306047687687,81.33886542428297,887.5789822602244],"R_pred":[0.5314703110467943,0.8262567019807288,0.1866525405874592,0.6485792674659601,-0.25519113885975303,-0.7170930319427048,-0.5448708491827606,0.5021726247809527,-0.6715194804556797],"T_pred":[39.22283789717538,70.21519044053026,716.7792556810234],"rotation_error":6.803759925025489,"translation_error":173.69199030102766,"ADD":0,"ADD_S":0}}
{"id_image":11,"data":{"GT_R":[0.5873990552087355,0.7872482111267158,0.18762483892781162,0.5703014293959741,-0.23816236148260192,-0.7861519021482958,-0.5742108510090658,0.5687871210891763,-0.5888660684241698],"GT_T":[69.86955194782202,81.22255340771605,887.3090751716434],"R_pred":[0.5557052620096081,0.814828849048568,0.16506243828629852,0.5206400798058266,-0.18628637376788082,-0.8332054334005483,-0.6481709412451431,0.5489547647180038,-0.5277528751402365],"T_pred":[39.732176717847864,75.65240775566701,721.6117950076215],"rotation_error":5.622418874125298,"translation_error":168.5077937725483,"ADD":0,"ADD_S":0}}
{"id_image":12,"data":{"GT_R":[0.5860651276321704,0.787893863602959,0.18907924875122628,0.570307475589721,-0.23535301151425198,-0.7869935329511991,-0.575566226993278,0.5690625621332539,-0.5872746580082614],"GT_T":[69.1676411800301,81.99775138550285,887.1152178110003],"R_pred":[0.6040248857846009,0.7829906680171961,0.14859189463387754,0.624021258044426,-0.34868134310491394,-0.6992987848403609,-0.4957332012903233,0.5151183696671462,-0.6992150301373029],"T_pred":[32.328059031199,62.65705762655272,657.4702254408894],"rotation_error":8.812295423940085,"translation_error":233.3838892654038,"ADD":0,"ADD_S":0}}
{"id_image":13,"data":{"GT_R":[0.5850667018184669,0.7876125233167126,0.1932971213366778,0.5725274697741108,-0.23232365693925955,-0.7862810006035946,-0.5743760425300559,0.5706948702544886,-0.5868553235213948],"GT_T":[67.7759352590699,83.43483383818504,887.0360132585784],"R_pred":[0.6588890468947619,0.7374494625356156,0.14843690271642082,0.5938069326674684,-0.3887518949568252,-0.7044609931596852,-0.4617992535703853,0.5523044942542197,-0.6940469688921822],"T_pred":[33.02343096343627,67.12107325467962,689.3992141952092],"rotation_error":10.430390577752146,"translation_error":201.33102017128041,"ADD":0,"ADD_S":0}}
{"id_image":14,"data":{"GT_R":[0.5858759372849222,0.7864296099412692,0.19564761004381648,0.5725977966182341,-0.23087107910381816,-0.786657502895041,-0.5734802821000318,0.5729112370749144,-0.5855702580814456],"GT_T":[65.46955741873566,84.92869980125751,887.0063388816047],"R_pred":[0.6673655104675018,0.7247120961537792,0.1715099213656335,0.6153816155950771,-0.4069250754780601,-0.6750684781077901,-0.41943860411989164,0.5560614719934932,-0.7175422612908499],"T_pred":[26.102733767982734,62.746417649856994,641.7625476341503],"rotation_error":12.692051707609968,"translation_error":249.37184602761155,"ADD":0,"ADD_S":0}}
{"id_image":15,"data":{"GT_R":[0.5872191668439226,0.7850509588508783,0.19715371128033707,0.5717986894964556,-0.2299340371051533,-0.7875136432558815,-0.5729049981017105,0.575174613821216,-0.5839126292932981],"GT_T":[64.239914302187,86.33744156272168,886.8573414310745],"R_pred":[0.5644000982865751,0.8091337856942065,0.16356969738391774,0.5958336633068466,-0.26215732100924466,-0.7591151327115007,-0.5713447074441558,0.5259049875114494,-0.6300707653796788],"T_pred":[33.55023261717924,73.57414790859109,697.0737244083499],"rotation_error":3.88875395610191,"translation_error":192.67220743287513,"ADD":0,"ADD_S":0}}
{"id_image":16,"data":{"GT_R":[0.587799525587337,0.7841074667115151,0.19916892089550492,0.5710600274398371,-0.22776035179858617,-0.7886800612963479,-0.5730462523011347,0.5773233297520477,-0.5816498709065615],"GT_T":[64.13483006988561,87.72731260863199,886.9926665529991],"R_pred":[0.5217630468845278,0.8366305825214841,0.16677107451694345,0.45493018396801244,-0.10749983183906464,-0.8840148832850061,-0.721666024294205,0.5371154946045915,-0.43669794461968897],"T_pred":[35.29594346893511,85.05623010501117,707.3216938337181],"rotation_error":12.171721861126818,"translation_error":181.99031430275699,"ADD":0,"ADD_S":0}}
{"id_image":17,"data":{"GT_R":[0.5864832701302577,0.7844044171943284,0.20186212668173525,0.5716058443202799,-0.22425968530977303,-0.7892875400475862,-0.5738497178515368,0.5782885631350311,-0.579895432495183],"GT_T":[61.608341989689485,90.02976811196196,886.9066437054746],"R_pred":[0.5786251797648748,0.7837668750103012,0.22561557343998648,0.5750004401179506,-0.1958330527667274,-0.7943701336960168,-0.5784180107899737,0.589371615435161,-0.5639802334418456],"T_pred":[34.623899593698596,85.04702903321453,767.4207150564481],"rotation_error":1.7507483492340776,"translation_error":122.59639050669347,"ADD":0,"ADD_S":0}}
{"id_image":18,"data":{"GT_R":[0.5849113749884606,0.7853980810668415,0.20255803247391846,0.5739958908564071,-0.22436802103950199,-0.7875200609167455,-0.5730687349419048,0.5768962490859592,-0.5820505027886144],"GT_T":[62.49366966635735,88.0432555488168,886.6301699665603],"R_pred":[0.5855897099715781,0.7920442673275341,0.1724835359360213,0.5515558270683123,-0.23339223713930324,-0.8008209745443118,-0.5940293437216658,0.5640868215414194,-0.5735287233965759],"T_pred":[33.89847194845383,78.5845794692028,725.7592026756674],"rotation_error":1.9790277633437074,"translation_error":163.66618466504488,"ADD":0,"ADD_S":0}}
{"id_image":19,"data":{"GT_R":[0.586999534890582,0.7837662901964509,0.2028354968080809,0.573748132575556,-0.2259726352247304,-0.7872423383001375,-0.5711784180618692,0.5784871057527329,-0.5823299990566558],"GT_T":[62.58757215962278,85.63065085884641,886.3746707281455],"R_pred":[0.687204563193268,0.7073975090255621,0.1653440429854669,0.5792196395316863,-0.396165043143156,-0.7124309564948486,-0.43846835405435314,0.585356321240158,-0.6819849556090334],"T_pred":[27.10170589382983,67.2041491333618,669.6442536301962],"rotation_error":11.439374206578174,"translation_error":220.3879678338273,"ADD":0,"ADD_S":0}}
{"id_image":20,"data":{"GT_R":[0.5851207159358288,0.7854612407540745,0.20170776726798315,0.5737587982802171,-0.2251944375866975,-0.787457041404007,-0.5730929293156671,0.576489300823203,-0.5824310732683786],"GT_T":[62.26599095266056,85.58858960419893,886.3489355140707],"R_pred":[0.5547971671330482,0.8188123008120887,0.1474670111582876,0.48570347281870996,-0.17484789288178437,-0.8564580263192382,-0.6754940709088346,0.5467857262160506,-0.49470509374110616],"T_pred":[34.48224136191267,81.41358025078824,708.5934453775244],"rotation_error":8.016105918376114,"translation_error":179.96216746334844,"ADD":0,"ADD_S":0}}
{"id_image":21,"data":{"GT_R":[0.5888099421052905,0.7827904374651089,0.20135471091405144,0.5700486303576849,-0.22556746995369767,-0.7900406078642924,-0.5730162567283836,0.5799646227172781,-0.5790449086177896],"GT_T":[59.59743946349814,86.34718653972853,886.413776752488],"R_pred":[0.6589565907068164,0.7365701819803933,0.15244860964082263,0.5966931057103769,-0.3884914317720317,-0.7021621928282823,-0.4579667555202611,0.5536594390571584,-0.695505338858846],"T_pred":[25.44524403045977,66.64218388877623,669.9844247918475],"rotation_error":10.881049450974862,"translation_error":219.99164523334363,"ADD":0,"ADD_S":0}}
{"id_image":22,"data":{"GT_R":[0.5900013359057987,0.7823026948604515,0.19975167499520677,0.5681211204373355,-0.2264525978254953,-0.7911754880959395,-0.5737036927952022,0.5802776928379275,-0.5780497985457127],"GT_T":[59.60301875194772,86.06920398901474,886.2870114485396],"R_pred":[0.6531725040536336,0.7423618192068899,0.149213301458494,0.6003218333127014,-0.387586464590171,-0.6995644565832154,-0.46149688665947,0.5465122705395821,-0.6988168299012891],"T_pred":[25.449147113933112,65.68343123413418,661.1980127349661],"rotation_error":10.875963665902662,"translation_error":228.57629802881723,"ADD":0,"ADD_S":0}}
{"id_image":23,"data":{"GT_R":[0.589788401831723,0.7825055526716596,0.19958628654232535,0.5693997935328258,-0.2276948204311227,-0.7898984714307979,-0.5726544761894359,0.5795175907980313,-0.5798503198370281],"GT_T":[59.67779770448349,85.94729365916767,886.5169485377226],"R_pred":[0.6208225030198701,0.760916142283768,0.1886426361036447,0.5473793452344977,-0.2484800812053074,-0.7991454821588223,-0.5612087598699759,0.5993865811445834,-0.5707718057061083],"T_pred":[32.20822695276491,79.11846383917572,747.3550832739969],"rotation_error":2.2771796199621503,"translation_error":142.01139030962767,"ADD":0,"ADD_S":0}}
{"id_image":24,"data":{"GT_R":[0.5892262717605276,0.7832744063152847,0.19822608067179293,0.5689855826556693,-0.22807519870136028,-0.7900867035995194,-0.5736442733097938,0.5783274611181023,-0.580060126237666],"GT_T":[60.09086905118929,85.50500458412961,886.4651403873569],"R_pred":[0.5611958510733851,0.8027209216297172,0.20173829263666324,0.5887475611672436,-0.21583458518224563,-0.7789683825796978,-0.5817521172781767,0.5559267522049511,-0.5937254586298396],"T_pred":[32.8257858075267,78.97915524349786,764.4565350735155],"rotation_error":2.063732384328086,"translation_error":125.18814338638143,"ADD":0,"ADD_S":0}}
{"id_image":25,"data":{"GT_R":[0.5909465520680471,0.781983068521621,0.1982034997582325,0.567662744886689,-0.22851869550583795,-0.7909101947529941,-0.5731842791644908,0.5798981174919502,-0.5789453023152269],"GT_T":[59.84577274954393,84.64520173639973,886.3821375707054],"R_pred":[0.5837680402580526,0.7807192757047545,0.22291767026486617,0.591410209988321,-0.22077108157435638,-0.7755605025154768,-0.5562812586226883,0.5845832208364623,-0.5906044524227916],"T_pred":[33.10796763011619,80.83178137637405,787.572305964137],"rotation_error":1.7967751241116503,"translation_error":102.43454114489488,"ADD":0,"ADD_S":0}}
{"id_image":26,"data":{"GT_R":[0.5886080709384877,0.7842235378174112,0.19630481499188354,0.5695972527858444,-0.22999580259937774,-0.7890894895426142,-0.5736717861155265,0.5762781633528888,-0.5820683627666332],"GT_T":[59.894088891275906,84.50398297003039,886.4062282840298],"R_pred":[0.5707464363753054,0.8069578234077389,0.15188013894493707,0.4757133669575281,-0.17418959094006742,-0.862180247341624,-0.6692871565052039,0.5643377159548846,-0.4832987114487297],"T_pred":[32.268413036144736,79.89494060969312,715.7180612902965],"rotation_error":8.01957934465602,"translation_error":172.97072466059896,"ADD":0,"ADD_S":0}}
{"id_image":27,"data":{"GT_R":[0.5858308881276312,0.7862377021164288,0.19655279241718998,0.5703032314119498,-0.227627296714476,-0.7892656146675092,-0.5758086757384111,0.5744702997388651,-0.5817463006010086],"GT_T":[62.042305134392784,83.46260232118614,886.9792372420073],"R_pred":[0.6453068729605195,0.7418130652200714,0.18246209463534657,0.5818927743692226,-0.32256119562401364,-0.7465621703612473,-0.4949543805713865,0.5879350740910165,-0.6398066190707831],"T_pred":[32.71661844850015,73.0314116719967,728.5765897484052],"rotation_error":6.632245956243661,"translation_error":161.4317328499612,"ADD":0,"ADD_S":0}}
{"id_image":28,"data":{"GT_R":[0.5843766999071559,0.7875204960504513,0.19574418400497529,0.5706393091394213,-0.2272996173147602,-0.7891169863488798,-0.5769530903710505,0.5728406975204029,-0.5822187723576766],"GT_T":[63.34824413594209,79.63295505307796,887.365020525108],"R_pred":[0.6274026523407622,0.7614493152812268,0.1629750045053788,0.5925124018189102,-0.3310182353947713,-0.7344085930372264,-0.5052672219000196,0.5573346105293326,-0.6588498815204823],"T_pred":[30.523738521077778,64.4009075059763,691.8505148725854],"rotation_error":6.913616481601624,"translation_error":198.8350707543508,"ADD":0,"ADD_S":0}}
{"id_image":29,"data":{"GT_R":[0.5833056264008913,0.7889250624990476,0.1932669569087636,0.5720698219497348,-0.2301098614414345,-0.7872641962651201,-0.576619492095772,0.569778024847901,-0.5855451865432845],"GT_T":[63.25636994339571,79.43941972672951,887.8342404438725],"R_pred":[0.5793965271816142,0.7985357606740731,0.16321857496794084,0.5708244637114541,-0.25462400082554076,-0.7805933959700952,-0.5817723746607573,0.5454422582897982,-0.6033520091566024],"T_pred":[34.82674278812654,69.65594881513123,723.7585182959168],"rotation_error":2.0633719662202883,"translation_error":166.80768148271494,"ADD":0,"ADD_S":0}}
{"id_image":30,"data":{"GT_R":[0.585199032502331,0.7880482073751848,0.19110973210655827,0.5696707098487576,-0.23181344066725906,-0.7885040063578967,-0.5770765446169539,0.5703015460508982,-0.5845853992658819],"GT_T":[64.93095301809761,76.8125474798306,887.5614293352013],"R_pred":[0.6168162098150204,0.7633990745480326,0.19172797471584582,0.5817597295437236,-0.2780886713607066,-0.7643443647611007,-0.5301824029432194,0.582999608782068,-0.6156444394041981],"T_pred":[34.32138886686688,67.65229794065549,727.3305061817914],"rotation_error":3.578920106256042,"translation_error":163.38544709900637,"ADD":0,"ADD_S":0}}
{"id_image":31,"data":{"GT_R":[0.5836774403388938,0.7895679418061056,0.1894812301788086,0.5709085088120746,-0.23311873031737262,-0.7872224953224274,-0.5773929389980129,0.5676605057401842,-0.5868376943459982],"GT_T":[66.07349373742186,77.20611033331947,887.8245317117104],"R_pred":[0.6095352858967216,0.7806688479104241,0.13792347569943525,0.5920246527543515,-0.33254652619548575,-0.7341114482463849,-0.5272319658157036,0.529120929294548,-0.6648740455188356],"T_pred":[32.91764317895738,63.38028369090999,677.7225113016124],"rotation_error":6.617555772569628,"translation_error":213.1509392168058,"ADD":0,"ADD_S":0}}
{"id_image":32,"data":{"GT_R":[0.5847012480721508,0.7891750795619523,0.18795756343086442,0.5691448291338205,-0.2339432218656425,-0.7882538116728531,-0.5780984639313186,0.5678685368924706,-0.5859418273758548],"GT_T":[65.85153655092239,78.13762090874073,887.8848664814279],"R_pred":[0.6582784436222251,0.7366944935097255,0.15476018187747864,0.5997486556545379,-0.3890124162784002,-0.6992645350808342,-0.4549407002048461,0.5531279808630998,-0.697910020048025],"T_pred":[30.29976790610429,61.446439564171854,671.6158199680979],"rotation_error":10.741936194200179,"translation_error":219.80633354896048,"ADD":0,"ADD_S":0}}
{"id_image":33,"data":{"GT_R":[0.5830044113695122,0.7910663658829772,0.185259712396931,0.567185847918479,-0.23301159765164267,-0.7899408861061596,-0.581727065014095,0.5656150704873115,-0.5845283577669548],"GT_T":[67.33252434566083,81.58950820774353,888.5435183579738],"R_pred":[0.576762020241377,0.8008420816469193,0.16123750268009715,0.597587373145869,-0.2790391609443007,-0.7516824316931456,-0.5569873458739483,0.5298953735624887,-0.6395123060687457],"T_pred":[36.680607848398445,70.31364483490668,711.0249394157221],"rotation_error":4.077929648195573,"translation_error":180.4980081591885,"ADD":0,"ADD_S":0}}
{"id_image":34,"data":{"GT_R":[0.5815428925554679,0.7924400580081502,0.18397682155245568,0.5662279144160225,-0.23190295466634855,-0.7909534145668645,-0.584117525560808,0.5641459191767185,-0.5835642328615259],"GT_T":[67.85289837523143,82.73174178856758,888.3973765448069],"R_pred":[0.5985973624441969,0.7871102376319851,0.14879069691943356,0.5495015245605729,-0.26832593537060123,-0.791232751415851,-0.5828629960637892,0.5553905528746523,-0.5931374727642246],"T_pred":[37.0762391402877,74.26365573282635,708.4661689597747],"rotation_error":2.338568241839127,"translation_error":182.74066514631943,"ADD":0,"ADD_S":0}}
{"id_image":35,"data":{"GT_R":[0.5791120719753603,0.7955016361680523,0.17834377862606865,0.5643828530608117,-0.23333754073537782,-0.7918493291894522,-0.5883024753565094,0.5592232995523306,-0.5840965596942576],"GT_T":[70.58922623307743,83.95871727482027,888.6328137231501],"R_pred":[0.6206664708398335,0.7660862605109203,0.16698794397087527,0.5492015725511089,-0.2727678506343907,-0.7899210924944868,-0.5595987532890107,0.5819875781463801,-0.5900336381942101],"T_pred":[40.024487878071575,75.25889489574425,730.24013757751],"rotation_error":3.1091929769552062,"translation_error":161.5491565954928,"ADD":0,"ADD_S":0}}
{"id_image":36,"data":{"GT_R":[0.5777449703727008,0.7964612768276847,0.17849600547273203,0.5659619144910831,-0.23333333076536897,-0.7907232709803029,-0.5881306699132428,0.5578573286085771,-0.5855740841098873],"GT_T":[71.06386663104972,83.73414464838373,888.7504506969608],"R_pred":[0.5531075646304868,0.8128536182489258,0.18259522788989088,0.575237013054024,-0.21407700833105636,-0.7894766705335309,-0.6026395280441004,0.5417010520606863,-0.5859911001330391],"T_pred":[43.69431317880419,79.32660046062536,768.3350164506554],"rotation_error":1.7293413170330336,"translation_error":123.56534994353662,"ADD":0,"ADD_S":0}}
{"id_image":37,"data":{"GT_R":[0.5768347343235974,0.796452126871001,0.18145829255074494,0.567659250796872,-0.23110562568957188,-0.7901607955883037,-0.58738756946384,0.5587985696489158,-0.5854230009230017],"GT_T":[71.3878726048752,83.73901155053206,888.6901737577783],"R_pred":[0.6120882058686088,0.7737847902332345,0.16311078026990522,0.615148978326738,-0.3362846756796282,-0.7130949104899137,-0.4969303398869087,0.5368144142129164,-0.6818288069545938],"T_pred":[34.955125834514696,64.73758960021604,669.9424979534099],"rotation_error":8.039021142911308,"translation_error":222.57345920657352,"ADD":0,"ADD_S":0}}
{"id_image":38,"data":{"GT_R":[0.5729914878217665,0.8002285435662847,0.17696324108087025,0.5673035420742207,-0.23143843627473948,-0.7903182374954987,-0.5914785841274478,0.5532373746263806,-0.586584649235332],"GT_T":[73.04555645431068,83.82640910424581,888.1298746753284],"R_pred":[0.588802510770659,0.7890269421368905,0.17535132703311934,0.5747456322496161,-0.2561742052181758,-0.7772015406513454,-0.5683124682075495,0.558400627831796,-0.6043258039475883],"T_pred":[41.48538195966575,75.42546961099283,720.8802595217464],"rotation_error":1.8542170410653613,"translation_error":170.40849206399022,"ADD":0,"ADD_S":0}}
{"id_image":39,"data":{"GT_R":[0.5712457826755463,0.8021517016028865,0.17387069620470372,0.5665062494534171,-0.23204168039404788,-0.7907133018603331,-0.5939269321084463,0.5501901910718671,-0.5869770038789685],"GT_T":[73.49915119302447,84.97789212687742,887.9835254544992],"R_pred":[0.5656595606430491,0.8016633375414424,0.19330068467294276,0.597988646465148,-0.23735119155349255,-0.7655546946932776,-0.5678369837831039,0.5486349470367824,-0.6136455448693929],"T_pred":[45.35662668987955,79.55674882308756,753.4671451279462],"rotation_error":2.381501573867179,"translation_error":137.53562104519753,"ADD":0,"ADD_S":0}}
{"id_image":40,"data":{"GT_R":[0.5701345768883498,0.8026559784309955,0.1751856946808043,0.567067081328781,-0.23018470649894335,-0.7908537087887986,-0.5944574148830641,0.5502358461095246,-0.5863966278722478],"GT_T":[73.94616420434386,86.24837401856296,887.7116123080644],"R_pred":[0.5759430525629844,0.7918233033677143,0.2032374385989761,0.5838178400449806,-0.22437708620430113,-0.7802638353990793,-0.5722292633635975,0.5680411775833761,-0.5915089946231132],"T_pred":[42.78722182897668,80.31641688383219,740.075509843842],"rotation_error":1.9011716031322228,"translation_error":151.00492229138132,"ADD":0,"ADD_S":0}}
{"id_image":41,"data":{"GT_R":[0.5714527166182866,0.8023905900290978,0.17207820685628233,0.5637961687008696,-0.23150719483559803,-0.7928039101234519,-0.596300827028564,0.5500672735625871,-0.5846810743218893],"GT_T":[73.4031364463678,87.61943271171278,887.2794203361856],"R_pred":[0.6011804132279608,0.7895412275422571,0.12331569552219684,0.5677528390333819,-0.31341463166075034,-0.7612016700129413,-0.5623511576591553,0.5276323707582976,-0.6366830112445172],"T_pred":[38.83009984712627,73.39140315336027,680.2411849621204],"rotation_error":5.047200851776494,"translation_error":210.38669775347645,"ADD":0,"ADD_S":0}}
{"id_image":42,"data":{"GT_R":[0.5702570575259914,0.8039505037389592,0.16873336847956386,0.5620546723050895,-0.23205734531709668,-0.7938791834642072,-0.5990831126006245,0.5475524561837745,-0.5841969499724652],"GT_T":[72.47336299047878,89.74975306172458,886.6197292495135],"R_pred":[0.6113850325154611,0.7777438595080515,0.14602339200823103,0.6011207400810825,-0.33644216632464763,-0.7248865597892887,-0.5146476443747127,0.5309624823999327,-0.673213669218964],"T_pred":[38.025916174189575,75.69735616513604,697.6753425764796],"rotation_error":7.62875949463037,"translation_error":192.57226619103096,"ADD":0,"ADD_S":0}}
{"id_image":43,"data":{"GT_R":[0.5713006111104842,0.8022713076305759,0.1731371337370644,0.5612081868039159,-0.22792620976170172,-0.7956727585295047,-0.5988826598324964,0.5517346084271874,-0.5804556441069137],"GT_T":[72.03690465048822,91.60751048990514,885.9990879691893],"R_pred":[0.591627638913817,0.7908068709121541,0.1568477917963461,0.5913918089606363,-0.2934691389500906,-0.7510869408917711,-0.5479347271049066,0.5371222927807224,-0.6413011596983521],"T_pred":[39.77423308552907,82.62016749066125,721.5746429242794],"rotation_error":4.882672539952773,"translation_error":167.80062705193058,"ADD":0,"ADD_S":0}}
{"id_image":44,"data":{"GT_R":[0.5708245167274951,0.8023641796932685,0.17427638582977598,0.5596994997171875,-0.22494880938260015,-0.7975806379828267,-0.60074584985941,0.5528202839713622,-0.5774893272622101],"GT_T":[70.58908585249361,95.8572482011166,885.7949083380422],"R_pred":[0.5482031591844475,0.8239100899840434,0.1436852806750835,0.5987259699741777,-0.266659572264322,-0.7552614682335445,-0.5839524887682833,0.5000648319391144,-0.6394799877392828],"T_pred":[37.634987885394025,83.67074783120856,699.3512748219524],"rotation_error":4.773163920061294,"translation_error":189.72535898707102,"ADD":0,"ADD_S":0}}
{"id_image":45,"data":{"GT_R":[0.5707275118509055,0.8025481585234727,0.17374257497410153,0.5568692407750273,-0.22278797245881593,-0.800164340967459,-0.6034621123412514,0.5534275426689627,-0.5740655235161742],"GT_T":[69.91101216150899,99.987812078951,885.4753986887393],"R_pred":[0.5418000271372553,0.8232975034369039,0.16921569498315203,0.6301276650258436,-0.2646370096402089,-0.7300043690949846,-0.5562300390694018,0.5021438777514363,-0.6621628724668898],"T_pred":[38.27139633073132,86.5421825203265,711.0430956178188],"rotation_error":6.529959879754158,"translation_error":177.78773466910596,"ADD":0,"ADD_S":0}}
{"id_image":46,"data":{"GT_R":[0.5697192496336484,0.8031786786091226,0.17413818442951232,0.5555942341091711,-0.2202735647973792,-0.8017448157741702,-0.6055861154246305,0.5535190466427038,-0.5717360019691348],"GT_T":[69.89039541021758,103.40012594142497,885.3188305805011],"R_pred":[0.5460358673033014,0.834679850618048,0.07179400107644901,0.4567727141910248,-0.22478083047033431,-0.8607161354497959,-0.7022845001770268,0.5027754222565979,-0.5039973765663901],"T_pred":[41.071724697363074,94.91974288374203,679.7738879393129],"rotation_error":8.290881402670536,"translation_error":207.72856357234627,"ADD":0,"ADD_S":0}}
{"id_image":47,"data":{"GT_R":[0.5683864194962795,0.8041221931275526,0.17414349863057868,0.5542271370327397,-0.21776975081368458,-0.8033733976342792,-0.6080866475530323,0.5531406216873824,-0.5694435831102476],"GT_T":[70.89794099905338,106.24816713190215,885.0321022318717],"R_pred":[0.5550671888071033,0.8247379604053608,0.10820218378657859,0.5612593350885446,-0.27534227866183025,-0.7804963730583734,-0.613912350979962,0.49395741339483523,-0.6157253438559596],"T_pred":[39.95300069556694,88.99014106930169,667.0395814140011],"rotation_error":4.88255529108162,"translation_error":220.85327239254005,"ADD":0,"ADD_S":0}}
{"id_image":48,"data":{"GT_R":[0.5576431117437061,0.8130644608201735,0.16721643233064362,0.5517855764744405,-0.21259213757761689,-0.8064350681804316,-0.6201339565656111,0.541970744863273,-0.5671882012903734],"GT_T":[76.48269120447124,111.22574255685342,884.4517095680991],"R_pred":[0.8447600542490471,0.5138832365446129,0.14934681095885471,0.4456837170805631,-0.5211086196150077,-0.7278817423814076,-0.2962203150940176,0.6814468620232795,-0.6692411367842135],"T_pred":[41.138678522460985,90.33384001925901,655.444242721923],"rotation_error":26.48070901230572,"translation_error":232.65874300229697,"ADD":0,"ADD_S":0}}
{"id_image":49,"data":{"GT_R":[0.5545191283178983,0.8154176128317221,0.16614340527229735,0.553233067562521,-0.21208489883539863,-0.8055761777913877,-0.6216435766374729,0.5386226322369203,-0.5687216559438836],"GT_T":[78.0468815258271,111.70599071944909,884.4021688526208],"R_pred":[0.5879238177196283,0.8023753210508698,0.10266171986914396,0.5469505111484799,-0.3008071016401499,-0.781255544592977,-0.5959787940123319,0.5154696225495408,-0.6157112515751523],"T_pred":[43.314723138654536,89.25800838898161,639.8226755498293],"rotation_error":5.318554944669405,"translation_error":248.0511303767649,"ADD":0,"ADD_S":0}}
{"id_image":50,"data":{"GT_R":[0.5514471912759396,0.8164320647629333,0.17130328028399433,0.5541638588596827,-0.20502847017081777,-0.8067625127549222,-0.6235446528221904,0.5398167271186205,-0.5654997778993741],"GT_T":[78.11109595678606,111.63195329556505,883.4337001187943],"R_pred":[0.5937147283001487,0.7936352694946683,0.13283779738314583,0.5844134792469001,-0.3118034745415283,-0.749159181041228,-0.5531398617655517,0.5224190389696336,-0.6489334642688962],"T_pred":[39.84981149346838,86.60692714717037,635.1366114723907],"rotation_error":7.211333133491942,"translation_error":252.47103210624138,"ADD":0,"ADD_S":0}}
{"id_image":51,"data":{"GT_R":[0.5499470363176479,0.8163851593885252,0.1762802823208593,0.5544824243803026,-0.19904092167407705,-0.808042740830513,-0.6245854458030778,0.5421250938583786,-0.5621330905829496],"GT_T":[75.59242413429051,112.52756804280664,882.5221185858819],"R_pred":[0.5746329251233799,0.8025715664572444,0.16023695603235089,0.6225231580139214,-0.3015339482911282,-0.722178783795493,-0.5312832757583497,0.5147389228942459,-0.6728907208136764],"T_pred":[36.16073705184806,84.81796975590328,625.4858118293251],"rotation_error":8.629655204092334,"translation_error":261.5154732983117,"ADD":0,"ADD_S":0}}
{"id_image":52,"data":{"GT_R":[0.5378347932597987,0.8202012750705098,0.1949484110038275,0.565465832842753,-0.1794579015472261,-0.8050118268125461,-0.6252851932453691,0.5431992103200471,-0.5603153565327748],"GT_T":[65.6609895807007,107.25972266434532,877.9497475360913],"R_pred":[0.4994381592861443,0.8306601035891252,0.24610021811077443,0.611376082910833,-0.1366645187492635,-0.7794498666108282,-0.6138247390692829,0.53974679398801,-0.5761011960464855],"T_pred":[40.78883089881289,99.2860984449013,760.9808824196455],"rotation_error":3.8830907823318395,"translation_error":119.84956557000619,"ADD":0,"ADD_S":0}}
{"id_image":53,"data":{"GT_R":[0.5342881472630601,0.8230337014001575,0.19274906176386933,0.5672594895075969,-0.18004578103570087,-0.803616907827011,-0.6266993327639202,0.5387009789188193,-0.5630705824286609],"GT_T":[66.03369390528331,104.46171866319636,877.2420183868338],"R_pred":[0.5133645162774261,0.8436035632782642,0.15744809129188989,0.6459124280408234,-0.2590335584935606,-0.7181216824999583,-0.5650256708589901,0.47035586910166055,-0.6778726633166214],"T_pred":[33.389245726997245,74.79840017961477,641.3456338754714],"rotation_error":8.457234698223974,"translation_error":239.9847426105579,"ADD":0,"ADD_S":0}}
{"id_image":54,"data":{"GT_R":[0.5330071358348281,0.8237711259679502,0.19314703561353944,0.5690282887129039,-0.18005175559245393,-0.8023640104886075,-0.626186846837995,0.5375716976527772,-0.5647179495263664],"GT_T":[68.18737143616465,100.64645289354547,876.7285329579926],"R_pred":[0.5624893978386868,0.8099078763794741,0.16629765211079373,0.5509164936616916,-0.21716064418238118,-0.8058115608687932,-0.6165198247668761,0.5448765790495897,-0.5683421674243753],"T_pred":[39.80051084942225,84.79536153368521,718.2707428216448],"rotation_error":2.4507043940339637,"translation_error":161.75890147427626,"ADD":0,"ADD_S":0}}
{"id_image":55,"data":{"GT_R":[0.5277493326130394,0.8265680109294512,0.1956167252876481,0.5737914143732309,-0.17711810213674975,-0.7996206144705241,-0.6262925186910926,0.5342427142952993,-0.5677521757835656],"GT_T":[70.13572254663231,96.42138670170013,876.2038831953286],"R_pred":[0.49368688607152933,0.8587224458912642,0.13736454944242849,0.5722767778925658,-0.20186317198497583,-0.7948273707422682,-0.6548072601963876,0.47100639137774847,-0.5910841152284603],"T_pred":[39.788713881039115,78.00116238924201,686.3107112493302],"rotation_error":4.360948920793338,"translation_error":193.18297634725312,"ADD":0,"ADD_S":0}}
{"id_image":56,"data":{"GT_R":[0.5211862665323294,0.8305687339208023,0.19626690956048956,0.5777544132246873,-0.17410929639972123,-0.797424984877914,-0.6281430383801262,0.5290013663007657,-0.5706084731092155],"GT_T":[71.27728306796593,93.51953883937638,875.4132663912148],"R_pred":[0.5127170300680313,0.8420938993997951,0.16732935089776055,0.6196726167325801,-0.22806651136232253,-0.7509936847050158,-0.5942449790700928,0.4887366683487823,-0.6387561145392798],"T_pred":[37.6700732236737,74.52731407754523,677.6459960625139],"rotation_error":5.009576748351206,"translation_error":201.4994847839262,"ADD":0,"ADD_S":0}}
{"id_image":57,"data":{"GT_R":[0.5178641817384542,0.8323940552681378,0.19732594912966922,0.5804090115805286,-0.17243041861909142,-0.7958602713047653,-0.6284431865392208,0.526677605079184,-0.5724245064822547],"GT_T":[71.12433613704052,92.28566787478213,874.94155916982],"R_pred":[0.5662322027356306,0.7943319204782447,0.22004066145714898,0.606511861586385,-0.2207602609274879,-0.7638116711272781,-0.558143757772291,0.5659520362226566,-0.6067733006282124],"T_pred":[41.725738691616336,80.4758628227458,757.5321103520422],"rotation_error":5.1282634066650825,"translation_error":121.60891290863347,"ADD":0,"ADD_S":0}}
{"id_image":58,"data":{"GT_R":[0.5160600601260467,0.8338323322236051,0.19597337356710953,0.5807784879870824,-0.17246163852010635,-0.7955841370057543,-0.6295848922546359,0.5243861398834522,-0.5732734795602232],"GT_T":[73.4279173290347,88.64315368441939,873.4657318884979],"R_pred":[0.5765356253765811,0.8106046953147152,0.10259971055208644,0.5149860935603028,-0.2630157531433993,-0.8158504991957225,-0.6343469051797552,0.5232043019052386,-0.569088097184187],"T_pred":[43.038819637780385,75.55292316898311,672.3107681875275],"rotation_error":6.523082640091766,"translation_error":203.85821252766482,"ADD":0,"ADD_S":0}}
{"id_image":59,"data":{"GT_R":[0.5119289534206453,0.836969537374731,0.1934182827583748,0.5827052359126026,-0.17290299848386714,-0.7940777636654718,-0.6311763868958212,0.5192171101405545,-0.5762203699123497],"GT_T":[75.67490860661337,87.15175957288773,873.2334933150796],"R_pred":[0.5746409371002413,0.804622054110219,0.1495698614293973,0.6488714637385223,-0.33655379677349817,-0.6824202264171034,-0.4987520595991407,0.48919821332134383,-0.7154938791693612],"T_pred":[39.72273992283365,63.769762365079984,665.295110383968],"rotation_error":12.06551228923566,"translation_error":212.3149719697094,"ADD":0,"ADD_S":0}}
{"id_image":60,"data":{"GT_R":[0.511261406393155,0.837522859078864,0.1927922042124279,0.5830340151206529,-0.1731882764316845,-0.7937744734047586,-0.6314135483462339,0.5182302057815144,-0.5768479733263044],"GT_T":[76.88272649015094,86.0443754074268,872.7861713965433],"R_pred":[0.5211016270278876,0.836771254547346,0.1681278140943632,0.5904614876313781,-0.2112033224383965,-0.7789405549944892,-0.6162859124895101,0.5051801897880037,-0.6041395947235445],"T_pred":[44.48465771806764,72.39219353621452,711.4441780800582],"rotation_error":2.420378671179934,"translation_error":165.12799804194927,"ADD":0,"ADD_S":0}}
{"id_image":61,"data":{"GT_R":[0.5091667941824574,0.8392738472324307,0.19070946773519076,0.5805969339682705,-0.17136865567817203,-0.7959518115752047,-0.6353389780365722,0.5159980943831963,-0.5745350415346934],"GT_T":[73.9417038981906,87.24764021118003,871.3070285229953],"R_pred":[0.600974306359209,0.7863403420545749,0.14317384381779297,0.6309139093586305,-0.35674145945873165,-0.6889725466816975,-0.4906908620240217,0.5043851678635566,-0.7105055104398377],"T_pred":[35.24284660959588,65.70750762302124,665.2477221425535],"rotation_error":12.926878275188123,"translation_error":210.76531169371134,"ADD":0,"ADD_S":0}}
{"id_image":62,"data":{"GT_R":[0.5097816284104778,0.8393009115146155,0.1889362271445327,0.5794958437261148,-0.17268431567903247,-0.7964700425899318,-0.635851667650527,0.5155131918314352,-0.5744026223667158],"GT_T":[72.99906726501032,88.59346905318068,871.2283577331626],"R_pred":[0.4919944580813467,0.8496678142164262,0.1897526250198483,0.607307675851414,-0.17878349657271575,-0.7740890441061596,-0.6237939083296635,0.4960857454492263,-0.6039702750077101],"T_pred":[43.52082357616393,80.6508330167916,744.964803581208],"rotation_error":2.2680635013113406,"translation_error":129.90203010449505,"ADD":0,"ADD_S":0}}
{"id_image":63,"data":{"GT_R":[0.5095579976499595,0.8397750166349365,0.18742760803130165,0.5770546996983211,-0.17195231566927782,-0.7983989929331691,-0.6382457294244557,0.514986363407556,-0.572216068473354],"GT_T":[72.372631098395,88.93683552828675,870.7251120804792],"R_pred":[0.5353261484105754,0.8335683808885328,0.1363439371984263,0.3514118449044097,-0.0730121914189854,-0.9333696669407446,-0.768072672400716,0.5475700633590804,-0.33201113780136216],"T_pred":[44.076413726638556,91.510691243005,723.3158944638805],"rotation_error":16.149704542371484,"translation_error":150.12254357400042,"ADD":0,"ADD_S":0}}
{"id_image":64,"data":{"GT_R":[0.5098084596595366,0.8404590102162198,0.18364039047372857,0.5750504196619287,-0.17415434199881194,-0.7993668749101371,-0.6398528653298104,0.5131266046000285,-0.5720916576276136],"GT_T":[70.18160909889134,89.3262346870316,870.7666317609254],"R_pred":[0.5004660486638147,0.8424934124794586,0.1993453888695314,0.6049192981031514,-0.1755641977670257,-0.7766916088415088,-0.6193596507016086,0.5092956532223079,-0.597504444076899],"T_pred":[39.21028840972966,76.73777793873217,726.1044722535003],"rotation_error":2.1544162260624566,"translation_error":148.47502261958545,"ADD":0,"ADD_S":0}}
