{"id_image":1,"data":{"Best_template_id":5,"GT_R":[0.5848645966432628,0.7893014503248739,0.1869175694628645,0.5736406113918766,-0.2395687173806348,-0.7832898705777952,-0.5734714445482674,0.5653412746312647,-0.5928909389947179],"GT_T":[68.94563664137553,82.43349448540917,892.2306731846195],"R_pred":[0.537353601002144,0.8225352275052029,0.18624421334095742,0.4165122967425656,-0.06680803362317833,-0.9066720428609436,-0.7333270853802284,0.5647764922129532,-0.3784955742031481],"T_pred":[39.81547878266976,73.07643951193636,684.8172261174775],"rotation_error":15.454969496891936,"translation_error":209.65795620229588,"ADD":0,"ADD_S":0}}
{"id_image":21,"data":{"Best_template_id":58,"GT_R":[0.5888099421052905,0.7827904374651089,0.20135471091405144,0.5700486303576849,-0.22556746995369767,-0.7900406078642924,-0.5730162567283836,0.5799646227172781,-0.5790449086177896],"GT_T":[59.59743946349814,86.34718653972853,886.413776752488],"R_pred":[0.5667334820116313,0.8041867162119077,0.17915603767465,0.5919446637859614,-0.24618648205615945,-0.7674592699734217,-0.5730747554920712,0.5409953248606876,-0.6155561575490753],"T_pred":[23.181557557269723,68.60282949099351,667.8875760048577],"rotation_error":3.059793572587056,"translation_error":222.24913740051954,"ADD":0,"ADD_S":0}}
{"id_image":34,"data":{"Best_template_id":5,"GT_R":[0.5815428925554679,0.7924400580081502,0.18397682155245568,0.5662279144160225,-0.23190295466634855,-0.7909534145668645,-0.584117525560808,0.5641459191767185,-0.5835642328615259],"GT_T":[67.85289837523143,82.73174178856758,888.3973765448069],"R_pred":[0.6480140092914963,0.7340039342496898,0.20326354387331164,0.4742854053611383,-0.18008064368455395,-0.8617565294394801,-0.5959288531556275,0.654835235976298,-0.46482213340210554],"T_pred":[41.90961071369507,70.13419024259115,747.8429570608905],"rotation_error":8.77488996457478,"translation_error":143.48274222394653,"ADD":0,"ADD_S":0}}
{"id_image":39,"data":{"Best_template_id":58,"GT_R":[0.5712457826755463,0.8021517016028865,0.17387069620470372,0.5665062494534171,-0.23204168039404788,-0.7907133018603331,-0.5939269321084463,0.5501901910718671,-0.5869770038789685],"GT_T":[73.49915119302447,84.97789212687742,887.9835254544992],"R_pred":[0.4953115776114404,0.864859943074427,0.08175402099814383,0.6557294905123499,-0.31048660795095717,-0.6881983010408576,-0.5698116147960486,0.3944811087345089,-0.7209017814481472],"T_pred":[37.48068001245814,59.90714658716622,640.1375037839347],"rotation_error":11.872559193395025,"translation_error":251.7012574581783,"ADD":0,"ADD_S":0}}
{"id_image":48,"data":{"Best_template_id":5,"GT_R":[0.5576431117437061,0.8130644608201735,0.16721643233064362,0.5517855764744405,-0.21259213757761689,-0.8064350681804316,-0.6201339565656111,0.541970744863273,-0.5671882012903734],"GT_T":[76.48269120447124,111.22574255685342,884.4517095680991],"R_pred":[0.4831691759877606,0.8518663572011874,0.20216640879257547,0.32132478505979567,0.04226057901595559,-0.9460255947740059,-0.8144310467323701,0.5220514849418729,-0.253306764987438],"T_pred":[46.82719409896185,97.09816760963278,658.3659293263318],"rotation_error":21.66196106470296,"translation_error":228.45966145031585,"ADD":0,"ADD_S":0}}
{"id_image":52,"data":{"Best_template_id":5,"GT_R":[0.5378347932597987,0.8202012750705098,0.1949484110038275,0.565465832842753,-0.1794579015472261,-0.8050118268125461,-0.6252851932453691,0.5431992103200471,-0.5603153565327748],"GT_T":[65.6609895807007,107.25972266434532,877.9497475360913],"R_pred":[0.3887067926447997,0.8575618023929492,0.3368898698808696,0.10543406795346649,0.3218408379872332,-0.9409049539238591,-0.9153090661992684,0.4012558162572003,0.034685490528336554],"T_pred":[34.69411672339628,98.93384323101094,610.7992212701563],"rotation_error":41.05025072019828,"translation_error":269.0681533869531,"ADD":0,"ADD_S":0}}
{"id_image":57,"data":{"Best_template_id":5,"GT_R":[0.5178641817384542,0.8323940552681378,0.19732594912966922,0.5804090115805286,-0.17243041861909142,-0.7958602713047653,-0.6284431865392208,0.526677605079184,-0.5724245064822547],"GT_T":[71.12433613704052,92.28566787478213,874.94155916982],"R_pred":[0.43722958900607034,0.8839910858705462,0.16549938549431387,0.6467830762137499,-0.18120662113893204,-0.7408345380575141,-0.6249015433018722,0.4309569822578864,-0.6509793703506388],"T_pred":[47.621305116956236,67.36746917831624,733.360097704415],"rotation_error":7.368446948718738,"translation_error":145.6661227742661,"ADD":0,"ADD_S":0}}
{"id_image":61,"data":{"Best_template_id":58,"GT_R":[0.5091667941824574,0.8392738472324307,0.19070946773519076,0.5805969339682705,-0.17136865567817203,-0.7959518115752047,-0.6353389780365722,0.5159980943831963,-0.5745350415346934],"GT_T":[73.9417038981906,87.24764021118003,871.3070285229953],"R_pred":[0.5006629567403728,0.8619238377883768,0.08014924578649488,0.6962238646625328,-0.3459258652799209,-0.6289734700324852,-0.5144015299572458,0.3707055348689768,-0.7732842119138026],"T_pred":[35.454906232904314,57.82735694566522,639.0183384525067],"rotation_error":16.24825617793759,"translation_error":237.28637170435084,"ADD":0,"ADD_S":0}}
{"id_image":65,"data":{"Best_template_id":58,"GT_R":[0.5114314071784539,0.8402939949473971,0.1798479942554427,0.5730863638977122,-0.1775705327705946,-0.8000261330843917,-0.6403197819571773,0.5122264783445357,-0.5723755476966103],"GT_T":[68.11648419625494,87.9060828983992,871.090857798021],"R_pred":[0.5117234047871261,0.8457060271537918,0.15139508786225414,0.5244587852012451,-0.16791438870265268,-0.8347141670607059,-0.6805013884029216,0.5065432594580286,-0.5294636783381198],"T_pred":[32.98150279335542,75.55043813631792,701.2872517096191],"rotation_error":3.6213032228163793,"translation_error":173.84013781717388,"ADD":0,"ADD_S":0}}
{"id_image":71,"data":{"Best_template_id":58,"GT_R":[0.5060859454860984,0.8457499091349422,0.16907104114545385,0.5733166803203319,-0.18343291057918645,-0.7985365156942352,-0.6443480447340677,0.5010588187335793,-0.5777156465058324],"GT_T":[67.40442230261682,79.25961221032603,871.369532728884],"R_pred":[0.4843891877665535,0.8615520221250204,0.1519711418235286,0.49711949519495563,-0.12812004289171453,-0.8581709981737542,-0.7198884095969118,0.4912365700777108,-0.49035426983591696],"T_pred":[33.4067564832781,73.24798245309564,712.1223748246931],"rotation_error":6.644678998709782,"translation_error":162.94673446885568,"ADD":0,"ADD_S":0}}
{"id_image":80,"data":{"Best_template_id":58,"GT_R":[0.5141466660204582,0.8399214713327262,0.17373900273226114,0.5586771092367134,-0.17425624620248428,-0.8108727588916406,-0.6507939832200271,0.5139711541292891,-0.5588388875263924],"GT_T":[48.71223968185039,89.24399891216514,868.6935197125889],"R_pred":[0.5315129557994628,0.8358652700529314,0.13719777015920517,0.605873539147632,-0.26196515787945174,-0.7511933909572932,-0.5919554310740304,0.48239351817425336,-0.6456665247985411],"T_pred":[17.571574106362263,70.30536996040513,700.9672948312981],"rotation_error":6.677358352841421,"translation_error":171.64061067237606,"ADD":0,"ADD_S":0}}
{"id_image":81,"data":{"Best_template_id":5,"GT_R":[0.5119930089251546,0.8409244688547662,0.17524163232834156,0.5593249754130705,-0.17153571433642845,-0.8110064578030287,-0.6519344080692826,0.5132462565179143,-0.5581752720788269],"GT_T":[47.96609669879314,88.41115810341245,868.3516654778932],"R_pred":[0.9470299287472901,0.3110349064676137,0.07994748911369938,0.16531859014572176,-0.2587360427294315,-0.9516960775084368,-0.27532540349399864,0.9145014746578578,-0.29645062833374175],"T_pred":[29.93204691137943,83.63471099271095,732.232039042078],"rotation_error":42.121406357676335,"translation_error":137.39211804089103,"ADD":0,"ADD_S":0}}
{"id_image":84,"data":{"Best_template_id":58,"GT_R":[0.5068466069471186,0.843249749315175,0.17898818444589604,0.5619727618273264,-0.16577163115165613,-0.810374826680405,-0.6536755556804934,0.5113223465114538,-0.5579042564049008],"GT_T":[44.32883112980081,83.01349035122739,867.4225470237295],"R_pred":[0.5235329094974877,0.839610073901166,0.14480406236281593,0.5875588863665844,-0.23270750629354475,-0.7749979171367489,-0.6169990662268097,0.4908178280363484,-0.6151503978352989],"T_pred":[13.65082696561863,64.92987305245097,692.9740947584759],"rotation_error":4.60075917705915,"translation_error":178.04611664355016,"ADD":0,"ADD_S":0}}
{"id_image":88,"data":{"Best_template_id":5,"GT_R":[0.5111770980478896,0.8407747526171401,0.17831697410910632,0.5601220227207319,-0.16852527042009266,-0.8110874647629356,-0.6518901129091509,0.5144888391224205,-0.5570827351034672],"GT_T":[43.64619681365872,77.58660673599006,867.3988764078832],"R_pred":[0.6468445686137296,0.7103385587516964,0.27750898364824184,0.5110891856380555,-0.13369955870760453,-0.8490655288758464,-0.56602115541625,0.6910452662105098,-0.44952918889578114],"T_pred":[10.685298037277548,60.22491132630957,695.067134826457],"rotation_error":12.86619223781488,"translation_error":176.31244559625625,"ADD":0,"ADD_S":0}}
{"id_image":92,"data":{"Best_template_id":58,"GT_R":[0.5178008095888917,0.8359595595888035,0.18180960148226988,0.5503740739239863,-0.16281029097842567,-0.8188901864201196,-0.6549578570364073,0.5240852773466892,-0.5443942880954911],"GT_T":[32.919214931834574,82.324023855019,865.9548845814247],"R_pred":[0.6205838701988173,0.769200582766577,0.15233556223224973,0.5814809441666454,-0.32109243318517877,-0.7475155924275346,-0.5260756329845774,0.5524763459396066,-0.6465402659982565],"T_pred":[0.5254606140555422,66.63873936810975,695.3678243752013],"rotation_error":11.101869082122711,"translation_error":174.34256100573265,"ADD":0,"ADD_S":0}}
{"id_image":97,"data":{"Best_template_id":58,"GT_R":[0.5334640766473473,0.8285908761649003,0.16986606635692167,0.5266630459268493,-0.1682548789132523,-0.8332566961273359,-0.6618477441446626,0.5339741513922297,-0.5261461753372413],"GT_T":[21.24404295569819,92.09595763942625,862.636244569388],"R_pred":[0.5674810163118708,0.8154556951938584,0.11400572486304503,0.5668688238490552,-0.2865038919222377,-0.7723828431946168,-0.5971809044783967,0.5029388920031065,-0.6248419306008935],"T_pred":[-5.111219089233963,72.78874623534459,698.3142981780253],"rotation_error":7.970187753412883,"translation_error":167.5382652276931,"ADD":0,"ADD_S":0}}
{"id_image":98,"data":{"Best_template_id":58,"GT_R":[0.5365861273164955,0.8275173035896377,0.1651993598775845,0.5227753314927293,-0.17231532816160805,-0.8348731751217434,-0.6624053252908215,0.5343441403194399,-0.5250676145729284],"GT_T":[20.19655033783825,91.33102238243123,861.9433203695157],"R_pred":[0.5795640836161238,0.8045088601731833,0.1298882861733412,0.5744852922869403,-0.2902972138331447,-0.765306589927659,-0.5779897247600436,0.5181631225237462,-0.630424346395545],"T_pred":[-9.063762600316041,73.74873423881127,694.5184392719899],"rotation_error":8.461842861702888,"translation_error":170.86952209251555,"ADD":0,"ADD_S":0}}
{"id_image":114,"data":{"Best_template_id":58,"GT_R":[0.553407951945119,0.8143379411292182,0.1749094175405233,0.5089728428206016,-0.16440694145420406,-0.8449363346787548,-0.6593064024285417,0.5566185331776404,-0.5054607511417261],"GT_T":[-6.174839114411671,98.50778961754538,859.983360664952],"R_pred":[0.49216960536261545,0.8637710487795682,0.10802154807005732,0.6129122146850585,-0.2557362321586852,-0.7476212922671046,-0.6181486040161084,0.4341642026371169,-0.6552814269467835],"T_pred":[-24.230323134175247,73.12926418304491,658.2608230920549],"rotation_error":11.363877039458618,"translation_error":204.1128418822941,"ADD":0,"ADD_S":0}}
{"id_image":116,"data":{"Best_template_id":5,"GT_R":[0.5614650027582679,0.8089508690990428,0.17422905471308617,0.5043164049945572,-0.167582958538521,-0.8471019333362184,-0.6560647233908563,0.5634845843758286,-0.5020593218539274],"GT_T":[-12.725561688494901,96.63970786954117,859.2046618553796],"R_pred":[0.8838342094083399,0.46473798552489043,0.05343870404305487,0.13417783061319588,-0.1424140056613728,-0.9806704649184754,-0.44814439642984605,0.8739203944306078,-0.18822790480367096],"T_pred":[-21.64903172412148,90.27238815463822,727.7505511408897],"rotation_error":32.60988786466749,"translation_error":131.9104025525125,"ADD":0,"ADD_S":0}}
{"id_image":121,"data":{"Best_template_id":5,"GT_R":[0.5823708309937118,0.7973972967718701,0.15812265611494616,0.48998980991561225,-0.18911395114932916,-0.8509678133201972,-0.6486548984814998,0.5730568014718038,-0.5008511252538218],"GT_T":[-14.993176056086948,90.78599922805405,862.1175694657348],"R_pred":[0.9473533956862618,0.2963605727302275,0.12121037337093396,0.3197403804288805,-0.8956695857216092,-0.309098822929619,0.016959740708644942,0.33158167039855013,-0.9432740657151573],"T_pred":[-33.75253914823747,36.800633328046835,758.7547020878326],"rotation_error":58.40798193561755,"translation_error":118.11103160823977,"ADD":0,"ADD_S":0}}
{"id_image":127,"data":{"Best_template_id":58,"GT_R":[0.610434849855738,0.7784168917000224,0.14641125552589138,0.47932043041164824,-0.21588120670667624,-0.8506748006395705,-0.6305719497864741,0.5894595838226605,-0.504893047452609],"GT_T":[-25.474792635178034,75.92428873881809,866.0491703332277],"R_pred":[0.6242522651210997,0.7701416162222947,0.13111445554815218,0.5393250200813462,-0.303424915376264,-0.7855328404612775,-0.5651881387692351,0.5610839613564257,-0.6047703333523802],"T_pred":[-48.62652688089391,61.41527733515601,738.0119370620189],"rotation_error":7.144361134796078,"translation_error":130.92000349160475,"ADD":0,"ADD_S":0}}
{"id_image":132,"data":{"Best_template_id":5,"GT_R":[0.637914118564015,0.7589911955505253,0.13037442865456425,0.4605982524489672,-0.2403517795925504,-0.8544474192328338,-0.6171816790605775,0.605114580789098,-0.5029141671507685],"GT_T":[-32.32562053288975,68.15823345897401,872.1100867479377],"R_pred":[0.9597837232175296,-0.0502605009522821,0.27620479121608676,0.2652874091368972,-0.15954051954960194,-0.9508782325699098,0.09185747220628807,0.9859111038353653,-0.13979091577782257],"T_pred":[-59.720552979921926,61.724933006825985,700.9333675232183],"rotation_error":53.368445653555206,"translation_error":173.47431764680175,"ADD":0,"ADD_S":0}}
{"id_image":136,"data":{"Best_template_id":58,"GT_R":[0.6600354106944448,0.740406202480797,0.1270900080057984,0.44795795697103596,-0.25209612269460635,-0.8577774293307202,-0.6030638991006646,0.6230939842572756,-0.4980636949284308],"GT_T":[-41.703830786950235,66.78205771410624,879.0299616800272],"R_pred":[0.6624483759470352,0.742586626867757,0.09862682597702072,0.39821706724087874,-0.23756897143011058,-0.8859933132770882,-0.6344961123310435,0.6261997168721859,-0.4530878480228595],"T_pred":[-58.8140939583385,63.157538054335085,720.3672843058399],"rotation_error":3.467285827473119,"translation_error":159.6237558764474,"ADD":0,"ADD_S":0}}
{"id_image":143,"data":{"Best_template_id":58,"GT_R":[0.6762767509793419,0.7251910374383004,0.12941623069476577,0.44575298981464023,-0.2629889397563813,-0.855652754735089,-0.5864759181164216,0.6363460459436698,-0.5011091889577144],"GT_T":[-50.430685868303165,57.844603243715625,882.8975997053686],"R_pred":[0.7402973022805152,0.6554854783044191,0.1493274655521134,0.3990206096483735,-0.249649931461876,-0.8823023658570346,-0.5410567967524582,0.7127507975815299,-0.4463673859444276],"T_pred":[-70.51459120486818,55.814619722906805,736.1197009886829],"rotation_error":6.190044604722666,"translation_error":148.15949391904832,"ADD":0,"ADD_S":0}}
{"id_image":150,"data":{"Best_template_id":5,"GT_R":[0.6717813698857488,0.7313020958517159,0.11792659202316357,0.4435520253494427,-0.26962184464999583,-0.8547314042228551,-0.5932705628866642,0.6264997251439272,-0.505497859483298],"GT_T":[-33.296713362976575,47.898241532227246,888.623142240802],"R_pred":[0.570439864638626,0.8212081228936597,0.014682633433336312,0.0657168929916182,-0.027815524723829255,-0.9974505434154949,-0.8187060832842237,0.5699504500198326,-0.06983433049436386],"T_pred":[-34.368183868775056,54.43344360955074,606.5062853985942],"rotation_error":28.789879108690005,"translation_error":282.19457441588605,"ADD":0,"ADD_S":0}}
{"id_image":156,"data":{"Best_template_id":5,"GT_R":[0.6769550945816835,0.7262692673042738,0.11943661542972493,0.4438871484994537,-0.2734112075671149,-0.8533527000528378,-0.5871081399361316,0.6306976774456238,-0.5074692423294638],"GT_T":[-28.567146127743364,40.161018221847556,890.9004543301617],"R_pred":[0.5634352925766759,0.824038386125247,0.059172707147249703,0.19951846113080396,-0.0662169369740449,-0.9776541826871972,-0.8017063394704023,0.5626509179321346,-0.2017198299699228],"T_pred":[-34.3732709609738,43.64121324050593,660.4211974910882],"rotation_error":21.887819034783345,"translation_error":230.57864314814276,"ADD":0,"ADD_S":0}}
{"id_image":164,"data":{"Best_template_id":58,"GT_R":[0.6824470573079663,0.7225137954909262,0.11063658957795756,0.4391259733614591,-0.2842692224485817,-0.8522672199689882,-0.5843236610304181,0.6302112235368016,-0.5112735424755733],"GT_T":[-23.762040737811425,29.280461186828646,893.7244639741241],"R_pred":[0.6892564887013097,0.7138885841203639,0.12364700661869421,0.3778004131809354,-0.20851890177794397,-0.9021012777962542,-0.6182170659108788,0.6684930493759395,-0.4134304081131454],"T_pred":[-45.06863251176292,34.927344510561134,713.9796494108028],"rotation_error":6.339318418938142,"translation_error":181.09129329345575,"ADD":0,"ADD_S":0}}
{"id_image":165,"data":{"Best_template_id":58,"GT_R":[0.6840601198023191,0.7207893975172487,0.11191472949848635,0.4393282891736538,-0.2846481355031772,-0.8520367589829184,-0.5822823878341069,0.6320111669812729,-0.5113794156663587],"GT_T":[-22.7595119815758,28.663254201843763,894.1499357380856],"R_pred":[0.6545465378294928,0.7507991015506965,0.08871042174452434,0.6299564133487638,-0.47675869730251647,-0.6130710087968347,-0.4179996974833665,0.45716720536043937,-0.7850314638578124],"T_pred":[-41.902419023284295,11.794211970603602,724.5142677158482],"rotation_error":20.97703565970137,"translation_error":171.5438000662151,"ADD":0,"ADD_S":0}}
{"id_image":167,"data":{"Best_template_id":58,"GT_R":[0.684118203333783,0.720821174722675,0.11135221731001294,0.43917637370662543,-0.2852089675960809,-0.8519276773827492,-0.5823281947068615,0.6317218642483602,-0.5116852388239518],"GT_T":[-20.833274199703215,26.769287894182025,894.6259188338522],"R_pred":[0.642671207807105,0.758442080798394,0.10834818286413006,0.5035493447504051,-0.31156809724618106,-0.8058308620174782,-0.5774181985850415,0.5724429498671432,-0.5821488581885299],"T_pred":[-40.94690540145329,23.75108458558149,732.7785507112285],"rotation_error":5.528677832554613,"translation_error":163.12031841420657,"ADD":0,"ADD_S":0}}
{"id_image":169,"data":{"Best_template_id":5,"GT_R":[0.6850216025334102,0.7201534993670762,0.11011375687577829,0.4387917018008584,-0.2871957284971468,-0.8514576633245845,-0.5815551490109498,0.6315839509745675,-0.5127333950693265],"GT_T":[-19.17422057496547,25.257126799324134,895.5382949612091],"R_pred":[0.587501419250037,0.8062151045428938,0.06970859047551708,0.457644795841202,-0.2599742996652409,-0.8502791331986409,-0.6673854382728597,0.5314419711694386,-0.5216954169444892],"T_pred":[-29.628736357284055,21.351767976451743,686.5010169858716],"rotation_error":7.811972710702949,"translation_error":209.33497632052948,"ADD":0,"ADD_S":0}}
{"id_image":170,"data":{"Best_template_id":58,"GT_R":[0.6857772061155312,0.7199453886366536,0.1067207799087841,0.4361795707764318,-0.28916418534943505,-0.8521339867362825,-0.5826288584112725,0.6309233336925454,-0.5123277442675392],"GT_T":[-17.566652808994235,22.996492094650513,896.0972859397964],"R_pred":[0.7313372526214518,0.6685664075824519,0.13477678427831014,0.41267667354112547,-0.27645973121954437,-0.8679101221492056,-0.5429951989135251,0.6903542392614912,-0.4780870614130329],"T_pred":[-42.13884464861475,26.498464835852428,730.7479744084302],"rotation_error":4.573819627604866,"translation_error":167.2018278870779,"ADD":0,"ADD_S":0}}
{"id_image":171,"data":{"Best_template_id":58,"GT_R":[0.6883606628340674,0.7173419086172615,0.10761022348726389,0.43500207636178834,-0.2895253460673729,-0.8526127049082798,-0.5804589138011262,0.6337158697488233,-0.5113435060203521],"GT_T":[-16.841399320358114,22.11979667053228,896.2555867996472],"R_pred":[0.5735234405688782,0.8171828624717014,0.05729775214258509,0.5805227675772698,-0.35608539683053647,-0.7322544001154698,-0.5779828539346679,0.45322771257569405,-0.6786165788653711],"T_pred":[-33.96728177270643,13.571037641417528,740.1610838740712],"rotation_error":14.438789501806134,"translation_error":157.26369884462264,"ADD":0,"ADD_S":0}}
{"id_image":173,"data":{"Best_template_id":58,"GT_R":[0.6908636353693461,0.715039298132451,0.10689895086622683,0.4322691843696552,-0.2900054971153306,-0.8538387098018856,-0.579525685981594,0.6360952054709046,-0.5094438026766592],"GT_T":[-15.734271975506159,21.291658205913958,896.8865988323015],"R_pred":[0.5441825892111265,0.8308108489336906,0.11669894127006525,0.6334760264182572,-0.31570018941551,-0.7064287043689167,-0.550066753724318,0.4583521830395171,-0.6980973017782688],"T_pred":[-36.845732758601066,9.793274192414572,806.4738980165691],"rotation_error":16.56123659892932,"translation_error":93.55406501116445,"ADD":0,"ADD_S":0}}
{"id_image":175,"data":{"Best_template_id":5,"GT_R":[0.6918868094067722,0.7142109633588526,0.10581116511776163,0.4301191322309749,-0.29001855560551204,-0.8549197194711231,-0.579904665243123,0.6370191537298536,-0.5078561689636755],"GT_T":[-14.821643318215797,22.295283599900372,897.3562744521078],"R_pred":[0.6203076958066726,0.7821126424321256,0.05931422317500651,0.2640925601921942,-0.13705283032857096,-0.954710239470626,-0.7385617659845036,0.6078785538631594,-0.29156505548348094],"T_pred":[-27.4572683537359,29.96043011482453,661.4307193028691],"rotation_error":15.507514912656541,"translation_error":236.38798840806183,"ADD":0,"ADD_S":0}}
{"id_image":259,"data":{"Best_template_id":5,"GT_R":[0.7649842112420032,0.6369124164892528,0.09561584591354641,0.3514021893939872,-0.28834529863785163,-0.89071594975474,-0.5397363286987151,0.7149824786153139,-0.4443920162026579],"GT_T":[-14.428875882531715,40.4942990755136,857.0802095579377],"R_pred":[0.6880896761121652,0.7227527281652197,0.06450652337234786,0.394361331402823,-0.29785784496224793,-0.8693444912626054,-0.6091073287377586,0.6236258478640677,-0.48997863622179944],"T_pred":[-32.51755038195846,30.54289478329131,663.8529272277364],"rotation_error":7.238249381802587,"translation_error":194.32707796199892,"ADD":0,"ADD_S":0}}
{"id_image":388,"data":{"Best_template_id":5,"GT_R":[0.7588079856111029,0.6344106297399548,0.1474255044605797,0.34230130790487484,-0.1958759309854351,-0.9189465954567848,-0.5541117743817283,0.7477678561778615,-0.3657921741905913],"GT_T":[46.495297014960165,70.60816815547896,808.3245444708806],"R_pred":[0.7117381496380004,0.6908269279679113,0.12722799198405121,0.27700438766932073,-0.10958289679392133,-0.9545994751424272,-0.6455210109375373,0.7146675760972168,-0.2693564183633067],"T_pred":[10.09682058029695,59.22970113943252,710.0842853442489],"rotation_error":7.8555798176699545,"translation_error":105.38248009829593,"ADD":0,"ADD_S":0}}
{"id_image":516,"data":{"Best_template_id":5,"GT_R":[0.8654641936916746,0.4842397849970627,0.12838859972248712,0.295506091283124,-0.28651227472720875,-0.9113662415706376,-0.4045340917912968,0.8266945954786051,-0.3910619638613581],"GT_T":[3.8160990153508196,8.542365591741637,800.4375351990409],"R_pred":[0.8193228237457527,0.5686371353888567,0.07322512373523721,0.33486634595858333,-0.3709534617832445,-0.8661743817126971,-0.4653758060252297,0.7341970698986627,-0.4943480774905329],"T_pred":[-27.19460857446096,1.1007160705093648,703.0839588403197],"rotation_error":8.6919464134343,"translation_error":102.44394058533194,"ADD":0,"ADD_S":0}}
{"id_image":520,"data":{"Best_template_id":5,"GT_R":[0.8661228406450716,0.483567797368866,0.12646779610151693,0.29434434161171047,-0.288956686170711,-0.9109696381467124,-0.40397104055239125,0.8262367005411394,-0.3926075649004258],"GT_T":[7.923569231164734,6.717105319907798,800.1230853665286],"R_pred":[0.9088541951346735,0.40231789969924503,0.11011066963602008,0.2557139601102144,-0.3288569991407597,-0.9091003490929294,-0.3295366786730367,0.8543965014545193,-0.4017613666237972],"T_pred":[-28.29658966488755,1.9371929348374144,869.6234866836592],"rotation_error":5.467567162163888,"translation_error":78.51785310428725,"ADD":0,"ADD_S":0}}
{"id_image":524,"data":{"Best_template_id":5,"GT_R":[0.861501924013584,0.4912402369352546,0.128444133993042,0.2988169381529846,-0.2859896389607758,-0.9104500987384043,-0.41051505396819243,0.8227358298125109,-0.3931716376515581],"GT_T":[19.45004166801687,5.433138756254394,800.7804525968735],"R_pred":[0.8520719144408188,0.5020075599720092,0.14819535199225445,0.33684598581331127,-0.3091996374363317,-0.889342659524831,-0.40063478938132313,0.8077029119299934,-0.4325595584392885],"T_pred":[-14.090430530983822,-0.1302838113200942,840.7330980186716],"rotation_error":2.8357598693228234,"translation_error":52.46073600510445,"ADD":0,"ADD_S":0}}
{"id_image":526,"data":{"Best_template_id":5,"GT_R":[0.8552554462059663,0.5008566795607347,0.13296825517859157,0.3050960295707883,-0.27926858515902897,-0.9104534968626856,-0.4188725421656123,0.819238820829543,-0.3916555783525943],"GT_T":[29.034035288282364,7.965874953985297,801.0720670350939],"R_pred":[0.8765744448554202,0.4643062824632266,0.12663695626313326,0.25838845041147507,-0.23204941430974818,-0.9377571530052222,-0.40602050603432455,0.8547354826984086,-0.3233799673695786],"T_pred":[-6.875747898573186,4.432547255578281,890.9054754362559],"rotation_error":4.633637646096926,"translation_error":96.80928776786479,"ADD":0,"ADD_S":0}}
{"id_image":527,"data":{"Best_template_id":5,"GT_R":[0.8548691755272434,0.5008807818013546,0.13534307782532246,0.3057818126187036,-0.27563828143078156,-0.9113293161581291,-0.4191607025910492,0.8204526240802096,-0.3887947851304786],"GT_T":[30.771955073280267,10.001947409364726,800.8293739447887],"R_pred":[0.8876348572121979,0.43878645792502147,0.13989569186895937,0.2697705063708933,-0.2491809053839405,-0.9301251261440213,-0.3732669743685789,0.8633512151689213,-0.33955330231360387],"T_pred":[-4.7940182785815555,7.977911510768623,904.6867714677437],"rotation_error":4.7384075791300955,"translation_error":109.79705916838235,"ADD":0,"ADD_S":0}}
{"id_image":532,"data":{"Best_template_id":5,"GT_R":[0.8579037723017904,0.49619792763207915,0.13337552350030837,0.3005039584558083,-0.2739943979778625,-0.9135781892708337,-0.4167702072886427,0.8238421742350424,-0.38417056580698467],"GT_T":[32.43606343592678,17.86968674925179,801.89487568342],"R_pred":[0.864766889349381,0.48274512682110826,0.13833065320263452,0.2566581110020457,-0.188110162794152,-0.9480196098765147,-0.43163044510536674,0.8553196532197945,-0.28657189267985317],"T_pred":[-3.174184807507917,14.059697079560104,830.7754233650062],"rotation_error":5.939514408198086,"translation_error":46.00751933793624,"ADD":0,"ADD_S":1}}
{"id_image":537,"data":{"Best_template_id":5,"GT_R":[0.8634470671225049,0.4844578429529784,0.14057199405369677,0.3028936251657771,-0.2750847030035373,-0.9124602808591744,-0.40337865881085794,0.8304396429284202,-0.3842605402086588],"GT_T":[25.932085394918868,18.91656003359758,808.8726613578451],"R_pred":[0.8128016086940308,0.5732667656271196,0.10353144610125795,0.32432979426702035,-0.2976919381043641,-0.8978806683175554,-0.4839046698008904,0.7633771842379683,-0.42789197834243464],"T_pred":[-7.4493894244407075,12.509014503203753,727.6840051581244],"rotation_error":6.522604098730835,"translation_error":88.01691539900762,"ADD":0,"ADD_S":0}}
{"id_image":539,"data":{"Best_template_id":5,"GT_R":[0.8639730077357626,0.48150612174260715,0.1473184387013058,0.3070750032066101,-0.27196254550077537,-0.9119989591424383,-0.3990678245470589,0.8331800473425872,-0.38282728112382525],"GT_T":[23.100467099498797,17.93596319053748,811.7585503400318],"R_pred":[0.7986262385130625,0.5893688038988042,0.12182177206628508,0.36844577063696543,-0.31875490013425034,-0.8732943534342453,-0.4758611617459547,0.7423205012872115,-0.4717164700437047],"T_pred":[-10.65702887635948,9.77341839268407,694.856024869364],"rotation_error":8.703430330534799,"translation_error":121.95243389763561,"ADD":0,"ADD_S":0}}
{"id_image":543,"data":{"Best_template_id":5,"GT_R":[0.8769339443397496,0.45999199489159137,0.13926526804915443,0.2936311758613185,-0.28338102336452936,-0.9129496253041552,-0.3804838847873731,0.8414881377481929,-0.3835746933239473],"GT_T":[12.185826706149266,13.430401902909763,820.7521719192562],"R_pred":[0.8677318866757299,0.48684414306907847,0.10012069319333133,0.28899291080282336,-0.3303015324895466,-0.8985454886319159,-0.4043815900259184,0.808630742672075,-0.4273076779718783],"T_pred":[-19.82502361685573,10.027328760180708,805.0390342528823],"rotation_error":3.6984003892766903,"translation_error":35.82147596818158,"ADD":0,"ADD_S":1}}
{"id_image":544,"data":{"Best_template_id":5,"GT_R":[0.8781951092493148,0.45825500836840705,0.13702506994110591,0.29069565913762313,-0.283864397387183,-0.9137383423261192,-0.37982783882480364,0.8422731736505968,-0.3825013652412342],"GT_T":[11.588875603599794,13.307165464212863,822.5522158187645],"R_pred":[0.8763865066098863,0.474686241085104,0.08136131486532275,0.2508496738751667,-0.30570048439296954,-0.9184887886951187,-0.4111217972193182,0.8253606401848821,-0.3869866683553318],"T_pred":[-21.971114693310984,11.042595298669893,807.8039158736111],"rotation_error":3.327271850199453,"translation_error":36.727558835779206,"ADD":0,"ADD_S":1}}
{"id_image":550,"data":{"Best_template_id":5,"GT_R":[0.8869297716371891,0.44303504955071454,0.1306732401832801,0.27634932022961933,-0.2822753581739705,-0.918668629948489,-0.3701157658623953,0.8509061547985285,-0.37279051025512566],"GT_T":[5.702747332960268,21.8474163661836,834.2083958400482],"R_pred":[0.8938576461132016,0.431798107932328,0.1207017086499926,0.2918608379937213,-0.3560267407371228,-0.8877286810313747,-0.3403465288945501,0.8287311710477427,-0.44426218205387236],"T_pred":[-26.768578406208984,22.176965513694313,835.9349750788871],"rotation_error":4.690630903164904,"translation_error":32.51886642808833,"ADD":0,"ADD_S":1}}
{"id_image":556,"data":{"Best_template_id":5,"GT_R":[0.8907513547405725,0.4365209204081614,0.12654061547378614,0.2684809404328259,-0.28073535294686774,-0.9214702619995131,-0.36671542311083805,0.8547734077536802,-0.3672621491434572],"GT_T":[5.093536284960196,23.540235479908205,844.4482065881443],"R_pred":[0.8793762059777078,0.4656046287973673,0.09954806880456168,0.28166543001281197,-0.34015053319330657,-0.8971968570520111,-0.38387768090363067,0.8170128177763033,-0.43026501332699046],"T_pred":[-25.160072462987653,23.76356071157707,828.8331685010867],"rotation_error":4.380490841503115,"translation_error":34.04644079626045,"ADD":0,"ADD_S":1}}
{"id_image":561,"data":{"Best_template_id":5,"GT_R":[0.8965042926624477,0.42632959588444536,0.12051527702775854,0.26131568216951256,-0.2891811380295447,-0.9209177631510784,-0.3577625086369729,0.8570986254307195,-0.3706583503565306],"GT_T":[3.557011886908218,21.78284808886885,854.758106324939],"R_pred":[0.9283242652034445,0.34320727855124067,0.14290844126200547,0.272519970546244,-0.36674016348305466,-0.8895136413467174,-0.25287729096927486,0.8647025016951629,-0.43398463022803846],"T_pred":[-28.54914878952023,25.22711781614575,885.0566322732464],"rotation_error":7.093682882447291,"translation_error":44.27944468910071,"ADD":0,"ADD_S":1}}
{"id_image":567,"data":{"Best_template_id":5,"GT_R":[0.8992040200834351,0.4204611037080947,0.12101643553440672,0.2585843745309189,-0.2875910743149252,-0.9221857858925586,-0.3529389067580529,0.8605256333152917,-0.36732789205288285],"GT_T":[4.172333453857294,23.20573082862815,863.0567611066916],"R_pred":[0.8796184949529375,0.4689275103698466,0.0798642182398841,0.2713726973656717,-0.3568017793643541,-0.8938956031701413,-0.39067654454959283,0.8079600734323253,-0.4411035675190371],"T_pred":[-22.366040657974427,21.439829185159162,743.2339070321833],"rotation_error":5.704462147450031,"translation_error":122.73923605626223,"ADD":0,"ADD_S":0}}
{"id_image":574,"data":{"Best_template_id":5,"GT_R":[0.8996370555915687,0.42044859690166486,0.11779882918271789,0.25434115374602906,-0.28531535830295374,-0.9240701022535066,-0.3549139520146454,0.8612889604158087,-0.3636176247142869],"GT_T":[11.454810878511175,26.63342113831107,870.2397383746151],"R_pred":[0.8786911566918818,0.46995273969442464,0.0839420848274996,0.24808531863491823,-0.29928657384489016,-0.9213475030595124,-0.4078670443040157,0.8304047020398497,-0.37956884092456095],"T_pred":[-16.097798323471654,24.53988580651864,775.6482813313388],"rotation_error":3.689237317224274,"translation_error":98.54477616592686,"ADD":0,"ADD_S":0}}
{"id_image":575,"data":{"Best_template_id":5,"GT_R":[0.9004932103361144,0.41894781272730414,0.11659356017481093,0.2521594822790489,-0.28459979799188434,-0.9248888170342752,-0.35429657177281604,0.862256470768618,-0.36192226966656177],"GT_T":[12.434356961302438,26.3921893707338,870.8907048532199],"R_pred":[0.9177096133653593,0.38074351094690656,0.11332892132472529,0.20719402286834904,-0.21535184281345493,-0.9543030025544712,-0.33893908364842346,0.8992541146242656,-0.2765182361199622],"T_pred":[-16.21948369455181,30.845818481674236,878.5876058543452],"rotation_error":5.489855562419261,"translation_error":30.00199462719146,"ADD":0,"ADD_S":1}}
{"id_image":582,"data":{"Best_template_id":5,"GT_R":[0.9032037275662492,0.41239811848052216,0.11895414245483384,0.2469510076747781,-0.2726344759349449,-0.9298854210718458,-0.35105121883618107,0.8692522717707266,-0.34808673853829186],"GT_T":[17.77187572091664,33.72072581927327,878.3426483926536],"R_pred":[0.903585650580943,0.4245975636516581,0.057007727592756824,0.22517763840728966,-0.35751024463202996,-0.9063561420018412,-0.3644557630570955,0.8318072696990705,-0.4186510036417541],"T_pred":[-9.89384495213186,36.96760735260243,797.8378869289747],"rotation_error":5.553908632466731,"translation_error":85.1877394838861,"ADD":0,"ADD_S":0}}
{"id_image":587,"data":{"Best_template_id":5,"GT_R":[0.9027632553008207,0.41576992613944586,0.11024859627248099,0.24523830809518274,-0.28693522388566395,-0.9260274515529041,-0.3533787938802379,0.8630207530061098,-0.3609971472101429],"GT_T":[23.5575568412904,27.63050177668766,881.2327997089425],"R_pred":[0.846818457041086,0.5286183033552619,0.05883188057811867,0.3471838086276298,-0.4655692654278631,-0.8140691998324056,-0.40294156380468754,0.7097943000945867,-0.5777803628645306],"T_pred":[-4.046207247729342,19.274634704886008,695.1953551211582],"rotation_error":15.542597547635127,"translation_error":188.25971182161305,"ADD":0,"ADD_S":0}}
{"id_image":589,"data":{"Best_template_id":5,"GT_R":[0.9016204277351313,0.41821250420867057,0.1103595131181279,0.24621861391178315,-0.28648965791602726,-0.9259051736992147,-0.3556081620324539,0.861987402200481,-0.3612766949343326],"GT_T":[27.170496973680685,27.254888104802788,882.1893013210654],"R_pred":[0.8975488051036347,0.4257899677478791,0.11449474146133579,0.2480082681225268,-0.2728379644899148,-0.9295436213948569,-0.3645518363688529,0.8627064092136214,-0.35048482149992893],"T_pred":[-0.7939118373300285,30.654938239485293,844.4372631624838],"rotation_error":0.8967777913502244,"translation_error":47.103979515479274,"ADD":0,"ADD_S":0}}
{"id_image":593,"data":{"Best_template_id":5,"GT_R":[0.9032909262145532,0.4150029118157116,0.10880082509914876,0.24254109301931662,-0.28477795126887245,-0.9274026399310213,-0.3538899189914769,0.8641034006802233,-0.35789301188945016],"GT_T":[28.789480739137684,30.277675768892948,884.887859156487],"R_pred":[0.9334240684964088,0.3458587292906099,0.0954004597740268,0.2035252076181543,-0.29146742034763284,-0.934678678873057,-0.29546065425974793,0.8918679735529136,-0.34245367502046287],"T_pred":[0.19421305971609037,34.18538554975537,884.246799234958],"rotation_error":4.422837084298759,"translation_error":28.868156976367782,"ADD":0,"ADD_S":1}}
{"id_image":594,"data":{"Best_template_id":5,"GT_R":[0.9052215166920575,0.41099899629692926,0.10794990450636657,0.24001082978472224,-0.28487352238479496,-0.9280318218636461,-0.3506675924521398,0.865983683882484,-0.35651760744778965],"GT_T":[26.171481550628258,30.75782878297821,886.1364613783302],"R_pred":[0.9138631434379374,0.39316487458498506,0.10136832078270253,0.250685634198173,-0.3499754040257664,-0.9025928923848566,-0.3193914023144513,0.8502579596625807,-0.4183904087787312],"T_pred":[-2.415310823226267,34.493554179023306,846.2926776276722],"rotation_error":4.150066623441722,"translation_error":49.180152968750704,"ADD":0,"ADD_S":0}}
{"id_image":604,"data":{"Best_template_id":5,"GT_R":[0.9143632449331407,0.3934361168339078,0.0956479627292417,0.22232594697437036,-0.2904337535249344,-0.9307091498813915,-0.3383941253984235,0.8722716745020261,-0.35303317824784075],"GT_T":[19.528647627531996,28.81061077953974,896.3091815318968],"R_pred":[0.8479239839083056,0.5283233829091545,0.043581195308234566,0.22065233032736997,-0.2769884617623438,-0.9351951353442938,-0.48201396933508966,0.8025906771960147,-0.35144094559950423],"T_pred":[-5.6151438056650536,29.946819316213656,711.1473368447043],"rotation_error":9.159725974175062,"translation_error":186.86468351574328,"ADD":0,"ADD_S":0}}
{"id_image":608,"data":{"Best_template_id":5,"GT_R":[0.9229128916751311,0.3722970136144548,0.09811485300578462,0.21105054982019708,-0.27607514744463285,-0.93767827299852,-0.3220066816959901,0.8861030213161748,-0.3333663344601072],"GT_T":[10.78123968221409,44.670979295147475,916.6495133951776],"R_pred":[0.8966260007474731,0.4391424311113319,0.05670749492987401,0.24817176820536235,-0.39233466380851206,-0.8857111747291471,-0.36670504257429626,0.808224867701985,-0.46076021418813123],"T_pred":[-12.691098698832292,38.92735018371875,739.8020466797765],"rotation_error":8.955397995420952,"translation_error":178.4908020826252,"ADD":0,"ADD_S":0}}
{"id_image":622,"data":{"Best_template_id":5,"GT_R":[0.9267959789712116,0.36498918904700156,0.08850204647545265,0.19997956494841437,-0.28013484636828656,-0.9389000888400314,-0.31789543431858897,0.8878674567943555,-0.33261831418779403],"GT_T":[16.815756043072028,49.17847405482601,919.8432784442984],"R_pred":[0.8630557398967027,0.5046360281673365,0.021846484999892557,0.20063710871093982,-0.30280591405866075,-0.9316937957393586,-0.46355101169069834,0.8084868938248747,-0.3625870958458616],"T_pred":[-5.157962858849224,47.0727030988473,706.0054536085893],"rotation_error":9.682971689539501,"translation_error":214.97417036510953,"ADD":0,"ADD_S":0}}
{"id_image":625,"data":{"Best_template_id":5,"GT_R":[0.9260975898782667,0.3662968294722572,0.09038771361302642,0.20025911549428274,-0.27421016606333315,-0.9405878341599445,-0.31974827632627084,0.8891773649497215,-0.32729979207722276],"GT_T":[20.36165908859551,54.927285814317216,920.737373871706],"R_pred":[0.91618436962732,0.39685416065061724,0.05579405008497096,0.16063391399296573,-0.23610584263975873,-0.9583583759464254,-0.36715520767911036,0.8869953811862064,-0.2800647197139364],"T_pred":[-3.5887587106268515,61.311762939533416,850.7241209524576],"rotation_error":4.06218957412344,"translation_error":74.27139183598463,"ADD":0,"ADD_S":0}}
{"id_image":632,"data":{"Best_template_id":58,"GT_R":[0.9234052254731911,0.37305481301071564,0.09029117286253173,0.20256308954038232,-0.2738362030362353,-0.9402038486864632,-0.3260219615450417,0.8864783736354326,-0.3284294094764601],"GT_T":[28.216392372343105,63.01292790209527,920.9131508289996],"R_pred":[0.8914557095356694,0.4484923773832637,0.0645081806080767,0.1903682070357064,-0.24152657993429721,-0.9515381531684642,-0.411177168245352,0.860534426164549,-0.3006889384386858],"T_pred":[-3.0389117139035147,63.342999752459185,724.8296401584876],"rotation_error":5.344662788894182,"translation_error":198.55917540577914,"ADD":0,"ADD_S":0}}
