{"id_image":1,"data":{"GT_R":[-0.1583462056355887,-0.9838211532473856,0.08379558656381346,-0.41530224803875027,-0.010632978850169091,-0.9096217146764461,0.8957955017879705,-0.17883501691040632,-0.40690017779540216],"GT_T":[42.55157401967651,61.58585927920538,822.9039008147012],"R_pred":[-0.06539705497524417,-0.9758466482649022,0.2084383464497882,0.01131249038178822,-0.20959711518832058,-0.9777223925358856,0.9977951958001839,-0.0615822082657877,0.024746289887220496],"T_pred":[28.361489646070027,59.92621586720054,645.667946357052],"rotation_error":27.777233062526513,"translation_error":177.81084461668524,"ADD":0,"ADD_S":0}}
{"id_image":2,"data":{"GT_R":[-0.15803263985488764,-0.9838187790198125,0.08441418461960373,-0.4148747806057191,-0.011421528356545075,-0.9098073993549005,0.896049277604182,-0.17880140115667523,-0.40635698550899263],"GT_T":[42.8304979055682,62.02154476442515,822.9506009214655],"R_pred":[-0.20883870652860348,-0.9721417509402905,0.10642749050036687,-0.30640861744677544,-0.038303371352348625,-0.951129124197866,0.9287088638587528,-0.23124287626171303,-0.28987338333899276],"T_pred":[42.39961132659,55.06789650788264,775.6773801427953],"rotation_error":7.56132657276235,"translation_error":47.78384967861583,"ADD":0,"ADD_S":0}}
{"id_image":3,"data":{"GT_R":[-0.15779743146680625,-0.9838369792581829,0.08464669967091135,-0.4148024963329759,-0.011749794497475912,-0.9098355173641509,0.8961241248015523,-0.17868111874518916,-0.40624387194712275],"GT_T":[42.845064822868956,62.130623695843084,822.8008375652248],"R_pred":[-0.12907310804915373,-0.9669076633265627,0.22006749732501985,-0.23667314234560594,-0.1854728051547665,-0.9537220046954344,0.9629776510754482,-0.1751839294809548,-0.20490152361762426],"T_pred":[31.74851727438766,58.41420054480457,735.9477795748398],"rotation_error":14.551260720022244,"translation_error":87.63788479199197,"ADD":0,"ADD_S":0}}
{"id_image":4,"data":{"GT_R":[-0.15741152935102495,-0.9839440407986826,0.08411066316440706,-0.4153372395966665,-0.011309386980384842,-0.9095968263108207,0.8959438916629607,-0.17811570155080117,-0.4068889599157178],"GT_T":[42.645385459448,61.98569971439058,822.8965382615792],"R_pred":[-0.23610657013813785,-0.8032013676192158,0.5469197844220175,-0.6409960064496825,-0.2942759911076348,-0.708890513953444,0.7303271919168581,-0.517947105515844,-0.44536837408441554],"T_pred":[0.5840699880705221,47.340477792228526,641.7761060068467],"rotation_error":30.92746881528145,"translation_error":186.5160791043851,"ADD":0,"ADD_S":0}}
{"id_image":5,"data":{"GT_R":[-0.15790591871525297,-0.9837983452765353,0.08489423414273752,-0.41543416455518334,-0.011806921511130148,-0.9095460992460555,0.8958120305309055,-0.17889118138021376,-0.40683935156203016],"GT_T":[43.29212522483015,61.80079986617025,822.9632199239701],"R_pred":[-0.18387299309079863,-0.9601080800140989,0.2106731997750822,-0.03977203164464299,-0.2068850008915023,-0.9775565364238429,0.9821450544144121,-0.18812514743585884,-0.00014488460108541545],"T_pred":[34.644031249498696,58.32671990206539,753.5426309969216],"rotation_error":24.96710045701356,"translation_error":70.0433931786675,"ADD":0,"ADD_S":0}}
{"id_image":6,"data":{"GT_R":[-0.1569426568310369,-0.9839816441580597,0.08455437091242521,-0.41601435596203135,-0.011782007597012461,-0.9092816341569944,0.8957123771976532,-0.17788110579957525,-0.40750174400170014],"GT_T":[44.2607397932567,61.7753735130544,823.0216354408351],"R_pred":[-0.051328024777673176,-0.9919839239662883,0.11547003275684753,-0.09506108567132177,-0.11024448097674666,-0.9893480400774832,0.994147284794065,-0.06175798739120847,-0.08864043732955729],"T_pred":[46.190302186853025,55.51323373243992,826.2024582227699],"rotation_error":20.615271639763165,"translation_error":7.283902747347125,"ADD":0,"ADD_S":1}}
{"id_image":7,"data":{"GT_R":[-0.15705936410028656,-0.9841323734994906,0.08255032534630204,-0.41499354140319156,-0.010082982911426376,-0.9097688350859876,0.8961646853924014,-0.177145638649621,-0.4068258093004487],"GT_T":[45.51179245161532,61.560683630120536,822.9387319482911],"R_pred":[-0.10927575278200208,-0.9631849285832397,0.24562899503932023,0.04465180019321863,-0.251615892582542,-0.9667965966734655,0.9930080697524224,-0.09467964908041376,0.070503457054091],"T_pred":[31.87857610377399,57.75470086648817,714.0707569531223],"rotation_error":30.29395952192068,"translation_error":109.78427060527754,"ADD":0,"ADD_S":0}}
{"id_image":8,"data":{"GT_R":[-0.15579614019363938,-0.9843155585204368,0.08276163229703672,-0.41668708518663744,-0.010475407733961927,-0.9089890701184531,0.8955996524771855,-0.17610362034022525,-0.4085203908219314],"GT_T":[46.56239246449918,61.49736344951279,822.8965065315003],"R_pred":[-0.2111774347363891,-0.9515964316300212,0.22331216350026423,0.09626366049599366,-0.24760158392532755,-0.9640678209055529,0.9726959436155116,-0.18209252303891993,0.1438920231536488],"T_pred":[36.14335073972392,56.67700602159672,732.6191282545317],"rotation_error":33.31678508481389,"translation_error":91.00438068993363,"ADD":0,"ADD_S":0}}
{"id_image":9,"data":{"GT_R":[-0.1547964779518168,-0.9844460504095404,0.08308344243405213,-0.4158536061094623,-0.011357023106960143,-0.9093604580061857,0.8961602082813795,-0.1753158863328059,-0.4076275401434842],"GT_T":[47.28014787951138,61.099323518725065,822.6373588029891],"R_pred":[-0.16179691216185355,-0.9495915834525595,0.26850993249961913,-0.1231480694051778,-0.25053882390478166,-0.960242079226997,0.979109959206149,-0.1884306831502489,-0.07640396214113243],"T_pred":[33.80979281991249,56.494259840221865,762.4324422682341],"rotation_error":22.25175863024372,"translation_error":61.86508750395121,"ADD":0,"ADD_S":0}}
{"id_image":10,"data":{"GT_R":[-0.15383472797850795,-0.9845993650704331,0.08306133582468654,-0.415597329991533,-0.011790280212313216,-0.9094718065910913,0.8964444803492571,-0.17442839247772207,-0.4073833165178625],"GT_T":[47.48810963313928,60.42553695251074,822.567648079057],"R_pred":[-0.1842779855239144,-0.961792011913116,0.2024790109403155,0.26052037391698585,-0.24643557361602325,-0.9334873554744572,0.947718712923514,-0.11927126173836672,0.2959790656413662],"T_pred":[34.719438051090435,53.19236497245088,651.2390285772806],"rotation_error":42.031002345536066,"translation_error":171.95596416306074,"ADD":0,"ADD_S":0}}
{"id_image":11,"data":{"GT_R":[-0.15256302487863727,-0.9850259307758269,0.08030132385433192,-0.41542760855174066,-0.009807881725643834,-0.9095737780665625,0.896740345421121,-0.1721275192536799,-0.4077108210903343],"GT_T":[47.87566223340585,59.34031495339912,822.2464066906937],"R_pred":[-0.3119460906634973,-0.9312423803816801,0.18835409605533832,0.0578979140271324,-0.21651051397794108,-0.9745619677005226,0.9483340487776806,-0.29310548667343345,0.12145659970072409],"T_pred":[31.695410617114103,59.03847574109467,584.1864030763368],"rotation_error":32.01258834913367,"translation_error":238.6094234730561,"ADD":0,"ADD_S":0}}
{"id_image":12,"data":{"GT_R":[-0.1526285828219915,-0.9850921149786894,0.07935831879599643,-0.41522948739749344,-0.008947480971756159,-0.9096728045538365,0.8968213237209509,-0.17179441951705485,-0.4076738434150166],"GT_T":[48.53958877541468,59.18805284270743,822.1883466228761],"R_pred":[-0.18414290260204946,-0.9776369404716125,0.1015746230443238,-0.4304900099401164,-0.012683695243718929,-0.9025062189352061,0.8836117601996083,-0.20991697525514386,-0.41852732376355173],"T_pred":[44.8714497858044,52.15441905786965,754.0398847203965],"rotation_error":2.42645596892905,"translation_error":68.60860082773901,"ADD":0,"ADD_S":0}}
{"id_image":13,"data":{"GT_R":[-0.15227664272106334,-0.9851348784709688,0.07949907669942678,-0.4155448161973668,-0.009165022436699432,-0.9095262234484868,0.8967349078264489,-0.17153523176746563,-0.40797189230009046],"GT_T":[48.65776869179988,58.799577914668646,821.9160006483576],"R_pred":[-0.2537713216553169,-0.9512445849489477,0.17531074100184962,-0.2007762282663088,-0.1254931671031122,-0.971565937635519,0.9461971372121502,-0.28175380142197587,-0.15914073305033205],"T_pred":[43.151961642664766,54.20805505081935,792.5256856460352],"rotation_error":16.29345184759694,"translation_error":30.25205132560919,"ADD":0,"ADD_S":1}}
{"id_image":14,"data":{"GT_R":[-0.15109725757889578,-0.985433368836935,0.07803615351000139,-0.4149750490927021,-0.008417665525612742,-0.9097939358673083,0.8971984773698444,-0.1698506771983158,-0.4076592634413345],"GT_T":[48.47048526175287,58.75547222940365,821.8559818688233],"R_pred":[0.12140150774188896,-0.9908822406424009,0.05842995034647047,-0.19208698536015673,-0.08120527693425245,-0.9780124196825306,0.9738399580902619,0.10750854932295512,-0.2001940255083321],"T_pred":[48.18111608398052,54.97131925357077,738.5585655963247],"rotation_error":20.777706772490145,"translation_error":83.38383000282167,"ADD":0,"ADD_S":0}}
{"id_image":15,"data":{"GT_R":[-0.15357690914216418,-0.9851072756534358,0.07731282205272384,-0.41560359734433044,-0.006588739220752803,-0.9095219993238289,0.8964852487044108,-0.1718125915655353,-0.4084029045744983],"GT_T":[49.14289900324064,58.637595011338206,822.0679075803913],"R_pred":[-0.23426739481794245,-0.9692019942766885,0.07593603897560408,-0.5672007940552648,0.07282513068184704,-0.8203534357606175,0.7895581339890635,-0.23525304382996243,-0.5667926943957959],"T_pred":[49.15947794735519,44.07144199043095,774.0005120948056],"rotation_error":11.801561889217727,"translation_error":50.22596537108651,"ADD":0,"ADD_S":0}}
{"id_image":16,"data":{"GT_R":[-0.15290928153865535,-0.9850803560490009,0.07896629315032352,-0.4158450489458961,-0.00834975722912386,-0.9093972312579085,0.8964879283722151,-0.17189248521917955,-0.4083647482837138],"GT_T":[49.59742022525268,58.854029780467606,822.2400349399676],"R_pred":[-0.22219367196057904,-0.9558629917826147,0.19223920797033972,0.05752617163672258,-0.20967673397836534,-0.9760770496251758,0.9733040181348769,-0.2058193580996568,0.10157598197383244],"T_pred":[40.938367402969135,55.61607584591099,730.3556972930362],"rotation_error":30.532495198867917,"translation_error":92.34822708789108,"ADD":0,"ADD_S":0}}
{"id_image":17,"data":{"GT_R":[-0.15076378308705704,-0.9855670966369384,0.07698962093256773,-0.4154247789831728,-0.007506855509972174,-0.9095961248476568,0.8970455575188006,-0.16911766956691734,-0.4082974125133024],"GT_T":[49.29350705558497,59.134598219717,822.4986869150869],"R_pred":[-0.08894272536788406,-0.9661115941359522,0.2423171048032352,-0.21306400340730408,-0.219195775123446,-0.9521328387468231,0.9729814602838974,-0.1363143420338469,-0.18634773435621355],"T_pred":[36.332080692071266,55.33515673465519,744.0995837503243],"rotation_error":17.021096402482613,"translation_error":79.55409295576362,"ADD":0,"ADD_S":0}}
{"id_image":18,"data":{"GT_R":[-0.15160638116089747,-0.985355622542534,0.07803549361277749,-0.41608683018311193,-0.007992442098478181,-0.9092896978707042,0.8965966125267377,-0.1703235920110646,-0.4087821891094884],"GT_T":[50.07572140303995,59.719893031649804,822.8219721020808],"R_pred":[-0.1246587822087174,-0.9738966665326212,0.18969836829790715,0.040101648694508996,-0.1959788721027751,-0.9797878032825815,0.9913889477849862,-0.11453193705675685,0.06348534952101459],"T_pred":[39.74552218188808,57.058338861156216,692.6282403843622],"rotation_error":28.86256793717254,"translation_error":130.63002972186925,"ADD":0,"ADD_S":0}}
{"id_image":19,"data":{"GT_R":[-0.15103546689739372,-0.9854201255323822,0.07832437514360482,-0.4146685238761401,-0.008767827147741524,-0.9099300453190213,0.8973497436264738,-0.16991070632834773,-0.4072990281390963],"GT_T":[49.820001686897925,60.063099454328565,823.0407170687821],"R_pred":[0.11439854707672759,-0.984914503575798,0.12983217271837294,-0.27367093306140283,-0.15687752178403547,-0.9489434459208835,0.9549959124645693,0.07302645962210563,-0.2874890317403881],"T_pred":[50.013635124515034,52.948030724709405,848.6247679588748],"rotation_error":17.87777865842109,"translation_error":26.555702906950554,"ADD":0,"ADD_S":1}}
{"id_image":20,"data":{"GT_R":[-0.15150678371315737,-0.9855106706172049,0.07624853351623499,-0.41384481888924807,-0.0068092390273514014,-0.9103214669591938,0.8976511552137498,-0.16947424318055532,-0.4068176986281167],"GT_T":[50.1196203109199,60.53995615747846,823.4019786674165],"R_pred":[-0.05297504906775585,-0.9943454185838944,0.09203712684286203,-0.16048648795468357,-0.08249100381139007,-0.9835849335335312,0.9856154074283946,-0.06687617536469498,-0.15520903906780187],"T_pred":[53.0051717127724,53.97413738104014,839.1902362425409],"rotation_error":16.609251926234073,"translation_error":17.340861003890055,"ADD":0,"ADD_S":1}}
{"id_image":21,"data":{"GT_R":[-0.15106293268934773,-0.9856259914311453,0.07563919169003912,-0.413657418072351,-0.006467459521522007,-0.9104097498566026,0.8978118655032858,-0.16881745658099873,-0.4067348157402659],"GT_T":[50.72777894580116,61.18816391964793,823.6588222022759],"R_pred":[-0.2796313396492492,-0.9440736962238256,0.17473170858275827,-0.19092504938486238,-0.12367884676772123,-0.9737818895315287,0.9409324839771205,-0.305660594386143,-0.14566283546655145],"T_pred":[39.73617312714715,58.16213161918716,701.9436822785234],"rotation_error":17.45483531306332,"translation_error":122.2478938739427,"ADD":0,"ADD_S":0}}
{"id_image":22,"data":{"GT_R":[-0.15188260971127257,-0.9855097503534039,0.07550472284726299,-0.4127934988047674,-0.006163068284956848,-0.9108034134235639,0.8980715495655631,-0.16950346645009243,-0.4058763551618122],"GT_T":[51.03872960570556,61.85343161915094,823.8518618483595],"R_pred":[-0.030629591845604653,-0.9869565314935034,0.15804630032267258,-0.10754985732672973,-0.15394818515122094,-0.9822082184942482,0.9937277576340369,-0.04708249389059799,-0.1014316640732571],"T_pred":[48.12219457682753,57.62063163677359,811.1144022740577],"rotation_error":20.709413276066705,"translation_error":13.735561461857221,"ADD":0,"ADD_S":1}}
{"id_image":23,"data":{"GT_R":[-0.1493615782744615,-0.9860051069569431,0.0740595359331772,-0.41224682459062273,-0.005981893718375466,-0.9110522004565872,0.898745321248512,-0.1666072971928767,-0.40558484744138623],"GT_T":[51.625420559016945,61.36439210991533,824.206922141135],"R_pred":[0.17323179107486142,-0.9837558226543535,0.047066208203458526,-0.1356740092247804,-0.07116969059627631,-0.9881940287015016,0.9754913171227457,0.16480096035547304,-0.14579894952997513],"T_pred":[56.68750805089886,55.179832832148364,818.7701860533348],"rotation_error":24.997794705367262,"translation_error":9.666002406583093,"ADD":0,"ADD_S":1}}
{"id_image":24,"data":{"GT_R":[-0.1495946353927025,-0.9859054841173571,0.07490552662184481,-0.4130510014654956,-0.006516950441071595,-0.9106841791010595,0.8983369079120616,-0.16717330272547756,-0.4062548628428398],"GT_T":[51.82175457695037,60.89228671280756,824.2255408512955],"R_pred":[-0.2546457575002686,-0.9549527056779719,0.15238394963195773,-0.16735859512956613,-0.11168150203163274,-0.9795500715839984,0.9524424595866001,-0.2749410337186485,-0.1313803225538306],"T_pred":[49.127092366866385,55.176736112739434,799.6072424248882],"rotation_error":17.458570759940958,"translation_error":25.416320357204334,"ADD":0,"ADD_S":1}}
{"id_image":25,"data":{"GT_R":[-0.1496290147260206,-0.9857743613193791,0.07654655036282107,-0.4140311784784216,-0.007835226727742917,-0.9102285298103185,0.8978800840528152,-0.16788956292781043,-0.4069694246631357],"GT_T":[50.57940361682627,59.5615988282225,824.2015359852035],"R_pred":[-0.17928813907975838,-0.9636640036318231,0.1980087151859809,-0.07085088838806414,-0.18809963436824695,-0.9795910775242667,0.9812420266172559,-0.189658154727967,-0.034552417357447296],"T_pred":[41.19898988673203,56.423309689785064,744.5139254538045],"rotation_error":22.97577412099264,"translation_error":80.29916744691752,"ADD":0,"ADD_S":0}}
{"id_image":26,"data":{"GT_R":[-0.15221007188469543,-0.9854005091906837,0.07627953987900081,-0.414334604176276,-0.006450664819173822,-0.9101016137054944,0.8973059468373671,-0.17013202358553295,-0.4073037592112257],"GT_T":[49.491249450969995,57.8598546041372,824.0262964725994],"R_pred":[-0.2042926442870142,-0.9751938654020786,0.08521408552798942,-0.20813335575117947,-0.04178832553970657,-0.9772073690227372,0.9565275854432909,-0.21737217101261952,-0.19443332418926562],"T_pred":[53.05861558604687,51.56797473744065,833.2410534512685],"rotation_error":12.980935637186473,"translation_error":11.71433308279076,"ADD":1,"ADD_S":1}}
{"id_image":27,"data":{"GT_R":[-0.15120206288140645,-0.9855876865904679,0.07585233250893393,-0.41525759027767317,-0.006304586226389688,-0.9096818711776085,0.8970503587848603,-0.16904432412037365,-0.40831919287375124],"GT_T":[48.50839908108964,56.14884300194598,823.6791254810224],"R_pred":[-0.35420742388556403,-0.9065688782136976,0.22949938980030032,-0.12904406749304836,-0.19567985815099576,-0.972140433146804,0.926220669985939,-0.37395489322692904,-0.04767607704534893],"T_pred":[31.900557439689926,54.645885490752875,655.1940798076041],"rotation_error":24.689093226609693,"translation_error":169.30826884957546,"ADD":0,"ADD_S":0}}
{"id_image":28,"data":{"GT_R":[-0.15341359719745418,-0.9851155480111846,0.07753101883652173,-0.4150942006406366,-0.0069563587666424025,-0.909751612047079,0.8967496598698966,-0.17175130661289512,-0.40784910712398265],"GT_T":[47.70735087306352,55.302535888385314,823.4606136138069],"R_pred":[0.39928907777629374,-0.9159597145536515,-0.03982503839734852,-0.0263890669417422,0.03193806316006198,-0.9991414200540023,0.9164452245030804,0.39999720178568404,-0.011418802438153186],"T_pred":[45.60767741028276,54.16802548782867,637.3279310341853],"rotation_error":40.735362230342005,"translation_error":186.14798217221008,"ADD":0,"ADD_S":0}}
{"id_image":29,"data":{"GT_R":[-0.15336853112142196,-0.9852798896059456,0.07550814633588894,-0.4150662350754327,-0.005112941477653685,-0.9097770073595695,0.8967708517380927,-0.17087171953251093,-0.4081721374075477],"GT_T":[47.696062711002156,53.97104599083472,823.2560557623241],"R_pred":[-0.2425358374540425,-0.9436783476799266,0.22505009146976584,-0.1458820585927889,-0.19386297035439626,-0.9701214221457544,0.9591114599102634,-0.26811998218233235,-0.09064702214275722],"T_pred":[38.73762305452914,50.06125588303237,784.6025253104456],"rotation_error":20.688429956223615,"translation_error":39.87023346006438,"ADD":0,"ADD_S":1}}
{"id_image":30,"data":{"GT_R":[-0.15121833961897468,-0.9857032900369315,0.07431200030255894,-0.41569114112537003,-0.004794675648254317,-0.9094928496205289,0.8968463952298767,-0.16842258683774264,-0.4090238027282188],"GT_T":[48.455014555747496,53.20926789529858,822.9887496790559],"R_pred":[-0.2824500052147736,-0.9486506430109374,0.1424217401561622,-0.07736689431026766,-0.12545600565420434,-0.9890779313633865,0.9561570782141176,-0.2903837945895521,-0.03795910458394003],"T_pred":[44.940963780084715,50.209273779498226,771.4360352309218],"rotation_error":22.87838466290724,"translation_error":51.75935552650969,"ADD":0,"ADD_S":0}}
{"id_image":31,"data":{"GT_R":[-0.15101741970800592,-0.9857059093623483,0.07467425477732383,-0.4174597511815229,-0.004881309395622853,-0.9086826376266636,0.896057875173646,-0.16840043093290288,-0.4107557802498811],"GT_T":[49.2394237173076,52.92941784920575,822.7912084380266],"R_pred":[-0.2565978250368339,-0.9585128436301746,0.12413977921022196,0.14188900880996563,-0.1644062504215834,-0.976134260233315,0.9560465811691874,-0.23285985789378105,0.17818872359494642],"T_pred":[33.62336275096121,55.95267558102792,526.3725362589362],"rotation_error":34.709810723286715,"translation_error":296.84512908894555,"ADD":0,"ADD_S":0}}
{"id_image":32,"data":{"GT_R":[-0.15363685782358716,-0.9851909830426218,0.07612302128119014,-0.4177242193050369,-0.005059421655575128,-0.9085599847606683,0.8954895091203456,-0.17138662694016346,-0.41076128391437233],"GT_T":[50.07678531529566,52.47788123915748,822.7594244286538],"R_pred":[-0.21926023715928455,-0.9299718525182756,0.2950886340145634,0.07410559511463394,-0.3174483073001767,-0.9453755512836993,0.9728480401242324,-0.1854155487438397,0.13851990871517583],"T_pred":[33.53604259935176,48.22996146478836,723.9640200247461],"rotation_error":34.51354549157682,"translation_error":100.26052524965243,"ADD":0,"ADD_S":0}}
{"id_image":33,"data":{"GT_R":[-0.15221147341694857,-0.9852961174452394,0.07761151333394058,-0.41857762922732006,-0.006872226032325503,-0.9081549121184503,0.8953342799818466,-0.1707173462567264,-0.4113769877054842],"GT_T":[50.900973333325325,51.69318502615669,822.7714119511937],"R_pred":[-0.059046648364955545,-0.9780014211138027,0.2000667728940695,0.09811690445299426,-0.2051318826346698,-0.9738038733684098,0.9934216458168339,-0.0378699224469497,0.10807082213268604],"T_pred":[35.59221458129762,50.879434574558374,639.4829955346556],"rotation_error":32.63253408843628,"translation_error":183.92842052496275,"ADD":0,"ADD_S":0}}
{"id_image":34,"data":{"GT_R":[-0.15120632492930353,-0.9854312351876413,0.07785600031716257,-0.41879150736930665,-0.007482489981118927,-0.9080518054205726,0.8954047706839996,-0.16990818499388508,-0.4115588075095791],"GT_T":[51.754111214016056,51.29890654482172,822.737193757377],"R_pred":[0.8614164023728632,0.02091519256941146,-0.5074685570976566,-0.34967037511469856,-0.7002335820580484,-0.6224175120650932,-0.3683645076417367,0.7136073747362333,-0.595879269845765],"T_pred":[60.82531093511904,39.395225734187456,505.0552419876159],"rotation_error":109.8570579402289,"translation_error":318.03428551253154,"ADD":0,"ADD_S":0}}
{"id_image":35,"data":{"GT_R":[-0.14857457855309417,-0.986025548782361,0.07535927486439357,-0.4183352728800252,-0.006381935867072827,-0.908269912086388,0.8960582415118867,-0.166470695291967,-0.41154153366710855],"GT_T":[53.56609467554558,50.89374229656263,822.7984123681113],"R_pred":[-0.11874060399366637,-0.9900414189562772,0.07562180713432215,-0.5742397724381019,0.006339967593176232,-0.8186626219396821,0.81003046406506,-0.14063354351632773,-0.5692739707070618],"T_pred":[45.930564151704445,42.01724939587821,666.1385454552299],"rotation_error":10.450586889266209,"translation_error":157.0968088592449,"ADD":0,"ADD_S":0}}
{"id_image":36,"data":{"GT_R":[-0.14819580301588373,-0.9861246047541189,0.07480718619062836,-0.420430182768787,-0.005645404634888502,-0.9073069748405533,0.8951398090746007,-0.16591080178116815,-0.4137605118054616],"GT_T":[56.000327487764174,50.76354297527257,822.8277760978729],"R_pred":[0.048629121801650355,-0.9973590803145364,0.0539450964123917,0.011115792926785661,-0.053465247871417876,-0.998507839938003,0.998755048878557,0.04915620188938363,0.00848646895953109],"T_pred":[51.18034596211155,50.2797575771923,654.7087113979101],"rotation_error":28.097841665380674,"translation_error":168.18884084804586,"ADD":0,"ADD_S":0}}
{"id_image":37,"data":{"GT_R":[-0.14682449999538855,-0.9862488241137382,0.07586098992815771,-0.41948852390626273,-0.0073715845016055605,-0.9077302974928289,0.8958073392896119,-0.16509935369821854,-0.4126385851808304],"GT_T":[57.63413328764579,50.49913470566197,822.8833621960777],"R_pred":[0.7861850703474743,-0.19315936984847917,-0.5870285282696879,-0.6122705631347696,-0.11450792272315702,-0.7823124012517377,0.08389155309904217,0.9744626177916555,-0.2082902154333339],"T_pred":[85.49962671475967,37.374040397876996,712.2992947955565],"rotation_error":90.04100215434907,"translation_error":114.79368356912228,"ADD":0,"ADD_S":0}}
{"id_image":38,"data":{"GT_R":[-0.14622264282221734,-0.9862649363130087,0.07680899523444581,-0.4197297487580371,-0.008455023286739034,-0.9076098569784569,0.8957928031620844,-0.16495220497673702,-0.4127281922717413],"GT_T":[58.200504729066324,50.49198091133553,823.2023321247165],"R_pred":[-0.177525916156138,-0.9809327510019863,0.07909163738726643,-0.4027152030253593,-0.0009196934431038306,-0.9153248709699819,0.8979448838014321,-0.19434529110746585,-0.3948732625529195],"T_pred":[54.95067793384542,43.31986667113849,728.7135035368868],"rotation_error":2.069423198666761,"translation_error":94.81634524054185,"ADD":0,"ADD_S":0}}
{"id_image":39,"data":{"GT_R":[-0.14561618546276217,-0.9862919968078648,0.07760986805212974,-0.4207462054477382,-0.009261812295405021,-0.9071309274656799,0.8954146232110638,-0.16474728777031564,-0.41363085110186193],"GT_T":[59.8809578405269,50.170556681800676,823.5944671308672],"R_pred":[-0.15990899972017253,-0.9796396590451371,0.12138883900269132,-0.0031352196198430327,-0.1224666117782528,-0.9924676817899363,0.9871267812223661,-0.1590850949192984,0.016512127909164453],"T_pred":[60.826551555831806,43.79561688325619,826.9825743157186],"rotation_error":25.515654125345357,"translation_error":7.281021577054426,"ADD":0,"ADD_S":1}}
{"id_image":40,"data":{"GT_R":[-0.14394733431775816,-0.9864136373230471,0.07916139595393484,-0.4212337462051203,-0.011308248288062707,-0.9068816950705266,0.8954558122755621,-0.16388893925002226,-0.41388338353036225],"GT_T":[61.511125841438805,50.42177299484024,823.9087949866009],"R_pred":[0.00919355047853998,-0.9947710885203811,0.10171509265381662,0.06427726120872584,-0.10092112999842057,-0.9928158737708352,0.9978897295398443,0.015665470430787254,0.06301333759672123],"T_pred":[53.02546065869348,49.32996561295603,664.9170134543231],"rotation_error":30.269107457158846,"translation_error":159.22181116844627,"ADD":0,"ADD_S":0}}
{"id_image":41,"data":{"GT_R":[-0.1433618575175991,-0.9864952891473684,0.0792091434426221,-0.4213212602888274,-0.011584771899157653,-0.906837385858233,0.8955076463944821,-0.16337871838853868,-0.4139715256105037],"GT_T":[63.06715963406279,49.86831413977108,824.4630938047765],"R_pred":[-0.15146664142036198,-0.9826533520784385,0.10700582313988416,0.08637546697408116,-0.12099865016575789,-0.9888875595147681,0.984681235345655,-0.14054079943942693,0.10320440131642616],"T_pred":[46.53065078852745,52.75145883163206,546.4966673057667],"rotation_error":30.493657339480563,"translation_error":278.47280461248295,"ADD":0,"ADD_S":0}}
{"id_image":42,"data":{"GT_R":[-0.14285612750666013,-0.9865507313928424,0.0794329498603198,-0.4215810416120633,-0.01195839762603138,-0.9067120256954944,0.8954673052727051,-0.1630160393137968,-0.4142025808940567],"GT_T":[64.19477978215002,48.288836153145596,824.6660837908809],"R_pred":[-0.23795303202681883,-0.9575535273801349,0.16269479632460587,-0.22472490698199288,-0.10868349481838879,-0.9683421988821905,0.9449217273040018,-0.2669815352340353,-0.18932456024747324],"T_pred":[59.427930562851664,41.336554736203134,801.4428161884653],"rotation_error":14.791115653952358,"translation_error":24.705813617715467,"ADD":0,"ADD_S":1}}
{"id_image":43,"data":{"GT_R":[-0.14294248636307835,-0.9861487898755762,0.08413189981790965,-0.42361351595959557,-0.015865992895192048,-0.9057038328021754,0.8944934469978801,-0.16510335613754146,-0.4154784230330051],"GT_T":[62.62087948977156,46.98172799164411,824.9918597377621],"R_pred":[-0.05350163525011953,-0.9883120156136198,0.14274780145174631,0.04231508410061502,-0.14506802388861556,-0.9885164146854668,0.9976707917359919,-0.046846859433649246,0.049581882558883184],"T_pred":[61.851054184945056,40.12070627884202,820.7569185571306],"rotation_error":28.74700061128061,"translation_error":8.099442989916119,"ADD":0,"ADD_S":1}}
{"id_image":44,"data":{"GT_R":[-0.14572524897955885,-0.9854303022781372,0.08769703543039573,-0.4251200240680293,-0.017669201882467466,-0.9049646059409855,0.8933283922958211,-0.16915861578745608,-0.41635232031528835],"GT_T":[60.121032798856845,46.32605316059924,825.6720862696856],"R_pred":[-0.046970526004401214,-0.9898681425750808,0.13399563426406602,0.06335961090635284,-0.13682596382510864,-0.9885667480393651,0.9968848124997518,-0.037943588895748115,0.0691444478540757],"T_pred":[52.12490652624453,45.30487940986099,684.4935209577397],"rotation_error":29.984716186216563,"translation_error":141.40851507153346,"ADD":0,"ADD_S":0}}
{"id_image":45,"data":{"GT_R":[-0.14653091151746445,-0.9851764281379128,0.08919868514787291,-0.4261773443442874,-0.018501721734880693,-0.9044497671612598,0.8926926071951801,-0.17054510048063917,-0.4171493594110943],"GT_T":[59.182350749530656,44.62617123718393,826.0518650005544],"R_pred":[-0.09336153595305491,-0.9660297893523302,0.24097732193793397,0.1628849978026301,-0.2535932675052738,-0.9534982601802877,0.9822179498946878,-0.04976847154465314,0.18102761707757575],"T_pred":[44.00493177008004,41.06066294245918,686.3939870698889],"rotation_error":37.139242259423895,"translation_error":140.52540611709398,"ADD":0,"ADD_S":0}}
{"id_image":46,"data":{"GT_R":[-0.14737438049054705,-0.9850561410251165,0.08913252733386962,-0.4275111097895378,-0.01782304289494177,-0.9038338642824065,0.8919152565133489,-0.17130782996653598,-0.41849666300862814],"GT_T":[59.140854682195354,43.54980505158158,826.3803311836859],"R_pred":[-0.07820316460751842,-0.978101058251723,0.1928797161244009,0.011204909824908182,-0.1943223596769918,-0.9808737281247684,0.9968744730612704,-0.074546229793504,0.02615615763809931],"T_pred":[46.859687289207834,42.36654898596505,695.0344625763479],"rotation_error":27.84841175116485,"translation_error":131.9240856237689,"ADD":0,"ADD_S":0}}
{"id_image":47,"data":{"GT_R":[-0.14802215159382767,-0.9847301580713796,0.091631872371876,-0.42893838933295403,-0.019560920013400394,-0.9031213073712613,0.8911229022057059,-0.17298652969239686,-0.41949380632632227],"GT_T":[59.0098637387583,43.17806461065044,826.830571189889],"R_pred":[0.042562705246214805,-0.9902520036910231,0.13262497995490147,0.09532299141128753,-0.1281147587992753,-0.9871677344231866,0.9945360443093691,0.05465873913399094,0.08894087252638622],"T_pred":[54.104298491551134,41.071649639700716,719.6814032572422],"rotation_error":33.19508799890063,"translation_error":107.28208491208119,"ADD":0,"ADD_S":0}}
{"id_image":48,"data":{"GT_R":[-0.15009639567551314,-0.984338243925596,0.09245689993321031,-0.42923107407617717,-0.01936449533366708,-0.9029870011686219,0.8906351079099102,-0.17522080589799363,-0.41960202133163804],"GT_T":[58.98072569531823,43.47010439081212,827.213235524591],"R_pred":[-0.14927808653308072,-0.9752094591267091,0.1633479834917272,0.1257981554658691,-0.18258736230843214,-0.975108547396973,0.9807603565409887,-0.1250134630951436,0.1499358432215332],"T_pred":[49.95566622026362,40.35202057222203,702.4839913664902],"rotation_error":33.9020078710649,"translation_error":125.09419848050175,"ADD":0,"ADD_S":0}}
{"id_image":49,"data":{"GT_R":[-0.14877721608502678,-0.9847006740714713,0.09071447363353856,-0.42877679291590287,-0.018424904588245306,-0.9032221243423069,0.891075413816857,-0.17327513570753655,-0.419475857332035],"GT_T":[59.02335926913506,43.5641847035783,827.513597434691],"R_pred":[0.44074864012908965,-0.8571385904426412,-0.26655969875125646,-0.8754834928522865,-0.34492456580372644,-0.3384607771194045,0.19816480506769804,0.3825447433688156,-0.9024357203443181],"T_pred":[79.48031388112052,0.7920669336262276,812.2366589802217],"rotation_error":62.27157348384832,"translation_error":49.81290896007905,"ADD":0,"ADD_S":0}}
