{"id_image":620,"data":{"Best_template_id":132,"GT_R":[-0.498100657582782,-0.8665146859132874,-0.0323641602893948,-0.3658601958685321,0.24385419522096488,-0.8981543448313091,0.7861563691543989,-0.43553062452667646,-0.438487353909642],"GT_T":[91.52630484619438,-5.030954678532485,844.7442920300875],"R_pred":[-0.464629594384974,-0.8854677329071661,-0.008138427483143307,-0.4860912236802319,0.26272622090095876,-0.8334808066849266,0.7401585386136605,-0.3833038309635646,-0.5524884712697142],"T_pred":[85.71522328304391,-4.000873147092697,717.6816525735077],"rotation_error":7.997282363776242,"translation_error":127.19962296550963,"ADD":0,"ADD_S":0}}
{"id_image":623,"data":{"Best_template_id":171,"GT_R":[-0.4987908265464417,-0.8662270568096195,-0.02929826945869031,-0.36872469469617153,0.24266831633283967,-0.8973041220820287,0.784378303037749,-0.43676405242015176,-0.4404400956946086],"GT_T":[91.90179285488573,-7.6604654501043665,843.392820582821],"R_pred":[-0.13316790265469303,-0.9894497700538569,-0.05705665818219774,-0.11219177210034964,0.07224896119932,-0.9910565543290668,0.9847229640744312,-0.1255756351606041,-0.12062936573851929],"T_pred":[97.21367477057235,6.714894749846124,687.8840252729633],"rotation_error":28.733256523971182,"translation_error":156.26212749443712,"ADD":0,"ADD_S":0}}
{"id_image":629,"data":{"Best_template_id":171,"GT_R":[-0.5026429990708048,-0.8640140650254801,-0.028792582554153342,-0.371354845291308,0.24587339272051112,-0.8953445454437338,0.7806694169262356,-0.4393459834263583,-0.44444228757096027],"GT_T":[94.63464037562825,-12.353975161669407,839.9401931523407],"R_pred":[-0.4309099490363596,-0.9021359177566544,0.0216194753599962,-0.2593345030889949,0.10085415542419629,-0.9605071862517514,0.8643276180529385,-0.41949877857632883,-0.2774140289241015],"T_pred":[96.57851721385217,0.39630144797433603,724.2988204694378],"rotation_error":11.639806835656678,"translation_error":116.35839156146261,"ADD":0,"ADD_S":0}}
{"id_image":633,"data":{"Best_template_id":132,"GT_R":[-0.5008010865280849,-0.8651673845786279,-0.026145915858493317,-0.3756348251236774,0.2444512986035535,-0.8939471017821067,0.7798049190649785,-0.43786802838088507,-0.44740848094108177],"GT_T":[99.17537148680054,-15.301314627787672,837.8097926765103],"R_pred":[-0.35596043463446764,-0.9304770463881172,-0.0866292971210445,-0.3691355802296342,0.22516428377847408,-0.9016872898733007,0.8585051498875076,-0.28898704375001316,-0.4236217607267783],"T_pred":[102.60844514333007,-12.439055720536036,754.3511971195961],"rotation_error":9.79456462287378,"translation_error":83.57820106412835,"ADD":0,"ADD_S":0}}
{"id_image":640,"data":{"Best_template_id":132,"GT_R":[-0.5005510650674392,-0.8650958395191037,-0.03252144815586123,-0.37298379334465304,0.24940767068309638,-0.8936888438843916,0.7812370182515922,-0.4352066814942688,-0.4475084208901303],"GT_T":[108.1379098048262,-14.230710395343191,836.9226514263655],"R_pred":[-0.5502405258706702,-0.8299689729264528,0.09157984313689027,-0.34643767518475427,0.12712276415453305,-0.9294195715855639,0.7597475244462142,-0.5431310217738622,-0.3574806180546425],"T_pred":[86.89429001043281,-0.518901305475231,667.9827288021834],"rotation_error":9.620341072681851,"translation_error":170.821551763091,"ADD":0,"ADD_S":0}}
{"id_image":642,"data":{"Best_template_id":132,"GT_R":[-0.4991140563693886,-0.865969237860985,-0.03132884705180525,-0.3744779985413881,0.2481575014418678,-0.8934114439114554,0.7814405931582779,-0.43418208700828037,-0.4481459606503615],"GT_T":[109.4648688989375,-15.04847790241097,836.7147246764399],"R_pred":[-0.3762253461330532,-0.9261269766446336,-0.027263749891278444,-0.3836420375654203,0.1824986275463263,-0.9052695940748035,0.8433701891457372,-0.3301258458145573,-0.4239618496816738],"T_pred":[102.32261188047214,-7.353177143092227,708.9516888307033],"rotation_error":7.9582752480411845,"translation_error":128.1936925812388,"ADD":0,"ADD_S":0}}
{"id_image":644,"data":{"Best_template_id":132,"GT_R":[-0.5000500741156868,-0.8654690634620339,-0.030222095732684896,-0.37497028074860395,0.2478441810172381,-0.893292283006177,0.7806061353673395,-0.4353586661043419,-0.44845991687738745],"GT_T":[109.75114863330386,-15.775770478784564,836.1925734540556],"R_pred":[-0.5499128947153744,-0.8311710209327319,0.08216168320694262,-0.33981921941819954,0.13279190899955007,-0.9310688519214148,0.7629670414505225,-0.5399268865928941,-0.35547187060911156],"T_pred":[96.11293393512966,-6.906561086837373,729.9505321668811],"rotation_error":9.256257744868469,"translation_error":107.48039408309495,"ADD":0,"ADD_S":0}}
{"id_image":651,"data":{"Best_template_id":132,"GT_R":[-0.5009382514516819,-0.8650670065754399,-0.02682610070780352,-0.3782328793731128,0.2466936922926899,-0.8922347901709674,0.778460332723261,-0.4368080260234412,-0.4507750505503472],"GT_T":[115.04379958254798,-19.484092543307888,833.3464049255888],"R_pred":[-0.5768893434878426,-0.8121647893867665,0.087103617895671,-0.3675236877496475,0.16285432970474312,-0.9156444758962498,0.7294690016121764,-0.5602381834334104,-0.3924387258033625],"T_pred":[93.06571411616348,-5.814530777659228,673.9368433147692],"rotation_error":9.093843556143975,"translation_error":161.4970634178413,"ADD":0,"ADD_S":0}}
{"id_image":653,"data":{"Best_template_id":132,"GT_R":[-0.5010254904937697,-0.8649959861210629,-0.02745992637432981,-0.37751232217985686,0.24699542128760563,-0.8924559642613427,0.7787531384362953,-0.4367769711989665,-0.4502980628181747],"GT_T":[117.06406270127998,-19.463088747616148,832.735496046957],"R_pred":[-0.6585681144669946,-0.7406701624831432,0.13302536981561697,-0.36550918312904945,0.16031701662042397,-0.9168977539672903,0.6577925779877136,-0.6524616192460068,-0.3763014214099605],"T_pred":[84.53816639897452,-2.091329418627237,632.9351969674882],"rotation_error":15.253558931404934,"translation_error":203.17448526992217,"ADD":0,"ADD_S":0}}
{"id_image":660,"data":{"Best_template_id":132,"GT_R":[-0.5023790871670148,-0.8642288055165016,-0.026900090474134657,-0.3766930355884219,0.24676494575817265,-0.8928656167041931,0.7782778913871853,-0.43842457701118787,-0.4495192082465777],"GT_T":[123.8118980807023,-17.337059765930594,832.1714290182182],"R_pred":[-0.18331987930545135,-0.9821333594989446,-0.042519242829006765,-0.32129817083651735,0.10073648870381069,-0.9416048243614386,0.929064748695452,-0.15895352780905614,-0.3340246528753718],"T_pred":[120.13652859715354,-9.389340191037718,735.3307238960329],"rotation_error":20.64599641264823,"translation_error":97.23577919595128,"ADD":0,"ADD_S":0}}
{"id_image":662,"data":{"Best_template_id":171,"GT_R":[-0.5039017561925663,-0.8633534777409894,-0.026524156407718807,-0.37513738408965264,0.24640586098700842,-0.893619304836101,0.7780448850387934,-0.44034642889738634,-0.4480414392191548],"GT_T":[123.59975334249246,-15.88646872444657,832.0529631010238],"R_pred":[-0.46519328730153015,-0.8818687998108026,0.07682854528006056,-0.3979366973831604,0.13080643366790812,-0.9080396807336482,0.7907221954171888,-0.4529868616542176,-0.4117782326001262],"T_pred":[119.15474533711335,-5.56535104853069,742.8807599752982],"rotation_error":6.813586177254124,"translation_error":89.87750205999077,"ADD":0,"ADD_S":0}}
{"id_image":671,"data":{"Best_template_id":132,"GT_R":[-0.5088684055183356,-0.8604432624386039,-0.026247336251537537,-0.3731130028102238,0.24793224465397903,-0.8940452142000681,0.7757824757943469,-0.44515791602308385,-0.44720822249084535],"GT_T":[129.4746613621445,-16.861865498882306,830.837873286619],"R_pred":[-0.5545103372584618,-0.8299570216864862,0.0607423083756668,-0.2907873857170333,0.12485474520435103,-0.9486063403265922,0.7797185275350076,-0.5436751187549919,-0.31057427946529204],"T_pred":[104.62805497336696,-0.5809510714908065,656.8281593654583],"rotation_error":10.252953151941231,"translation_error":176.5270590095328,"ADD":0,"ADD_S":0}}
{"id_image":681,"data":{"Best_template_id":132,"GT_R":[-0.5146084483858665,-0.8567499647193916,-0.03402059349624003,-0.36934072307118593,0.25730345128824283,-0.8929627884163888,0.7737991258712514,-0.44696093272331455,-0.44884324584657304],"GT_T":[136.25277327281054,-17.815496109994584,827.6768956382734],"R_pred":[-0.46752133526848777,-0.8837674333075386,0.019465993264545345,-0.2809193046983628,0.1276576229667803,-0.951203382850513,0.8381575897864068,-0.4501762489553135,-0.30794999522644084],"T_pred":[117.42314981484999,-2.98113070006104,679.7197729239755],"rotation_error":9.754604162601048,"translation_error":149.88636788773633,"ADD":0,"ADD_S":0}}
{"id_image":682,"data":{"Best_template_id":132,"GT_R":[-0.5151150764860501,-0.8563963170263688,-0.03523732437248986,-0.36729396718888996,0.2576959740039862,-0.8936935648780714,0.7744354186906968,-0.447412601572324,-0.4472921588307317],"GT_T":[137.07580197497165,-17.33714769219672,827.6986437681501],"R_pred":[-0.5673942158189431,-0.8199947223069348,0.07531573038867367,-0.38232559898621804,0.18132881121071898,-0.9060612554263298,0.7293085356795408,-0.5428890472404836,-0.41638989201382365],"T_pred":[110.1108517697437,-5.563591481790403,670.621454257159],"rotation_error":7.541471458719986,"translation_error":159.80916316057042,"ADD":0,"ADD_S":0}}
{"id_image":701,"data":{"Best_template_id":171,"GT_R":[-0.5272333213751732,-0.8485822311418695,-0.04396872190314245,-0.35396401986324383,0.2663748079908244,-0.8965229938713851,0.7724849342251485,-0.4571140807425809,-0.44080975629025143],"GT_T":[138.4610421391593,-7.8279703739000785,827.7994361854135],"R_pred":[-0.4490263040099137,-0.8934252587938405,-0.012910664442841557,-0.22354701584923498,0.12631868143315905,-0.9664731359049201,0.8651023696719935,-0.43108571963142933,-0.25644296113903065],"T_pred":[136.2856162324302,4.187053018419933,716.1305117447749],"rotation_error":12.43635508655203,"translation_error":112.33450917114786,"ADD":0,"ADD_S":0}}
{"id_image":712,"data":{"Best_template_id":132,"GT_R":[-0.5269107985506878,-0.8487542280624756,-0.04451050209798133,-0.3481312033160598,0.2633047000659032,-0.8997080141928341,0.775351101194619,-0.4585703021107394,-0.4342160697846466],"GT_T":[149.3974388077456,-0.6194552839857614,827.8776612789666],"R_pred":[-0.4477394154761638,-0.8935827505447478,0.03223792421894012,-0.34806370747850357,0.14096438422191426,-0.926812115758774,0.8236389205018069,-0.42619116639111543,-0.374139036087921],"T_pred":[130.616392502003,5.771182731857977,706.8827796139753],"rotation_error":7.784340326181457,"translation_error":122.61047811550701,"ADD":0,"ADD_S":0}}
{"id_image":721,"data":{"Best_template_id":171,"GT_R":[-0.5232847793438838,-0.8511765069928316,-0.040883551905542805,-0.35157140101166706,0.259344041484348,-0.8995216694659902,0.7762542569908005,-0.45633219890519694,-0.43496023221272595],"GT_T":[159.9207543342506,-1.6173414971564384,825.4019896902115],"R_pred":[-0.4036565120226914,-0.9148422094369666,-0.011187141465268946,-0.2995458433346468,0.14370272222392155,-0.9431976544533862,0.8644846488183637,-0.37737681361991976,-0.3320437207650017],"T_pred":[158.6893738932607,4.857375801918423,740.2245078486285],"rotation_error":10.088176615130259,"translation_error":85.4320880861904,"ADD":0,"ADD_S":0}}
{"id_image":722,"data":{"Best_template_id":132,"GT_R":[-0.5241415967977155,-0.8506852457680004,-0.040112673790663134,-0.35236768103432425,0.2595060208287243,-0.8991625969229711,0.7753143196203088,-0.4571543892197544,-0.43577227257281786],"GT_T":[160.75271253471516,-1.2783929649336123,825.5285395720975],"R_pred":[-0.3833666732806941,-0.9180685126227963,-0.10089697690347471,-0.4570096694296817,0.28349289953394596,-0.8430740999233753,0.8026033614840313,-0.27709561895562873,-0.5282479172605703],"T_pred":[158.49951208930568,-6.840788137930525,751.9532340494695],"rotation_error":11.793886255385603,"translation_error":73.81966360703514,"ADD":0,"ADD_S":0}}
{"id_image":735,"data":{"Best_template_id":132,"GT_R":[-0.5264459961770844,-0.8489722764248834,-0.04582896405931949,-0.34828871885629475,0.26451840861676645,-0.8992912014131648,0.7755959353717785,-0.457466706925148,-0.4349427304141165],"GT_T":[168.8067879044142,-1.2046894362510763,823.037108392332],"R_pred":[-0.5551211641781961,-0.8293930195162893,0.06283082252443001,-0.372986921060817,0.18070139403469598,-0.9100701966944581,0.7434522511896888,-0.5286343021140133,-0.409663916923878],"T_pred":[147.41175157138355,3.692578558770067,705.2349065611612],"rotation_error":6.72259975296431,"translation_error":119.8294186323987,"ADD":0,"ADD_S":0}}
{"id_image":737,"data":{"Best_template_id":171,"GT_R":[-0.5272115853476165,-0.8485724217034265,-0.04441284422979322,-0.3492092537495933,0.26401751996770184,-0.8990816509391949,0.7746615966379168,-0.45849676005158374,-0.4355221403406325],"GT_T":[169.73467557134074,-1.8309038754581959,822.4338492380477],"R_pred":[-0.41075672318447093,-0.9114968216780115,-0.021271070251377033,-0.3194776449954598,0.1657418947225454,-0.9329864193448558,0.8539396633878242,-0.3764348129552626,-0.35928245558115623],"T_pred":[163.51838007534369,6.413779516230672,702.5379532421274],"rotation_error":8.938820614264504,"translation_error":120.33969839827293,"ADD":0,"ADD_S":0}}
{"id_image":751,"data":{"Best_template_id":171,"GT_R":[-0.5290072270947673,-0.8473281702689142,-0.04675788204373968,-0.34574327086408074,0.2655192743962253,-0.8999781258438139,0.7749920163020954,-0.4599285091924319,-0.43342020209128695],"GT_T":[175.3757825462042,0.7407634946085917,821.3473148039888],"R_pred":[-0.41711220191182996,-0.908854944887943,0.0003164948636586451,-0.3617880643481987,0.16572046020602071,-0.9174127345771306,0.8337426506491368,-0.3827785498455194,-0.39793689734267274],"T_pred":[194.34577294718198,4.056213147903039,821.3752367995495],"rotation_error":8.079771621604792,"translation_error":19.257557525671732,"ADD":1,"ADD_S":1}}
{"id_image":757,"data":{"Best_template_id":132,"GT_R":[-0.5328717984091593,-0.8446402711856857,-0.05128133009803955,-0.3423106542163565,0.2705879602135169,-0.8997811605697387,0.7738669869691038,-0.4619144552996411,-0.43331888166555393],"GT_T":[176.3181749557043,0.10646640618758774,819.4312305576989],"R_pred":[-0.4942787538385245,-0.8680820600907053,0.0460657188428939,-0.3253613021891954,0.13559789691577462,-0.935816880265456,0.8061194306934839,-0.47754240366767065,-0.3494634689888447],"T_pred":[156.92907465525678,8.066638597269174,689.229560401375],"rotation_error":8.072930053647935,"translation_error":131.87788466330753,"ADD":0,"ADD_S":0}}
{"id_image":769,"data":{"Best_template_id":132,"GT_R":[-0.5398367234421142,-0.8399112139718022,-0.05589570868685797,-0.33735221415473726,0.2767081144511201,-0.899791947832405,0.7712124864581893,-0.466884577793003,-0.4327233012361815],"GT_T":[178.8371720198135,-0.40612183515672307,817.0887623445905],"R_pred":[-0.3384064277170426,-0.9401752361627763,-0.03939054437371409,-0.08409449690605764,0.07190871791448739,-0.993859774755982,0.9372348719877568,-0.3330160080148731,-0.10339793583979706],"T_pred":[178.88006555445315,6.819440956828279,724.7218171115493],"rotation_error":23.065591895035784,"translation_error":92.64914014279819,"ADD":0,"ADD_S":0}}
{"id_image":923,"data":{"Best_template_id":171,"GT_R":[-0.6346377674859498,-0.7691438271954358,-0.07517823082170691,-0.30513481927118913,0.3387662001176616,-0.8900170007532009,0.7100186495402494,-0.5418986829699163,-0.4496868037790021],"GT_T":[188.50656741971963,-22.092179218591465,790.9477474106333],"R_pred":[-0.5712198355037248,-0.8184489308776522,-0.062042300669183925,-0.3504721401714591,0.3115581739995259,-0.8832331420286025,0.7422110067162401,-0.4827761922043262,-0.4648117573275839],"T_pred":[214.738877406469,-26.501063317416385,790.8562198369646],"rotation_error":4.834307762061327,"translation_error":26.60038953727037,"ADD":0,"ADD_S":1}}
{"id_image":1026,"data":{"Best_template_id":171,"GT_R":[-0.7118286774985809,-0.6977887011246755,-0.07993685276270845,-0.2717307888049679,0.378557281559448,-0.8847920379061223,0.6476579945256536,-0.608099127436536,-0.45907903813228124],"GT_T":[163.75205464469556,-20.176062527153007,768.5917031199633],"R_pred":[-0.6702557065885306,-0.7399649195790077,-0.056649850643599786,-0.32725357004403643,0.3632087647681588,-0.8723442520524918,0.6660798665917942,-0.5661548471823066,-0.4855989089084083],"T_pred":[178.57696265885357,-27.760546931052936,766.2609840390807],"rotation_error":4.117919853301379,"translation_error":16.814712389310685,"ADD":1,"ADD_S":1}}
{"id_image":1044,"data":{"Best_template_id":171,"GT_R":[-0.7279997214659782,-0.6794967338799417,-0.09110507668120131,-0.25834463167249727,0.3949905159979255,-0.881612448481654,0.6350384337639035,-0.6182769721525543,-0.46309741838975804],"GT_T":[153.21453805863163,-19.604260135006157,765.9461646482694],"R_pred":[-0.7205449915658284,-0.6866207536633105,-0.09678251788534903,-0.3368566564525953,0.4686118320234839,-0.8166581560795023,0.6060878716266962,-0.5558371088065477,-0.5689486798829922],"T_pred":[161.68375906620943,-31.305395668376214,749.9971935750538],"rotation_error":7.2391026190875944,"translation_error":21.517759073373803,"ADD":0,"ADD_S":1}}
{"id_image":1052,"data":{"Best_template_id":171,"GT_R":[-0.7328708574237486,-0.674425393830342,-0.08972222414744142,-0.2575836823687211,0.3970953317727213,-0.8808890101544191,0.6297216982011143,-0.6224665767541723,-0.46474101843550125],"GT_T":[150.34020488760305,-21.593172837193997,762.5259563872112],"R_pred":[-0.6840747427227751,-0.7264871563650808,-0.06525456309981503,-0.317582119229479,0.37718540872713513,-0.8699843475540563,0.6566455237907909,-0.5744106362872494,-0.4887423421452199],"T_pred":[159.9407811998459,-28.766888609815943,756.262107352506],"rotation_error":4.69440306155588,"translation_error":13.522909015561005,"ADD":1,"ADD_S":1}}
{"id_image":1058,"data":{"Best_template_id":171,"GT_R":[-0.7352750019926878,-0.6722764065390395,-0.08611138037236396,-0.25845649254926045,0.39556400183228635,-0.881322106560866,0.6265547951635962,-0.6257575762590945,-0.4646031086275494],"GT_T":[150.29486112227028,-22.224342935849226,760.0816605377585],"R_pred":[-0.7208805609750607,-0.6886196640385431,-0.07832097489003687,-0.3334416903279447,0.44367412007622775,-0.8318472902677678,0.6075753911734123,-0.5735470629983461,-0.5494505533407408],"T_pred":[164.16610618635434,-34.307638262843255,782.8242648832685],"rotation_error":5.902474741553054,"translation_error":29.251384890354224,"ADD":0,"ADD_S":1}}
{"id_image":1066,"data":{"Best_template_id":171,"GT_R":[-0.7398745331427247,-0.6671639066236466,-0.08647354270902542,-0.25718601581676026,0.39927676516528365,-0.8800187106200106,0.6216434243008812,-0.6288639195928846,-0.46700001831467364],"GT_T":[149.63234152998075,-23.971669932463023,756.2692954077364],"R_pred":[-0.6930634988501807,-0.7163349094108782,-0.08079160922307632,-0.34427985351045964,0.427378137462855,-0.8359541315679928,0.6333516945807927,-0.5515543719145823,-0.5428198649584857],"T_pred":[161.5783714054571,-35.604444029337024,765.0940205278669],"rotation_error":6.638897463480667,"translation_error":18.865440265748827,"ADD":0,"ADD_S":1}}
{"id_image":1077,"data":{"Best_template_id":171,"GT_R":[-0.7437761584447806,-0.6622526451971396,-0.09065290739923017,-0.25223665997769135,0.4036711003145375,-0.8794466038723597,0.619008764744111,-0.6312456799446259,-0.46728628189214866],"GT_T":[149.74862376544533,-23.033075355627282,754.6429435512132],"R_pred":[-0.6803130737077013,-0.7260112491683083,-0.10040810636324243,-0.4103731462225074,0.4908343833651706,-0.7685541548687199,0.6072627130013994,-0.48165264889503556,-0.6318565685427155],"T_pred":[151.88512117796702,-33.17925079095457,700.193874128262],"rotation_error":13.01084299438353,"translation_error":55.427526177735096,"ADD":0,"ADD_S":0}}
{"id_image":1094,"data":{"Best_template_id":171,"GT_R":[-0.7495713258547955,-0.6560175009273874,-0.08822770782369428,-0.2429779795472767,0.3966812331434047,-0.8852155872310324,0.6157140810140045,-0.6420943663263023,-0.4567380293161843],"GT_T":[150.36772260074548,-11.682879778939204,754.9410211730609],"R_pred":[-0.7294703729943848,-0.676383680568568,-0.10187291879567656,-0.32228746924163165,0.47123889272364616,-0.8210144293216876,0.6033272429563059,-0.5660733368081466,-0.561744795491363],"T_pred":[159.21724022430533,-24.923776428274326,748.2862774514414],"rotation_error":7.468583724990777,"translation_error":17.26038586615331,"ADD":1,"ADD_S":1}}
{"id_image":1098,"data":{"Best_template_id":171,"GT_R":[-0.752940308492451,-0.6523901131382731,-0.08641689182254436,-0.24196404311224023,0.39655799502980543,-0.885547911483661,0.6119916813757569,-0.6458544198544883,-0.4564398958852223],"GT_T":[149.43631228480757,-11.574897437633297,753.9588903483123],"R_pred":[-0.7479052170144742,-0.6604544038094491,-0.06661656589195669,-0.31063977714718655,0.436917586523478,-0.8441599086905549,0.5866350784060552,-0.6106578445211399,-0.5319363511815272],"T_pred":[164.33921592242282,-23.51492521265776,785.5578614596575],"rotation_error":5.146113415389758,"translation_error":36.92093952482835,"ADD":0,"ADD_S":1}}
{"id_image":1105,"data":{"Best_template_id":171,"GT_R":[-0.7564077953677615,-0.6485975430232792,-0.08466693557425725,-0.23952188436842883,0.3951044073365257,-0.886860088411188,0.6086673756190015,-0.6505487144789536,-0.45421358777840676],"GT_T":[150.12655912507114,-10.207904545156648,752.4179244683855],"R_pred":[-0.7171022997204152,-0.6955782760042014,-0.04399038175231945,-0.27292342407247006,0.33832425108542596,-0.9005828699903438,0.6413088930681148,-0.6338040415447892,-0.4324527033020383],"T_pred":[158.89089539836175,-16.575346965150448,748.0278028957647],"rotation_error":4.393723964285626,"translation_error":11.688929835773886,"ADD":1,"ADD_S":1}}
{"id_image":1113,"data":{"Best_template_id":171,"GT_R":[-0.7572454164835145,-0.6482822999571645,-0.07943270354766518,-0.2367226887531315,0.38577041634616316,-0.8917084466827129,0.6087207099534393,-0.6564380989945399,-0.44558656485019543],"GT_T":[152.0109154211587,-5.005499051047861,752.3272028743802],"R_pred":[-0.7287350165228272,-0.6796640529898661,-0.08367825743204221,-0.31834266456087806,0.4444183800187739,-0.8373471510799858,0.6063029140732832,-0.5835658305408883,-0.5402293011410693],"T_pred":[163.38700493807772,-18.011329977635913,751.7198162152793],"rotation_error":6.920867609103836,"translation_error":17.289764872363158,"ADD":1,"ADD_S":1}}
{"id_image":1125,"data":{"Best_template_id":171,"GT_R":[-0.7621871524101712,-0.6430226976891036,-0.07477529521785883,-0.23567527897181065,0.38320551757858634,-0.8930908258994474,0.6029322150275078,-0.6630797123222297,-0.4436195149161065],"GT_T":[149.88661840149516,-6.746131594041132,748.9060203010898],"R_pred":[-0.7534369506450451,-0.654423429329809,-0.06373959951951735,-0.28413570208847716,0.41147196383411033,-0.8660009964065797,0.592958400059721,-0.6343664541278277,-0.49596324226287436],"T_pred":[163.916237869402,-18.545157628717295,776.3462756866203],"rotation_error":3.5956051973100704,"translation_error":33.00022505081398,"ADD":0,"ADD_S":1}}
{"id_image":1130,"data":{"Best_template_id":171,"GT_R":[-0.7656461960072483,-0.6389604651079487,-0.07426391092808714,-0.23489669708599284,0.38519404898552534,-0.8924397288316964,0.5988393011003427,-0.6658487112645712,-0.44501216175682723],"GT_T":[147.51922768538378,-7.52012364334414,747.1246874165954],"R_pred":[-0.7569970064461969,-0.64983443625856,-0.06834279540680233,-0.28319778952916574,0.4205488919684218,-0.8619383049093057,0.5888586793427527,-0.6331301879682034,-0.5023859281927159],"T_pred":[163.76674157136145,-20.536313535575946,789.6174157955978],"rotation_error":3.8878217787044407,"translation_error":47.3184411395531,"ADD":0,"ADD_S":0}}
{"id_image":1145,"data":{"Best_template_id":171,"GT_R":[-0.7706211917139514,-0.6331277448796535,-0.07274432567317805,-0.23483692569195538,0.3882252849955383,-0.8911415261408169,0.592446971271154,-0.6696491395425851,-0.447856523824552],"GT_T":[147.0228031803875,-11.327742403507369,742.823163449974],"R_pred":[-0.7385381128431691,-0.6701668002668884,-0.07374222466193192,-0.3165097585036622,0.44120177905152425,-0.8397395804258145,0.5953007883834892,-0.5968395512881248,-0.5379586613934066],"T_pred":[164.0077930951601,-25.789718983675268,784.8912485170009],"rotation_error":6.77725723121354,"translation_error":47.61682927512987,"ADD":0,"ADD_S":0}}
{"id_image":1150,"data":{"Best_template_id":132,"GT_R":[-0.7725109261598591,-0.6308297366783003,-0.07266339472951423,-0.23462546838459375,0.38989229454873525,-0.8904688985680007,0.5900654418597864,-0.6708483142010276,-0.4492048891863723],"GT_T":[147.37530687639858,-13.649772569801664,742.4156068409446],"R_pred":[-0.7223592578058697,-0.69068183573213,0.033995653425815286,-0.31872799821256903,0.28891282463456713,-0.9027412934595851,0.6136852335013137,-0.6629388972985151,-0.4288384924783072],"T_pred":[131.41001461237138,-15.41685821757507,679.4847109680543],"rotation_error":7.685384177381798,"translation_error":64.9485242644276,"ADD":0,"ADD_S":0}}
{"id_image":1169,"data":{"Best_template_id":171,"GT_R":[-0.7804632787111869,-0.6213565048289246,-0.06923613550601693,-0.23323111012459483,0.3921077447203712,-0.8898624683834303,0.5800690165789233,-0.6783566835278658,-0.4509452781755326],"GT_T":[147.59008215396543,-17.614324462423546,745.1862979317625],"R_pred":[-0.819662127205876,-0.5679245874817433,-0.07493770851867682,-0.2570298508352231,0.4815212956460484,-0.8378979040545298,0.5119469240106453,-0.6675319503761918,-0.5406583414902575],"T_pred":[156.69505907671555,-33.50468047708227,754.3771771307551],"rotation_error":6.842613005877683,"translation_error":20.490882838152356,"ADD":0,"ADD_S":1}}
{"id_image":1189,"data":{"Best_template_id":171,"GT_R":[-0.7883641565219853,-0.6115358909314941,-0.06712646599846799,-0.22804124956580574,0.3918198386612761,-0.891332710231974,0.5713827971140318,-0.6873872824860362,-0.44835294505682904],"GT_T":[148.5250086709684,-16.6776267038504,750.001426261702],"R_pred":[-0.7639025596840366,-0.6418004229012636,-0.06741733064973793,-0.28117016967206365,0.4250421951681502,-0.8603966922374949,0.5808581711526144,-0.6383034932462762,-0.5051459546654224],"T_pred":[155.40465052367819,-27.199590271834133,735.5849961120134],"rotation_error":4.4618526867352655,"translation_error":19.127850051910798,"ADD":1,"ADD_S":1}}
{"id_image":1192,"data":{"Best_template_id":171,"GT_R":[-0.7900140958931028,-0.6094282756612384,-0.06688418984016364,-0.22522246188696485,0.3899517506257943,-0.8928672202391221,0.5702201520841516,-0.6903142681605167,-0.4453254422965287],"GT_T":[149.40767256344407,-13.76040307347041,751.0646597574103],"R_pred":[-0.7500539334809702,-0.6586454739181558,-0.060043622116359496,-0.2972312638054405,0.41679313097294657,-0.8590326313885804,0.5908237238689259,-0.6264739624764114,-0.5083873539465347],"T_pred":[157.070682692392,-23.917266768632636,738.976471390963],"rotation_error":5.67370228539837,"translation_error":17.55015391217909,"ADD":1,"ADD_S":1}}
{"id_image":1209,"data":{"Best_template_id":171,"GT_R":[-0.8009586163512387,-0.5950511175417075,-0.06616825854142316,-0.21492854154638696,0.3889170400736748,-0.8958509637823583,0.5588114193615753,-0.703318822929158,-0.4394006211460889],"GT_T":[144.17970382371013,-7.45193819861474,751.5669538488116],"R_pred":[-0.7311266265089917,-0.6788378677441274,-0.06806618342604498,-0.3555282350478397,0.46425287688835337,-0.8112144848217738,0.5822830326339153,-0.5689010596030689,-0.5807736687291842],"T_pred":[148.849866130887,-21.409820760853705,729.3003385448766],"rotation_error":11.70036126518767,"translation_error":26.691479140168777,"ADD":0,"ADD_S":1}}
{"id_image":1216,"data":{"Best_template_id":171,"GT_R":[-0.8031853109959852,-0.5918560164862635,-0.06781024932095688,-0.21263939287455602,0.3911547823185278,-0.8954226284401741,0.5564856869102976,-0.7047718939103178,-0.44002223311636085],"GT_T":[144.17045091570043,-8.289680998157248,751.3461171264469],"R_pred":[-0.7843815748742451,-0.6161883415956505,-0.07111591017065774,-0.2628986882233785,0.4341039613229696,-0.8616484378759891,0.5618094202914596,-0.6571648791934238,-0.5024982555456949],"T_pred":[152.95250873130416,-21.262781808782634,761.0971429219805],"rotation_error":4.5613390634233255,"translation_error":18.452869375368667,"ADD":1,"ADD_S":1}}
{"id_image":1242,"data":{"Best_template_id":171,"GT_R":[-0.8154644939787712,-0.5746743694684124,-0.06903859111446596,-0.20107084443373213,0.39311039441325746,-0.8972372614252383,0.5427591077913152,-0.7177833514971733,-0.43611839695511184],"GT_T":[136.0467054683678,-5.129165233459174,748.9154686456699],"R_pred":[-0.7889681793441807,-0.6115026915057179,-0.05994722899009988,-0.2726304148778551,0.4358376070501533,-0.8577401921119967,0.5506376929214503,-0.6603862798105813,-0.5105762358082125],"T_pred":[139.86601734784188,-17.52513938362722,751.0547761397381],"rotation_error":5.66691673240718,"translation_error":13.146252504744565,"ADD":1,"ADD_S":1}}
{"id_image":1246,"data":{"Best_template_id":171,"GT_R":[-0.8175222833819462,-0.572004522522395,-0.06683464958120532,-0.20075457251315326,0.3918324801961072,-0.8978671783167128,0.5397719062986034,-0.7206094623233502,-0.43516489692685206],"GT_T":[134.39060325372233,-4.773158327461238,748.2328085799348],"R_pred":[-0.8083122296905972,-0.5858652848097861,-0.058251243655080776,-0.26405008181087425,0.449172172576071,-0.8535349516446081,0.5262213352081859,-0.67454149423,-0.5177691367141084],"T_pred":[141.62490978970163,-18.657973495449845,779.5457571425094],"rotation_error":5.548325147320757,"translation_error":35.008913593371595,"ADD":0,"ADD_S":1}}
{"id_image":1263,"data":{"Best_template_id":171,"GT_R":[-0.823173614909091,-0.5635918696537632,-0.06890611367705864,-0.2005449646200253,0.4021349136922763,-0.8933470270649767,0.5311923919842146,-0.7215612951225487,-0.4440530224344007],"GT_T":[132.60212863881935,-13.290372330239506,743.8905547918631],"R_pred":[-0.8112103523798646,-0.5817069362840848,-0.059622181029544,-0.26568451859333864,0.4574835671839478,-0.8485991529199615,0.5209121814390233,-0.6725517274051371,-0.5256659330723308],"T_pred":[137.89944627250387,-28.29224724229717,764.7239234223778],"rotation_error":5.592197827100606,"translation_error":26.213490295725254,"ADD":0,"ADD_S":1}}
{"id_image":1266,"data":{"Best_template_id":171,"GT_R":[-0.823968277836649,-0.5624623673922039,-0.0686364758622256,-0.20085745395649235,0.4031895263861589,-0.892801817173803,0.5298412426665902,-0.7218542355182374,-0.44519076018944903],"GT_T":[132.70161405541631,-15.143931943697638,743.4535092676024],"R_pred":[-0.7818801164958825,-0.6208322006511741,-0.05684067261218473,-0.2858724660515354,0.43806059081382065,-0.8522792100769916,0.5540220361880914,-0.6501309848103438,-0.5199896979821175],"T_pred":[140.09802342419508,-29.767895038153064,771.463937524488],"rotation_error":6.627212399831149,"translation_error":32.45229204960239,"ADD":0,"ADD_S":1}}
{"id_image":1280,"data":{"Best_template_id":171,"GT_R":[-0.8315422505985399,-0.5504292261839064,-0.07459226689027393,-0.19497437303373297,0.41498310766645596,-0.8886924598051849,0.5201168698075708,-0.7244418641263355,-0.4523957028526762],"GT_T":[132.04327974026825,-19.665051550583307,742.9600179934126],"R_pred":[-0.8367039335781647,-0.5440253466464003,-0.06295196375880494,-0.23832068648928803,0.4651846836569393,-0.8525294484545787,0.49308191806848933,-0.698311987794322,-0.5188743487364182],"T_pred":[137.83362922298068,-35.01512890991126,770.4369697923298],"rotation_error":4.391687393361301,"translation_error":32.00212340188256,"ADD":0,"ADD_S":1}}
{"id_image":1284,"data":{"Best_template_id":171,"GT_R":[-0.8326776665823883,-0.5488880004498896,-0.07326981480225052,-0.195502440943291,0.41518444894086676,-0.8884816233253862,0.5180976637779642,-0.7254952940342408,-0.45302461298670216],"GT_T":[133.23374393444874,-20.60552131910414,743.2890011589554],"R_pred":[-0.8369387906711494,-0.5404492966747854,-0.08630190260732254,-0.2638453784153046,0.5365844083199779,-0.8015377651968651,0.47949877680636344,-0.6480676897297304,-0.59168335498776],"T_pred":[136.96646259930895,-38.042631119699095,748.4276074228305],"rotation_error":9.420107160938253,"translation_error":18.557781687586925,"ADD":0,"ADD_S":1}}
{"id_image":1324,"data":{"Best_template_id":171,"GT_R":[-0.8565231950258887,-0.5104728712388208,-0.0760572124725473,-0.1796304862751898,0.4330108661914479,-0.8833092643875254,0.4838379628414612,-0.7429125538967715,-0.4625808935801594],"GT_T":[119.7277761041042,-31.23818251608316,742.7814383900042],"R_pred":[-0.8052245851607829,-0.5905424748316261,-0.05359993351099632,-0.2693025462261723,0.44473517027951814,-0.8542170490645499,0.5282892257549319,-0.6734019703982054,-0.5171462851215978],"T_pred":[121.10604906240518,-43.23865524088046,740.2575590258307],"rotation_error":6.826518225468474,"translation_error":12.340216732743732,"ADD":1,"ADD_S":1}}
{"id_image":1480,"data":{"Best_template_id":171,"GT_R":[-0.8769732766169657,-0.4746356108695199,-0.0750882096624164,-0.12609631287687056,0.37807972077823254,-0.917145396679359,0.4636988897432553,-0.7948441580914822,-0.39141585335480067],"GT_T":[134.90836067204089,1.0439195490160529,834.3764866028044],"R_pred":[-0.8850119319360253,-0.45804984680735705,-0.08333197567933176,-0.1607709970253842,0.4686578124225247,-0.8686268136379385,0.43692856034634303,-0.7553477296550846,-0.4884088865475129],"T_pred":[133.04514190738627,-5.889172821155803,766.8375803834734],"rotation_error":6.260285026356248,"translation_error":67.91938756556839,"ADD":0,"ADD_S":0}}
{"id_image":1542,"data":{"Best_template_id":171,"GT_R":[-0.8915355358414466,-0.4480534850652864,-0.06642067259270441,-0.13361356781523367,0.4002629303751099,-0.9066069808974292,0.43279416919203806,-0.7993984458371896,-0.41671539688781434],"GT_T":[133.68570443623983,-48.83048854656691,830.5643834339905],"R_pred":[-0.8582841597850632,-0.5112063933810175,-0.04490350129355866,-0.19590388248622206,0.4072668590710896,-0.8920512173239797,0.47430999345246005,-0.7568366593055215,-0.44969801116125196],"T_pred":[132.22820642347307,-46.81633267374655,760.3110635009604],"rotation_error":4.849973236147299,"translation_error":70.29729785667392,"ADD":0,"ADD_S":0}}
{"id_image":1564,"data":{"Best_template_id":171,"GT_R":[-0.8963300391285766,-0.4387348505147107,-0.06405478630642338,-0.13187177150491197,0.40171907663693524,-0.9062182789697487,0.4233215588776682,-0.8038240449024742,-0.4179298356822172],"GT_T":[132.66850239489517,-52.456807456100506,826.5916691892556],"R_pred":[-0.905618598482748,-0.41768751416846667,-0.07343088308001161,-0.18197756241506396,0.5391271062741462,-0.8223296966897986,0.38306542634335305,-0.7313542942980726,-0.5642532900676371],"T_pred":[131.28306286548093,-58.77588690919107,772.7745037169077],"rotation_error":9.712278701136889,"translation_error":54.20458935645776,"ADD":0,"ADD_S":0}}
{"id_image":1592,"data":{"Best_template_id":171,"GT_R":[-0.9016033945868979,-0.4265330390393482,-0.07197551386202113,-0.11964381915277385,0.4058035620588858,-0.9060954068775335,0.41568725948997837,-0.8083274945765802,-0.41690671707644517],"GT_T":[134.9682408113672,-49.57553731550706,825.868107784093],"R_pred":[-0.925840911324636,-0.37251018286445714,-0.06367708049099122,-0.1483961044373365,0.5133165363796478,-0.8452719856158876,0.3475589203363807,-0.7731379547929921,-0.530528509840064],"T_pred":[131.84615377073402,-55.105913356547646,774.5402801484043],"rotation_error":7.9506393821478305,"translation_error":51.7192263712787,"ADD":0,"ADD_S":0}}
{"id_image":1593,"data":{"Best_template_id":171,"GT_R":[-0.9010674665210784,-0.4275636083494317,-0.07256989567485629,-0.11858520464108402,0.403872345107045,-0.9070965260106904,0.4171503161246625,-0.8087499234873886,-0.414619445443901],"GT_T":[135.25029377799603,-49.11792367782251,825.6651865458837],"R_pred":[-0.8905710919468055,-0.4469383383623805,-0.08443489735025866,-0.1893906337247668,0.5331528325332808,-0.8245479034107542,0.4135387745375344,-0.7183273479853133,-0.5594564353820419],"T_pred":[131.7765883568875,-52.78898605138186,747.7061516002095],"rotation_error":9.797217999095174,"translation_error":78.12268849677439,"ADD":0,"ADD_S":0}}
{"id_image":1613,"data":{"Best_template_id":171,"GT_R":[-0.908702174201451,-0.4113263139956091,-0.07120199167618606,-0.11152355122811441,0.4035776381159928,-0.9081230744244523,0.40227078169467256,-0.8172730870974194,-0.4126044950766145],"GT_T":[130.91522756531182,-45.022882156909404,824.3227563267623],"R_pred":[-0.8885090188795196,-0.4495157934889793,-0.09212640649524295,-0.1644394339255375,0.4993653765295455,-0.8506432232691644,0.42838230115167253,-0.7406549615897257,-0.5176087633845853],"T_pred":[130.87590941210374,-49.53608612006694,763.0763039255271],"rotation_error":7.602747113457798,"translation_error":61.41252712327507,"ADD":0,"ADD_S":0}}
{"id_image":1629,"data":{"Best_template_id":171,"GT_R":[-0.9128307846155139,-0.40269600834822894,-0.06763664692387203,-0.11130870790153097,0.4047574394561578,-0.9076236780120893,0.3928732885636344,-0.8209794938628306,-0.41429940264631904],"GT_T":[127.60031821605742,-44.8288541866781,816.7310495350241],"R_pred":[-0.9112966482636149,-0.40619399861374406,-0.0674155349580422,-0.149947542840143,0.4798755010736693,-0.8644276938330341,0.38347640508863745,-0.7776412662400781,-0.49821672772080117],"T_pred":[128.5204880021204,-51.55793952570695,781.2035391488787],"rotation_error":5.4415697872560145,"translation_error":36.17086253011929,"ADD":0,"ADD_S":1}}
{"id_image":1656,"data":{"Best_template_id":171,"GT_R":[-0.9170132696693651,-0.3933746677999419,-0.06589340205864512,-0.11257115626262591,0.41374772446741354,-0.9034049367642486,0.3826393980789521,-0.8210169358984492,-0.4236947687583388],"GT_T":[126.92370801661968,-54.28134215161826,810.627490701035],"R_pred":[-0.8987788221289735,-0.43480082259366104,-0.056079172286425616,-0.17105204623498083,0.46557559973214835,-0.8683205389790549,0.4036555788927993,-0.7708356540832333,-0.4928230595485493],"T_pred":[126.44030942574858,-57.99707322139046,765.2894758568915],"rotation_error":5.318815012956788,"translation_error":45.49259194185685,"ADD":0,"ADD_S":0}}
{"id_image":1658,"data":{"Best_template_id":171,"GT_R":[-0.9172514320390004,-0.3929106869583615,-0.06535240971572018,-0.1131614617942606,0.4143777548834599,-0.9030419726044435,0.38189548872304785,-0.8209210402794842,-0.42455129670165914],"GT_T":[127.90962949151704,-55.894934149626394,809.7291497569717],"R_pred":[-0.8630870011091398,-0.5038064871918932,-0.035494393638947325,-0.1895121994666769,0.3881990153553462,-0.9018795100956903,0.4681516365129297,-0.7716738611230166,-0.4305269994898824],"T_pred":[127.21992991795766,-54.78468365590085,756.82437918868],"rotation_error":7.3134772489045226,"translation_error":52.92091354600901,"ADD":0,"ADD_S":0}}
{"id_image":1669,"data":{"Best_template_id":171,"GT_R":[-0.9206883059048521,-0.3846238178149376,-0.06630752326750139,-0.1093010789930346,0.4171792865895682,-0.9022270915693844,0.3746797022893408,-0.8234233187049745,-0.42613273850906946],"GT_T":[123.52536236135029,-52.56617941734571,803.3014913680479],"R_pred":[-0.8905080314962185,-0.44849719247049025,-0.07645727033329178,-0.16561971637936831,0.47607723641822064,-0.8636669349412469,0.4237517615150971,-0.7564395106751618,-0.4982305804568547],"T_pred":[124.82391512403548,-57.941764312735565,764.7872513525892],"rotation_error":6.449654651354078,"translation_error":38.909251293405504,"ADD":0,"ADD_S":1}}
{"id_image":1678,"data":{"Best_template_id":171,"GT_R":[-0.9243940012924375,-0.3751401042026683,-0.06902494562591653,-0.10358825945368093,0.4210554539407866,-0.9011002891662225,0.3671017322676716,-0.8258217322423497,-0.4280813153823325],"GT_T":[114.91136265313325,-48.80818757275958,796.1080472263969],"R_pred":[-0.9277326561918041,-0.3642005429180426,-0.08167057715911341,-0.1251743324098911,0.5097317004057678,-0.8511785829702142,0.3516297842063977,-0.7794431076991103,-0.5184833041856942],"T_pred":[117.4778783750008,-59.67445296740377,787.5554121682871],"rotation_error":5.967739576678333,"translation_error":14.064504719848603,"ADD":1,"ADD_S":1}}
