{"id_image":22,"data":{"Best_template_id":19,"GT_R":[0.4286130144211339,0.9029951056016704,-0.029845264411703147,0.5068266731734651,-0.26765249064922364,-0.8194443207204763,-0.7479423534809719,0.33609829538676944,-0.5723814509087581],"GT_T":[-100.67631876141768,63.654836950070596,966.7581899414347],"R_pred":[0.9863290231403942,0.1157085223637512,-0.11733113808070231,-0.03307509928144955,-0.5585162734936668,-0.8288338856793138,-0.16143449420256442,0.8213836558485594,-0.5470537395781307],"T_pred":[-95.96060562657688,59.55505487116178,887.7155670645808],"rotation_error":58.24486149011382,"translation_error":79.28923252697808,"ADD":0,"ADD_S":0}}
{"id_image":42,"data":{"Best_template_id":19,"GT_R":[0.42022733901966014,0.9065650789752544,-0.0393641128693271,0.48725880103054553,-0.2620331465691375,-0.8330170799206452,-0.7654984426830899,0.330875580022831,-0.5518449657563018],"GT_T":[-76.23727214150317,70.2008461114756,963.3668089401249],"R_pred":[0.7965648172947073,-0.5618340856541558,0.22321951537759463,0.3315041103100004,0.09715841331468689,-0.9384376737800691,0.5055586184566777,0.8215246210061699,0.2636432824572707],"T_pred":[-112.45466738361168,86.43291449283653,943.1986205149038],"rotation_error":105.25573669556849,"translation_error":44.518935144671886,"ADD":0,"ADD_S":0}}
{"id_image":49,"data":{"Best_template_id":45,"GT_R":[0.4147234739162936,0.9094868758662075,-0.028967104179077684,0.4939021450372682,-0.2517263176692639,-0.8322831419838643,-0.7642415189792169,0.3308604361105573,-0.5535939223501612],"GT_T":[-70.81236220032541,60.08180286991707,964.3133203147784],"R_pred":[0.5446856413652472,0.8128681999066656,0.20630763842142733,0.5914747499187132,-0.1979508071018553,-0.7816476816164173,-0.5945377803799563,0.5477780276245308,-0.5886119775817119],"T_pred":[-117.92348857874394,70.24272464742474,1221.3537128647588],"rotation_error":16.943661896105453,"translation_error":261.51953265914955,"ADD":0,"ADD_S":0}}
{"id_image":62,"data":{"Best_template_id":45,"GT_R":[0.4141978396465277,0.9101689941100894,-0.005723565544557116,0.5154061652358155,-0.23972483704213654,-0.8227326403252536,-0.7501968782962076,0.337824426837234,-0.5684004468727015],"GT_T":[-75.73240591078086,38.195094323371364,959.6250102420677],"R_pred":[0.7708493793824371,0.37823639981674617,0.5125704440946414,0.625725474516271,-0.2987553278103539,-0.72056428210557,-0.11941048884875582,0.8761749140203652,-0.46696750978446744],"T_pred":[-147.09365160085216,36.64688554222163,1239.5144406939912],"rotation_error":49.512575942413065,"translation_error":288.84756813165467,"ADD":0,"ADD_S":0}}
{"id_image":89,"data":{"Best_template_id":45,"GT_R":[0.45742860252340717,0.8892461278210662,0.0007807269538466759,0.49208659893559564,-0.25239770541991396,-0.8331547460356361,-0.7406822784867706,0.3814929212808367,-0.553040079190294],"GT_T":[-104.12759349852693,52.990575496052344,969.9690727131077],"R_pred":[0.16095293323390159,0.8909936216947794,-0.42452858488283673,0.6958584881054772,-0.40747995129332515,-0.5913890883551616,-0.6999107927550218,-0.2002260107808423,-0.6855905678988204],"T_pred":[-90.13663873785255,37.309041047406254,921.0612239858181],"rotation_error":35.66991193813582,"translation_error":53.231898377859494,"ADD":0,"ADD_S":0}}
{"id_image":100,"data":{"Best_template_id":19,"GT_R":[0.47919161239255065,0.8775774291801123,0.015265975893187197,0.48485997054417607,-0.2501742457239064,-0.8380472036434184,-0.7316321366326544,0.40898752500941304,-0.5453839629765448],"GT_T":[-110.00777239986495,57.84750732799706,967.971043304137],"R_pred":[0.8246183035268586,0.5643667128470662,0.038663508877014446,-0.47249507330637913,0.7247377916778097,-0.5015012851580454,-0.31105153783526807,0.3952788215224399,0.8642925396335119],"T_pred":[-90.57455133877454,72.86012424741486,779.6905289684888],"rotation_error":95.19924489477985,"translation_error":189.8751716946547,"ADD":0,"ADD_S":0}}
{"id_image":128,"data":{"Best_template_id":45,"GT_R":[0.5639957930531904,0.825718374194235,-0.00988249715401877,0.4468158247826574,-0.315212812640569,-0.8372559922130548,-0.6944522972109585,0.46779264674912513,-0.5467230609576063],"GT_T":[-172.7935446688575,53.932596735468415,948.2924527317679],"R_pred":[0.5671334266297048,0.8227979250624462,0.03692222788757993,0.2731978267797906,-0.14563893082183316,-0.950869207237185,-0.7769958969274218,0.5493567841958508,-0.3073833108936541],"T_pred":[-238.526381784332,79.11840212436445,1186.7601906034756],"rotation_error":15.461689222208895,"translation_error":248.64028771296572,"ADD":0,"ADD_S":0}}
{"id_image":205,"data":{"Best_template_id":45,"GT_R":[0.5349802119712882,0.8448576947923206,-0.003579702442498344,0.4455214324765237,-0.2857080824655564,-0.8484589575022387,-0.7178481538315208,0.4523134559444353,-0.5292498358837711],"GT_T":[-145.63901347269683,51.428373874572266,945.4496549754641],"R_pred":[0.36881574547571117,0.8876738043468171,-0.2756994069011467,0.5679820942961658,-0.4500182600450683,-0.6891153068862645,-0.7357793734864662,0.09756424910005718,-0.6701566465009544],"T_pred":[-140.35656921395477,38.31316588492479,905.7206086440459],"rotation_error":22.96035560157171,"translation_error":42.17001328387749,"ADD":0,"ADD_S":0}}
{"id_image":360,"data":{"Best_template_id":50,"GT_R":[0.5497295327909434,0.8353431822383753,0.0003381810245446297,0.4169421216075379,-0.2740339013464378,-0.8666402941276662,-0.7238484514628907,0.476559066359819,-0.4989341641555682],"GT_T":[-90.083270721893,52.0230648409556,1002.9576159709908],"R_pred":[0.7684817229813393,0.6372540506845761,0.057819688080547604,0.2832444295850371,-0.2577568656315175,-0.9237607868538601,-0.5737668817147598,0.7262703856732117,-0.3785801002976852],"T_pred":[-123.11492641807305,69.16585748797164,1097.314495403145],"rotation_error":18.700138700280892,"translation_error":101.43069709877602,"ADD":0,"ADD_S":0}}
{"id_image":454,"data":{"Best_template_id":50,"GT_R":[0.6047803899567644,0.796392364973208,-0.00023292060626889377,0.3718168585618358,-0.28261651077778904,-0.8842399462602801,-0.704267498873191,0.5346847537358196,-0.4670327657787757],"GT_T":[-50.10549313421042,83.52776134321874,1021.783778902523],"R_pred":[0.777873113520849,0.6277443598007294,0.029162270140584978,0.294896307714801,-0.32365676202218474,-0.8990453092550409,-0.5549320561632365,0.7079430196955735,-0.43688338708030006],"T_pred":[-75.38715223891676,94.66992475121272,1041.3760506590122],"rotation_error":14.088454179800083,"translation_error":33.86985688008066,"ADD":0,"ADD_S":0}}
{"id_image":512,"data":{"Best_template_id":45,"GT_R":[0.6508957005989304,0.7591656091612806,0.0014655946170008356,0.35158997724085744,-0.2997355584465905,-0.8868728048567781,-0.6728433679081905,0.5777774175593077,-0.4620116048754818],"GT_T":[-67.83938291952175,72.56452504482726,1031.8249740290264],"R_pred":[0.776243653707039,0.6299174269097221,-0.025491672267263066,0.3320546047439364,-0.4428917252309878,-0.8328185031507569,-0.5358969392970021,0.6380054506016026,-0.5529588732037412],"T_pred":[-75.74176704755322,72.6317390713606,880.1642870630488],"rotation_error":12.012731511970605,"translation_error":151.86644186134262,"ADD":0,"ADD_S":0}}
{"id_image":513,"data":{"Best_template_id":50,"GT_R":[0.6503555373168962,0.7596210138984409,0.0036543919098568594,0.3537473180598478,-0.29859939203058206,-0.8863985366896578,-0.6722351559175683,0.5777664568518042,-0.4629089534311938],"GT_T":[-66.78966358063178,72.02300374856146,1031.811342746528],"R_pred":[0.7373759992729764,0.6698211286983407,0.0872713655528608,0.3956866335976901,-0.32361137638652127,-0.8594811022153709,-0.5474565952551009,0.6682928494473829,-0.5036625295663658],"T_pred":[-77.04692286650243,66.58665361414845,859.3247793393525],"rotation_error":9.173828339245047,"translation_error":172.87677642430484,"ADD":0,"ADD_S":0}}
{"id_image":526,"data":{"Best_template_id":19,"GT_R":[0.6546373899583525,0.7559166070982851,0.0063200741444293385,0.3545659435392104,-0.2996552072436605,-0.8857142663296331,-0.6676321165145749,0.5820623881678604,-0.46418854270685095],"GT_T":[-65.28228222300828,68.87869325211324,1030.2950957593491],"R_pred":[0.5403023058681398,-0.8414709848078965,0.0,0.8414709848078965,0.5403023058681398,0.0,0.0,0.0,1.0],"T_pred":[-66.78966358063178,72.02300374856146,1031.811342746528],"rotation_error":143.6158468780446,"translation_error":3.802353479295998,"ADD":0,"ADD_S":1}}
{"id_image":530,"data":{"Best_template_id":50,"GT_R":[0.6567384502043279,0.7539318464482456,0.01679879296869273,0.3609112267837701,-0.2946692470787219,-0.8848237513844966,-0.662146463752976,0.5871611649692083,-0.4656224569032833],"GT_T":[-70.9178784151499,65.99743316171241,1029.9061651498093],"R_pred":[0.7641303411369788,0.6439278096980403,0.03823346245592535,0.39724645150834575,-0.4230461930458448,-0.8143876075392144,-0.5082323076290132,0.6374863876561617,-0.5790604692389095],"T_pred":[-79.0624080529381,60.52274520010119,843.8050480739615],"rotation_error":11.8986518418539,"translation_error":186.35968273254878,"ADD":0,"ADD_S":0}}
{"id_image":546,"data":{"Best_template_id":19,"GT_R":[0.676951504892417,0.7357185561604707,0.02134384333929195,0.35431901948798433,-0.30032581372533623,-0.885586005400005,-0.6451312456776058,0.6070611303560152,-0.4639848506176989],"GT_T":[-91.79647942299412,59.27938942751845,1028.4281983065935],"R_pred":[0.5799733027308367,-0.8142565653773735,-0.024843789149978313,0.48073147780180436,0.3667143753245691,-0.7965034922590135,0.6576687725367372,0.45000756956984,0.6041233093995522],"T_pred":[-90.41978181536784,56.03111490832095,969.9730844790977],"rotation_error":115.87485419087257,"translation_error":58.56147979892926,"ADD":0,"ADD_S":0}}
{"id_image":562,"data":{"Best_template_id":19,"GT_R":[0.6766352637527044,0.7359336855303711,0.02380845412552808,0.3513327786540505,-0.29427009752131406,-0.8888027401535785,-0.6470932923436783,0.6097600919425012,-0.45767169347102155],"GT_T":[-82.70383826685747,64.12932509170511,1027.0175657509362],"R_pred":[-0.6233616397098771,0.18521941177885065,-0.7596802193281788,0.6081209780891383,0.7255634222791457,-0.32209718449325686,0.4915375287260607,-0.6627605070844746,-0.564924214477488],"T_pred":[-15.443325566620139,48.183919328201455,1075.230086978338],"rotation_error":137.7650626337246,"translation_error":84.27739754385058,"ADD":0,"ADD_S":0}}
{"id_image":563,"data":{"Best_template_id":50,"GT_R":[0.6751941702461327,0.7372676006912006,0.023457039364560738,0.3527681464940263,-0.2948127333937626,-0.8880537113907588,-0.6478171110860196,0.6078832218870004,-0.4591411768617427],"GT_T":[-79.69969424196728,63.152787436490264,1027.247328985644],"R_pred":[0.7459059966014379,0.6586734084513087,0.09886144462403751,0.4273116479766984,-0.35938640755566664,-0.8296060303346828,-0.510909972243109,0.6610527596670086,-0.5495272961365777],"T_pred":[-88.82043124714826,60.20689242031088,902.0511508904642],"rotation_error":9.915260820358267,"translation_error":125.56253083863822,"ADD":0,"ADD_S":0}}
{"id_image":598,"data":{"Best_template_id":45,"GT_R":[0.6946441172620177,0.7183208773703448,0.03853266992532018,0.34759823100348003,-0.28827973562132037,-0.8922275841842544,-0.6297974811881971,0.633175113434199,-0.449939322928076],"GT_T":[-96.69073704424316,68.30727829222126,1030.074330611801],"R_pred":[0.8515839967548684,0.49041188138982,0.18520497580438183,0.41272891048583643,-0.4094110454240321,-0.8136568332743084,-0.32320201564993206,0.7693365859469432,-0.5510550558731158],"T_pred":[-109.14739791051463,70.59603870278828,921.8855649073535],"rotation_error":20.19626162710813,"translation_error":108.92757157306933,"ADD":0,"ADD_S":0}}
{"id_image":603,"data":{"Best_template_id":50,"GT_R":[0.6934384395635333,0.7192426040517762,0.0428259607244185,0.3492319308339116,-0.2835239341714758,-0.8931138512161956,-0.6302226244361038,0.6342756045026061,-0.44778863829669036],"GT_T":[-96.38607648876906,67.48298227028353,1030.5264262851472],"R_pred":[0.7954515320132395,0.600823920034721,0.07916740068931055,0.3428366044368879,-0.33842556749791586,-0.8763168364934562,-0.49971984438880906,0.7242090529521328,-0.475185568747831],"T_pred":[-107.34926468690676,70.705557427919,948.7628780149959],"rotation_error":9.508401675772932,"translation_error":82.55818743068285,"ADD":0,"ADD_S":0}}
{"id_image":610,"data":{"Best_template_id":19,"GT_R":[0.696017442653923,0.7166852158641552,0.04383956328930644,0.3510778445412645,-0.2864229709088454,-0.8914627807227287,-0.6263412025208853,0.6358650691095157,-0.45096785153001884],"GT_T":[-91.6593655317376,67.89804331619872,1030.0186709302634],"R_pred":[0.612162947039585,0.5306655090507125,-0.5862172325817094,0.4204958477148733,-0.8463147362070469,-0.3270085768498231,-0.669656455450375,-0.04631937804790462,-0.7412251661208592],"T_pred":[-72.25430260354855,53.87632434141067,901.1590952881992],"rotation_error":53.612280416738436,"translation_error":131.0646989273152,"ADD":0,"ADD_S":0}}
{"id_image":612,"data":{"Best_template_id":45,"GT_R":[0.6958928891884506,0.7169121996604804,0.04208003809386133,0.35080697040879993,-0.288224092032702,-0.8909893574562805,-0.6266318014291086,0.6347948864329638,-0.4520709172931427],"GT_T":[-89.89305685366898,67.61953441171288,1030.0564455327694],"R_pred":[0.7627461810986134,0.45287517141996586,0.4616517543894068,0.5651095242234002,-0.11966371691589467,-0.8162915046022925,-0.31443519022444505,0.8835070310785358,-0.347197115747392],"T_pred":[-108.60966066865349,58.83814525370053,913.5125448042742],"rotation_error":28.968772104290487,"translation_error":118.36344389601422,"ADD":0,"ADD_S":0}}
{"id_image":618,"data":{"Best_template_id":50,"GT_R":[0.7001635204469937,0.7126970028011503,0.042834675967256416,0.3456081912029027,-0.28581165992810564,-0.893793832611304,-0.62476100451273,0.6406059912247435,-0.4464287511214202],"GT_T":[-88.86586575433986,75.31787343046743,1028.3412981866877],"R_pred":[0.8512312757757294,-0.383751380774393,0.3579667483090722,0.3385090332242972,-0.11972908178286398,-0.9333148350910231,0.4010198867472479,0.9156417556714956,0.02798616987094496],"T_pred":[-102.81552401222291,75.60777421399132,839.127983383311],"rotation_error":71.13227998758926,"translation_error":189.72705528431564,"ADD":0,"ADD_S":0}}
{"id_image":621,"data":{"Best_template_id":50,"GT_R":[0.706415994885148,0.7066234209006962,0.04073661840202025,0.3355732426570108,-0.2836894019160996,-0.8982826471818953,-0.62319066750055,0.6482316495646259,-0.4375265759065603],"GT_T":[-93.33773478560904,81.02929716496641,1027.358165032701],"R_pred":[0.7815285343136814,0.6202920680499291,0.06671506852167064,0.32938400901399634,-0.31943893241824983,-0.8885183977056167,-0.5298295241484534,0.7163773578009226,-0.4539649287894301],"T_pred":[-98.05211263585718,76.42935234448476,857.7415994783573],"rotation_error":6.880946415503272,"translation_error":169.74440833593707,"ADD":0,"ADD_S":0}}
{"id_image":622,"data":{"Best_template_id":19,"GT_R":[0.707002556791639,0.70602591959471,0.040933855820717124,0.3366553736133046,-0.2850900980678986,-0.8974338824592563,-0.621940812240531,0.6482682549906434,-0.43924701100897323],"GT_T":[-93.12474045233219,82.01328205698756,1027.1604655351787],"R_pred":[0.5403023058681398,-0.8414709848078965,0.0,0.8414709848078965,0.5403023058681398,0.0,0.0,0.0,1.0],"T_pred":[-93.33773478560904,81.02929716496641,1027.358165032701],"rotation_error":139.5569101110601,"translation_error":1.0260009478818761,"ADD":0,"ADD_S":1}}
{"id_image":638,"data":{"Best_template_id":45,"GT_R":[0.7187008435973357,0.6934351827152552,0.05115885595499734,0.3360377523916628,-0.2819831836221766,-0.8986455592649566,-0.6087261014498812,0.6630488980884036,-0.43568233894287584],"GT_T":[-106.66051971837375,82.04815157331494,1025.9172858818054],"R_pred":[0.9936217048078922,0.09452899391755724,-0.061483144386013655,0.030120617958145413,-0.7479087931744485,-0.6631177764667144,-0.10866764057655998,0.6570363052383592,-0.7459856818265678],"T_pred":[-116.86594309830788,104.83459656750185,988.2725141590199],"rotation_error":44.75462425204659,"translation_error":45.17191140407319,"ADD":0,"ADD_S":0}}
{"id_image":641,"data":{"Best_template_id":50,"GT_R":[0.7205045858817207,0.691283855798848,0.05477024337210939,0.33687827847609764,-0.2798922016209142,-0.8989850998698459,-0.6061233793767623,0.6661736301465,-0.43454183190411383],"GT_T":[-109.10667839037929,81.38121351289396,1025.8604845324173],"R_pred":[0.828861451247446,0.5585114721560557,0.03245966891472868,0.33288100028184126,-0.4457185860757856,-0.8309784483835687,-0.4496431188035008,0.6995712097397078,-0.5553568116229267],"T_pred":[-116.0939685291867,81.51968966959457,916.6330445447035],"rotation_error":12.979891368441606,"translation_error":109.45078823562434,"ADD":0,"ADD_S":0}}
{"id_image":649,"data":{"Best_template_id":45,"GT_R":[0.7219165489341772,0.6894568804261626,0.05904635596919336,0.3369463557824019,-0.27571103736902164,-0.9002508152243435,-0.6044034079679727,0.6698009992902992,-0.43135024839639813],"GT_T":[-107.88168877209928,83.44046406453637,1026.9326534991924],"R_pred":[0.7915349162809701,0.6042632970499963,0.09131453414623886,0.35319768879744917,-0.3303918861412146,-0.8752671559016656,-0.49872223625603146,0.7250565973841754,-0.4749411138798835],"T_pred":[-103.90742305230911,79.6014520634535,809.0360097669927],"rotation_error":7.380966167025702,"translation_error":217.9666950497555,"ADD":0,"ADD_S":0}}
{"id_image":654,"data":{"Best_template_id":50,"GT_R":[0.7225610470983777,0.6886671271398161,0.06035566638776896,0.3328324690676993,-0.2700301141307495,-0.9034976217782347,-0.6059103585276616,0.6729202290541709,-0.424324244060012],"GT_T":[-106.21550939448024,86.61669727908448,1027.2572796128152],"R_pred":[0.7626437200545738,0.64266976672794,0.07314456367479463,0.3906621424248453,-0.3675348310759326,-0.8439794063968715,-0.5155168733779242,0.6722304060958868,-0.5313648787629912],"T_pred":[-113.37419231233936,84.72302175211205,946.2834080063868],"rotation_error":8.100220073903476,"translation_error":81.3117496494464,"ADD":0,"ADD_S":0}}
{"id_image":663,"data":{"Best_template_id":50,"GT_R":[0.7164593344152174,0.6943534565445015,0.0675257573218292,0.34331973172752994,-0.2666703255761013,-0.9005658796055074,-0.6073034986331415,0.6684019881824196,-0.42944325227446944],"GT_T":[-95.80314670338737,83.86617685693882,1027.318037660263],"R_pred":[0.7837175993302564,0.6180256520990635,0.06189521667743583,0.34916356296823836,-0.35596201348806017,-0.8668193879054915,-0.5136842715086227,0.7009531641279989,-0.4947657333563049],"T_pred":[-101.54898938301847,81.73808548600138,907.0994246022128],"rotation_error":7.433512504095301,"translation_error":120.37465848999656,"ADD":0,"ADD_S":0}}
{"id_image":793,"data":{"Best_template_id":50,"GT_R":[0.716104175707986,0.6951545257952058,0.06288600256711943,0.34245028373744085,-0.27140063188266444,-0.8994836503330755,-0.6082121699058343,0.6656594464772201,-0.4324069991312394],"GT_T":[-19.564946443498865,87.94197394124073,1021.252676335498],"R_pred":[0.7654643133341557,0.6425855236892263,-0.033885539053012115,0.3189646102446929,-0.42464034852375865,-0.8473146710739005,-0.5588613087549732,0.6377808551145635,-0.5300090739091312],"T_pred":[-33.740749965813045,88.5449268056676,941.6874598664062],"rotation_error":9.430334171698753,"translation_error":80.82042210625607,"ADD":0,"ADD_S":0}}
{"id_image":920,"data":{"Best_template_id":45,"GT_R":[0.7053698378301947,0.7038800356977849,0.08370334475830814,0.3729142206808589,-0.26806999555114,-0.8882985638289537,-0.6028162304905755,0.6577927490446981,-0.45157572532290347],"GT_T":[-29.197332807576267,71.89136279423856,923.2616049078842],"R_pred":[0.8434427212414455,0.5370046291087063,0.015179074433129519,0.3794417077359882,-0.5754899886107541,-0.7244551493634311,-0.3803003634171582,0.6167959965212283,-0.6891547955722012],"T_pred":[-52.08825275126268,73.01482757615085,917.8101774337192],"rotation_error":21.590077259389847,"translation_error":23.55789571439985,"ADD":0,"ADD_S":1}}
{"id_image":1025,"data":{"Best_template_id":45,"GT_R":[0.7901575177427638,0.6056777230222156,0.09383618764796396,0.3331820471027222,-0.29597257172727603,-0.8952039384302546,-0.5144322540633121,0.7386174574709792,-0.4356659869989317],"GT_T":[-53.029999929110524,63.24700690206997,933.5805470470797],"R_pred":[0.8862118893959355,0.4493469628587095,0.11276432974544454,0.36239627463517027,-0.5207462302977062,-0.7729762633880024,-0.2886129366882851,0.725886127846773,-0.6243331660065659],"T_pred":[-74.04661106955558,65.3533664522335,932.1894618900739],"rotation_error":17.593073337761844,"translation_error":21.167659584783724,"ADD":0,"ADD_S":1}}
{"id_image":1038,"data":{"Best_template_id":45,"GT_R":[0.7927905835388794,0.6030994487656821,0.08805519224414478,0.32956041574594147,-0.3026428743485657,-0.8943139613092843,-0.5127103569588823,0.7380231905808126,-0.43869106839010796],"GT_T":[-42.56841168644617,59.962835358212736,933.9404323572095],"R_pred":[0.8829841387719445,0.4598465873272684,0.09423442471109907,0.33416366308802176,-0.474804102533722,-0.8141840765384335,-0.3296568775996672,0.7504013461745732,-0.5729085116409306],"T_pred":[-62.87980985028265,62.683217030254994,917.7069998439117],"rotation_error":13.85928582649983,"translation_error":26.143406491413405,"ADD":0,"ADD_S":0}}
{"id_image":1040,"data":{"Best_template_id":50,"GT_R":[0.7921714596368807,0.6042715443398715,0.0855593187574485,0.3281466972164652,-0.30352740098810005,-0.8945345981670609,-0.5145711388197467,0.7367001641674039,-0.4387355860530259],"GT_T":[-39.70501747191056,60.23589980336778,934.3182853414504],"R_pred":[0.8459904563553429,0.5331622958574169,-0.006173656268877892,0.23250870090147216,-0.37930133023147283,-0.895583722992856,-0.47983314991858134,0.7562198537202547,-0.4448501782381668],"T_pred":[-59.80923362525458,70.01589918006326,991.2860053631617],"rotation_error":7.35160231789995,"translation_error":61.19762266151057,"ADD":0,"ADD_S":0}}
{"id_image":1041,"data":{"Best_template_id":50,"GT_R":[0.7923264737340592,0.6041398578353315,0.08504839370378961,0.32802260274653433,-0.3043021989333922,-0.8943167995816087,-0.5144116531985344,0.7364888630077111,-0.4392784186821641],"GT_T":[-38.31373226594618,60.74536779920234,934.3244621719484],"R_pred":[0.8609080790771361,0.5087366814937575,-0.0049262848511132384,0.3049566565235858,-0.5237641813762887,-0.795407140997101,-0.40723300089957215,0.6832701304827727,-0.6060554527173101],"T_pred":[-57.56795543971121,61.9811200486385,926.0862924461486],"rotation_error":14.21712704154695,"translation_error":20.979028435040114,"ADD":0,"ADD_S":1}}
{"id_image":1042,"data":{"Best_template_id":45,"GT_R":[0.7924163451186792,0.6040244828573753,0.0850317220019146,0.3277787648916846,-0.3040911767539301,-0.8944778599504113,-0.5144284180823075,0.7366702742929027,-0.4389531457296541],"GT_T":[-37.67691727411604,60.886883772145715,934.3384245857721],"R_pred":[0.784886586768379,0.6188854456284242,0.030558977410737265,0.2838409053343405,-0.31525999264485965,-0.9055636242123161,-0.5508061241217868,0.7194386299239633,-0.423108344757067],"T_pred":[-51.552597078677955,59.49357356972763,790.4918328480726],"rotation_error":3.4606716325247397,"translation_error":144.5209941770098,"ADD":0,"ADD_S":0}}
{"id_image":1044,"data":{"Best_template_id":19,"GT_R":[0.7927005470627363,0.6034596537223775,0.0863868796184685,0.3278243109926333,-0.30250670362646037,-0.8949978013522336,-0.5139620412691023,0.7377851835110862,-0.4376256421553058],"GT_T":[-36.86109148348775,61.474205111916476,933.8282052854432],"R_pred":[0.7820309461875348,0.02251067222606501,-0.6228329381471084,0.6196549239626561,-0.13511308854609103,0.7731573116205853,-0.06674859110021569,-0.9905744408874412,-0.11961146536461033],"T_pred":[-25.489151566740674,-5.136461430740829,911.8265776622833],"rotation_error":139.13240662689915,"translation_error":71.06598013673901,"ADD":0,"ADD_S":0}}
{"id_image":1046,"data":{"Best_template_id":45,"GT_R":[0.7942505895223778,0.6015413291781255,0.08552767645176422,0.32579768267715264,-0.30282897731780556,-0.8956284221681307,-0.5128568233653852,0.739218384690487,-0.4365029123302225],"GT_T":[-36.076342241873505,63.35297398175334,933.0144184428232],"R_pred":[0.8170313193436349,0.5721203986716739,-0.07168035041323417,0.3145354415770094,-0.5464294008888151,-0.7761973755664511,-0.48324660288878885,0.6116315551605032,-0.6264020765677502],"T_pred":[-48.90874929453673,65.5720193392796,913.6684056661487],"rotation_error":15.900591520038988,"translation_error":23.320871412090312,"ADD":0,"ADD_S":1}}
{"id_image":1048,"data":{"Best_template_id":50,"GT_R":[0.7951223655974297,0.6003599023381297,0.0857202759129357,0.3248374955250212,-0.3022619746278875,-0.8961691565556874,-0.5121137179344716,0.7404094855629837,-0.43535535701167893],"GT_T":[-35.54688317303243,64.45643734578542,932.2792964570992],"R_pred":[0.8043723118833,0.5881451694262134,-0.08408592959660116,0.24799406123472606,-0.46098341977165813,-0.8520523647569637,-0.5398927018101105,0.6645145193118339,-0.5166588082631915],"T_pred":[-49.794448676329765,66.12968168052775,860.0484331215837],"rotation_error":11.131492568260404,"translation_error":73.64163555739661,"ADD":0,"ADD_S":0}}
{"id_image":1049,"data":{"Best_template_id":19,"GT_R":[0.7952829874961682,0.5999449958756866,0.08712934833912678,0.3265115442722975,-0.3027861992951038,-0.8953829724505858,-0.5107983761857191,0.7405315320091588,-0.43668943812572286],"GT_T":[-34.99152570836827,64.75917237947951,931.9805540789625],"R_pred":[0.4566595730363697,0.3587103672659601,-0.8141184844788631,0.6617712381564984,-0.7485630665981607,0.04137829955390371,-0.5945762042859233,-0.557655994086926,-0.5792226942686781],"T_pred":[-12.144108996941121,27.312082175475776,907.8643605956868],"rotation_error":88.3721597153627,"translation_error":50.05876350106128,"ADD":0,"ADD_S":0}}
{"id_image":1053,"data":{"Best_template_id":50,"GT_R":[0.7972269928667949,0.5972786017221235,0.08767961571770413,0.3249405016784511,-0.3021640642401967,-0.8961643157709711,-0.5087657183809512,0.7429371652648395,-0.434973293123459],"GT_T":[-35.28383688138159,65.27823360607621,930.3305073808183],"R_pred":[0.8652831084737072,0.5010572388505338,0.015059401899071262,0.2406972674624914,-0.3889365478283885,-0.889265532447663,-0.43971578050619076,0.7730912010615663,-0.45714333333760504],"T_pred":[-57.97745494015191,74.15960988026197,976.5683444302902],"rotation_error":8.110256587727783,"translation_error":52.26678409979448,"ADD":0,"ADD_S":0}}
{"id_image":1055,"data":{"Best_template_id":50,"GT_R":[0.7974708640500984,0.5972629203626982,0.08554329802525407,0.3234750296546772,-0.3035444603405837,-0.8962283623533439,-0.5093170403584759,0.7423869792158949,-0.4352682324834528],"GT_T":[-34.52335913126758,64.55302755187944,929.8135748907634],"R_pred":[0.8360306871762155,0.5475768907517509,0.034817220083028955,0.27646062409990657,-0.36558325402949066,-0.8887735412890615,-0.4739432597072724,0.7526675448615107,-0.4570222680463074],"T_pred":[-54.747284735479894,72.03584157677236,978.0997278838767],"rotation_error":4.875304104547136,"translation_error":52.88243794919239,"ADD":0,"ADD_S":0}}
{"id_image":1064,"data":{"Best_template_id":45,"GT_R":[0.798464936772163,0.5955386998462096,0.08824801691010567,0.3271958401797697,-0.3062166911180783,-0.8939659079273365,-0.5053674162416874,0.7426744991893188,-0.4393613338662958],"GT_T":[-30.48309917590359,60.960178831919514,927.8708348614018],"R_pred":[0.9224601031622645,0.37560831751076573,0.0893630230609739,0.3510331984745406,-0.7195504136598293,-0.599185193217174,-0.16075774209224916,0.5840938229588636,-0.7956075378845411],"T_pred":[-52.53752611270237,61.393903007447165,983.8615682186344],"rotation_error":31.59386712672451,"translation_error":60.17929948123148,"ADD":0,"ADD_S":0}}
{"id_image":1068,"data":{"Best_template_id":50,"GT_R":[0.800393185870035,0.5930265216878676,0.08769575092579862,0.32642839652326455,-0.30844643418582396,-0.8934792359996234,-0.5028074242055303,0.7437615266519042,-0.4404594484942795],"GT_T":[-30.224232699984846,60.58141346206122,927.4842352582577],"R_pred":[0.8899393706257893,0.4552046729628035,-0.028224498631542194,0.2751964170623405,-0.5853068737872756,-0.7626813197747907,-0.36369609380116413,0.670972852811642,-0.6461583259105941],"T_pred":[-49.59548043822212,61.15943773670167,895.1471757885632],"rotation_error":18.36823016649773,"translation_error":37.69966533199991,"ADD":0,"ADD_S":0}}
{"id_image":1088,"data":{"Best_template_id":50,"GT_R":[0.8098728504138716,0.5811496970003565,0.0798197087606997,0.31615130733357094,-0.31780462399770376,-0.8938949940291147,-0.49411923116318024,0.7491767680518653,-0.44111290255761854],"GT_T":[-30.663222589405507,59.419094724533494,928.0559704269954],"R_pred":[0.7934246159915673,0.6071079768431686,-0.04355781436239392,0.2829173752186303,-0.43121097421109145,-0.8567466688113367,-0.5389203443348887,0.6674406341940203,-0.513894796907547],"T_pred":[-47.277541537998935,63.064141459429834,921.7408370290846],"rotation_error":8.649899774365293,"translation_error":18.14394856856075,"ADD":0,"ADD_S":1}}
{"id_image":1100,"data":{"Best_template_id":45,"GT_R":[0.8160153246733529,0.5720580542305226,0.08288294099971279,0.3142026478227776,-0.31862663134772645,-0.8942900697211588,-0.48517671543841623,0.7557955992193428,-0.4397465008162129],"GT_T":[-33.65066260619436,55.222524192720634,927.82234386103],"R_pred":[0.8187936560765867,0.5590723845849448,0.13044162511729018,0.3500426725467824,-0.3060989344110906,-0.8853098721626801,-0.4550242588753287,0.7705462420561783,-0.44633105727482086],"T_pred":[-52.87562628394711,52.14223735551222,848.1552300149068],"rotation_error":2.9015331507069253,"translation_error":82.01180661332582,"ADD":0,"ADD_S":0}}
{"id_image":1103,"data":{"Best_template_id":45,"GT_R":[0.8174788656205167,0.5697603112873959,0.08426794122769278,0.3151577140801673,-0.32004006381246275,-0.8934482196386301,-0.48208167742059405,0.7569335714777662,-0.4411908992457828],"GT_T":[-33.10738826160941,55.032045328584864,927.9627185441658],"R_pred":[0.7868525529797167,0.5039136289241211,0.3562781419815491,0.511082947462,-0.2084878308701028,-0.8338627256285256,-0.3459151350878655,0.8382146974156457,-0.42159084472215624],"T_pred":[-58.559144529844694,47.573280298024734,924.1147809388292],"rotation_error":16.21802466530889,"translation_error":26.799845087860568,"ADD":0,"ADD_S":1}}
{"id_image":1115,"data":{"Best_template_id":45,"GT_R":[0.8236785034217091,0.5610655922337715,0.08221905707035894,0.31215636943633124,-0.3275845412456757,-0.8917668932657233,-0.4734053958271045,0.7601941022195551,-0.4449638073952224],"GT_T":[-33.68091595950893,50.653166390453826,926.7620762788855],"R_pred":[0.9102334400799397,0.4047817014112302,0.0873318885795374,0.35282305131028074,-0.6477028471568428,-0.6752754373209666,-0.21677402755944286,0.6454709877194709,-0.7323771057236215],"T_pred":[-56.23791819241435,52.34657543210598,1031.5529659598333],"rotation_error":23.955838531693626,"translation_error":107.2045546795574,"ADD":0,"ADD_S":0}}
{"id_image":1120,"data":{"Best_template_id":19,"GT_R":[0.8263464814713248,0.5572592237819484,0.08132717236575648,0.3100492519204402,-0.3296216263019869,-0.8917504277290881,-0.4701289332470078,0.7621104412440393,-0.44515994933906333],"GT_T":[-34.250693877893745,50.90389054312975,926.0505087277537],"R_pred":[0.9357193758451604,-0.01270445849577656,0.3525164484137905,0.3121732816966866,-0.43549831860005406,-0.8443275766497546,0.1642470452174548,0.9000998895849589,-0.4035382223612535],"T_pred":[-61.09784307632227,51.09183139188938,904.8406281236471],"rotation_error":37.97850080302684,"translation_error":34.2149642274513,"ADD":0,"ADD_S":0}}
{"id_image":1132,"data":{"Best_template_id":50,"GT_R":[0.8340718084288562,0.5463535980630417,0.07630361116721371,0.30010955372969206,-0.3333283248843113,-0.8937707900465555,-0.4628806315755369,0.7683686880636261,-0.44198647583105316],"GT_T":[-35.88638898160217,52.46267021489299,925.2341979493197],"R_pred":[0.7378909384306132,0.6748704147542126,-0.008178402745391888,0.42324207376407563,-0.47213603631811407,-0.7732746667295556,-0.5257215137103233,0.5671309253596539,-0.6340184567682781],"T_pred":[-52.05648119407262,49.39394557105711,929.1887126891935],"rotation_error":16.421794230330004,"translation_error":16.92711256911121,"ADD":0,"ADD_S":1}}
{"id_image":1136,"data":{"Best_template_id":45,"GT_R":[0.8353778675765892,0.5441706561948921,0.07760447799620103,0.30070261440485646,-0.3342367397804417,-0.8932327322698966,-0.46013171765723965,0.7695221538847283,-0.4428475813151652],"GT_T":[-35.204434351381686,50.51806892046541,925.3353918834613],"R_pred":[0.9079913674919747,0.40895292860267757,0.09115469679257454,0.35087428145817484,-0.6232617074906892,-0.6988791616488506,-0.22899544792694554,0.6665600844358173,-0.709407315063535],"T_pred":[-56.29704105431154,47.77180544536296,911.5257991871606],"rotation_error":21.66800958210239,"translation_error":25.36030108332479,"ADD":0,"ADD_S":0}}
{"id_image":1147,"data":{"Best_template_id":50,"GT_R":[0.8421161236568454,0.5334309732964106,0.07932200726296607,0.29771252104833007,-0.33718340310664413,-0.8931258978519548,-0.4496748733174738,0.7757308428234362,-0.4427569011023934],"GT_T":[-38.83876205545895,46.233691040857046,922.2338577695455],"R_pred":[0.8049003787277614,0.5932702808461612,0.012874555861237424,0.33561371266634,-0.437226149434793,-0.8343840423454537,-0.48938616265095036,0.675916909179776,-0.5510331348391277],"T_pred":[-57.440129331711596,47.127810793103,944.7456284432398],"rotation_error":8.842484032607246,"translation_error":29.21626488006982,"ADD":0,"ADD_S":0}}
{"id_image":1151,"data":{"Best_template_id":19,"GT_R":[0.8438571419814693,0.5306080562518997,0.07975055921451114,0.2976100655387196,-0.3391786423909966,-0.8924052739421391,-0.4464667656913537,0.7767975130116954,-0.4441327443786206],"GT_T":[-39.401224372496436,45.38971449299552,920.6825965341305],"R_pred":[-0.23274043640774708,0.955779556032286,0.17977021313737612,-0.2531437865735032,0.11893820631159535,-0.9600895408234635,-0.939015501778304,-0.2689593711884876,0.21426792590103938],"T_pred":[-20.565457053292594,71.54083766570147,970.7092041741623],"rotation_error":84.79785286930642,"translation_error":59.50906523939787,"ADD":0,"ADD_S":0}}
{"id_image":1161,"data":{"Best_template_id":45,"GT_R":[0.8501310031977453,0.5203155109393458,0.08092253331583486,0.2931065994790273,-0.33992046455777863,-0.8936120891915251,-0.4374523509673236,0.7834072834960979,-0.44148429199102635],"GT_T":[-42.61444436664225,46.610951218962995,917.1329673737948],"R_pred":[0.8418540135788501,0.5111127701022995,0.1733365398856655,0.3413275338065386,-0.2554278111861021,-0.9045729091334889,-0.4180637923651452,0.820682867806457,-0.389489789342727],"T_pred":[-64.74394226536836,46.23484271786421,908.1723309458356],"rotation_error":6.113364750090515,"translation_error":23.877795962952526,"ADD":0,"ADD_S":1}}
{"id_image":1164,"data":{"Best_template_id":45,"GT_R":[0.8513052103150448,0.5183203338470993,0.08138932812019592,0.29214886265903,-0.33943706709774896,-0.8941094140401059,-0.4358078769605632,0.7849385341152587,-0.4403907841782091],"GT_T":[-41.64164260275816,48.610120328044566,917.440950102916],"R_pred":[0.8384412195445741,0.38814176294267105,0.3825732521078319,0.468123630703504,-0.1534630697193705,-0.8702352283200658,-0.27906377003397764,0.908732665910092,-0.3103680946269449],"T_pred":[-66.94517837787319,40.38189451678819,837.570095533528],"rotation_error":19.556168147023705,"translation_error":84.18625797817519,"ADD":0,"ADD_S":0}}
{"id_image":1176,"data":{"Best_template_id":50,"GT_R":[0.8588085139106714,0.5066906633302889,0.07558611243345514,0.2838740452293471,-0.3478544523481157,-0.8935398906994159,-0.4264538441603933,0.7888361575357605,-0.4425765235793669],"GT_T":[-42.00840247961655,48.246189913848106,920.0379913663562],"R_pred":[0.8641424749711182,0.5017496237109482,0.038795593264083245,0.29098697664249407,-0.4352796557151374,-0.8519731220789608,-0.4105902609357057,0.7475151747131514,-0.522146245029413],"T_pred":[-61.95626810909176,51.15972391346357,956.5363368934709],"rotation_error":5.603984595732318,"translation_error":41.695746182976094,"ADD":0,"ADD_S":0}}
{"id_image":1177,"data":{"Best_template_id":19,"GT_R":[0.8585186759969304,0.5068440801999168,0.07781102322538927,0.2860096170548804,-0.34735632446038495,-0.8930525253021343,-0.4256095284614139,0.7889567664307845,-0.4431742065090286],"GT_T":[-41.7682756973592,48.33573533047558,920.3821079936707],"R_pred":[0.901255224453904,-0.41543497137208585,0.12309673007686672,0.24111249900350193,0.24480882824430916,-0.9391130924643392,0.36000525443225,0.8760607411445409,0.320801799568594],"T_pred":[-59.87221606531162,52.94430083871047,921.9992583221668],"rotation_error":66.69830999378631,"translation_error":18.751178844942643,"ADD":0,"ADD_S":1}}
{"id_image":1189,"data":{"Best_template_id":45,"GT_R":[0.8682074372449939,0.49048167102096035,0.07512228220669777,0.2750543926646658,-0.34971189277555925,-0.8955705814170187,-0.4129888009669041,0.7982041894921919,-0.4385315464763416],"GT_T":[-44.37099691538857,47.32379511244095,920.2456439313817],"R_pred":[0.884696993892975,0.4455947942470484,0.13695440239971746,0.325922027480935,-0.38119281495595814,-0.8651397978527339,-0.3332957560477627,0.8100230349600456,-0.4824692962610854],"T_pred":[-64.40555159218412,47.76686406632771,905.4760441563021],"rotation_error":5.592063268284788,"translation_error":24.894191465308502,"ADD":0,"ADD_S":1}}
{"id_image":1347,"data":{"Best_template_id":19,"GT_R":[0.904532923636826,0.4111889919201854,0.1128860182504502,0.26822226342455713,-0.34287854415112845,-0.9002728913720657,-0.33147616905278177,0.8446051029823509,-0.42043579289540045],"GT_T":[-34.36573022106771,46.767064003867596,891.1352298418869],"R_pred":[0.9625882398789248,0.25945939137430135,0.07813260954601828,0.16782690620314383,-0.7972484649345221,0.5798525801562232,0.21273930055604343,-0.5450465203881457,-0.8109662635471959],"T_pred":[-54.16752341537308,2.8014951183163745,783.8392633080229],"rotation_error":101.75222116082669,"translation_error":117.63293201980588,"ADD":0,"ADD_S":0}}
{"id_image":1520,"data":{"Best_template_id":19,"GT_R":[0.9537631203281736,0.2971059080825812,0.04542378566362075,0.1616307245019286,-0.3795939909149989,-0.9109251258263807,-0.2533978817349327,0.876149297094029,-0.41006429083512397],"GT_T":[-4.845316273666311,40.902530143414765,889.8041984750473],"R_pred":[0.9876864517146906,-0.03260280555278387,0.1530115360661778,0.1257823183846104,-0.41609232831943627,-0.900580914019114,0.09302839072582286,0.908737713195506,-0.4068678988752563],"T_pred":[-29.522425660519357,41.761560494634914,913.0948991072032],"rotation_error":20.16731367515299,"translation_error":33.94339990000612,"ADD":0,"ADD_S":0}}
{"id_image":1543,"data":{"Best_template_id":19,"GT_R":[0.9647613852613279,0.26038948122262046,0.03784773184807662,0.1380204161034995,-0.378332632147736,-0.9153226556335119,-0.22402047292820237,0.8882919383679636,-0.4009398672351114],"GT_T":[-25.83739193126506,56.784405336256405,883.3137242700776],"R_pred":[0.9731404900495735,-0.22377432583590937,0.05406142545993606,0.03604867642805129,-0.08381441893827084,-0.9958291199326448,0.2273721169225937,0.9710304806105339,-0.07349643645384513],"T_pred":[-50.452685906025415,66.35004479446403,894.8718540069896],"rotation_error":33.28478161094052,"translation_error":28.827148987084733,"ADD":0,"ADD_S":0}}
{"id_image":1563,"data":{"Best_template_id":19,"GT_R":[0.9651946461683871,0.2578156256418391,0.0439291666170396,0.14155921961439985,-0.373771532648517,-0.916654823630855,-0.21990765675799007,0.8909694778547367,-0.3972586957026431],"GT_T":[-22.551165579606135,52.801005623912,883.1243285692142],"R_pred":[0.97463917881704,-0.21988927777429504,0.04155931465681799,-0.018731036563929798,-0.26522170782436943,-0.9640054947810025,0.2229969044271382,0.9387790747660621,-0.2626142216204028],"T_pred":[-45.95104642308557,59.90845767200231,875.7186741646523],"rotation_error":28.495875985632257,"translation_error":25.552182201619225,"ADD":0,"ADD_S":1}}
