{"id_image":1,"data":{"GT_R":[0.41271142941530137,0.9088589467491768,-0.06037700849344523,0.513584181015695,-0.28693762371417925,-0.8086391942312418,-0.752263028038194,0.3027266556027514,-0.585198672931958],"GT_T":[-55.28054075185568,65.00661900101316,968.3176336758975],"R_pred":[0.35696915282120023,0.9294379180788747,-0.09337119668999239,0.24262550875797906,-0.188780240842436,-0.9515749487914252,-0.9020564762995974,0.3170286692157015,-0.29289407037575055],"T_pred":[-87.24750067725513,88.52329606970311,1156.6902255320726],"rotation_error":18.923375818762455,"translation_error":192.5075426829772,"ADD":0,"ADD_S":0}}
{"id_image":2,"data":{"GT_R":[0.41286721362739476,0.9089177936225762,-0.05838698685914462,0.5160501119728146,-0.28627107253215045,-0.8073056444688755,-0.7504880395445395,0.30317916022453606,-0.5872389210645667],"GT_T":[-57.084677024879824,65.42021362951739,968.0500628347256],"R_pred":[0.8059803023723527,0.4287399095751131,0.40813948856401355,0.34436719473992583,0.22119587404968616,-0.912405403584585,-0.4814633811358084,0.8759306338066497,0.030635557516651733],"T_pred":[-97.7997994725356,59.853517827176375,782.8213412892493],"rotation_error":54.6019467576603,"translation_error":189.732413107131,"ADD":0,"ADD_S":0}}
{"id_image":3,"data":{"GT_R":[0.4151956600980951,0.9081259120061212,-0.05403205261452396,0.514723284947705,-0.2834741117431727,-0.8091372255451934,-0.7501147358174781,0.3081387645504164,-0.5851309555264906],"GT_T":[-55.76145670107555,65.52241071777982,967.360168977035],"R_pred":[0.17652559597059747,0.9834296301166623,0.0412901510754084,0.4842974592462446,-0.05025845817994701,-0.8734586758107141,-0.8569099631436532,0.17418452856088912,-0.4851443754957523],"T_pred":[-69.37388150605248,60.06726464970799,933.5810292032606],"rotation_error":16.789939406717153,"translation_error":36.825086714783616,"ADD":0,"ADD_S":0}}
{"id_image":4,"data":{"GT_R":[0.41634677468092823,0.9076483026936203,-0.053210048118243945,0.5145510833447151,-0.2834704875544293,-0.8092477284335156,-0.74959487958616,0.3095479473213859,-0.5850540349076255],"GT_T":[-56.72650560547719,65.9920827193559,967.2334026841816],"R_pred":[0.5146252372527522,0.8527096468539033,-0.0897057598197602,0.23452398638728056,-0.24062370709785624,-0.9418591887280731,-0.8247177486822794,0.4636663560630391,-0.3238118979649385],"T_pred":[-95.1304141080282,95.06564803212208,1180.9266208729866],"rotation_error":18.625152344607,"translation_error":219.05461393943804,"ADD":0,"ADD_S":0}}
{"id_image":5,"data":{"GT_R":[0.41579116184195697,0.907874340667687,-0.053693237531301806,0.5137837439732671,-0.283199231637667,-0.8098300955415341,-0.7504291530542808,0.30913368477470043,-0.5842029596416941],"GT_T":[-56.830551356045675,66.84015821973212,967.2123315752058],"R_pred":[0.3455458598198504,0.9375738288676497,-0.03941286825155854,0.48950584443857237,-0.21592372498723184,-0.8448437567077822,-0.8006135690967522,0.27263943296979815,-0.5335594180295827],"T_pred":[-78.7869501159965,66.65504673649947,929.6030955250934],"rotation_error":5.553479588293967,"translation_error":43.54965383375931,"ADD":0,"ADD_S":0}}
{"id_image":6,"data":{"GT_R":[0.4164528879163456,0.9074087077434364,-0.056355989199540185,0.508420337884025,-0.28383028367341523,-0.8129880020361955,-0.7537077034401137,0.30991904620526267,-0.5795472999935183],"GT_T":[-58.131822510042326,70.70166813671923,965.8680947781204],"R_pred":[0.055512226179656676,0.9903168079793789,0.12724390978790712,0.5664665976533421,0.07370739020098827,-0.8207818311663619,-0.8222128595975775,0.11764285130552415,-0.5568897314990471],"T_pred":[-65.41341566907168,61.043620821237816,909.0812678750171],"rotation_error":23.94649559255398,"translation_error":58.06068537835832,"ADD":0,"ADD_S":0}}
{"id_image":7,"data":{"GT_R":[0.4148265432680029,0.9079897812224181,-0.05893569886161843,0.5074032112916399,-0.2846070465185618,-0.8133515310788871,-0.7552876420660991,0.3074959241627127,-0.578779654461092],"GT_T":[-54.126942143869165,70.17190244061713,964.6102450671639],"R_pred":[0.3252080245548773,0.9423348503576883,-0.07902386074134693,0.4179245337060585,-0.21818461864183725,-0.881892599081481,-0.8482799213064565,0.2537725398648749,-0.46478024174747634],"T_pred":[-77.33645908563844,77.47207474180962,1030.2583070743092],"rotation_error":9.182662484237834,"translation_error":70.01172928582302,"ADD":0,"ADD_S":0}}
{"id_image":8,"data":{"GT_R":[0.41220168406803415,0.909568858684274,-0.0526779372979213,0.5109833694496423,-0.27866451877373366,-0.81316745082487,-0.754311297996578,0.3082718537939112,-0.5796409862498542],"GT_T":[-56.916302033211046,67.97631748911975,963.2854003878061],"R_pred":[-0.04438062537308063,0.6743564630299812,-0.7370710419363845,0.9371129988735871,-0.22757080492289294,-0.2646332482680487,-0.3461929916009946,-0.7024634435445306,-0.6218484727406779],"T_pred":[-69.30603851837971,64.51746155992379,1517.7534177740881],"rotation_error":66.53430316541053,"translation_error":554.6172117404807,"ADD":0,"ADD_S":0}}
{"id_image":9,"data":{"GT_R":[0.4112818738427959,0.9101720303499322,-0.049339513341839863,0.5124828383891915,-0.2756625996300552,-0.8132478062803528,-0.7537955851178101,0.30918851198284375,-0.5798223958934257],"GT_T":[-58.382379559112664,66.13021161500868,962.3266745592239],"R_pred":[0.9817592427249141,0.04708321147298709,-0.1842062988108547,-0.09669962235823845,-0.7105314053407122,-0.6969894583566716,-0.16370086242893767,0.7020885223545121,-0.6930178456707154],"T_pred":[-76.1852222741047,67.25217602195099,524.45490782631],"rotation_error":62.89776070482877,"translation_error":438.2349645049657,"ADD":0,"ADD_S":0}}
{"id_image":10,"data":{"GT_R":[0.4116327153391474,0.909923530314026,-0.050971682374620714,0.5111342255615375,-0.27680991677799477,-0.8137064507206248,-0.754519165297157,0.3088950421571556,-0.5790371917644546],"GT_T":[-59.86102619454627,67.40606414899909,961.4146551228476],"R_pred":[-0.04729873528824874,-0.9880720474308102,-0.14654848592196068,0.33474210234013096,0.1225501404319922,-0.9343067954376701,0.9411219658264499,-0.09324747806769851,0.3249528477686765],"T_pred":[-58.06308362988355,93.37438462892588,1196.512298315237],"rotation_error":166.0130257222165,"translation_error":236.53432753118537,"ADD":0,"ADD_S":0}}
{"id_image":11,"data":{"GT_R":[0.4120480700619025,0.9097432344121961,-0.05083694902168877,0.5104394768442765,-0.2766890591702997,-0.8141832710139968,-0.754763499564396,0.3095334466244276,-0.5783777864173614],"GT_T":[-60.43600116605448,68.0396687288024,961.1395122608251],"R_pred":[0.26517370430792264,0.9631877279433285,-0.04418492144366393,0.18773372318764325,-0.09652457783315471,-0.9774656285784358,-0.9457478288221018,0.2509031817524434,-0.20641859815622404],"T_pred":[-79.23344401167054,83.52882450187633,969.4882567460388],"rotation_error":24.701051379764337,"translation_error":25.74799678763648,"ADD":0,"ADD_S":0}}
{"id_image":12,"data":{"GT_R":[0.4120770137605933,0.9097079726173444,-0.051233965691670956,0.5086449585163121,-0.2763284146201983,-0.8154288698753593,-0.7559584092388554,0.3099588377464171,-0.5765867341251262],"GT_T":[-61.0662803595969,69.59778336640885,960.9439870761149],"R_pred":[-0.25386526597706804,0.8425544381242228,-0.4750309942809704,0.8410015542762926,-0.05031420794992081,-0.5386880973097806,-0.4777748553819593,-0.536256001621937,-0.695816562241228],"T_pred":[-20.921527346298735,12.905393078928654,638.3217066145695],"rotation_error":54.433332724953736,"translation_error":330.01630893217197,"ADD":0,"ADD_S":0}}
{"id_image":13,"data":{"GT_R":[0.4131808855912222,0.9093758543118279,-0.04813644942656499,0.5093271947271496,-0.2745883322312782,-0.8155902811142272,-0.754895194826235,0.3124690937258238,-0.5766248372085501],"GT_T":[-64.88541544844091,68.96647409965482,960.8975869940527],"R_pred":[0.4532600568548023,0.8872405465672075,-0.08578772282270125,0.2914027078391637,-0.23844215605248037,-0.9264069300696363,-0.8424012005713102,0.3949044830641553,-0.36662060298331267],"T_pred":[-103.75140031421387,87.17729669438907,1140.2142734532847],"rotation_error":14.254064113511518,"translation_error":184.3818670094266,"ADD":0,"ADD_S":0}}
{"id_image":14,"data":{"GT_R":[0.41635229343175,0.9084243272340887,-0.03763082756585927,0.5169581483707653,-0.2705757284901897,-0.8121231031906968,-0.7479337250009962,0.3186759347330064,-0.582272298352205],"GT_T":[-74.2601532483734,63.84017395802351,960.606384480936],"R_pred":[0.37730950864365,0.9252534562362928,-0.039288374996698405,0.3516876418377377,-0.1824026577813398,-0.9181748597151385,-0.8567107664000131,0.33261886921384587,-0.39422246330873173],"T_pred":[-97.09113729142558,67.66438985937276,948.9541618857522],"rotation_error":12.547463988853279,"translation_error":25.91626421847767,"ADD":0,"ADD_S":1}}
{"id_image":15,"data":{"GT_R":[0.4186657998230297,0.9075277485135707,-0.033372385735973294,0.5177878579149697,-0.2687361723624394,-0.8122046753522673,-0.7460658553926787,0.32276233790057657,-0.5824176592242146],"GT_T":[-82.52839743673084,63.53246437835851,961.5434548479091],"R_pred":[0.300079736390903,0.9510654240799068,0.0736662129288127,0.4754095768092159,-0.08215528880646383,-0.8759202262758914,-0.8270053724648034,0.2978675337139541,-0.47679874818786816],"T_pred":[-96.54140626214634,56.765475609355235,890.2589641408961],"rotation_error":11.930829619541313,"translation_error":72.96324532735102,"ADD":0,"ADD_S":0}}
{"id_image":16,"data":{"GT_R":[0.419505003533709,0.9071101624386204,-0.03415180845880743,0.5135015006191526,-0.2681639552589846,-0.8151096211158686,-0.748552454423817,0.3244058531631717,-0.5782986817635063],"GT_T":[-84.333531072741,66.89711200145373,962.6089546120245],"R_pred":[0.20527982492945251,0.9784063315947042,-0.024108997746207617,0.3653722841671383,-0.09946502638853205,-0.9255321725839769,-0.9079445398477932,0.18118432277910235,-0.37790071942198894],"T_pred":[-124.73048405964447,87.49779423300143,1220.485677301202],"rotation_error":18.18341960257146,"translation_error":261.83335544567706,"ADD":0,"ADD_S":0}}
{"id_image":17,"data":{"GT_R":[0.42175995520097187,0.9061656535427948,-0.031349229284462175,0.5114060177059491,-0.26629164845924974,-0.817039165361585,-0.7487201251498574,0.3285623189161629,-0.5757301717576093],"GT_T":[-88.27015250695104,67.8230840057353,962.7575359960323],"R_pred":[0.19165638987155942,0.9777497533140345,0.08528334020045075,0.47688115287194927,-0.016824084558045405,-0.8788067570372365,-0.8578182757769395,0.20909894804405094,-0.4694948728899494],"T_pred":[-99.50196422108075,59.8360082038253,886.9214401542146],"rotation_error":17.077929582304716,"translation_error":77.07827454462432,"ADD":0,"ADD_S":0}}
{"id_image":18,"data":{"GT_R":[0.42394954143592145,0.9052515327834902,-0.02805121137311715,0.5117083079315989,-0.26496992976521344,-0.8172799126840756,-0.7472754703341101,0.332130615543596,-0.5755590508826647],"GT_T":[-91.50599285709049,66.32757933281438,963.1215113246361],"R_pred":[-0.028148762446159936,0.7760513212138833,-0.6300412637398731,0.9850997871808942,-0.08544397272773452,-0.14925728397857027,-0.16966454098870248,-0.6248549226554022,-0.7620828492784786],"T_pred":[-129.65002094254464,56.095773235638326,1513.681157865331],"rotation_error":69.05796376225794,"translation_error":551.9742576729543,"ADD":0,"ADD_S":0}}
{"id_image":19,"data":{"GT_R":[0.425160246839088,0.9046058748455369,-0.030466338222990278,0.5105266726672819,-0.2674677059274721,-0.8172050180377691,-0.7473960742494621,0.33188948446198097,-0.5755416183753987],"GT_T":[-93.73226429756977,65.52054009329146,963.722169670394],"R_pred":[-0.06979799226123284,-0.9716066997810058,-0.22607224778146306,0.6636115397330236,0.1239821863547877,-0.7377317546370443,0.7448140470006365,-0.20151634774218435,0.6361157103728725],"T_pred":[-75.41255029758057,52.89561804079527,944.9960030662359],"rotation_error":172.49434144961563,"translation_error":29.08040394423181,"ADD":0,"ADD_S":0}}
{"id_image":20,"data":{"GT_R":[0.4288545698279898,0.9027944713648881,-0.032351241187667086,0.5065988467975892,-0.26999137543763474,-0.818817893014491,-0.747957776389146,0.33476436103009305,-0.5731416663450556],"GT_T":[-96.55821022948558,67.02731741710019,965.8588651142837],"R_pred":[-0.004748000048245937,0.9990069759991558,0.044300320546962035,0.5563943832649578,0.039449374474554544,-0.8299813474559372,-0.8309047759922605,0.02070769805140299,-0.5560291759203495],"T_pred":[-111.10330573784654,63.53043007297251,999.0946199573635],"rotation_error":26.080968198713666,"translation_error":36.44726909432537,"ADD":0,"ADD_S":0}}
{"id_image":21,"data":{"GT_R":[0.4295167761126525,0.9026073029500981,-0.02854932420280053,0.5067440303636533,-0.2670674171607578,-0.8196867914984332,-0.7474790102077932,0.33760229881943565,-0.5721013616709473],"GT_T":[-102.18643172289116,64.45134610573132,966.4050176082601],"R_pred":[-0.6605084371552552,-0.6751159758118195,0.32855292366737043,0.42066885609556715,-0.6952164630697313,-0.5828479930376873,0.6219053930928475,-0.24676403441439293,0.743196604783393],"T_pred":[-62.58322054826685,76.8749567545316,920.8790338579884],"rotation_error":178.38267512816103,"translation_error":61.60662004464193,"ADD":0,"ADD_S":0}}
{"id_image":22,"data":{"GT_R":[0.4286130144211339,0.9029951056016704,-0.029845264411703147,0.5068266731734651,-0.26765249064922364,-0.8194443207204763,-0.7479423534809719,0.33609829538676944,-0.5723814509087581],"GT_T":[-100.67631876141768,63.654836950070596,966.7581899414347],"R_pred":[0.4966872992305418,0.8652644852614366,0.06796394138314632,0.31459007509986714,-0.1064956976858839,-0.943234727426348,-0.8089096435521896,0.4898734907296558,-0.3250986798629171],"T_pred":[-135.95016541745872,77.14601925290818,1045.7092245463616],"rotation_error":17.36875382450357,"translation_error":87.51869584854806,"ADD":0,"ADD_S":0}}
{"id_image":23,"data":{"GT_R":[0.4281311945109139,0.9031112334498594,-0.03306762103295144,0.5049893156554711,-0.2694206464199148,-0.819998909366985,-0.7494588024191746,0.3343683428507533,-0.5714096425008836],"GT_T":[-98.9535559338323,62.88271882658857,966.7480640223099],"R_pred":[0.8949571100658913,0.413977020938896,-0.1663574382979776,-0.26941236339132013,0.2042396603540595,-0.9411180263868937,-0.35562445022018924,0.8870790197457132,0.29431626379215425],"T_pred":[-222.10927640381067,162.92259502323253,1818.3230912841648],"rotation_error":68.34208824907944,"translation_error":866.2305324623164,"ADD":0,"ADD_S":0}}
{"id_image":24,"data":{"GT_R":[0.42842885594354324,0.9028668439143016,-0.035785375086901536,0.5053773381119808,-0.27226591203154915,-0.8188192448250985,-0.7490277048897164,0.3327205754529584,-0.5729356995290931],"GT_T":[-95.9730192527758,61.16322573817333,966.6619804340731],"R_pred":[0.5217973866123597,0.8530693905246167,0.00031980380076807036,0.3281181249562087,-0.2003541056736916,-0.923145020251378,-0.7874426857871839,0.48179959245484477,-0.3844517776140617],"T_pred":[-127.49183798600234,71.05569996205008,1019.4915009735553],"rotation_error":14.0227928416154,"translation_error":62.307746075745854,"ADD":0,"ADD_S":0}}
{"id_image":25,"data":{"GT_R":[0.4259000984779904,0.9040409710486258,-0.03633346306917507,0.5065890330206096,-0.27154562777359376,-0.8183100720261741,-0.7496512217049479,0.33011191856945266,-0.5736283297703767],"GT_T":[-94.13870315193319,59.997898378364575,966.405859866576],"R_pred":[0.3401732218076148,0.9365762737823944,0.08430339585635455,0.4685250992176233,-0.09107497222999628,-0.8787431825262839,-0.8153320860656375,0.3384231564494238,-0.469790758328285],"T_pred":[-110.22998267331094,56.112807027048525,921.6134132585739],"rotation_error":11.1715912156227,"translation_error":47.75339238812143,"ADD":0,"ADD_S":0}}
{"id_image":26,"data":{"GT_R":[0.42513193377157077,0.9043384685789266,-0.037875784864219456,0.5064073609627759,-0.2723299322613635,-0.8181615011933778,-0.7502087831037528,0.3286459997618159,-0.5737398705793418],"GT_T":[-92.35445954956452,59.461761155949425,965.8875745126182],"R_pred":[0.3506308977650553,-0.8860988715287068,-0.30312829529429214,0.36444096831069656,0.4272652808536658,-0.8274219965614886,0.8626938936547732,0.1796473480254866,0.4727431397684967],"T_pred":[-102.86664980450468,69.76602703890244,1062.5230520904975],"rotation_error":151.3432088992233,"translation_error":97.75018959596675,"ADD":0,"ADD_S":0}}
{"id_image":27,"data":{"GT_R":[0.42046513743248115,0.9063119121289774,-0.04251718828574237,0.5047197234121714,-0.27258106561805256,-0.8191200080893616,-0.7539671685540194,0.32295186145633914,-0.5720451577756277],"GT_T":[-83.04337526402814,58.0175233956564,963.1409496334728],"R_pred":[0.25035160668792805,-0.9613219183282609,-0.11482265617222731,0.46706641662229115,0.22380994996755565,-0.8554285877612067,0.8480407039124863,0.16052811478738782,0.5050323641811698],"T_pred":[-76.83590513171379,57.258427442211065,938.4365588924843],"rotation_error":151.77139313488024,"translation_error":25.48363855483653,"ADD":0,"ADD_S":0}}
{"id_image":28,"data":{"GT_R":[0.41871784336178924,0.9069469498447839,-0.046085943726761676,0.5012641647558446,-0.27314492017556247,-0.8210520897167172,-0.7572374659413805,0.32068786525861387,-0.5689898500298441],"GT_T":[-80.94270631296637,59.01573167605306,963.0137470309405],"R_pred":[0.2806515537832506,0.9592910494655459,-0.03154976662891168,0.6796909360119202,-0.22184529429135302,-0.6991458337886474,-0.6776835078871899,0.17477227416290747,-0.7142826578614647],"T_pred":[-87.22505765657824,37.741718189495884,781.530114825629],"rotation_error":14.074115321136398,"translation_error":182.83424281754114,"ADD":0,"ADD_S":0}}
{"id_image":29,"data":{"GT_R":[0.4183910297001355,0.9070113464746542,-0.04775106118798763,0.5018962369288333,-0.2746956533441268,-0.8201483457160917,-0.7570001401546539,0.31917692068617637,-0.5701555683138464],"GT_T":[-78.74352465004856,59.37629270223485,962.9274564847143],"R_pred":[0.47715785746418077,0.8788147844112657,0.0022257044667488013,0.2720400271793104,-0.14529663103250223,-0.9512534428967314,-0.8356522019790726,0.4545035354216571,-0.3084022269970528],"T_pred":[-114.18710213782366,77.913161436321,1093.8772886142583],"rotation_error":17.566219731381544,"translation_error":136.9223182039817,"ADD":0,"ADD_S":0}}
{"id_image":30,"data":{"GT_R":[0.41745671771690246,0.9075987218167977,-0.044654029801856274,0.5024217492749803,-0.27148057483483057,-0.8208967491916264,-0.7571669304558263,0.32025380878271714,-0.5693290228733581],"GT_T":[-79.92931068536629,58.93184853824078,962.6470480461517],"R_pred":[0.28628648152978337,-0.8885699913857232,-0.35844584096076915,0.6870098471304349,0.4511377768846687,-0.569642147504357,0.6678753779254882,-0.08317497626290615,0.7396109807760778],"T_pred":[-55.17862349035333,23.71781436185587,709.663188933355],"rotation_error":165.245068021587,"translation_error":256.61928550131296,"ADD":0,"ADD_S":0}}
{"id_image":31,"data":{"GT_R":[0.4170519737531835,0.9078982916637437,-0.04228927280340478,0.503165589141691,-0.2693828678273315,-0.8211315754241028,-0.7568955317789541,0.3211767308988073,-0.5691695874893098],"GT_T":[-80.80851684993505,59.14987706913143,962.7583481918094],"R_pred":[0.2749711273296991,0.9380135067644471,0.21100128023900444,0.5512191455581239,0.02600840186256881,-0.8339550447132789,-0.7877489020653764,0.3456215041921143,-0.5098994441404837],"T_pred":[-102.46768430112562,53.03358020351666,936.0082504272904],"rotation_error":17.255920489612336,"translation_error":34.95849471070472,"ADD":0,"ADD_S":0}}
{"id_image":32,"data":{"GT_R":[0.41783189633608575,0.9074467867778515,-0.044242135751677264,0.5012165204619017,-0.2708531399405905,-0.8218399152606911,-0.7577579583560443,0.32121621506645426,-0.5679992572945527],"GT_T":[-81.03297617468232,59.336122763273295,962.8179372065757],"R_pred":[0.22914946429662386,0.9659836588694815,0.11985864094715598,0.5528413423026319,-0.02780827206215375,-0.8328224001826207,-0.8011597676204132,0.257103618803871,-0.5404079532578693],"T_pred":[-102.38363211946822,56.01555043623458,991.2199281963215],"rotation_error":14.904012404947332,"translation_error":35.68682953182189,"ADD":0,"ADD_S":0}}
{"id_image":33,"data":{"GT_R":[0.41915059980998165,0.9067738021896257,-0.045534373794051314,0.500729587340042,-0.2727123738332229,-0.8215219393599932,-0.7573523317140358,0.32154089871754254,-0.5683561978470919],"GT_T":[-81.91972792728095,60.11861090152499,963.050551050885],"R_pred":[0.5072812650410251,0.8600504417724092,-0.05457981078622948,0.40766377528912157,-0.29528611486269446,-0.8640696480529308,-0.7592601428070602,0.41607613242816405,-0.5004045239286145],"T_pred":[-124.65185137803961,77.49626074541158,1156.0736738200712],"rotation_error":7.538398959643285,"translation_error":198.45892021341834,"ADD":0,"ADD_S":0}}
{"id_image":34,"data":{"GT_R":[0.4202565111062477,0.9063783054879101,-0.04316727642805737,0.5008252075858749,-0.271359614971237,-0.8219111453377874,-0.7566761726501507,0.3237943801965141,-0.5679776415715527],"GT_T":[-82.87707821952657,60.4976676598613,963.0915101462074],"R_pred":[0.3025974419263432,0.9525562846127671,0.03273091481083579,0.539456523905558,-0.14285542742289392,-0.8298065953410796,-0.7857616985800245,0.2687542585719213,-0.5570903890250589],"T_pred":[-96.74702680124938,54.51641771014998,900.5919190433175],"rotation_error":8.486551704772486,"translation_error":64.29890910932308,"ADD":0,"ADD_S":0}}
{"id_image":35,"data":{"GT_R":[0.421445110675757,0.9058517532954063,-0.04263802356669921,0.5014062214873155,-0.2719396120765626,-0.8213655138379305,-0.755629205912242,0.32478123921053403,-0.5688067701426642],"GT_T":[-83.06146823029312,60.907317331285356,963.1595577738485],"R_pred":[0.21176863974754945,-0.9469921947074184,-0.24157778536674276,0.6953450774313737,0.3196913381075423,-0.6436557089243955,0.6867672578912231,-0.03167382992687373,0.7261869607658444],"T_pred":[-56.040479457465054,27.71234035335654,708.5065376379192],"rotation_error":162.76388832877663,"translation_error":258.22509753154617,"ADD":0,"ADD_S":0}}
{"id_image":36,"data":{"GT_R":[0.4207421770053779,0.9061011833177305,-0.04424798621444181,0.4994225393157811,-0.27207111822341007,-0.8225294708013238,-0.7573327401962723,0.3239743122370018,-0.5669984814056914],"GT_T":[-82.19240894861555,58.70292738895077,963.1463567583904],"R_pred":[0.09070883010785968,0.994814021395928,-0.04601055286046246,0.7539978201769948,-0.09878610746512162,-0.6494063382353377,-0.6505837342793037,0.02421503264402941,-0.7590483758531105],"T_pred":[-123.88091115005305,61.43789024562002,1391.1562764937503],"rotation_error":25.167829176291285,"translation_error":430.0440705666058,"ADD":0,"ADD_S":0}}
{"id_image":37,"data":{"GT_R":[0.4222691668391277,0.905640444302598,-0.03878398147561993,0.50633513104837,-0.27114324834949505,-0.8185995969053698,-0.75187286435489,0.32603184442559674,-0.5730538981805496],"GT_T":[-85.44972469424346,54.0130777567707,961.8873945526618],"R_pred":[0.982127465277336,0.03053777708545058,0.18572314373441684,0.12777176049525057,0.6163708403481666,-0.7770208262256807,-0.1382028189577183,0.7868636675683879,0.6014528655621867],"T_pred":[-80.69868679099122,22.037791554605,270.00019604099407],"rotation_error":90.44108339787282,"translation_error":692.641961444145,"ADD":0,"ADD_S":0}}
{"id_image":38,"data":{"GT_R":[0.4211502704166602,0.9061290028250356,-0.03953552551540064,0.5054664472573538,-0.27067778768945866,-0.8192905777365886,-0.7530836505965683,0.32506101837723556,-0.5720140330473585],"GT_T":[-85.21977163475553,52.79094847608875,961.7903400992276],"R_pred":[0.570166925863018,-0.5420551067436544,0.6173215838645536,-0.11831431528864766,0.6894168931350237,0.7146370199323777,-0.8129645745355047,-0.4805003732705903,0.328949831793739],"T_pred":[-94.9027264085257,-0.8098561070768646,684.70331141743],"rotation_error":156.8885899304379,"translation_error":282.38984990403054,"ADD":0,"ADD_S":0}}
{"id_image":39,"data":{"GT_R":[0.4207250953224931,0.9064465108762974,-0.03669653029234364,0.5075587971729841,-0.2687246207565756,-0.8186406728338207,-0.7519139178954474,0.32579653916660417,-0.5731334426857637],"GT_T":[-85.01077234861319,50.9342132760686,961.4229413896642],"R_pred":[0.38368261614919097,0.9167350129628343,0.11128596530086066,0.5443815592889788,-0.1271885378572487,-0.8291391884019446,-0.7459466254170016,0.37870832027533696,-0.5478536667607696],"T_pred":[-115.55935424957947,50.320047248023116,1025.111379461803],"rotation_error":8.917243080804388,"translation_error":70.63858860522839,"ADD":0,"ADD_S":0}}
{"id_image":40,"data":{"GT_R":[0.42044821415876277,0.906526859812529,-0.03786268874005139,0.5054925148183073,-0.26869473606107563,-0.8199276348491669,-0.7534586578759817,0.3255979326884406,-0.5712141137899145],"GT_T":[-84.1089959419726,53.06831792546866,961.6072933061199],"R_pred":[0.49845821249179,0.8643094917829518,-0.06714546011001266,0.3270054855458179,-0.25918875215855963,-0.9087841345321962,-0.8028741014769586,0.4310339814543448,-0.4118287071212764],"T_pred":[-120.82833021514556,69.88379423504901,1082.2046534106544],"rotation_error":12.008260146394463,"translation_error":127.18015968367799,"ADD":0,"ADD_S":0}}
{"id_image":41,"data":{"GT_R":[0.4206913774619158,0.9064602661497313,-0.03672530097053034,0.5021119611478628,-0.26636623399950976,-0.8227592693601239,-0.7555807869610197,0.3276871542507444,-0.5672030441335199],"GT_T":[-82.72381296986725,57.99425927554265,961.9766071340842],"R_pred":[0.2269251654295087,0.9733754923894126,0.032328317470280254,0.5348050823907643,-0.09680122882070785,-0.8394123217750673,-0.8139339611687169,0.20777312847062307,-0.5425327952683892],"T_pred":[-96.53796681095515,54.62086184758559,912.947985304668],"rotation_error":12.530807212570847,"translation_error":51.04915684949264,"ADD":0,"ADD_S":0}}
{"id_image":42,"data":{"GT_R":[0.42022733901966014,0.9065650789752544,-0.0393641128693271,0.48725880103054553,-0.2620331465691375,-0.8330170799206452,-0.7654984426830899,0.330875580022831,-0.5518449657563018],"GT_T":[-76.23727214150317,70.2008461114756,963.3668089401249],"R_pred":[0.5210175350325854,0.8534697002448748,0.011410475559453626,0.40606287763370325,-0.23608623795651984,-0.8828228744518201,-0.7507687177795871,0.4645995684581095,-0.4695674322098301],"T_pred":[-100.30932274960318,73.52769253254573,938.890447773144],"rotation_error":9.08424861534878,"translation_error":34.490923205458024,"ADD":0,"ADD_S":0}}
{"id_image":43,"data":{"GT_R":[0.4216126765680577,0.905889951672316,-0.040074596480301664,0.48684388904940495,-0.26342592524816977,-0.8328207035731666,-0.7650001428132583,0.3316182975868834,-0.5520909315905781],"GT_T":[-75.32928024915024,70.53175971182381,963.2432407921044],"R_pred":[0.31818558193080093,0.9455758743603531,0.06814837693600473,0.4769750708868881,-0.09754890430043839,-0.8734866873755045,-0.8193001386572603,0.31043594685125964,-0.48205477458350743],"T_pred":[-95.26831809100888,68.95661636998466,952.875398532726],"rotation_error":10.064404110407299,"translation_error":22.528614243263267,"ADD":0,"ADD_S":1}}
{"id_image":44,"data":{"GT_R":[0.4200835197627709,0.9064959005835822,-0.04238160300309971,0.484857881877598,-0.263678019568704,-0.8338985104023839,-0.7670994376526757,0.3297578081344712,-0.5502883600131596],"GT_T":[-73.07650095990205,71.29548535860205,963.5202769944004],"R_pred":[0.8113627105394001,-0.3731336194739191,0.4499576135198184,0.3630118221193529,-0.2816967487555891,-0.8881831785966889,0.4581626009919895,0.8839786444020146,-0.09310632252125453],"T_pred":[-112.27865468273967,74.77996193043252,878.4468246870633],"rotation_error":90.98138123013665,"translation_error":93.73602680387829,"ADD":0,"ADD_S":0}}
{"id_image":45,"data":{"GT_R":[0.41933838432094267,0.9068608555745372,-0.04194692330992077,0.48518008334289675,-0.26292491520086414,-0.8339486435424583,-0.7673037696885212,0.32935470785798004,-0.5502461323336152],"GT_T":[-71.82012942956229,70.67322515375687,963.7356851051487],"R_pred":[0.4475580940496846,0.8937049990653669,-0.03135485761705936,0.429067479441134,-0.24537135717359265,-0.8693066174629187,-0.7845972537146977,0.3756118631304948,-0.4932776882639156],"T_pred":[-87.36476763555677,59.7764440876752,816.9990865060207],"rotation_error":4.340402713146062,"translation_error":147.95947074452175,"ADD":0,"ADD_S":0}}
{"id_image":46,"data":{"GT_R":[0.4193061156330044,0.9071350995552506,-0.035897819279560525,0.48967669492760957,-0.25928720134224875,-0.832458434215496,-0.7644593482468801,0.33147704397721894,-0.5529237891066408],"GT_T":[-73.1696171133052,65.7553893525136,963.5853345632631],"R_pred":[0.6146274735478677,-0.7207624734251274,-0.3205222701502305,0.4032133418231946,0.6363053499468853,-0.6576735532197895,0.6779764521987003,0.2749853787586971,0.6817117952133432],"T_pred":[-81.36742043472394,56.229962646633574,888.3520978359686],"rotation_error":143.54899147284618,"translation_error":76.27566873971604,"ADD":0,"ADD_S":0}}
{"id_image":47,"data":{"GT_R":[0.417404288668818,0.9079954657326035,-0.03632204541041872,0.48963002252747967,-0.2583948895941826,-0.8327635933524249,-0.7655299501307887,0.32981472827522645,-0.5524369598533072],"GT_T":[-71.18778737230969,64.6590265397674,963.8667506626733],"R_pred":[0.9813598820298717,-0.13920319073853984,0.13249624006184452,0.15636922988393834,0.17758810296576305,-0.9716023515978774,0.1117203915488139,0.9742099041650271,0.1960449355095624],"T_pred":[-93.12245171271468,58.35813315440014,568.9347779673293],"rotation_error":82.94377101513102,"translation_error":395.5908161398795,"ADD":0,"ADD_S":0}}
{"id_image":48,"data":{"GT_R":[0.41543454179871153,0.908859610452322,-0.03725860960057823,0.4921579936388243,-0.2590324533645139,-0.8310728834176611,-0.7649793003793591,0.3269198881221765,-0.5549142640882148],"GT_T":[-67.47225863142826,61.489948103254946,964.2054881982606],"R_pred":[0.34022152286898844,-0.918075385463301,-0.2034377103270622,0.5867654476523627,0.3763249020371443,-0.716997822554613,0.7348167287276663,0.12456787191384883,0.6667287457945894],"T_pred":[-60.758891097511444,47.32561395497203,865.4737596825713],"rotation_error":153.4876823532276,"translation_error":99.96825436710112,"ADD":0,"ADD_S":0}}
{"id_image":49,"data":{"GT_R":[0.4147234739162936,0.9094868758662075,-0.028967104179077684,0.4939021450372682,-0.2517263176692639,-0.8322831419838643,-0.7642415189792169,0.3308604361105573,-0.5535939223501612],"GT_T":[-70.81236220032541,60.08180286991707,964.3133203147784],"R_pred":[0.35568140126946535,0.9342059735656552,0.02738502775670476,0.31416948233298386,-0.09191542535561714,-0.9449069218459143,-0.8802205843773561,0.34468935802537054,-0.3261916143962681],"T_pred":[-97.06190752800788,73.83873171434021,1036.2829222596465],"rotation_error":15.3748525151125,"translation_error":77.83261093682613,"ADD":0,"ADD_S":0}}
{"id_image":50,"data":{"GT_R":[0.4151276688115782,0.9092783755344807,-0.029707025209271966,0.4926140766413559,-0.2521136885293948,-0.8329288404242491,-0.7648527173257855,0.331137346471301,-0.5525827186113271],"GT_T":[-71.50191895232376,60.72530063524058,964.5533911241174],"R_pred":[0.101250482244301,0.9546770044439592,-0.2798931171558257,-0.1787731570226334,-0.2592998427544204,-0.949106816894544,-0.978666694116775,0.146134899094779,0.1444163878966005],"T_pred":[-38.05658459121091,63.171889623313405,464.52293973380165],"rotation_error":45.43709918830484,"translation_error":501.15369748791255,"ADD":0,"ADD_S":0}}
{"id_image":51,"data":{"GT_R":[0.41514617832174056,0.9093659362238282,-0.026598280016032327,0.4953147628552673,-0.25045342759981915,-0.8318267598092287,-0.7630962157114679,0.33215587807227515,-0.5543975436105447],"GT_T":[-72.575957179238,59.25518466951007,964.3000266865392],"R_pred":[-0.07923380097528654,0.9928421971472516,0.08936652811219031,0.78287589575858,0.11747289229204305,-0.6109872759859596,-0.6171120940503514,0.02155205652276132,-0.7865800482064301],"T_pred":[-62.483442136787296,26.635290398147948,710.4561878556574],"rotation_error":34.496431538494335,"translation_error":256.13006632286584,"ADD":0,"ADD_S":0}}
{"id_image":52,"data":{"GT_R":[0.41394287320336703,0.9099780805196525,-0.02430797751404217,0.49686077104649196,-0.24823212640008285,-0.8315709710027476,-0.7627447878863549,0.33214519565941963,-0.5548866738794466],"GT_T":[-72.72013865916674,57.854878076759675,964.0423718983051],"R_pred":[0.17202968784458017,0.9817306505101396,0.08130631186466775,0.5387351295795236,-0.024659752546567604,-0.8421142183583388,-0.824724345861713,0.18867121257171265,-0.5331349987476807],"T_pred":[-85.31960930337935,53.13929613721828,920.1212793912184],"rotation_error":15.823463861470978,"translation_error":45.935234195103085,"ADD":0,"ADD_S":0}}
{"id_image":53,"data":{"GT_R":[0.4124065661527411,0.9108071770949056,-0.0187496305049247,0.5023304301090499,-0.2445250412600235,-0.829380146004851,-0.7599892651636526,0.332623394694628,-0.558369961458211],"GT_T":[-73.8963066438866,55.253363388955805,963.6268718363028],"R_pred":[0.4815465608006232,0.8761549185324267,-0.021574719291990896,0.28483824105477745,-0.17973656341871724,-0.9415741841210652,-0.8288426184830939,0.44726650500777065,-0.3361139498506748],"T_pred":[-101.95553126928077,67.64948782733892,997.3642640911211],"rotation_error":15.058697202907211,"translation_error":45.59819759404614,"ADD":0,"ADD_S":0}}
{"id_image":54,"data":{"GT_R":[0.4125974733471939,0.9107036246282284,-0.01959271038204448,0.500962791621108,-0.24482275624583505,-0.8301198451923142,-0.7607886138096083,0.3326901129953383,-0.5572417492409203],"GT_T":[-73.28036047171534,54.690704750435735,963.4039128970644],"R_pred":[0.5525573550958605,0.8333826335742018,-0.012399813966138984,0.2938114563397465,-0.2086848042540453,-0.9328051675440955,-0.7799712798898332,0.5117851487981832,-0.36016768874600225],"T_pred":[-107.62771646409492,70.97269069248536,1055.8438225162301],"rotation_error":15.827921941160687,"translation_error":99.94989154713419,"ADD":0,"ADD_S":0}}
{"id_image":55,"data":{"GT_R":[0.4122889141794647,0.9108152991472452,-0.02080227629826794,0.5005296231396453,-0.24552967265410527,-0.8301720685872671,-0.7612407101851635,0.3318584895203048,-0.5571198695053172],"GT_T":[-72.22521711853925,54.24694781738619,963.5631854840149],"R_pred":[0.5111472378304948,0.7989653251944724,0.3168326220501076,0.2394018875097106,0.22169109767714437,-0.9452723382536328,-0.8254787928923693,0.5590236724393642,-0.0779570146770837],"T_pred":[-102.94674784406408,58.437662724194006,888.9046702663023],"rotation_error":34.94871478880071,"translation_error":80.8410071440412,"ADD":0,"ADD_S":0}}
{"id_image":56,"data":{"GT_R":[0.41491030215020885,0.9096917967048088,-0.01761881652484688,0.5028250839934433,-0.24539077299342027,-0.8288243145926201,-0.7582981821210577,0.33502887888041977,-0.5592311798434657],"GT_T":[-76.88056969006091,50.52998781116996,962.5152774792494],"R_pred":[0.08613848729073192,0.9872842003222606,0.13360414964101403,0.7055683018660339,0.03422563212910468,-0.7078149316786446,-0.7033871852750415,0.155236960481057,-0.6936482925023727],"T_pred":[-54.38120575347868,6.6237361534445345,509.8087321663715],"rotation_error":23.231372786711717,"translation_error":455.3868646341296,"ADD":0,"ADD_S":0}}
{"id_image":57,"data":{"GT_R":[0.41677323563722474,0.9088709967780627,-0.015920905081532457,0.5060065151502132,-0.24651460883742338,-0.8265517838546186,-0.755153255889767,0.3364289104386149,-0.5626357869236193],"GT_T":[-77.85655257811075,48.714578130131535,962.0343733293114],"R_pred":[0.1986102683163533,0.947500977283669,0.2505910201220272,-0.1340511266014942,0.279543846021273,-0.9507289485486938,-0.9708677854250682,0.15523252300380502,0.18253385172536302],"T_pred":[-66.2289082474072,55.08587890223857,552.8878170053789],"rotation_error":50.51676258604494,"translation_error":409.3613320013785,"ADD":0,"ADD_S":0}}
{"id_image":58,"data":{"GT_R":[0.4180905499624483,0.9082313896932366,-0.017803313871259947,0.5056884417100087,-0.2489774791789077,-0.8260078998890058,-0.7546382095546302,0.33634289682699153,-0.5633774049556345],"GT_T":[-78.00090204003888,45.96479783361305,961.7405763721608],"R_pred":[0.23030998967523642,0.9099720365154679,-0.3448306851422665,0.3992064448198517,-0.41151655410576976,-0.8193218782085634,-0.8874635333748018,0.05103938143047143,-0.4580430749101086],"T_pred":[-114.12329207291366,63.71392766077623,1338.3662635679989],"rotation_error":21.957322644081884,"translation_error":378.7700713190601,"ADD":0,"ADD_S":0}}
{"id_image":59,"data":{"GT_R":[0.41798809361711103,0.908321694251938,-0.01542093594067702,0.5049281391544759,-0.24640104712721622,-0.8272451215915557,-0.755204070717014,0.3379926381115865,-0.5616296895720118],"GT_T":[-79.14455654112116,45.33067993906209,961.3376711828316],"R_pred":[0.5162872288261267,0.8528441588041018,-0.07813026394914041,0.2990259099376366,-0.2650027474082328,-0.9167099045238122,-0.8025154219932518,0.4499226429730029,-0.3918400347121014],"T_pred":[-118.514552502392,61.77302661340086,1115.886837929628],"rotation_error":13.530208712012586,"translation_error":160.33026005180272,"ADD":0,"ADD_S":0}}
{"id_image":60,"data":{"GT_R":[0.41493546845995866,0.9098045906527747,-0.009239653977266124,0.5126758049596167,-0.2421817278004536,-0.823718267846415,-0.7516599917996531,0.33705289342571826,-0.5669242155890056],"GT_T":[-76.03982035980204,39.74157842907512,960.177241047258],"R_pred":[-0.05898358137272153,-0.9981204393757848,-0.01662905976710466,0.3757396750988074,-0.006765027955510816,-0.9267005616451325,0.9248462757048277,-0.060908315500033006,0.37543247517743894],"T_pred":[-70.14427313430562,55.00489104344178,1096.9192027284766],"rotation_error":162.11457634915192,"translation_error":137.71742908390286,"ADD":0,"ADD_S":0}}
{"id_image":61,"data":{"GT_R":[0.4141608400401335,0.9101807838783517,-0.006470435133844656,0.5152799938730603,-0.24031641212424681,-0.8226391342749649,-0.7503047200102803,0.3373704508377451,-0.5685279985271059],"GT_T":[-76.06203234123478,38.56103405560739,959.8613378981987],"R_pred":[0.09981078034101343,0.9941946008973701,0.04018586410962305,0.6864271407779938,-0.039562681875034866,-0.7261215976723205,-0.720316311443151,0.10005943108659926,-0.6863909394212308],"T_pred":[-90.06024891614581,34.935158763280434,966.2432210521413],"rotation_error":20.693634970243103,"translation_error":15.805868261636144,"ADD":0,"ADD_S":1}}
{"id_image":62,"data":{"GT_R":[0.4141978396465277,0.9101689941100894,-0.005723565544557116,0.5154061652358155,-0.23972483704213654,-0.8227326403252536,-0.7501968782962076,0.337824426837234,-0.5684004468727015],"GT_T":[-75.73240591078086,38.195094323371364,959.6250102420677],"R_pred":[0.9564069534781763,-0.13126718805809381,-0.2608728898868462,-0.03761564860196392,0.8304732836014452,-0.5557869989523748,0.28960456197865236,0.5413714534065815,0.7893327226953146],"T_pred":[-110.15478153467555,45.223308385616264,901.3427041267709],"rotation_error":118.88406689679786,"translation_error":68.05235442374057,"ADD":0,"ADD_S":0}}
{"id_image":63,"data":{"GT_R":[0.4134640573147829,0.910503955274924,-0.005469007670497969,0.5152910249884043,-0.23893936804521254,-0.8230330053467831,-0.7506813287528712,0.3374765470039586,-0.5679673952921325],"GT_T":[-75.35560011360614,38.46052764116375,959.8107985559725],"R_pred":[0.22909342702971736,0.9681099669756084,0.10138685089431548,0.43318858226544776,-0.008123110438289949,-0.9012667015216189,-0.8717017000595049,0.25039390351862395,-0.4212351352796619],"T_pred":[-97.00980868222452,42.25164620703114,1024.8291869948907],"rotation_error":16.189786029312916,"translation_error":68.63430748472477,"ADD":0,"ADD_S":0}}
{"id_image":64,"data":{"GT_R":[0.41542077112038955,0.9096086200601549,-0.006103620667516895,0.509275699644612,-0.23813675689976405,-0.8270003082028058,-0.7536994607609148,0.3404450591816023,-0.5621690599729947],"GT_T":[-76.954706852937,43.859302694977764,961.9776138344913],"R_pred":[0.12382794472251757,0.978300011379406,-0.1661196190726773,0.6810126061370767,-0.205542984876379,-0.702832776448634,-0.7217260355482433,-0.026099216523927493,-0.6916866057027945],"T_pred":[-86.97164340869698,37.095085459629296,888.9826067194945],"rotation_error":22.83428743567487,"translation_error":73.98894996205544,"ADD":0,"ADD_S":0}}
