{"id_image":1,"data":{"Best_template_id":17,"GT_R":[0.800270328363595,-0.5984833728683278,-0.03721742358490441,-0.16673638817023093,-0.16247691893389601,-0.97252257766676,0.5759917033378716,0.7844862673094515,-0.22981459219802255],"GT_T":[-23.310093543898354,-112.62940453072957,848.1679482820954],"R_pred":[0.8188210660154837,-0.5740483615208083,0.000735176537994986,-0.11710440900612581,-0.1682909010373798,-0.9787567266789806,0.5619774187995392,0.8013405338951113,-0.20502372910496275],"T_pred":[-39.6079551161524,-113.35713276007553,850.1774930560773],"rotation_error":3.1419431051868703,"translation_error":16.437400962523853,"ADD":0,"ADD_S":1}}
{"id_image":36,"data":{"Best_template_id":17,"GT_R":[0.7956314653073248,-0.6054474964433687,-0.020109911212931725,-0.15218610956201728,-0.1676389990666953,-0.9740308438419983,0.5863531148783824,0.7780298269242845,-0.2255194250661368],"GT_T":[-37.57128763014816,-115.82934553753682,841.044974335238],"R_pred":[0.7479818590898868,-0.6627810133003722,-0.035277002153944026,-0.19154827170387012,-0.1646722677501454,-0.967570309507937,0.6354780862309084,0.7304822876994052,-0.2501264265881272],"T_pred":[-48.10336660834683,-95.6588865823343,727.7804277491952],"rotation_error":4.5611126672578655,"translation_error":115.52761408169211,"ADD":0,"ADD_S":0}}
{"id_image":47,"data":{"Best_template_id":17,"GT_R":[0.807320112848335,-0.5897361063376075,-0.02111051938004192,-0.1481874231217827,-0.16797481282866994,-0.9745899708885118,0.5712038666214954,0.7899336536550774,-0.22300135488429054],"GT_T":[-14.412173387618193,-116.98979989756661,848.76946639409],"R_pred":[0.8116935973876862,-0.5826529497739863,0.04085393591208736,-0.12604212710859802,-0.24302756531394323,-0.9617957083973274,0.5703217391558701,0.7755341015179471,-0.2707027359096579],"T_pred":[-28.122735240831236,-118.80440275098876,869.5270496812819],"rotation_error":4.563344151027083,"translation_error":24.942925926425243,"ADD":0,"ADD_S":1}}
{"id_image":83,"data":{"Best_template_id":17,"GT_R":[0.8251367861465224,-0.5645561164478825,-0.020629748503466508,-0.13583743253946046,-0.16282504159094316,-0.9772597366958712,0.5483580610786056,0.8091749254401457,-0.2110406512057419],"GT_T":[7.00537338156821,-109.3266555886105,858.3053675688028],"R_pred":[0.827093932882984,-0.5617855076269467,0.017682466131523356,-0.1235290494960167,-0.21237749371226022,-0.9693484276023301,0.5483212563076224,0.7995579050855748,-0.24505296630809836],"T_pred":[-5.362457048745086,-111.11663244869177,880.7615385437724],"rotation_error":2.977263796989688,"translation_error":25.699160717223386,"ADD":0,"ADD_S":1}}
{"id_image":112,"data":{"Best_template_id":17,"GT_R":[0.8371121143302147,-0.5462122309108142,-0.029919488718101708,-0.14479700119590075,-0.1685049959179436,-0.9750081519139011,0.5275190636003836,0.8205228433109507,-0.22014774919225136],"GT_T":[16.82039765317768,-119.40906570753043,862.1248702849944],"R_pred":[0.8581308693320818,-0.513061395421204,-0.019478594092290274,-0.1339189373161484,-0.18704150797767077,-0.9731809659675595,0.4956582787843644,0.8377251809644294,-0.22921472869481002],"T_pred":[4.355440165830629,-118.63405370128326,867.4617679464355],"rotation_error":2.3999353997801562,"translation_error":13.58154208548841,"ADD":0,"ADD_S":1}}
{"id_image":1024,"data":{"Best_template_id":8,"GT_R":[0.9997595271389749,0.021799496359123954,0.0022441839567555817,0.007919269824689405,-0.26388702002464454,-0.9645210969783664,-0.020434334502123813,0.9643072544399508,-0.2639963679079688],"GT_T":[84.42283358552737,-100.81966035400322,972.6189230163418],"R_pred":[0.9035648890087309,0.426913806090104,-0.03626421818129619,0.1532218434879502,-0.4010142580031491,-0.9031670009230507,-0.4001169304450808,0.8105135205829973,-0.4277549239031171],"T_pred":[62.984844341372806,-95.36237545043407,935.2045943857022],"rotation_error":26.27119372855341,"translation_error":43.464943669959,"ADD":0,"ADD_S":0}}
{"id_image":1027,"data":{"Best_template_id":17,"GT_R":[0.999374696732068,0.03525470569420298,0.0027528023614022453,0.011854531524012881,-0.2606557192210831,-0.9653590276533489,-0.03331690907664211,0.9647882098792482,-0.26091052240056956],"GT_T":[95.85264694795609,-95.20576749627322,970.1547235570508],"R_pred":[0.8745633901651135,-0.48405229463261545,0.028848789295270905,-0.0862211947146567,-0.21377403394254113,-0.9730706901319711,0.4771842224601318,0.8485246245530137,-0.22869451100165597],"T_pred":[80.58462555339148,-84.08116026793051,946.9816374217062],"rotation_error":31.045849557254847,"translation_error":29.897513012387503,"ADD":0,"ADD_S":0}}
{"id_image":1059,"data":{"Best_template_id":17,"GT_R":[0.9979408481092544,0.05846768501180202,0.026374504656193298,0.041352748038722534,-0.27214957636651804,-0.9613658434349226,-0.049031741700048634,0.9604769635513392,-0.2740072162843031],"GT_T":[107.1130420578321,-110.27386886274778,972.2166924287133],"R_pred":[0.8338972378206893,-0.5499191819112023,0.04694986816956037,-0.12387902308830381,-0.2693867983062166,-0.9550312772558882,0.5378376933552654,0.7905818403330802,-0.2927643580455921],"T_pred":[90.3940270806769,-104.67753272884129,953.5132549905921],"rotation_error":36.83286945250821,"translation_error":25.703365770492347,"ADD":0,"ADD_S":0}}
{"id_image":1074,"data":{"Best_template_id":17,"GT_R":[0.9992461967967982,0.030121198308171098,0.024471914930524048,0.031173995716822667,-0.24738054726298936,-0.9684166836094664,-0.023116288904569605,0.9684500276843232,-0.248133137354007],"GT_T":[86.05572111021414,-82.63234158079972,994.9083156371481],"R_pred":[0.8505939784090188,-0.52550412898162,0.018311043596321464,-0.06205564279347722,-0.13490321626146934,-0.9889136562105914,0.5221484282192237,0.8400276975585865,-0.14735835993459623],"T_pred":[69.7245884602553,-72.10375502548425,961.4232154657146],"rotation_error":33.81334846826967,"translation_error":38.71445417378703,"ADD":0,"ADD_S":0}}
{"id_image":1075,"data":{"Best_template_id":8,"GT_R":[0.9987186865886721,0.04454593186758228,0.02402131581529893,0.03463294355815235,-0.25543740828867234,-0.9662052641331461,-0.03690576265172421,0.9657986414599049,-0.2566531637131799],"GT_T":[85.66476035090734,-86.87211234497227,993.9961959852437],"R_pred":[0.8866513850050759,0.4621129201868902,-0.017348500365329395,0.13288924964144896,-0.290547308500181,-0.9475878370119751,-0.44293314258284355,0.8378746389046786,-0.31902401270443714],"T_pred":[61.22443690228392,-75.7825703967323,923.3069172682509],"rotation_error":25.34383394549809,"translation_error":75.61270710947862,"ADD":0,"ADD_S":0}}
{"id_image":1083,"data":{"Best_template_id":17,"GT_R":[0.997773953169138,0.058429048275611024,0.03215045572459933,0.04605109479571519,-0.2549356323395178,-0.9658611167263975,-0.04823801701738801,0.9651909344150781,-0.25705914613331204],"GT_T":[94.95646090446961,-87.84612174349925,997.8484083759942],"R_pred":[0.9242390011106643,-0.3769047170629156,0.06103362255089248,0.02805877979206664,-0.09237221584012961,-0.9953291307991365,0.38078205538410237,0.9216345306012075,-0.07479851803980055],"T_pred":[86.73094620522785,-78.88516125792387,1014.1761402088545],"rotation_error":27.20673609812827,"translation_error":20.3605680592975,"ADD":0,"ADD_S":1}}
{"id_image":1087,"data":{"Best_template_id":17,"GT_R":[0.9976501720868864,0.059423017048889304,0.03409219213070463,0.04803662424168934,-0.2519542332152606,-0.9665462517292525,-0.048846170459460284,0.9659130904567833,-0.25421635094648803],"GT_T":[94.20061238518677,-82.65758574682147,1003.6768254047455],"R_pred":[0.9184700578855353,-0.377388802458475,-0.11828120960955757,-0.1197758259222984,0.019598635966660893,-0.9926074979531827,0.37691710533268885,0.9258474956747491,-0.0272012951975144],"T_pred":[87.60836640837135,-72.07241222862335,992.8453496275157],"rotation_error":30.60723355713582,"translation_error":16.517399097373584,"ADD":0,"ADD_S":1}}
{"id_image":1090,"data":{"Best_template_id":17,"GT_R":[0.9978413091605082,0.05786852248342264,0.031044382422958497,0.04458574361376095,-0.24991052882760467,-0.9672426236266259,-0.04821504525379679,0.9665383243033863,-0.2519513770616801],"GT_T":[88.54883173997531,-83.2449249112793,1008.4536680126323],"R_pred":[0.8526920969011216,-0.5217457346334482,0.026411669280302807,-0.02855265324953557,-0.0970259155826409,-0.9948722117426751,0.5216329493760727,0.8475655491448162,-0.09763045645732628],"T_pred":[79.16568616783596,-74.26026395256478,1019.9575289793183],"rotation_error":35.639996521430646,"translation_error":17.3524168492994,"ADD":0,"ADD_S":1}}
{"id_image":1094,"data":{"Best_template_id":17,"GT_R":[0.9987671064149837,0.041618052675802,0.027057606695547298,0.036550476924436796,-0.24771975460341525,-0.9681422639484291,-0.03359045127634729,0.9679374547683727,-0.248935528890856],"GT_T":[77.70930345185808,-84.27069781637361,1014.5998063408923],"R_pred":[0.8589162242798749,-0.5119305114605553,0.013786627743507168,-0.06968386376266963,-0.14350126156181703,-0.9871937738160997,0.5073530120142282,0.8469560433492999,-0.15892885777664573],"T_pred":[59.09067427085195,-69.76781841044733,941.5113327798732],"rotation_error":33.488603039800154,"translation_error":76.804373775993,"ADD":0,"ADD_S":0}}
{"id_image":1097,"data":{"Best_template_id":8,"GT_R":[0.9984549529910837,0.05304647893349984,0.01655966405263199,0.02912394238526618,-0.24570602387673057,-0.9689068294949171,-0.04732930237417745,0.9678921651357412,-0.2468709692465238],"GT_T":[79.59127255719439,-87.47236955764782,1015.1211622185316],"R_pred":[0.9109545850686708,0.41026822281272335,-0.042915373614308305,0.12049246475919503,-0.36414273682734305,-0.9235159084456241,-0.3945165520971462,0.8361100720395502,-0.38115172511140205],"T_pred":[56.5922650834838,-74.02956749398143,939.6607342971158],"rotation_error":23.04365448140718,"translation_error":80.02461780091107,"ADD":0,"ADD_S":0}}
{"id_image":1103,"data":{"Best_template_id":17,"GT_R":[0.9970446043108249,0.07347818695151838,0.022413158666755688,0.04044739645491985,-0.2540778712694019,-0.9663376161184589,-0.06530988325367675,0.9643885480160194,-0.25629919197507933],"GT_T":[91.97477484085515,-91.88188488874991,1013.5990010218544],"R_pred":[0.9496191757291808,-0.31111501941480807,0.03782678656660232,-0.007426043218767275,-0.14299823208943138,-0.9896950841049027,0.31331816891068526,0.9395525266390491,-0.13810421686767788],"T_pred":[89.81372215130456,-86.39486405639626,1065.4314457545356],"rotation_error":23.202292013664263,"translation_error":52.166846495721295,"ADD":0,"ADD_S":0}}
{"id_image":1104,"data":{"Best_template_id":17,"GT_R":[0.9968487257136112,0.07669472427126166,0.020246242907231038,0.03915535603118937,-0.2537904824449065,-0.9664667694042198,-0.06898530489045741,0.9642142031414246,-0.2559937591773964],"GT_T":[90.66175348183835,-93.32711351824405,1014.237961630131],"R_pred":[0.8571467727384519,-0.5132765678764792,0.04297179136362153,-0.07605958668475671,-0.2086457596503995,-0.9750291720011518,0.509425509036798,0.8324746914164115,-0.21787964313755812],"T_pred":[71.85620834949329,-77.4613278921478,938.2791367947078],"rotation_error":35.33472612722418,"translation_error":79.84431571274449,"ADD":0,"ADD_S":0}}
{"id_image":1107,"data":{"Best_template_id":17,"GT_R":[0.99660178596205,0.07925174598214636,0.022439783217937492,0.042105277132386834,-0.25602975380868104,-0.9657519513815138,-0.07079264090566684,0.96341532605669,-0.2584961035804482],"GT_T":[89.09492434796961,-96.2306996906082,1016.2454311669652],"R_pred":[0.4567526912408718,0.8895752596147724,-0.0057303163552568925,0.03242348246121496,-0.023084374603039914,-0.9992076007688662,-0.8890026416323566,0.4562049639476722,-0.039386978053601196],"T_pred":[102.90896907901899,-72.21752189108395,906.0818604783158],"rotation_error":59.65319232887884,"translation_error":113.59345424246969,"ADD":0,"ADD_S":0}}
{"id_image":1113,"data":{"Best_template_id":8,"GT_R":[0.9943315917413024,0.10018816339038036,0.03560053626861653,0.059745960430280506,-0.24951517067093926,-0.966526212778583,-0.08795132974012318,0.9631746052020669,-0.2540865865439241],"GT_T":[103.09043395129486,-89.04488644104981,1019.9300668488789],"R_pred":[0.891807438375301,0.45240805263138023,0.0025390495791721424,0.09502320646099632,-0.18182116532057155,-0.9787296123421116,-0.4423235050190686,0.8730796170772466,-0.20513873147676],"T_pred":[82.56590818796708,-76.50729819700872,969.9380492326661],"rotation_error":21.476555995581265,"translation_error":55.47656353926724,"ADD":0,"ADD_S":0}}
{"id_image":1119,"data":{"Best_template_id":8,"GT_R":[0.9935343830107306,0.10739070110088633,0.03682760806640247,0.06298296115667774,-0.251486557041923,-0.9658099435615943,-0.0944570012933288,0.9618845717374419,-0.2566248790569166],"GT_T":[108.60967038129219,-92.01432903230554,1026.2376431810515],"R_pred":[0.9113251377379511,0.4107509631947457,-0.027751388460640763,0.11332170009990242,-0.3150870209570926,-0.94227297611194,-0.3957836348478452,0.8555722152214701,-0.33369372024006405],"T_pred":[81.705729478323,-75.07526024569887,922.0058189256891],"rotation_error":19.008887119885802,"translation_error":108.9725987350425,"ADD":0,"ADD_S":0}}
{"id_image":1120,"data":{"Best_template_id":8,"GT_R":[0.9929963699542749,0.11301449985746972,0.034430797383474376,0.06191116748500127,-0.24956340052380513,-0.9663773994800781,-0.10062270719014757,0.961741019408963,-0.2548126319926345],"GT_T":[108.6997651204669,-92.06424648502836,1027.4059009646871],"R_pred":[0.9179575820263035,0.3949557595872263,-0.03693000906172625,0.07702749864977096,-0.26880192417466986,-0.960110561347887,-0.3891280535404529,0.8784961431496853,-0.2771712185977221],"T_pred":[83.31404047996726,-74.45269013740524,935.9085981890742],"rotation_error":17.32696333051549,"translation_error":96.57307258092686,"ADD":0,"ADD_S":0}}
{"id_image":1122,"data":{"Best_template_id":17,"GT_R":[0.9927514880623755,0.1150353847926954,0.03480789347011549,0.06300586327526655,-0.2514988327644473,-0.9658053796157753,-0.10234850702492847,0.9609971757267138,-0.2569234159182997],"GT_T":[109.39082750075245,-92.26885782770486,1029.6865223005245],"R_pred":[0.9276114990532651,-0.3652340825280197,0.07836435276367751,-0.01982485041369389,-0.25762383945192874,-0.9660418896984341,0.3730199487027859,0.8945580038801076,-0.24621554695796202],"T_pred":[131.47880671571681,-116.18381985896697,1293.7963157338188],"rotation_error":28.182211810289,"translation_error":266.1086004287249,"ADD":0,"ADD_S":0}}
{"id_image":1124,"data":{"Best_template_id":17,"GT_R":[0.9924780274238905,0.11919396837741995,0.027929517753211786,0.05730315028381282,-0.25069764258211835,-0.9663684127072173,-0.10818403372239555,0.96069939387676,-0.2556416336561813],"GT_T":[107.77624343508661,-95.09267831635762,1033.1178046187981],"R_pred":[0.8841588796148733,-0.4671835714241416,0.0016081634107353582,-0.06557040366695155,-0.12750063841315049,-0.9896686866659933,0.4625619934248,0.8749189092685236,-0.14336423697440132],"T_pred":[82.88678800081854,-72.66262964199555,907.2836958766737],"rotation_error":35.23421279192436,"translation_error":130.21833587584143,"ADD":0,"ADD_S":0}}
{"id_image":1126,"data":{"Best_template_id":8,"GT_R":[0.992526874119942,0.11939814634022526,0.025192439378921044,0.0543696761827462,-0.24787318903316652,-0.9672663290906363,-0.10924499665415466,0.961407185846194,-0.2525120802907095],"GT_T":[107.33591207265057,-93.97542672458107,1036.759471164001],"R_pred":[0.9324310572816907,0.3574902441187523,-0.052659745313312634,0.0510561893131046,-0.2746095409377984,-0.9601993884390658,-0.35772278226214843,0.8926311250375747,-0.2743065541775861],"T_pred":[77.9508316699607,-71.14217521813752,914.8318873270658],"rotation_error":14.876844366457131,"translation_error":127.48010050569432,"ADD":0,"ADD_S":0}}
{"id_image":1128,"data":{"Best_template_id":17,"GT_R":[0.9921130946562781,0.12477196105480487,0.01199679761962159,0.04317955372442408,-0.25034188607082425,-0.967194757283529,-0.11767596742399758,0.9600839818826339,-0.25375522746665413],"GT_T":[105.20896912136048,-94.70290706642793,1039.2207574763681],"R_pred":[0.9585372547483972,-0.27520523697702387,-0.07394869031853135,-0.154312069951591,-0.2831150209840495,-0.9465905503228185,0.2395706917105287,0.9187534829504709,-0.3138437847715284],"T_pred":[95.63137377042375,-82.75793469693168,1012.4562211355621],"rotation_error":23.8630240556554,"translation_error":30.834284540956,"ADD":0,"ADD_S":0}}
{"id_image":1132,"data":{"Best_template_id":17,"GT_R":[0.9922537545438352,0.1234639562898084,0.013705228871657059,0.043717564847915315,-0.2437996618728282,-0.9688398156605664,-0.11627611180421922,0.9619353682826852,-0.24730879742168357],"GT_T":[103.6371321877228,-88.5664716613663,1045.6353698495438],"R_pred":[0.7779501444984317,-0.4993782481247994,-0.38133310631870776,-0.27300875090057225,0.2779695224968276,-0.9209772888049924,0.5659150065218079,0.8205816899387236,0.07991179844509963],"T_pred":[98.81736559899464,-63.36788929469479,954.4496169256981],"rotation_error":52.35989939732571,"translation_error":94.7261328227242,"ADD":0,"ADD_S":0}}
{"id_image":1133,"data":{"Best_template_id":17,"GT_R":[0.9936111898038189,0.11251251415236203,0.00883438361272198,0.03610953626709177,-0.24276994542795144,-0.9694117250290906,-0.1069259152864419,0.9635374249564814,-0.24528141675340953],"GT_T":[101.31965327537749,-88.73867736538345,1047.2389875356591],"R_pred":[0.861460619936292,-0.430777410642396,-0.26891712994752087,-0.24970312713255055,0.10178460688843519,-0.9629580687136859,0.44219220775495877,0.8966999031341528,-0.019883035985385974],"T_pred":[98.44869696930814,-73.0813025230977,1016.7324549800479],"rotation_error":40.24896298209324,"translation_error":34.40994486525326,"ADD":0,"ADD_S":0}}
{"id_image":1137,"data":{"Best_template_id":17,"GT_R":[0.991884230499694,0.12696920201085576,0.006672175880037684,0.03699380027995913,-0.23799258348233304,-0.9705626967819312,-0.12164414071608626,0.9629321154842067,-0.24075864468591912],"GT_T":[95.79210297172025,-86.04019993875181,1052.1868313470752],"R_pred":[0.94441327676146,-0.32087165451690447,-0.07158871422414678,-0.06261016054749427,0.03822701641749505,-0.9973057018848502,0.32274375357688845,0.9463509267409215,0.01601227603121711],"T_pred":[85.22296195744966,-68.16316948643733,1005.3192280086813],"rotation_error":30.67102685609452,"translation_error":51.26272722219866,"ADD":0,"ADD_S":0}}
{"id_image":1540,"data":{"Best_template_id":17,"GT_R":[0.9561487667659814,0.27736271175261196,0.09407010555157728,0.15772344639925082,-0.21698951856710988,-0.9633482246848253,-0.24678509210590344,0.935941515037974,-0.2512206706986051],"GT_T":[108.80751058691034,-72.78137231288369,998.6755240529758],"R_pred":[0.9975172999514985,-0.06604405354144968,0.02444216212380317,0.00891611069919794,-0.2258445091400667,-0.9741225593636983,0.06985513057372235,0.9719220342615432,-0.22469494887387154],"T_pred":[106.89867733063646,-69.24554092641793,1017.0586557043677],"rotation_error":20.3263588163571,"translation_error":18.81715380460549,"ADD":0,"ADD_S":1}}
{"id_image":1542,"data":{"Best_template_id":17,"GT_R":[0.954453326101697,0.2813531354867729,0.09929021483285498,0.16339582989569462,-0.21446491904709858,-0.9629682871406345,-0.24964016335212613,0.9353319308226273,-0.2506688620099106],"GT_T":[110.23633546607431,-71.15263671844882,999.2277380389678],"R_pred":[0.11173928783087483,0.7688060313295741,0.6296440405072684,-0.3340662138571939,0.6257973724363424,-0.7048243848015541,-0.935902824183242,-0.13158622588644864,0.3267582727993157],"T_pred":[116.5948709825767,-50.107600276769645,957.1620295580539],"rotation_error":92.74969587338296,"translation_error":47.46417978589182,"ADD":0,"ADD_S":0}}
{"id_image":1543,"data":{"Best_template_id":17,"GT_R":[0.956915077266279,0.26981173654896395,0.10730214945318789,0.16829565511881753,-0.214227334955384,-0.9621762549175681,-0.2366198313215406,0.9387799404338566,-0.25040643222974274],"GT_T":[109.08058135610196,-68.18341027213187,999.9834251397364],"R_pred":[0.6720066198459731,-0.6088990517153101,-0.42148433862171614,-0.17082365320227275,0.4263478126117671,-0.888283075482017,0.7205736481372456,0.6689316015119613,0.18249419198654912],"T_pred":[103.0408099219799,-43.63078488204785,921.752242050706],"rotation_error":73.14445476169426,"translation_error":82.2157421667629,"ADD":0,"ADD_S":0}}
{"id_image":1568,"data":{"Best_template_id":8,"GT_R":[0.9533424914163325,0.2760331828598222,0.12224117753774938,0.17947692253419226,-0.19263985045555335,-0.9647169909014784,-0.24274567462409277,0.9416450643558164,-0.2331928457117941],"GT_T":[101.6111847627173,-49.15197910232652,1007.1446889647763],"R_pred":[0.812014041630814,0.5727502672222567,0.11220662899857595,0.19577476045221878,-0.08618471735843283,-0.9768543584709665,-0.5498230982454875,0.8151866816200327,-0.18211324703341208],"T_pred":[69.51632391895744,-35.53565421247967,870.613633384753],"rotation_error":19.64216211308464,"translation_error":140.91207731731714,"ADD":0,"ADD_S":0}}
{"id_image":1569,"data":{"Best_template_id":8,"GT_R":[0.9528787527985783,0.2786770283951779,0.11983857088586415,0.1771172055672134,-0.19038156164103212,-0.9656005258522443,-0.24627610931059535,0.9413261694660712,-0.23076885437538253],"GT_T":[100.49068753822101,-48.953022340349506,1007.4296755775888],"R_pred":[0.8650814313236113,0.5011837502046147,0.02118881096074962,0.043266414294832994,-0.03246550289844799,-0.9985359325110031,-0.4997620779662657,0.8647316575981182,-0.049769727490221176],"T_pred":[73.10357971631161,-30.320714742998607,886.2806690895812],"rotation_error":18.81625988208067,"translation_error":125.59577355262591,"ADD":0,"ADD_S":0}}
{"id_image":1571,"data":{"Best_template_id":8,"GT_R":[0.9568748480721422,0.2634388938195278,0.1224368915791018,0.17603628464470686,-0.19055490796505958,-0.9657645907856491,-0.23108932120624098,0.9456687520789976,-0.22871191337804436],"GT_T":[102.18385365004757,-46.098840267320526,1008.6730018076963],"R_pred":[0.8013319340056142,0.5887759933957757,0.10587710396322292,0.314231640808865,-0.2636732115951182,-0.9119950182987209,-0.509043816834455,0.764080667919254,-0.3963018110666118],"T_pred":[62.968440925871725,-34.85695875187874,809.6440608602915],"rotation_error":22.179018699258148,"translation_error":203.16679804973117,"ADD":0,"ADD_S":0}}
{"id_image":1572,"data":{"Best_template_id":8,"GT_R":[0.953403756643715,0.27744380111453,0.11851010823633154,0.17555659773776153,-0.19073166546774348,-0.9658165748427111,-0.2453567249526928,0.9416190619417275,-0.2305513089535515],"GT_T":[103.4140392442818,-47.91190310773143,1008.1129138102211],"R_pred":[0.879328523926415,0.47621552675081613,0.00034509539978469506,0.08616254006950888,-0.15838572120707695,-0.9836106851831594,-0.4683560223784493,0.864946666216569,-0.18030502184542913],"T_pred":[73.3407925504946,-28.707512001332432,863.4843763236381],"rotation_error":14.444864218354587,"translation_error":148.9651726410602,"ADD":0,"ADD_S":0}}
{"id_image":1576,"data":{"Best_template_id":8,"GT_R":[0.9559160453054145,0.2686878018308921,0.11844862113397067,0.17175867604968179,-0.18446083443690342,-0.9677156616736291,-0.23816487094509817,0.945400326997462,-0.22247841784036032],"GT_T":[108.94386353258787,-38.122510717619356,1010.2132657071909],"R_pred":[0.943087973751086,0.32332213076850014,0.07776807520691381,0.12247630030530758,-0.1202897402102355,-0.9851547768059993,-0.30916764001039215,0.9386123684223807,-0.15304310574127025],"T_pred":[80.58682739508782,-25.215940314807945,912.0942185779875],"rotation_error":5.952042229031971,"translation_error":102.94682349450638,"ADD":0,"ADD_S":0}}
{"id_image":1577,"data":{"Best_template_id":17,"GT_R":[0.9498398029577045,0.28814526746860913,0.12156071827709077,0.17790561409163805,-0.17816414494592803,-0.9677847891280073,-0.25720521463381485,0.9408670050552997,-0.22049037282632475],"GT_T":[109.88980663344535,-36.53827250881015,1010.3207346281938],"R_pred":[0.9525550500276888,-0.3036468342570749,-0.02091594397592253,0.03531518456890537,0.17851779060227166,-0.9833027184836558,0.3023106256908804,0.9359113197756184,0.18077136695353174],"T_pred":[98.95927194848677,-20.97668601816865,960.2664547182728],"rotation_error":41.24501573451042,"translation_error":53.54503244844957,"ADD":0,"ADD_S":0}}
{"id_image":1579,"data":{"Best_template_id":8,"GT_R":[0.9505811040993339,0.2879494467089783,0.11610643755416068,0.17328872781304597,-0.18176611838553725,-0.96795328185639,-0.25761767063249424,0.9402377099452287,-0.22268185732108853],"GT_T":[109.18194946254519,-37.386819521464815,1010.1775101390976],"R_pred":[0.9459599293255805,0.3219796840694913,0.03858620422965736,0.12640008652952475,-0.25652132287159407,-0.9582378770626508,-0.2986349447664671,0.9113319340167544,-0.28335715238125037],"T_pred":[74.17883424563628,-21.87150261471064,859.7766782662255],"rotation_error":5.9108986684270866,"translation_error":155.19778787617162,"ADD":0,"ADD_S":0}}
{"id_image":1580,"data":{"Best_template_id":17,"GT_R":[0.9497726936703442,0.29040456748808025,0.11660312212906075,0.17359460869032112,-0.1788996149603718,-0.9684317236995891,-0.26037719892635736,0.9400318880619676,-0.2203266640854044],"GT_T":[108.93707905466506,-37.465749991676724,1010.6144348543555],"R_pred":[0.9910593849400492,0.0624429791909268,-0.11790746317351183,-0.11744354709891093,-0.011061268566468146,-0.9930179563243186,-0.06331120569912926,0.997987235733735,-0.003628849054534691],"T_pred":[132.75426478508206,-34.05565128616156,1185.3425708802401],"rotation_error":22.753697863785586,"translation_error":176.3768936918285,"ADD":0,"ADD_S":0}}
{"id_image":1583,"data":{"Best_template_id":8,"GT_R":[0.9502070074336137,0.2915646045500857,0.10998553830039492,0.166345611809555,-0.17613147274752705,-0.9702100180005445,-0.2635072835549373,0.9401954708532473,-0.21586180774972796],"GT_T":[109.61717746171692,-35.987268601578116,1010.6563891377313],"R_pred":[0.9234595896177582,0.38139178970146326,0.041984391043780656,0.10367746548821613,-0.14267662307274565,-0.9843243186970937,-0.3694230224186657,0.9133365666482826,-0.17129782990506764],"T_pred":[81.47678677107734,-21.986522277808152,907.6912913241716],"rotation_error":7.317659278679963,"translation_error":107.6555333162225,"ADD":0,"ADD_S":0}}
{"id_image":1586,"data":{"Best_template_id":8,"GT_R":[0.9539510449658791,0.2776108849444272,0.11362194204814784,0.16680264886968968,-0.1761208969061396,-0.9701334927690599,-0.24930878920167532,0.94441202488898,-0.21431668259822945],"GT_T":[111.2260657527616,-36.192780443424795,1010.5223562371106],"R_pred":[0.9556627834592268,0.29445645593366854,0.0020099427719427743,0.01892808220325029,-0.054616841709267394,-0.9983279663045668,-0.29385433809128964,0.9541029274458226,-0.0577687789748207],"T_pred":[92.59745701450217,-22.41384362803822,964.0624626796423],"rotation_error":11.242211766294302,"translation_error":51.917298395205925,"ADD":0,"ADD_S":0}}
{"id_image":1587,"data":{"Best_template_id":17,"GT_R":[0.9494446040346786,0.29107630538706286,0.1175937908040249,0.17381984462755323,-0.17549499132002322,-0.969014458542355,-0.26142046345826414,0.9404662409349985,-0.21721767834794894],"GT_T":[112.0770194419382,-36.63438071171365,1010.3414585599642],"R_pred":[0.996306633012022,-0.07301655047575625,0.045184913111227604,0.027151866613226872,-0.23132595248061433,-0.9724973418207137,0.08146084430979944,0.9701324069762631,-0.22848904520518423],"T_pred":[106.28562473601625,-29.43270007484692,1008.857988197015],"rotation_error":21.690230675798926,"translation_error":9.359761800011304,"ADD":0,"ADD_S":1}}
{"id_image":1588,"data":{"Best_template_id":8,"GT_R":[0.9448917979524967,0.3026900484474439,0.12472682521950777,0.18165350626183174,-0.1677957437224467,-0.9689411637797394,-0.2723607858343469,0.9382024855627606,-0.21353438771365502],"GT_T":[111.35455244257795,-33.988833454318595,1010.7195801576813],"R_pred":[0.9029748254443959,0.42878752493952677,-0.02788768670752037,0.09259073382272176,-0.2575403026791433,-0.9618211624341112,-0.41959911895025703,0.8659181548808003,-0.2722541614447759],"T_pred":[78.48950897971017,-17.737504675421096,859.4450226590424],"rotation_error":11.995048227877856,"translation_error":155.65413105762735,"ADD":0,"ADD_S":0}}
{"id_image":1589,"data":{"Best_template_id":8,"GT_R":[0.9478408142019842,0.29276133626260936,0.12604905646476106,0.18135367564339516,-0.17011916027402596,-0.9685925391311894,-0.2621233979064107,0.9409308718402883,-0.21433938285337703],"GT_T":[110.48770623984674,-33.266869077078866,1011.0084938587879],"R_pred":[0.8915718515730663,0.4487957802447925,0.06067933022901392,0.03521526318978005,0.06487770254670866,-0.9972716625627819,-0.45150804945321654,0.8912761812966442,0.04203867186559262],"T_pred":[66.09875903945782,-10.340263621617892,773.9694095995417],"rotation_error":18.793134428100537,"translation_error":242.2468479417871,"ADD":0,"ADD_S":0}}
{"id_image":1597,"data":{"Best_template_id":8,"GT_R":[0.9513584531739737,0.2810285158593929,0.1262493871095471,0.1752338540676716,-0.1565530262874723,-0.9720005469602779,-0.25339549591708604,0.9468441072997266,-0.19818400587614757],"GT_T":[103.84858872606479,-17.115612580838498,1016.2699812689399],"R_pred":[0.90020361135558,0.43004862432502655,0.06849553867606209,0.14938503498080438,-0.15721850706802207,-0.9762000063302019,-0.409044703456915,0.8890109795449403,-0.20577149662280717],"T_pred":[68.61611126935168,-4.708376469605875,850.1172848845863],"rotation_error":9.639346119843841,"translation_error":170.29969316310837,"ADD":0,"ADD_S":0}}
{"id_image":1605,"data":{"Best_template_id":17,"GT_R":[0.943439812044447,0.31126833301377493,0.1141648112506528,0.17178227195486728,-0.1644103087413814,-0.9713190935206181,-0.28357127230200546,0.9359924911112854,-0.20858241628319624],"GT_T":[116.86699197891195,-31.63824218540043,1013.6071366094145],"R_pred":[0.8255080314157253,-0.4552535540032261,-0.3335876071372641,-0.17675255829797962,0.35278943559728804,-0.9188569786784374,0.5359990888082304,0.8174862785994507,0.21076328213986437],"T_pred":[117.35702110219154,-11.308448706088015,973.803776241997],"rotation_error":60.909831801079335,"translation_error":44.69729441466969,"ADD":0,"ADD_S":0}}
{"id_image":1608,"data":{"Best_template_id":8,"GT_R":[0.9471889741942228,0.301112406012209,0.11028933110642691,0.16682660714408595,-0.16897816522440667,-0.9713991018795245,-0.27386405479412695,0.9384972950808264,-0.21028808975378033],"GT_T":[118.39416566894393,-34.95001068699138,1013.0842331765011],"R_pred":[0.8928868435035516,0.44841923062712064,0.040905724563257945,0.09734962788565993,-0.1035452996271209,-0.9898491909759048,-0.439631817147926,0.8878054767396464,-0.13610768098201362],"T_pred":[86.03810381187726,-21.049723346132087,883.599786187412],"rotation_error":11.072655905841366,"translation_error":134.1877592745591,"ADD":0,"ADD_S":0}}
{"id_image":1609,"data":{"Best_template_id":17,"GT_R":[0.9448811428618388,0.31023658224960676,0.10465731583415326,0.16319822314530563,-0.16915360592120818,-0.971984255566804,-0.2838423354467644,0.9354897341581103,-0.21046016698363532],"GT_T":[117.54561459586358,-37.04772823775908,1013.011055361346],"R_pred":[0.9065874734040729,-0.2402482347129544,-0.3469581225221984,-0.2728239444258428,0.2935906623382587,-0.9161722645527464,0.32197243424669797,0.925248782060853,0.20062014574853634],"T_pred":[129.075578312917,-23.139381400394633,1057.6068800009832],"rotation_error":50.430056481856674,"translation_error":48.11621088941089,"ADD":0,"ADD_S":0}}
{"id_image":1611,"data":{"Best_template_id":8,"GT_R":[0.9422074830343751,0.31889609958299703,0.10271175689881575,0.16153263829718278,-0.16381715552428497,-0.9731756972384987,-0.2935163490768073,0.9335248391400235,-0.2058627940893003],"GT_T":[114.99521371810637,-37.09538520809575,1012.9980816845756],"R_pred":[0.929698357611771,0.3667436167763741,-0.03405999717792699,0.045727610214130326,-0.2066866631402954,-0.9773380218450702,-0.36547222810780156,0.9070720714660518,-0.20892656041826035],"T_pred":[71.99836882690208,-16.07159368845519,797.1902459936323],"rotation_error":8.340497213878379,"translation_error":221.05146555964922,"ADD":0,"ADD_S":0}}
{"id_image":1619,"data":{"Best_template_id":17,"GT_R":[0.9461785307907269,0.3096707296241505,0.09407144571758502,0.15167254529755292,-0.16750385452716152,-0.9741347294609456,-0.2859040639207135,0.9359735927572097,-0.20545683757530686],"GT_T":[108.49065309594643,-42.759649982699756,1012.3924739491758],"R_pred":[0.9635985769206904,-0.22535823301062413,-0.14384522713927533,-0.13501769898915766,0.054188807076688605,-0.9893602954168308,0.2307552892483587,0.9727678243044096,0.021788907314770078],"T_pred":[122.29982562395287,-36.59146144414002,1110.379729897974],"rotation_error":36.74236551608721,"translation_error":99.14757750006164,"ADD":0,"ADD_S":0}}
{"id_image":1622,"data":{"Best_template_id":8,"GT_R":[0.9487266546159153,0.304286859225151,0.08560038994961147,0.14304922870641898,-0.17181459566541063,-0.9746882305569166,-0.28187771114102317,0.9369576388580342,-0.20653277054391905],"GT_T":[109.04637964033469,-44.31530758289209,1012.0026210692716],"R_pred":[0.8469164987730775,0.5271639735270912,0.06950243967718131,0.21296630839057482,-0.21652689239686448,-0.9527651632797283,-0.4872143220354289,0.8217142142400147,-0.2956483629575387],"T_pred":[96.51250271274395,-41.34647433184408,1021.103441033023],"rotation_error":14.706914556360816,"translation_error":15.77139707575508,"ADD":0,"ADD_S":1}}
{"id_image":1624,"data":{"Best_template_id":8,"GT_R":[0.9488481273612543,0.3039281513439537,0.08552423446074427,0.1430990862830298,-0.172511180031723,-0.9745576051644547,-0.2814421400272424,0.9369460369816832,-0.20717844518287662],"GT_T":[110.29506024695715,-44.18516812669376,1012.3661617114994],"R_pred":[0.9015227863435258,0.41653743468561133,0.11727417110743332,0.03440481845308549,0.20115687375828636,-0.9789546570740664,-0.43136176716372965,0.8865847267155704,0.16701661050345076],"T_pred":[94.20967811882917,-36.4864027192141,1003.8251362818658],"rotation_error":23.523864410572134,"translation_error":19.77269891534673,"ADD":0,"ADD_S":1}}
{"id_image":1626,"data":{"Best_template_id":8,"GT_R":[0.9455607808903498,0.31386107627229815,0.08605390719485273,0.14522840953480548,-0.17030313771385586,-0.9746316630713515,-0.2912439329761489,0.9340707743118071,-0.20661382021346095],"GT_T":[110.3598366477457,-44.856689508687346,1012.0992658299435],"R_pred":[0.9249540493451537,0.3639167404246813,0.10965679476748359,0.19074507857421014,-0.1949076258778057,-0.9620952823782039,-0.32874963361153925,0.9108104212257084,-0.24969592505070293],"T_pred":[87.45229567575856,-37.60170333207605,945.4422556611588],"rotation_error":4.077390004326128,"translation_error":70.8558202439825,"ADD":0,"ADD_S":0}}
{"id_image":1631,"data":{"Best_template_id":8,"GT_R":[0.9438134789949014,0.31688165525813017,0.09381448890963955,0.15430961256054257,-0.17153500186513862,-0.9730186203208492,-0.2922395568026741,0.9328249240528105,-0.21079597716982557],"GT_T":[116.16036863233978,-45.77770436435383,1010.2761189583613],"R_pred":[0.878084423185282,0.4704831198649555,0.08725468286291904,0.2158900092826194,-0.22679387477559843,-0.9497136632986917,-0.4270354196683469,0.8527661885220404,-0.3007167738292474],"T_pred":[99.4909318075392,-43.18844750449743,1005.4980358499257],"rotation_error":10.580578912394664,"translation_error":17.532953354567752,"ADD":0,"ADD_S":1}}
{"id_image":1639,"data":{"Best_template_id":8,"GT_R":[0.9405186295682645,0.3263297889808249,0.09451660421881217,0.15315247869659027,-0.15890891118841036,-0.9753427547310032,-0.3032640922021445,0.9318034539067095,-0.19943473848438875],"GT_T":[120.57956220516587,-41.091399044562046,1008.5486041920403],"R_pred":[0.886942072477379,0.46187597035019345,0.0020852056491386384,0.08040376233743085,-0.14995081674919075,-0.9854186864263518,-0.45482853370420584,0.8741769503763629,-0.17013425392661014],"T_pred":[83.5171196856604,-23.296097675008493,843.8738821257053],"rotation_error":10.13447047338934,"translation_error":169.72937719784858,"ADD":0,"ADD_S":0}}
{"id_image":1641,"data":{"Best_template_id":17,"GT_R":[0.9460364553923204,0.30986493794978104,0.0948612264217522,0.15279532802677107,-0.16837381953291006,-0.9738093957508033,-0.28577737613627896,0.9357529821615947,-0.20663413234043382],"GT_T":[119.70883385179,-39.95764660537802,1007.752556736322],"R_pred":[0.9378665299782605,-0.3429901739845546,-0.05257482759441234,-0.040424355126464695,0.04248429721481109,-0.9982789970758543,0.3446334914937123,0.9383777624390983,0.0259794438093804],"T_pred":[104.16416325481184,-25.433365338027002,906.031712109898],"rotation_error":41.017223885774264,"translation_error":103.92170977141778,"ADD":0,"ADD_S":0}}
{"id_image":1643,"data":{"Best_template_id":17,"GT_R":[0.9376331671010488,0.3329511424530518,0.0999374152697392,0.15996981796642026,-0.15802561289042721,-0.9743915490942594,-0.30863238343516297,0.9296079391294145,-0.20143230089076036],"GT_T":[119.74145341311613,-38.57843876437308,1008.0739433515264],"R_pred":[0.9334976893225593,-0.3072421382464985,-0.18489005520893284,-0.14100171861673078,0.1595646281740032,-0.9770658344158906,0.3296977090860217,0.9381585142828538,0.10563154217380985],"T_pred":[113.8883917745239,-22.75520179437508,969.352588196733],"rotation_error":45.25666056652974,"translation_error":42.23714601837484,"ADD":0,"ADD_S":0}}
{"id_image":1644,"data":{"Best_template_id":17,"GT_R":[0.9409150604346234,0.32213949045064744,0.10442009855161685,0.16234515719064951,-0.15849039889785382,-0.973923155888135,-0.29718981031306074,0.9333310034042277,-0.20142346143909598],"GT_T":[117.94804486033287,-37.37234753323628,1008.7226510228876],"R_pred":[0.9932296263150556,-0.11155123755063653,0.032422689755411294,0.025166790522505804,-0.06584977781945073,-0.9975121249468224,0.11340873892628606,0.9915745701469205,-0.06259656358857936],"T_pred":[113.1472103935835,-31.92524710005628,1016.386895622368],"rotation_error":26.337697470506004,"translation_error":10.557440977194382,"ADD":0,"ADD_S":1}}
{"id_image":1645,"data":{"Best_template_id":8,"GT_R":[0.9383721176206289,0.33064290259107054,0.10066076339006819,0.1598830757245448,-0.15705675538087677,-0.9745619345878446,-0.30642294630616074,0.9305959555425248,-0.20024149371940594],"GT_T":[116.84779329294628,-38.76467449834295,1008.9296150243329],"R_pred":[0.9404091675155595,0.3285572466587632,0.08763979302066856,0.09764147357175663,-0.014032829761497022,-0.9951227172201533,-0.3257249457616486,0.9443798046108876,-0.045277415470337715],"T_pred":[75.09477829282285,-20.88920467694654,824.6805525783669],"rotation_error":9.02377529218703,"translation_error":189.764495349245,"ADD":0,"ADD_S":0}}
{"id_image":1648,"data":{"Best_template_id":17,"GT_R":[0.9362065678899866,0.3363281866459624,0.10197962977644798,0.16191627218912516,-0.15522282815034996,-0.9745197514078605,-0.3119294814594688,0.9288641596397702,-0.19977801454869928],"GT_T":[114.7672407280001,-38.385550601979695,1009.4604546750062],"R_pred":[0.34246629295624853,0.8638258653355053,0.3694884471349141,-0.028945672210288598,0.4027834888371522,-0.9148374769217023,-0.9390841209652623,0.3026059079025673,0.16294378863081446],"T_pred":[126.607949244879,-21.11008621356261,968.7674611290644],"rotation_error":59.51575219062624,"translation_error":45.766404400468446,"ADD":0,"ADD_S":0}}
{"id_image":1649,"data":{"Best_template_id":8,"GT_R":[0.9413752759013871,0.32287370765397644,0.09780197988788061,0.15622143871192537,-0.16025386586672807,-0.974635048187612,-0.2990112493235454,0.9327759520749525,-0.20129813125695348],"GT_T":[113.07440586386917,-40.885836040733636,1009.8847399418986],"R_pred":[0.8868470247446604,0.45686210761378604,0.06913298292590411,0.09327015528839261,-0.03046206272695995,-0.9951747288124323,-0.452551690786835,0.8890157914014286,-0.06962678941950981],"T_pred":[93.24633221222815,-33.01706316001547,978.9435488303719],"rotation_error":11.889023899877097,"translation_error":37.58227506130043,"ADD":0,"ADD_S":0}}
