{"id_image":1,"data":{"GT_R":[0.7792500166435761,0.4085281617261844,0.4752627564354431,0.21360580814737684,-0.8860649365240456,0.4114152803322925,0.5891876043287315,-0.21907577285875993,-0.7777293518400981],"GT_T":[139.96218089814025,64.46967577184408,875.9497651051705],"R_pred":[0.815932358405482,0.4341527118856858,-0.38179288792377,-0.006730197095897145,-0.6531956141609838,-0.7571592924133634,-0.5781082000403714,0.6203603085330005,-0.53004150464178],"T_pred":[148.96661190593267,84.90517068396765,997.0995450216017],"rotation_error":94.7821583610559,"translation_error":123.19073992746868,"ADD":0,"ADD_S":0}}
{"id_image":1,"data":{"GT_R":[0.7792500166435761,0.4085281617261844,0.4752627564354431,0.21360580814737684,-0.8860649365240456,0.4114152803322925,0.5891876043287315,-0.21907577285875993,-0.7777293518400981],"GT_T":[139.96218089814025,64.46967577184408,875.9497651051705],"R_pred":[0.815932358405482,0.4341527118856858,-0.38179288792377,-0.006730197095897145,-0.6531956141609838,-0.7571592924133634,-0.5781082000403714,0.6203603085330005,-0.53004150464178],"T_pred":[148.96661190593267,84.90517068396765,997.0995450216017],"rotation_error":94.7821583610559,"translation_error":123.19073992746868,"ADD":0,"ADD_S":0}}
{"id_image":1,"data":{"GT_R":[0.7792500166435761,0.4085281617261844,0.4752627564354431,0.21360580814737684,-0.8860649365240456,0.4114152803322925,0.5891876043287315,-0.21907577285875993,-0.7777293518400981],"GT_T":[139.96218089814025,64.46967577184408,875.9497651051705],"R_pred":[1.0,0.0,0.0,0.0,1.0,0.0,0.0,0.0,1.0],"T_pred":[1.6e-322,1.6e-322,0.0],"rotation_error":160.43670129919303,"translation_error":889.4007770199518,"ADD":0,"ADD_S":0}}
{"id_image":2,"data":{"GT_R":[0.7797120788026188,0.40703998192306373,0.4757814341042344,0.2126011490332021,-0.8868282680334177,0.41028807055458705,0.5889395665177961,-0.21875528755309526,-0.778007568003162],"GT_T":[139.27360949465574,65.12374020288287,875.9348411545541],"R_pred":[0.7449886893165597,-0.6536241083628475,-0.13329432755097315,-0.14932003782207748,-0.35814504300010125,0.9216483355810223,-0.6501502742406611,-0.6667140715039153,-0.36441318275203066],"T_pred":[143.09259731071845,25.258568939637136,860.152926437724],"rotation_error":91.09213389640641,"translation_error":43.045155127103996,"ADD":0,"ADD_S":0}}
{"id_image":2,"data":{"GT_R":[0.7797120788026188,0.40703998192306373,0.4757814341042344,0.2126011490332021,-0.8868282680334177,0.41028807055458705,0.5889395665177961,-0.21875528755309526,-0.778007568003162],"GT_T":[139.27360949465574,65.12374020288287,875.9348411545541],"R_pred":[0.11301504516516225,-0.20858788672770628,0.9714518480484693,-0.9160305009563787,-0.4005815634866334,0.02055559077746233,0.3848580529025248,-0.8922026140429504,-0.23634460986238615],"T_pred":[241.9499667144592,89.76428317763678,1454.1694158572182],"rotation_error":83.10628031241266,"translation_error":587.7965754166914,"ADD":0,"ADD_S":0}}
{"id_image":3,"data":{"GT_R":[0.7795800198268743,0.4074417422310258,0.47565361455995786,0.21322176793929462,-0.8867548108982534,0.410125881555309,0.5888903559982388,-0.21830634752189784,-0.7781715636313756],"GT_T":[138.666162917276,65.6995210219027,875.9079148547778],"R_pred":[0.5403023058681398,-0.8414709848078965,0.0,0.8414709848078965,0.5403023058681398,0.0,0.0,0.0,1.0],"T_pred":[0.0,0.0,0.0],"rotation_error":178.73015606609434,"translation_error":889.2465389901456,"ADD":0,"ADD_S":0}}
{"id_image":3,"data":{"GT_R":[0.7795800198268743,0.4074417422310258,0.47565361455995786,0.21322176793929462,-0.8867548108982534,0.410125881555309,0.5888903559982388,-0.21830634752189784,-0.7781715636313756],"GT_T":[138.666162917276,65.6995210219027,875.9079148547778],"R_pred":[0.22917324306402465,-0.5056747690071064,0.8317287133754176,-0.9724445373845367,-0.15650576543147332,0.17279342318989843,0.04279306456065529,-0.8484096730803572,-0.5276076006362961],"T_pred":[278.87046045293397,99.5374282808929,1683.7970809799908],"rotation_error":90.24274962790741,"translation_error":820.6626309011684,"ADD":0,"ADD_S":0}}
