{"id_image":1,"data":{"GT_R":[-0.47277542744141343,0.48881925019410305,0.7331710489937457,0.06021337096751788,-0.8121640990204085,0.5803140937501563,0.8791229665015575,0.31850569387414823,0.3545377648411142],"GT_T":[28.351429548951963,19.906373804918406,1016.2829378198334],"R_pred":[0.40610873491726185,0.49549289989675754,-0.7678297217324965,0.5465309114359657,-0.8050980838717617,-0.23048001690166187,-0.7323794496494791,-0.32604272955844216,-0.5977595505160973],"T_pred":[32.142391559409695,18.468596738401082,1011.4675004472259],"rotation_error":163.6723280043788,"translation_error":6.295000631234394,"ADD":0,"ADD_S":0}}
{"id_image":2,"data":{"GT_R":[-0.47055918308967676,0.4901417759775759,0.7337136323513069,0.05906755603775659,-0.8121644616698406,0.580431950600008,0.8803887105657953,0.3164670321944653,0.3532202029085225],"GT_T":[28.09430896970519,19.8846053176935,1016.6104654775363],"R_pred":[0.6904507817669349,0.5060791023916463,-0.5168768326012438,0.15570489885424524,-0.8017551423962049,-0.5770135839943722,-0.7064231751791683,0.31791922521877575,-0.6323714603032582],"T_pred":[25.0796725558712,26.098042054227335,990.0905130551198],"rotation_error":159.66324871837332,"translation_error":27.40442857046571,"ADD":0,"ADD_S":0}}
{"id_image":3,"data":{"GT_R":[-0.4694421379251204,0.4909104798495733,0.7339154470228018,0.06001726433563188,-0.8115319401151716,0.5812178391431385,0.8809206925697651,0.31689639062642455,0.3515042150538059],"GT_T":[27.696830690838844,20.23706571450355,1016.8991659400451],"R_pred":[0.869581702844327,0.4138748751334309,-0.2693236896592048,0.07156135724100368,-0.6452914948040559,-0.7605773194642164,-0.488576129408904,0.6421109518352993,-0.5907511246751713],"T_pred":[15.467312122285046,24.487520555387135,799.0497522224624],"rotation_error":151.12560426443304,"translation_error":218.23380706908702,"ADD":0,"ADD_S":0}}
{"id_image":4,"data":{"GT_R":[-0.4729594953302459,0.4921021507773096,0.7308517661919383,0.05546642132522662,-0.811217423882678,0.5821091814136508,0.8793361168386685,0.3158518629057773,0.356377888270846],"GT_T":[28.949406868701633,19.770593966806313,1016.9382796623089],"R_pred":[0.06550862411470049,0.45298918918918374,-0.889105963676054,0.4977250763681692,-0.7870974716148922,-0.3643450542161155,-0.8648574267015917,-0.4186625904653649,-0.2770257511927928],"T_pred":[37.996710417136825,18.243387022797208,952.5468003355778],"rotation_error":176.07399315914955,"translation_error":65.0418993605829,"ADD":0,"ADD_S":0}}
{"id_image":5,"data":{"GT_R":[-0.47199329172712673,0.49247394832129066,0.7312257892466747,0.05595060448365319,-0.8110232322158063,0.5823325222278524,0.8798239432113821,0.3157701080556742,0.35524328861249754],"GT_T":[28.62238380558605,19.77302399713141,1016.8982452556933],"R_pred":[0.6505978259920475,0.5439121069031831,-0.5299831023519168,0.42381233691106557,-0.8391374985123882,-0.3409272087592208,-0.6301631311782716,-0.0028068762908564637,-0.7764576933414238],"T_pred":[26.784412812651546,21.326740974159748,1020.9186530382955],"rotation_error":151.1732505674992,"translation_error":4.685707262941541,"ADD":0,"ADD_S":1}}
{"id_image":6,"data":{"GT_R":[-0.4714996314353095,0.48896654119924093,0.733893436712423,0.06055160677085065,-0.8122903047389083,0.5801027700701236,0.8797843528130835,0.3179570746811305,0.3533866772375882],"GT_T":[26.26592419165992,21.19350360662643,1017.1259624926026],"R_pred":[0.8448342312815459,0.5349796754371048,-0.007201980569869371,0.5088661356126882,-0.8076081868334218,-0.29803401246542666,-0.16525851772761374,0.2481244917956364,-0.954528081771107],"T_pred":[13.589144298328588,21.181122044685612,993.3037941671345],"rotation_error":121.06161674041222,"translation_error":26.985118222716473,"ADD":0,"ADD_S":0}}
{"id_image":7,"data":{"GT_R":[-0.4763812915034659,0.4906399442550626,0.7296121566911365,0.05854193488158047,-0.8102805603247644,0.5831112515106552,0.8772869572519095,0.3204972585446424,0.3572794220293043],"GT_T":[23.90665657793004,22.907941700161988,1017.2911086243738],"R_pred":[0.8730538812882083,0.4854334537792691,0.04616581332030856,0.43710533597196716,-0.7371245754107163,-0.5153506433394692,-0.21613848716142403,0.4701082027336913,-0.8557350244614682],"T_pred":[9.090143079134112,22.525693174213966,916.9753199026536],"rotation_error":125.67501312334343,"translation_error":101.40479600618698,"ADD":0,"ADD_S":0}}
{"id_image":8,"data":{"GT_R":[-0.4766713784000336,0.4906472189557538,0.7294166701475913,0.06037108418336117,-0.8095191763266452,0.5839817506063473,0.8770052438825096,0.322403717421712,0.35625401782735255],"GT_T":[22.847897245590936,23.875650778600534,1017.1570167065936],"R_pred":[0.8872509916140581,0.460667675241508,-0.023894996703378524,0.3199316878139765,-0.6518555179555411,-0.6875522517186701,-0.33230918285893063,0.6023866504982474,-0.725741641556506],"T_pred":[8.748623558286898,24.399238039131582,834.1061261080148],"rotation_error":135.42311940988606,"translation_error":183.5938240003235,"ADD":0,"ADD_S":0}}
{"id_image":9,"data":{"GT_R":[-0.4749819243032384,0.49251430476671937,0.7292613407295421,0.05853176970381862,-0.8091930385887205,0.5846208714476814,0.878046413250382,0.32036977739552946,0.3555245465358482],"GT_T":[23.740804559344365,23.31405611382259,1017.1752525186037],"R_pred":[0.8595646148819297,0.48966531286846404,-0.14620723038313665,0.3290095147819717,-0.7491924391723185,-0.574859485674511,-0.3910261014635851,0.44602530248906386,-0.8050838574420239],"T_pred":[13.76869739024937,25.44119938691897,937.5624084590874],"rotation_error":137.34875994280395,"translation_error":80.26314595841018,"ADD":0,"ADD_S":0}}
{"id_image":10,"data":{"GT_R":[-0.4746667673722046,0.4915044746903167,0.7301470294600705,0.058008005417286686,-0.8102836803893958,0.5831604675247257,0.8782514464397778,0.3191613122847314,0.35610320343559376],"GT_T":[25.004139767360776,22.690073998764134,1016.9915352285518],"R_pred":[0.41719196891756605,0.5200866540889697,-0.745292381088942,0.46257520545078784,-0.8274115023503668,-0.3184562530089031,-0.7822883358281945,-0.21189638509622932,-0.5857686246380089],"T_pred":[29.863713310926897,22.403752238315057,1034.4051920845334],"rotation_error":165.7293583886909,"translation_error":18.081285360109455,"ADD":0,"ADD_S":0}}
{"id_image":11,"data":{"GT_R":[-0.47544360244785183,0.49249794247338213,0.728971109666603,0.057361324126159,-0.8094978347424246,0.5843143442062972,0.8778739959135421,0.319623632284683,0.3566206393687954],"GT_T":[24.72778335130872,22.80073505351674,1016.7307598973265],"R_pred":[0.5812133475613591,0.5289077968339518,-0.6184234690442898,0.5126876408374216,-0.8281720903720716,-0.22645611420606926,-0.6319354615378674,-0.1854387531693642,-0.7525091635813573],"T_pred":[25.047864799904104,20.575352485178716,1004.6952889639534],"rotation_error":152.97150271692604,"translation_error":12.243665313020669,"ADD":0,"ADD_S":1}}
{"id_image":12,"data":{"GT_R":[-0.4777607875936085,0.4896941064024637,0.7293445660128831,0.05810897458420796,-0.8107914332579715,0.582443983985168,0.8765655359522533,0.32065118767819184,0.3589085824938241],"GT_T":[22.597251696464564,22.990372610871567,1016.6676080392207],"R_pred":[0.40667646423167614,0.5252237028056455,-0.7474987059862706,-0.07166477354504855,-0.7973532683678279,-0.5992427935785957,-0.910757055241824,0.29726726599857844,-0.2866247702013408],"T_pred":[26.34781965166874,30.963621983059518,969.9450174094968],"rotation_error":175.89656801980146,"translation_error":47.546187446423716,"ADD":0,"ADD_S":0}}
{"id_image":13,"data":{"GT_R":[-0.47752292285708,0.49072526446891895,0.7288080911038566,0.059910561595113244,-0.8093756253388795,0.5842284745870633,0.8765739040635494,0.32264636099908595,0.35709563155194146],"GT_T":[20.69556269865035,22.47842512725428,1016.4013907302641],"R_pred":[0.79625405417201,0.49042484249992047,-0.3542075028476467,0.2179783672015282,-0.7787594996613133,-0.5882338592085776,-0.5643269554494036,0.3911740220748168,-0.7269924152334862],"T_pred":[14.407374839507742,27.133821905225172,952.8189835479824],"rotation_error":149.65959166313644,"translation_error":64.06197412510545,"ADD":0,"ADD_S":0}}
{"id_image":14,"data":{"GT_R":[-0.47582434287016234,0.4888048187374219,0.7312046476347982,0.06004396418140885,-0.8113566452978066,0.5814595902998912,0.8774880319019845,0.3205774989584119,0.35671378945840426],"GT_T":[20.719972351929968,21.961693451347465,1016.3518857450678],"R_pred":[0.7479188785965101,0.500343284043201,-0.4362040223929665,0.18582530049586055,-0.7886875514828754,-0.5860383125970263,-0.6372490162680223,0.35725137403348284,-0.6828507501765129],"T_pred":[16.51596198412731,25.621437879993145,947.2590297226284],"rotation_error":154.70161191477862,"translation_error":69.31731519464046,"ADD":0,"ADD_S":0}}
{"id_image":15,"data":{"GT_R":[-0.47644799811865585,0.48860331253001876,0.7309342028472519,0.05982624689755941,-0.8114156499100508,0.5813996444412106,0.8771642040576864,0.3207364410864557,0.35736689526024723],"GT_T":[21.659050140767306,21.203856596280026,1015.9008478296163],"R_pred":[0.19741898410099,0.48378947388807164,-0.8526274037770756,0.4825334558689371,-0.8050424220732317,-0.34506254886563,-0.8533388592368882,-0.343299349864761,-0.39237526387212374],"T_pred":[30.26086981490756,19.243973930150293,974.9129941847789],"rotation_error":177.6161392101361,"translation_error":41.92656184547014,"ADD":0,"ADD_S":0}}
{"id_image":16,"data":{"GT_R":[-0.47514666532803473,0.4879331233203963,0.7322278564924468,0.05917498742645149,-0.8125612849207828,0.5798651048490416,0.87791420673624,0.31885151714989707,0.3572123305148498],"GT_T":[22.863796493543987,19.735287288697947,1015.8435338359086],"R_pred":[0.2645642291769531,0.45533613503893666,-0.850102801293942,0.5953938613436784,-0.7705691599653014,-0.22744080457260585,-0.7586250183814589,-0.4459732882563404,-0.4749693754838916],"T_pred":[28.68402284952592,14.594465128292084,926.8500819562357],"rotation_error":170.82141979331837,"translation_error":89.33161570675546,"ADD":0,"ADD_S":0}}
{"id_image":17,"data":{"GT_R":[-0.4736374094044823,0.4884102402124526,0.7328867126608023,0.06100127004777158,-0.8119536809103615,0.58052621895997,0.878604098061309,0.3196667240068689,0.35477815796044593],"GT_T":[23.826027811514518,19.255553787838824,1015.9701010314784],"R_pred":[0.8641255151177297,0.4745779424586065,-0.16751976198131005,0.2908604095259023,-0.7425698331336673,-0.603316057378106,-0.41071561486379315,0.4726159322870878,-0.7797094742629869],"T_pred":[13.259352681524103,22.291539105162233,917.6197678285492],"rotation_error":139.2984242450843,"translation_error":98.96292169937664,"ADD":0,"ADD_S":0}}
{"id_image":18,"data":{"GT_R":[-0.47277304717376467,0.48951006942409736,0.732710717999215,0.060066701959376585,-0.811670682141969,0.5810196376540763,0.8791342814364023,0.3187020202378948,0.35433334114060017],"GT_T":[24.640777281506352,19.858380056370052,1016.5110462104121],"R_pred":[0.8788525084309128,0.3788536436921929,0.2899796287428499,0.45978548909595973,-0.5103388245657304,-0.7267403856657876,-0.1273403802471202,0.7720260363498225,-0.6227039639800771],"T_pred":[2.445415437910843,17.1514591793699,682.5691695900989],"rotation_error":122.83786904078124,"translation_error":334.68961511929075,"ADD":0,"ADD_S":0}}
{"id_image":19,"data":{"GT_R":[-0.47121657767168934,0.4886888927494996,0.7342603842665629,0.0590374952200013,-0.8131358550747689,0.5790732384063483,0.8800394679264659,0.3162187921720997,0.35431229762983035],"GT_T":[26.04777734002527,21.029340336751424,1017.0584500861064],"R_pred":[0.5632099517606443,0.47833070559555146,-0.6737909811820243,0.5886241038559563,-0.8045257442747882,-0.07912010590785631,-0.5799277667068076,-0.3520483814528338,-0.7346738885511683],"T_pred":[25.38514495269154,16.91789363793793,975.3015328565948],"rotation_error":151.96012695930187,"translation_error":41.96407049072111,"ADD":0,"ADD_S":0}}
{"id_image":20,"data":{"GT_R":[-0.470242246973825,0.48930603640299386,0.7344742448961136,0.06048054204138863,-0.8124060036523203,0.5799466879633409,0.8804625785927436,0.31713689185012056,0.352434278891636],"GT_T":[26.199211183192517,22.076914913992702,1017.877525043667],"R_pred":[0.8739683079594349,0.46981655155298424,-0.12430528777724864,0.30204284774103224,-0.7254910498418652,-0.6184115577249797,-0.38072235922127046,0.5029265796179502,-0.7759609144169438],"T_pred":[13.383591483251289,25.651082722546263,905.6101858231217],"rotation_error":137.4157798991173,"translation_error":113.05295325411986,"ADD":0,"ADD_S":0}}
{"id_image":21,"data":{"GT_R":[-0.47005869456683863,0.4877457562190554,0.7356277065344394,0.0621770673455602,-0.8130759710412123,0.57882792627752,0.8804413109568333,0.31782348182484266,0.35186696494648245],"GT_T":[25.956065552934728,23.414155265959593,1018.3428726182212],"R_pred":[0.22243609604604397,0.3632493107527694,-0.9047497562383943,0.7795135597147813,-0.6236256253069141,-0.05873405895518041,-0.5855602389136286,-0.6922001283575427,-0.42187461277637456],"T_pred":[30.484490522861876,10.13342865000938,830.940636302452],"rotation_error":167.87868212403222,"translation_error":187.9268009313926,"ADD":0,"ADD_S":0}}
{"id_image":22,"data":{"GT_R":[-0.4694805858855975,0.48614538661008094,0.7370552509858112,0.06570977993154152,-0.8132191264645502,0.5782365962418812,0.8804935263638185,0.3199032846050962,0.3498460448440068],"GT_T":[26.29521439420359,24.300874743347205,1018.6335886372713],"R_pred":[0.9016540256653279,0.43089700486474386,-0.0367122486385808,0.27328932847203397,-0.6335305381025087,-0.7238452874992352,-0.33516109700383306,0.6426249516554261,-0.688984913162145],"T_pred":[10.407095931117759,23.93055367696875,804.9592128526639],"rotation_error":136.7546987987967,"translation_error":214.2645754970496,"ADD":0,"ADD_S":0}}
{"id_image":23,"data":{"GT_R":[-0.4670807042435449,0.485192019404739,0.739204723858019,0.06655921737306919,-0.8143371681778406,0.5765638611785965,0.881705386556959,0.31850313843580974,0.3480673228739634],"GT_T":[26.967667014115783,24.37022622332022,1019.2232967831967],"R_pred":[0.8672987649327274,0.49363338733570195,-0.06417890037736157,0.3954709973240724,-0.7615814087862086,-0.5134164470161794,-0.3023169572181983,0.4199045566538838,-0.8557363032381151],"T_pred":[14.643608440069368,24.94662482221767,941.7737255186075],"rotation_error":130.28617161614002,"translation_error":78.42608459020515,"ADD":0,"ADD_S":0}}
{"id_image":24,"data":{"GT_R":[-0.4648918766732507,0.487815549007058,0.7388586287874693,0.06637541897067625,-0.8129704643145531,0.5785096443470739,0.8828754750062602,0.3179866568612964,0.3455651698828566],"GT_T":[27.918340530795415,24.471600215105923,1019.3811887595424],"R_pred":[0.848790226686559,0.5206328263018459,-0.09217706470881405,0.4095048260295184,-0.7576060424980311,-0.5082704809734729,-0.3344561982381473,0.3936680639160656,-0.856250259511004],"T_pred":[16.285501903332097,25.07306720824934,952.2476561975546],"rotation_error":131.51636755838814,"translation_error":68.13659729783923,"ADD":0,"ADD_S":0}}
{"id_image":25,"data":{"GT_R":[-0.46401513822033946,0.4855412453976263,0.7409044463629538,0.06723671389169102,-0.814680882969783,0.5759983254093559,0.8832717258738401,0.31708880022397395,0.3453779872687108],"GT_T":[28.063083381665432,24.693390382695654,1019.3693032330935],"R_pred":[0.7948589747411363,0.43408786972086966,-0.42398930603809504,-0.01352888216669798,-0.6858849985561121,-0.7275841793930111,-0.6066433710350652,0.5840629162315298,-0.539309123103191],"T_pred":[20.26933839920794,30.247001940201102,851.5657945856512],"rotation_error":159.25325990519985,"translation_error":168.0761808721732,"ADD":0,"ADD_S":0}}
{"id_image":26,"data":{"GT_R":[-0.46071509717391174,0.4850673026422298,0.7432713652560731,0.06824540395087504,-0.8156026200191295,0.5745736325011064,0.8849196729915662,0.31544013977730456,0.34265646780769754],"GT_T":[30.188597782520436,24.491005259694024,1019.6317787721557],"R_pred":[0.6530234010752687,0.516127151804119,-0.5542320820907587,0.22923112850504815,-0.8321921778937968,-0.5048854016276183,-0.7218126677832633,0.20265473649275306,-0.6617533758165963],"T_pred":[28.53312429690046,28.52555661776697,1018.334197951823],"rotation_error":158.41399752763095,"translation_error":4.549935505896151,"ADD":0,"ADD_S":1}}
{"id_image":27,"data":{"GT_R":[-0.46136621628690033,0.48604746543995603,0.7422251722217658,0.06736897123199863,-0.8149762165673514,0.5755655667764484,0.8846474494565445,0.3155503952004312,0.3432583040600309],"GT_T":[30.918700741536824,24.63026702257572,1019.9754344552186],"R_pred":[0.24264438079720008,0.4484195444979497,-0.8602578779527653,0.5668480494389148,-0.7851667411880349,-0.24939221595602995,-0.7872782184938442,-0.4271218803156926,-0.4447020418670754],"T_pred":[35.452122508344644,22.379217351305133,944.46844613306],"rotation_error":172.27536223384502,"translation_error":75.67644562888047,"ADD":0,"ADD_S":0}}
{"id_image":28,"data":{"GT_R":[-0.4619400089790318,0.4853393522452155,0.7423324043793261,0.0696269440706141,-0.8145583644753316,0.575887901381849,0.884173629573903,0.31771253886008505,0.34248452516804906],"GT_T":[29.003971347152582,25.85199965617776,1020.1357682426525],"R_pred":[-0.019792750836599038,0.44799166566977094,-0.8938186138723809,0.44247541611537505,-0.7977530684326595,-0.4096407547349287,-0.8965621858788413,-0.40360068049583425,-0.18243557097083207],"T_pred":[37.95628599402059,25.54269116810682,931.9531462907729],"rotation_error":171.0500039406938,"translation_error":88.63641702813486,"ADD":0,"ADD_S":0}}
{"id_image":29,"data":{"GT_R":[-0.4646555355037142,0.486069086658368,0.7401568985885499,0.06596658486792102,-0.8145467020670076,0.5763353700445618,0.883030631388208,0.31662314724003954,0.3464196274310118],"GT_T":[27.23731464865978,27.143371959300385,1020.5798170565729],"R_pred":[-0.26833501466424603,0.41920121500663765,-0.8673330739929715,0.408342546427266,-0.7659657170208752,-0.49654091989079063,-0.8724979568356793,-0.4874083110551718,0.03435773030789202],"T_pred":[39.21670993873427,27.880135352101394,913.5403845203737],"rotation_error":158.56815306430394,"translation_error":107.71020773113557,"ADD":0,"ADD_S":0}}
{"id_image":30,"data":{"GT_R":[-0.46187540204890626,0.48656141855552054,0.7415716585278735,0.07057081016582424,-0.8132850359227505,0.5775698199398487,0.8841324575140781,0.3190997499317101,0.3412995189202313],"GT_T":[28.13112614714625,28.52093054178922,1020.5803189513831],"R_pred":[0.32252737989986624,0.3770249340323466,-0.8682328537511307,0.7507724736975547,-0.6605132882365363,-0.007930245961676852,-0.5764692376467128,-0.6492876059042425,-0.4960935626130972],"T_pred":[33.1644037482946,16.163124002327503,910.1559035357544],"rotation_error":162.74323025511598,"translation_error":111.2276979252934,"ADD":0,"ADD_S":0}}
{"id_image":31,"data":{"GT_R":[-0.46087821875778556,0.48938632906731255,0.7403333073115439,0.06972560349348009,-0.8116658558359917,0.5799464618558013,0.8847195982249951,0.3189050509340562,0.33995589198859477],"GT_T":[29.474899813424287,29.683332708032097,1020.8384406170177],"R_pred":[0.8249996541464027,0.47554155188563907,-0.3053453832768941,0.14030364561604333,-0.6957401355711975,-0.7044576288054657,-0.5474399123969342,0.5383362296795281,-0.6407055845934755],"T_pred":[20.30815180212278,35.718665474885825,937.1374311320177],"rotation_error":150.34721142086394,"translation_error":84.41749522176914,"ADD":0,"ADD_S":0}}
{"id_image":32,"data":{"GT_R":[-0.4592275591525352,0.48964409704988715,0.7411873773839948,0.07203098309326661,-0.8110983111570805,0.5804579557011725,0.885393016958425,0.3199516716128546,0.33720950011227985],"GT_T":[29.948308051090244,30.114494577092948,1020.9690638773577],"R_pred":[0.8759215264197402,0.48240171594075665,0.007075592690738805,0.41638619314551895,-0.7484833866679225,-0.5161348254476731,-0.2436883618728934,0.45503978324925715,-0.8564781246174212],"T_pred":[16.834190565593545,30.188952163248583,948.5229199584833],"rotation_error":126.2382268460796,"translation_error":73.62356545339145,"ADD":0,"ADD_S":0}}
{"id_image":33,"data":{"GT_R":[-0.4597289788661939,0.4886853487522552,0.7415087907720781,0.07092135095134608,-0.8121071804872079,0.5791830956761389,0.8852220745109638,0.3188572214260666,0.3386908186147571],"GT_T":[30.163470956449295,30.6930008207419,1021.1944143432196],"R_pred":[0.7304953448166821,0.47872618023326075,-0.48702956333309716,0.05101772784298264,-0.7494222369731754,-0.6601238536637355,-0.6810093557704586,0.4573702603901932,-0.5718729773854607],"T_pred":[25.004131993885345,36.720196297596544,932.0550568105147],"rotation_error":160.37483826595277,"translation_error":89.49173663076523,"ADD":0,"ADD_S":0}}
{"id_image":34,"data":{"GT_R":[-0.46002890500407717,0.4880782192538848,0.7417231931033337,0.06813104017988568,-0.8134974423042828,0.5775640157558665,0.8852858519778635,0.31623078172008545,0.34097964963196],"GT_T":[30.66927816469008,29.91821032448354,1021.2185293123456],"R_pred":[0.5756129669580953,0.5223296167738724,-0.6291593468355678,0.2443841564724982,-0.8441251976510384,-0.4772096339721369,-0.780349983235038,0.12093147700849016,-0.613538492299889],"T_pred":[33.18631383323598,35.14000046363397,1056.4649519308005],"rotation_error":162.80350833578814,"translation_error":35.719922567284314,"ADD":0,"ADD_S":0}}
{"id_image":35,"data":{"GT_R":[-0.45804849399225905,0.48908881041695756,0.7422822459782149,0.0692456153246708,-0.8128627193096964,0.5783250434774926,0.8862252196289415,0.3163016276416887,0.33846327087392436],"GT_T":[31.841141934061614,29.315338861764776,1021.2523787165902],"R_pred":[0.5741168148324493,0.4468994598196564,-0.6860544845269527,0.6429611409551564,-0.7648630114867148,0.03981890105360872,-0.5069426537077808,-0.4639670747718775,-0.726459702515797],"T_pred":[29.618613911685262,19.34220333116185,907.355357476093],"rotation_error":148.55406154478058,"translation_error":114.35442497157815,"ADD":0,"ADD_S":0}}
{"id_image":36,"data":{"GT_R":[-0.45769312463964024,0.4890484526236919,0.7425288876153422,0.06883565270248573,-0.8131392253882188,0.577985266784332,0.8864411102094217,0.315653451536429,0.338504107201126],"GT_T":[31.85149821132893,29.02352538269936,1021.2794651344668],"R_pred":[0.5161744569366264,0.49132947058056514,-0.7015406483912394,0.6180640596883986,-0.7807222603081971,-0.09203026882909432,-0.5929255839712726,-0.3860933871465312,-0.7066619759644948],"T_pred":[30.926940218575645,21.471221637592095,953.0027500735891],"rotation_error":152.83334487154022,"translation_error":68.69935894056513,"ADD":0,"ADD_S":0}}
{"id_image":37,"data":{"GT_R":[-0.4585132929188449,0.48971402221723204,0.7415836437437876,0.06747297977536297,-0.8128784431549142,0.5785121579753738,0.8861217520107058,0.3152929442335356,0.33967317867171226],"GT_T":[29.652174974852183,28.933290533875287,1021.8521800164167],"R_pred":[0.7354431472555399,0.5300799545989143,-0.4220647093601629,0.41979566702678295,-0.8453978628205421,-0.33026360908219743,-0.5318787221730197,0.06570917189306977,-0.8442673330342249],"T_pred":[25.06585412460892,31.005282426619367,1043.3630171318764],"rotation_error":143.2983440619515,"translation_error":22.09170891426945,"ADD":0,"ADD_S":0}}
{"id_image":38,"data":{"GT_R":[-0.45624527064448656,0.4905330651325328,0.7424409303455152,0.06865375504030584,-0.8124485919889638,0.5789767931826353,0.8872017046265159,0.3151274800018748,0.3369993400456505],"GT_T":[27.752679047912704,28.872963594941307,1022.0105003452105],"R_pred":[0.6912916250580468,0.4866433973353125,-0.5341292848688871,-0.0036284197814029917,-0.7368544597055524,-0.6760416701520168,-0.7225667607179932,0.469279990029389,-0.5076155703517403],"T_pred":[24.97681089447253,35.91965527907319,947.7141407226198],"rotation_error":164.85045688174958,"translation_error":74.68139233347098,"ADD":0,"ADD_S":0}}
{"id_image":39,"data":{"GT_R":[-0.4563635883151984,0.4885339959037353,0.7436848033017429,0.06913292024421765,-0.8138008647624657,0.5770173797214466,0.8871035118684505,0.31474357929775776,0.3376162155890179],"GT_T":[29.005619701849255,29.45790584924435,1022.1001505045665],"R_pred":[0.8298297221942904,0.4800591529324659,-0.28447467699025486,0.22156296914371398,-0.7513448339548106,-0.6216034034604699,-0.5121449822727625,0.45279592552846737,-0.7298516061211693],"T_pred":[21.583993215632585,31.689892950794814,935.5093960119938],"rotation_error":145.37982231737195,"translation_error":86.93687980204606,"ADD":0,"ADD_S":0}}
{"id_image":40,"data":{"GT_R":[-0.45209230765542824,0.48735280724332203,0.7470603915185644,0.07128498773848184,-0.8151190203939588,0.5748917312233804,0.8891173701149317,0.3131585250216704,0.3337677578427233],"GT_T":[31.852482191980513,28.920775073862732,1021.9440407104241],"R_pred":[0.6856793724072235,0.4935042422376442,-0.5350676229680548,0.07406738082420203,-0.7785681034334375,-0.6231739174691947,-0.7241255563457752,0.387666443233753,-0.5704006551866967],"T_pred":[28.321318805014485,34.91494477817476,952.6402510134252],"rotation_error":161.83932485079762,"translation_error":69.65209581681944,"ADD":0,"ADD_S":0}}
{"id_image":41,"data":{"GT_R":[-0.45315335699786385,0.4886722886153839,0.7455546569224311,0.07173183576535846,-0.8136538736460897,0.5769077969543954,0.8885413011785359,0.31490816358357865,0.3336569390873444],"GT_T":[32.6895840022598,28.787733844820888,1021.658176862367],"R_pred":[0.3362347000874828,0.46877600101887706,-0.8168202295033035,0.5839320896794322,-0.7842471952899474,-0.20971325976786154,-0.7388975173186679,-0.4064546685038823,-0.5374244703692861],"T_pred":[35.928464478342924,25.843176237605732,962.0182407811636],"rotation_error":165.59435992561367,"translation_error":59.80035737360257,"ADD":0,"ADD_S":0}}
{"id_image":42,"data":{"GT_R":[-0.4517243891439579,0.49211827588041657,0.7441538375739091,0.06999521070837675,-0.8119848426874633,0.5794661007539331,0.8894072117992168,0.3138466309481932,0.3323475186137126],"GT_T":[32.13474981510066,29.87019415775562,1021.8151392853786],"R_pred":[0.7001584504426631,0.5069901463321032,-0.5027316737543814,0.17567520082230206,-0.8047998414978739,-0.5669527660581973,-0.692037837180723,0.3086392824109562,-0.6525530057114726],"T_pred":[27.748503120681093,37.27316113074583,1010.4798238415461],"rotation_error":156.86401891923097,"translation_error":14.231389822455021,"ADD":0,"ADD_S":1}}
{"id_image":43,"data":{"GT_R":[-0.4519749329498766,0.4922539012615378,0.743911917645429,0.06971476188492101,-0.8119105617435718,0.5796055679101327,0.8893013681319757,0.31382942149283233,0.33264613914572383],"GT_T":[30.799832253281725,31.51437767367984,1021.6461738258537],"R_pred":[0.29993535380001146,0.4294936228579973,-0.8518063227431307,0.7133768996555081,-0.6938044408758931,-0.09863466357617154,-0.633349968484058,-0.5780749309087896,-0.5144873095383802],"T_pred":[30.65405160311524,20.95110131482964,846.1011941532482],"rotation_error":163.51009309396224,"translation_error":175.86257119605315,"ADD":0,"ADD_S":0}}
{"id_image":44,"data":{"GT_R":[-0.45278071603394277,0.4937406779058269,0.7424350630053331,0.07224046509839273,-0.8096274021104287,0.5824824651941564,0.8886898604243434,0.317371161905269,0.33091555761543223],"GT_T":[27.532539322241618,33.24738896264793,1021.7658519736966],"R_pred":[0.9061410997046887,0.3943883476382164,-0.1528598661296469,0.3801721808129567,-0.6009822865332657,0.7030571841672397,0.18541148929313092,-0.6951820786818694,-0.6945102282311314],"T_pred":[7.599746958431531,9.963741062950112,693.6757661300264],"rotation_error":110.21762700791443,"translation_error":329.5186624454565,"ADD":0,"ADD_S":0}}
{"id_image":45,"data":{"GT_R":[-0.45663648269817747,0.4921192315385138,0.741148483454466,0.07070009414367946,-0.8103678162996947,0.5816403114417499,0.8868388673134124,0.3179991313693766,0.3352508752531682],"GT_T":[22.650415711000885,33.751994220650055,1022.1231895658608],"R_pred":[-0.14093101910187922,0.44901053518300205,-0.8823423299091913,0.4384141772001422,-0.7707818992732463,-0.4622642891059719,-0.8876550327040502,-0.4519787639341049,-0.08822550576659038],"T_pred":[32.92691749680185,33.858123310032575,936.448152962983],"rotation_error":166.2155553780092,"translation_error":86.28922093310165,"ADD":0,"ADD_S":0}}
{"id_image":46,"data":{"GT_R":[-0.45472714411249043,0.48987771366134325,0.7438026703341231,0.07369836138641014,-0.811580638810764,0.579574147625312,0.8875760893340312,0.31836586800063527,0.33294464271875923],"GT_T":[21.29333088465306,34.492167499344355,1022.0309043988158],"R_pred":[0.32612955562540913,0.47458734587734125,-0.8175612295606207,0.5925950634667327,-0.7764598422664287,-0.21433899342502188,-0.736526037355389,-0.41458046804051624,-0.5344646216700171],"T_pred":[25.18810892333029,30.73558947734462,954.5682352882338],"rotation_error":165.6922940822256,"translation_error":67.6793387817124,"ADD":0,"ADD_S":0}}
{"id_image":47,"data":{"GT_R":[-0.45516073452045974,0.4904233742413186,0.7431779402026847,0.07489675952664482,-0.8106024699167247,0.5807882776103729,0.8872528043393204,0.32001395818134537,0.3322236376974701],"GT_T":[20.673169702922223,35.649069551168196,1021.8769034941743],"R_pred":[0.05245762784454577,0.43934523706367745,-0.8967853477562979,0.5191639924250464,-0.7791238153605384,-0.3513329322840716,-0.8530632721259364,-0.4471485692781525,-0.26896321447791294],"T_pred":[28.21403865652719,34.55959927050958,942.1580417189133],"rotation_error":177.32565001975678,"translation_error":80.08213641512722,"ADD":0,"ADD_S":0}}
{"id_image":48,"data":{"GT_R":[-0.4565808433935176,0.49301103983301536,0.7405910423808609,0.07305736362885529,-0.808834038016457,0.5834814138143468,0.8866773537372511,0.3205125157901496,0.3332800878238357],"GT_T":[18.944845482465507,37.357448739057205,1022.0955140861695],"R_pred":[0.836909912937583,0.5334837159348825,-0.1223802372081239,0.49569625326642835,-0.833565121653194,-0.24383275510259228,-0.23209270157510764,0.1434026247863177,-0.9620647925581534],"T_pred":[8.5213675738686,37.42381508050704,1020.0190590797034],"rotation_error":124.12654690901016,"translation_error":10.628497617074727,"ADD":0,"ADD_S":1}}
{"id_image":49,"data":{"GT_R":[-0.45640019511123525,0.49432536894188206,0.7398255912366333,0.07374002806303896,-0.8076011383649013,0.5851012711232206,0.8867134824314832,0.32159543938383167,0.3321376507677562],"GT_T":[17.036505392041295,38.69910876424443,1022.3879307234731],"R_pred":[0.37999942105972573,0.4356111681248567,-0.8159922488597365,0.7017634487039217,-0.7104746346375291,-0.05247719123435979,-0.602601445449188,-0.5526922323875803,-0.5756759454771251],"T_pred":[18.635553156584894,27.59735949909008,856.8534443051678],"rotation_error":159.24820191086556,"translation_error":165.9140499905651,"ADD":0,"ADD_S":0}}
{"id_image":50,"data":{"GT_R":[-0.4592236198221281,0.49620581632793226,0.7368135096858813,0.07252492444863357,-0.805733680559867,0.5878221926578596,0.8853542910462223,0.3233796947614543,0.3340245548483339],"GT_T":[14.05084043165163,41.05841161220124,1022.7899754368902],"R_pred":[0.8135400653389403,0.5584222345256972,-0.16222567637597068,0.48680827922779646,-0.8066063698639199,-0.3352668539689261,-0.31807272967606903,0.19378021592070924,-0.9280511659138938],"T_pred":[4.917077512814951,37.31481331960383,957.8740548398671],"rotation_error":128.93329960458752,"translation_error":65.6621420621721,"ADD":0,"ADD_S":0}}
{"id_image":51,"data":{"GT_R":[-0.45820856128403775,0.49532383204445996,0.7380371062643606,0.07546079579055236,-0.8056567169012966,0.5875565498743919,0.8856352645209962,0.32491733699157016,0.33178135479117027],"GT_T":[10.985651775096105,42.02111025596429,1022.8530679529783],"R_pred":[0.8642820029360646,0.5003135690528954,-0.051989922315569204,0.3914072584994719,-0.7338443073341647,-0.5552232799398524,-0.3159382493379883,0.4595202555000093,-0.8300747902390805],"T_pred":[0.7944100440915719,41.15360817219269,939.03481730998],"rotation_error":130.4640096647244,"translation_error":84.43999709105638,"ADD":0,"ADD_S":0}}
{"id_image":52,"data":{"GT_R":[-0.4589500044681249,0.49555653693307444,0.7374200538401574,0.07400624498992314,-0.8057885178420023,0.587560950363064,0.885374024670699,0.32423542990151205,0.33314286370466406],"GT_T":[11.57439521364032,42.766354340299266,1023.2508095066238],"R_pred":[0.9000641779194838,0.41054580949060193,-0.14607057861126513,0.13542031322613093,-0.5821425299767469,-0.8017302623438938,-0.4141808957350157,0.7018277659810692,-0.5795618797903821],"T_pred":[0.2459332394545319,39.94846484305539,759.9181014562988],"rotation_error":145.16171425031726,"translation_error":263.59133081540625,"ADD":0,"ADD_S":0}}
{"id_image":53,"data":{"GT_R":[-0.4546829726093732,0.4976628406788287,0.738644375416489,0.07621400845902583,-0.8045467151470685,0.588979467910049,0.8873860714593157,0.32409539980621666,0.3278850168229157],"GT_T":[14.425612707770325,43.20874540267655,1023.3604512695842],"R_pred":[0.4684668697314528,0.4157627665399942,-0.7795383979785887,0.7460586636662291,-0.6587785886439421,0.0969909352097208,-0.4732179860619995,-0.627018415282443,-0.6187993572751342],"T_pred":[14.911359986154432,25.58549312765875,818.8780191236772],"rotation_error":151.88018340160602,"translation_error":205.24102910352224,"ADD":0,"ADD_S":0}}
{"id_image":54,"data":{"GT_R":[-0.455847141403966,0.49862406030764,0.7372778037094714,0.0756894961794977,-0.8036300678396044,0.5902970352700213,0.8868335407522672,0.32488988621735726,0.3285910789782261],"GT_T":[13.924459070547183,45.26337834789956,1023.5699225401523],"R_pred":[0.23671788438415187,0.475289805150315,-0.8473867147488607,0.5918902552865527,-0.7621927180255448,-0.26216061162129584,-0.7704742493487442,-0.43950183356728795,-0.46174405180952904],"T_pred":[17.632514439609096,42.03216784991412,952.236939287855],"rotation_error":170.21494233033079,"translation_error":71.50234188874416,"ADD":0,"ADD_S":0}}
{"id_image":55,"data":{"GT_R":[-0.4540347565494239,0.49840057288326317,0.7385452364565448,0.07900681516805493,-0.8031232135041504,0.5905516326266521,0.8874740107757465,0.32648226710603795,0.325269188291351],"GT_T":[11.565026449368544,47.573905407414934,1023.818868834454],"R_pred":[0.8531973960211735,0.510312015342035,-0.10786959914748465,0.40989082580518044,-0.7838856955147787,-0.466382597539894,-0.32255807902366296,0.3537016586967924,-0.8779814475783085],"T_pred":[0.36523806809375514,48.532858115136094,964.9620832242863],"rotation_error":129.88714525581412,"translation_error":59.9205812925928,"ADD":0,"ADD_S":0}}
{"id_image":56,"data":{"GT_R":[-0.45472712323720216,0.5001180765559594,0.7369566990054588,0.07858200535799507,-0.8016978997283225,0.5925414252964608,0.8871566638121368,0.32735681245761145,0.32525368403170857],"GT_T":[9.956888912080863,49.01347542831833,1024.1631603298815],"R_pred":[0.8571542941741024,0.4635412980107413,-0.2245350329401047,0.18846342411309022,-0.6879746745402505,-0.7008369175227616,-0.47934127065220067,0.5584087322291384,-0.6770610268061367],"T_pred":[1.635242267446773,49.1017631358548,886.1261062989604],"rotation_error":144.83552217989808,"translation_error":138.28769244995337,"ADD":0,"ADD_S":0}}
{"id_image":57,"data":{"GT_R":[-0.4545300270793265,0.49977480551158654,0.7373115478051546,0.07883688452768145,-0.8019386836807348,0.5921814515318823,0.8872356015392393,0.32729176970979923,0.3251046493591624],"GT_T":[11.591543295111206,48.10715632323129,1023.7897437548179],"R_pred":[0.809049267044794,0.41437185682932826,-0.416815604029045,-0.0888495587775559,-0.6148043401152282,-0.7836589687360904,-0.5809862643809375,0.6710525967785936,-0.46059024409706073],"T_pred":[6.125147130088214,47.68527105049618,807.205186123681],"rotation_error":161.04842582354993,"translation_error":216.65394083305202,"ADD":0,"ADD_S":0}}
{"id_image":58,"data":{"GT_R":[-0.4493660429399911,0.5004653158483863,0.7400036364000271,0.0786422578804994,-0.8029712438266805,0.5908073240492872,0.8898792112667523,0.3236847796209814,0.3214706690796794],"GT_T":[16.25472808576553,46.501957895293984,1023.8654642046894],"R_pred":[0.8422658288088698,0.47281360069422196,-0.2589122875019113,0.18583419450053698,-0.705533754005735,-0.6838770168041266,-0.5060177129066176,0.527891485967656,-0.682111906704183],"T_pred":[8.982118719507234,45.652539890660705,869.3380325763735],"rotation_error":145.8458327924301,"translation_error":154.70080634432588,"ADD":0,"ADD_S":0}}
{"id_image":59,"data":{"GT_R":[-0.4489636242393708,0.5017889081097318,0.7393507854872713,0.07645992895080471,-0.8028219907602264,0.5912957606810209,0.8902721103202398,0.3220012941780396,0.32207064774955685],"GT_T":[18.500528587039764,45.37891727401139,1023.8089915210566],"R_pred":[0.2665064454395303,0.4279347434772628,-0.8636238590174756,0.6895643275844557,-0.7106895093595126,-0.13936089627055645,-0.6734057860326006,-0.5583836285309453,-0.4844918685864922],"T_pred":[22.944670505741666,31.974391309094486,849.6990654098743],"rotation_error":165.68676758288848,"translation_error":174.68170506432278,"ADD":0,"ADD_S":0}}
{"id_image":60,"data":{"GT_R":[-0.44822770282601543,0.5039779509859171,0.738307152933982,0.0772114482938616,-0.8010074900155062,0.5936538048525456,0.8905779844985543,0.3230983423925315,0.32012083050124046],"GT_T":[18.034344226987578,45.26143433741942,1023.6595857927998],"R_pred":[0.8376877210856156,0.5198736877555012,-0.16736376764964211,0.37034641762251846,-0.7659359458247543,-0.525533688594467,-0.4014010624008798,0.3782505461635642,-0.8341484948319516],"T_pred":[7.95303298376804,46.46799563213378,961.631645742527],"rotation_error":134.79726308107175,"translation_error":62.85343247127246,"ADD":0,"ADD_S":0}}
{"id_image":61,"data":{"GT_R":[-0.4472278744164315,0.5043389845776743,0.7386675712330868,0.076566901761007,-0.8012422229199893,0.5934204191362026,0.891136522632468,0.32195265708536613,0.31972252341567325],"GT_T":[17.169047428949444,44.824764676222124,1023.6026065898175],"R_pred":[0.7448790331992452,0.5021741622615639,-0.4392907199760237,0.09875121358796948,-0.7341376886813923,-0.6717812529927032,-0.6598510617670172,0.45701527853501744,-0.5964340797359757],"T_pred":[12.147428139163049,49.87071509544347,940.3837772790256],"rotation_error":156.83804962667315,"translation_error":83.52276233329157,"ADD":0,"ADD_S":0}}
{"id_image":62,"data":{"GT_R":[-0.4441652768451419,0.5025241190756432,0.7417463148303928,0.0787791814000399,-0.8027810181664423,0.5910479973245664,0.8924736990622881,0.3209580025107756,0.31697932433690484],"GT_T":[18.069544549608356,44.45512553100351,1023.5349938118354],"R_pred":[0.7647628799845284,0.5087845384220053,-0.39531763287320854,0.2326886664921562,-0.7902359584243385,-0.566906618852937,-0.6008275308970721,0.3415632056821607,-0.7227315232091747],"T_pred":[13.5466368751134,44.80555261263085,936.9495817273427],"rotation_error":149.0519496112156,"translation_error":86.70416990441099,"ADD":0,"ADD_S":0}}
{"id_image":63,"data":{"GT_R":[-0.4422302645961136,0.504327464093661,0.7416777193765742,0.075941245658288,-0.8029085485579013,0.5912451970555498,0.8936800834055572,0.3177905194563206,0.3167714714117552],"GT_T":[21.483402172475362,44.99396215502132,1023.5316133317793],"R_pred":[0.8539091611103864,0.43995256399462523,-0.2779943992355072,0.07291407281643827,-0.6300409837201312,-0.7731312287175368,-0.5152889311416212,0.6399141350740146,-0.570076501160503],"T_pred":[11.439089003178442,43.63454974368365,810.786047302028],"rotation_error":150.77175802884778,"translation_error":212.98688244693918,"ADD":0,"ADD_S":0}}
{"id_image":64,"data":{"GT_R":[-0.44045937463550094,0.5082592771999891,0.7400462538568996,0.07614665244797302,-0.8001935758755397,0.5948885692904676,0.8945373652378431,0.3183769088971164,0.31375076547613945],"GT_T":[24.591567191763193,44.80630666989856,1023.3699424386042],"R_pred":[0.8397474833302484,0.5419778209954074,0.03292728032473349,0.5132745861853831,-0.7725675814920142,-0.37374928923518164,-0.1771252760526771,0.33075576121460076,-0.9269451240535294],"T_pred":[11.131459934561711,42.64756604663166,978.5051070461385],"rotation_error":119.30979410831537,"translation_error":46.890170646383375,"ADD":0,"ADD_S":0}}
