{"id_image":1,"data":{"Best_template_id":37,"GT_R":[-0.47277542744141343,0.48881925019410305,0.7331710489937457,0.06021337096751788,-0.8121640990204085,0.5803140937501563,0.8791229665015575,0.31850569387414823,0.3545377648411142],"GT_T":[28.351429548951963,19.906373804918406,1016.2829378198334],"R_pred":[0.38482468999279607,0.4304861507602171,-0.8164506304582047,0.6661716311184984,-0.7417991111449869,-0.07713259101979256,-0.6388468641739331,-0.5142137227925359,-0.572240274209159],"T_pred":[30.073668177446333,11.881726306690643,922.9324992579617],"rotation_error":161.85800441743922,"translation_error":93.71054077881563,"ADD":0,"ADD_S":0}}
{"id_image":24,"data":{"Best_template_id":37,"GT_R":[-0.4648918766732507,0.487815549007058,0.7388586287874693,0.06637541897067625,-0.8129704643145531,0.5785096443470739,0.8828754750062602,0.3179866568612964,0.3455651698828566],"GT_T":[27.918340530795415,24.471600215105923,1019.3811887595424],"R_pred":[0.7896003728131037,0.5821651027606434,-0.19394598315277592,0.5290497646274628,-0.8059984687757484,-0.2654671634661715,-0.31086588394520476,0.10700589450510818,-0.9444110020219629],"T_pred":[8.691890995382769,21.553466818184553,802.0038272432475],"rotation_error":128.91669903902454,"translation_error":218.24547913770388,"ADD":0,"ADD_S":0}}
{"id_image":38,"data":{"Best_template_id":37,"GT_R":[-0.45624527064448656,0.4905330651325328,0.7424409303455152,0.06865375504030584,-0.8124485919889638,0.5789767931826353,0.8872017046265159,0.3151274800018748,0.3369993400456505],"GT_T":[27.752679047912704,28.872963594941307,1022.0105003452105],"R_pred":[-0.468052747758156,0.4365727364993178,-0.7683299233151976,0.19814262334076527,-0.7954623862544067,-0.5726945895240192,-0.861200398357827,-0.4202901828498287,0.2858146883356033],"T_pred":[42.8098765227969,32.9289572015357,939.8720240793467],"rotation_error":143.834170651865,"translation_error":83.60561920835384,"ADD":0,"ADD_S":0}}
{"id_image":49,"data":{"Best_template_id":128,"GT_R":[-0.45640019511123525,0.49432536894188206,0.7398255912366333,0.07374002806303896,-0.8076011383649013,0.5851012711232206,0.8867134824314832,0.32159543938383167,0.3321376507677562],"GT_T":[17.036505392041295,38.69910876424443,1022.3879307234731],"R_pred":[-0.8926838636529555,0.4311782977254292,-0.13115180190997225,-0.2709728631596458,-0.7460284448804768,-0.6082888021822213,-0.36012390507253933,-0.5074710188767617,0.7828051724378723],"T_pred":[24.266842092087078,41.76476969872355,836.5608403803895],"rotation_error":103.66215375174033,"translation_error":185.99296640232868,"ADD":0,"ADD_S":0}}
{"id_image":61,"data":{"Best_template_id":37,"GT_R":[-0.4472278744164315,0.5043389845776743,0.7386675712330868,0.076566901761007,-0.8012422229199893,0.5934204191362026,0.891136522632468,0.32195265708536613,0.31972252341567325],"GT_T":[17.169047428949444,44.824764676222124,1023.6026065898175],"R_pred":[0.8017121622451823,0.5062472406600828,-0.3177598782606235,0.21270951278676642,-0.7384748362183855,-0.6398512166451237,-0.5585805869148788,0.4453859535237733,-0.69972786161875],"T_pred":[10.059655566121268,46.69789719118178,934.8837366686294],"rotation_error":147.55218314601143,"translation_error":89.02297432781351,"ADD":0,"ADD_S":0}}
{"id_image":74,"data":{"Best_template_id":37,"GT_R":[-0.44002793097164267,0.512297167866523,0.7375137824043263,0.08152316875678793,-0.795117708715018,0.6009506633683168,0.8942752312283857,0.3245609379353344,0.3081101343601492],"GT_T":[14.941155603596494,55.14422659849376,1022.3840144655011],"R_pred":[0.852875839563592,0.5129045619744349,0.09763049008640273,0.48490730222434236,-0.7088035130967753,-0.5123109290959736,-0.193565778324084,0.48427935133297034,-0.8532325587636169],"T_pred":[0.14713141120567216,49.92421917403208,904.2647781717396],"rotation_error":120.80042628433762,"translation_error":119.15647532525428,"ADD":0,"ADD_S":0}}
{"id_image":81,"data":{"Best_template_id":128,"GT_R":[-0.4393620610894203,0.5053001419187851,0.7427195672678776,0.07561109931589306,-0.8030610967330938,0.591081019731844,0.8951217776644926,0.31585718136622803,0.31462839282608274],"GT_T":[4.860016808258022,38.98947216609026,1018.0823215264523],"R_pred":[-0.8960724244331567,0.43701966129550845,-0.07789753405367665,-0.3047386658379663,-0.7331993061866293,-0.607908811377777,-0.3227825207686763,-0.5209919318459783,0.7901764684155144],"T_pred":[13.955898223307624,40.12289958164839,802.85710341591],"rotation_error":102.76094811052869,"translation_error":215.42031990309894,"ADD":0,"ADD_S":0}}
{"id_image":88,"data":{"Best_template_id":37,"GT_R":[-0.4370260463037473,0.4920766679905716,0.7529073342575177,0.07785854198468539,-0.8132375441004236,0.5767006028349323,0.8960721625336109,0.31065393652995993,0.3170936259731642],"GT_T":[-6.471716643565739,34.349060233673406,1018.6194468090652],"R_pred":[-0.4087419947791825,0.39181573554261945,-0.8242635568100356,0.44343988654438754,-0.7041165260736681,-0.5545998419864993,-0.7976785372099686,-0.5921995838322966,0.11405526810901434],"T_pred":[8.159880646593093,32.47235727212523,832.5268093480436],"rotation_error":155.81387726046455,"translation_error":186.67639210801798,"ADD":0,"ADD_S":0}}
{"id_image":119,"data":{"Best_template_id":37,"GT_R":[-0.4178082274230773,0.5081567694774545,0.7531350588570916,0.07104220054099793,-0.8081440240176901,0.5846843236179613,0.9057534533210112,0.29779118937950505,0.30154906720494473],"GT_T":[-10.891343968119584,28.31122152655784,1012.5990981352586],"R_pred":[-0.3331239411147525,0.45805025827401047,-0.8241470747089301,0.3499128590276692,-0.7515962108809353,-0.5591637746461255,-0.8755509299539674,-0.4746504995094105,0.09009701644455026],"T_pred":[3.4405297816315246,30.13497306573177,878.1029722727011],"rotation_error":157.71664755953304,"translation_error":135.26986562753862,"ADD":0,"ADD_S":0}}
{"id_image":246,"data":{"Best_template_id":128,"GT_R":[-0.34375404797108705,0.5909588002915291,0.7297947859306619,0.048434718389075024,-0.7649625363155488,0.6422512289891316,0.9378094119921127,0.25612465967691683,0.23433545738631273],"GT_T":[-14.097900427420587,0.7529363010857786,975.78163262581],"R_pred":[-0.8264899993958995,0.5301910865868532,-0.18923977542371445,-0.2738705596345802,-0.6723762128814986,-0.6876809906610589,-0.4918426551896529,-0.5165342583556153,0.7009159453750549],"T_pred":[-1.9103029649345908,12.029863717474342,766.5233563603038],"rotation_error":117.08309279557706,"translation_error":209.9160137042265,"ADD":0,"ADD_S":0}}
{"id_image":483,"data":{"Best_template_id":37,"GT_R":[-0.2695489685058499,0.6487145536228078,0.7116966963733297,0.14210933631819223,-0.7041639206202415,0.6956716004678116,0.9524429531338365,0.28865720159253955,0.09761829968386934],"GT_T":[-8.544962814237621,54.794646720085495,930.1998459618046],"R_pred":[0.7744626489801499,0.5883482084355461,-0.23249514181017092,0.22588902377533263,-0.6004690443961936,-0.7670795758327483,-0.590916029798207,0.5415563796619934,-0.5979422491971271],"T_pred":[-14.978119334032051,53.61925599591915,781.7033217790938],"rotation_error":140.17987384235556,"translation_error":148.64045458928416,"ADD":0,"ADD_S":0}}
{"id_image":518,"data":{"Best_template_id":37,"GT_R":[-0.26562275161439863,0.6487635938817014,0.7131268645347119,0.15557057658126622,-0.7011610562567812,0.6958247443983465,0.9514414237266116,0.29576914642693186,0.0853156083314038],"GT_T":[-23.891521857891888,62.39517536285518,920.1083166860141],"R_pred":[0.7717073660086665,0.5637268151903035,-0.2944143662992066,0.09143912048713654,-0.5564709123268817,-0.8258202049953893,-0.6293700250985146,0.6103705444805518,-0.48097938618823344],"T_pred":[-25.79792186473626,59.81078751447325,742.3093362560526],"rotation_error":147.07431396492723,"translation_error":177.82798110384874,"ADD":0,"ADD_S":0}}
{"id_image":526,"data":{"Best_template_id":37,"GT_R":[-0.2656026495704994,0.6466434070027466,0.7150574329110431,0.15841568929806668,-0.7023426354279841,0.6939880687917893,0.9509778052896404,0.29760256713697325,0.08410507352883595],"GT_T":[-31.567077431244996,64.6022740758081,915.9755827527108],"R_pred":[0.7609234831991574,0.5422373866786847,-0.3563342099826125,-0.002787452230519849,-0.5464482486200646,-0.8374882337621984,-0.6488356362177747,0.6382577285610685,-0.41429384391508983],"T_pred":[-32.362540652912955,63.314143539050605,750.0473024938229],"rotation_error":152.00934883795165,"translation_error":165.93518684019008,"ADD":0,"ADD_S":0}}
{"id_image":528,"data":{"Best_template_id":128,"GT_R":[-0.2665467434109717,0.6477517213675186,0.7137015746958144,0.15749872244261395,-0.7012644276586575,0.695285710781065,0.950865832677841,0.2977346688032769,0.08489930683538048],"GT_T":[-33.56795321710873,65.90114821492595,914.8106094236939],"R_pred":[-0.7190277402607687,0.6146599837599437,-0.3243334905613643,-0.2773007321706824,-0.6816590438566786,-0.6770858526553353,-0.6372624362639746,-0.39690559619716204,0.6605774254652363],"T_pred":[-20.8104437104388,67.8029696213045,814.6253198744351],"rotation_error":132.3043067832644,"translation_error":101.0121934003185,"ADD":0,"ADD_S":0}}
{"id_image":537,"data":{"Best_template_id":175,"GT_R":[-0.26237848930572166,0.6475218488108846,0.7154532477922912,0.1577133399386161,-0.7026836496747844,0.6938035749714953,0.9519887174177665,0.2948760539846525,0.08224628276500165],"GT_T":[-36.04194075743682,61.507554894603196,910.644046782065],"R_pred":[-0.8113481459532744,0.560881079155554,-0.16470155161225808,-0.34270010774173487,-0.6846382062958076,-0.6432939939357918,-0.473572404402946,-0.46549214979993,0.7476939455837882],"T_pred":[-19.618522292932003,56.635052279159886,695.9747493027795],"rotation_error":122.94475331183752,"translation_error":215.3517523403227,"ADD":0,"ADD_S":0}}
{"id_image":541,"data":{"Best_template_id":37,"GT_R":[-0.25716463693749647,0.6497009658682873,0.7153706534850008,0.1562274508794243,-0.7025784052715001,0.6942450480822545,0.9536556322435686,0.29029663622205026,0.07917727444328426],"GT_T":[-32.74570217104951,58.24475583200718,909.815962590506],"R_pred":[0.7516150024424991,0.5831262933955896,-0.3082833340517831,0.10943259730535979,-0.5711409494326983,-0.8135247522528856,-0.6504609094714037,0.5777211627003435,-0.4930911309461953],"T_pred":[-35.267504079345855,59.6709513041805,807.4616229127663],"rotation_error":146.7740575297146,"translation_error":102.39533372793734,"ADD":0,"ADD_S":0}}
{"id_image":553,"data":{"Best_template_id":37,"GT_R":[-0.2434067857945097,0.648616683815547,0.7211442470981504,0.14827398139662132,-0.7098835303787817,0.6885356542851201,0.9585231824987467,0.27452230134846145,0.0766170372091867],"GT_T":[-29.2971996558332,47.68836170104024,907.0761260371299],"R_pred":[0.7292025038294363,0.5869881873821646,-0.3517222999508002,0.10789803100741566,-0.6061884198454506,-0.7879680288882274,-0.6757379102237809,0.5366381159767504,-0.5053689831868601],"T_pred":[-32.27583036023828,50.02776162285114,807.7778423181556],"rotation_error":147.4443652925036,"translation_error":99.37048949462465,"ADD":0,"ADD_S":0}}
{"id_image":554,"data":{"Best_template_id":37,"GT_R":[-0.24295372185002742,0.6482732388086532,0.7216059194254053,0.1475998073393459,-0.7105276058388927,0.6880158725301779,0.9587426981965268,0.2736656528002501,0.0769403135294969],"GT_T":[-29.719808896424272,47.25840050505214,906.4747270514592],"R_pred":[0.8077309223233556,0.5433262443567553,-0.22883913414415114,0.13576376339363508,-0.549148434490652,-0.8246236701948733,-0.5737063340001209,0.6350059756330249,-0.517328187167964],"T_pred":[-33.44678424323487,47.56611701164103,747.5207807158698],"rotation_error":142.29499475782697,"translation_error":158.99793108824278,"ADD":0,"ADD_S":0}}
{"id_image":565,"data":{"Best_template_id":37,"GT_R":[-0.24238001091260844,0.6520414338369946,0.7183966503596312,0.14123631119776486,-0.7088736143381789,0.6910503369678868,0.9598451193751829,0.26896089726611205,0.07972509927592798],"GT_T":[-32.78306653555335,46.95335447173501,898.6948072476275],"R_pred":[0.8715770138905868,0.48996362544751304,0.017004546330237097,0.29272936373721525,-0.4922750458506357,-0.8197406899982211,-0.39327220657398754,0.7194448727811491,-0.5724823548069784],"T_pred":[-36.817100771833445,40.5292289201934,661.1649828083335],"rotation_error":129.99182503661225,"translation_error":237.65092114166794,"ADD":0,"ADD_S":0}}
{"id_image":574,"data":{"Best_template_id":175,"GT_R":[-0.2361709557230907,0.6588784689279057,0.7142152764723819,0.13277722535638975,-0.7062312363528752,0.6954193227265127,0.9625969470847173,0.25906946518358803,0.07930773607303118],"GT_T":[-28.466863156852174,42.20052711392639,890.6240872953563],"R_pred":[-0.8020114715252795,0.5970517342271858,0.017516455068467426,-0.5441715026732677,-0.7182579932662945,-0.4335698684034599,-0.2462823079723218,-0.3572599638433974,0.9009496895023835],"T_pred":[-16.587988439093348,44.41237505274973,696.0464151663527],"rotation_error":105.34843869418252,"translation_error":194.95248248485242,"ADD":0,"ADD_S":0}}
{"id_image":575,"data":{"Best_template_id":37,"GT_R":[-0.23741452983309586,0.6597438146296428,0.7130021559586895,0.12973745169639456,-0.7058777277721536,0.6963517415966266,0.9627054161783594,0.2578274760580744,0.08199239633491309],"GT_T":[-27.95945597994961,41.55294737353551,889.7695217289184],"R_pred":[0.8944364502284964,0.4360823947141778,0.09907361668474067,0.30026991812764164,-0.4214717097740861,-0.8556866097630182,-0.33139313929269304,0.7951061205150269,-0.5079220849198006],"T_pred":[-31.96438472943051,32.66787122808033,579.2474282469332],"rotation_error":129.38604127859114,"translation_error":310.6749983066448,"ADD":0,"ADD_S":0}}
{"id_image":584,"data":{"Best_template_id":37,"GT_R":[-0.23703752405664133,0.6657583116259369,0.7075159987207007,0.12338718217468811,-0.7017429804873297,0.7016646740256987,0.9636325230562901,0.25362033297065967,0.08419298839015843],"GT_T":[-30.540727465612193,42.87093118255395,881.1775911997721],"R_pred":[0.8203797360810674,0.5502666194573491,0.15551120904468368,0.48182726780384555,-0.5187638219732946,-0.7062057639331056,-0.3079278691970566,0.6542864392012424,-0.69071678917565],"T_pred":[-39.218170938971966,36.50298256179602,708.2526661129914],"rotation_error":119.30974284050822,"translation_error":173.2595697534156,"ADD":0,"ADD_S":0}}
{"id_image":592,"data":{"Best_template_id":37,"GT_R":[-0.23850659082038903,0.6679104394570451,0.704990230359866,0.12582044322529354,-0.6985690850258846,0.7043941608339267,0.9629553223988413,0.2567050581901116,0.08257678068492792],"GT_T":[-33.04340748117874,54.971695632135535,876.9225850991498],"R_pred":[0.47658899193730075,0.7078168003859377,-0.5214003354962484,0.4366858759786352,-0.7053499754221574,-0.558378776363083,-0.762999592716116,0.03842901590433184,-0.6452556332583742],"T_pred":[-35.53458248500346,56.727781165250256,908.7246759803405],"rotation_error":144.70050216309102,"translation_error":31.947813285337812,"ADD":0,"ADD_S":0}}
{"id_image":597,"data":{"Best_template_id":37,"GT_R":[-0.23645533267126762,0.6697622444312955,0.7039235714708296,0.12479133860804632,-0.6975339786454541,0.7056021472981342,0.9635953006746912,0.25468739348608166,0.08135514362975477],"GT_T":[-31.22711103774791,55.220580669282896,874.7818625180076],"R_pred":[0.7520305329388052,0.5707910800354372,-0.32961738497803095,0.04654042939924419,-0.5448162388517291,-0.8372629541039001,-0.6574831297904992,0.6143067709503409,-0.4362833084194889],"T_pred":[-34.17255812107758,55.00764272175178,730.9039451960737],"rotation_error":150.75498158545116,"translation_error":143.90822107853137,"ADD":0,"ADD_S":0}}
{"id_image":606,"data":{"Best_template_id":175,"GT_R":[-0.23164246724363496,0.6695097889228008,0.7057618049251327,0.1181350400774827,-0.7007641917424414,0.7035433579943852,0.9656013338861141,0.2463465918680635,0.08323421815257219],"GT_T":[-31.027234344381245,51.688839044422096,868.1437796148058],"R_pred":[-0.7840076250896171,0.5899435783392901,0.19312850172248594,-0.613756479164882,-0.690127840445684,-0.3834404101355313,-0.09292485181299057,-0.41915407455732845,0.9031471827435013],"T_pred":[-19.199356779117235,50.47148209557646,646.0727340460729],"rotation_error":97.57315250320488,"translation_error":222.3891407547365,"ADD":0,"ADD_S":0}}
{"id_image":610,"data":{"Best_template_id":37,"GT_R":[-0.22935014285681568,0.6719455771123911,0.7041931243412585,0.11199474486002294,-0.700454943062663,0.7048549689431762,0.9668786082431101,0.2405252161831375,0.08539496249514511],"GT_T":[-27.343805015650993,48.11932443388903,863.2526977830215],"R_pred":[0.7929307025375214,0.5841380787901732,-0.17333091438251313,0.24034416967186056,-0.5612549215445022,-0.7919770155420034,-0.5599067610576752,0.5863238166315607,-0.5854304407634636],"T_pred":[-34.05489332709261,46.87107733620686,748.8236855862323],"rotation_error":138.5867006090137,"translation_error":114.63243720463149,"ADD":0,"ADD_S":0}}
{"id_image":613,"data":{"Best_template_id":128,"GT_R":[-0.2309166899435525,0.6746302120161638,0.7011069542803564,0.11035032748479362,-0.6977731365945531,0.707767770269098,0.9666950539867969,0.24080369423849526,0.08668180553472343],"GT_T":[-27.2092790066715,48.65959960504224,859.0499058804588],"R_pred":[-0.7852000351301746,0.5670730053813839,-0.2487752226394294,-0.22897040153481163,-0.6391440677138145,-0.7342121055439133,-0.5753550730223553,-0.5195412084464177,0.6316988781638576],"T_pred":[-13.718351433061738,46.86597641942592,693.4003119071526],"rotation_error":131.9137483256657,"translation_error":166.20773205374522,"ADD":0,"ADD_S":0}}
{"id_image":621,"data":{"Best_template_id":37,"GT_R":[-0.22765134202990242,0.6797902880204458,0.6971804308165634,0.10593402137224772,-0.6944407451477638,0.7117102637796213,0.9679630134971428,0.2358774800526643,0.0860773719854851],"GT_T":[-23.397005794653985,50.25834106095062,850.4196394084364],"R_pred":[0.6544681925404303,0.6306979602552761,-0.4170029590814635,0.07853698447693969,-0.605249618204003,-0.792152031956731,-0.7519995525411778,0.485688153647732,-0.4456497395759654],"T_pred":[-27.987420842458317,52.71272732394355,789.280740635835],"rotation_error":154.0159916718862,"translation_error":61.3600917972381,"ADD":0,"ADD_S":0}}
{"id_image":790,"data":{"Best_template_id":37,"GT_R":[-0.11670868496501127,0.7362212897069574,0.6666015433182204,0.12937893558265315,-0.6541984315172834,0.7451750011884298,0.9847031412793363,0.1732135396311368,-0.01890119520161187],"GT_T":[12.211060273736237,52.223774294137634,767.8940346031118],"R_pred":[0.7222824592311022,0.6891543770274465,-0.058088671107049045,0.4425846525346734,-0.5251287653740095,-0.7268828001249794,-0.5314384954327577,0.49930554212894585,-0.6843004465667739],"T_pred":[-7.901341905105499,48.64724186517993,787.1054173126658],"rotation_error":126.17093360108943,"translation_error":28.042423775983007,"ADD":0,"ADD_S":0}}
{"id_image":844,"data":{"Best_template_id":37,"GT_R":[-0.046954019762365004,0.7673800598726812,0.6394719639309906,0.1363160701891623,-0.6292651759705397,0.7651424198603461,0.9895520152835453,0.1230968964986483,-0.07506001720862278],"GT_T":[-32.01535666807676,62.33543543133526,772.76077044652],"R_pred":[0.6517843868900177,0.6622199659571137,-0.36965095657141667,0.016587659356345097,-0.4997373075669327,-0.8660181712775032,-0.758222897678171,0.5583254786533678,-0.33670565383284823],"T_pred":[-52.342051719829975,66.72446182528472,818.803148813349],"rotation_error":151.70330775855547,"translation_error":50.52067586729215,"ADD":0,"ADD_S":0}}
{"id_image":978,"data":{"Best_template_id":128,"GT_R":[0.12434674922413828,0.835141714813921,0.5357955751283309,0.1373562134172642,-0.5492753303615642,0.8242754081238766,0.9826852643818904,-0.028900615729336644,-0.1830123839330955],"GT_T":[13.216724985234126,33.013202254962614,782.6558284183662],"R_pred":[-0.6641648102263046,0.7376109288619686,-0.12171779853596082,-0.40337275888589996,-0.49066003127257174,-0.7723620595940587,-0.6294247550309999,-0.463878056535317,0.6234112819152235],"T_pred":[5.318326175386307,33.37774131565561,837.4404952800545],"rotation_error":146.80071788224262,"translation_error":55.35230180970201,"ADD":0,"ADD_S":0}}
{"id_image":1026,"data":{"Best_template_id":37,"GT_R":[0.14726583347736402,0.8173692123661385,0.5569748958196615,0.14557314524915754,-0.5748935433011182,0.8051752369769156,0.9783252127829446,-0.03749284676210063,-0.20364936944095297],"GT_T":[-9.601905949586818,47.14394740168278,777.452017536468],"R_pred":[0.7702808392908543,0.6224864798841132,-0.13848469584348377,0.16777638559458205,-0.40733069851745535,-0.8977375933323166,-0.615238582224973,0.668275605126184,-0.41819756399940655],"T_pred":[-31.144560647478208,42.47935658956144,741.5329599166861],"rotation_error":136.92534978217327,"translation_error":42.14288883275948,"ADD":0,"ADD_S":0}}
{"id_image":1028,"data":{"Best_template_id":37,"GT_R":[0.15018166855937498,0.815957188937566,0.558264954425254,0.14487849166767458,-0.5767370510088342,0.8039807236018602,0.9779853765975626,-0.03986125234349656,-0.20482982741218847],"GT_T":[-9.802712696481406,47.122942281782,776.3037935531532],"R_pred":[0.6831160356813699,0.6552537153350346,-0.3224826357102084,-0.020564646049720747,-0.42413569747184166,-0.9053651227338749,-0.7300202580256381,0.6251011747467029,-0.2762588355192878],"T_pred":[-27.741311872923983,45.95747801851605,769.6938393846635],"rotation_error":148.8328018586279,"translation_error":19.15314964885804,"ADD":0,"ADD_S":0}}
{"id_image":1035,"data":{"Best_template_id":37,"GT_R":[0.15152334425581193,0.80967902342889,0.5669762397685689,0.13819800850680286,-0.5853185805471602,0.7989396965502229,0.9787444556070081,-0.0427023961932107,-0.20058566364130065],"GT_T":[-19.178634485839662,44.51284038369504,773.0882890835583],"R_pred":[0.6910954740162819,0.669347136444929,-0.2726929715397592,0.09530428008932229,-0.4583912887980698,-0.8836257808318523,-0.7164524687590004,0.5846809705189814,-0.3805837919855698],"T_pred":[-40.42686445506205,43.848460666400236,808.5043116231475],"rotation_error":142.2920066949747,"translation_error":41.3064562720939,"ADD":0,"ADD_S":0}}
{"id_image":1040,"data":{"Best_template_id":37,"GT_R":[0.1536865015604991,0.805149762850436,0.5728126568907494,0.13370990627936732,-0.5913129554385849,0.7952807358401975,0.9790306217881363,-0.045632897524603526,-0.19853323308023957],"GT_T":[-24.005029062799174,42.35915307419994,772.2050785016844],"R_pred":[0.31961045766232576,0.7995014232817969,-0.5085731309489915,0.7237062157993203,-0.5524196535985437,-0.41362040511983045,-0.6116358954200666,-0.2358601290774813,-0.7551632478777337],"T_pred":[-44.35785533913395,34.13750665649921,938.9435596052717],"rotation_error":118.10331941957071,"translation_error":168.17715090934232,"ADD":0,"ADD_S":0}}
{"id_image":1046,"data":{"Best_template_id":37,"GT_R":[0.15966916503358758,0.8041802077049811,0.5725381835052561,0.1296920336949523,-0.5920406597923592,0.7954050318296468,0.9786139518730251,-0.052747401585450354,-0.1988263821798955],"GT_T":[-22.97650412438705,40.322694183980175,768.845992045451],"R_pred":[0.05791894499442252,0.7462481730034455,-0.6631433179183462,0.6656720959739469,-0.5239033026231088,-0.53141884624301,-0.7439933174783128,-0.4106567834452747,-0.5271005120069563],"T_pred":[-33.234147615024646,29.476457735724324,875.378052391898],"rotation_error":134.35153464460743,"translation_error":107.57295188257837,"ADD":0,"ADD_S":0}}
{"id_image":1054,"data":{"Best_template_id":37,"GT_R":[0.1702916534105908,0.8065233917555282,0.5661465789675917,0.12706967973303088,-0.5877148589983567,0.7990272813989885,0.9771658199564851,-0.06412640475342413,-0.2025678931096238],"GT_T":[-18.335268208859556,39.48120445544182,763.5313095605493],"R_pred":[0.6466068107964473,0.6138177983384333,-0.45290986153384427,-0.2246476034596868,-0.4141718952795922,-0.8820403026054591,-0.7289945723333384,0.6720783820384859,-0.12991367097062684],"T_pred":[-34.46328384316006,40.92904496108076,735.0308976730372],"rotation_error":159.25066237960084,"translation_error":32.77930152074401,"ADD":0,"ADD_S":0}}
{"id_image":1057,"data":{"Best_template_id":37,"GT_R":[0.17328078694714286,0.804851245572528,0.5676164398962826,0.12313326643348707,-0.5895172787150312,0.798315653137596,0.9771444643912338,-0.06843909900694471,-0.20125629982088714],"GT_T":[-18.96256580285225,38.556860355295775,760.881325160906],"R_pred":[-0.059048790413338215,0.7327958025825467,-0.6778816652396809,0.6136960100343021,-0.5089368785838654,-0.6036227802902154,-0.7873312184961927,-0.4516564682750741,-0.41966175313767573],"T_pred":[-26.43196711689761,28.381563397280182,836.7082372019617],"rotation_error":141.5117233835617,"translation_error":76.87034027410083,"ADD":0,"ADD_S":0}}
{"id_image":1066,"data":{"Best_template_id":37,"GT_R":[0.19915052026785154,0.8127078956637706,0.5475817787172312,0.12498168686531651,-0.5752749512926421,0.8083550770165916,0.9719664989674944,-0.09254619462563378,-0.2161401104204811],"GT_T":[-2.0242574900009105,37.45644957116903,761.4255242084254],"R_pred":[0.7907375637424705,0.5812839370611709,-0.1919455386334573,0.048432508149478026,-0.37198057919257993,-0.9269761274476834,-0.6102363455588121,0.7236984408012898,-0.32229205596912935],"T_pred":[-22.52480510382651,32.50060613158855,674.2057193109583],"rotation_error":142.8892838030909,"translation_error":89.73364588055351,"ADD":0,"ADD_S":0}}
{"id_image":1071,"data":{"Best_template_id":37,"GT_R":[0.20969826596337862,0.8199119298989589,0.5327028190301414,0.13056088212194092,-0.5634170130285194,0.8157908421734067,0.9690098071117532,-0.10151949603795486,-0.2251958733409025],"GT_T":[2.2276527086681415,39.46888987937015,764.31109923193],"R_pred":[0.6628718923207668,0.6528491138709767,-0.36659090126320165,-0.103467417312613,-0.4050460221863692,-0.9084229265411883,-0.74154928893887,0.640098238107933,-0.20094501149661992],"T_pred":[-18.3615845823659,40.86061486139919,774.7706996836837],"rotation_error":153.2325233751388,"translation_error":23.135618259783676,"ADD":0,"ADD_S":0}}
{"id_image":1073,"data":{"Best_template_id":37,"GT_R":[0.21346781320624383,0.8209207492582359,0.5296416504234227,0.13345023624121916,-0.5615584104454838,0.8166050462372447,0.9677916617275903,-0.10363757784030557,-0.22942708565121378],"GT_T":[1.1580229580922792,42.249967874540864,765.4795501838146],"R_pred":[-0.22568291645984828,0.6426222378914639,-0.7321911503053993,0.698585798780436,-0.41708837035140556,-0.5813907232317256,-0.6790030213191081,-0.6427082936176999,-0.3547970495290894],"T_pred":[-2.348905143793015,26.277014399940747,708.2111682901823],"rotation_error":141.48445169681096,"translation_error":59.55754655900832,"ADD":0,"ADD_S":0}}
{"id_image":1076,"data":{"Best_template_id":37,"GT_R":[0.22078874886789907,0.8209298637622029,0.5266192403658188,0.13765496836782223,-0.5607680109221758,0.81644997487406,0.9655582417571202,-0.10777004983319148,-0.23681686030294707],"GT_T":[0.9940521001027773,46.34929040521423,768.2783312763188],"R_pred":[0.6821801211907746,0.6288640393345144,-0.37304195780638205,-0.15889658276547552,-0.3704942087209362,-0.915142566647242,-0.713710136005924,0.6835671593458289,-0.15281943733138048],"T_pred":[-18.91763449615491,45.600186515543115,708.5977258802417],"rotation_error":155.33087114933733,"translation_error":62.9190835930354,"ADD":0,"ADD_S":0}}
{"id_image":1078,"data":{"Best_template_id":37,"GT_R":[0.2227294906544108,0.8213946879809644,0.5250744329972344,0.14022150902371783,-0.5599949926367604,0.8165436343338003,0.96474272485562,-0.10824110414173391,-0.23990566256565557],"GT_T":[-1.1521405306501213,48.41183806197361,769.6039709675549],"R_pred":[0.7208066816725955,0.6529500984885273,-0.23258094621005193,0.03979272828671715,-0.37397741238266624,-0.9265837435456465,-0.6919929670391456,0.6586327230797049,-0.2955480834939929],"T_pred":[-23.15500400028864,46.738828950719885,745.2747909814537],"rotation_error":144.8264136097404,"translation_error":32.84560791256567,"ADD":0,"ADD_S":0}}
{"id_image":1081,"data":{"Best_template_id":37,"GT_R":[0.22345695703417348,0.8224594548031394,0.5230941560818019,0.14176442408492057,-0.5583817516955619,0.8173823240171901,0.9643490540195426,-0.10849290553223322,-0.24136919577065769],"GT_T":[-7.128927505757456,50.73235032460423,771.1045369167741],"R_pred":[0.6752521100271593,0.6973381044639966,-0.24032094366997872,0.11123420848810822,-0.4183707731995271,-0.9014393196407919,-0.7291512454668736,0.5819668926966464,-0.36007359947532525],"T_pred":[-29.687549640408,50.24514927017031,805.2056301241585],"rotation_error":141.63355579011682,"translation_error":40.890259908933096,"ADD":0,"ADD_S":0}}
{"id_image":1082,"data":{"Best_template_id":37,"GT_R":[0.22425220154874143,0.8231102330373409,0.5217291994966949,0.14231640610396637,-0.5572845623961048,0.8180347560899353,0.9640829296538613,-0.10919583951787477,-0.24211433990440911],"GT_T":[-9.072029639299755,50.408115695065426,771.429218125244],"R_pred":[0.6109090692048442,0.7087605703270519,-0.35277267909086024,-0.020921901607024895,-0.43097987682243055,-0.9021189610064011,-0.791424275086642,0.5584933300620472,-0.24846089648028802],"T_pred":[-29.83292588209305,51.71793304927435,806.9325346885943],"rotation_error":149.78337532835786,"translation_error":41.14870497722713,"ADD":0,"ADD_S":0}}
{"id_image":1083,"data":{"Best_template_id":128,"GT_R":[0.22398713178270713,0.8238011065102913,0.5207509031700469,0.14311117010694147,-0.5563365924635295,0.8185408826004483,0.9640269610617737,-0.10881631570028621,-0.24250794203841836],"GT_T":[-11.552564445784327,50.313725901400424,771.4676654441632],"R_pred":[-0.7219564139166532,0.6809860983266979,-0.12262491708615825,-0.30809990429768874,-0.4750591486785397,-0.82425314935921,-0.6195590249333482,-0.5572941226521253,0.5527837511007687],"T_pred":[-19.737365334588073,49.66056369408613,780.5445303195958],"rotation_error":153.49153712147975,"translation_error":12.239569535947215,"ADD":0,"ADD_S":1}}
{"id_image":1086,"data":{"Best_template_id":37,"GT_R":[0.224200093595779,0.8259146476822968,0.5173007688969634,0.14411814050955585,-0.5530760078755261,0.8205708593003678,0.9638278164936239,-0.10941895465301892,-0.24302878607782474],"GT_T":[-17.750085788712557,50.44576572130328,772.143784066585],"R_pred":[0.5846464419045029,0.723388846962207,-0.3672834246996358,-0.00534978333067021,-0.4492689335022611,-0.8933805489308885,-0.8112705576974423,0.5242766459422253,-0.2587935098352567],"T_pred":[-40.03973588771065,53.7559598308924,855.6606511238184],"rotation_error":149.49843555665086,"translation_error":86.50348530339413,"ADD":0,"ADD_S":0}}
{"id_image":1087,"data":{"Best_template_id":37,"GT_R":[0.22431679535352547,0.8266904998099497,0.5160088101603009,0.1450737830624677,-0.5519303803613198,0.8211742323738592,0.9636567050247516,-0.10934310333224682,-0.2437386856160053],"GT_T":[-19.490312681372213,50.603072947064774,772.400264966553],"R_pred":[0.7188629470303375,0.5883767258865547,-0.37020115048696933,-0.1917681958436749,-0.344033376905976,-0.9191659233443831,-0.6681773884603694,0.7317471311933438,-0.1344809039997559],"T_pred":[-37.35858810763013,49.371281567044626,709.1679619682881],"rotation_error":156.00972296297235,"translation_error":65.71998721223922,"ADD":0,"ADD_S":0}}
{"id_image":1092,"data":{"Best_template_id":37,"GT_R":[0.2328504043356235,0.8278756356376492,0.5102966074995212,0.14583866195970488,-0.5485112328137982,0.8233264881186503,0.9615153180301836,-0.1172908151868878,-0.2484573375778134],"GT_T":[-21.893319561357206,50.23745378826117,774.4288117503808],"R_pred":[0.7869296272983002,0.5626991825774458,-0.2532022740949088,-0.06748748954589842,-0.3293979742593764,-0.9417762012859593,-0.6133410147992316,0.7581995809023464,-0.22123786991506503],"T_pred":[-39.498842425240696,46.04474700474989,675.1365357144117],"rotation_error":148.6702530859747,"translation_error":100.92813931647754,"ADD":0,"ADD_S":0}}
{"id_image":1093,"data":{"Best_template_id":37,"GT_R":[0.23467043605517454,0.8280125291906764,0.5092413506535982,0.1462841514520669,-0.5479846973028708,0.8235980480396513,0.9610049586243807,-0.11877971063260209,-0.249720718792724],"GT_T":[-21.882851362422045,50.519843545854755,774.8611796003502],"R_pred":[-0.1069821002747432,0.6553426554212397,-0.7477170816600645,0.7991633541140731,-0.3907303042214042,-0.45680166681415885,-0.5915173401194167,-0.6464176926326255,-0.4819246860138656],"T_pred":[-23.73874601725505,30.07730290490551,704.7615154241577],"rotation_error":129.7831357363742,"translation_error":73.04317032030897,"ADD":0,"ADD_S":0}}
{"id_image":1099,"data":{"Best_template_id":37,"GT_R":[0.24894901854547963,0.8297652827608312,0.49951376496540095,0.151937566009618,-0.5428246676606755,0.8259884961912596,0.9565242114143584,-0.12973401157886558,-0.2612078067620976],"GT_T":[-18.24038282801158,54.34255300289259,778.1350071195448],"R_pred":[-0.30287839963188634,0.6307300846631471,-0.7144538021014705,0.6561528119576853,-0.4056829578754587,-0.6363056066462418,-0.6911788208535113,-0.6615140950805496,-0.2909827135987836],"T_pred":[-18.247297333088515,38.51291444104876,716.9207414221138],"rotation_error":143.79882683354964,"translation_error":63.227872253339875,"ADD":0,"ADD_S":0}}
{"id_image":1101,"data":{"Best_template_id":37,"GT_R":[0.255347960055472,0.830297684968389,0.49538211173372343,0.15381651317477749,-0.5407281240922674,0.8270153998731621,0.9545349870171455,-0.13497802415316829,-0.2657876329050319],"GT_T":[-15.142720932027611,55.46360073279471,779.4042521722541],"R_pred":[0.7334350575774513,0.6593522236533603,-0.16531080267099674,0.10486583957632756,-0.3500283691160906,-0.9308508454655244,-0.6716220455035049,0.6653831873268958,-0.3258666015663295],"T_pred":[-36.17159938807292,50.812313568684026,740.4592349251849],"rotation_error":141.0717780845038,"translation_error":44.50351188138604,"ADD":0,"ADD_S":0}}
{"id_image":1108,"data":{"Best_template_id":37,"GT_R":[0.26756094340098685,0.8362559560226185,0.4786309581481473,0.16092740440584843,-0.52854855833889,0.8335107109967737,0.9500062903653824,-0.1459892746338429,-0.2759956324030299],"GT_T":[-11.421845809616153,59.29911250820516,781.5553315658574],"R_pred":[-0.06771977050692568,0.7029731273877236,-0.7079850385800625,0.77565753337944,-0.4092193944449354,-0.4805152215298108,-0.6275104968000232,-0.5816943092216424,-0.5175541585427985],"T_pred":[-19.20052587301479,43.97699858947766,789.2807006041049],"rotation_error":126.75861244673271,"translation_error":18.84028569964618,"ADD":0,"ADD_S":0}}
{"id_image":1116,"data":{"Best_template_id":37,"GT_R":[0.2768210314312116,0.8413215805842502,0.46427249777765967,0.16442255998231625,-0.5174993703259502,0.8397387636278472,0.946749505805156,-0.15611979093033077,-0.2815868020342514],"GT_T":[-12.046420003145506,59.6066972214005,780.8474371974161],"R_pred":[0.4427235480160969,0.8313168562302955,-0.3360180718048014,0.201315132478604,-0.45733333124645076,-0.8662092365971088,-0.8737666035430518,0.31584570390999817,-0.36982889807914826],"T_pred":[-36.04472390461417,66.2782010572378,965.8797496405193],"rotation_error":141.4473644603935,"translation_error":186.70132351330835,"ADD":0,"ADD_S":0}}
{"id_image":1118,"data":{"Best_template_id":37,"GT_R":[0.279069570906274,0.8421635537748687,0.4613910112976911,0.16426605435432734,-0.5152647021155299,0.841141967834359,0.9461165758767296,-0.1589455153520526,-0.28213386258246076],"GT_T":[-11.38285248004771,58.77642453782673,780.2012150208113],"R_pred":[0.6698133149209544,0.6582902840365371,-0.3435171394526009,-0.12864642196692155,-0.3527521412674496,-0.9268311739180648,-0.7313003632364141,0.6649961118490277,-0.1515913914309262],"T_pred":[-30.568846170232124,56.37977269054894,751.568894112692],"rotation_error":153.57116227958753,"translation_error":34.54932842389828,"ADD":0,"ADD_S":0}}
{"id_image":1159,"data":{"Best_template_id":37,"GT_R":[0.3351473830600316,0.8552771414203847,0.39519347973738045,0.18851849016276825,-0.4718445515815479,0.8612918482659075,0.9231122799174746,-0.21415769247581176,-0.3193733204254602],"GT_T":[-7.659471298751534,64.84332918093087,788.2747507639832],"R_pred":[0.006475337710560525,0.8137443473003291,-0.581186895274055,0.717518303725777,-0.40860015302248176,-0.5641040673213481,-0.6965095504155113,-0.4133594709048841,-0.5865222877207792],"T_pred":[-21.42951194715796,57.97620377687178,926.9385298519138],"rotation_error":121.88540070598069,"translation_error":139.51492773793154,"ADD":0,"ADD_S":0}}
{"id_image":1290,"data":{"Best_template_id":37,"GT_R":[0.4092339150356509,0.8617174142247336,0.29995181472382154,0.19726623662022555,-0.40452387289899655,0.8929987988040745,0.8908500899455294,-0.3062742257120727,-0.33553318522682507],"GT_T":[-34.45163575059728,37.10628747928564,797.4170657437988],"R_pred":[0.7333776818331205,0.6426896716602963,-0.2216013576904677,-0.04068845700361351,-0.2838891676308945,-0.9579934185413295,-0.678602700595675,0.7115876098155576,-0.1820479285826631],"T_pred":[-55.665059743711865,36.290771438158124,772.2202686630924],"rotation_error":149.4625466139926,"translation_error":32.94773144013535,"ADD":0,"ADD_S":0}}
{"id_image":1440,"data":{"Best_template_id":37,"GT_R":[0.4834143441546596,0.8451469108781577,0.22811835805471842,0.2064502122218205,-0.3633079592916886,0.9085073710888447,0.8506982852409504,-0.3920901868452231,-0.3501097391067198],"GT_T":[-58.0471744531907,14.18657155503306,809.3591702194057],"R_pred":[-0.44384919781686893,0.6553326075036793,-0.6111767855046122,0.6383144552493348,-0.24747440991782066,-0.728910881147738,-0.628929682728576,-0.7136494867778267,-0.30846695804360913],"T_pred":[-48.33580487467651,4.524353048919953,712.2116277730905],"rotation_error":133.94280386838366,"translation_error":98.10868549169825,"ADD":0,"ADD_S":0}}
{"id_image":1527,"data":{"Best_template_id":37,"GT_R":[0.5956940552204485,0.800178022959238,0.06974632879074892,0.2924081220352674,-0.2969184828148733,0.9090308016974683,0.7480943423110894,-0.5211098249340383,-0.4108511721341022],"GT_T":[-15.457142778442538,35.418213925931,838.9959113414978],"R_pred":[-0.2624214003745877,0.7969722920246815,-0.5440314093601266,0.6900328215859349,-0.23911661612060997,-0.6831383088578634,-0.6745292534498359,-0.554669640092149,-0.48718772213639816],"T_pred":[-17.942191140036606,31.86559871174723,953.465817875265],"rotation_error":117.3928455418764,"translation_error":114.55197965146169,"ADD":0,"ADD_S":0}}
{"id_image":1538,"data":{"Best_template_id":37,"GT_R":[0.6046638323818447,0.7935016657380609,0.06883122979700852,0.28262573648881684,-0.29455333076389245,0.912886326277201,0.7446507117978656,-0.5325352825685746,-0.4023698110665465],"GT_T":[-19.38121319523992,26.274410918803657,837.7093615559709],"R_pred":[0.8182133329742092,0.5733275622908033,-0.04269014009019928,0.0741294031936249,-0.1788439154918822,-0.9810808761125096,-0.570115578918339,0.799568858954135,-0.18883290620384377],"T_pred":[-35.383799370437316,28.198273761081655,707.7007188266709],"rotation_error":145.56813539036074,"translation_error":131.0039358066973,"ADD":0,"ADD_S":0}}
{"id_image":1539,"data":{"Best_template_id":37,"GT_R":[0.6055765676314362,0.7927796246917126,0.06912595600142987,0.2827980927221359,-0.2955840656018599,0.9124994300162543,0.7438429518191585,-0.5330393780029962,-0.40319561702523216],"GT_T":[-19.939497410275205,26.782622700556182,838.0970333282107],"R_pred":[0.6844786567922518,0.7258739302301509,0.06779384786327636,0.3129187824312474,-0.2085322652374819,-0.926604624398492,-0.6584609358174718,0.6554550570154742,-0.3698754712538001],"T_pred":[-39.149570681206484,28.985371658141126,849.9056891874403],"rotation_error":134.05864787257352,"translation_error":22.656640775860996,"ADD":0,"ADD_S":0}}
