{"id_image":1,"data":{"Best_template_id":19,"GT_R":[0.9131425245573238,-0.23881848375061432,-0.3303588863678188,-0.40650814921943157,-0.47308090927018354,-0.7816309193847002,0.03038142235935319,0.8480338588102286,-0.5290717121681395],"GT_T":[31.382662041837325,132.4461222699748,837.664418625805],"R_pred":[0.9752919296620406,-0.1797488327114199,-0.12843679019259152,-0.19076666886493626,-0.3920204299627871,-0.8999600327469923,0.11141691965886304,0.9022252155812724,-0.4166244476540676],"T_pred":[19.527371415255367,121.03456763139765,685.2739654943774],"rotation_error":15.060164324734215,"translation_error":153.27629203732639,"ADD":0,"ADD_S":0}}
{"id_image":29,"data":{"Best_template_id":19,"GT_R":[0.91405167783997,-0.2294114950052386,-0.33448455955890927,-0.4050469651992133,-0.47332437197352845,-0.782242129136351,0.021135314480101728,0.8504914593351681,-0.5255651173904178],"GT_T":[30.031740950759385,128.37213938376772,835.8910199709703],"R_pred":[0.9279694667047509,-0.1765969829932647,-0.3281557167891146,-0.3717654956736605,-0.37785343386953546,-0.8479488184669629,0.025750438641283374,0.9088675855759615,-0.41628911443743555],"T_pred":[19.186466395530008,111.48290012320028,646.6540172648882],"rotation_error":7.357050465644596,"translation_error":190.29847497066473,"ADD":0,"ADD_S":0}}
{"id_image":37,"data":{"Best_template_id":19,"GT_R":[0.9164238175766932,-0.2315832357062406,-0.326400068373269,-0.3993056410494046,-0.4743094773603196,-0.7845931177511809,0.02688372802705334,0.8493532406282797,-0.5271412937646154],"GT_T":[14.121230116627913,130.9439649022232,834.1521776922801],"R_pred":[0.9233189190669077,-0.277552473261863,-0.2654181574032557,-0.38392558529030346,-0.6506934652282692,-0.655132932517306,0.009127905160248917,0.7067974525247315,-0.7073570827042983],"T_pred":[10.313494983615241,156.13288818760145,937.1615257904774],"rotation_error":13.288481924250158,"translation_error":106.11270658472259,"ADD":0,"ADD_S":0}}
{"id_image":55,"data":{"Best_template_id":19,"GT_R":[0.9235313726274008,-0.19592873357226406,-0.3296988893162195,-0.3835203359878636,-0.46858012667044174,-0.7958304086772582,0.0014351816829630756,0.8614206193523563,-0.5078907507134688],"GT_T":[32.57360806508129,142.28700708609358,820.3188190618299],"R_pred":[0.9233005703580834,-0.14198838960470395,-0.35686881902724504,-0.38371785645272005,-0.3812500217224709,-0.8410761128316184,-0.01663320221026393,0.9135029929639411,-0.40649184300567975],"T_pred":[23.325585030791967,125.07762398110529,648.9193773447824],"rotation_error":6.616432158251182,"translation_error":172.50929661271172,"ADD":0,"ADD_S":0}}
{"id_image":61,"data":{"Best_template_id":19,"GT_R":[0.9233335018672801,-0.1988636490780063,-0.3284942637568054,-0.38399893509393007,-0.4793193519218164,-0.7891762306460619,-0.0005154682852227732,0.854813941030866,-0.5189352428261038],"GT_T":[21.81734618317688,133.28753476644778,813.0692127971155],"R_pred":[0.9503193330950325,-0.17574294538745905,-0.25691940816597175,-0.31100509811753235,-0.5016005428508181,-0.8072624878914346,0.012999772717886368,0.8470603948705814,-0.5313376453357865],"T_pred":[13.076833492682377,136.02473623545603,786.8204818798412],"rotation_error":4.6084365675681775,"translation_error":27.800804102437557,"ADD":0,"ADD_S":1}}
{"id_image":68,"data":{"Best_template_id":19,"GT_R":[0.9243636936627567,-0.19944730377498018,-0.32522800730401386,-0.38150638579068885,-0.48834518813056316,-0.784839149505229,-0.002290516772475012,0.8495528534070089,-0.52749871753606],"GT_T":[10.650559558411523,126.3233332284878,808.3727607421695],"R_pred":[0.9324517713701205,-0.19696131877983677,-0.30288600656555764,-0.3612833895026094,-0.5017490530150588,-0.7859530522034999,0.002829582695257876,0.8422909988258209,-0.5390156461168558],"T_pred":[5.171960366951809,134.48699271514613,812.4811424863343],"rotation_error":1.4999856203626654,"translation_error":10.655476801652588,"ADD":1,"ADD_S":1}}
{"id_image":80,"data":{"Best_template_id":19,"GT_R":[0.9271983089712388,-0.17658750208607962,-0.33033261380518947,-0.3738883702449634,-0.48952910158835916,-0.7877627131740349,-0.022599014592600056,0.8539197178027762,-0.5199146288941525],"GT_T":[16.905268905609745,124.88941231200523,808.2844411397888],"R_pred":[0.9227122169132338,-0.15696894350642235,-0.35208367689164993,-0.38084394616284356,-0.5125621527608192,-0.7695699631796371,-0.05966618330494483,0.8441805436822578,-0.5327280321497532],"T_pred":[12.164061723738607,137.35190995954676,830.4296553488473],"rotation_error":2.3692488322314316,"translation_error":25.849630665088647,"ADD":0,"ADD_S":0}}
{"id_image":88,"data":{"Best_template_id":19,"GT_R":[0.9279619884958292,-0.1641729251143156,-0.3345638851023297,-0.37104548393656533,-0.49083208458923383,-0.7882951486576425,-0.034798328706322476,0.8556473690776573,-0.5163896789210763],"GT_T":[15.412286647295012,121.96703404784074,809.8777575783405],"R_pred":[0.476475081920783,-0.12220761289723625,0.8706530857112624,0.8525487533145593,-0.17770292492559386,-0.49151021728411703,0.214783890295279,0.9764665738379621,0.019516932309601998],"T_pred":[-6.233033597971043,78.8462068728916,526.5766343118579],"rotation_error":85.77845257382263,"translation_error":287.38032651666106,"ADD":0,"ADD_S":0}}
{"id_image":99,"data":{"Best_template_id":19,"GT_R":[0.9366540477322784,-0.11769544021294132,-0.32988923849248997,-0.3411725054996879,-0.5196926901647902,-0.7832764539591995,-0.07925273534927736,0.846208280319346,-0.5269271189736403],"GT_T":[37.16017194508239,95.12661505442864,818.7846148324996],"R_pred":[0.9877146278790451,-0.11871033092098728,-0.10162515046183018,-0.1473429747584644,-0.4908315738363695,-0.8587050797070199,0.05205633163301513,0.8631293202399872,-0.5022926585955356],"T_pred":[25.476106561188118,98.96317820519951,761.0899231636603],"rotation_error":13.8882765888446,"translation_error":58.99079629456965,"ADD":0,"ADD_S":0}}
{"id_image":114,"data":{"Best_template_id":19,"GT_R":[0.935238222973901,-0.11644192797002838,-0.33432032035134535,-0.3453998699994992,-0.5072285059020153,-0.789568829724173,-0.07763844190300612,0.8539097786167006,-0.514598980779721],"GT_T":[29.892806727590553,106.05862958430939,821.8154699397708],"R_pred":[0.9839429837644851,-0.17799544908520967,-0.013184263559133741,-0.12121021804668507,-0.6121612860841861,-0.781387639306401,0.1310125480315425,0.7704389527566151,-0.6239066695697145],"T_pred":[21.910890370008197,127.68492821355575,919.0982045143908],"rotation_error":19.6557303275461,"translation_error":99.97668842013498,"ADD":0,"ADD_S":0}}
{"id_image":120,"data":{"Best_template_id":19,"GT_R":[0.9351338750999556,-0.10986405127535837,-0.3368308147666471,-0.3450700135046143,-0.49796252262742235,-0.7955884473519448,-0.0803226921531253,0.8602116441874631,-0.5035721994518408],"GT_T":[27.338650112666766,114.91091736711437,826.6088538381638],"R_pred":[0.9909916659678952,-0.08714080062329915,-0.10169561863180482,-0.13129168038182532,-0.48233945780932225,-0.8660895693302891,0.026419928930481416,0.8716393338456793,-0.4894352450001622],"T_pred":[18.098664104125238,117.37615534191164,782.6680860479274],"rotation_error":14.161661228531747,"translation_error":44.969387517575754,"ADD":0,"ADD_S":0}}
{"id_image":126,"data":{"Best_template_id":19,"GT_R":[0.9329514414404096,-0.10808286342628755,-0.34339327794350133,-0.34993891940145594,-0.4962184630048624,-0.7945509661060494,-0.08452116428147133,0.861444523087991,-0.5007696026257422],"GT_T":[22.9013857661012,112.97226182483905,832.1847714182574],"R_pred":[0.9751337204425845,-0.08953531497617823,-0.20272556481095266,-0.221416300157951,-0.4325559909442997,-0.8739966457158511,-0.009436592614252476,0.8971503452991095,-0.441624510924746],"T_pred":[14.174621243040102,111.0186933337594,742.4023369469005],"rotation_error":9.869980515630694,"translation_error":90.22670551723466,"ADD":0,"ADD_S":0}}
{"id_image":127,"data":{"Best_template_id":19,"GT_R":[0.9330601472484649,-0.10824296601836414,-0.3430470784316272,-0.34971610786835483,-0.49629374613562166,-0.7946018870393481,-0.08424257486867653,0.8613808455726041,-0.5009267598743788],"GT_T":[21.950123222963054,111.57914071302498,833.2657107965641],"R_pred":[0.9484017087837547,-0.07606135103336,-0.30781304334779813,-0.3106442754118022,-0.4173707475969287,-0.8539916821633903,-0.06351639890555702,0.9055475304639512,-0.41946315349588137],"T_pred":[14.518290938678705,105.71493547975597,712.6436977507161],"rotation_error":6.121791922232729,"translation_error":120.99293808050268,"ADD":0,"ADD_S":0}}
{"id_image":132,"data":{"Best_template_id":19,"GT_R":[0.93294883459452,-0.10492343344465573,-0.3443801662935358,-0.34857689347469795,-0.5024230041856299,-0.7912427345340607,-0.09000467326966605,0.8582321141140087,-0.5053087998788448],"GT_T":[15.437898008855745,106.79289804355771,839.117611358091],"R_pred":[0.9640420729588078,-0.08955164005881526,-0.2502066852185617,-0.26149609250835926,-0.48743937828821904,-0.8330802158837132,-0.04735689145355343,0.8685524487656291,-0.4933294726398226],"T_pred":[9.777248629949312,112.512343925102,797.801745652346],"rotation_error":5.970599338670652,"translation_error":42.092229349346525,"ADD":0,"ADD_S":0}}
{"id_image":164,"data":{"Best_template_id":19,"GT_R":[0.9392352921035397,-0.035977113386227326,-0.3413826751181015,-0.31467889926282805,-0.4876132281831538,-0.8143772137475984,-0.13716376266082386,0.872318004321693,-0.46930514312264243],"GT_T":[3.074464677998248,88.84515174938113,896.9124891682791],"R_pred":[0.9392256168296101,0.010468680896708105,-0.34314085651714826,-0.31455247887419713,-0.374155554201425,-0.8723900270488669,-0.1375208301499704,0.927306868291456,-0.34812353165845533],"T_pred":[2.7195537608949922,71.60180610201583,579.0792692444463],"rotation_error":7.704390922997498,"translation_error":318.3008240925949,"ADD":0,"ADD_S":0}}
{"id_image":242,"data":{"Best_template_id":50,"GT_R":[0.919234051999175,0.1933586125511252,-0.34296010966948065,-0.23060850243916048,-0.441601288388375,-0.8670693732782953,-0.3191071883524866,0.8761283037815718,-0.36134499383444396],"GT_T":[74.51787192155915,149.0110208851926,860.5275044544231],"R_pred":[0.9244987183025677,0.18398185255663102,-0.3338454699209505,-0.2637295089173355,-0.32363358981757084,-0.9086847889493989,-0.27522511873579275,0.9281228245612875,-0.25067739536154116],"T_pred":[58.00236065544413,134.0699320688555,696.2597989877231],"rotation_error":7.455716263391201,"translation_error":165.77055621157018,"ADD":0,"ADD_S":0}}
{"id_image":274,"data":{"Best_template_id":50,"GT_R":[0.8922268939868973,0.3289351828404119,-0.30940806309500185,-0.15764701162080386,-0.4151766891645915,-0.8959781573479549,-0.42317768624217456,0.8481928915572937,-0.3185765827385332],"GT_T":[61.34098464569474,148.00448233808032,857.5643724031363],"R_pred":[0.8813710698634111,0.36391911003468147,-0.3012439519050817,-0.08416668403810826,-0.5064944893858936,-0.8581254579137901,-0.46486665454284304,0.7816816574368931,-0.41577972524024875],"T_pred":[63.204784672195004,162.5221815527553,879.7950418556691],"rotation_error":7.2733709093856715,"translation_error":26.616536313621474,"ADD":0,"ADD_S":0}}
{"id_image":320,"data":{"Best_template_id":19,"GT_R":[0.8551951895145831,0.4419326294435202,-0.27080720948192505,-0.0902777382698014,-0.3874921620666388,-0.9174427099392918,-0.5103828511955208,0.8090401636637101,-0.29148477587587945],"GT_T":[34.6318670222041,141.17998206432887,844.8120046273447],"R_pred":[0.7601058083968938,0.6044895713975702,-0.23839362011783435,0.07495372424433916,-0.44598763741431674,-0.8918951544298799,-0.6454619270438868,0.6600661976992745,-0.38430653831494227],"T_pred":[42.01590209684887,158.91195784267723,876.7558806393773],"rotation_error":13.888871532717312,"translation_error":37.27409494085178,"ADD":0,"ADD_S":0}}
{"id_image":422,"data":{"Best_template_id":37,"GT_R":[0.7865896880543265,0.5442171619953956,-0.29172664915077007,-0.05263175502212229,-0.41163951145185773,-0.9098260482016443,-0.6152282753606705,0.7310140979062854,-0.29514914382233204],"GT_T":[65.91683240953607,131.46158746919193,766.8784466913964],"R_pred":[-0.13073313572020007,0.4124359863910665,-0.9015572108049447,0.7026960663127839,-0.6029439701271451,-0.37772583612437205,-0.6993762117868344,-0.6829019885876335,-0.21099238936452724],"T_pred":[70.29749701459708,112.97894348847538,687.2336306041777],"rotation_error":91.9242058225769,"translation_error":81.87853858287193,"ADD":0,"ADD_S":0}}
{"id_image":455,"data":{"Best_template_id":37,"GT_R":[0.7358310860139383,0.6199975975498007,-0.27231607815294795,-0.014940083397185973,-0.3871805730117179,-0.9218832476253656,-0.6769998740828781,0.6824192992638892,-0.27563725920501037],"GT_T":[19.218296518420644,129.78467960901858,749.7790197530136],"R_pred":[0.8437464122693605,0.5357458316504071,0.032686322090382136,0.20936072946505468,-0.27242560275837463,-0.9391231952835563,-0.49422674628194974,0.7992250589358106,-0.34202226305988814],"T_pred":[0.7646915883716592,119.77424746392934,644.5228300056307],"rotation_error":19.395364149669067,"translation_error":107.32944501292661,"ADD":0,"ADD_S":0}}
{"id_image":492,"data":{"Best_template_id":19,"GT_R":[0.6495124436233523,0.7204129649983226,-0.24318424477246695,0.02736701737565647,-0.3417743704701814,-0.939383886518069,-0.7598577515457047,0.6034861400043395,-0.2417026519133147],"GT_T":[-0.5986436557848216,134.90682557715414,760.4421443566373],"R_pred":[-0.1392477162524025,0.800343526683037,-0.583146905003404,-0.08468167278100047,-0.5963509644425926,-0.7982446626839426,-0.9866301676988708,-0.06177189089665702,0.1508149385225136],"T_pred":[0.16892110968355037,183.38100518571426,1001.35730329305],"rotation_error":51.12404647135964,"translation_error":245.7446826479652,"ADD":0,"ADD_S":0}}
{"id_image":510,"data":{"Best_template_id":50,"GT_R":[0.6105304520562502,0.7584764286094485,-0.2279598169514641,0.04161018164089832,-0.3181527569449445,-0.9471265800958009,-0.7908991786580215,0.5687641584814199,-0.225802384701163],"GT_T":[-24.54182671514165,139.6117763787586,758.7578261049837],"R_pred":[0.6567449467252802,0.7535981131438959,0.027856037348638507,0.31486633702947164,-0.2404600869028479,-0.918171082321981,-0.685233730019511,0.6117751469883642,-0.3952036244405069],"T_pred":[-52.206032919168905,153.89295913822204,840.142694004941],"rotation_error":17.770572237157634,"translation_error":87.13642871383719,"ADD":0,"ADD_S":0}}
{"id_image":514,"data":{"Best_template_id":37,"GT_R":[0.6052627785153614,0.7628334626226111,-0.227470304948253,0.048565372187102045,-0.32061310302525303,-0.9459649567955902,-0.7945429665645508,0.5615098781754421,-0.23110282016008088],"GT_T":[-28.25077623304991,135.0314939748953,756.216289771544],"R_pred":[0.7355694464420548,0.6759329372354481,0.04530180814481444,0.27833917641976963,-0.24057592091272456,-0.929865866212412,-0.6176284419704894,0.6965901884445793,-0.3650989140381707],"T_pred":[-53.94761385010714,146.4967165659281,814.9565452193717],"rotation_error":19.34758905643529,"translation_error":65.13214569362346,"ADD":0,"ADD_S":0}}
{"id_image":515,"data":{"Best_template_id":50,"GT_R":[0.6026476430433415,0.7644042633331125,-0.22913491843471784,0.049319794915940504,-0.3222625867421506,-0.9453653184883373,-0.7964825991467973,0.5584210061351076,-0.23191115560757725],"GT_T":[-26.645698562476284,134.51357469430263,755.9042480674359],"R_pred":[-0.3881914445806399,0.7494586134308355,-0.5363013976382361,0.28385377962746283,-0.4564108539421076,-0.8432770388164497,-0.8767750191158504,-0.47958411061894624,-0.035561871382629784],"T_pred":[-32.59965267016532,150.1145411723409,852.0793632131292],"rotation_error":64.56752648038078,"translation_error":97.61399744838191,"ADD":0,"ADD_S":0}}
{"id_image":523,"data":{"Best_template_id":50,"GT_R":[0.5906432023724648,0.7774541773592859,-0.21611610201100587,0.06275790803357682,-0.3112716298055014,-0.9482465580208416,-0.8044886765604435,0.5465133473052075,-0.23264190720765016],"GT_T":[-27.101917216821704,132.72341639068154,753.4031961459665],"R_pred":[0.7611114400255214,0.6430085030212707,0.085143648645229,0.2766769774846293,-0.20312461615820615,-0.939249828554976,-0.5866508552727487,0.7384310769143767,-0.3325061182216448],"T_pred":[-53.23561466322925,136.02222177372116,760.9700419922974],"rotation_error":21.93961294161419,"translation_error":27.406375448746868,"ADD":0,"ADD_S":0}}
{"id_image":525,"data":{"Best_template_id":19,"GT_R":[0.5856092114679691,0.7819956666366827,-0.2134115238290198,0.06409863006281576,-0.3071282251015836,-0.9495074163230597,-0.8080552788199175,0.5423604702817418,-0.22998241835299163],"GT_T":[-26.114185041524223,135.7740496344456,753.8698169641144],"R_pred":[0.48450850300148873,0.8712668814064658,-0.07839344286040922,0.6853874483612724,-0.43376738604230614,-0.5848845188880017,-0.543595029546887,0.22965164090482057,-0.8073193715510874],"T_pred":[-58.50834559522061,186.28443738430465,1074.8996840234634],"rotation_error":42.95515729427701,"translation_error":326.5897372128571,"ADD":0,"ADD_S":0}}
{"id_image":530,"data":{"Best_template_id":37,"GT_R":[0.5778658524549652,0.7886352161714205,-0.21006176749973351,0.06469575599717887,-0.30084216692571364,-0.9514775292194636,-0.8135635726732879,0.5362357644389699,-0.2248676449875881],"GT_T":[-31.046399844757087,138.11491374959073,754.1188053065481],"R_pred":[0.6714179325319954,0.7404791888161193,0.029808233840383336,0.30330017770723416,-0.23786795737628652,-0.9227284741766635,-0.6761708083592645,0.6285772870410251,-0.3842962817136326],"T_pred":[-65.24368276617605,161.49053613052098,881.636367796096],"rotation_error":17.40546461285572,"translation_error":134.07685342436693,"ADD":0,"ADD_S":0}}
{"id_image":535,"data":{"Best_template_id":50,"GT_R":[0.5737463130108086,0.7901545345034695,-0.21557025794608334,0.06146002460099514,-0.30399504378225556,-0.9506891745837991,-0.8167239439958011,0.5322056910356969,-0.22297966311594633],"GT_T":[-37.299666515017556,138.80801362898896,755.9695756004238],"R_pred":[0.7039655850563655,0.6995626347105187,0.12265632952736685,0.36220781067788754,-0.20506428670055504,-0.9092602158919766,-0.6109320395430087,0.6845149804327658,-0.39774525091187435],"T_pred":[-68.06223074858734,149.994256887658,824.5110711452961],"rotation_error":23.709094842584747,"translation_error":75.9565929198669,"ADD":0,"ADD_S":0}}
{"id_image":545,"data":{"Best_template_id":37,"GT_R":[0.5603961447660023,0.7986100660748701,-0.21949705458998534,0.06089405150091398,-0.30403308113054633,-0.9507131078772472,-0.825983184874392,0.519410515230315,-0.21901005215102012],"GT_T":[-19.005787879426048,138.04251299775825,764.9345899622925],"R_pred":[0.6845967970563176,0.7206528329786909,0.10948387908737545,0.36551486541178,-0.20944266539891832,-0.9069358594044042,-0.6306553009554746,0.6609033698131551,-0.4067931011538614],"T_pred":[-48.05336949267245,152.45223510478496,846.7482478215794],"rotation_error":23.32204668374744,"translation_error":88.00498111525505,"ADD":0,"ADD_S":0}}
{"id_image":561,"data":{"Best_template_id":50,"GT_R":[0.5707211884263417,0.7912710322990544,-0.21946957943600118,0.06924311497492464,-0.3126970093098843,-0.9473259011663651,-0.8182190183019201,0.5254623566924325,-0.23325373634100444],"GT_T":[-22.273301235387503,123.1525583766829,759.9377809494356],"R_pred":[0.7007099004775916,0.6794509325558901,0.21760529777929394,0.46620782424717844,-0.2051892551411721,-0.8605507737404708,-0.5400517567635493,0.7044457394459437,-0.4605434834986397],"T_pred":[-51.031531717979504,121.64685285948816,794.0280744192864],"rotation_error":30.632195971851605,"translation_error":44.625677344494726,"ADD":0,"ADD_S":0}}
{"id_image":567,"data":{"Best_template_id":50,"GT_R":[0.5712692652346166,0.7904609130533709,-0.22096221674027103,0.07508752098532621,-0.3184199194311067,-0.9449719486845681,-0.8173209688045842,0.5232412766087831,-0.24125753414500448],"GT_T":[-15.432104566769913,119.71542446898728,753.8238597834422],"R_pred":[0.7424983884106691,0.6339888537028248,0.2162273724303608,0.4256257487506391,-0.19727257862585135,-0.8831343339055306,-0.5172415926895454,0.7477577569660416,-0.41631655226413566],"T_pred":[-41.959444832051766,111.7907074569091,748.7130649923008],"rotation_error":30.610731402328035,"translation_error":28.153528103396265,"ADD":0,"ADD_S":0}}
{"id_image":615,"data":{"Best_template_id":50,"GT_R":[0.5466844235757665,0.8077390073837651,-0.22066868590752445,0.08697448928613918,-0.316887415659753,-0.9444670320583507,-0.8328094303588729,0.4971326200286762,-0.24349063391726933],"GT_T":[-4.400447913066657,110.50750503805011,753.45503344533],"R_pred":[0.6822863946116825,0.7134515947476028,0.15959980476145022,0.43528883915337335,-0.22104313182604718,-0.8727333844772073,-0.58737458426144,0.6649261280959221,-0.46137223793707577],"T_pred":[-33.701034023394364,107.2968526101565,797.6795315074785],"rotation_error":27.233404661434722,"translation_error":53.14733167592187,"ADD":0,"ADD_S":0}}
{"id_image":629,"data":{"Best_template_id":37,"GT_R":[0.5479772303698538,0.8059947701536483,-0.22381516864038362,0.08285589741717823,-0.31854709211192705,-0.9442794303977166,-0.8323793975845079,0.49889901418674504,-0.24133886361237422],"GT_T":[-16.348220368620794,111.00589219514922,756.0960234722425],"R_pred":[-0.3817599014799613,0.7280606586866651,-0.5693742660980999,0.43794124159139347,-0.3999981609437896,-0.8051142404373277,-0.8139206635387747,-0.5567128061346585,-0.16614453030501863],"T_pred":[-23.82846996149275,109.00789467115625,810.7566284487568],"rotation_error":64.25117784877995,"translation_error":55.2062303048858,"ADD":0,"ADD_S":0}}
{"id_image":636,"data":{"Best_template_id":19,"GT_R":[0.5496782559922622,0.8034766936181367,-0.2286485482791564,0.07747472962610706,-0.3215591842672102,-0.9437145651737068,-0.8317756756240139,0.5010249870761816,-0.23900376458479866],"GT_T":[-25.55117018776817,113.57690391551118,756.9684700448258],"R_pred":[-0.021437818618347815,0.867745613989193,-0.4965460394922163,0.19415853828491175,-0.48359092130787407,-0.8534883026964506,-0.9807358879657426,-0.11470558064505904,-0.15811308555880665],"T_pred":[-49.46544296507933,149.61388272373568,1055.0869320421068],"rotation_error":38.23164937818738,"translation_error":301.2393959423573,"ADD":0,"ADD_S":0}}
{"id_image":637,"data":{"Best_template_id":37,"GT_R":[0.5489816221182615,0.8038655433332363,-0.2289524363994826,0.07758212527598583,-0.3217461677162072,-0.9436427768461294,-0.8322263627419592,0.50027963026061,-0.23899899797356033],"GT_T":[-26.142658641425875,113.29016354783941,757.1801262424086],"R_pred":[0.6032073272340703,0.7932840360160924,-0.0827125055426815,0.2722885162295035,-0.3022928710367414,-0.9134976650489587,-0.7496665153924539,0.5285068195609052,-0.39834740789536016],"T_pred":[-57.749987105723726,127.00053974319657,907.3231242855713],"rotation_error":12.620080002808283,"translation_error":154.0451800266967,"ADD":0,"ADD_S":0}}
{"id_image":648,"data":{"Best_template_id":37,"GT_R":[0.5466947326480525,0.8066595276958755,-0.224555117276573,0.08232883476247078,-0.31866423889880713,-0.9442863318797692,-0.8332749002659369,0.49774881322403364,-0.24062395318866983],"GT_T":[-34.372890667263164,112.95221621691053,756.4171596729952],"R_pred":[0.7389480197362157,0.6685482048218933,0.08366075518036614,0.3105056392323726,-0.2277136395380183,-0.9228936809693981,-0.5979482186049399,0.7079475942453463,-0.3758565306994222],"T_pred":[-64.28248077887459,111.39805182593237,796.619520652526],"rotation_error":23.425009371478318,"translation_error":50.13211381866207,"ADD":0,"ADD_S":0}}
{"id_image":710,"data":{"Best_template_id":19,"GT_R":[0.466781657829381,0.8637646069174381,-0.18980684047822735,0.10486419300232067,-0.2671680601009475,-0.9579278826013087,-0.8781337185218248,0.4272392722427267,-0.21528716203771947],"GT_T":[-53.977980569339344,118.2428507240154,760.9273696027595],"R_pred":[0.7122894561847679,0.6666019115336045,0.2197398965771864,0.39041684262609044,-0.11611792300084178,-0.9132859995378475,-0.583282452677845,0.7363141445726242,-0.3429621858170406],"T_pred":[-24.686725394710788,87.9937148400221,419.77754329215924],"rotation_error":31.018262283234904,"translation_error":343.7385515812654,"ADD":0,"ADD_S":0}}
{"id_image":801,"data":{"Best_template_id":50,"GT_R":[0.36717700360175054,0.9180165780959891,-0.1497585884719898,0.13021457104334508,-0.21015089862708475,-0.9689590052401339,-0.9209913921787833,0.33627848828263746,-0.1967028656852779],"GT_T":[-84.19331737621431,115.90007857890436,769.224212699756],"R_pred":[-0.2169439674231438,0.9270676416839256,-0.305746468076592,0.1820353319175218,-0.26929249028385727,-0.9456979922842157,-0.9590612352359904,-0.260820134229172,-0.1103376846244889],"T_pred":[-39.5197060337215,97.01456375749369,502.1017470114701],"rotation_error":35.35743852642414,"translation_error":271.48997384035994,"ADD":0,"ADD_S":0}}
{"id_image":908,"data":{"Best_template_id":50,"GT_R":[0.25901924982933655,0.9608867352212885,-0.09801366397784275,0.18086131436323122,-0.1479335159644129,-0.9723195936074284,-0.9487878540097979,0.2341224795255047,-0.2121056557780069],"GT_T":[-111.47077891293165,91.06464145744671,757.7427924403194],"R_pred":[-0.15328717076159792,0.9616124259747656,-0.22760620705690465,0.3000686685164071,-0.17415721721076416,-0.937884885190178,-0.941521023373719,-0.21206321204850337,-0.26185369319712903],"T_pred":[-65.03250485181766,80.05839122098659,521.8704674463285],"rotation_error":25.98884425975296,"translation_error":240.65204038219494,"ADD":0,"ADD_S":0}}
{"id_image":1026,"data":{"Best_template_id":37,"GT_R":[0.21798301938205664,0.9722852456833205,-0.08452610097904122,0.17407257604526433,-0.1239538490462026,-0.9769000040673986,-0.9603031602169084,0.19823453894252555,-0.19626894620952962],"GT_T":[-116.3044219850904,97.56774023669043,785.7977441791734],"R_pred":[-0.24535718808713802,0.9182890213575764,-0.3107171117079278,0.47241023249969316,-0.166626959009184,-0.8654848518379377,-0.8465390850300759,-0.35913887256254484,-0.39292600795944477],"T_pred":[-56.5073357771895,75.03061111727735,481.0619465234793],"rotation_error":35.271078458798264,"translation_error":311.36396721642717,"ADD":0,"ADD_S":0}}
{"id_image":1027,"data":{"Best_template_id":50,"GT_R":[0.22107796267888818,0.9713281538873967,-0.08744599517719133,0.17289757255630983,-0.12728064195182326,-0.9766814663178985,-0.9598074238138824,0.200804123480569,-0.19607963902745937],"GT_T":[-119.55987861051777,97.77681778856112,785.7393964354513],"R_pred":[-0.36568957104072525,0.9249711074199907,-0.10343881317129733,-0.2232053236298875,-0.19504816267514596,-0.9550579028207278,-0.9035765164806617,-0.3261666210317757,0.27778555432093],"T_pred":[-61.30927093105718,86.29711103192932,482.4673577440895],"rotation_error":41.71331286496576,"translation_error":309.02887634371575,"ADD":0,"ADD_S":0}}
{"id_image":1032,"data":{"Best_template_id":50,"GT_R":[0.22711868803592547,0.9693610097705885,-0.09358115883819972,0.1695339418254296,-0.13398039123727246,-0.9763750008856916,-0.9589967590734803,0.2058876827762422,-0.19476929869024406],"GT_T":[-131.80091946609775,99.38403193364542,788.6881391689349],"R_pred":[-0.2800440032423801,0.9270162918374036,-0.24943165580176718,0.26611421794393864,-0.17468190736406186,-0.9479817794914305,-0.9223657513459981,-0.33185392254376445,-0.19777359489135415],"T_pred":[-66.1654798934486,79.1484986094585,479.9709043074655],"rotation_error":31.394658324162926,"translation_error":316.2654246630839,"ADD":0,"ADD_S":0}}
{"id_image":1034,"data":{"Best_template_id":37,"GT_R":[0.2249035761836693,0.9697654868535094,-0.0947310449054975,0.16584722441852323,-0.1339020262785715,-0.977018580720517,-0.9601633399070003,0.20402410883419878,-0.19094847644475263],"GT_T":[-131.9808119638965,100.48917224756956,791.1408255077667],"R_pred":[0.33473368964594363,0.9391640748132382,-0.07696880924249722,0.15491205225776095,-0.13541429938113692,-0.9786037112071488,-0.9294921264224363,0.3156482347539908,-0.19081556229874824],"T_pred":[-84.23628835371977,92.36682412613045,550.4435224879958],"rotation_error":6.640860013117957,"translation_error":245.52128981976293,"ADD":0,"ADD_S":0}}
{"id_image":1039,"data":{"Best_template_id":50,"GT_R":[0.21442857230820653,0.9721919491616099,-0.09415253996199423,0.16300232338130652,-0.13066095657651522,-0.9779356199168895,-0.9630424667400193,0.19435052265924044,-0.18648782507825404],"GT_T":[-126.12961317642689,102.82925230199014,798.60096347313],"R_pred":[-0.4405534429510068,0.8710019412824885,-0.21741270014916453,0.1057016145728118,-0.1901686691812211,-0.9760445921875415,-0.8914818184240858,-0.4529806789963341,-0.008286849540414254],"T_pred":[-55.594167646798674,79.80343114395953,458.5413167563447],"rotation_error":39.58262543993777,"translation_error":348.0603408048806,"ADD":0,"ADD_S":0}}
{"id_image":1044,"data":{"Best_template_id":37,"GT_R":[0.2036186183027475,0.9745883120048111,-0.09337147067153995,0.16231892731663627,-0.12765388392311772,-0.9784468081649265,-0.965500933988711,0.18407396845531473,-0.18418785926838296],"GT_T":[-121.87101148594053,102.35018677783235,803.6172299092414],"R_pred":[0.7879676241596536,0.5837192248811154,0.19590530819858065,0.2279257457752289,0.019040330434389158,-0.9734923318803056,-0.5719762911948333,0.811732303361853,-0.11804147571876636],"T_pred":[-61.08597999994707,65.38975277270445,375.77896660070945],"rotation_error":44.70323003701879,"translation_error":433.7124315551277,"ADD":0,"ADD_S":0}}
{"id_image":1048,"data":{"Best_template_id":50,"GT_R":[0.19971568140458235,0.975416249411059,-0.09315122741292557,0.16330225896837702,-0.12687078260059867,-0.978384718084422,-0.966149401926948,0.18018765285417537,-0.1846263851929132],"GT_T":[-126.15607560877052,100.90836685557913,804.9544066388763],"R_pred":[-0.3200772098138724,0.9236700027113726,-0.21067583119318534,0.10153643473855045,-0.18764854296946587,-0.9769740921549663,-0.9419346751120008,-0.3340984142623394,-0.03372413689095466],"T_pred":[-61.72094818940024,82.69815497144825,485.49575238875815],"rotation_error":31.2963773805083,"translation_error":326.400565621005,"ADD":0,"ADD_S":0}}
{"id_image":1054,"data":{"Best_template_id":50,"GT_R":[0.19727457248568042,0.9758210994032186,-0.09410819844069525,0.1575002734693144,-0.12629538555770753,-0.979409480449459,-0.9676137721979123,0.17839055009979757,-0.1786068814127349],"GT_T":[-133.17042481578585,101.19310968933995,804.2338544526027],"R_pred":[-0.2996215883345907,0.929679437608624,-0.21429663341165633,0.12790270169579399,-0.18344689538944436,-0.9746733480868816,-0.9454458221933049,-0.319442295038849,-0.06394386160953436],"T_pred":[-67.13625026887865,83.45652774717193,491.5612936335035],"rotation_error":29.805273874584756,"translation_error":320.0612891873304,"ADD":0,"ADD_S":0}}
{"id_image":1060,"data":{"Best_template_id":19,"GT_R":[0.1943178443906453,0.9765242600162035,-0.09296269345216415,0.1680863647530195,-0.12651478992827117,-0.977620021362308,-0.9664298884105249,0.17434335215447777,-0.1887251336715527],"GT_T":[-139.81825264609594,98.9809130177429,803.524014720959],"R_pred":[0.9653118284099125,0.14157859080416918,0.21938226126516522,-0.16458034354822276,-0.32234885218641995,0.9322041235757578,0.20269776626657868,-0.9359736749075817,-0.28786610677628627],"T_pred":[-64.52702127789432,60.71781453430941,499.34110240769405],"rotation_error":161.58001888100264,"translation_error":315.6898452118352,"ADD":0,"ADD_S":0}}
{"id_image":1063,"data":{"Best_template_id":50,"GT_R":[0.1904906992642191,0.9774417413308856,-0.09122908950347959,0.16979276148796596,-0.12433509096184385,-0.9776048249903132,-0.9668938982284716,0.1707348025494111,-0.18964790572036805],"GT_T":[-140.20575135047096,97.7541374442812,802.2008002829692],"R_pred":[0.01967555540750132,0.9898836585436489,-0.14051055144595787,0.22177508734475582,-0.14135776934103106,-0.9647972800957483,-0.9748993194954196,-0.012178817478256665,-0.22231282745761438],"T_pred":[-85.43504380000732,87.64817825552167,548.1015286749708],"rotation_error":10.696496394931724,"translation_error":260.1315064509077,"ADD":0,"ADD_S":0}}
{"id_image":1064,"data":{"Best_template_id":37,"GT_R":[0.18912285189085487,0.9778132671182532,-0.09007789660186395,0.17082047580332732,-0.12309547937364523,-0.9775828309522969,-0.9669808071215583,0.16949588757405795,-0.1903114081847956],"GT_T":[-140.86388078836384,96.53821781311248,801.9223304984638],"R_pred":[-0.14943959196331436,0.9464327578054362,-0.2862391365740101,0.5236461328241301,-0.16980693531694113,-0.8348415013022544,-0.8387267349573232,-0.2746463902385482,-0.4702199744765883],"T_pred":[-73.11430435128531,75.05546979957482,499.9055637581519],"rotation_error":31.602726486693005,"translation_error":310.2670478183087,"ADD":0,"ADD_S":0}}
{"id_image":1068,"data":{"Best_template_id":50,"GT_R":[0.18413581456946754,0.9789942861360589,-0.08755183861646608,0.17071586798655147,-0.11957606513918186,-0.9780376256888661,-0.967961789392967,0.16514560845804085,-0.18914826108934943],"GT_T":[-143.68115064475188,98.39305423668016,801.2471055177027],"R_pred":[-0.4076954228947873,0.90249178261952,-0.13889933208940075,-0.07663817934493616,-0.18539846643156033,-0.9796703517569157,-0.909896165294334,-0.3887621264334614,0.14475143326958584],"T_pred":[-67.21158965756773,79.85439473091726,455.7549986000344],"rotation_error":37.95318465680365,"translation_error":354.33892193245276,"ADD":0,"ADD_S":0}}
{"id_image":1070,"data":{"Best_template_id":50,"GT_R":[0.17879143757952717,0.9800132494953159,-0.08722686181318755,0.16870486665666534,-0.11787886714846821,-0.9785927039708938,-0.9693154973652055,0.16024849535549365,-0.18640956510096368],"GT_T":[-143.7049704515093,101.4128692810982,801.7811930341867],"R_pred":[-0.22707044662067466,0.9583143450595182,-0.17341461393041258,-0.0073990132404321285,-0.17975844563812093,-0.9836829549325508,-0.9738502281534648,-0.2220822308851238,0.047908411062477896],"T_pred":[-77.6074027176074,89.39077685921285,511.97248958108037],"rotation_error":26.122821770815037,"translation_error":297.49370373792556,"ADD":0,"ADD_S":0}}
{"id_image":1071,"data":{"Best_template_id":19,"GT_R":[0.175281816595255,0.9803745947015637,-0.09024006472184072,0.16762081515507618,-0.12003867599576067,-0.9785164983020451,-0.9701441091612254,0.15639038296180008,-0.18537229662713656],"GT_T":[-142.71290522069322,103.32702766602287,802.378991759034],"R_pred":[-0.24321127201903558,0.9670129304640629,-0.0757249594135797,-0.3104786996066578,-0.1515735555424908,-0.9384180488198032,-0.9189402887312329,-0.2047228604125907,0.3371013144012428],"T_pred":[-65.17699242244491,88.91008800517687,458.5406076921474],"rotation_error":37.17221973469636,"translation_error":352.76692061525534,"ADD":0,"ADD_S":0}}
{"id_image":1073,"data":{"Best_template_id":37,"GT_R":[0.1715578507660536,0.9808542166382187,-0.09216209069803416,0.16549357552403055,-0.12091229915367745,-0.9787709931430062,-0.9711746794192514,0.15266349518664454,-0.1830693278301949],"GT_T":[-144.66098314952598,103.45582602405956,802.1843527188723],"R_pred":[0.395751854539712,0.9173949540453912,0.042035317536965544,0.26284823684060915,-0.06929422568420857,-0.9623456316088358,-0.8799382217054569,0.39189897751701375,-0.2685589644807216],"T_pred":[-89.6279307314411,87.56955939283971,520.0453982818533],"rotation_error":16.135686208924756,"translation_error":287.894772333129,"ADD":0,"ADD_S":0}}
{"id_image":1074,"data":{"Best_template_id":37,"GT_R":[0.17093267789740846,0.9808370217052468,-0.09349232438673752,0.16647498631347274,-0.12227482102580305,-0.9784351288604266,-0.9711165720592548,0.15168263075269503,-0.1841866676199167],"GT_T":[-146.43197222366874,102.29810155561871,801.909404644391],"R_pred":[0.6141480266431899,0.7862941705688993,-0.06755500499328387,-0.06712438317148611,-0.033245708403002505,-0.9971905735899382,-0.7863310489571955,0.6169572109977721,0.03236172498071371],"T_pred":[-86.44677543137107,86.08317815695966,482.2540383019847],"rotation_error":31.660990631410872,"translation_error":325.63891168982406,"ADD":0,"ADD_S":0}}
{"id_image":1075,"data":{"Best_template_id":50,"GT_R":[0.1696130491623412,0.980997955305951,-0.09420459110159987,0.16857036480593662,-0.12306039103458653,-0.9779775880564596,-0.9709869877860331,0.14999755712296903,-0.18623994410850567],"GT_T":[-147.51317985005102,99.11741039428037,801.7999351620941],"R_pred":[-0.4094687748618189,0.9018492469400503,-0.13785230577261115,-0.13814783786596085,-0.21064932534994707,-0.967751019954292,-0.901804023780179,-0.37721982652463604,0.2108428447223245],"T_pred":[-74.41957324679115,82.94840979957556,477.676022583747],"rotation_error":38.871461659408546,"translation_error":332.65661365979133,"ADD":0,"ADD_S":0}}
{"id_image":1076,"data":{"Best_template_id":37,"GT_R":[0.16981019087409926,0.9809741782937036,-0.09409710488765906,0.17128801012994357,-0.12341117776525046,-0.9774611372682426,-0.9704765437757326,0.149865572934072,-0.18898637202814353],"GT_T":[-149.72113326337197,96.29475438258537,801.30061779866],"R_pred":[0.46259394493996364,0.8678032647690666,0.18145064276830475,0.46646682744190304,-0.0641940935305867,-0.8822062214993,-0.7539333796836214,0.4927439619233659,-0.4344972347287115],"T_pred":[-94.98762165385504,78.3357076471237,513.4982691185304],"rotation_error":28.92242635333387,"translation_error":293.5106072334602,"ADD":0,"ADD_S":0}}
{"id_image":1078,"data":{"Best_template_id":50,"GT_R":[0.17099656149813286,0.980678295586402,-0.09503340996521126,0.1747215313144663,-0.12510708883831226,-0.9766373876848059,-0.9696562735772666,0.1503971421089277,-0.1927383063844639],"GT_T":[-153.77776729000593,92.83194181065663,800.372996866296],"R_pred":[-0.15378793344033337,0.9843463331706908,-0.0860904634763176,-0.2663468223515217,-0.12519839910338593,-0.955711635947369,-0.9515296326186584,-0.12404699607553926,0.28143152100153374],"T_pred":[-86.63114931901129,83.66387207121912,500.0022871478308],"rotation_error":31.816626966436154,"translation_error":307.92090715712106,"ADD":0,"ADD_S":0}}
{"id_image":1081,"data":{"Best_template_id":37,"GT_R":[0.16981251972283015,0.9808438963495419,-0.09544649658596363,0.17720258205366285,-0.1256656098560106,-0.9761193778584707,-0.9694138604918546,0.14884363576107817,-0.19514773479071798],"GT_T":[-157.00606618635436,89.08305575796086,799.3563001969593],"R_pred":[-0.02785963619852716,0.9836877256871112,-0.17771409342931888,0.13683684329606705,-0.17235654502766373,-0.9754839310326413,-0.9902017567080224,-0.051494462990169076,-0.129802932531206],"T_pred":[-93.24656409281388,82.02640830824825,536.8251300370039],"rotation_error":12.478712884004537,"translation_error":270.254853214519,"ADD":0,"ADD_S":0}}
{"id_image":1090,"data":{"Best_template_id":50,"GT_R":[0.1609145065148249,0.9826298751265977,-0.09244739067683128,0.18170714035746657,-0.12156202485224875,-0.9758105718038921,-0.9700973184905495,0.14022426574032762,-0.19811247825987752],"GT_T":[-156.9931913865174,87.0871379917608,800.1560103382238],"R_pred":[-0.10926794164435727,0.9804423086119156,-0.16368688527961633,0.13872169865667133,-0.148020438367659,-0.9792069444950099,-0.9842849217836331,-0.12970285004263793,-0.11983473386378418],"T_pred":[-92.88703327544728,79.7947801867026,529.9476365124882],"rotation_error":16.251215032794892,"translation_error":277.80450549922153,"ADD":0,"ADD_S":0}}
{"id_image":1093,"data":{"Best_template_id":37,"GT_R":[0.15727311602890542,0.9832475812044529,-0.09213957610645805,0.18582597402438744,-0.12109868201789721,-0.9750923466601099,-0.969914526922302,0.1362339317997955,-0.20175850411295315],"GT_T":[-157.53477343027325,84.38770666656801,800.6228463374641],"R_pred":[0.5751522523646033,0.8162626389384551,0.05399250756496654,0.1420729692021116,-0.03467213318388501,-0.9892487627500854,-0.805614770235762,0.576639529909031,-0.1359106122577344],"T_pred":[-100.70941524170328,76.6712135615942,513.2644845429246],"rotation_error":27.709421028419683,"translation_error":293.0247322195515,"ADD":0,"ADD_S":0}}
