{"id_image":1,"data":{"GT_R":[0.9131425245573238,-0.23881848375061432,-0.3303588863678188,-0.40650814921943157,-0.47308090927018354,-0.7816309193847002,0.03038142235935319,0.8480338588102286,-0.5290717121681395],"GT_T":[31.382662041837325,132.4461222699748,837.664418625805],"R_pred":[0.9411771402509244,-0.23373515721890425,-0.24403579030327976,-0.3363617217357304,-0.5788900440544894,-0.7427968154519556,0.03234784104182652,0.7811876811461159,-0.6234576360952581],"T_pred":[27.113512362307272,145.7048841385313,845.8417157165661],"rotation_error":8.03468334413693,"translation_error":16.152046092798585,"ADD":0,"ADD_S":1}}
{"id_image":2,"data":{"GT_R":[0.9131957526980741,-0.23881691294362414,-0.33021124442058963,-0.4063659287640929,-0.4726885564991456,-0.7819424565414429,0.030653270683437466,0.848253291230911,-0.5287032339691619],"GT_T":[30.978070547927903,133.15676613220083,837.8097967469919],"R_pred":[0.8784858184893646,-0.2551774729541425,0.4039147484430454,-0.4547886452460126,-0.7056732116379985,0.5433163043125147,0.14638973621250673,-0.6609915095318928,-0.7359757261339414],"T_pred":[14.52507778676056,110.9391777705593,722.8965969408705],"rotation_error":99.89723013956973,"translation_error":118.19207119383242,"ADD":0,"ADD_S":0}}
{"id_image":3,"data":{"GT_R":[0.9138684134463467,-0.23868486285210289,-0.32844038175325535,-0.4047340145938083,-0.4714820515545819,-0.7835149567933706,0.03215909564182439,0.8489603684890007,-0.5274767045170264],"GT_T":[30.57880083134045,134.4689472065632,837.8455632597538],"R_pred":[0.8650257016221908,-0.29889031353107726,-0.40298277383820214,-0.48418527315842014,-0.7078272281802436,-0.5143396118355843,-0.13151105196729027,0.6400353080291492,-0.7570070327853559],"T_pred":[25.22152080638563,118.65575975947851,632.538062220399],"rotation_error":21.14493378243294,"translation_error":205.98525998121107,"ADD":0,"ADD_S":0}}
{"id_image":4,"data":{"GT_R":[0.9128878275722059,-0.2385023099725738,-0.3312887375485051,-0.40707593205182224,-0.47142112387258694,-0.782337809724037,0.0304126776516066,0.8490461006305745,-0.5274430668487192],"GT_T":[31.055779334659228,134.49185942003552,838.1790080104397],"R_pred":[0.9465879562964193,-0.31821934817356695,-0.052035444098781476,-0.2834150615691768,-0.8980641038268773,0.33638782423471786,-0.15377627863330212,-0.30367303447230526,-0.9402848208197744],"T_pred":[28.45201134502381,147.07691045792305,929.1083111020961],"rotation_error":76.51828976941194,"translation_error":91.83300756320897,"ADD":0,"ADD_S":0}}
{"id_image":5,"data":{"GT_R":[0.9135183988644592,-0.23718365769067026,-0.3304958286519952,-0.40565426587794134,-0.47028181762850124,-0.7837603352939777,0.030469219247893843,0.8500474387182927,-0.52582539408654],"GT_T":[31.673438735505755,134.62184915107943,838.1516705694122],"R_pred":[0.870586633595023,-0.21927474550967907,-0.4404514722274765,-0.4809132066043039,-0.5683321765652615,-0.6676234154028443,-0.10392978937365413,0.7930429515872758,-0.6002345173500854],"T_pred":[24.189558628449955,118.50336137250986,639.5527691980227],"rotation_error":10.724562285581813,"translation_error":199.392421459913,"ADD":0,"ADD_S":0}}
{"id_image":6,"data":{"GT_R":[0.9135051738393914,-0.23733675586488795,-0.33042434636926593,-0.40572547235177564,-0.4717248289851481,-0.7828564209394939,0.029930666535013,0.8492046554950962,-0.5272163158886439],"GT_T":[30.973319083702147,135.04685519252416,838.2615172256297],"R_pred":[0.9362930330851621,-0.2619133114648499,-0.23400165271575166,-0.09891785374509181,-0.8359305131082222,0.5398476039264127,-0.3370023952535818,-0.48230860922457197,-0.8085838182039063],"T_pred":[25.88437236651571,124.4827143859667,820.5857232272155],"rotation_error":89.62004896118555,"translation_error":21.21160397389867,"ADD":0,"ADD_S":0}}
{"id_image":7,"data":{"GT_R":[0.9133148978423463,-0.23864074417819037,-0.3300110179814459,-0.4060236393692987,-0.4705931318667205,-0.7833824010786159,0.03164545563057417,0.8494665311786516,-0.5266932495292906],"GT_T":[31.11855814824962,134.95909900593819,838.1126423518817],"R_pred":[0.8951343617049589,-0.30560434152795446,-0.3245619523824711,-0.4271091476207729,-0.7964976363308808,-0.42798281663867854,-0.12771942105143153,0.521725504224765,-0.8434988131157636],"T_pred":[26.676872391154365,129.25426874401813,708.6838400827141],"rotation_error":28.08459817912928,"translation_error":129.63058480741876,"ADD":0,"ADD_S":0}}
{"id_image":8,"data":{"GT_R":[0.9124839145693919,-0.23758978225509558,-0.33305256414020434,-0.4080179405543274,-0.4689881150363849,-0.7833085097579979,0.029908789249065995,0.8506477739792705,-0.5248845913234357],"GT_T":[31.991239863061274,134.2133782086581,837.5224462828024],"R_pred":[0.9150845809586865,-0.2405037692716027,-0.3236945267653084,-0.4019261977221862,-0.6092240503255858,-0.6835944617165022,-0.03279544596817388,0.7556480619117871,-0.6541563003233316],"T_pred":[23.656238727861226,120.50831640775982,657.0383532959237],"rotation_error":9.8878008240781,"translation_error":181.19549879670444,"ADD":0,"ADD_S":0}}
{"id_image":9,"data":{"GT_R":[0.9136900641131848,-0.23547840908146936,-0.3312389416656914,-0.4054189996931498,-0.4712012894557818,-0.7833300076352053,0.028376104222255987,0.8500118919342645,-0.5259995370050077],"GT_T":[32.05230306963335,133.5621540384543,837.4401231619468],"R_pred":[0.8929630661167777,-0.23199766548384923,-0.38573831254020713,-0.42023765835560445,-0.7367486392492576,-0.529718560241347,-0.16129870753084413,0.6351208749320174,-0.7553834795482808],"T_pred":[25.009500160286166,124.49978182936148,679.814922238479],"rotation_error":21.300052890002508,"translation_error":158.04249943935852,"ADD":0,"ADD_S":0}}
{"id_image":10,"data":{"GT_R":[0.9133326473844741,-0.23552447242361352,-0.33219296120248815,-0.4062474541105696,-0.4707967777454244,-0.7831439419670634,0.028053343910350876,0.8502231453345458,-0.5256752100033858],"GT_T":[32.019252635572634,133.297793231758,837.175948459721],"R_pred":[0.9750930116962088,-0.21460819982645038,-0.056008384269382684,-0.15712173267887278,-0.4901432094135457,-0.8573636307808827,0.1565451361786924,0.8448094192378772,-0.5116548304333257],"T_pred":[22.050390708652422,131.30666403165822,748.4224898572935],"rotation_error":16.524637763837944,"translation_error":89.33375183827386,"ADD":0,"ADD_S":0}}
{"id_image":11,"data":{"GT_R":[0.9139096769663229,-0.2351414886555904,-0.33087349180472786,-0.4048975739810096,-0.4703354795645005,-0.7841192193291093,0.028757083758092834,0.850584800527009,-0.5250518780566257],"GT_T":[32.1494987546495,133.69792413032565,837.0524619396516],"R_pred":[0.9264941029140914,-0.2788125269002964,0.2527296027553648,-0.37484443042501564,-0.7429804242333661,0.5545013455216795,0.03317122615699722,-0.6084765106801403,-0.7928783044741244],"T_pred":[18.223547369514172,111.92016929983372,736.8230537572066],"rotation_error":95.88906636393256,"translation_error":103.5091155021689,"ADD":0,"ADD_S":0}}
{"id_image":12,"data":{"GT_R":[0.9136768609330486,-0.23458818019854139,-0.3319066836352743,-0.4054867668725709,-0.47021001870816986,-0.7838896024518719,0.027825105717564486,0.8508066038912049,-0.5247432361450867],"GT_T":[32.65757693725724,133.14571498645967,836.7677897051058],"R_pred":[0.9195579812187149,-0.31018795170836266,0.24123961903454438,-0.38565276211108757,-0.8301839551174077,0.4025748970585559,0.0753993783333163,-0.46322568503979616,-0.8830271221578423],"T_pred":[23.032683332215544,132.6512940853053,858.7753609954133],"rotation_error":86.11854022224627,"translation_error":24.025324618698455,"ADD":0,"ADD_S":0}}
{"id_image":13,"data":{"GT_R":[0.913642605270631,-0.23323706584930226,-0.332951705624741,-0.4057348078986942,-0.4723814681853018,-0.7824545679359914,0.025216707787004015,0.8499744536051743,-0.5262206242091105],"GT_T":[32.704178614519186,132.03768958300927,836.8528177267091],"R_pred":[0.8847844978410235,-0.22466006500978197,-0.40826982201726447,-0.4212169910537866,-0.760319954653232,-0.49445911155898575,-0.19933047641492888,0.6094599426918128,-0.7673499458697379],"T_pred":[25.713054094966367,120.26811755466575,661.7058859272826],"rotation_error":23.76162186139664,"translation_error":175.6810927975211,"ADD":0,"ADD_S":0}}
{"id_image":14,"data":{"GT_R":[0.9140150329907765,-0.23318246780796817,-0.3319664514380943,-0.40487978959033993,-0.4729989028994878,-0.782524355921054,0.02545004103716597,0.8496460387452771,-0.5267392972854551],"GT_T":[32.1481077152887,131.39069412112974,836.474518363409],"R_pred":[0.9745392434193838,-0.21951861053752394,-0.04566007734608228,-0.1575890625309602,-0.5257337904710074,-0.8359244397238307,0.1594959259861783,0.8218366998282943,-0.5469419424483277],"T_pred":[18.130142188291494,120.02159236280421,681.3913622299502],"rotation_error":16.851198914332322,"translation_error":156.12989831746503,"ADD":0,"ADD_S":0}}
{"id_image":15,"data":{"GT_R":[0.9133336697109481,-0.23265586779968747,-0.3342033451803718,-0.40653694291256737,-0.4737477332615483,-0.7812112678664604,0.023424483698009202,0.8493730776072519,-0.5272729845715368],"GT_T":[30.161241008156917,130.8661649827192,835.8146523342783],"R_pred":[0.9850892608290853,-0.16316161257204503,0.05456589028043219,-0.017101188793719455,-0.40845418983063875,-0.9126186082650507,0.1711919902946626,0.8980776486433044,-0.40515409348328907],"T_pred":[13.53365546558639,111.69013427439313,642.7097152179291],"rotation_error":24.954657031017522,"translation_error":194.7657913839372,"ADD":0,"ADD_S":0}}
{"id_image":16,"data":{"GT_R":[0.9147116063125413,-0.23513941127490304,-0.328652338523289,-0.4031524174330027,-0.47510005258849924,-0.7821436817324804,0.027769785988773887,0.8479332073639271,-0.5293759674313612],"GT_T":[27.57668067599869,130.4910473513318,835.4579289342579],"R_pred":[0.9462079523275387,-0.25655553339236037,0.19715417631358412,-0.32339267931141646,-0.7694208112744803,0.5508255532793518,0.010377182657623718,-0.5849537361736243,-0.8110002716501445],"T_pred":[14.758186455997416,120.65071810502077,828.1641842866052],"rotation_error":94.02108808915966,"translation_error":17.729765501245996,"ADD":0,"ADD_S":0}}
{"id_image":17,"data":{"GT_R":[0.9148762965918997,-0.23661204292455282,-0.32713365343310064,-0.40262443564011374,-0.4746444387010616,-0.7826922215317064,0.029921005866643154,0.8477778390600522,-0.529507298060107],"GT_T":[25.203316046827524,130.0196679843263,834.7345263680805],"R_pred":[0.9452517375444377,-0.25340321182379344,-0.20563551470163777,-0.32630303047695075,-0.7436435747353055,-0.5835414004648293,-0.005048264135318184,0.6186930143393262,-0.7856166170830008],"T_pred":[16.64340114221809,120.71876975285436,669.8117641246047],"rotation_error":20.4916000968335,"translation_error":165.40645802720164,"ADD":0,"ADD_S":0}}
{"id_image":18,"data":{"GT_R":[0.9139421253560536,-0.23907852090460008,-0.32795046630072705,-0.40465449354726474,-0.4749524376697605,-0.781457305892286,0.03106788562852702,0.8469129946566382,-0.5308236979627533],"GT_T":[23.53839337876929,129.87902498809646,834.3798267754339],"R_pred":[0.904871632243988,-0.26916587896411953,-0.32978335124983765,-0.4212567127767926,-0.6776593831484712,-0.6027607671135575,-0.06123815069539296,0.6843445696667041,-0.7265826854991122],"T_pred":[17.46515880211128,116.07412423206523,636.6853727492379],"rotation_error":15.611093004148202,"translation_error":198.26889976953703,"ADD":0,"ADD_S":0}}
{"id_image":19,"data":{"GT_R":[0.9137939489294512,-0.2387741504246255,-0.32858365027987624,-0.40505340062363154,-0.47553726716249356,-0.7808951592121883,0.030203248751462228,0.8466715094931468,-0.5312594560588109],"GT_T":[22.297956889015065,129.9678969329263,834.0283196925378],"R_pred":[0.9625458429550401,-0.26740138338676944,-0.044743718808491734,-0.2426465817895024,-0.9232705831917121,0.2978154907970809,-0.12094683359163128,-0.2758041522089141,-0.9535742934184417],"T_pred":[14.616496475114099,124.35244356318215,790.6730696426449],"rotation_error":74.56417580457112,"translation_error":44.387113642664765,"ADD":0,"ADD_S":0}}
{"id_image":20,"data":{"GT_R":[0.9139738365713554,-0.2393299059648017,-0.32767845207694196,-0.40460863476551867,-0.47637904030654354,-0.7806125026166176,0.03072477149131521,0.8460412439628997,-0.5322325036584],"GT_T":[21.75975141704539,129.61108139362443,833.962120810946],"R_pred":[0.9552444041623309,-0.24365159351257729,0.16775586217874788,-0.2947994833146133,-0.7370711055831305,0.6081278236949027,-0.024523314498457766,-0.6303650420932648,-0.775911412954318],"T_pred":[9.170629404495998,104.042752124593,712.6062000557594],"rotation_error":97.15188346365196,"translation_error":124.65747052220978,"ADD":0,"ADD_S":0}}
{"id_image":21,"data":{"GT_R":[0.9140819319060363,-0.23957059434913522,-0.3271989224752823,-0.4042927732175013,-0.47540216469670876,-0.7813716637263638,0.03164245729791225,0.8465221142389532,-0.5314134500554117],"GT_T":[21.982457072455908,129.26861937111795,833.7873204082213],"R_pred":[0.8308020612555997,-0.18866825898125178,-0.5236145749178776,-0.5456820905399027,-0.4612813288349086,-0.6996074554579176,-0.10953990632389538,0.8669624119425733,-0.4861863687941775],"T_pred":[19.38110473661319,120.55781124599056,692.7807167251443],"rotation_error":12.668272003705635,"translation_error":141.29935418962222,"ADD":0,"ADD_S":0}}
{"id_image":22,"data":{"GT_R":[0.9142282961192628,-0.23796381585033632,-0.3279625067709084,-0.404091377136599,-0.4756254471849226,-0.7813398685790248,0.02994335458968736,0.8468496509982647,-0.5309895111058434],"GT_T":[22.68050197414456,129.11772601834915,833.8464650076288],"R_pred":[0.7137624258892108,-0.2008346295416515,-0.6709758944743218,-0.6552298721890495,-0.5299010808258166,-0.538403806757301,-0.24742072261609466,0.8239358567974203,-0.5098163295772611],"T_pred":[21.71258049832182,105.09837645964504,572.318379877368],"rotation_error":24.569168391489647,"translation_error":262.63054913148915,"ADD":0,"ADD_S":0}}
{"id_image":23,"data":{"GT_R":[0.9134177211197698,-0.236758596595521,-0.33107837632552584,-0.40604050591492286,-0.4735503084282872,-0.7815893423409096,0.02826550389932656,0.8483491096651578,-0.5286828790790243],"GT_T":[24.11005305138699,128.72676689613704,833.769866264513],"R_pred":[0.9453360757034409,-0.3121187569092918,0.0944541452717521,-0.3253125545277684,-0.8825460838916481,0.3395351994626383,-0.022615168366309474,-0.35170199230728605,-0.9358388016997634],"T_pred":[18.871583261331235,140.92101631800867,933.1078181001743],"rotation_error":78.85715558062407,"translation_error":100.22060646198621,"ADD":0,"ADD_S":0}}
{"id_image":24,"data":{"GT_R":[0.9141412945661266,-0.2364120422476693,-0.32932583752019495,-0.4043523343931589,-0.4734602452817262,-0.7825189082906576,0.02907336870267743,0.8484962961887295,-0.5284039111418621],"GT_T":[25.30889158973574,129.09508920827437,834.1803809152909],"R_pred":[0.9594756659078696,-0.27444595132231625,-0.06392078170234955,-0.22195484430337412,-0.5962792708393687,-0.7714836863197664,0.17361593711671625,0.7544073508192107,-0.6330300588510982],"T_pred":[20.351011480104788,138.57991871793084,818.0396344861703],"rotation_error":16.418301083528085,"translation_error":19.366627514822913,"ADD":0,"ADD_S":1}}
{"id_image":25,"data":{"GT_R":[0.9135248377483325,-0.2343939733216539,-0.3324620267422868,-0.4060112352575194,-0.4750881702899787,-0.7806708973339648,0.025035180210607588,0.8481455423203578,-0.5291715806069082],"GT_T":[27.747075575198906,129.37966643929175,834.8204487325929],"R_pred":[0.743086628368906,-0.35555140881835307,0.5669263253956511,-0.5802255960840513,-0.7644020297085184,0.2811188265243092,0.33340743901154735,-0.5378408060614048,-0.7743169550946045],"T_pred":[14.556395859801013,115.0718821500845,733.3306859055227],"rotation_error":92.4390424140582,"translation_error":103.33866014863776,"ADD":0,"ADD_S":0}}
{"id_image":26,"data":{"GT_R":[0.9143673077822385,-0.23350299316683376,-0.3307696002677456,-0.404028346954728,-0.4730682561101152,-0.7829234282873314,0.026337345811736697,0.8495196739961541,-0.526899419548671],"GT_T":[29.48438786577241,128.82640529981344,835.0955441049459],"R_pred":[0.9502771857191368,-0.3078104667391681,0.04718036527553873,-0.29371535100750534,-0.8356103763985185,0.4642053332714565,-0.10346285751058559,-0.45498133524458073,-0.8844701361237713],"T_pred":[21.90921594163454,122.60818127409573,823.2268021078546],"rotation_error":85.62722995126259,"translation_error":15.392094604301876,"ADD":0,"ADD_S":0}}
{"id_image":27,"data":{"GT_R":[0.9140335923666373,-0.23153992964803013,-0.3330641779298224,-0.4049582532902651,-0.47333024155376163,-0.7822831290987685,0.023479606592944388,0.8499106352398124,-0.5264037871040105],"GT_T":[30.443822882640298,128.66469371281482,835.4241848422473],"R_pred":[0.8974558357102442,-0.22213428719845996,-0.3810897288047269,-0.42674054216464485,-0.6559054642339227,-0.622639969533845,-0.1116491496727727,0.7214183116881042,-0.6834398927033981],"T_pred":[23.838095946803698,118.66976475449812,666.3965738946647],"rotation_error":14.151795482568689,"translation_error":169.4516671380957,"ADD":0,"ADD_S":0}}
{"id_image":28,"data":{"GT_R":[0.9141822210397381,-0.2299123547137071,-0.3337835793769313,-0.40471316844600197,-0.47338044439069327,-0.7823799747082752,0.02187184599036591,0.8503252606424829,-0.525804743078315],"GT_T":[30.54564667160572,128.72740361003312,835.8224658790148],"R_pred":[0.8968610148222547,-0.2710378585868865,-0.3495408406819293,-0.4180022105131999,-0.7777506070283737,-0.4694445071284513,-0.14461836708410675,0.5671353211356448,-0.8108286227201748],"T_pred":[23.746238581006782,118.2494799285955,663.972564765988],"rotation_error":25.24859552294112,"translation_error":172.30324241758663,"ADD":0,"ADD_S":0}}
{"id_image":29,"data":{"GT_R":[0.91405167783997,-0.2294114950052386,-0.33448455955890927,-0.4050469651992133,-0.47332437197352845,-0.782242129136351,0.021135314480101728,0.8504914593351681,-0.5255651173904178],"GT_T":[30.031740950759385,128.37213938376772,835.8910199709703],"R_pred":[0.9538586152962514,-0.2693936103913534,-0.132592702308345,-0.1849095294486433,-0.8749670669974778,0.4474830696114799,-0.23656332755564421,-0.40231792695596214,-0.884408320689973],"T_pred":[23.263311627303263,127.15223806081377,862.2637783443323],"rotation_error":83.26153873704828,"translation_error":27.254764335141488,"ADD":0,"ADD_S":0}}
{"id_image":30,"data":{"GT_R":[0.9150516216993909,-0.22888182053913522,-0.33210492370821143,-0.40273274773074935,-0.47342706245511174,-0.7833740654883103,0.022072270518911814,0.8505774021467287,-0.5253883513113512],"GT_T":[28.48020237347946,128.63312205285163,835.8868478499498],"R_pred":[0.9709975106066697,-0.23907899107212882,-0.0022517601078748117,-0.15204966978823353,-0.6102129057853309,-0.7775095546231646,0.18451214678968866,0.7553022213928379,-0.6288670941034399],"T_pred":[18.362963955830125,136.18366128450884,810.7626548521873],"rotation_error":19.939704271541302,"translation_error":28.11750752960108,"ADD":0,"ADD_S":0}}
{"id_image":31,"data":{"GT_R":[0.9147130685455749,-0.2293080448048896,-0.33274390422198435,-0.4035057446493278,-0.47347139094073026,-0.7829487992386766,0.021991822933540087,0.8504369314027248,-0.5256178312072386],"GT_T":[26.436296316823807,129.20502821320736,835.8573798315238],"R_pred":[0.878494843011252,-0.31079399849930717,-0.3628414272095287,-0.4235908554185081,-0.8579403347578144,-0.2907046081531317,-0.22094704797406015,0.4090788096350897,-0.8853456553793475],"T_pred":[27.03117988968337,160.25059088444593,1002.0190240000865],"rotation_error":36.45246807348344,"translation_error":169.0380810374961,"ADD":0,"ADD_S":0}}
{"id_image":32,"data":{"GT_R":[0.9146337573489008,-0.22989843942702648,-0.33255313218321353,-0.4036450615955835,-0.47307840483448643,-0.7831149107240123,0.022712781990925655,0.8504969941346282,-0.5254911432749785],"GT_T":[24.65400134963621,129.31025354372812,835.7562507292387],"R_pred":[0.956270087491683,-0.24649845749315336,-0.15743579714329375,-0.28725659471420784,-0.6901903592795354,-0.6641693434289052,0.05505604927567565,0.6803497471235523,-0.7308167027559458],"T_pred":[15.447257935036388,115.18245410361658,636.0505587719151],"rotation_error":17.237362824850035,"translation_error":200.41637218918942,"ADD":0,"ADD_S":0}}
{"id_image":33,"data":{"GT_R":[0.914167254851809,-0.23052266518732858,-0.333402699215732,-0.40473407968664415,-0.47427388287253075,-0.78182831851578,0.02210394334024109,0.8496612343131215,-0.5268656691636288],"GT_T":[23.75094456928412,128.45961519602255,836.1102266267453],"R_pred":[0.97253872553789,-0.17008710427753784,0.15886725366676116,0.0861621939801068,-0.3709767567316653,-0.9246363189348499,0.21620477251363238,0.9129329783304669,-0.34613418412371766],"T_pred":[6.356772693078936,100.73158076277284,572.8610634817197],"rotation_error":31.673241702505656,"translation_error":265.27631444466874,"ADD":0,"ADD_S":0}}
{"id_image":34,"data":{"GT_R":[0.9162312313445296,-0.22848264307531688,-0.32911307565182,-0.39999047025771217,-0.47455183442505855,-0.7840974809961325,0.02297122747050838,0.8500570546809818,-0.52619029148887],"GT_T":[21.891250383208256,128.50645327650304,835.8388380875504],"R_pred":[0.90030775459352,-0.23689687821985428,-0.3651380781409438,-0.4340056212450376,-0.5520970205548777,-0.7119185351022516,-0.0329403665201741,0.7994177562351955,-0.5998718056963522],"T_pred":[16.02283219616872,124.14732865806695,721.039552133326],"rotation_error":6.424670076407583,"translation_error":115.03180584106647,"ADD":0,"ADD_S":0}}
{"id_image":35,"data":{"GT_R":[0.9161179855685756,-0.23026373808139133,-0.32818780348176974,-0.4001707038653364,-0.4755236498816361,-0.7834170827642387,0.024331547368677806,0.8490329649498968,-0.527779570919031],"GT_T":[19.604438595246513,129.34588445136703,835.5355458781083],"R_pred":[0.6207666064632366,-0.3993137209380764,-0.67468316458224,0.3525516836566608,-0.6264700515539279,0.6951565182438216,-0.7002543328327013,-0.6693906383992886,-0.24811296333005556],"T_pred":[27.29263943194318,150.4741257399818,1138.713342670948],"rotation_error":118.68982204156545,"translation_error":304.0103410744701,"ADD":0,"ADD_S":0}}
{"id_image":36,"data":{"GT_R":[0.9160884184912524,-0.23254634591366527,-0.3266567790410445,-0.40006521114533083,-0.47517582902290545,-0.7836812680402225,0.027022657700131104,0.8486059471030352,-0.5283359910348807],"GT_T":[16.81237169263806,130.35659782383254,835.0137864063197],"R_pred":[0.9122719109341957,-0.33916229263278097,-0.22962774173985784,-0.4008817212867971,-0.8543268359831374,-0.33078618903632634,-0.08398693980974485,0.3938205131466838,-0.9153423388909075],"T_pred":[13.57397423217046,166.82307178338422,1023.6943717426309],"rotation_error":35.37779073302392,"translation_error":192.19951671117082,"ADD":0,"ADD_S":0}}
{"id_image":37,"data":{"GT_R":[0.9164238175766932,-0.2315832357062406,-0.326400068373269,-0.3993056410494046,-0.4743094773603196,-0.7845931177511809,0.02688372802705334,0.8493532406282797,-0.5271412937646154],"GT_T":[14.121230116627913,130.9439649022232,834.1521776922801],"R_pred":[0.9445616434152726,-0.2920154041990707,0.15010098433752017,-0.32778064165257204,-0.8651962555325028,0.3794671136875558,0.01905656701683897,-0.4076302774856029,-0.9129481935633277],"T_pred":[4.569455297007599,146.82571442001037,959.6618859096664],"rotation_error":82.43439258208784,"translation_error":126.87061608884814,"ADD":0,"ADD_S":0}}
{"id_image":38,"data":{"GT_R":[0.9163131432023289,-0.2330637209418187,-0.32565628120581236,-0.3994485211824687,-0.47408576462122626,-0.784655227324556,0.02848452110179814,0.8490724557028875,-0.5275080727381188],"GT_T":[12.623615334589008,132.19930780933984,833.572089831619],"R_pred":[0.731340879266907,-0.2294462929961189,-0.6422576717669056,-0.6263580429527713,-0.598560673432534,-0.49940036268345417,-0.26984462259137454,0.7675151587104521,-0.5814674202465587],"T_pred":[13.763170192668483,139.129621716267,806.5653654361897],"rotation_error":25.223112429784212,"translation_error":27.905035364496406,"ADD":0,"ADD_S":1}}
{"id_image":39,"data":{"GT_R":[0.9162015928952343,-0.23433318924873855,-0.32505744951524246,-0.3995223530138067,-0.47157824713762797,-0.7861273473892904,0.030926011380030104,0.8501194978488519,-0.5256822795415139],"GT_T":[11.342747668731105,134.1039431383911,832.8173477217161],"R_pred":[0.8276709880018072,-0.14367086374985305,-0.5425121367577719,-0.5546672354077294,-0.3566311605951807,-0.7517702263708512,-0.0854692552047728,0.9231321130812782,-0.374862785846816],"T_pred":[9.607263876938022,111.19460817049479,593.3281685795621],"rotation_error":15.389874273234499,"translation_error":240.5886873043818,"ADD":0,"ADD_S":0}}
{"id_image":40,"data":{"GT_R":[0.9150834028255229,-0.2341987282389584,-0.3282876049743655,-0.4021837240374823,-0.4704614900512736,-0.7854398076997905,0.02950233349365837,0.8507746255382282,-0.5247032460962547],"GT_T":[10.901759449426681,136.0058233717358,832.2474692646357],"R_pred":[0.973492536687609,-0.22426588110429002,0.044912087304422095,-0.19604414245839397,-0.7170311302603396,0.6689043671896102,-0.1178090625600447,-0.6599781608584456,-0.7419904662248883],"T_pred":[2.105140057196827,107.00208751776168,706.8440395388608],"rotation_error":100.26029645680984,"translation_error":129.01402014202264,"ADD":0,"ADD_S":0}}
{"id_image":41,"data":{"GT_R":[0.9153956764452544,-0.23367679056783208,-0.32778924035923734,-0.40142877338084215,-0.4690035591001254,-0.7866973618101579,0.030098438001931117,0.8517231637691319,-0.523127966183619],"GT_T":[12.11448189596466,137.10631012211311,831.8284606193575],"R_pred":[0.8041272293737595,-0.21153224702980633,-0.5555479344270856,-0.5765412114712984,-0.5052260588774776,-0.6421423992436092,-0.14484346880300805,0.8366604675121517,-0.5282230889003807],"T_pred":[13.518079795102349,122.65004109986532,650.8311893075013],"rotation_error":15.659666865594087,"translation_error":181.57909027044872,"ADD":0,"ADD_S":0}}
{"id_image":42,"data":{"GT_R":[0.9152075198014763,-0.23290087252164565,-0.3288646629897751,-0.4019525390445176,-0.46925807596565283,-0.7862777340153614,0.028802161912595874,0.8517952671282009,-0.5230834841593851],"GT_T":[14.489257768602547,137.61002408864232,831.8320224924969],"R_pred":[0.8346407589265259,-0.20442894291362007,-0.5114524521769077,-0.5431160634914731,-0.4599713270747596,-0.702460902717447,-0.0916501233827772,0.8640805434496858,-0.4949394602530872],"T_pred":[15.386500701241312,133.40359354620574,725.7275839522473],"rotation_error":11.701362394190804,"translation_error":106.19157678803963,"ADD":0,"ADD_S":0}}
{"id_image":43,"data":{"GT_R":[0.9166060919601697,-0.22826814081546967,-0.32821820022013426,-0.3989515558455393,-0.4690432879072308,-0.7879322198863971,0.02591047925580279,0.8531659877297051,-0.5209959743579897],"GT_T":[17.240484514025127,138.1528858780843,831.6788996022361],"R_pred":[0.9472599253116121,-0.25190354768222595,0.19809905745294965,0.04711201960291529,-0.5019786621409,-0.8635959010811517,0.3169843710777758,0.8273826354355888,-0.4636365851311632],"T_pred":[8.557410323595573,143.08461662856374,803.4664342618346],"rotation_error":31.0454953598063,"translation_error":29.927595061666523,"ADD":0,"ADD_S":0}}
{"id_image":44,"data":{"GT_R":[0.9174759279281962,-0.22273325860795085,-0.3295860919025563,-0.3972308023642052,-0.4690793533900622,-0.78877956001207,0.021084525559796112,0.8546079965562118,-0.5188451947478675],"GT_T":[20.803404055529835,138.25235804155966,831.3435989281669],"R_pred":[0.9138771157954599,-0.3166939794086189,-0.2540345264559623,-0.40531280965463856,-0.6755317672893882,-0.6159369754388339,0.023455139207313944,0.6658541542929722,-0.7457131497134515],"T_pred":[18.273248069080605,129.26997986795894,685.8398016356709],"rotation_error":16.97224693258547,"translation_error":145.80274288745426,"ADD":0,"ADD_S":0}}
{"id_image":45,"data":{"GT_R":[0.9182021296884169,-0.2180965215271989,-0.33066425535393534,-0.39573794542536467,-0.4687937002605794,-0.789698731062147,0.017216597697509745,0.8559597224591116,-0.5167567355438693],"GT_T":[23.906330776632057,137.71347935194373,830.9664988091733],"R_pred":[0.864010113271782,-0.2582894113118051,-0.4321725398128421,-0.49674877887335983,-0.577163966478746,-0.6481685016153951,-0.08201935656847847,0.774705321914547,-0.6269804537187509],"T_pred":[23.451086945187686,137.89590787681138,754.7184586223468],"rotation_error":11.863010879399747,"translation_error":76.24961743802173,"ADD":0,"ADD_S":0}}
{"id_image":46,"data":{"GT_R":[0.9194851416159942,-0.21624079111704575,-0.3283095200252325,-0.39274286797950025,-0.4684648298865928,-0.7913873966384801,0.017328391846352858,0.8566101508528545,-0.515674016980877],"GT_T":[26.763235175560208,137.06016399780316,830.4632749589332],"R_pred":[0.8616980055083004,-0.1852073605391298,-0.4724137814513316,-0.4924616718954361,-0.5296444139404974,-0.6906216739254416,-0.12230310305535821,0.8277529996223245,-0.5476010615395798],"T_pred":[22.129934632126744,122.48837243729893,648.1205284417965],"rotation_error":10.754473361523146,"translation_error":182.9827363185427,"ADD":0,"ADD_S":0}}
{"id_image":47,"data":{"GT_R":[0.9195881637306752,-0.2114162103675598,-0.33114968580037324,-0.3927101142157357,-0.46958917600551825,-0.7907376019544026,0.011669181568117457,0.8571983976379184,-0.5148544823650227],"GT_T":[28.62259193314679,137.3916504046708,829.8831657251853],"R_pred":[0.81668981139994,-0.22952922607111945,-0.5294658500174709,-0.5432974931022155,-0.6151184567178504,-0.5713642605150396,-0.19453942002683702,0.7542848391584197,-0.6270636295236545],"T_pred":[24.287052507498416,116.75392020112176,592.4596016933435],"rotation_error":18.55514110355452,"translation_error":238.3582630572054,"ADD":0,"ADD_S":0}}
{"id_image":48,"data":{"GT_R":[0.9210935475981158,-0.20824453839983562,-0.32896955281157225,-0.3891911420137657,-0.4689715326002014,-0.792841219115038,0.01082682607215836,0.8583121235892669,-0.5130136054980454],"GT_T":[29.68330019912989,138.40427538968714,828.9438767084511],"R_pred":[0.6705588089134682,-0.214674875637034,-0.7101165971576604,-0.6608395007545542,-0.607822201320527,-0.4402764197914083,-0.33710834761397196,0.764504329191204,-0.5494461689891783],"T_pred":[25.15237754817494,99.34134978762087,485.53909453113135],"rotation_error":30.589006444020242,"translation_error":345.6490790366928,"ADD":0,"ADD_S":0}}
{"id_image":49,"data":{"GT_R":[0.9215369454971917,-0.20517750190791248,-0.3296535050034894,-0.3881988695039991,-0.4683743973693069,-0.7936803430792666,0.00844405444182968,0.859376555028628,-0.5112735536157188],"GT_T":[31.20990207849812,139.50145253982356,828.120264813693],"R_pred":[0.9050068628676582,-0.19575496675844226,-0.37768051465734964,-0.4094092879714041,-0.6419188090123821,-0.6483242071362697,-0.1155275425393755,0.7413637674080963,-0.6610848291174792],"T_pred":[30.342466021134523,154.76521253238215,839.8069954357998],"rotation_error":13.22622956236895,"translation_error":19.243557027164574,"ADD":0,"ADD_S":0}}
{"id_image":50,"data":{"GT_R":[0.921881594943709,-0.20302808116147697,-0.33002051511425307,-0.3874179228075551,-0.46883564072649325,-0.7937887798853216,0.006435930489919487,0.8596355544067581,-0.5108681960140168],"GT_T":[32.51609062889457,140.4082209852071,827.250592600793],"R_pred":[0.9322958664692881,-0.1845303478594898,-0.3110835387530715,-0.33693183009733524,-0.7558448305986742,-0.5614049642856053,-0.13153463130118415,0.6282094736440361,-0.7668451590721196],"T_pred":[26.223976990790998,138.03361091840773,722.7409077819033],"rotation_error":21.481318613397722,"translation_error":104.72585014191968,"ADD":0,"ADD_S":0}}
{"id_image":51,"data":{"GT_R":[0.9232072342187233,-0.1983897166784271,-0.32913571132788655,-0.3842866916109467,-0.4686120439077766,-0.7954423252556977,0.0035707369525460166,0.8608396031626533,-0.5088639050287703],"GT_T":[33.520075857312605,141.20913146854167,826.1666711956018],"R_pred":[0.9022968668583526,-0.17582105624398275,-0.3936334846514602,-0.43028795835084815,-0.4238140305635361,-0.7970156462678439,-0.02669526092511243,0.8885204689137671,-0.4580597552344015],"T_pred":[27.727226584372804,134.36103359950036,702.9562097359045],"rotation_error":4.707411972267056,"translation_error":123.53651832650343,"ADD":0,"ADD_S":0}}
{"id_image":52,"data":{"GT_R":[0.9238460167595627,-0.19723363061261615,-0.3280355897664752,-0.3827528426878035,-0.4693528257572503,-0.7957442059883153,0.0029828059709037244,0.8607017325634999,-0.509100839063454],"GT_T":[34.26315712573119,141.87672708990704,825.1099394538618],"R_pred":[0.8224171110378629,-0.15862027448767596,-0.5463238087376299,-0.4858823159988141,-0.6953427778341033,-0.5295439512576663,-0.2958859078627514,0.7009550840356373,-0.6489325848598051],"T_pred":[27.618462353790722,124.49607390250141,620.4303529232961],"rotation_error":23.3064313616707,"translation_error":205.5236536658407,"ADD":0,"ADD_S":0}}
{"id_image":53,"data":{"GT_R":[0.9244524192750971,-0.19481404716238832,-0.327772753945724,-0.38129555012219585,-0.4694609811787224,-0.7963805971959238,0.0012692309192840418,0.8611942021682784,-0.5082758567673643],"GT_T":[34.14401721728209,143.4175575364103,823.682766166168],"R_pred":[0.546773338508031,-0.0502018337837265,-0.8357743069642267,-0.8142248222883575,-0.2645170625547577,-0.5167868635974556,-0.19513291640898284,0.9630734652673977,-0.18550645657650694],"T_pred":[29.234795831326274,110.27347538651728,559.1982415278277],"rotation_error":38.79323690120072,"translation_error":266.5983766067303,"ADD":0,"ADD_S":0}}
{"id_image":54,"data":{"GT_R":[0.9246107829962621,-0.1962994936842337,-0.3264380684998807,-0.3808947007455249,-0.46791138931214715,-0.7974829316190887,0.003800395792673562,0.8616995128982705,-0.5074057016803647],"GT_T":[33.27732678521848,143.46822581795325,821.873673530126],"R_pred":[0.826308834475225,-0.12347467485393476,-0.5495158912514819,-0.5599203266189801,-0.28550684604251764,-0.7778014326945849,-0.06085176995856523,0.9503893126148723,-0.3050528094614777],"T_pred":[24.33158361354896,111.4347391615502,565.9283998601974],"rotation_error":17.418713020457176,"translation_error":258.0971787955732,"ADD":0,"ADD_S":0}}
{"id_image":55,"data":{"GT_R":[0.9235313726274008,-0.19592873357226406,-0.3296988893162195,-0.3835203359878636,-0.46858012667044174,-0.7958304086772582,0.0014351816829630756,0.8614206193523563,-0.5078907507134688],"GT_T":[32.57360806508129,142.28700708609358,820.3188190618299],"R_pred":[0.8069231797266974,-0.08656226804855893,-0.5842790050738134,-0.5893427857483716,-0.18393012121047608,-0.786666887187867,-0.039370838270281205,0.979120362499825,-0.1994323264471093],"T_pred":[20.3062644876264,91.77507501798877,461.2101567548143],"rotation_error":23.238037158402,"translation_error":362.8511738214916,"ADD":0,"ADD_S":0}}
{"id_image":56,"data":{"GT_R":[0.9242282472588941,-0.19601063036527608,-0.3276914462975194,-0.38183602239529224,-0.47028842172306123,-0.7956327479397033,0.0018421899791098706,0.8604703756782337,-0.5094975706588556],"GT_T":[31.16690233476519,141.13627714158562,819.0315952643468],"R_pred":[0.7981289831648802,-0.17809602624954185,-0.575562274359879,0.0840134071707118,-0.9130789298471066,0.39903460411953096,-0.5966002628626326,-0.3668360305414192,-0.7137923038593598],"T_pred":[35.7888746551424,147.10921478308603,905.5377384800603],"rotation_error":87.4798960568826,"translation_error":86.83519693221817,"ADD":0,"ADD_S":0}}
{"id_image":57,"data":{"GT_R":[0.9238191693282317,-0.1964962578721025,-0.3285530287639957,-0.3828276399802888,-0.47178505473331445,-0.794269096066606,0.0010642037454119957,0.8595393273040893,-0.5110687468275369],"GT_T":[29.495741993624495,139.89255735464945,817.5968806117777],"R_pred":[0.9799635394736105,-0.17565238439214514,-0.09390261529748746,-0.16465628185996967,-0.44916587963924953,-0.8781448180180473,0.11207038032595436,0.8760115595271865,-0.46908845373590535],"T_pred":[18.02834747298649,131.97972586601253,712.2405271759646],"rotation_error":14.54216431502347,"translation_error":106.27358678689394,"ADD":0,"ADD_S":0}}
{"id_image":58,"data":{"GT_R":[0.9234209014359362,-0.19600129807982358,-0.32996552458980727,-0.3837867731756797,-0.4746471319645827,-0.7920980909630472,-0.0013653993671491893,0.8580757296941458,-0.5135213376800661],"GT_T":[27.5549715147981,138.48258936229047,816.3319515475708],"R_pred":[0.9651539456775231,-0.24758027361372176,-0.08474590999253664,-0.1957933706893874,-0.8980821988255564,0.39384428413618233,-0.1736168688152064,-0.36352767744699777,-0.9152621540262631],"T_pred":[22.437025720087707,145.4584855524431,897.722983597252],"rotation_error":80.92385835342104,"translation_error":81.84959740234281,"ADD":0,"ADD_S":0}}
{"id_image":59,"data":{"GT_R":[0.9229196822873545,-0.1970461103336292,-0.3307451863483334,-0.3849860171589243,-0.47755793730953777,-0.7897632359519599,-0.00233025740194872,0.8562200249988633,-0.5166074451956504],"GT_T":[25.852896791083225,136.8367773020446,815.3777473535005],"R_pred":[0.9659055074842621,-0.1854512583027573,-0.18064988625929135,-0.10858104161195922,-0.9236216087061314,0.367604789595511,-0.2350249093479942,-0.33545633803078145,-0.9122676894754879],"T_pred":[22.284093171950076,158.99927719196995,1015.7761005412798],"rotation_error":79.48702084363127,"translation_error":201.65171142595548,"ADD":0,"ADD_S":0}}
{"id_image":60,"data":{"GT_R":[0.9235129466840822,-0.19851100047048453,-0.3282023593190123,-0.38356690181943615,-0.478028911414553,-0.7901681830235412,-3.28127042497706e-05,0.8556182059119048,-0.5176085330815557],"GT_T":[24.198215083678054,134.7830377650421,814.141840671914],"R_pred":[0.9697517189900174,-0.2134359777545371,-0.11843431477350709,-0.24246952423499057,-0.7864375868860978,-0.5680884189543285,0.028109310435560822,0.5796214327755109,-0.8144009217419276],"T_pred":[17.044607139566207,159.48502271331301,922.3073792238321],"rotation_error":25.033487289739593,"translation_error":111.18069030739618,"ADD":0,"ADD_S":0}}
{"id_image":61,"data":{"GT_R":[0.9233335018672801,-0.1988636490780063,-0.3284942637568054,-0.38399893509393007,-0.4793193519218164,-0.7891762306460619,-0.0005154682852227732,0.854813941030866,-0.5189352428261038],"GT_T":[21.81734618317688,133.28753476644778,813.0692127971155],"R_pred":[0.8413380424182628,-0.2891692368687985,-0.4566524398582823,0.25173326489295167,-0.5380024364126642,0.8044773096616039,-0.4783102149506536,-0.7917919744874621,-0.37984840056410085],"T_pred":[19.39544462883826,105.01664161062634,795.0871875281655],"rotation_error":118.972766159866,"translation_error":33.59259203663712,"ADD":0,"ADD_S":0}}
{"id_image":62,"data":{"GT_R":[0.9235775336831833,-0.19910113187751013,-0.32766248766963824,-0.3834097483503915,-0.4821526059455449,-0.7877353923405719,-0.0011450165477084433,0.8531632614083855,-0.5216434644642958],"GT_T":[19.24580598400602,132.61624459086727,812.2265984051437],"R_pred":[0.8232779234777059,-0.23006997506034788,-0.518923180528648,0.386443117597826,-0.44244722318518936,0.8092602619411063,-0.41578260855344795,-0.8667803996811684,-0.27534807272440476],"T_pred":[14.148895876723492,78.14184399051979,623.6374386104835],"rotation_error":126.56674672533163,"translation_error":196.36524642987297,"ADD":0,"ADD_S":0}}
{"id_image":63,"data":{"GT_R":[0.9234503988658652,-0.19983743280985103,-0.3275732025003398,-0.3837174935776085,-0.48241890270311844,-0.7874225861401659,-0.0006715249212576862,0.8528413168816543,-0.5221707462732361],"GT_T":[16.206849872105746,131.2216738473804,810.9769698406891],"R_pred":[0.8859496339895557,-0.13885014216930686,-0.4425086259648897,-0.4083835263069629,-0.6857700710780463,-0.6024469313181879,-0.21980932981759793,0.7144508713922704,-0.6642618541599118],"T_pred":[10.496090320039343,129.06055802101537,718.4322263854554],"rotation_error":17.344069944188117,"translation_error":92.74595806541389,"ADD":0,"ADD_S":0}}
