{"id_image":1,"data":{"Best_template_id":184,"GT_R":[-0.9984789779904625,-0.046702003100451896,0.029310392655164948,0.04118009201782687,-0.27814158992816,0.9596564448294642,-0.036666017780062427,0.9594042011059428,0.27964165456635065],"GT_T":[-24.98442834314123,91.09670661036117,685.170819763342],"R_pred":[-0.9952828141443831,-0.017310027226462195,0.09545932550702604,-0.09436866930838059,0.40103111553500004,-0.9111907586371358,-0.02250942295579176,-0.9159008719998977,-0.400772901464189],"T_pred":[-84.84642074821771,120.93231222468498,1033.9021835806216],"rotation_error":172.40429579757364,"translation_error":355.08757456004946,"ADD":0,"ADD_S":0}}
{"id_image":36,"data":{"Best_template_id":98,"GT_R":[-0.9984623750612651,-0.05417273393821578,0.011792611042814375,0.02623639801568292,-0.274310799977981,0.9612824039468447,-0.04884079999762013,0.9601139585387595,0.27530992305310614],"GT_T":[-40.27985947489197,87.0849679017978,677.0522075201466],"R_pred":[-0.42989840518449285,-0.846224426573537,-0.3147881527156289,-0.08902384528456014,0.38667939629218306,-0.9179072934963878,0.8984776659386589,-0.3665832297765427,-0.24156700821101007],"T_pred":[-44.72351130471885,75.41155847685087,672.3871958181949],"rotation_error":172.25524346165665,"translation_error":13.333299042866688,"ADD":0,"ADD_S":0}}
{"id_image":47,"data":{"Best_template_id":98,"GT_R":[-0.9993032187000758,-0.03468586763469483,0.013799769394337228,0.02273746658654025,-0.27237133848523803,0.9619233928797483,-0.02960648331060263,0.9615662504172701,0.2729703664836574],"GT_T":[-20.983454465364908,85.55142809136696,684.4252367092936],"R_pred":[-0.9918797313190948,-0.1130258992190353,0.058307329762979004,-0.06670329991157087,0.0719814647625856,-0.9951730193848404,0.10828327839175969,-0.9909812383876707,-0.07893615638205032],"T_pred":[-84.24341979195194,115.29872478916435,994.3179422022537],"rotation_error":168.54127651012277,"translation_error":317.6794198428571,"ADD":0,"ADD_S":0}}
{"id_image":83,"data":{"Best_template_id":98,"GT_R":[-0.9998814983012471,-0.003861774590082771,0.014912517026945876,0.015403543280134506,-0.26132102760791526,0.9651287621047637,0.0001699907030837675,0.9652438747296362,0.2613491515087478],"GT_T":[-5.972908641135359,91.22401864073694,691.9137142738838],"R_pred":[-0.8706748072217975,-0.3726705636348232,-0.32100160602306793,-0.42668200475335805,0.24761856045875053,0.8698433855217794,-0.24467906916804527,0.8943163307893013,-0.37460706559623214],"T_pred":[-39.908735775917116,73.90329378497083,1087.7312729374962],"rotation_error":45.54318669026775,"translation_error":397.64706414014074,"ADD":0,"ADD_S":0}}
{"id_image":112,"data":{"Best_template_id":98,"GT_R":[-0.9995255713303868,0.017530980458125914,0.02532545822207572,0.019633115389425172,-0.27092669739461855,0.9623997900400193,0.023733079584714534,0.9624400538470402,0.27045397974048285],"GT_T":[0.8525459893978651,82.84611660913978,698.0728419733201],"R_pred":[-0.8425086513979276,-0.510130781991444,0.17304842554742553,-0.08074991553115338,-0.19801367999743202,-0.976867459625709,0.5325961166412657,-0.8369929317495295,0.12563522093732726],"T_pred":[-39.76296599080773,106.44318470358422,994.8289855827527],"rotation_error":154.78718991690363,"translation_error":300.45074505817126,"ADD":0,"ADD_S":0}}
{"id_image":1024,"data":{"Best_template_id":158,"GT_R":[-0.8145733310772104,0.5795937271002144,0.023271274982038334,-0.16022702734378425,-0.2633815493028152,0.9512920548835528,0.5574926601599337,0.77116864864905,0.3074100481839816],"GT_T":[-48.587286695603,95.27932302573576,863.400450652429],"R_pred":[-0.7439431532580134,-0.6674477155214693,0.0325903630801454,-0.3382552139775561,0.33406486927736634,-0.879763646288987,0.5763089405323517,-0.6655180013792773,-0.4742929420754757],"T_pred":[-61.695602634709736,117.21157110693355,1010.871503405284],"rotation_error":173.86238377519942,"translation_error":149.66817581800746,"ADD":0,"ADD_S":0}}
{"id_image":1027,"data":{"Best_template_id":98,"GT_R":[-0.8066888252132398,0.5905149883916639,0.023371657751691022,-0.16166990776914283,-0.25854647899038274,0.95237368538674,0.5684344898274531,0.764490516199126,0.30403461998260806],"GT_T":[-39.34184312110956,100.00247891645904,862.0280513435945],"R_pred":[-0.7440121995655842,-0.6680413604156372,0.0129068846592022,-0.09212919539541953,0.08343562712394237,-0.9922452859460844,0.6617839966736684,-0.7394316986040421,-0.1236232374845726],"T_pred":[-58.111361727830435,114.92214978784575,780.3289177568095],"rotation_error":170.4633481408117,"translation_error":85.14481685029271,"ADD":0,"ADD_S":0}}
{"id_image":1059,"data":{"Best_template_id":158,"GT_R":[-0.7923237136450533,0.6101010484593035,0.000812568704820232,-0.1925048617747842,-0.2512647153904161,0.9485814388073351,0.5789352987188576,0.7514269629780099,0.3165303330408628],"GT_T":[-35.40333944213483,82.3207125125342,868.9133541232341],"R_pred":[-0.7242498949133405,-0.6883367324596212,0.040677173756629714,-0.3180347725251611,0.28112089090383685,-0.9054418414024733,0.6118136752172872,-0.6687029141885389,-0.42251679182355706],"T_pred":[-38.8537146333493,93.56056495854985,888.7776452934546],"rotation_error":176.56156356763228,"translation_error":23.08309848490134,"ADD":0,"ADD_S":1}}
{"id_image":1074,"data":{"Best_template_id":98,"GT_R":[-0.8093479033218781,0.5873276766100279,0.0014431575404971763,-0.17020256610273907,-0.23689230277756648,0.956510340647093,0.5621273230577406,0.7739044159248192,0.29169277215336215],"GT_T":[-51.78920989622748,108.44743570506611,882.8258809551521],"R_pred":[-0.7188147177704232,-0.6890619176951658,0.09219042845592729,-0.14205798913251105,0.015774340423989952,-0.9897326396092107,0.6805328274523238,-0.7245307748925843,-0.10922557847545189],"T_pred":[-70.15312189782261,128.99375185824988,857.3805361858409],"rotation_error":168.39001372458563,"translation_error":37.507998372320834,"ADD":0,"ADD_S":1}}
{"id_image":1075,"data":{"Best_template_id":158,"GT_R":[-0.8008057208425903,0.5989197810273683,0.0025424712262403946,-0.17757991090295588,-0.24148848134644427,0.9540168230507602,0.5719941704509071,0.7635296998282828,0.2997414345218917],"GT_T":[-54.34714286672335,104.69446020369764,885.4877830639231],"R_pred":[-0.6930292758503687,-0.7185711613267423,-0.058016453906201526,-0.301778706090621,0.36225319135789324,-0.8818742755638647,0.6547060679148957,-0.5936565601933139,-0.4679015421804655],"T_pred":[-66.42847743072714,134.47702953199283,1049.5685925919288],"rotation_error":170.0273481370167,"translation_error":167.19889992463405,"ADD":0,"ADD_S":0}}
{"id_image":1087,"data":{"Best_template_id":158,"GT_R":[-0.7915035612407816,0.6111261042496227,-0.0068579204023945925,-0.18670920337092803,-0.23110213162092388,0.9548458898238614,0.5819471774077695,0.7570444554897063,0.2970204317793654],"GT_T":[-49.670551372637334,106.67488704864061,896.3013590883755],"R_pred":[-0.6831076209176616,-0.7288144514185453,-0.046834534776134196,-0.30853896425405547,0.34612493424012725,-0.8860029556577684,0.6619423583524828,-0.5907850923142457,-0.4613082363431215],"T_pred":[-53.1728639650428,133.176005501684,1009.5825112378412],"rotation_error":170.37163725731176,"translation_error":116.39241773014064,"ADD":0,"ADD_S":0}}
{"id_image":1090,"data":{"Best_template_id":158,"GT_R":[-0.7925523283552347,0.6097920451877477,-0.0038809259519783476,-0.1827102451510494,-0.23138856948432304,0.9555505398470368,0.5817892119294539,0.7580324262605729,0.2948027078922372],"GT_T":[-54.608857585210785,106.31829462901061,900.5328768385235],"R_pred":[-0.6765579532528854,-0.7341188844090348,-0.0577823454378652,-0.31542416074771873,0.3598068126831402,-0.8780926240228856,0.6654148590968374,-0.5758546006596054,-0.4749889937591212],"T_pred":[-57.76891604904938,126.59602440939872,966.2697259114059],"rotation_error":169.31568595009483,"translation_error":68.86585235493881,"ADD":0,"ADD_S":0}}
{"id_image":1094,"data":{"Best_template_id":158,"GT_R":[-0.8024747646373371,0.59668632002224,-0.0006229384432263508,-0.1748382780990307,-0.23413872107471118,0.9563525373165905,0.5704972885079813,0.7675572121849074,0.2922137428790855],"GT_T":[-62.328138077552815,106.12466139739144,904.0814304850865],"R_pred":[-0.6828434613250367,-0.7275616305652595,-0.06617311429020178,-0.30335613973947284,0.36477517891494904,-0.8802920659246751,0.6646050404623852,-0.5810276607673579,-0.46979463344657674],"T_pred":[-74.39739122343605,137.59023612016398,1078.8072343290285],"rotation_error":169.1819787337472,"translation_error":177.94621601215772,"ADD":0,"ADD_S":0}}
{"id_image":1097,"data":{"Best_template_id":98,"GT_R":[-0.7958506144265526,0.6054051039879604,0.010377811080923586,-0.16756852730530844,-0.23668621083344124,0.9570264394270601,0.5818458237314357,0.7599107681597527,0.2898130614305055],"GT_T":[-60.54797921583054,103.6831123886766,906.0534196515769],"R_pred":[-0.2870102196874415,-0.9183329744366661,-0.27256133595444576,-0.10040516133475641,0.31180457435335196,-0.9448262861445307,0.9526510050235123,-0.24380823504268845,-0.1816964698420448],"T_pred":[-22.09726997823418,83.58836636728358,609.1162980276077],"rotation_error":170.96918723286402,"translation_error":300.08983664373955,"ADD":0,"ADD_S":0}}
{"id_image":1103,"data":{"Best_template_id":98,"GT_R":[-0.7831667465554784,0.6217880960245381,0.005435722024317842,-0.1816251998727013,-0.23710718941054368,0.954353969399265,0.5946947938263638,0.7464315224183773,0.29862680635037325],"GT_T":[-52.19079497477498,98.73727244078651,908.9289362031284],"R_pred":[-0.5321170423040379,-0.8466127468621537,-0.00991514700452556,-0.14710146056721007,0.10397686704275255,-0.9836411802171393,0.8337941074321622,-0.5219537028994928,-0.17986583455707061],"T_pred":[-44.884484661696256,93.3937490307645,696.7337813984797],"rotation_error":175.51361110526395,"translation_error":212.3881332263959,"ADD":0,"ADD_S":0}}
{"id_image":1104,"data":{"Best_template_id":98,"GT_R":[-0.7812086738380708,0.6242221031727971,0.007742572725756571,-0.1803958014174927,-0.23760217710568857,0.95446446441023,0.5976381982758743,0.7442392011624195,0.29822367125247906],"GT_T":[-53.64503088765806,97.43373703951225,910.0215725069968],"R_pred":[-0.616296203030954,-0.7872566233836478,-0.020149418557530996,-0.21647695128282152,0.19395637224583595,-0.9568273905091397,0.7571768087394939,-0.5853272030273428,-0.28995748947606736],"T_pred":[-54.337646201801924,111.00753389843511,871.5365499050998],"rotation_error":179.83367767562797,"translation_error":40.814515087272696,"ADD":0,"ADD_S":1}}
{"id_image":1107,"data":{"Best_template_id":158,"GT_R":[-0.7795549480618834,0.6263084810072438,0.005663348583324607,-0.18409027642102016,-0.23775762461256142,0.9537201322731084,0.598670012759981,0.7424349816169681,0.3006416339029641],"GT_T":[-55.94129563036044,94.39244669551157,912.7922263892731],"R_pred":[-0.7032434150170932,-0.7100107064963551,0.03651706307527108,-0.367623142683685,0.3191946452145902,-0.8734803967060185,0.6085243825833666,-0.6276938546193354,-0.48548789961713096],"T_pred":[-60.79053550892098,123.82931283622158,1088.5757302619222],"rotation_error":173.02711737925156,"translation_error":178.29718014969154,"ADD":0,"ADD_S":0}}
{"id_image":1113,"data":{"Best_template_id":98,"GT_R":[-0.765835778958774,0.6430035204853225,-0.0065740003267424334,-0.1950221229539248,-0.22251086942807952,0.9552249419320165,0.6127500170806289,0.7328278921653909,0.29580635632826624],"GT_T":[-47.11535049360814,98.38142598176347,918.023962804743],"R_pred":[-0.6038133316756775,-0.7970049390717096,0.013877592947594997,-0.270694881861914,0.18864213449527334,-0.9440012849709645,0.7497557878566079,-0.5737571543679156,-0.3296497935493803],"T_pred":[-42.24084723158574,116.81823295002003,925.6497166337604],"rotation_error":178.89526696301343,"translation_error":20.538470115785024,"ADD":0,"ADD_S":1}}
{"id_image":1119,"data":{"Best_template_id":158,"GT_R":[-0.7611209825117764,0.6485670259589768,-0.007488275761681273,-0.19880343277596577,-0.2222838002569987,0.9544984979910419,0.6173912490301809,0.7279775873393015,0.2981224774114983],"GT_T":[-42.84236984497402,95.19410434997319,925.7860607833338],"R_pred":[-0.5920458084053303,-0.799766683176486,-0.09927241928431729,-0.24223621977979098,0.2940852083668791,-0.9245731469422018,0.7686373491943231,-0.5233422806354286,-0.3678443729661125],"T_pred":[-30.525147360366365,111.88017052473882,920.4548924190409],"rotation_error":172.55762047547805,"translation_error":21.414017144207666,"ADD":0,"ADD_S":1}}
{"id_image":1120,"data":{"Best_template_id":158,"GT_R":[-0.7575280589160638,0.6527848612475469,-0.004849709539983541,-0.19683911934416864,-0.22132699121041113,0.9551272015075369,0.6224198687017691,0.7244901038304892,0.29615492940425625],"GT_T":[-43.197449638286,95.06614996247215,927.4827924100887],"R_pred":[-0.6341919165822101,-0.7731412130400837,-0.00729915342289339,-0.28961964438453286,0.24630104468627678,-0.9249087830554024,0.7168828875962654,-0.5844556955709785,-0.38011901476548615],"T_pred":[-31.847350583788465,109.72548307429521,888.318167685869],"rotation_error":175.9298428281817,"translation_error":43.33115075346211,"ADD":0,"ADD_S":1}}
{"id_image":1122,"data":{"Best_template_id":158,"GT_R":[-0.7561874672918086,0.6543356579973092,-0.00513951668228048,-0.1988292488426156,-0.22228083904653936,0.9544939381406582,0.6234173534665186,0.7227973855752594,0.2981863882131628],"GT_T":[-42.85859076111594,94.93784746781864,930.4443732825548],"R_pred":[-0.6323628962889363,-0.7722504217308362,-0.06120827994326833,-0.27266343477321475,0.29583447501166515,-0.9154980145976533,0.725101247230165,-0.5622377162118509,-0.3976391979346872],"T_pred":[-33.70208408060811,113.25105811505645,931.8454955992964],"rotation_error":173.00358065787393,"translation_error":20.522632446807606,"ADD":0,"ADD_S":1}}
{"id_image":1124,"data":{"Best_template_id":158,"GT_R":[-0.7536617830486849,0.6572601904275572,0.0019137541765540825,-0.19366563999287,-0.224851075555978,0.9549531754406766,0.6280832691310935,0.7193405217400202,0.296749600023907],"GT_T":[-43.99837062936752,92.8130430171725,934.4713404516675],"R_pred":[-0.6349488893889094,-0.7679396864335629,-0.08431219285555092,-0.31736459035817643,0.35877910118485723,-0.8778139172625217,0.7043575971412372,-0.5306092673081646,-0.4715232558380502],"T_pred":[-35.33482747954369,115.10852740027445,1010.2215771188239],"rotation_error":168.9707251471571,"translation_error":79.4370439965902,"ADD":0,"ADD_S":0}}
{"id_image":1126,"data":{"Best_template_id":98,"GT_R":[-0.7536025676126046,0.6573145799414742,0.004657693016534314,-0.18965683972085395,-0.2242126342928564,0.9559076274080989,0.6293759214411337,0.7194911160124223,0.29363077357942413],"GT_T":[-44.038081056636905,94.0016704957051,937.6342249792343],"R_pred":[-0.634020366763998,-0.7704791854583493,0.06618156317196106,-0.284888821491593,0.15315305411164537,-0.9462465331008652,0.7189273495406727,-0.6187939615023035,-0.3166030626679234],"T_pred":[-40.96589102574267,118.11146892005135,973.389580955145],"rotation_error":178.0800176528614,"translation_error":43.23385493583271,"ADD":0,"ADD_S":0}}
{"id_image":1128,"data":{"Best_template_id":158,"GT_R":[-0.7503127172544513,0.6608368910758469,0.018072016934049574,-0.18178948062877717,-0.23253203089960175,0.9554484580043603,0.6355979771350436,0.7135991769266936,0.29460477905417204],"GT_T":[-44.85189320570656,95.10329871631401,941.5960661710551],"R_pred":[-0.6789069164302285,-0.732382247541161,-0.05197732495768159,-0.3031143222654415,0.34405196974972974,-0.8886787663429871,0.6687354532703952,-0.5875750893272187,-0.4555748104772148],"T_pred":[-36.27568933115599,114.06431455940204,946.4381180937868],"rotation_error":171.4899086672242,"translation_error":21.36625520586424,"ADD":0,"ADD_S":1}}
{"id_image":1132,"data":{"Best_template_id":158,"GT_R":[-0.7511548400947048,0.6599241759772412,0.01630929853114708,-0.17856604335088813,-0.22691256494662276,0.9574048387488192,0.6355166427362066,0.7162478087825692,0.28828641028007396],"GT_T":[-46.5070496291227,100.38788918738453,946.4983233408061],"R_pred":[-0.5980089759274226,-0.7920135638907408,-0.12288115935049804,-0.30676966052828725,0.3678228706868839,-0.8778375198059257,0.7404577233641327,-0.48725850471053567,-0.46292711035070994],"T_pred":[-32.17888681967025,117.9140568963705,964.5361950682624],"rotation_error":168.02642433764467,"translation_error":28.945252123860396,"ADD":0,"ADD_S":0}}
{"id_image":1133,"data":{"Best_template_id":158,"GT_R":[-0.7584604734038085,0.6513909504625568,0.020704024956311188,-0.17169825544952705,-0.23036459426403186,0.9578367187222514,0.6286954434212845,0.7229268523898059,0.286564574245483],"GT_T":[-46.465731600067855,101.12572274154962,946.3120674115946],"R_pred":[-0.6618396094017651,-0.7414739498625034,-0.11038438794601763,-0.3037961694464013,0.39990442389142433,-0.8647452452495835,0.6853292776881872,-0.5387883011233324,-0.4899295334188593],"T_pred":[-39.577870394432004,121.84844301691183,1001.2693190638105],"rotation_error":167.23649142888894,"translation_error":59.136902833712846,"ADD":0,"ADD_S":0}}
{"id_image":1137,"data":{"Best_template_id":98,"GT_R":[-0.7489178175259681,0.6622472388757932,0.02348468609318598,-0.16975050765073624,-0.22598248958198736,0.9592271448408296,0.6405527757603336,0.7143951446923826,0.28165929043621035],"GT_T":[-53.73550864878505,103.1305889810389,952.5318527452655],"R_pred":[-0.23256356811962586,-0.925700458468055,-0.29831669074240635,-0.08822991862749152,0.3255426230397346,-0.9414018706394178,0.9685709412544101,-0.19261532072096826,-0.15738383011321133],"T_pred":[-7.823926661914806,81.77642928058133,574.772151841405],"rotation_error":169.89843791192794,"translation_error":381.13811817243345,"ADD":0,"ADD_S":0}}
{"id_image":1540,"data":{"Best_template_id":98,"GT_R":[-0.6343402356363808,0.7708930327711524,-0.0577661169114986,-0.2577524146762408,-0.14046208153932427,0.9559467188116745,0.728819313154294,0.6212848344504542,0.2877998172349341],"GT_T":[-74.198129165207,96.27341931024625,921.1858469500188],"R_pred":[-0.4412895298907414,-0.8971472977806179,0.01975542694409671,-0.34690803708346357,0.1502513480328287,-0.9257857993192679,0.8275979486536361,-0.4153928965440462,-0.3775319547866651],"T_pred":[-55.59263981807897,126.191174794752,934.7479764532814],"rotation_error":175.22886832963655,"translation_error":37.7513931364133,"ADD":0,"ADD_S":0}}
{"id_image":1542,"data":{"Best_template_id":98,"GT_R":[-0.6306660403676821,0.7735062250390291,-0.06283751046519558,-0.2610224666327423,-0.1351719780848151,0.9558222766369817,0.7308409647104367,0.6192065688602331,0.28715077080375934],"GT_T":[-74.02698873109608,96.70444448528298,922.1158072733456],"R_pred":[-0.42908421121288426,-0.8997935567306673,0.07910938600312922,-0.3589594004051587,0.08949500392760634,-0.9290526320573913,0.8288756773778476,-0.42703887356770315,-0.3613902487802367],"T_pred":[-57.2157900679114,126.42515941876991,920.6630481683387],"rotation_error":178.36981086583924,"translation_error":34.17671437788946,"ADD":0,"ADD_S":0}}
{"id_image":1543,"data":{"Best_template_id":158,"GT_R":[-0.639145262900906,0.7657727317854437,-0.07130810678660232,-0.2649368740711382,-0.13218300031553853,0.9551623574431883,0.7220122910796987,0.6293798149239351,0.2873662251447745],"GT_T":[-74.94130486119866,98.87543357840075,920.5956331734635],"R_pred":[-0.4639763324884518,-0.8856556956388275,0.01843777842013644,-0.2893537012323291,0.13184857644941694,-0.9480983010592385,0.8372576655210255,-0.4452302119923657,-0.3174423724954115],"T_pred":[-59.754660529327346,124.15592047168958,878.2213555749117],"rotation_error":176.4972585690157,"translation_error":51.626704190986615,"ADD":0,"ADD_S":1}}
{"id_image":1568,"data":{"Best_template_id":184,"GT_R":[-0.6326106717666429,0.769677011104907,-0.08602883485257068,-0.26206356420620863,-0.10820841864585107,0.9589648950006509,0.7287844713574994,0.6291962808119862,0.27015733008285114],"GT_T":[-85.34368739564319,113.41707510902653,925.325369184727],"R_pred":[-0.9007699198323149,-0.4121842747753812,-0.1368125548083138,-0.18218348975987406,0.07266239227769289,0.980576031120176,-0.39423689272339635,0.9081983816195532,-0.1405452668695235],"T_pred":[-92.2176311317639,111.23323958425829,916.4432002508994],"rotation_error":75.79663403026193,"translation_error":11.441729111268357,"ADD":0,"ADD_S":1}}
{"id_image":1569,"data":{"Best_template_id":98,"GT_R":[-0.6307542943394956,0.7714754692678099,-0.08351947312587124,-0.2588474551058529,-0.10771453320158657,0.9598930587293852,0.7315384449169091,0.6270756590739076,0.2676354272361162],"GT_T":[-86.44132759449043,113.70154039470683,925.7281684690145],"R_pred":[-0.4114272183076381,-0.9114422256645257,0.0008445776072977806,-0.3316394942429143,0.1488396189893817,-0.9315911193637472,0.8489657766329235,-0.38356203813045847,-0.3635069091657896],"T_pred":[-63.304573386782586,139.82039618307104,909.3169500548729],"rotation_error":172.95284076185555,"translation_error":38.55946203978879,"ADD":0,"ADD_S":1}}
{"id_image":1571,"data":{"Best_template_id":98,"GT_R":[-0.6426104633057759,0.7612708180857072,-0.08671589968885746,-0.2580518416229878,-0.10847322721705271,0.9600224412016698,0.7214308229413358,0.6392972024904786,0.26615299060069286],"GT_T":[-83.2441288830933,116.74945024268551,923.9844277497533],"R_pred":[-0.4094758701101872,-0.9119160824803565,0.02717665010969278,-0.25036921474456,0.08367823353870896,-0.9645274540105292,0.8772940032313554,-0.4017549150234764,-0.26257993097108867],"T_pred":[-61.00765311541553,131.9830268767908,810.5619820973922],"rotation_error":177.24904645354772,"translation_error":116.58119011828836,"ADD":0,"ADD_S":0}}
{"id_image":1572,"data":{"Best_template_id":98,"GT_R":[-0.6318890697393847,0.7706831900050021,-0.08223655908763818,-0.25775476859388874,-0.10889127804724175,0.960054478892368,0.7309439236662807,0.6278451191178014,0.26745416484549717],"GT_T":[-83.17516619211501,115.03498434990505,926.2108355441216],"R_pred":[-0.40691586125517804,-0.9126938656404587,0.037541836412634866,-0.27042483215331525,0.08110668373952856,-0.9593185685723107,0.8725192788780131,-0.4005141863593004,-0.27981868149060307],"T_pred":[-56.87922060321608,128.74770920690133,795.2340916795189],"rotation_error":177.4521815752284,"translation_error":134.2923043617606,"ADD":0,"ADD_S":0}}
{"id_image":1576,"data":{"Best_template_id":158,"GT_R":[-0.6388890772608706,0.7648603938732988,-0.08251556000308993,-0.2510993097310573,-0.10594417772614269,0.9621457775369794,0.7271662112668327,0.635424432217862,0.2597421487645724],"GT_T":[-76.5593604636855,124.61691918014358,925.480604313052],"R_pred":[-0.546783269189161,-0.836562298481782,0.03451923078069924,-0.37944785879547016,0.21083713245193014,-0.900870149375025,0.7463560671625482,-0.5056789735972068,-0.43271398945646405],"T_pred":[-73.20996170577637,164.85362680858535,1004.0247843596092],"rotation_error":171.52958130786672,"translation_error":88.31420798491129,"ADD":0,"ADD_S":0}}
{"id_image":1577,"data":{"Best_template_id":98,"GT_R":[-0.6229091575482142,0.7776765839528018,-0.08487909332415072,-0.2526439628089828,-0.09729587683672397,0.9626546080287665,0.7403760563016565,0.6210905172944832,0.2570818474771171],"GT_T":[-78.44079752588829,124.41084768709351,928.4538543979222],"R_pred":[-0.4007254648202136,-0.9154487963552516,0.037048658495885955,-0.2938435664194308,0.09011452894129912,-0.9515962012049002,0.867798974600992,-0.3922153399924697,-0.3051099256924593],"T_pred":[-56.09756693300146,153.0850911472651,879.7190015046647],"rotation_error":176.1911736217938,"translation_error":60.79899734261709,"ADD":0,"ADD_S":1}}
{"id_image":1579,"data":{"Best_template_id":98,"GT_R":[-0.6236625237812679,0.7776489308246566,-0.07942302364487117,-0.2508512882901985,-0.10287193425058304,0.9625443065321576,0.7403512980114696,0.6202258030773585,0.2592313563759594],"GT_T":[-78.33710622008134,124.7620332890654,928.8165508902964],"R_pred":[-0.4207208552107034,-0.9060945518117991,-0.04457157353907659,-0.35209872422898564,0.20837299866134185,-0.91247311293276,0.8360744287365182,-0.3682028742498563,-0.40670160192338733],"T_pred":[-58.75836305606118,167.90637951649578,983.8530418242945],"rotation_error":169.25182505356463,"translation_error":72.62077615671083,"ADD":0,"ADD_S":0}}
{"id_image":1580,"data":{"Best_template_id":158,"GT_R":[-0.6216111181138592,0.7792480166702258,-0.07982613707110939,-0.24949559925617357,-0.10035780282036999,0.9631612040738824,0.7425308816615385,0.6186279440176409,0.2568022503516027],"GT_T":[-78.95004635211804,124.2618778646624,929.2646535604231],"R_pred":[-0.6218385734980517,-0.774884081678842,0.11345240619152036,-0.4130155757695788,0.2014022501798144,-0.8881752461053114,0.6653832900529073,-0.5991592389200429,-0.44527888310038194],"T_pred":[-77.85287713323443,171.90713876911164,1043.3843394163341],"rotation_error":174.23995168116122,"translation_error":123.67124713044551,"ADD":0,"ADD_S":0}}
{"id_image":1583,"data":{"Best_template_id":98,"GT_R":[-0.6213548841253421,0.7801073950248206,-0.07315361892532894,-0.24195422473043046,-0.10223506901441261,0.9648864492316678,0.7452362626577367,0.6172362036517505,0.2522742164850507],"GT_T":[-77.44879779629909,126.51967551848487,928.9677401205233],"R_pred":[-0.4255630716587507,-0.9029113887917187,0.06039119166384038,-0.3803858326024451,0.11793257502871013,-0.9172777802293273,0.8210984657126779,-0.41333150344161673,-0.3936424492696121],"T_pred":[-63.73268903588917,175.32711049463012,1018.92814678906],"rotation_error":174.8628498411416,"translation_error":103.26263659449398,"ADD":0,"ADD_S":0}}
{"id_image":1586,"data":{"Best_template_id":98,"GT_R":[-0.6322748492966558,0.7708755547228369,-0.07733393161582902,-0.24232584330147403,-0.1019656982855746,0.9648217187034358,0.7358723201636062,0.628772150754307,0.251272885122223],"GT_T":[-74.67550090685438,126.24113517177287,926.0766830737933],"R_pred":[-0.4023364014571367,-0.9152109429961214,0.022679283116361082,-0.3188913754933441,0.11688065359888733,-0.9405568581698078,0.8581571596732644,-0.38565248947005043,-0.33887821804752805],"T_pred":[-62.04204705246961,171.00233390107616,997.4329445473355],"rotation_error":174.60387893993112,"translation_error":85.17561340815558,"ADD":0,"ADD_S":0}}
{"id_image":1587,"data":{"Best_template_id":158,"GT_R":[-0.6209566926002044,0.7796697359571877,-0.0807926660392979,-0.24777130412820444,-0.0974499900974297,0.9639049818108998,0.7436550776834545,0.6185616125147708,0.2536918436138027],"GT_T":[-76.03428347968693,124.6131092753099,928.5576534729412],"R_pred":[-0.5549195918033699,-0.8318461529019276,-0.009809410535000007,-0.35254268299092884,0.245826771629435,-0.9029301495795825,0.7535103869903446,-0.4975953941230893,-0.42967536634667425],"T_pred":[-69.40572280276642,157.89442526198687,947.6819028271602],"rotation_error":169.51153515923593,"translation_error":38.95280123193972,"ADD":0,"ADD_S":0}}
{"id_image":1588,"data":{"Best_template_id":98,"GT_R":[-0.6106235444364716,0.7870723951177433,-0.087494449593698,-0.2499217502645651,-0.08668882933509098,0.9643773307010474,0.7514510465565173,0.610738657709356,0.2496413861357593],"GT_T":[-79.17199600247504,125.00319496842158,930.1197602716886],"R_pred":[-0.3725133690866125,-0.9278527454507303,0.0179742207420438,-0.2623980065032515,0.08672988807055282,-0.9610542194373786,0.8901578938788673,-0.3627219448486842,-0.27577475354050685],"T_pred":[-52.83268843946659,145.99277683446073,826.2549130338195],"rotation_error":175.79492177640387,"translation_error":109.18895622523274,"ADD":0,"ADD_S":0}}
{"id_image":1589,"data":{"Best_template_id":98,"GT_R":[-0.6186362825051668,0.7805980757039352,-0.0891984260267793,-0.25097788298489104,-0.08875781005120087,0.9639151565140164,0.7445135498261499,0.6186994784578703,0.25082154846191207],"GT_T":[-79.04392151331751,126.07957578013593,928.7789034519236],"R_pred":[-0.38234457695631363,-0.9239133936450057,0.014023748267366631,-0.3056763479648448,0.11214701633460844,-0.9455078090751659,0.8719946070744777,-0.36579651142488223,-0.3252972755225799],"T_pred":[-54.05160129612017,154.12840750289183,869.2298166127072],"rotation_error":174.0558953258562,"translation_error":70.40913842843804,"ADD":0,"ADD_S":1}}
{"id_image":1597,"data":{"Best_template_id":158,"GT_R":[-0.6281396290968478,0.7728952409330566,-0.08985091087321909,-0.23830965691183806,-0.08116847732382036,0.9677913401870638,0.7407086489918095,0.6293202810804162,0.23517354719928948],"GT_T":[-84.29279664478794,141.39867888789215,929.3722112072662],"R_pred":[-0.38931545443768956,-0.9158366714554282,-0.09837005719942016,-0.16586944663154446,0.17475562463132965,-0.9705399519514171,0.9060467999006014,-0.36152961549111806,-0.21994438731807592],"T_pred":[-53.54520338776525,160.8536397611824,787.2954095096784],"rotation_error":171.21288812053047,"translation_error":146.6619499880465,"ADD":0,"ADD_S":0}}
{"id_image":1605,"data":{"Best_template_id":98,"GT_R":[-0.6046591804889516,0.79279412623226,-0.07658851523035907,-0.23986801370651828,-0.08956005637944107,0.9666654483632815,0.7595076978177134,0.6028740275309071,0.24431981256642157],"GT_T":[-73.14788662033133,128.46943724286265,934.0138465530214],"R_pred":[-0.3767802651725582,-0.9261940939683186,-0.014182104029455522,-0.29337678353167235,0.13384138431296,-0.9465815055925195,0.8786163523752031,-0.35249253062071567,-0.322152636486956],"T_pred":[-48.16245713041954,164.57183777895932,937.2119650916381],"rotation_error":173.19616374487956,"translation_error":44.02139222527101,"ADD":0,"ADD_S":0}}
{"id_image":1608,"data":{"Best_template_id":158,"GT_R":[-0.6134901779018468,0.7863125549389962,-0.07309264205289975,-0.2383376067742163,-0.09611940472809774,0.9664141315030914,0.7528780045631681,0.6103058565237904,0.24637616859236317],"GT_T":[-69.85803087676021,126.54146831274613,932.1100882547142],"R_pred":[-0.4466015588984099,-0.8915238878012363,-0.07571132721910623,-0.22177656083184194,0.1922799039291322,-0.9559516701228172,0.8668115162220159,-0.4101385083417209,-0.28359160657557836],"T_pred":[-47.5085209115708,151.50507426858522,860.7542557886239],"rotation_error":171.5996685770298,"translation_error":78.83106649621868,"ADD":0,"ADD_S":0}}
{"id_image":1609,"data":{"Best_template_id":98,"GT_R":[-0.6064838375256666,0.7922595592353139,-0.067105942331716,-0.23543865253937699,-0.09833230381699687,0.9669014782739407,0.7594388691398131,0.6022094503817405,0.2461652891939755],"GT_T":[-70.96345898254638,125.0345590749848,933.8347894237169],"R_pred":[-0.3924983290819567,-0.9196187238057407,0.015699187678749837,-0.2939454709561984,0.1092472440086657,-0.9495583709182123,0.8715165642557865,-0.37731477906704297,-0.313197119599427],"T_pred":[-48.00209997783658,155.60111483479332,898.5912690031984],"rotation_error":175.45448046167812,"translation_error":51.996577483447474,"ADD":0,"ADD_S":1}}
{"id_image":1611,"data":{"Best_template_id":98,"GT_R":[-0.599415719631209,0.797808185546534,-0.06483100276670259,-0.2310680317527243,-0.09492263179680778,0.9682954720969031,0.7663606091754082,0.5953917676316309,0.24124675662464792],"GT_T":[-74.24121386644717,124.53977853217822,934.6475861527389],"R_pred":[-0.3775670944810004,-0.9258899002341028,0.013076001287024908,-0.2774502918087647,0.09964599093312665,-0.955558481761418,0.8834389762402418,-0.36441537993811135,-0.2945114702760408],"T_pred":[-47.175148886212526,148.04064121099117,853.8422061076373],"rotation_error":175.87116954519922,"translation_error":88.39893587818813,"ADD":0,"ADD_S":0}}
{"id_image":1619,"data":{"Best_template_id":98,"GT_R":[-0.6079335306881668,0.7919730742077935,-0.0565285960153346,-0.2249910272205382,-0.10355420880065667,0.9688421981831238,0.7614436935195505,0.6017100556141078,0.24114041004944903],"GT_T":[-78.3953533036368,120.89315421660781,932.601599310971],"R_pred":[-0.3769356025279491,-0.9262392835506115,-0.0005840843620575908,-0.2558981361593254,0.10474445658820597,-0.9610123530549567,0.8901885729760157,-0.3620903042359619,-0.27650482115368835],"T_pred":[-50.9634179321896,140.2073376692337,837.7453672031193],"rotation_error":176.1278391095839,"translation_error":100.61438033583264,"ADD":0,"ADD_S":0}}
{"id_image":1622,"data":{"Best_template_id":98,"GT_R":[-0.6131142142293987,0.7885198320713035,-0.04825373330731199,-0.22028542401037757,-0.1119855339443825,0.9689856150231793,0.7586609361448299,0.6047282249809696,0.24235877900049674],"GT_T":[-75.94707267945302,121.230049108137,931.7069541983908],"R_pred":[-0.3777694039973328,-0.9258931979053733,-0.0034732515113904405,-0.2733912487617561,0.11512749453406124,-0.9549884214495992,0.8846171502429667,-0.35981585022740603,-0.29662274258920424],"T_pred":[-51.66635674447753,145.17506236891109,873.674123090971],"rotation_error":175.82621365968325,"translation_error":67.31067012529243,"ADD":0,"ADD_S":1}}
{"id_image":1624,"data":{"Best_template_id":98,"GT_R":[-0.6134167349045228,0.7882878969265521,-0.048191171630993096,-0.22071749753249603,-0.11252599978016617,0.9688244080104809,0.758290604511662,0.604929850839933,0.24301372461012236],"GT_T":[-74.6444727755756,121.44419900199472,932.1197775556012],"R_pred":[-0.3888017931041193,-0.9211101944143036,0.019727529623983386,-0.2985083050235178,0.10568579534460376,-0.9485374555041908,0.8716226003902192,-0.37468189495680454,-0.3160498696101138],"T_pred":[-53.78847158505353,149.93089222349772,909.7814062092569],"rotation_error":176.3953721754378,"translation_error":41.77879020223369,"ADD":0,"ADD_S":1}}
{"id_image":1626,"data":{"Best_template_id":98,"GT_R":[-0.6051115603309313,0.7946715252077026,-0.04834468976183537,-0.22123775906972748,-0.10951062034412495,0.9690519452838103,0.7647839542689636,0.5970799375319705,0.24207754293038344],"GT_T":[-75.82900933505015,120.15626141836799,933.4884767194516],"R_pred":[-0.37781348283555105,-0.925778303039219,0.013838562407084642,-0.2478204434843772,0.0867128043438834,-0.9649175702380106,0.8920997701932656,-0.3679883465337502,-0.2621880562429937],"T_pred":[-47.4636081552902,138.29457441019096,824.764604878021],"rotation_error":177.69948052286966,"translation_error":113.81772573052878,"ADD":0,"ADD_S":0}}
{"id_image":1631,"data":{"Best_template_id":98,"GT_R":[-0.6019255715288235,0.7965861866454692,-0.05599890948537282,-0.22943178387250857,-0.10534428897941212,0.9676071812411592,0.7648838964631547,0.5952755483369288,0.2461724204634628],"GT_T":[-71.5323350073559,118.00000665916987,932.6649369072959],"R_pred":[-0.3463010287429286,-0.93812222713282,-0.0015114400242690063,-0.21679407766471326,0.08159527709588943,-0.9728013870493563,0.9127299301442324,-0.3365544498517331,-0.23163587136689712],"T_pred":[-42.25760281210452,129.23385667733567,778.8370232350113],"rotation_error":177.52973506071032,"translation_error":156.99119833959537,"ADD":0,"ADD_S":0}}
{"id_image":1639,"data":{"Best_template_id":98,"GT_R":[-0.5938857467005597,0.8025741938071279,-0.056347077740014614,-0.22139030456374995,-0.09568803383319614,0.9704794750176458,0.773490346436544,0.5888285052763165,0.23450939577227498],"GT_T":[-68.31162955147343,121.1893105440803,930.7004305606673],"R_pred":[-0.3814000693182684,-0.9242626857862002,0.01650681033088025,-0.36037982620363396,0.13222075718307036,-0.9233872709948809,0.8512698561498924,-0.35812869060327307,-0.383514632025072],"T_pred":[-47.722049625381445,171.1145893467365,1043.6467558010236],"rotation_error":173.6093813581961,"translation_error":125.19319730063698,"ADD":0,"ADD_S":0}}
{"id_image":1641,"data":{"Best_template_id":98,"GT_R":[-0.6077024867986165,0.7920945296207141,-0.05731187281887242,-0.22640683327696035,-0.10362520601576698,0.9685048921300307,0.7612083884294643,0.6015381011475057,0.24230908605351661],"GT_T":[-67.3167285787457,123.63701685959,928.1696870299386],"R_pred":[-0.3488750959637418,-0.9358790390639655,-0.04915884108680846,-0.2500713762299908,0.14351729438675231,-0.9575317712756817,0.903189057842669,-0.32176576954768527,-0.28410616913516246],"T_pred":[-44.39725738724187,147.6382258226551,859.6974009882114],"rotation_error":173.45974538205573,"translation_error":76.09082827231546,"ADD":0,"ADD_S":1}}
{"id_image":1643,"data":{"Best_template_id":98,"GT_R":[-0.5877473522466046,0.8067020168204753,-0.06152728775966711,-0.22652672069619992,-0.09108070257972879,0.969737256423323,0.7766849281130904,0.5838972199203953,0.23627183375761815],"GT_T":[-70.70677769243134,122.52744524510152,931.5913520477504],"R_pred":[-0.3305290252173717,-0.9437797301875559,-0.005512202459833804,-0.21093661935913216,0.07956408750814392,-0.9742562797294854,0.9199219021755025,-0.32085725309878943,-0.22537594599181332],"T_pred":[-41.725803347978605,136.0884627133253,781.1374336664104],"rotation_error":176.9072737399053,"translation_error":153.8186582473863,"ADD":0,"ADD_S":0}}
{"id_image":1644,"data":{"Best_template_id":98,"GT_R":[-0.596514205738607,0.7998490896311525,-0.06641980660263513,-0.2287498884122419,-0.09010625727331159,0.9693063966708976,0.7693143307134659,0.5933983904312843,0.23671448005617005],"GT_T":[-71.91461942200148,123.42578162139174,930.1647632373663],"R_pred":[-0.3494499406040478,-0.9369503232998109,0.0029716460434496828,-0.26356500218500784,0.09525607600004204,-0.959926960559131,0.8991208086987224,-0.33622964124754745,-0.2802345441081476],"T_pred":[-46.823761233137276,146.59675016173793,859.1816523124127],"rotation_error":175.58587291999277,"translation_error":78.77212060326723,"ADD":0,"ADD_S":0}}
{"id_image":1645,"data":{"Best_template_id":158,"GT_R":[-0.589651990590137,0.805248352415634,-0.06233751226436452,-0.22591131261896463,-0.09033817109992358,0.9699497657307878,0.7754196155650295,0.586015576764928,0.235182172160834],"GT_T":[-73.44283612381533,122.22479515127125,931.8122761617194],"R_pred":[-0.5951325255161997,-0.8024979537001815,0.04259473417842896,-0.38306938919517775,0.2366922781029056,-0.8928799519241597,0.7064524896511747,-0.5476986395760699,-0.44827567419187375],"T_pred":[-69.57729885359309,152.12451926761457,941.9924714360651],"rotation_error":171.383189227999,"translation_error":31.820940533628637,"ADD":0,"ADD_S":0}}
{"id_image":1648,"data":{"Best_template_id":98,"GT_R":[-0.5846578910730064,0.8087952129409396,-0.06344666521849339,-0.22656172676402858,-0.08767969915086216,0.9700416866209502,0.7790028250296099,0.5815169468408766,0.23450480606506008],"GT_T":[-76.36489481166498,122.04109904763317,933.2571181802211],"R_pred":[-0.33464654262965193,-0.9416664715163252,0.03572041332367487,-0.22245957025108343,0.04210885392996655,-0.97403212679275,0.9157092503135063,-0.33390283143857624,-0.22357430095513642],"T_pred":[-45.469201107886136,135.122722402966,783.5913008056176],"rotation_error":178.89829114749926,"translation_error":153.38034309994447,"ADD":0,"ADD_S":0}}
{"id_image":1649,"data":{"Best_template_id":158,"GT_R":[-0.5965187575551735,0.8003713527881315,-0.05976566926035559,-0.22468055694470349,-0.09503848555298397,0.9697862225217708,0.7705094205657314,0.5919235851576475,0.23651917959050495],"GT_T":[-75.90225125221338,121.09987062634313,931.6308317471336],"R_pred":[-0.5301549022489276,-0.846975600923353,-0.039599382090567514,-0.3280161809776577,0.2479367830934719,-0.9115551198946185,0.7818830888555284,-0.47027617739981775,-0.40926660300096873],"T_pred":[-66.5468052111918,147.03884090947105,928.5121872902722],"rotation_error":169.4011264806988,"translation_error":27.75032420033632,"ADD":0,"ADD_S":1}}
{"id_image":1724,"data":{"Best_template_id":158,"GT_R":[-0.5670419089074245,0.8236356141255615,-0.009337576085068284,-0.19808759997310524,-0.1253545543936442,0.9721351033294064,0.7995156943324933,0.5530908819545812,0.23423341800695976],"GT_T":[-87.951326199173,102.43802185945465,918.0698875156971],"R_pred":[-0.6446686812611171,-0.7644258324262171,0.0074456779769985215,-0.3686778915912966,0.3023580115542239,-0.8790086718006666,0.6696856752632896,-0.5694144181248494,-0.4767476447542147],"T_pred":[-87.5945099451949,138.38080324383623,995.7424903784971],"rotation_error":170.87587883981377,"translation_error":85.58647140154099,"ADD":0,"ADD_S":0}}
