{"id_image":1,"data":{"GT_R":[0.39018010408794,-0.9135044355828039,0.1151965349247407,-0.5329615086793638,-0.3260998080973812,-0.7807760905145762,0.7508078397199628,0.24324760833041553,-0.6140999671145979],"GT_T":[-104.90381415701214,-10.438632434072016,1060.3575264950755],"R_pred":[0.33195272630018646,-0.9347277271392306,0.12685213289102326,-0.4491367599865651,-0.2748745990292542,-0.8501294758078193,0.829508021860334,0.22522884123849463,-0.5110659553753515],"T_pred":[-52.07801611837819,40.81413725658527,688.8820897430238],"rotation_error":7.646615741599024,"translation_error":378.6969916034581,"ADD":0,"ADD_S":0}}
{"id_image":2,"data":{"GT_R":[0.39243578956831854,-0.9126739759033748,0.1141114399082396,-0.5334413464740478,-0.3269082297687534,-0.7801105129228941,0.7492902715655426,0.24527069326845316,-0.6151479839905093],"GT_T":[-105.02856123683762,-10.586629002358295,1060.9967964850666],"R_pred":[0.361036551809118,-0.9055178422702113,0.22291264115810838,-0.441091448150899,-0.3764234082768808,-0.8147047023734181,0.8216391803133085,0.19581331678800062,-0.5353187857179653],"T_pred":[-56.640950602315655,42.102552162127566,703.7833212918578],"rotation_error":8.017931192076597,"translation_error":364.306159067221,"ADD":0,"ADD_S":0}}
{"id_image":3,"data":{"GT_R":[0.3936433995313598,-0.9122106679722034,0.11365707357011678,-0.5322835215809776,-0.32698684283164914,-0.7808674224629976,0.7494796770982852,0.246885052423559,-0.6142705241189408],"GT_T":[-105.3548778720777,-10.234346351286703,1061.4983474248893],"R_pred":[0.3582525396887045,-0.9017931171094549,0.24171117421544003,-0.4657992821685977,-0.39701551627393095,-0.7908284950410951,0.8091267802624091,0.17072742536498736,-0.5622864036151238],"T_pred":[-54.73585665857576,40.62596365050782,710.3595645559783],"rotation_error":8.032144433824376,"translation_error":358.3957327825651,"ADD":0,"ADD_S":0}}
{"id_image":4,"data":{"GT_R":[0.39236715665181915,-0.9121695772616015,0.11829900808370764,-0.5338138787126001,-0.33055765342801574,-0.778315771452479,0.7490599701952477,0.24223567097879123,-0.6166288479896066],"GT_T":[-104.17988546298186,-11.252708208618813,1060.9209447459787],"R_pred":[0.32111760702858017,-0.9254724792821796,0.20095813630588166,-0.40789590759752165,-0.3266631335737923,-0.8525914178133303,0.8546955077812401,0.1918121144637271,-0.48239372065100716],"T_pred":[-50.60216699311497,41.45285179331745,664.9691546652207],"rotation_error":10.35854531527468,"translation_error":403.02142379743367,"ADD":0,"ADD_S":0}}
{"id_image":5,"data":{"GT_R":[0.3932072942493719,-0.9118924204177488,0.117644004633443,-0.5333773488918128,-0.33044733582476954,-0.7786611650494604,0.7489301094325876,0.24342638126590127,-0.6163168870805223],"GT_T":[-104.4574850244265,-11.229299149511021,1061.044916033963],"R_pred":[0.3282468440198607,-0.916261054583097,0.22960768551002808,-0.42143795168321285,-0.35959959144133685,-0.8325131751007198,0.845366229673305,0.17650442965969537,-0.5041846130520511],"T_pred":[-53.82867467899081,42.018220476836035,675.7407082205242],"rotation_error":9.887112925051447,"translation_error":392.24725281650353,"ADD":0,"ADD_S":0}}
{"id_image":6,"data":{"GT_R":[0.39104850177725803,-0.9132792482982274,0.1140276158492375,-0.5329717290301061,-0.32571158760930197,-0.7809315562146988,0.7503481744195395,0.244608379164833,-0.6141206708659829],"GT_T":[-106.93774818006186,-9.09330227730403,1061.3958931982345],"R_pred":[0.35682936272755683,-0.92004192962619,0.16185071400881407,-0.4468364856982915,-0.32024978923746494,-0.8353306097241737,0.8203718430957065,0.22574968487924058,-0.5253828307364804],"T_pred":[-56.50339966182138,44.303159287322984,719.3918477279467],"rotation_error":6.666401238562398,"translation_error":349.8021908681029,"ADD":0,"ADD_S":0}}
{"id_image":7,"data":{"GT_R":[0.3892869539656298,-0.9132016362953324,0.12049686624565083,-0.5313981870996163,-0.3295040901566892,-0.7804122175618569,0.7523778847635934,0.23977191856390948,-0.6135445477197422],"GT_T":[-109.40229123832903,-7.932729207007717,1060.8562631704103],"R_pred":[0.3697681563559956,-0.892908090311632,0.2568786733092542,-0.4538350507379494,-0.4148231494809138,-0.7886415544316812,0.8107436446046129,0.17503398787312674,-0.5586213796682501],"T_pred":[-59.882007125088045,42.73229834475383,719.3843006044009],"rotation_error":8.444802637695485,"translation_error":348.74389568013805,"ADD":0,"ADD_S":0}}
{"id_image":8,"data":{"GT_R":[0.3891170804600793,-0.9132329524749936,0.12080113701415994,-0.5297186065198503,-0.32911090527496795,-0.7817189991549257,0.7536485325431965,0.24018924044677464,-0.6118192367064287],"GT_T":[-110.47074186461987,-6.889167609164266,1060.7458024613923],"R_pred":[0.39277055008441986,-0.873999857701489,0.2861040784822171,-0.5116311987603311,-0.4661850893893149,-0.7217374722751638,0.7641759034682056,0.13709745135797846,-0.6302693689127676],"T_pred":[-69.69529453696269,45.11765591620637,826.8897429310621],"rotation_error":10.155733188997093,"translation_error":243.0144098135395,"ADD":0,"ADD_S":0}}
{"id_image":9,"data":{"GT_R":[0.3914393643749944,-0.9122497492825135,0.12073259026666495,-0.5300976765222446,-0.3307903566364853,-0.7807527322230876,0.7521783307251574,0.2416167797622267,-0.6130657186697652],"GT_T":[-109.4429343763064,-7.7068828165614,1060.994594066772],"R_pred":[0.3315813403916126,-0.9185007089947081,0.21543041168859983,-0.4708703891052748,-0.35899552477086555,-0.8058556259394966,0.8175175174685545,0.1657668868342198,-0.5515310035359232],"T_pred":[-59.21745929302296,44.33799944362242,716.7702786331571],"rotation_error":7.175865277745595,"translation_error":351.7408811221105,"ADD":0,"ADD_S":0}}
{"id_image":10,"data":{"GT_R":[0.3909231369190358,-0.9126316103631722,0.11951143651643734,-0.5316257146747115,-0.32987608562535276,-0.7801001863762879,0.7513672981780392,0.24142393216646083,-0.6141345060251667],"GT_T":[-108.20968155036226,-8.208770382026362,1060.8056513126483],"R_pred":[0.35458210589044503,-0.9167730464300484,0.18384425887599953,-0.44650975661616543,-0.33877331098485025,-0.8281676647943548,0.821523321293358,0.21156517932715269,-0.5294710638622282],"T_pred":[-56.57257236131217,42.85120006260845,706.3575413739406],"rotation_error":6.794427052505932,"translation_error":361.8106884357219,"ADD":0,"ADD_S":0}}
{"id_image":11,"data":{"GT_R":[0.3911499789718964,-0.9123128197659061,0.12119076810387847,-0.5309541912229606,-0.33125452796677485,-0.7799731611808696,0.7517244750718624,0.24073958162058165,-0.6139670604779736],"GT_T":[-108.47272256171632,-8.298535800087851,1060.4433515607573],"R_pred":[0.3395128011935863,-0.9118892427629963,0.23062754986951,-0.40762240370509445,-0.3636125641174573,-0.8376334993382302,0.8476880521886367,0.19037833949548233,-0.4951576052405715],"T_pred":[-58.8941658649722,43.48885692448856,686.8320804097729],"rotation_error":9.943453906593943,"translation_error":380.427850269136,"ADD":0,"ADD_S":0}}
{"id_image":12,"data":{"GT_R":[0.3877941508295952,-0.9137599736104632,0.12107047058200114,-0.532193067984828,-0.32920628811955827,-0.77999608047448,0.7525865786376629,0.23804526100580511,-0.6139609687965693],"GT_T":[-110.79783905343434,-7.813529847772882,1059.9942078829995],"R_pred":[0.33830115416114714,-0.9224192470012715,0.18626610495429002,-0.4395027150210804,-0.32989714296311523,-0.8354670780790066,0.832099568911278,0.20077501793395736,-0.5170103476636465],"T_pred":[-59.476517871306214,43.429510124219924,701.4512600542199],"rotation_error":7.645034254816428,"translation_error":365.80428181091776,"ADD":0,"ADD_S":0}}
{"id_image":13,"data":{"GT_R":[0.3886588891151151,-0.913303949281801,0.12174273593199444,-0.5297390541588719,-0.32960485187412747,-0.7814972795706154,0.7538710581725763,0.23924353460653697,-0.611916017142973],"GT_T":[-112.64956257824485,-8.360800114305151,1059.8567641525635],"R_pred":[0.3409805808791161,-0.9207337376106475,0.18968823866773582,-0.42820628973449537,-0.33175551772012307,-0.8405817330242613,0.8368820806392965,0.20539635071680418,-0.5073861667576891],"T_pred":[-59.333605215881974,43.733912601657615,702.4850866321395],"rotation_error":8.080141233297358,"translation_error":365.06296209857544,"ADD":0,"ADD_S":0}}
{"id_image":14,"data":{"GT_R":[0.3883376983335893,-0.9138922881648983,0.11829781681611713,-0.5320617118216256,-0.3271752090020056,-0.7809395570280544,0.7523988511073518,0.24032654199239495,-0.6133021372808345],"GT_T":[-112.643520843664,-8.535786437731682,1059.9913924010102],"R_pred":[0.33647393759233457,-0.9359668907790113,0.10368832473610423,-0.4624687752004164,-0.2601544225969049,-0.847609761840847,0.8203096496358776,0.23724598156500154,-0.5203906445599522],"T_pred":[-54.12815416661192,42.670727101214624,680.3812201651896],"rotation_error":7.071224637936712,"translation_error":387.4919844733225,"ADD":0,"ADD_S":0}}
{"id_image":15,"data":{"GT_R":[0.3878215582422965,-0.914052766012934,0.11875666051220403,-0.5322237373448073,-0.3272590473325794,-0.7807939728144001,0.7525510446691106,0.23960254176995827,-0.6133987553298453],"GT_T":[-111.73446915350956,-9.307841045284825,1059.4386899001333],"R_pred":[0.35103514110899803,-0.930078857547683,0.10829426785099144,-0.530352934800945,-0.2928055040352984,-0.7956071275162505,0.7716865258993513,0.22185187749809876,-0.5960550731232463],"T_pred":[-63.04627516744597,41.56226749988415,756.152873951261],"rotation_error":2.5975927777355663,"translation_error":311.35284539055544,"ADD":0,"ADD_S":0}}
{"id_image":16,"data":{"GT_R":[0.3881348308411897,-0.9141678432255308,0.11683187988646108,-0.5338737751891164,-0.3263615801759843,-0.7800434010112015,0.7512199577461489,0.24038799295951113,-0.6147218614353352],"GT_T":[-110.51091876777937,-10.65821024217094,1059.5215882739308],"R_pred":[0.31210107244919305,-0.9134073353332696,0.2613043442720387,-0.42064925986061585,-0.3794719169412908,-0.8240480959456301,0.8518492359301499,0.14726881547795,-0.502657711800925],"T_pred":[-58.96768314116712,41.38744892664554,690.7160073666583],"rotation_error":11.156005596552479,"translation_error":376.00932473215045,"ADD":0,"ADD_S":0}}
{"id_image":17,"data":{"GT_R":[0.3893758757856347,-0.9137817677207271,0.115713693784321,-0.5323790092415033,-0.325792360658566,-0.781301665209427,0.7516377727583969,0.24261598589214917,-0.6133336317114192],"GT_T":[-109.47618133826738,-11.037437498779132,1059.9381669808697],"R_pred":[0.3226794395557847,-0.9140767399407493,0.2456454615645402,-0.4461796769545109,-0.37578115375126764,-0.8122267050264564,0.8347464735838857,0.15248684528397038,-0.5290993166264815],"T_pred":[-57.96839873417353,41.08916305445465,690.3160482410793],"rotation_error":9.455091704396267,"translation_error":376.816593073764,"ADD":0,"ADD_S":0}}
{"id_image":18,"data":{"GT_R":[0.39066529202614925,-0.9132192176564115,0.11580676821041001,-0.532429448848217,-0.32678827020039897,-0.7808515664287183,0.7509325621217763,0.243392201223617,-0.61389020941097],"GT_T":[-108.58661713381962,-10.584664676276663,1060.6019491416591],"R_pred":[0.35411052673729404,-0.9099306972664223,0.21594411551621034,-0.4639336121197912,-0.37140976172838014,-0.8042514485149224,0.8120168338152352,0.18461017053540202,-0.5536675415225013],"T_pred":[-59.22721858058923,42.9514808126899,730.6726909829047],"rotation_error":6.952994981403241,"translation_error":337.86947848028314,"ADD":0,"ADD_S":0}}
{"id_image":19,"data":{"GT_R":[0.3910236609663338,-0.9133566552069958,0.11349352798819967,-0.5346228447822011,-0.3257758654589204,-0.7797752211156537,0.7491865740508502,0.24423398587841372,-0.6156871947206138],"GT_T":[-107.15684546501458,-9.283760285916944,1061.3075895235613],"R_pred":[0.31537478139803665,-0.9344848280396774,0.16515705683317033,-0.41716891198808476,-0.29284414982784657,-0.8603559744560871,0.8523548827388847,0.20243618766233534,-0.48219367871833574],"T_pred":[-51.29489945258927,42.05861753877785,661.0912218726277],"rotation_error":9.971145395241644,"translation_error":407.34474061744817,"ADD":0,"ADD_S":0}}
{"id_image":20,"data":{"GT_R":[0.3920401515682441,-0.9129762130831228,0.11304863046942976,-0.533140984730198,-0.32562340987615307,-0.7808517110291863,0.7497099713321902,0.24585445662489577,-0.6144030565886666],"GT_T":[-106.9457012557986,-8.19837234337242,1062.331858699597],"R_pred":[0.3610475772040853,-0.915577492155021,0.17709461554260536,-0.48971421281174626,-0.34776078385286885,-0.7995263766657172,0.7936149171766067,0.20194131096227208,-0.5739294992955204],"T_pred":[-59.45402157255316,45.186442075791234,756.2779334567348],"rotation_error":4.671353836320202,"translation_error":314.2839531478946,"ADD":0,"ADD_S":0}}
{"id_image":21,"data":{"GT_R":[0.3910557382724871,-0.9135900271350381,0.11148248825394941,-0.5332384076878481,-0.3236268806493414,-0.7816152984109926,0.7501550289650126,0.24620798102388403,-0.6137170193234666],"GT_T":[-107.24420939319322,-6.562371321942724,1062.8334688596467],"R_pred":[0.3356867563692073,-0.9249460810101635,0.17829511721373903,-0.4619967213386109,-0.3266130352913556,-0.8245501529016546,0.8208979419335236,0.19441880670785944,-0.5369617272465491],"T_pred":[-56.446612943132656,45.84098085126216,714.0296120291944],"rotation_error":6.803286262576349,"translation_error":356.35745770769387,"ADD":0,"ADD_S":0}}
{"id_image":22,"data":{"GT_R":[0.3902783169405629,-0.9141644333216593,0.10948275090699343,-0.5319388538314818,-0.3209432071966413,-0.7836050952467959,0.7514814346916051,0.24758559619248072,-0.6115363670288434],"GT_T":[-106.94725977203086,-5.259932166415917,1063.2758316569953],"R_pred":[0.3247663054499096,-0.9204192342848302,0.21761268346064405,-0.41529136904677133,-0.3454941749458317,-0.8415265021814566,0.8497410932982317,0.18292678381534472,-0.4944470306547509],"T_pred":[-55.08958377952006,46.953462242955425,686.3798513652052],"rotation_error":10.029945748358605,"translation_error":384.0130688859458,"ADD":0,"ADD_S":0}}
{"id_image":23,"data":{"GT_R":[0.391042427394323,-0.9142235438988062,0.10621147835560837,-0.5329331156219779,-0.3190022508655219,-0.783722302647122,0.7503787770624972,0.24986476411005043,-0.611963461434165],"GT_T":[-106.22405510982112,-4.9093857850956955,1064.2009758494062],"R_pred":[0.34878911954865577,-0.9186934076486708,0.18533367968975922,-0.46284209079441735,-0.340804140039098,-0.8183090718800953,0.814937635082296,0.19963707289750532,-0.5440787535379328],"T_pred":[-53.99993187353664,45.565319889198406,703.9209587628162],"rotation_error":6.529776575592061,"translation_error":367.5278842110062,"ADD":0,"ADD_S":0}}
{"id_image":24,"data":{"GT_R":[0.39419242473612104,-0.9128591062645008,0.1063088320758207,-0.531362779527908,-0.32076336980200965,-0.7840690571474773,0.7498441706863619,0.25258472058038756,-0.6115023085697877],"GT_T":[-105.08957969175381,-5.056492588158041,1064.73886625762],"R_pred":[0.3510719892925447,-0.9307276998438938,0.10244221335694348,-0.4619938420575096,-0.2673406420269,-0.845630339463755,0.8144385478568139,0.2495494537440212,-0.5238462769753591],"T_pred":[-51.12616474587124,45.39760468596659,700.9639278274734],"rotation_error":6.474755898348518,"translation_error":371.2005817805587,"ADD":0,"ADD_S":0}}
{"id_image":25,"data":{"GT_R":[0.39311625416937157,-0.9136540805904111,0.10342155479169163,-0.5330665886305846,-0.31810523533402946,-0.7839952876957305,0.749199830143675,0.2530710275288097,-0.6120909767960242],"GT_T":[-105.00099925143688,-4.45305966994878,1064.8089852464257],"R_pred":[0.32477825389917037,-0.9334157356224058,0.1524931155386673,-0.4273935937974512,-0.28867615188084067,-0.8567384637776976,0.8437142891850923,0.21307544163453734,-0.4926916423049426],"T_pred":[-52.133534472862145,45.040237470787545,687.6429088155534],"rotation_error":9.030606117002714,"translation_error":384.05573098735766,"ADD":0,"ADD_S":0}}
{"id_image":26,"data":{"GT_R":[0.39474601945197857,-0.9133676050721488,0.09968270361193945,-0.5337606003656024,-0.31627670595685764,-0.7842629341713003,0.7478471025157712,0.256377675361909,-0.612367910438633],"GT_T":[-102.76914770000755,-4.388255995925621,1065.55102502706],"R_pred":[0.3246057240110699,-0.9289389046905296,0.17805514677090367,-0.4244097278726419,-0.31128300302294576,-0.8502818796823126,0.8452854587808305,0.20043802878040795,-0.4952949523186212],"T_pred":[-49.26671580108497,45.41818197011868,667.7025308813072],"rotation_error":9.42305799266033,"translation_error":404.507868620633,"ADD":0,"ADD_S":0}}
{"id_image":27,"data":{"GT_R":[0.3950486573620487,-0.9130689649921261,0.10119875776669357,-0.5333678709607498,-0.3176572356379365,-0.7839725002347919,0.7479677223406439,0.2557306768606409,-0.6124916542471515],"GT_T":[-102.02574731744727,-4.452016619386885,1065.8045710635647],"R_pred":[0.35797196394173203,-0.9307087329877355,0.07508213750329296,-0.4689698361378511,-0.24874314102309225,-0.8474633576661608,0.8074177145843014,0.2681568647906111,-0.5255173927103969],"T_pred":[-47.39078480634048,44.39255861324042,687.5298099390689],"rotation_error":6.60495749588812,"translation_error":385.3084044788541,"ADD":0,"ADD_S":0}}
{"id_image":28,"data":{"GT_R":[0.39420933868238167,-0.9134372787179933,0.10115348189559342,-0.5319276696007619,-0.3165361700797184,-0.7854028768488751,0.749434893587976,0.255806631485951,-0.6106641573669283],"GT_T":[-103.98976614317571,-3.0478532768402102,1065.93749421368],"R_pred":[0.33295061684685556,-0.9311208283968597,0.1488552641556367,-0.4293629482585348,-0.29025299185866027,-0.8552196556323033,0.8395185199887121,0.22083297680066355,-0.4964286967463911],"T_pred":[-53.13970993450308,47.787895464771644,699.9705885117095],"rotation_error":8.584470173588135,"translation_error":372.96350710977146,"ADD":0,"ADD_S":0}}
{"id_image":29,"data":{"GT_R":[0.39310598516736295,-0.9135323674878176,0.10453179526781788,-0.533432229336225,-0.3191748888559669,-0.7833119274741864,0.7489442709825068,0.2521636777729568,-0.6127775468835224],"GT_T":[-105.83020286725433,-2.1671360312061765,1065.903894633422],"R_pred":[0.3291017250631969,-0.9204579137168877,0.21082998751691473,-0.43866047213522663,-0.3467360861432839,-0.8290663886276763,0.8362230831222778,0.1803643968248494,-0.5178799471030716],"T_pred":[-53.93063352589927,47.63661602963128,689.1759928185577],"rotation_error":8.982507450427358,"translation_error":383.5334288207294,"ADD":0,"ADD_S":0}}
{"id_image":30,"data":{"GT_R":[0.39510744599721837,-0.9129363192596728,0.1021628363693363,-0.5300018904411332,-0.31737763409566855,-0.7863643402382046,0.7503254777069334,0.256552001565362,-0.6092564743019693],"GT_T":[-104.81265230742198,-0.48595450262158435,1066.4593569450756],"R_pred":[0.3519284502928881,-0.9221748499128503,0.16043662942937342,-0.4940510760333571,-0.3285863810229298,-0.8049500136508702,0.7950219494735526,0.20402092146264306,-0.5712403727510914],"T_pred":[-57.664794764292374,49.493188894441936,760.6631761468504],"rotation_error":4.6756709811804225,"translation_error":313.42006865609653,"ADD":0,"ADD_S":0}}
{"id_image":31,"data":{"GT_R":[0.3976858975130312,-0.9116494531552818,0.1036472774018717,-0.5284023821215317,-0.31991211511076656,-0.7864146068946097,0.7500914355062875,0.25797818897593333,-0.6089415321040741],"GT_T":[-103.32053078548296,0.3122510386083741,1066.9152319676768],"R_pred":[0.33709051384373234,-0.922224847728909,0.18939724313716666,-0.4208082242911792,-0.3275462968022027,-0.8459514535835186,0.842193816081235,0.20546229260512483,-0.4984925500666715],"T_pred":[-51.5642821733622,48.606113758569,685.6411735624389],"rotation_error":9.046323352983642,"translation_error":387.789780757068,"ADD":0,"ADD_S":0}}
{"id_image":32,"data":{"GT_R":[0.3988478500665191,-0.9113028384594671,0.10221539607392509,-0.5267660534880487,-0.31892314252234877,-0.7879122295513761,0.7506257283962832,0.26041302003242606,-0.6072451539849635],"GT_T":[-102.77414399350533,0.9077646000948381,1067.3592215597218],"R_pred":[0.33799841044407486,-0.913009964496261,0.22840726623252283,-0.4127471690984479,-0.3619068474570876,-0.835860758837792,0.8458113554088144,0.18824515530076275,-0.4991662173738282],"T_pred":[-53.3192437021387,49.74628940547517,695.9315523367734],"rotation_error":10.160104144273124,"translation_error":377.87498214672377,"ADD":0,"ADD_S":0}}
{"id_image":33,"data":{"GT_R":[0.3978764418283487,-0.9117652290722488,0.10187409438440048,-0.5284382914274444,-0.3185275802552403,-0.7869522712167698,0.7499656381874308,0.25927535991245454,-0.6085456751458156],"GT_T":[-102.615758641884,1.5291669804669263,1067.4487836343062],"R_pred":[0.3627588328482939,-0.9111393996255843,0.19552755212622458,-0.5332616608483292,-0.3750348396899692,-0.758274930409809,0.7642238090113558,0.17080358154514474,-0.6219229102320688],"T_pred":[-61.94503663481817,50.14543737659626,805.482230828352],"rotation_error":6.046393022458572,"translation_error":269.5257393364136,"ADD":0,"ADD_S":0}}
{"id_image":34,"data":{"GT_R":[0.39727174072355276,-0.9120554175580016,0.10164030557115505,-0.5312685680232584,-0.3188785322236793,-0.7849013072666228,0.7482841775728818,0.25782030639196196,-0.6112283054256988],"GT_T":[-102.14523066450828,0.6737420022183991,1067.3205969146588],"R_pred":[0.38083485483543733,-0.903030030323209,0.19875003818096465,-0.5142727306513977,-0.38549784646992197,-0.76610375855716,0.7684324120251733,0.18954728882660493,-0.611214735954278],"T_pred":[-59.43808317768825,50.20026590106707,804.078061530953],"rotation_error":5.721678275783646,"translation_error":271.24418786622107,"ADD":0,"ADD_S":0}}
{"id_image":35,"data":{"GT_R":[0.3991577266141435,-0.9113528292859425,0.10054244816989584,-0.5300417671218105,-0.3188349416668526,-0.7857482867434535,0.7481504880960514,0.26034559425625947,-0.610320209485956],"GT_T":[-100.85794738204137,0.08958617750634179,1067.697271723593],"R_pred":[0.3505495511950276,-0.9160240903090666,0.194974044760866,-0.43740852929129326,-0.3442190244659421,-0.8307749645354892,0.8281236566239326,0.20594448079315525,-0.5213425746768096],"T_pred":[-56.30746743739602,51.8047435780249,744.2111304158755],"rotation_error":8.092031357725457,"translation_error":330.60926542735507,"ADD":0,"ADD_S":0}}
{"id_image":36,"data":{"GT_R":[0.3993404404565694,-0.9113167227866467,0.10014994294526167,-0.5305446853447414,-0.3188002356330846,-0.7854229530904769,0.7476969647189081,0.26051675581177447,-0.6108033545684188],"GT_T":[-100.83560086371202,-0.20200604999624883,1067.7590064659614],"R_pred":[0.3633000109549317,-0.9308634790250878,0.038810893541066205,-0.4651394716812056,-0.2173151086297735,-0.8581488305913831,0.8072535995115011,0.2937130010376443,-0.5119319281869275],"T_pred":[-45.74188006384494,47.017878340517804,687.2129032084727],"rotation_error":8.082379778375726,"translation_error":387.4020808641669,"ADD":0,"ADD_S":0}}
{"id_image":37,"data":{"GT_R":[0.39932122977628937,-0.91116914598951,0.10155955212722335,-0.5307960201085855,-0.32008772870054375,-0.7847289115378775,0.7475283693194897,0.25945097486463703,-0.6114624211931804],"GT_T":[-103.04025840081914,-0.48781931822847246,1068.1928125959125],"R_pred":[0.3809931075125568,-0.9232498462677445,0.04953759576837796,-0.47657446889944094,-0.24201368413104973,-0.8451663459263697,0.7922884750020922,0.29839419910565035,-0.532202850724192],"T_pred":[-50.26494719103336,48.408609833678895,710.2222090778853],"rotation_error":6.495583845895427,"translation_error":365.12880910735856,"ADD":0,"ADD_S":0}}
{"id_image":38,"data":{"GT_R":[0.40124198042934356,-0.9104969854188807,0.10000758017201329,-0.5297886213984268,-0.3197523013562831,-0.7855459337731944,0.7472149013863256,0.2622105869263105,-0.610669095405591],"GT_T":[-104.82025806512245,-0.4878510397397626,1068.7299529872323],"R_pred":[0.35465115691077254,-0.9098638993354836,0.21533750622657277,-0.4642034098071103,-0.3712610620904129,-0.8041644223036422,0.8116266082536367,0.18523743806673487,-0.5540300897182121],"T_pred":[-57.0998281607348,50.8132127305656,732.7242122472351],"rotation_error":7.698422713316887,"translation_error":343.23300596600376,"ADD":0,"ADD_S":0}}
{"id_image":39,"data":{"GT_R":[0.3997671073174219,-0.9113239343934901,0.09836489964247234,-0.5312188262356821,-0.31779722683381006,-0.785373478231065,0.7469900407160782,0.261712425228461,-0.6111577970013783],"GT_T":[-103.65024706985803,0.37606188875477864,1068.7584561702174],"R_pred":[0.34250214918819566,-0.9191381044632376,0.1946212288656956,-0.4605417582306284,-0.34480482637375287,-0.8179308776633925,0.8188977755051654,0.19051188055628604,-0.5413978727697395],"T_pred":[-51.756560262651846,49.3984084482437,705.1920383707517],"rotation_error":7.530041789276944,"translation_error":370.5086845732212,"ADD":0,"ADD_S":0}}
{"id_image":40,"data":{"GT_R":[0.40146253825511086,-0.9111351200621354,0.09306173746692115,-0.5319180677677164,-0.3146698590041427,-0.7861595756069254,0.745580650453118,0.266112383852341,-0.6109771425870951],"GT_T":[-100.6818379923646,0.30072574218539616,1069.2291254054735],"R_pred":[0.39853548549436313,-0.8772876859219351,0.2674617410612373,-0.48747503159752836,-0.449636922024629,-0.7484615767834755,0.7768767987079811,0.1679075772023224,-0.6068521114301946],"T_pred":[-58.61099038878968,48.69481470019325,774.1076111729515],"rotation_error":10.248822979150475,"translation_error":302.0077022644547,"ADD":0,"ADD_S":0}}
{"id_image":41,"data":{"GT_R":[0.40176445405258354,-0.9107733840566806,0.09527806086307851,-0.5299660393929152,-0.3161007059707094,-0.7869032901837246,0.7468076819585371,0.26565500617966925,-0.6096769223158943],"GT_T":[-99.8355672601557,-0.02739250086608891,1068.8504615428703],"R_pred":[0.37366627372553685,-0.9156905115743565,0.14793377874158686,-0.4639958345915289,-0.3226249484551905,-0.8249975806728138,0.8031695844351816,0.23963311467111237,-0.5454306454456324],"T_pred":[-50.253129727453064,48.309812728134474,718.4029706267108],"rotation_error":5.347989058485495,"translation_error":357.22310593026674,"ADD":0,"ADD_S":0}}
{"id_image":42,"data":{"GT_R":[0.40503073609550877,-0.9091553598873066,0.09688817345589576,-0.5286747228801586,-0.3193388717620777,-0.7864637005361779,0.7459577528354053,0.267319634361871,-0.6099897644016853],"GT_T":[-100.19914499961925,0.5823737117008552,1069.252553916115],"R_pred":[0.3650989167865646,-0.9239490553548333,0.1141092637351962,-0.46351692486159224,-0.28670550723020594,-0.838422335395905,0.8073752791163045,0.25321551143794796,-0.5329418949933361],"T_pred":[-50.4673895094604,49.76725949810968,714.693220124975],"rotation_error":5.735864078237762,"translation_error":361.39275265612616,"ADD":0,"ADD_S":0}}
{"id_image":43,"data":{"GT_R":[0.40497784771593004,-0.9091394131667929,0.09725782236294693,-0.5287011299084712,-0.3196299734898988,-0.7863288568005136,0.745968521801807,0.26702439992150834,-0.6101054963336953],"GT_T":[-101.53856961024842,2.1826673998076407,1069.0437006949903],"R_pred":[0.3674980098454994,-0.8727027024152245,0.3214579380832912,-0.4311367444774858,-0.46612389168040713,-0.7725604346367132,0.8240548041974831,0.1453220933026907,-0.5475538045499928],"T_pred":[-58.996050442652745,51.81124802948414,745.4655190760113],"rotation_error":13.405585397910658,"translation_error":330.11467942563,"ADD":0,"ADD_S":0}}
{"id_image":44,"data":{"GT_R":[0.40554431758312826,-0.9086576091220392,0.09937628136824586,-0.5249122724673877,-0.3205097278463989,-0.7885058101642058,0.7483323514471399,0.26760974527125597,-0.606945993215455],"GT_T":[-104.77849205773785,3.8208703066601215,1069.1810899891695],"R_pred":[0.45803783777357554,-0.8654327184311734,0.2030456821420683,-0.5341562815401955,-0.45053548419514944,-0.7153284870408796,0.7105479618286579,0.21918938694624776,-0.6686386218214353],"T_pred":[-65.0107959204377,52.393178752550675,822.8192456265234],"rotation_error":8.630700501269287,"translation_error":254.2339417969128,"ADD":0,"ADD_S":0}}
{"id_image":45,"data":{"GT_R":[0.40212286087329524,-0.9099084817437632,0.10180120845826512,-0.526438803719854,-0.3207462003884934,-0.7873904792091547,0.7491065733636554,0.2630352764694098,-0.6079901731505701],"GT_T":[-109.87473862340099,4.27509740288267,1068.9047100267644],"R_pred":[0.33430840951261065,-0.9072876675642172,0.25508229184918046,-0.38795902321836917,-0.3791394115712963,-0.8400839856209733,0.8589095899060604,0.18188566430385167,-0.47873993095223366],"T_pred":[-59.07261267947873,52.68707472432104,687.3495629814812],"rotation_error":12.096214950699963,"translation_error":387.95477286062777,"ADD":0,"ADD_S":0}}
{"id_image":46,"data":{"GT_R":[0.40168074344519206,-0.9105304901926291,0.09791117911180414,-0.5266574358510061,-0.31714597843185005,-0.7887020398784805,0.7491895630437782,0.26524077466166035,-0.606929235935485],"GT_T":[-111.24631976593896,5.552901183970214,1069.10627640856],"R_pred":[0.42214235281700163,-0.9012723605983805,0.09748828637097373,-0.5656729872907668,-0.3459231296070573,-0.7485661359241407,0.7083854215098346,0.2608549796808217,-0.6558542324084309],"T_pred":[-56.56114486260407,52.89685051587407,690.6178515428288],"rotation_error":3.7452368996241794,"translation_error":385.33804075109487,"ADD":0,"ADD_S":0}}
{"id_image":47,"data":{"GT_R":[0.40180740624414657,-0.9103760618878148,0.09882558745269107,-0.5249870723114838,-0.31743583619327054,-0.7896985099980938,0.7502928362694763,0.2654237696090371,-0.6054835997185791],"GT_T":[-111.8619659013284,6.682642443958362,1068.9482447448702],"R_pred":[0.36107359725371735,-0.90949691637335,0.20601266095468151,-0.42543247212754887,-0.35724261159780346,-0.831495597173084,0.8298391826286002,0.21258663073238843,-0.515920396387028],"T_pred":[-60.57003115826821,54.12857125501053,716.5641431998337],"rotation_error":8.460734036073902,"translation_error":359.2443927914984,"ADD":0,"ADD_S":0}}
{"id_image":48,"data":{"GT_R":[0.4027814700401351,-0.9095358229990275,0.10253368187462882,-0.5236228185857568,-0.3208528974110282,-0.7892228817357531,0.750724430201064,0.26419515110943276,-0.6054872912348154],"GT_T":[-113.54277487886789,7.891988689170731,1068.9908580119932],"R_pred":[0.3375771532721763,-0.911903576790448,0.23339565596951706,-0.44119305282581167,-0.3723122056385264,-0.8165367791292786,0.8314988609294026,0.17267161946701953,-0.5280096174348936],"T_pred":[-64.65522066068172,56.36386369860582,723.0879190390775],"rotation_error":9.290668844652819,"translation_error":352.68733860810346,"ADD":0,"ADD_S":0}}
{"id_image":49,"data":{"GT_R":[0.4038094941640105,-0.9089681902999622,0.10351702754563723,-0.5218628384007056,-0.32180572618379594,-0.7900004401201061,0.7513971263563247,0.264987734842138,-0.6043047173928696],"GT_T":[-115.39153286640992,9.107773359358381,1069.3721169609505],"R_pred":[0.39921208639917305,-0.8722847520497018,0.28239869230293807,-0.4715433733747879,-0.4594836853146459,-0.752676284969838,0.7863056384759965,0.16731423810083124,-0.5947515352057478],"T_pred":[-67.65686763289116,56.94184929874127,758.5770534553711],"rotation_error":10.50892559320021,"translation_error":318.0570209653732,"ADD":0,"ADD_S":0}}
{"id_image":50,"data":{"GT_R":[0.4034477608915454,-0.9086042895820898,0.10802448614244697,-0.5201295331181753,-0.3248637145772672,-0.7898924896508218,0.7527921058816051,0.26249269542871695,-0.6036564957008416],"GT_T":[-118.40880894565,11.02503293774556,1069.4030590359093],"R_pred":[0.41388678789623146,-0.8879520778797039,0.20059619685840535,-0.4414239564190452,-0.3884788787832479,-0.808844268965706,0.7961423349529257,0.24622198953064073,-0.552749594633299],"T_pred":[-69.49424673793843,57.98543525941145,740.3813873318159],"rotation_error":6.336828880812331,"translation_error":335.93626513542876,"ADD":0,"ADD_S":0}}
{"id_image":51,"data":{"GT_R":[0.40343433199708983,-0.9088223912994854,0.10621958122684945,-0.5188256408566858,-0.32282833451751736,-0.7915815517270572,0.7536982259380486,0.26424180387705026,-0.6017605005639324],"GT_T":[-121.47121158538204,12.305526673366405,1069.6771557905647],"R_pred":[0.3630823753589797,-0.9309339679385434,0.03915528114929023,-0.46165037615877835,-0.21623714375247932,-0.8603025211251145,0.8093516657770833,0.29428463262625276,-0.508277912272304],"T_pred":[-62.98655042586952,57.168076382803704,725.7631184427407],"rotation_error":7.9772484596932784,"translation_error":351.7242798588906,"ADD":0,"ADD_S":0}}
{"id_image":52,"data":{"GT_R":[0.4031563380185514,-0.9088340248529961,0.10717206641372246,-0.5195833615477763,-0.3237286812688039,-0.7907164819421248,0.7533248862146393,0.26309719878276167,-0.6027287180342057],"GT_T":[-120.90119984486073,12.90848063273086,1069.931115676394],"R_pred":[0.36399867539057285,-0.9092317146095034,0.20199666695807372,-0.4625551676323322,-0.3647075425031445,-0.8081034125270986,0.8084229593539098,0.20071396959250143,-0.5533228905439274],"T_pred":[-70.20041537608596,60.686669719478445,761.0407262192796],"rotation_error":6.425491672964339,"translation_error":316.64901325778044,"ADD":0,"ADD_S":0}}
{"id_image":53,"data":{"GT_R":[0.40716335488491934,-0.9073280826236241,0.1047598058359305,-0.5171882498710783,-0.32357200008496223,-0.7923496931612113,0.7528188934731618,0.2684345384484675,-0.6010054477327141],"GT_T":[-117.80138663207069,13.397218191915629,1070.769618956635],"R_pred":[0.36921332302889953,-0.8983607493499562,0.23796950671323897,-0.4578695602149615,-0.39866695903638777,-0.7946194822688635,0.8087255331238867,0.18442510620862884,-0.5585251939468988],"T_pred":[-70.99825926435119,59.84869487008559,757.3019184217301],"rotation_error":8.151534331690147,"translation_error":320.3283810336236,"ADD":0,"ADD_S":0}}
{"id_image":54,"data":{"GT_R":[0.40714427285178195,-0.9071011106705247,0.10678338491373193,-0.5163099282741915,-0.3250140777038163,-0.7923322766401317,0.7534308196863596,0.26746019281359906,-0.6006719503266159],"GT_T":[-118.30806939172302,15.243854382862832,1070.8324818227354],"R_pred":[0.39971211619043356,-0.8714855533531907,0.2841533995349144,-0.4473427668498668,-0.45603210209675615,-0.7693628343014235,0.8000716674884016,0.18040967865914748,-0.5721343152865697],"T_pred":[-69.36243026294882,59.574273884264926,734.7689395767244],"rotation_error":10.406758619442362,"translation_error":342.4902423571085,"ADD":0,"ADD_S":0}}
{"id_image":55,"data":{"GT_R":[0.40806319901627647,-0.9069225138889988,0.10476726160986094,-0.5143395889690356,-0.3231866956751388,-0.7943583005625664,0.7542815050302435,0.27026223652599246,-0.5983469315086563],"GT_T":[-120.60683741009134,17.84705933745915,1071.4344313524853],"R_pred":[0.355722613013119,-0.9010339720526556,0.2481918689202629,-0.3949219841462631,-0.3856051543061383,-0.8338736663371245,0.8470525656823769,0.19861129418931228,-0.4930065971073299],"T_pred":[-63.72623191624754,59.120835093391925,681.8004832864556],"rotation_error":10.571911532804577,"translation_error":395.92113019137895,"ADD":0,"ADD_S":0}}
{"id_image":56,"data":{"GT_R":[0.40885188410006307,-0.9063074430623779,0.10699263929623529,-0.5128148829658946,-0.32513882646774483,-0.7945472865698702,0.7548914804421661,0.2699843871023907,-0.5977015561594411],"GT_T":[-122.171242942979,19.00812931484287,1071.725423360569],"R_pred":[0.357634532214528,-0.9091459321454161,0.2134273071355638,-0.40427677244616805,-0.3567425899640284,-0.8421965422431192,0.8418181707638562,0.2149148635371682,-0.49513005241309616],"T_pred":[-66.09448027107086,61.749185394370336,713.2168268765256],"rotation_error":9.079539642712842,"translation_error":365.37626488253653,"ADD":0,"ADD_S":0}}
{"id_image":57,"data":{"GT_R":[0.40872936839452184,-0.9064224789910007,0.10648830183692577,-0.51299703778201,-0.32467598402090453,-0.7946188269992495,0.7548341639807796,0.270155754977375,-0.5976969802816767],"GT_T":[-120.543185794458,18.169530500572748,1071.3764710115283],"R_pred":[0.3092512577526608,-0.9442168714349541,0.11321730996620688,-0.4315704052805102,-0.24543291860965893,-0.8680493463788568,0.8474140929111418,0.2195841118121517,-0.48339649665182216],"T_pred":[-59.09646699946204,58.98312792603161,701.4099643452136],"rotation_error":9.413325157744191,"translation_error":377.2488105221209,"ADD":0,"ADD_S":0}}
{"id_image":58,"data":{"GT_R":[0.4122693785800162,-0.9053416356706442,0.10193956484754543,-0.5143080348823346,-0.3236283661923105,-0.794199220168833,0.7520118213077136,0.2749949767007851,-0.5990464983725373],"GT_T":[-115.65063813520787,16.709177183468334,1072.1740050396427],"R_pred":[0.32631417293405884,-0.9158578918677753,0.23393029398920612,-0.38435163042129644,-0.3546504080404199,-0.8523478821873467,0.8635930087343535,0.18822170432837576,-0.4677389285540265],"T_pred":[-60.13786904462666,59.003232809362196,683.1489136504282],"rotation_error":11.718579018782128,"translation_error":395.2353430600268,"ADD":0,"ADD_S":0}}
{"id_image":59,"data":{"GT_R":[0.41343110663962934,-0.9047231319835098,0.1027192387531742,-0.5150284427499139,-0.32538769994302724,-0.7930121362295275,0.7508794792485765,0.2749527788651068,-0.6004833313151144],"GT_T":[-113.33456560479831,15.315442095422537,1072.1415194769822],"R_pred":[0.3326753477972152,-0.9172761800700207,0.21893268930005166,-0.3925111911368149,-0.3457737403093477,-0.8522766483629847,0.857474243228542,0.1975978997576513,-0.47507156535726747],"T_pred":[-60.53353796289887,58.434107980198675,687.6923976955243],"rotation_error":10.90248041885052,"translation_error":390.4462768502959,"ADD":0,"ADD_S":0}}
{"id_image":60,"data":{"GT_R":[0.41539242894735984,-0.9036840413776407,0.10394241486967544,-0.5125568101328568,-0.3269284683184933,-0.7939788996934721,0.7514878195039236,0.27653668198685905,-0.5989933545531777],"GT_T":[-113.68109565067402,14.98999358085462,1072.1880167547852],"R_pred":[0.36448559863438756,-0.9082947643297274,0.20530676919998897,-0.4218943349685167,-0.35761818293379816,-0.8331352863470625,0.8301538523126937,0.21704805073147676,-0.513551093041443],"T_pred":[-65.90700149922746,59.68853766020689,741.6199592870199],"rotation_error":8.171463982364022,"translation_error":336.98006548283655,"ADD":0,"ADD_S":0}}
{"id_image":61,"data":{"GT_R":[0.41623488709669276,-0.9033741974163337,0.10326849717772756,-0.5131018761879517,-0.3271272007863844,-0.7935448290558298,0.7506503490682318,0.27731357070239,-0.59968494470964],"GT_T":[-114.4919682585497,14.518395239568871,1072.2568593384947],"R_pred":[0.3344604183639428,-0.9218282385747731,0.19587987929838013,-0.39151249798879656,-0.3249777971926312,-0.8608759464931042,0.8572363690758747,0.21123950837368605,-0.4695994864090616],"T_pred":[-59.113829041419756,57.217922605470164,680.2252901415113],"rotation_error":10.546590176293185,"translation_error":398.2194610858092,"ADD":0,"ADD_S":0}}
{"id_image":62,"data":{"GT_R":[0.41677546745825406,-0.9036467020660772,0.09860101050077416,-0.514024722516592,-0.32374844534610003,-0.7943340258772099,0.7497187501423729,0.28037424236168024,-0.599426230249126],"GT_T":[-113.54434191678858,14.647002963406232,1072.622618281098],"R_pred":[0.3469766107818014,-0.917457805453796,0.1946237569832599,-0.42908785692463847,-0.3398140481301932,-0.8369050267104337,0.8339609359017934,0.20687577892367065,-0.5115775302772095],"T_pred":[-61.702491650330614,59.341100054235305,732.547105054192],"rotation_error":8.484987774028749,"translation_error":346.8955094122117,"ADD":0,"ADD_S":0}}
{"id_image":63,"data":{"GT_R":[0.41917273857137255,-0.9025701381102311,0.09829257784364949,-0.5153454355371805,-0.32566434923298443,-0.79269266441439,0.7474706342767539,0.2816202728446492,-0.6016454433128368],"GT_T":[-109.9780076295361,14.885990470258314,1072.8442932005905],"R_pred":[0.34925842993617984,-0.9332406040832487,0.08414584962342359,-0.4541290804604404,-0.2471335711741559,-0.855974167997413,0.819625113938482,0.2607431166666564,-0.5101251804334784],"T_pred":[-52.86320133490239,56.17016502105028,698.6923541164213],"rotation_error":7.472067461573307,"translation_error":380.73108316350755,"ADD":0,"ADD_S":0}}
{"id_image":64,"data":{"GT_R":[0.4229537492954937,-0.900610437792033,0.10005904478467628,-0.5120268489172105,-0.3286341202015806,-0.7936172584873521,0.7476227696767852,0.28443015997014276,-0.6001338771086191],"GT_T":[-106.63428244104772,14.283855960344944,1073.0538796754943],"R_pred":[0.3552480730914307,-0.9136620930250889,0.1975357849450063,-0.4061514574729102,-0.34119737652364257,-0.8477177265139704,0.8419262438939985,0.22092064191106675,-0.49229490127376463],"T_pred":[-56.14016406339592,57.22654018772812,689.0553603136718],"rotation_error":9.346600597946246,"translation_error":389.67755002240114,"ADD":0,"ADD_S":0}}
