{"id_image":1,"data":{"Best_template_id":43,"GT_R":[0.39018010408794,-0.9135044355828039,0.1151965349247407,-0.5329615086793638,-0.3260998080973812,-0.7807760905145762,0.7508078397199628,0.24324760833041553,-0.6140999671145979],"GT_T":[-104.90381415701214,-10.438632434072016,1060.3575264950755],"R_pred":[0.3564804983326264,-0.927482062437005,0.11268841185375839,-0.4686548851485252,-0.2818495312264315,-0.8372117058270648,0.8082600156725219,0.24563767138824721,-0.5351428607951471],"T_pred":[-58.312505353370014,44.61914315542607,761.9172788595824],"rotation_error":5.7540661191897104,"translation_error":307.0320669207604,"ADD":0,"ADD_S":0}}
{"id_image":24,"data":{"Best_template_id":43,"GT_R":[0.39419242473612104,-0.9128591062645008,0.1063088320758207,-0.531362779527908,-0.32076336980200965,-0.7840690571474773,0.7498441706863619,0.25258472058038756,-0.6115023085697877],"GT_T":[-105.08957969175381,-5.056492588158041,1064.73886625762],"R_pred":[0.36269425643231035,-0.9198063183090095,0.14969707128009957,-0.39123692859966025,-0.29608344944350434,-0.8713600040543177,0.8458052624871274,0.2574702463673449,-0.4672499654196034],"T_pred":[-53.73033838200158,50.2152560407151,712.6109835182708],"rotation_error":10.004778431644045,"translation_error":360.12051269943447,"ADD":0,"ADD_S":0}}
{"id_image":38,"data":{"Best_template_id":14,"GT_R":[0.40124198042934356,-0.9104969854188807,0.10000758017201329,-0.5297886213984268,-0.3197523013562831,-0.7855459337731944,0.7472149013863256,0.2622105869263105,-0.610669095405591],"GT_T":[-104.82025806512245,-0.4878510397397626,1068.7299529872323],"R_pred":[0.6417086977541714,-0.5178052683540314,-0.5657628931729756,-0.7135782734271526,-0.13273010028252585,-0.6878871769205432,0.28109783869565785,0.8451392929829973,-0.4546686491686332],"T_pred":[-43.107020350294995,64.43677762742024,946.6034210273871],"rotation_error":47.835981766775994,"translation_error":151.45501287628124,"ADD":0,"ADD_S":0}}
{"id_image":49,"data":{"Best_template_id":14,"GT_R":[0.4038094941640105,-0.9089681902999622,0.10351702754563723,-0.5218628384007056,-0.32180572618379594,-0.7900004401201061,0.7513971263563247,0.264987734842138,-0.6043047173928696],"GT_T":[-115.39153286640992,9.107773359358381,1069.3721169609505],"R_pred":[0.7512727299408475,-0.440913137640477,-0.4911057832109662,-0.6404630926040938,-0.30737015903870357,-0.7037972807169136,0.15936220461334819,0.8432788331201916,-0.5133074101863535],"T_pred":[-57.34552913669718,74.83180101531126,960.3582838218377],"rotation_error":49.61452175565302,"translation_error":139.9035459736193,"ADD":0,"ADD_S":0}}
{"id_image":61,"data":{"Best_template_id":43,"GT_R":[0.41623488709669276,-0.9033741974163337,0.10326849717772756,-0.5131018761879517,-0.3271272007863844,-0.7935448290558298,0.7506503490682318,0.27731357070239,-0.59968494470964],"GT_T":[-114.4919682585497,14.518395239568871,1072.2568593384947],"R_pred":[0.4078314556601442,-0.9040669857692667,0.12781388428570617,-0.4648592809238794,-0.3260760301498206,-0.8231526416775122,0.7858621715753094,0.2762920697446919,-0.5532479909436031],"T_pred":[-73.25678555378602,67.31014811237965,845.0197471416692],"rotation_error":3.4561812876147853,"translation_error":236.90507513270336,"ADD":0,"ADD_S":0}}
{"id_image":74,"data":{"Best_template_id":14,"GT_R":[0.4260133193972222,-0.8988041529933856,0.1032653623236078,-0.5037904467693269,-0.33048142324896856,-0.7981083049108669,0.7514710501969136,0.28798038022816574,-0.593598259699488],"GT_T":[-116.09596281834183,24.42043209449365,1072.440433908613],"R_pred":[0.7090403954422236,-0.5713065518026292,-0.4133649011448903,-0.6150719973531031,-0.2143502277559508,-0.7587756044661926,0.3448886134728129,0.7922517300254772,-0.5033776321693674],"T_pred":[-73.24691503055443,98.96572322707908,1073.364668976726],"rotation_error":39.408030621046024,"translation_error":85.9877638784911,"ADD":0,"ADD_S":0}}
{"id_image":81,"data":{"Best_template_id":43,"GT_R":[0.4215370520676329,-0.9016808408053236,0.09632348723266781,-0.515663349480578,-0.32572828442001234,-0.7924601459798742,0.7459213847407468,0.28438046329826,-0.6022701392225734],"GT_T":[-126.4443886691441,8.868913544837941,1067.8038276755926],"R_pred":[0.36471130054731504,-0.9306543229414024,0.029465207339601396,-0.4596563267059617,-0.20747308563444322,-0.863522425914061,0.8097541161193735,0.3013925180355392,-0.5034489264065712],"T_pred":[-75.37773568609985,55.28835296137191,764.1373606721785],"rotation_error":8.586939804857423,"translation_error":311.40952230940457,"ADD":0,"ADD_S":0}}
{"id_image":88,"data":{"Best_template_id":14,"GT_R":[0.41364031781845506,-0.9067128108345672,0.08230818678041771,-0.5269400563683402,-0.312148104831494,-0.7905051219191406,0.7424529399697867,0.2836127376559202,-0.6068999181425497],"GT_T":[-138.2084256175519,6.1557520171231115,1068.3278250805204],"R_pred":[0.723673271258097,-0.5318174301494878,-0.4398490848641144,-0.6537215364782711,-0.3239205432557609,-0.6839032346767933,0.2212355062170011,0.7824613106384795,-0.5820731467288454],"T_pred":[-95.98064755896311,78.03951301269778,1053.295837355503],"rotation_error":42.65101292462264,"translation_error":84.7137591516243,"ADD":0,"ADD_S":0}}
{"id_image":119,"data":{"Best_template_id":43,"GT_R":[0.4360911687588557,-0.8965324830788485,0.07780638530630624,-0.5236289690275447,-0.3231160380477256,-0.7882943585720085,0.7318727259213226,0.30302673928227913,-0.6103592298664888],"GT_T":[-141.15590848287314,-1.4937557719496557,1065.1646237810344],"R_pred":[0.43074706753350855,-0.9002465666183017,-0.06334889977925529,-0.520317349010752,-0.19037937791283033,-0.8324815606269889,0.7373783425960555,0.3915505226116842,-0.5504192657536715],"T_pred":[-99.27018505822225,52.75076274166534,883.1139624776935],"rotation_error":9.159948203610465,"translation_error":194.52332738405443,"ADD":0,"ADD_S":0}}
{"id_image":246,"data":{"Best_template_id":43,"GT_R":[0.5346972089972188,-0.8407608419803692,0.08497112009904871,-0.4824146876439502,-0.38625565818055746,-0.7861822605297895,0.6938118660864059,0.37937861424065733,-0.6121249928802976],"GT_T":[-136.8268837257886,-38.191722836538425,1039.3524562606503],"R_pred":[0.5105479029021368,-0.8588402912119373,-0.04164364337115911,-0.4809963398040928,-0.24511860238818584,-0.8417596995926615,0.7127295138671439,0.44978908941220075,-0.5382438249608144],"T_pred":[-97.05894050531789,15.303945071066826,828.8018894899911],"rotation_error":9.134451042725534,"translation_error":220.85021385616358,"ADD":0,"ADD_S":0}}
{"id_image":483,"data":{"Best_template_id":14,"GT_R":[0.6130360736518355,-0.7863354030404527,0.0765715179703948,-0.37543903039942744,-0.3752237746302636,-0.8474982558553803,0.6951494702511003,0.4907988090180049,-0.5252467583795374],"GT_T":[-123.58324932088216,18.276454637189353,1008.0004859688246],"R_pred":[0.6622256755452974,-0.6420965267179914,-0.3862242936756657,-0.6830708749318872,-0.305435243171409,-0.6634180371746075,0.30801190637435005,0.7031510240378764,-0.6408644965405126],"T_pred":[-130.91960308215,52.020061518646855,1112.2481107619358],"rotation_error":31.216320312228554,"translation_error":109.81812403645449,"ADD":0,"ADD_S":0}}
{"id_image":518,"data":{"Best_template_id":14,"GT_R":[0.6151671238180167,-0.7849875099783112,0.073239132804226,-0.36684123660204526,-0.367227095365834,-0.8547354387240149,0.6978516597300003,0.4989375273674611,-0.5138714175314912],"GT_T":[-138.68136183966135,27.127320387926375,998.8471002756418],"R_pred":[0.849205386543274,-0.211722532775186,-0.4837600444240394,-0.5256513625993766,-0.2514795273402898,-0.8126799445821972,0.05040690888466556,0.9444213129975226,-0.32485000706899836],"T_pred":[-111.14716913008215,62.64243848634226,975.3872604284805],"rotation_error":49.22068396557452,"translation_error":50.69338682083813,"ADD":0,"ADD_S":0}}
{"id_image":526,"data":{"Best_template_id":69,"GT_R":[0.6138159973570015,-0.7862458194741743,0.07104509502234646,-0.3670450781294717,-0.3639033561104233,-0.8560678763264225,0.6989336409662376,0.49939163214810695,-0.5119570315534446],"GT_T":[-146.49126344532925,29.833044021144044,994.7402080933084],"R_pred":[0.5954425809555203,-0.7740408528304314,0.21519500676030506,-0.3392566432562834,-0.4850565305329734,-0.8059932333424354,0.7282534330791088,0.40691635545509,-0.5514218139243665],"T_pred":[-121.1937194897921,61.89911579972199,834.7357202869347],"rotation_error":9.086165374092289,"translation_error":165.13520160060133,"ADD":0,"ADD_S":0}}
{"id_image":528,"data":{"Best_template_id":14,"GT_R":[0.61402402101883,-0.7859046690305455,0.07299403562047856,-0.3662062680533085,-0.3655925861325923,-0.8557071317132231,0.6991909253654016,0.498694013138153,-0.512285554810381],"GT_T":[-148.4806378230075,30.882419659571255,993.481380828437],"R_pred":[0.6581919618736167,-0.6505156464086483,-0.37896270938246474,-0.6217687097591804,-0.18588288349022686,-0.7608227291490199,0.42448440829948514,0.7363945595962109,-0.5268168939088217],"T_pred":[-156.1480931655999,66.07251540339375,1079.1566584607338],"rotation_error":27.85085912926337,"translation_error":92.93753766515002,"ADD":0,"ADD_S":0}}
{"id_image":537,"data":{"Best_template_id":14,"GT_R":[0.6160999076961867,-0.7846246152771992,0.06917988835587842,-0.367695590467745,-0.36416498356075844,-0.8556779939231703,0.6965781325293632,0.5017450910326792,-0.5128646320349249],"GT_T":[-150.70666436034574,26.695558501677375,989.7670995116607],"R_pred":[0.6575499599509662,-0.27548282142845326,-0.7012398058198792,-0.7530326207473932,-0.2698031888400617,-0.6001234134593041,-0.023873044606745775,0.9226675752347393,-0.3848566270075797],"T_pred":[-163.02925828012494,52.477563512184624,1103.4249828690522],"rotation_error":56.457826385938716,"translation_error":117.19501931633445,"ADD":0,"ADD_S":0}}
{"id_image":541,"data":{"Best_template_id":14,"GT_R":[0.6202721046348668,-0.7815235409340101,0.06696273945343682,-0.3681565099039231,-0.36544740446376234,-0.8549318081861554,0.6926209771435008,0.5056375711567697,-0.5144002176667014],"GT_T":[-146.9388739982742,23.23749867060034,989.5326454247296],"R_pred":[0.6716760880927453,-0.45701469318121624,-0.5830855879722164,-0.6981437078541499,-0.12711740327871418,-0.7045825210486958,0.24788423884564728,0.8803287658597527,-0.40444365260411574],"T_pred":[-160.97685845816417,52.1645986837786,1114.7638593058286],"rotation_error":42.8843091011994,"translation_error":129.29307426541496,"ADD":0,"ADD_S":0}}
{"id_image":553,"data":{"Best_template_id":14,"GT_R":[0.6268410174667284,-0.7772584308821667,0.05421727105740672,-0.37937329130594105,-0.365253735086797,-0.8500979666352967,0.6805488721235443,0.5123074834905323,-0.5238264700668752],"GT_T":[-142.66253221733643,12.648776315685861,987.9516874804089],"R_pred":[0.8618316730241802,-0.5061747856844737,-0.032144264023615254,-0.29690285638854763,-0.4521041469177658,-0.8411007871878856,0.41121145562917405,0.7344310224092093,-0.539922413020889],"T_pred":[-99.32525958744716,48.1404113263603,848.7723178947574],"rotation_error":21.280093668067646,"translation_error":150.02890479166885,"ADD":0,"ADD_S":0}}
{"id_image":554,"data":{"Best_template_id":14,"GT_R":[0.6268578268648496,-0.7772957376633094,0.053486046907083654,-0.3803542296104246,-0.36520704323047387,-0.8496795208089517,0.6799857294065625,0.512284384440047,-0.5245807103469361],"GT_T":[-143.07680628637533,12.220303682471513,987.3626598482927],"R_pred":[0.6426618831398259,-0.6470692473557476,-0.4102280988494556,-0.615324129469806,-0.11691091421963518,-0.77955631857394,0.4564667782559841,0.7534143795168733,-0.47329150962784744],"T_pred":[-138.88338578117936,39.90591199550402,984.9467783811169],"rotation_error":27.894315757495438,"translation_error":28.10541169347099,"ADD":0,"ADD_S":1}}
{"id_image":565,"data":{"Best_template_id":43,"GT_R":[0.6295833773228703,-0.7748492759128569,0.05686451277760326,-0.38101217888331534,-0.37170844186210106,-0.8465591504474064,0.6770924087528669,0.5113129611683693,-0.5292486995049293],"GT_T":[-145.86251800175896,10.933181260270079,979.5397625018364],"R_pred":[0.6209637913029208,-0.7805347737870544,0.0718987955385525,-0.41098162232682733,-0.40231748607437884,-0.8180676906640434,0.6674564225478032,0.4784413311033903,-0.5706100390737131],"T_pred":[-120.22728243700631,38.32541430065883,840.8289301613056],"rotation_error":3.1029202755057033,"translation_error":143.69479719879274,"ADD":0,"ADD_S":0}}
{"id_image":574,"data":{"Best_template_id":14,"GT_R":[0.6372195040116932,-0.7684431986281554,0.058717344853068426,-0.3814225586559319,-0.38065613420109395,-0.8423882020963911,0.6696779268307179,0.5143892275607301,-0.5356634700042306],"GT_T":[-140.68997048861505,4.829711394256833,972.0472822620545],"R_pred":[0.7623915185325385,-0.3770058797629703,-0.5259522213032275,-0.6291641200333808,-0.24173050735553778,-0.73872787403499,0.15136605475558879,0.8941101321636967,-0.4214918611669091],"T_pred":[-148.4144661613776,30.56343956353826,1063.9000654015892],"rotation_error":42.012828184301554,"translation_error":95.70175739957646,"ADD":0,"ADD_S":0}}
{"id_image":575,"data":{"Best_template_id":14,"GT_R":[0.6371197788763802,-0.7683745300021513,0.060654431150164535,-0.38223914720007096,-0.3833166826488382,-0.8408104595318221,0.6693068492885512,0.5125119938992594,-0.5379217866548474],"GT_T":[-140.20878663678127,3.7761009430162478,970.9687982790748],"R_pred":[0.6678683489136896,-0.7354088237646734,0.11456758026755032,-0.45538861976769174,-0.5255211759721186,-0.718643652021611,0.5887045723496453,0.4277865770848134,-0.6858757693348557],"T_pred":[-135.65424454593753,31.303117529355767,937.8632534468069],"rotation_error":11.550194688551768,"translation_error":43.29500657631524,"ADD":0,"ADD_S":1}}
{"id_image":584,"data":{"Best_template_id":14,"GT_R":[0.64114278856275,-0.7645258518761802,0.06660567182810928,-0.3801974379756724,-0.3918290305873075,-0.8378070057611471,0.6666231324992066,0.5118303861726561,-0.5418885564391165],"GT_T":[-142.36462668098122,3.820579620415735,962.3614424469012],"R_pred":[0.756786756144483,-0.6409216831732482,-0.1284258609575252,-0.4397287534014124,-0.3538105368317694,-0.8255039233455255,0.48364494120826995,0.6812029800765598,-0.5495908212283602],"T_pred":[-122.54666230142335,32.189028803885485,894.1184035749967],"rotation_error":14.875498479428636,"translation_error":76.5155734193817,"ADD":0,"ADD_S":0}}
{"id_image":592,"data":{"Best_template_id":14,"GT_R":[0.6417342475729635,-0.7637181128785946,0.07009380231868063,-0.37571694329392497,-0.3927455796532553,-0.8393974696315917,0.6685913435141609,0.5123338474765352,-0.5389801323174536],"GT_T":[-144.81925483545467,15.808429007676155,958.1182726088684],"R_pred":[0.679379385255222,-0.730875088590451,-0.06530892563912741,-0.5343722757040247,-0.43179139702807806,-0.726637777996329,0.5028816181261139,0.5285620061359319,-0.6839095582168891],"T_pred":[-159.52889133191556,43.7469286515545,1031.1325425735872],"rotation_error":13.404324104196625,"translation_error":79.54883271733055,"ADD":0,"ADD_S":0}}
{"id_image":597,"data":{"Best_template_id":43,"GT_R":[0.643982377504908,-0.7618025614732342,0.07032001776711048,-0.37498683364999685,-0.3944312446749723,-0.8389335638053229,0.6668376741506955,0.5138888311496815,-0.5396726733488623],"GT_T":[-142.74065925266606,15.806688074045333,956.2166485795141],"R_pred":[0.6148026287060158,-0.7831135339717618,0.0935463556020818,-0.3657919844819827,-0.3882161090405059,-0.8458631548721004,0.6987230866551539,0.4858203840841885,-0.5251329380103537],"T_pred":[-133.09302162511253,44.6334268060963,886.0465506477655],"rotation_error":2.571952820623879,"translation_error":76.47156609792756,"ADD":0,"ADD_S":0}}
{"id_image":606,"data":{"Best_template_id":43,"GT_R":[0.6463456940147535,-0.7601834582759301,0.06603052172922032,-0.3812258408033374,-0.3966711188141093,-0.8350558101798927,0.6609881628842673,0.5145619797480082,-0.5461883604324775],"GT_T":[-142.2364433200009,11.900530265187985,949.8123503849488],"R_pred":[0.6355900961689964,-0.7713942277300219,0.031243800612108408,-0.3773255003926148,-0.3456950029032396,-0.8591393552394118,0.6735359651906859,0.5342713827190564,-0.5107870331186166],"T_pred":[-138.72894659769912,41.20506683397737,922.9426687224186],"rotation_error":3.2522757730869776,"translation_error":39.91288249944099,"ADD":0,"ADD_S":1}}
{"id_image":610,"data":{"Best_template_id":14,"GT_R":[0.6490825686676057,-0.757789898928256,0.06668546979175743,-0.38336353937814505,-0.40156128735467317,-0.8317338054154456,0.657057437763912,0.5142986312024936,-0.5511551215912548],"GT_T":[-138.2320340084771,7.578554042187744,944.9875079247314],"R_pred":[0.732585246678149,-0.5333265396700851,-0.4229440369990446,-0.6214409450576092,-0.27052682614395385,-0.7352730024571722,0.2777228981474551,0.8014848959400372,-0.5296149105006072],"T_pred":[-159.90783151623037,33.10752376731098,1081.5982252081164],"rotation_error":31.980417669064444,"translation_error":140.6558088722408,"ADD":0,"ADD_S":0}}
{"id_image":613,"data":{"Best_template_id":14,"GT_R":[0.6499540353156246,-0.756665635129563,0.07082821762707853,-0.38107145904120876,-0.40512120994407386,-0.8310600588355952,0.6575289482799569,0.51316027469369,-0.5516541497247621],"GT_T":[-138.01742151849493,7.593218744011994,940.6307328877982],"R_pred":[0.6942799230626816,-0.6022842774879661,-0.39399116427005787,-0.6187681230559291,-0.21994160899293524,-0.7541562825591532,0.36756142115559354,0.7673847390484108,-0.5253753552972226],"T_pred":[-152.8405427347374,30.9664144773781,1024.619940266403],"rotation_error":28.596864496944,"translation_error":88.43199736219891,"ADD":0,"ADD_S":0}}
{"id_image":621,"data":{"Best_template_id":14,"GT_R":[0.6548998316746553,-0.7521247580479185,0.0735897325164275,-0.37919723497061475,-0.41128008906476876,-0.8288904098001829,0.6536944977828277,0.5149346049350471,-0.5545505965183284],"GT_T":[-133.62397911094155,8.269530516203908,932.3177330430486],"R_pred":[0.5654785433190433,-0.824513499463674,0.020285616774916415,-0.3765883637746447,-0.2800025491887732,-0.8830514009486223,0.7337678252112918,0.4917072926548421,-0.46883762331401774],"T_pred":[-121.36030903427343,33.43889621507802,820.4333376318219],"rotation_error":9.118299867235628,"translation_error":115.33435095394934,"ADD":0,"ADD_S":0}}
{"id_image":790,"data":{"Best_template_id":14,"GT_R":[0.7453561753570381,-0.6649155852012036,0.048291327831756936,-0.32595088450484816,-0.4266553390882646,-0.8436357234948302,0.5815505150959962,0.6130686540978333,-0.53474008751066],"GT_T":[-85.37525005878337,8.17713498059485,863.5870488023295],"R_pred":[0.7959163305447632,-0.5624303381919824,-0.22402970663153524,-0.5116159569785264,-0.42702091188574354,-0.7455885281958238,0.3236762384499458,0.7080432582078021,-0.6276212529618269],"T_pred":[-101.07756215408659,22.290557303396454,870.3510891678476],"rotation_error":18.89067271156383,"translation_error":22.169879044920812,"ADD":0,"ADD_S":1}}
{"id_image":844,"data":{"Best_template_id":69,"GT_R":[0.7965812770148798,-0.6035255500997866,0.034880557570686845,-0.2965124649669388,-0.4403404117098925,-0.847455039014269,0.5268194754039337,0.6647244145941937,-0.5297201760016209],"GT_T":[-120.75176107481249,16.33195449642535,875.8621385417255],"R_pred":[0.8158358875391879,-0.5606193926548367,0.1418368823066409,-0.26867804981203636,-0.5846616274593455,-0.7654951906614376,0.5120780313119738,0.5864099913506859,-0.6276140628537107],"T_pred":[-159.64846457007368,35.84542968342997,1037.1743705347533],"rotation_error":9.76085588217068,"translation_error":167.07891981708684,"ADD":0,"ADD_S":0}}
{"id_image":978,"data":{"Best_template_id":14,"GT_R":[0.9058204259741148,-0.42322114644852543,0.019339831069718292,-0.21267497388033052,-0.49372068831906063,-0.8432134789060978,0.3664140077471082,0.7596864471836705,-0.5372311258022744],"GT_T":[-49.86127896874613,-20.896960526718008,899.8530487062554],"R_pred":[0.9095799876668553,-0.3795712555496365,0.1690855049861927,-0.06751110701366247,-0.5365015436225654,-0.8411945934921327,0.41000792244266826,0.7537186183524175,-0.5136163430841837],"T_pred":[-66.70913067561955,-4.11931982684761,764.736986767259],"rotation_error":9.045353653183316,"translation_error":137.19216278087262,"ADD":0,"ADD_S":0}}
{"id_image":1026,"data":{"Best_template_id":14,"GT_R":[0.9057982755759137,-0.42338590815468924,-0.01657232884079246,-0.23577287545102898,-0.47114656616471745,-0.849960614545047,0.35205347277221666,0.7737994146697884,-0.5265859021193792],"GT_T":[-72.03088003948285,-3.3635134793930357,896.4980286445102],"R_pred":[0.9094932952119579,-0.41569866927175947,0.004069684285429975,-0.2266804215495499,-0.5041051692818347,-0.8333630450106672,0.348479457716826,0.7570155841652279,-0.552711021131627],"T_pred":[-117.48235428908687,1.7391960017881423,1056.8934447928118],"rotation_error":2.188873913413273,"translation_error":166.7889794827542,"ADD":0,"ADD_S":0}}
{"id_image":1028,"data":{"Best_template_id":14,"GT_R":[0.9061867034737898,-0.4224100694795537,-0.0198975405565125,-0.23796160654912027,-0.4704662943109418,-0.8497269206409443,0.3495726783561724,0.7747456764200276,-0.5268477478663978],"GT_T":[-72.03157891143263,-3.28608701984556,895.4961743864009],"R_pred":[0.9044006849983619,-0.4201330496562223,-0.0744823573811681,-0.2734239347672725,-0.43664160957293163,-0.8570784425511715,0.3275648834519294,0.7955075897665098,-0.5097734023593249],"T_pred":[-102.66482931568757,3.9238257100869274,931.5463575942956],"rotation_error":3.3041572072686742,"translation_error":47.85388783814544,"ADD":0,"ADD_S":0}}
{"id_image":1035,"data":{"Best_template_id":14,"GT_R":[0.9034820656468634,-0.42764744648726,-0.02897260114095213,-0.24955260590287992,-0.4698590792100052,-0.8467330142343792,0.3484894438798175,0.7722373305302905,-0.5312290742593045],"GT_T":[-81.97571486338377,-5.834178261408471,892.0086104629208],"R_pred":[0.9036573423681352,-0.4219823930289227,-0.07303607025122769,-0.28826668785591436,-0.4732338486150327,-0.8324374097778073,0.3167107896121307,0.7732920434729611,-0.5492847087300652],"T_pred":[-116.06458621329978,4.504611265279417,987.1641853206175],"rotation_error":2.871694788698265,"translation_error":101.60474961972494,"ADD":0,"ADD_S":0}}
{"id_image":1040,"data":{"Best_template_id":14,"GT_R":[0.9019520406820142,-0.43033120059663665,-0.03602339547418135,-0.2576035164964089,-0.46921685396330365,-0.8446753534761646,0.3465868535284635,0.7711358803070236,-0.5340661775048469],"GT_T":[-87.04793474731339,-7.913002704325413,891.0269279699709],"R_pred":[0.9031915307145838,-0.42758831185413165,-0.037593808149500335,-0.2545971132758377,-0.4631454168947112,-0.8489267534487498,0.3455797574468994,0.7763147289438467,-0.5271717678971287],"T_pred":[-103.11823017826362,15.52328068112179,890.8542474087545],"rotation_error":0.49719300512987885,"translation_error":28.417311497346653,"ADD":0,"ADD_S":1}}
{"id_image":1046,"data":{"Best_template_id":14,"GT_R":[0.9037021706835575,-0.42627236096928134,-0.04017917991548246,-0.25998301627140186,-0.4717526217399408,-0.8425314838814865,0.3401930440243872,0.7718429880030415,-0.5371475601376008],"GT_T":[-85.36861474633535,-10.344065001598754,887.8436414358356],"R_pred":[0.9042470163327692,-0.4165551636847489,-0.0939102180854528,-0.29637310990620946,-0.45391496148096677,-0.8403119584227362,0.30740903236210726,0.787682044578461,-0.533906998896707],"T_pred":[-122.37124216913304,-6.130123573362921,978.8591951455088],"rotation_error":3.129111587500745,"translation_error":98.34013807001388,"ADD":0,"ADD_S":0}}
{"id_image":1054,"data":{"Best_template_id":14,"GT_R":[0.9088816834482688,-0.41492677244621917,-0.04208461041806454,-0.2565339680241387,-0.4766443824419978,-0.8408330273302372,0.32882488017814226,0.7750134717226796,-0.5396556668984324],"GT_T":[-79.09084194413343,-11.923090977417342,883.0582518353214],"R_pred":[0.9115366293188804,-0.4106437278924249,-0.021741714573274423,-0.23431466945816365,-0.4752232243759943,-0.848091694742022,0.33793136742049434,0.7781610474421702,-0.5294032254879255],"T_pred":[-117.1575434546325,-5.399198873702553,978.0015446646327],"rotation_error":1.3945001964626726,"translation_error":102.4981160087477,"ADD":0,"ADD_S":0}}
{"id_image":1057,"data":{"Best_template_id":14,"GT_R":[0.9091218939369626,-0.41401687602741855,-0.04569097798070594,-0.2600076217409097,-0.47837118255186256,-0.8387830568899797,0.3254134634603897,0.7744360168371163,-0.5425451035413138],"GT_T":[-79.52174935281522,-13.122141072518147,880.3894818092601],"R_pred":[0.9234178502324083,-0.3767518131290603,-0.07319525378139141,-0.28290631570790364,-0.5393066336966926,-0.793166042757329,0.2593520588018082,0.7531310816549182,-0.6045908396928921],"T_pred":[-117.2797011860083,-11.778177474061362,971.4174315587426],"rotation_error":5.336152721340222,"translation_error":98.55737821384052,"ADD":0,"ADD_S":0}}
{"id_image":1066,"data":{"Best_template_id":14,"GT_R":[0.9225051100132226,-0.3831569871536835,-0.046647195890786836,-0.24446147537774615,-0.48645619022058806,-0.8388076317929467,0.29870314420081895,0.7852080141776949,-0.5424260239423422],"GT_T":[-58.20929073919053,-15.415386445790707,882.5376967751723],"R_pred":[0.9377713071962807,-0.3004825153801807,-0.1740552594729006,-0.31731016132107476,-0.5378766587668147,-0.7810268634792538,0.1410646551116644,0.7876540851824784,-0.5997514528315709],"T_pred":[-87.14996981220267,-12.30098171034042,930.1030662233663],"rotation_error":10.160587733261128,"translation_error":55.76492439523672,"ADD":0,"ADD_S":0}}
{"id_image":1071,"data":{"Best_template_id":14,"GT_R":[0.9297828059288061,-0.36580614059286937,-0.04112274744744068,-0.2299504244649851,-0.4899449112348349,-0.8408781251779995,0.28745015998497236,0.791289894932787,-0.5396601452965912],"GT_T":[-51.610865269385855,-13.900386231954272,886.2679245311675],"R_pred":[0.9345527919300981,-0.34631134288818816,-0.08172840927510741,-0.25353225015409325,-0.4869246576369209,-0.8358383671003442,0.24966472964249867,0.8018558670809532,-0.5428578922705194],"T_pred":[-84.73184588039156,-7.107084072235313,958.9074245719253],"rotation_error":2.623026970132796,"translation_error":80.12268890295123,"ADD":0,"ADD_S":0}}
{"id_image":1073,"data":{"Best_template_id":14,"GT_R":[0.9315811162854662,-0.36118566495287635,-0.04124619123110348,-0.22686774125130987,-0.4889587871409768,-0.8422889137538442,0.28405454841711736,0.7940176483944091,-0.5374459890119696],"GT_T":[-52.025386905353976,-10.960935324211961,887.7924687009561],"R_pred":[0.9344806566579147,-0.3055354006526512,-0.18274031104333835,-0.31304488677163983,-0.460725989019799,-0.8305025357624497,0.16955471446799517,0.8332944749545336,-0.5261858196606259],"T_pred":[-59.65467083513677,14.114698161299334,806.3965547298611],"rotation_error":8.723121084878594,"translation_error":85.51191834575359,"ADD":0,"ADD_S":0}}
{"id_image":1076,"data":{"Best_template_id":14,"GT_R":[0.934101399334168,-0.3542674597077928,-0.04416471707965678,-0.22435876006747635,-0.48628878025884026,-0.8445035557728569,0.2777033785228484,0.7987604704327792,-0.5337254331694092],"GT_T":[-51.15681282889041,-6.446929264298292,891.2140397166509],"R_pred":[0.9365889010187122,-0.3501824482873563,-0.013171309731152214,-0.21123028416456885,-0.5341625178948515,-0.8185671453998065,0.27961222709373135,0.7694430826173599,-0.5742598236617098],"T_pred":[-90.6677636994827,-1.9759122398463607,1010.1057521446121],"rotation_error":3.2980863277302657,"translation_error":125.36484561464721,"ADD":0,"ADD_S":0}}
{"id_image":1078,"data":{"Best_template_id":14,"GT_R":[0.9349877691980766,-0.3519070643005052,-0.04427358235418533,-0.22253086560144963,-0.4848348276106623,-0.8458219970449212,0.27618482074012557,0.8006858570987739,-0.5316243557917496],"GT_T":[-52.96739407579716,-4.157719848097922,892.7785535891966],"R_pred":[0.9387557595796835,-0.3414075690278882,-0.04667435769712286,-0.21456836228530413,-0.4731793494154953,-0.8544364933644459,0.26962574387875815,0.8121220198327319,-0.5174551025360847],"T_pred":[-89.3455710808427,2.739144413704457,964.3286763019469],"rotation_error":1.1296151723237777,"translation_error":80.56276161518905,"ADD":0,"ADD_S":0}}
{"id_image":1081,"data":{"Best_template_id":14,"GT_R":[0.9357478321386254,-0.3500323037492306,-0.04305210556562156,-0.22025104668503095,-0.48468504836187026,-0.8465050236508781,0.27543739830648917,0.801596575626873,-0.5306383227221217],"GT_T":[-58.702262414354045,-1.8093202325184428,894.3923336905149],"R_pred":[0.9492460214263353,-0.29970134851558494,-0.09545204295463142,-0.24326474546102803,-0.5071644383641607,-0.8268049927731125,0.19938468953772295,0.8080614668184007,-0.5543305975870721],"T_pred":[-78.78459610582425,19.865435439297922,927.2988215466971],"rotation_error":4.668436077525909,"translation_error":44.22592116573226,"ADD":0,"ADD_S":0}}
{"id_image":1082,"data":{"Best_template_id":14,"GT_R":[0.9363303061946866,-0.3485474544543304,-0.0424397516812728,-0.21890116097228968,-0.4849579716230095,-0.8466986663242303,0.27453189205818723,0.802079027626007,-0.5303785600067705],"GT_T":[-60.447058141131926,-2.1724626601733554,894.7832973599219],"R_pred":[0.9409560709580603,-0.32896854204566645,-0.0798834830958102,-0.24027099220473072,-0.4827526172127254,-0.8421518633116108,0.23847751011809112,0.8116215921959028,-0.5332906039386625],"T_pred":[-99.43778141883364,3.232041356750987,986.8861299351103],"rotation_error":2.460240557991744,"translation_error":100.16195352408238,"ADD":0,"ADD_S":0}}
{"id_image":1083,"data":{"Best_template_id":14,"GT_R":[0.9365710770439288,-0.3480294307947126,-0.04135425067106303,-0.21760788529083197,-0.48495028182099414,-0.8470360676398331,0.2747388566667066,0.8023085909861459,-0.529924071643352],"GT_T":[-62.87483665541912,-2.2629699448623155,894.8453472973084],"R_pred":[0.9217478501564362,-0.37361710675339266,-0.10388049996612836,-0.2720132303105829,-0.4320024518704093,-0.8598736442722016,0.27638687245958443,0.8208435533761466,-0.4998261273811431],"T_pred":[-73.89370147284507,20.805116730909884,841.2826347167764],"rotation_error":4.432593835198042,"translation_error":59.35078924269099,"ADD":0,"ADD_S":0}}
{"id_image":1086,"data":{"Best_template_id":14,"GT_R":[0.9376506186987642,-0.3454502592329708,-0.0384219666329182,-0.21385511473077085,-0.486228304973087,-0.8472587263794279,0.27400408045203295,0.8026491973489657,-0.5297891567787671],"GT_T":[-68.76307473782387,-2.3189242479482606,895.5694289703579],"R_pred":[0.9406119183582798,-0.33461731650112436,-0.05727539209767955,-0.22862191861715642,-0.4996454296836571,-0.8355156868210458,0.25096062912370715,0.798990423030101,-0.5464732990147031],"T_pred":[-113.43003006740605,2.973992515687002,1043.8000609619626],"rotation_error":1.7377643292301084,"translation_error":154.9047195114216,"ADD":0,"ADD_S":0}}
{"id_image":1087,"data":{"Best_template_id":14,"GT_R":[0.9380578034302377,-0.34445968401501825,-0.03735534433537704,-0.2122963399958057,-0.486215637290012,-0.8476585199190849,0.27382114530027274,0.803082738405297,-0.5292256262431216],"GT_T":[-70.38338036082628,-2.1565823010443603,895.8775702384889],"R_pred":[0.9502219388302007,-0.3030015271434549,-0.07258334185272222,-0.22064771118621976,-0.4899288677979945,-0.84337672012361,0.21998375965979292,0.817410410410162,-0.5323977520980278],"T_pred":[-97.11465678783703,6.4698573397695345,866.2954057058915],"rotation_error":3.222026760236461,"translation_error":40.79314965441539,"ADD":0,"ADD_S":1}}
{"id_image":1092,"data":{"Best_template_id":14,"GT_R":[0.9414769230652138,-0.3348262479114227,-0.03889249611699776,-0.20848443011885479,-0.4877562483798422,-0.847719151184653,0.2648683363568415,0.8062166728370651,-0.529018241281822],"GT_T":[-71.3956590309939,-2.750769061507287,898.3727701264368],"R_pred":[0.9299909777920153,-0.3618032422661907,-0.064924533969242,-0.23691664047651045,-0.45493535007101804,-0.8584313209110466,0.2810467695789707,0.8137150859738513,-0.5088029797159138],"T_pred":[-107.83206548765537,4.137835964857752,974.412070789607],"rotation_error":2.6457111435039113,"translation_error":84.59928983170194,"ADD":0,"ADD_S":0}}
{"id_image":1093,"data":{"Best_template_id":14,"GT_R":[0.9421457956436071,-0.33288555422780997,-0.03937326768978502,-0.20776662658492456,-0.487742053784864,-0.8479035472076036,0.26305053485991026,0.8070285911374866,-0.5286868880449496],"GT_T":[-71.10176496855281,-2.464865160640476,898.9194679275993],"R_pred":[0.923107363136347,-0.3832034471081948,0.032061101787970836,-0.17176940664039425,-0.4854974571322636,-0.8571974627006972,0.3440466059502238,0.7857781730504502,-0.5139889061950934],"T_pred":[-112.75075214227233,2.828019733396602,983.6831070832776],"rotation_error":5.2233374608298515,"translation_error":94.59137003983093,"ADD":0,"ADD_S":0}}
{"id_image":1099,"data":{"Best_template_id":14,"GT_R":[0.9476268336270992,-0.3166114913852783,-0.04195960489269743,-0.20022692496089692,-0.4865874863733703,-0.8503776365192307,0.24882185731620685,0.8142415419284952,-0.5244982039314527],"GT_T":[-65.10928611084351,1.5479395422522844,903.1804316911926],"R_pred":[0.9304580228670549,-0.3646656740450562,-0.035592328605981494,-0.2311077457879986,-0.5087358765611978,-0.8293232287451615,0.28431861971935846,0.7798761145674193,-0.5576344397614842],"T_pred":[-85.74452715477993,24.01977135953648,944.228620294],"rotation_error":3.6402771935186635,"translation_error":51.14440522420141,"ADD":0,"ADD_S":0}}
{"id_image":1101,"data":{"Best_template_id":14,"GT_R":[0.9499201507338942,-0.30946790247569006,-0.04337745971679588,-0.1973353945945862,-0.48642313143445093,-0.85114738173325,0.24230278527068522,0.8170816956662411,-0.5231319256063719],"GT_T":[-60.97447615029454,2.698903643514223,904.8461700092657],"R_pred":[0.9274945446660712,-0.3695224693573641,-0.056630506396405086,-0.22598128762462832,-0.4335184241152096,-0.872349834410588,0.2978024970650723,0.8218971472104653,-0.4855911368106984],"T_pred":[-70.8740116969259,24.726391330444105,803.8063962075834],"rotation_error":4.5966692690498565,"translation_error":103.88573967456749,"ADD":0,"ADD_S":0}}
{"id_image":1108,"data":{"Best_template_id":14,"GT_R":[0.9564067361890835,-0.2894978906494087,-0.0384396752750782,-0.18209607920603915,-0.48825964999828814,-0.8534896266293761,0.2283144953524891,0.8232821404730679,-0.5196906733755157],"GT_T":[-54.52111504328503,6.275259904496193,907.8535987103007],"R_pred":[0.9597426196771899,-0.2787959570691131,0.03416018584673419,-0.15538495994140356,-0.6283072617377065,-0.7622896425058351,0.233986363276099,0.7262938793419526,-0.6463339559633571],"T_pred":[-101.55829860206269,11.695184369723453,1112.9246559236012],"rotation_error":9.896207853237227,"translation_error":210.46617477621356,"ADD":0,"ADD_S":0}}
{"id_image":1116,"data":{"Best_template_id":14,"GT_R":[0.961394993324738,-0.2731325958348023,-0.033452751062206576,-0.169500448379829,-0.4920356213620962,-0.8539155763549765,0.21677187806594847,0.8266194594412898,-0.5193364526430796],"GT_T":[-52.92314996054847,6.018950696910947,907.6456271456118],"R_pred":[0.9325942160679077,-0.36092629091319606,-0.0004905958896783136,-0.17891533338039076,-0.4611163691522465,-0.8691150657888935,0.31346025527659427,0.8106194585793582,-0.49460970647010183],"T_pred":[-86.96168951719594,15.411002662493498,947.0692258293844],"rotation_error":5.8894669260781,"translation_error":52.92497471376644,"ADD":0,"ADD_S":0}}
{"id_image":1118,"data":{"Best_template_id":14,"GT_R":[0.962418464455033,-0.26958587233542364,-0.03278862251714969,-0.16730103405466693,-0.4934508288966196,-0.8535321908405388,0.21392046116279273,0.8269404176588664,-0.520008018665257],"GT_T":[-51.76995016548927,4.974048110221472,907.0654485901442],"R_pred":[0.9383660261944795,-0.34516218503586366,-0.018228189851145854,-0.1942719374813327,-0.48306473284392226,-0.8537604337222937,0.2858804211400815,0.8046810112732239,-0.5203468601856567],"T_pred":[-73.3727958878813,26.794406248994072,936.837209877638],"rotation_error":4.62222767376746,"translation_error":42.76878233909965,"ADD":0,"ADD_S":0}}
{"id_image":1159,"data":{"Best_template_id":14,"GT_R":[0.9825176584798095,-0.18468828976387996,-0.023449386353145134,-0.114190136907122,-0.4983625749142197,-0.859415631810851,0.14703763507817844,0.8470685720047457,-0.5107395623070711],"GT_T":[-36.19148905953629,10.306997707663683,918.0131345920868],"R_pred":[0.9479920534504305,-0.3060890583230959,0.08729579010304968,-0.07312350222964804,-0.47636245587632825,-0.8762030381442099,0.30978059980655015,0.8242501434675964,-0.47397012667165045],"T_pred":[-68.91041436595467,30.078539075879906,1010.782976547451],"rotation_error":9.853369812482772,"translation_error":100.33785675260023,"ADD":0,"ADD_S":0}}
{"id_image":1290,"data":{"Best_template_id":14,"GT_R":[0.9977894801289591,-0.06537616721589118,-0.011931896395982935,-0.04452805192191217,-0.5244032768485172,-0.8503049801274178,0.049332816652585286,0.8489571485356322,-0.526155329374977],"GT_T":[-46.25742350306599,-21.497537122313496,927.9795844305914],"R_pred":[0.9698048290128424,-0.24044678819748075,0.04079136757804065,-0.0948715029048692,-0.5260291095209255,-0.8451584312264733,0.22467307706964446,0.8157687895366785,-0.5329571187796629],"T_pred":[-78.09339519615925,-5.588901478702111,973.112661864178],"rotation_error":10.631705644993032,"translation_error":57.47702549985287,"ADD":0,"ADD_S":0}}
{"id_image":1440,"data":{"Best_template_id":43,"GT_R":[0.9989387597340936,0.03830406852047882,-0.025586738148709914,-0.0011292545510462409,-0.5349329538966363,-0.8448935965090033,-0.04605068888874683,0.8440259698747344,-0.5343217730371879],"GT_T":[-54.84199114930379,-46.13587513984213,939.632988744724],"R_pred":[0.9984098055814812,-0.005591275714768005,-0.05609454300224397,-0.049204788168657754,-0.5720166076603767,-0.8187648559763616,-0.027509070141076557,0.8202229807781516,-0.5713821075807126],"T_pred":[-61.57020697533969,-27.904543789762258,850.6457351489295],"rotation_error":3.9517615245402578,"translation_error":91.08447526071811,"ADD":0,"ADD_S":0}}
{"id_image":1527,"data":{"Best_template_id":14,"GT_R":[0.9714585377097733,0.2356705289692797,-0.026986323262717375,0.09439488319177346,-0.4884387913599404,-0.8674774327014962,-0.2176205849145604,0.8401706487024818,-0.4967443511515651],"GT_T":[15.943508207718269,-18.123834385316044,968.4855905123544],"R_pred":[0.9909498447252385,-0.008668693830965198,0.13395245046765925,0.10868734527975038,-0.5338110911251578,-0.8385897566556657,0.07877478159326141,0.8455593253811546,-0.5280378405435547],"T_pred":[-2.2215429799644384,13.385501819411592,921.459724677293],"rotation_error":17.15398935815645,"translation_error":59.44946938578078,"ADD":0,"ADD_S":0}}
{"id_image":1538,"data":{"Best_template_id":14,"GT_R":[0.9694544313127952,0.24268936463858248,-0.035506166750075306,0.0930337048413215,-0.4977893200325933,-0.8622939009756279,-0.22694398626762005,0.8326513394262038,-0.5051626168343388],"GT_T":[13.183534662690247,-28.691986674866772,966.3117695482493],"R_pred":[0.9574988513465875,-0.19018703273351428,0.21685212069515836,0.07797679038427324,-0.5531433624910156,-0.8294287435901291,0.27769690281192094,0.811086501621223,-0.514803959829868],"T_pred":[-7.673670399220765,9.398072779404512,922.980081510343],"rotation_error":29.272942953035535,"translation_error":61.34745977168871,"ADD":0,"ADD_S":0}}
{"id_image":1539,"data":{"Best_template_id":14,"GT_R":[0.9693079177097873,0.24310831843079095,-0.036621651291923234,0.09212690746924619,-0.4972750140775538,-0.8626876244475654,-0.227937761737404,0.8328362873455545,-0.5044097896536147],"GT_T":[12.70617300945841,-28.100718701123025,966.7143840847147],"R_pred":[0.9971368035509846,0.006892999626796317,0.07530392792059362,0.06472447062944701,-0.5927351366314533,-0.8027925016492309,0.039101635590635134,0.805367955880191,-0.5914841652449369],"T_pred":[0.46285990505255303,7.765428397942229,892.8840079485318],"rotation_error":16.372139107475633,"translation_error":82.98917799276326,"ADD":0,"ADD_S":0}}
