{"id_image":1,"data":{"GT_R":[-0.9984789779904625,-0.046702003100451896,0.029310392655164948,0.04118009201782687,-0.27814158992816,0.9596564448294642,-0.036666017780062427,0.9594042011059428,0.27964165456635065],"GT_T":[-24.98442834314123,91.09670661036117,685.170819763342],"R_pred":[-0.9939791056211437,-0.0908598854123121,0.061237397164255115,-0.08941484444685197,0.34960726780106055,-0.9326198281685966,0.06332869161080522,-0.9324801550293383,-0.3556265418881508],"T_pred":[-7.636286329051005,128.7761622203044,670.012940405044],"rotation_error":175.48989914726974,"translation_error":44.164020571540384,"ADD":0,"ADD_S":1}}
{"id_image":2,"data":{"GT_R":[-0.9984912703459857,-0.04595207980781513,0.030055921255099795,0.04166448303410615,-0.27753316830887037,0.9598118882704003,-0.035763353175192386,0.9596166239827357,0.27902898924089287],"GT_T":[-25.07672693941135,90.86692771252876,685.0107398057268],"R_pred":[-0.9926723514107905,-0.1111974974236066,0.047293966965133494,-0.07860645260909813,0.2969806121965054,-0.9516425492734141,0.09177487865851822,-0.94838685806274,-0.3035452834440002],"T_pred":[-6.327160912686706,130.46325161192738,668.8368536394458],"rotation_error":178.6647302550933,"translation_error":46.701281419854055,"ADD":0,"ADD_S":0}}
{"id_image":3,"data":{"GT_R":[-0.9984458272256896,-0.04529837932104756,0.03246485781986326,0.04372523212306003,-0.27554117559720154,0.9602936743367996,-0.0345543205160977,0.9602210786828262,0.27709354464982555],"GT_T":[-25.398345128714066,90.81367859787599,684.7591401929384],"R_pred":[-0.9989414491372488,-0.026764876674569584,0.037411529936216145,-0.04281777344124127,0.24379386420891058,-0.9688814117587464,0.016811290048888254,-0.9694576799173248,-0.24468180842925336],"T_pred":[-7.697574106655428,130.1918389620964,660.9025178715194],"rotation_error":178.11403954375942,"translation_error":49.32641520557151,"ADD":0,"ADD_S":0}}
{"id_image":4,"data":{"GT_R":[-0.9985244571480223,-0.046764105725532114,0.027623968842888303,0.039477085214569885,-0.27557716860434434,0.9604680819669197,-0.03730263017348172,0.9601405741225235,0.27701636524950846],"GT_T":[-25.684557426749127,90.72527330055419,684.5500356927929],"R_pred":[-0.9974491093111464,-0.039673532953872825,0.0593404172327663,-0.06800838835079753,0.2756668414109811,-0.958844435589225,0.021682560926420263,-0.9604341743864856,-0.2776617784683757],"T_pred":[-8.75826985785123,131.33952105284666,668.3941810130995],"rotation_error":179.9073257925596,"translation_error":46.87246496378224,"ADD":0,"ADD_S":0}}
{"id_image":5,"data":{"GT_R":[-0.9984221271712339,-0.04821808171509469,0.028806786192854643,0.041028845207302864,-0.2758371578521275,0.9603280546639992,-0.03835877616545938,0.9599943042454785,0.2773794393511574],"GT_T":[-26.020881675598236,90.81700671290594,684.2085853634587],"R_pred":[-0.9955519456671122,-0.06962472540251458,0.06347220723317885,-0.08292685018786577,0.3278267527170168,-0.9410912589759485,0.04471533289987259,-0.9421687841441367,-0.3321423206819826],"T_pred":[-8.997656549360045,128.45577690491703,658.1825282253155],"rotation_error":176.72826296946806,"translation_error":48.82440850049803,"ADD":0,"ADD_S":1}}
{"id_image":6,"data":{"GT_R":[-0.9984347674067142,-0.047413862577288086,0.029685022403979702,0.04161940273831046,-0.27504700392381676,0.9605295022673208,-0.03737800371507778,0.9602610802344886,0.276589724400557],"GT_T":[-26.844636396695467,91.12957246775855,683.7519901444289],"R_pred":[-0.9938029216575267,-0.058160592185866215,0.09472643992863397,-0.10969619073804082,0.37547993177287553,-0.9203160145153404,0.017958247200857543,-0.925003873695903,-0.3795330486335109],"T_pred":[-10.916819157980099,128.32163125451444,670.6429164718353],"rotation_error":173.69565021284805,"translation_error":42.529900203749726,"ADD":0,"ADD_S":1}}
{"id_image":7,"data":{"GT_R":[-0.9985274940008433,-0.04661171925446723,0.027776749202311712,0.03957959082804146,-0.27551973175990346,0.9604798738306969,-0.037115916471472395,0.9601649131565686,0.27695828099571745],"GT_T":[-28.01133407325777,90.4254432004223,683.3648196216873],"R_pred":[-0.9973234485223057,-0.037736149987720756,0.06262525059175458,-0.07022679594068182,0.2559982317557251,-0.9641229706162218,0.02035033561103229,-0.9659404165485812,-0.25796312821500667],"T_pred":[-11.335879459986094,129.20849791011491,649.5865332232137],"rotation_error":178.91575565767275,"translation_error":54.06633658009021,"ADD":0,"ADD_S":0}}
{"id_image":8,"data":{"GT_R":[-0.9983534635234989,-0.04872542192863965,0.030277023847560088,0.042571401404377124,-0.2755143691196362,0.9603540886297619,-0.03845181427124759,0.9600609487562851,0.27713503540676104],"GT_T":[-28.233291470074295,90.51465584659992,682.9693787595746],"R_pred":[-0.9985928067711529,-0.04119044944547894,0.0334028911831037,-0.0423629677049445,0.24066588031786518,-0.9696830992742197,0.03190274646704658,-0.9697336133832352,-0.24207216660027875],"T_pred":[-10.91782826513044,129.45510398353278,656.5215883355021],"rotation_error":177.9335099667726,"translation_error":50.15644909104496,"ADD":0,"ADD_S":0}}
{"id_image":9,"data":{"GT_R":[-0.9982271553270564,-0.051010894118674224,0.030674176041178912,0.04363717970399976,-0.27667925878418637,0.9599702547309357,-0.040482732657169965,0.9596075250063183,0.27841505623374935],"GT_T":[-28.63600281233907,90.5729521145882,682.5552070862685],"R_pred":[-0.9937178363993643,-0.09864217408835592,0.05286381666971157,-0.08243556814547175,0.32568706960220384,-0.941877014157614,0.07569173486120975,-0.9403178474245033,-0.3317726738124296],"T_pred":[-11.065322008291776,130.56293791251895,669.2105676345136],"rotation_error":176.88413707629022,"translation_error":45.67282770021747,"ADD":0,"ADD_S":0}}
{"id_image":10,"data":{"GT_R":[-0.9984287132229036,-0.049079780317930866,0.027049962541194295,0.03955022063360525,-0.2751506742340716,0.9605869473550246,-0.0397029926226344,0.9601476441929345,0.27665978330876567],"GT_T":[-30.13882186369289,90.59043457171595,682.0305315830548],"R_pred":[-0.9987729028746931,-0.028593348940894527,0.040436479564904586,-0.04684606207247679,0.2805762912975298,-0.9586878486921719,0.016066578713601475,-0.9594057354206651,-0.281571482736395],"T_pred":[-13.00042211448688,128.6639260426601,650.268266167703],"rotation_error":179.65819014543877,"translation_error":52.46100459452614,"ADD":0,"ADD_S":0}}
{"id_image":11,"data":{"GT_R":[-0.9983151282868227,-0.051519719983434534,0.02668929501928231,0.03991029617735096,-0.2758353470192445,0.9603755398403446,-0.04211667981323953,0.9598229868425588,0.2774264669837233],"GT_T":[-30.45106688971891,90.56160865866711,681.7758177527354],"R_pred":[-0.9958452793567735,-0.026461795203206455,0.08713181380789273,-0.09102350379469565,0.31686926357682677,-0.9440914105939192,-0.002627040115177573,-0.9481000175060134,-0.31796140562233377],"T_pred":[-13.521855863995189,129.91783750115107,660.8295477543471],"rotation_error":177.41897444061425,"translation_error":47.689172371732695,"ADD":0,"ADD_S":0}}
{"id_image":12,"data":{"GT_R":[-0.9983774273432613,-0.050841112018129325,0.02564285000406475,0.03888991503672334,-0.2798736186956868,0.9592484263760511,-0.0415925051665855,0.9586894636451206,0.28139724257693355],"GT_T":[-31.134873531540848,90.89469160594214,681.5990817496747],"R_pred":[-0.9985440661523075,-0.030943755893038362,0.044184068658829255,-0.05089011905320404,0.26879288884838803,-0.9618526803452222,0.017886971089784966,-0.9627008189857166,-0.26997627560484505],"T_pred":[-12.492101062977051,130.72940293829035,655.5883672590726],"rotation_error":179.36823428156214,"translation_error":51.09710814280756,"ADD":0,"ADD_S":0}}
{"id_image":13,"data":{"GT_R":[-0.9984643599237435,-0.049684494812055675,0.02452193769052569,0.03727182304429402,-0.2748285436364144,0.9607701942711954,-0.04099581290211465,0.9602088307086579,0.2762587231982509],"GT_T":[-31.271388710891188,91.36670427896928,681.5563020736122],"R_pred":[-0.9976653824072332,-0.03846902791668695,0.05642622295860474,-0.06615384119779343,0.33926436530923776,-0.9383620621732839,0.016954469646855423,-0.939904156987544,-0.3410171867172215],"T_pred":[-12.494232121166945,131.21509855577267,663.4985707362924],"rotation_error":176.0443489918804,"translation_error":47.60837948392511,"ADD":0,"ADD_S":0}}
{"id_image":14,"data":{"GT_R":[-0.9983833551075092,-0.05059194750704362,0.025911682329087343,0.038852150312927484,-0.2746242111091331,0.9607666959464591,-0.04149121212979766,0.960220024332236,0.2761453670768473],"GT_T":[-31.101128973441785,91.8246955313803,681.5655373136369],"R_pred":[-0.9966206859680979,-0.042692553418848415,0.07017516785200202,-0.07995213286085878,0.30825731341953744,-0.9479372791352646,0.018837854216376876,-0.9503445557301561,-0.31062897585797555],"T_pred":[-13.342616192202424,130.70469032639943,655.2115940617978],"rotation_error":177.87164329740645,"translation_error":50.21502859088417,"ADD":0,"ADD_S":0}}
{"id_image":15,"data":{"GT_R":[-0.9984222810752038,-0.050863025169556327,0.023813724116715666,0.0369327601666289,-0.27519873842749504,0.9606778070092367,-0.04230925365046772,0.9600408438899976,0.2766433107697769],"GT_T":[-31.141441966437892,91.28827704950237,681.5930162258742],"R_pred":[-0.9938514989626289,0.03063905103924852,0.10639758719609242,-0.09364677346730127,0.2800747928423186,-0.955399598196219,-0.05907181924487957,-0.9594891135212255,-0.2754835044160602],"T_pred":[-16.527219661850314,128.10594543161437,640.0179958415433],"rotation_error":179.67270107193755,"translation_error":57.424720448780604,"ADD":0,"ADD_S":0}}
{"id_image":16,"data":{"GT_R":[-0.9983728041763731,-0.050324449210717985,0.02682523080135171,0.039629666178129894,-0.27398954511726914,0.9609158443287678,-0.04100832887225952,0.9604148749273714,0.2755376513116874],"GT_T":[-30.813308700554455,92.01923199064582,681.6662409441625],"R_pred":[-0.9988245390403171,-0.0020056144989913927,0.04843054533431871,-0.04722151060219863,0.26575199364254587,-0.9628842125673565,-0.010939339438215914,-0.9640393432767633,-0.26553432069538974],"T_pred":[-12.012691124275435,129.48015607476464,637.5686763812057],"rotation_error":179.51998809788498,"translation_error":60.838961651804574,"ADD":0,"ADD_S":0}}
{"id_image":17,"data":{"GT_R":[-0.9985681084216446,-0.049158814229622594,0.021133061344683922,0.033839844051874374,-0.2742347461869858,0.9610675839299122,-0.04144965454843925,0.9604057389117966,0.275505270917319],"GT_T":[-31.053000179449892,90.96820773307357,681.4914682762783],"R_pred":[-0.9954527072098411,-0.033568227360032385,0.08914640666063642,-0.09519177723672632,0.3159114304262225,-0.9440013208002264,0.0035260821192734867,-0.9481946752845448,-0.31767030787740447],"T_pred":[-13.94930155610727,126.89741367890328,647.7940816165985],"rotation_error":177.34950325958985,"translation_error":52.14363061954873,"ADD":0,"ADD_S":1}}
{"id_image":18,"data":{"GT_R":[-0.9985583100015043,-0.04899022505778098,0.021938846441841315,0.03450547326341324,-0.27274887190998254,0.9614656850096343,-0.04111817731095477,0.9608369852565459,0.27404638259921976],"GT_T":[-31.482557310634675,90.75005914751635,681.1479154669065],"R_pred":[-0.9978326340660643,-0.008909641052713583,0.06519702975666591,-0.06522464981663244,0.26499048684676596,-0.9620425078638735,-0.008705139233662493,-0.9642098631402944,-0.26499728371041265],"T_pred":[-14.58634689346132,129.6891068683844,645.2105727552121],"rotation_error":179.58893038828504,"translation_error":55.616759749622375,"ADD":0,"ADD_S":0}}
{"id_image":19,"data":{"GT_R":[-0.9985694485846064,-0.04978284719436556,0.019522460038356376,0.03241711517265835,-0.27323303710444524,0.9614007729832438,-0.04252652314519462,0.9606584964645667,0.27445536793239705],"GT_T":[-32.06178727097546,90.47838104979901,680.7009087925388],"R_pred":[-0.9972948207895704,0.00527813547520848,0.0733156307495475,-0.06964159375271622,0.25127369735619653,-0.965407467050327,-0.023517841012309956,-0.9679016842132531,-0.2502263792074446],"T_pred":[-14.747699847179016,129.6606915915293,648.6674622571746],"rotation_error":178.7440043376178,"translation_error":53.489931572600554,"ADD":0,"ADD_S":0}}
{"id_image":20,"data":{"GT_R":[-0.9983863774699114,-0.05273921147493673,0.02106312181088027,0.03468018524320995,-0.2725018095144846,0.9615296779728759,-0.04497083030577167,0.9607092786393191,0.2738911983313674],"GT_T":[-32.494241200411835,90.8849241216729,680.3448858948165],"R_pred":[-0.9965239539054457,-0.040340209227311845,0.07288811159684293,-0.08189226582330006,0.3138165722625884,-0.9459454613093112,0.015286140486829372,-0.9486262838931128,-0.31602928252957907],"T_pred":[-15.107127345609806,132.9542499072133,672.8688123507259],"rotation_error":177.39341380905495,"translation_error":46.13059262448765,"ADD":0,"ADD_S":0}}
{"id_image":21,"data":{"GT_R":[-0.9983928706436624,-0.05230139924362714,0.021844121751454705,0.035577877505284225,-0.2782608779559101,0.9598458523247991,-0.04412367245599242,0.9590803752557306,0.2796738514711734],"GT_T":[-32.81025972523913,90.61610244636904,680.1982467529156],"R_pred":[-0.9979157997681807,-0.018889376979434814,0.06170290115027919,-0.06452582781835782,0.28189484716591473,-0.9572730606706013,0.0006885618258128529,-0.9592593427111533,-0.2825261745466744],"T_pred":[-15.885200092789123,131.0058098078434,655.0319844339128],"rotation_error":179.7143562153101,"translation_error":50.50868106985552,"ADD":0,"ADD_S":0}}
{"id_image":22,"data":{"GT_R":[-0.9985662495337289,-0.050625812381089076,0.01744925863828779,0.030788563527729285,-0.2762067062086206,0.9606049304566111,-0.043811536238402206,0.9597636734674301,0.27736906341070544],"GT_T":[-33.705785965465154,91.08554442455782,680.0687900090549],"R_pred":[-0.9948804601255717,-0.005337014214868187,0.1009177206421206,-0.09783107506423788,0.3012257728109794,-0.9485210142881406,-0.025336748254388364,-0.9535379122372103,-0.30020576129414245],"T_pred":[-16.94976670516692,129.05380332081347,651.3216072425208],"rotation_error":178.38978094953941,"translation_error":50.48517982613405,"ADD":0,"ADD_S":0}}
{"id_image":23,"data":{"GT_R":[-0.9985708714215464,-0.04979824889695151,0.019416172464457763,0.032383227318104855,-0.2746734726975535,0.960991261503168,-0.04252273150101617,0.960246814309617,0.2758939652419094],"GT_T":[-34.2138657976995,91.40750383775949,679.9115721502652],"R_pred":[-0.9955705418408058,0.027693925208595035,0.08984621708978657,-0.08018747919410815,0.24879417242443103,-0.9652312821019307,-0.04908425816184639,-0.9681603721874714,-0.24547144299595824],"T_pred":[-18.509480118180306,129.50789657984933,644.2011229339539],"rotation_error":178.49428517248793,"translation_error":54.52984357123472,"ADD":0,"ADD_S":0}}
{"id_image":24,"data":{"GT_R":[-0.9985359728888814,-0.05086375288799923,0.018437764177802178,0.03168658990255019,-0.2735838667032959,0.9613262450896259,-0.043851853882762186,0.9605020970282955,0.27479525225048],"GT_T":[-33.8458311756427,90.80216453093271,679.9363283831119],"R_pred":[-0.9973907517869094,0.007799870640021817,0.07176942432500444,-0.06718927301216551,0.26334285785605593,-0.9623596733073878,-0.026406246269401874,-0.9646707734943587,-0.26213166333687254],"T_pred":[-17.182441166331643,130.35437735329785,649.8427470915321],"rotation_error":179.43500290689917,"translation_error":52.41821954913189,"ADD":0,"ADD_S":0}}
{"id_image":25,"data":{"GT_R":[-0.9985609764639714,-0.0512386250707733,0.015865113019036335,0.029520424038826456,-0.2780268446977989,0.960118884892476,-0.044783383610319034,0.9592057107849766,0.2791393591341459],"GT_T":[-33.972278412880556,90.72302859690544,680.0094007561655],"R_pred":[-0.9923981685088289,0.02345489829294648,0.12081284239015971,-0.10762452999230451,0.3107198789300275,-0.9443887533117094,-0.0596894939185916,-0.950212094526152,-0.3058335163646486],"T_pred":[-18.209406078881702,127.1990118247988,648.4813799567444],"rotation_error":177.97581312619056,"translation_error":50.72456596352735,"ADD":0,"ADD_S":0}}
{"id_image":26,"data":{"GT_R":[-0.9985899565478342,-0.05055201210932997,0.01621906868184669,0.029420684824117083,-0.2726273922998594,0.9616691243598484,-0.044193511737502765,0.9607906205790895,0.2737297746692918],"GT_T":[-33.70513574973307,90.70249795439233,680.0350811600618],"R_pred":[-0.9977348814427888,-0.010026302944824275,0.06651751349533955,-0.0668689896609503,0.2554902845718635,-0.9644963725754033,-0.007324245631311996,-0.9667596328657119,-0.25558201753504817],"T_pred":[-16.525393344798673,128.39997707735697,637.1706561875659],"rotation_error":179.0480188625003,"translation_error":59.61209952307493,"ADD":0,"ADD_S":0}}
{"id_image":27,"data":{"GT_R":[-0.9986445404659069,-0.04965848121294438,0.01562257569103875,0.0286056079235966,-0.2727221698787984,0.961667619306155,-0.04349472698078143,0.9608102681307654,0.27377231046909745],"GT_T":[-34.03384447329122,91.01834441340465,679.9958039062179],"R_pred":[-0.9959902974677259,-0.0831600310221017,0.032980851877324455,-0.05899757405654549,0.3334354060945697,-0.9409251384770164,0.06725037996616348,-0.9390980988176653,-0.3370046693911729],"T_pred":[-15.50726605170956,129.6089025549912,657.0286782802534],"rotation_error":176.2324504347997,"translation_error":48.57935925070465,"ADD":0,"ADD_S":1}}
{"id_image":28,"data":{"GT_R":[-0.9985972613850639,-0.05012196170556668,0.017094820831358198,0.030130212004418237,-0.2722768845783075,0.9617474582446743,-0.04355013601663664,0.9609123760785787,0.27340476724520346],"GT_T":[-34.103349041513226,91.07159105405213,680.0663315405981],"R_pred":[-0.9937800192429168,-0.00941589567611515,0.11096221997673095,-0.10804161509992088,0.32298995229118277,-0.9402151350225862,-0.02698671451193088,-0.9463555524365861,-0.3219982695796604],"T_pred":[-17.707000513627218,129.18240361819,653.090070969901],"rotation_error":176.8187994608321,"translation_error":49.48730052978139,"ADD":0,"ADD_S":0}}
{"id_image":29,"data":{"GT_R":[-0.9985764959765988,-0.05211166227709856,0.011414222560589205,0.025136198257735474,-0.2708915277107487,0.9622816926135325,-0.04705393868727351,0.9611978570784325,0.2718166098509451],"GT_T":[-34.236537767938664,91.48947102046431,679.9571470127513],"R_pred":[-0.9977277373600829,0.0012373505807090276,0.06736342528308543,-0.06422197737042817,0.28480807177447,-0.9564308129053251,-0.02036908748475555,-0.9585837632756197,-0.28408144793243617],"T_pred":[-15.759827955615936,127.88403581865306,638.1148282076196],"rotation_error":179.1098430429117,"translation_error":58.4528253836256,"ADD":0,"ADD_S":0}}
{"id_image":30,"data":{"GT_R":[-0.998697018949268,-0.04914766100110801,0.013757555727419383,0.026552316608823776,-0.2701368278661636,0.9624559562586333,-0.043585818963623096,0.9615668444676692,0.2710892857904509],"GT_T":[-34.71051865956343,91.53976994916295,679.8172804541629],"R_pred":[-0.9984105546244569,0.00955504226573018,0.05554336667671921,-0.050274416046053344,0.2944299915414125,-0.9543497593503925,-0.025472485267690435,-0.9556252828636462,-0.2934816369827308],"T_pred":[-17.083852888300665,128.71009389284086,643.0110733355687],"rotation_error":178.5211003668385,"translation_error":55.19990227116908,"ADD":0,"ADD_S":0}}
{"id_image":31,"data":{"GT_R":[-0.9986812016807661,-0.04930749959607196,0.014342367145861802,0.027115483054311353,-0.26917809593928277,0.9627083953673808,-0.04360834379985588,0.9618271108264962,0.27016034923742627],"GT_T":[-35.5566148833763,91.77344445919583,679.7001069255693],"R_pred":[-0.9979384446161805,-0.01958852818074217,0.06111587617592104,-0.06417418599920827,0.29372206085424857,-0.9537342527239294,0.0007311691851171614,-0.9556901383457115,-0.2943736144092697],"T_pred":[-17.643460773617704,127.69078125714535,635.8742464612286],"rotation_error":178.45775644369508,"translation_error":59.42762167761018,"ADD":0,"ADD_S":0}}
{"id_image":32,"data":{"GT_R":[-0.9986870692275241,-0.04935504490690164,0.013734536754193324,0.02660390643423114,-0.27052109971236077,0.9623461305279062,-0.04378161985643768,0.9614482137002935,0.27147924078473856],"GT_T":[-36.56678741551707,91.29112570778796,679.435269444294],"R_pred":[-0.9973458592275382,-0.03414498222793097,0.0643067435836864,-0.07095520501086228,0.25774141637690495,-0.9636050649337063,0.01632776664305988,-0.9656104196168765,-0.25948009858902277],"T_pred":[-19.51688160462406,129.58701374078842,644.6410579331027],"rotation_error":179.3508788767318,"translation_error":54.47854149187502,"ADD":0,"ADD_S":0}}
{"id_image":33,"data":{"GT_R":[-0.9986283768613243,-0.05119042400346537,0.011016911668267907,0.024564326863806576,-0.27217997548198275,0.9619324776906212,-0.04624321444518049,0.9608832032927342,0.27306360705020466],"GT_T":[-37.629787927500566,90.2960661033969,678.8240323013315],"R_pred":[-0.9939731116766444,-0.08893897697283813,0.06408831124997737,-0.0905832705379971,0.3370815797551592,-0.9371076137180866,0.06174240327756149,-0.9372650996195214,-0.3431064101306176],"T_pred":[-20.30313410338698,127.94454367237144,666.6871458590185],"rotation_error":175.82194874075321,"translation_error":43.18477519353145,"ADD":0,"ADD_S":1}}
{"id_image":34,"data":{"GT_R":[-0.9985177122444561,-0.05331577681306982,0.010990572963876002,0.025241832210276687,-0.274594256481409,0.9612288275824906,-0.04823121975202786,0.9600810583547463,0.2755330291455873],"GT_T":[-38.22519476911673,88.43898198005999,678.2819080815115],"R_pred":[-0.9946056464325957,-0.05286605001386799,0.08924566566690784,-0.10251679830952912,0.3698617123209057,-0.9234135692220524,0.015808673213195748,-0.927581529847904,-0.3732862056602949],"T_pred":[-21.84916230491386,127.30031002328899,674.0118556360703],"rotation_error":173.9877787732681,"translation_error":42.38644363990568,"ADD":0,"ADD_S":0}}
{"id_image":35,"data":{"GT_R":[-0.9984581569366147,-0.05471964944888366,0.009323248870364382,0.02404166372136436,-0.27491142191035245,0.9611684453903909,-0.05003144686375354,0.9599112893830649,0.27580256760933786],"GT_T":[-39.59477550150497,87.4862738663132,677.5892680329501],"R_pred":[-0.9951851087365439,-0.050865198427033936,0.08378144745713027,-0.09586662480226171,0.3272327428083235,-0.9400682540556103,0.020400725429645772,-0.9435737722208687,-0.33053342762695637],"T_pred":[-23.01390164940384,123.89629478346937,652.3445269204248],"rotation_error":176.63092509940955,"translation_error":47.306574117404345,"ADD":0,"ADD_S":1}}
{"id_image":36,"data":{"GT_R":[-0.9984623750612651,-0.05417273393821578,0.011792611042814375,0.02623639801568292,-0.274310799977981,0.9612824039468447,-0.04884079999762013,0.9601139585387595,0.27530992305310614],"GT_T":[-40.27985947489197,87.0849679017978,677.0522075201466],"R_pred":[-0.9934397289363703,-0.10406325717800143,0.047416700394863856,-0.07866532148993681,0.3209176540140436,-0.9438345334522402,0.08300163953631297,-0.941372773054133,-0.3269985167958045],"T_pred":[-20.871985680424494,125.01785049124578,659.4753774802156],"rotation_error":176.95853525448496,"translation_error":46.092451670739365,"ADD":0,"ADD_S":1}}
{"id_image":37,"data":{"GT_R":[-0.9986601753375276,-0.050654259722729286,0.01062505182267482,0.02419716242985453,-0.27547594280947696,0.9610025309189468,-0.04575166466038867,0.9599723949742014,0.27633297102185866],"GT_T":[-40.43199502486084,86.06988622758286,677.0539558820408],"R_pred":[-0.9958656847326319,-0.06904322663103685,0.05903025350090884,-0.07700959070057989,0.2970458317685001,-0.9517527498090504,0.0481773900510959,-0.9523637995458117,-0.30113474127461515],"T_pred":[-19.944887379246367,122.61691970117761,644.7557927887703],"rotation_error":178.52118853288286,"translation_error":52.90159330873264,"ADD":0,"ADD_S":1}}
{"id_image":38,"data":{"GT_R":[-0.9985101842697728,-0.0530793488396548,0.01269460540975801,0.026866053137869435,-0.2755715164070438,0.9609043921923962,-0.04750650963769619,0.959813566173531,0.2765868196457847],"GT_T":[-38.80102554867302,87.06322275756403,677.5428528553138],"R_pred":[-0.992937275202421,-0.04480299769200107,0.10985562758185058,-0.11855149719930555,0.33882898556664487,-0.9333490563833452,0.0045945647666288045,-0.9397806179836273,-0.341747392143549],"T_pred":[-20.270321735628816,125.76872380150776,662.8559533319437],"rotation_error":175.92366166138365,"translation_error":45.35645282072956,"ADD":0,"ADD_S":0}}
{"id_image":39,"data":{"GT_R":[-0.998571636281381,-0.05244778900198291,0.010289220914374205,0.024233605871794097,-0.27271056759666645,0.961790767757771,-0.04763790004630096,0.9606655514716037,0.27359164949815445],"GT_T":[-37.10142928298292,88.12902277559061,678.3406796913489],"R_pred":[-0.995233921458527,0.004220653560092692,0.09742498479244627,-0.09192167048542702,0.29292781527336764,-0.9517056800998616,-0.03255530791516628,-0.9561252434292786,-0.29114372877300887],"T_pred":[-18.091314807191107,121.0799381375973,620.2295195233588],"rotation_error":178.6942099933851,"translation_error":69.45541168006014,"ADD":0,"ADD_S":0}}
{"id_image":40,"data":{"GT_R":[-0.9985820367743471,-0.05111376668003237,0.014905685197625432,0.02832257808936081,-0.27289853583012713,0.9616256814651919,-0.045084121098623246,0.9606839794259487,0.27395911793988287],"GT_T":[-34.362424713884266,89.53087129701913,679.5540455581795],"R_pred":[-0.9949572443282563,0.03617249316126374,0.09355016139601767,-0.07962463293124947,0.28231336505674665,-0.9560120719639994,-0.06099180100051489,-0.9586400339276645,-0.27800950624372434],"T_pred":[-14.64293069857129,114.61488435397263,574.7629712476348],"rotation_error":179.414263666128,"translation_error":109.54102158743763,"ADD":0,"ADD_S":0}}
{"id_image":41,"data":{"GT_R":[-0.9987994830020724,-0.046328491364222506,0.015934877628922237,0.027898515266263735,-0.2704638830428999,0.9623255663368506,-0.040272708503063415,0.9616144006959455,0.27143145399685453],"GT_T":[-31.9171664456179,89.73510157639167,680.9327609040314],"R_pred":[-0.9939747044175117,-0.06665512329025418,0.08701368580448257,-0.10437470431748828,0.33317705476023973,-0.9370693524387235,0.03346950965815138,-0.940505260336407,-0.33812667330867263],"T_pred":[-12.31797342121189,127.82640246174357,664.3563674398446],"rotation_error":175.97358725951005,"translation_error":45.9331295540144,"ADD":0,"ADD_S":0}}
{"id_image":42,"data":{"GT_R":[-0.9989112203614677,-0.0448706524353958,0.012829061471312077,0.024526789895701014,-0.27087275245856635,0.962302205898812,-0.039704049720797246,0.9615681600525203,0.27167797123551324],"GT_T":[-28.69058967245677,89.6247029682009,682.2112077392309],"R_pred":[-0.9962585161748883,-0.029254226324690373,0.08132133294009423,-0.08602403350621468,0.2453424579873008,-0.9656122120023499,0.008296662481475273,-0.9689949785994215,-0.2469410796946817],"T_pred":[-10.559156317462179,128.0273325571762,653.7248693190394],"rotation_error":178.62019728474482,"translation_error":51.13689774951477,"ADD":0,"ADD_S":0}}
{"id_image":43,"data":{"GT_R":[-0.9990610086682239,-0.041144658400871933,0.01359818381563721,0.024204215424041994,-0.26954631764211273,0.962683239206592,-0.035943587052476994,0.962107929161965,0.2702883589408531],"GT_T":[-26.49159806400099,89.4452945618478,683.2117904370164],"R_pred":[-0.9980092347276937,-0.0598929001517168,0.01975874261333148,-0.03622167298306237,0.287858683838341,-0.9569876532877346,0.05162904032181394,-0.95579821021504,-0.28945504581052717],"T_pred":[-5.517624990092444,121.43211611736916,633.3126787860598],"rotation_error":178.87134166533016,"translation_error":62.87277346582093,"ADD":0,"ADD_S":0}}
{"id_image":44,"data":{"GT_R":[-0.9992567905932531,-0.03579997588978696,0.014326270625169937,0.02345919396418166,-0.26956363309039005,0.9626961976896355,-0.03060262646264376,0.9623171141592791,0.2702030815548186],"GT_T":[-24.71731061065554,88.20181396331101,683.7962057798096],"R_pred":[-0.9976163786096248,-0.06404558724659157,0.025685090695903783,-0.04285674899705941,0.28334040368043245,-0.9580613313914784,0.05408197662087272,-0.9568784553936035,-0.285409813090459],"T_pred":[-5.376380762571682,122.91445828510521,646.6729138906552],"rotation_error":179.11995884613518,"translation_error":54.37994155832875,"ADD":0,"ADD_S":1}}
{"id_image":45,"data":{"GT_R":[-0.9992537729149167,-0.036449732066726775,0.012815333250158727,0.022239508744883996,-0.2713916467260402,0.9622113525516833,-0.031594722383279226,0.9617785141962142,0.2719992295641196],"GT_T":[-23.305299009468058,87.17983585777861,684.3190593094605],"R_pred":[-0.9958278735975918,-0.050123314519444795,0.07625286557030866,-0.08871969711245767,0.3363411464479813,-0.9375518377936929,0.021346229418155328,-0.9404053841549622,-0.3393848139531074],"T_pred":[-5.092180015937938,121.96115829352176,659.7656314914849],"rotation_error":175.92181437536252,"translation_error":46.306899177813186,"ADD":0,"ADD_S":1}}
{"id_image":46,"data":{"GT_R":[-0.999229830348253,-0.034743387830205384,0.018269580937472253,0.027051608647918484,-0.2722335660081469,0.9618503675571581,-0.028444610895112254,0.9616040672620941,0.27296365716120075],"GT_T":[-21.623963318380728,86.17116020037395,684.5485557996869],"R_pred":[-0.9959237248314183,-0.04029844992347073,0.08069677348989102,-0.08948670480161067,0.3291899492898427,-0.940013886573119,0.011316535762442799,-0.9434034196568913,-0.3314542559660698],"T_pred":[-3.9489680091781327,118.62816574511949,644.4443383371473],"rotation_error":176.43801812662377,"translation_error":54.5363266675951,"ADD":0,"ADD_S":1}}
{"id_image":47,"data":{"GT_R":[-0.9993032187000758,-0.03468586763469483,0.013799769394337228,0.02273746658654025,-0.27237133848523803,0.9619233928797483,-0.02960648331060263,0.9615662504172701,0.2729703664836574],"GT_T":[-20.983454465364908,85.55142809136696,684.4252367092936],"R_pred":[-0.9981349432353527,-0.04364487284384606,0.042682082505470426,-0.053458777247160826,0.28733216548315654,-0.9563380081404265,0.029475315567398352,-0.9568361154101597,-0.2891294762195613],"T_pred":[-3.921335612013139,120.07469223730747,649.5014985365087],"rotation_error":179.0342458550506,"translation_error":51.986913305345546,"ADD":0,"ADD_S":1}}
{"id_image":48,"data":{"GT_R":[-0.9993953327282032,-0.031615866797104444,0.014485967911196182,0.022589982745420352,-0.27349107970482645,0.9616087845856753,-0.026440898202798553,0.9613546051911269,0.27403979614412927],"GT_T":[-20.72040829429606,84.79487590744166,684.0852261329248],"R_pred":[-0.986758484496904,-0.15580175589940481,0.04509441353466711,-0.09924666684184914,0.3600842167254221,-0.9276257089936775,0.12828792770232236,-0.9198180090234709,-0.3707789609483553],"T_pred":[-1.5403449242544263,119.70733740906601,675.7133380148043],"rotation_error":174.34469334103517,"translation_error":40.70434018189636,"ADD":0,"ADD_S":1}}
{"id_image":49,"data":{"GT_R":[-0.9993247125360061,-0.03489743255181591,0.011540387013007651,0.020710722726481653,-0.27522185750400063,0.9611570120633443,-0.030365767503572925,0.9607469499579001,0.27575879424180877],"GT_T":[-20.055082519878688,84.16330547536279,683.8840689605211],"R_pred":[-0.9933823808980199,-0.06930685075702697,0.09158605657808756,-0.11012701035990882,0.34835610900033354,-0.9308705940738139,0.03261114702935185,-0.9347965456505977,-0.35368337723045407],"T_pred":[-3.8710699868414196,116.96263122416158,651.384472372185],"rotation_error":175.31099560588126,"translation_error":48.92792464073976,"ADD":0,"ADD_S":1}}
{"id_image":50,"data":{"GT_R":[-0.9993630111660181,-0.03330345693391823,0.012826266942616455,0.02148302928104422,-0.27440523309560283,0.9613738751391677,-0.028497124806008946,0.9610369747573329,0.27494647135978245],"GT_T":[-20.474627061027086,84.30422091964347,683.6362953810037],"R_pred":[-0.9922094972310618,-0.08947201383560335,0.08668951692497436,-0.11121006990672588,0.322493555178862,-0.9400160781707085,0.056148321041906105,-0.9423336275482799,-0.3299313571576292],"T_pred":[-2.5669434704148912,120.09851724624977,674.3070935914826],"rotation_error":176.78479667827423,"translation_error":41.096846437749775,"ADD":0,"ADD_S":1}}
{"id_image":51,"data":{"GT_R":[-0.9993436990210456,-0.032919502112343256,0.01514503381894711,0.023533091433963236,-0.2717987737164128,0.9620660501344933,-0.027554924304800155,0.9617908275746838,0.272395084517141],"GT_T":[-20.362440859771127,84.25853613292493,683.3622403807159],"R_pred":[-0.9898496925619396,-0.11776810925516422,0.0795503524662046,-0.11941772488651,0.385756252202742,-0.914839614833892,0.0770518858819399,-0.9150534335922453,-0.39590430731816817],"T_pred":[-2.2179072826600623,119.86622300140553,677.1279104663954],"rotation_error":172.65043686243354,"translation_error":40.44747621712964,"ADD":0,"ADD_S":1}}
{"id_image":52,"data":{"GT_R":[-0.9993641005155006,-0.03357503965345848,0.012034485014148132,0.020779216009633717,-0.27385535486272616,0.9615459602274641,-0.028987842879222486,0.9611848952910909,0.2743792290220576],"GT_T":[-20.087071675500773,84.79867190344959,683.3984269234334],"R_pred":[-0.9972731272848131,0.006086327901169183,0.07354771382067854,-0.06908069950065403,0.27364296884490813,-0.9593473732482124,-0.025964717446360117,-0.961812082589122,-0.272476331510659],"T_pred":[-3.4817229282626307,121.05506702130242,658.4875234949989],"rotation_error":179.95327146983797,"translation_error":47.019324788644674,"ADD":0,"ADD_S":1}}
{"id_image":53,"data":{"GT_R":[-0.9993372569715835,-0.03480621054945121,0.010684103910608169,0.01976867696067156,-0.27229295893915767,0.9620107510032233,-0.030574842975533305,0.9615844436631847,0.27280022972589635],"GT_T":[-19.65340158893179,85.45416370909058,683.4359987403864],"R_pred":[-0.9898567745702533,-0.12103507823180709,0.07439136828150703,-0.1096921482252414,0.31835706745789205,-0.9416031065249004,0.09028398781127328,-0.9402123629462822,-0.32840449769737057],"T_pred":[-1.4719033453951937,122.94133689071262,671.1116847119615],"rotation_error":176.82066234973976,"translation_error":43.4481731238481,"ADD":0,"ADD_S":1}}
{"id_image":54,"data":{"GT_R":[-0.9993493095694427,-0.0333717025466628,0.01368319116429157,0.02227566527327756,-0.27268689787704004,0.9618443862927679,-0.02836765721057228,0.9615235511836944,0.2732529794139471],"GT_T":[-19.154055294606763,85.999991927375,683.7020786834547],"R_pred":[-0.9935712160001456,-0.08899324894903649,0.06997456950554805,-0.09712475064918058,0.3525134905463224,-0.9307529327346663,0.05816374770702497,-0.9315655857878943,-0.3588907045722012],"T_pred":[-1.971985578311347,123.48890523973864,673.2899271185087],"rotation_error":174.91123200682452,"translation_error":42.532987683549344,"ADD":0,"ADD_S":0}}
{"id_image":55,"data":{"GT_R":[-0.9993235996890238,-0.0339919780460982,0.014041461834771918,0.0226882902097497,-0.26930631615787265,0.9627867295689474,-0.028945376312106835,0.9624546692663307,0.2698955374781053],"GT_T":[-18.876454424820857,88.01469981799009,683.7406405731299],"R_pred":[-0.9924099144067965,-0.0941445322601537,0.0791161730154573,-0.10571227670007134,0.324409906427356,-0.9399910250458148,0.06282894509684565,-0.9412199634821348,-0.3318998403143735],"T_pred":[-1.9063562727673613,126.29982115810198,671.0407796927346],"rotation_error":176.3773609649989,"translation_error":43.760955356331216,"ADD":0,"ADD_S":0}}
{"id_image":56,"data":{"GT_R":[-0.999368246297059,-0.03270713327907677,0.013956261549354955,0.02221249144188545,-0.26768816573652066,0.9632495521328844,-0.02776918946342676,0.9629505925496479,0.2682460067219904],"GT_T":[-18.38861543327926,88.88479151004898,684.0190260844043],"R_pred":[-0.9916436071353264,-0.10123387190681754,0.07996661557420386,-0.11031748538228359,0.3440693590455265,-0.9324410590406933,0.0668805565659265,-0.9334709311728748,-0.3523620464929186],"T_pred":[-0.11250440964974892,127.18261787116559,674.4522242980054],"rotation_error":175.0518200831012,"translation_error":43.50015441989277,"ADD":0,"ADD_S":0}}
{"id_image":57,"data":{"GT_R":[-0.9994969221058606,-0.02947686447707627,0.011748507800470636,0.019322403982558287,-0.271674056585712,0.9621950712749611,-0.025170369768641183,0.9619380481892871,0.27210620752966763],"GT_T":[-17.681735482435226,89.37748402163653,684.582475323221],"R_pred":[-0.9901715758841565,-0.10897529240448409,0.08766205539709403,-0.12066717101582292,0.34877117200415864,-0.9294073936750687,0.07070844468749211,-0.9308507158638292,-0.3584930412513928],"T_pred":[0.3242949895106029,129.1091888168438,674.8426748229562],"rotation_error":174.93421413586313,"translation_error":44.69551669994541,"ADD":0,"ADD_S":0}}
{"id_image":58,"data":{"GT_R":[-0.999467892316137,-0.029933089369125938,0.012988888526491132,0.020507796533000146,-0.26663286985844037,0.9635802590901602,-0.025379163643910404,0.9633329153535022,0.26710430090848497],"GT_T":[-17.198599323300467,91.24103312751458,685.0367718136204],"R_pred":[-0.9992174724534975,-0.027417243747912448,0.028508551154197963,-0.0349014981789443,0.27205403070615763,-0.9616488391306869,0.018609894371250848,-0.9618913135701975,-0.2727980438157329],"T_pred":[2.0275016123494862,129.35229493343246,654.9574256974909],"rotation_error":179.6504326691802,"translation_error":52.219520262071825,"ADD":0,"ADD_S":0}}
{"id_image":59,"data":{"GT_R":[-0.9994576572347262,-0.029050288431971577,0.015565156244271013,0.022707041592402433,-0.26468260462637677,0.964068346601137,-0.023887066926875384,0.9638978394131198,0.2651985886708576],"GT_T":[-16.330858776364224,92.06876881283621,685.2454107744109],"R_pred":[-0.9889861615659886,-0.13335693035444782,0.0642051505520483,-0.106973908003441,0.34424401629294765,-0.9327661230195772,0.10228858801177958,-0.9293610635124223,-0.3547182803149793],"T_pred":[1.3912880373104337,131.8601255331343,675.9517366874579],"rotation_error":174.80823454383008,"translation_error":44.539857828263784,"ADD":0,"ADD_S":0}}
{"id_image":60,"data":{"GT_R":[-0.9995740741526038,-0.02661454758999332,0.011960537770289128,0.018543249827446182,-0.2629171114050138,0.96464029704656,-0.022529047469438117,0.9644508755453578,0.2632991806069516],"GT_T":[-17.03480639852928,92.7707863352828,685.2128594897715],"R_pred":[-0.9881091269628598,-0.13303279831477804,0.07708844132056814,-0.11661773242989841,0.3216960836831223,-0.9396339362889412,0.10020308226598476,-0.9374507476745011,-0.33338481967377476],"T_pred":[1.1480761177678869,132.26709484796172,669.7049151660418],"rotation_error":176.01409781885675,"translation_error":46.163534742024225,"ADD":0,"ADD_S":0}}
{"id_image":61,"data":{"GT_R":[-0.9994513329569027,-0.030102799060741408,0.013828043005500931,0.021277634364536217,-0.2634089118774662,0.9644493902460737,-0.025389867689325104,0.9642148869996694,0.2639048123488592],"GT_T":[-17.136970268035824,93.19520799609793,685.1253052069725],"R_pred":[-0.9980066666961931,-0.03937726571503866,0.049316570995570116,-0.058545475258825905,0.28594163806984796,-0.9564569028161437,0.02356099651271293,-0.9574376275051756,-0.2876770218154183],"T_pred":[0.6617600471165196,131.8872603598418,657.3479995226253],"rotation_error":178.58060676006838,"translation_error":50.84730502231055,"ADD":0,"ADD_S":0}}
{"id_image":62,"data":{"GT_R":[-0.9994947868802033,-0.02933080613037455,0.012248354254172757,0.0195465190180062,-0.2633052806673051,0.9645145992059473,-0.0250649962602283,0.9642670872696554,0.2637457915774491],"GT_T":[-17.905066258853704,93.33813407352952,684.8780847146751],"R_pred":[-0.996959471596762,-0.02368006597824298,0.0742365574954226,-0.07775168747411848,0.23938554368187615,-0.9678064044895859,0.005146560835366937,-0.9706357792454382,-0.24049885022629314],"T_pred":[-2.330027864491151,133.7058837921385,653.1150420269433],"rotation_error":178.67685618954283,"translation_error":53.67520767647567,"ADD":0,"ADD_S":0}}
{"id_image":63,"data":{"GT_R":[-0.9994690548203312,-0.029544429131241803,0.013759380299627155,0.02103820752545681,-0.2624198292532312,0.9647237051611626,-0.02489206615869462,0.9645007422254709,0.2629020186855174],"GT_T":[-18.310890368198944,93.7167328555343,684.8999173311851],"R_pred":[-0.9883970669251634,-0.14397895500497526,0.048386967350821576,-0.09348197979948272,0.32553460299952053,-0.940897625516567,0.11971782468163739,-0.9345037628418732,-0.3352168845506993],"T_pred":[0.5925227709639828,134.17137297918677,670.3674924156609],"rotation_error":175.84628509681747,"translation_error":46.95858078955813,"ADD":0,"ADD_S":0}}
