{"id_image":1,"data":{"Best_template_id":164,"GT_R":[-0.12687231100192303,-0.6797521971183041,-0.7223853653843771,0.9335116673611318,0.16439094349361696,-0.3186412531053734,0.3353509174367681,-0.7147816953190278,0.6136991386510283],"GT_T":[109.81571543813777,57.76907968405973,959.0738718655379],"R_pred":[-0.08022180524151691,-0.7709770435357434,-0.6317902027609138,0.8929987234462665,0.22601272989273397,-0.38919342986460154,0.44285182836602416,-0.59540964408323,0.670350366484237],"T_pred":[129.16644297863155,47.47906947718839,1083.1639111481938],"rotation_error":9.780483063579576,"translation_error":126.01060596463716,"ADD":0,"ADD_S":0}}
{"id_image":35,"data":{"Best_template_id":143,"GT_R":[-0.1168437901142222,-0.6861686934019946,-0.717996393760033,0.9376916491843549,0.1619844113106545,-0.307400951202025,0.3272339800319986,-0.7091767598434898,0.6244879056658886],"GT_T":[116.9943590996221,73.0918077722282,964.6002561274073],"R_pred":[0.2198489570296752,-0.8064459029560529,-0.5489184290023069,0.6591127054914148,0.5376210232584415,-0.5258650747200596,0.7191918225013071,-0.24618822261827034,0.649734162170426],"T_pred":[125.07244225825907,51.88561957363821,980.990155037654],"rotation_error":36.66603164645278,"translation_error":27.99261745032028,"ADD":0,"ADD_S":0}}
{"id_image":56,"data":{"Best_template_id":143,"GT_R":[-0.11215008075811071,-0.6845819557870466,-0.7202568280270806,0.9376003411392163,0.16717761964677674,-0.3048897339787441,0.3291332799295119,-0.709505545632839,0.623114838499806],"GT_T":[107.48979269277785,75.25765433308153,967.0473960846499],"R_pred":[-0.10464226443643027,-0.6960853862869454,-0.7102922859579498,0.9735212428264717,0.07426153401092078,-0.2161980904909813,0.20323972608527585,-0.7141080867516475,0.6698830152919859],"T_pred":[125.3469451693449,71.12043862511221,1108.9976516265892],"rotation_error":7.707362459108152,"translation_error":143.1288562687745,"ADD":0,"ADD_S":0}}
{"id_image":83,"data":{"Best_template_id":143,"GT_R":[-0.11036701441659391,-0.6855619430287544,-0.71959964757624,0.932537102387534,0.17901507936963748,-0.31357350081040464,0.3437939605764124,-0.7056613608517015,0.619554180349544],"GT_T":[99.4921112596114,62.997731620049755,965.6659202946764],"R_pred":[-0.04162474020278982,-0.7220130521679883,-0.6906261894122723,0.9216441862383659,0.2391571938518402,-0.3055745908971055,0.38579706449903206,-0.6492310752944431,0.6554842758571334],"T_pred":[116.62196008383023,54.08942420782842,1104.7886005615032],"rotation_error":5.273921207013897,"translation_error":140.45607792586605,"ADD":0,"ADD_S":0}}
{"id_image":100,"data":{"Best_template_id":143,"GT_R":[-0.104376936493481,-0.6934369218654678,-0.7129170272214901,0.9280773761439575,0.1897327512257814,-0.32042709493262017,0.3574609563571155,-0.695087344237613,0.6237592104091852],"GT_T":[101.47274798476215,53.338012638995465,965.8376938072887],"R_pred":[-0.021724554591998735,-0.6958382284054297,-0.7178699071679854,0.8638727430981931,0.34836731567890283,-0.36381876957996373,0.5032414206519397,-0.6280520466141865,0.5935475543576513],"T_pred":[116.33227847069207,40.198488807626944,1086.4658537941389],"rotation_error":10.318435091493441,"translation_error":122.24813174274075,"ADD":0,"ADD_S":0}}
{"id_image":116,"data":{"Best_template_id":164,"GT_R":[-0.10570659161061018,-0.7072071767332213,-0.6990590082708072,0.9220050852027063,0.1936150334656485,-0.3352904723719843,0.3724689710948117,-0.6799784083134569,0.6315821573395356],"GT_T":[109.36871115462313,44.44421751476277,969.5424243071602],"R_pred":[-0.10726614898886891,-0.7107342302665419,-0.6952343685466968,0.8713163980091564,0.2695909020633597,-0.4100347303400208,0.47885457901271794,-0.6497519522495415,0.5903564115908818],"T_pred":[124.28606469009198,34.05702236862172,1092.9898466303396],"rotation_error":6.769930576853872,"translation_error":124.77855319622672,"ADD":0,"ADD_S":0}}
{"id_image":138,"data":{"Best_template_id":164,"GT_R":[-0.10201465197745566,-0.7244933188154054,-0.6816902958125186,0.9132097288719467,0.20356101968647403,-0.3530034637382215,0.39451466589100814,-0.6585378886955072,0.6408475841741127],"GT_T":[121.12457427090037,23.677863134899653,965.2738050996547],"R_pred":[-0.176505214444149,-0.6874367824748439,-0.7044690052618774,0.9337663441260547,0.10943189757175709,-0.3407419468913484,0.3113299276514982,-0.717952177999676,0.6225900306413799],"T_pred":[146.5587054197884,11.11615133353633,1158.978869235607],"rotation_error":6.741668492869035,"translation_error":195.7711508435109,"ADD":0,"ADD_S":0}}
{"id_image":169,"data":{"Best_template_id":143,"GT_R":[-0.10708534036380686,-0.7348435238594274,-0.6697294035147195,0.9123780834917995,0.19504607912528737,-0.3598928325030092,0.39509369392278376,-0.6495856027086198,0.6495682307972444],"GT_T":[122.75615149388545,29.786836872557487,958.1479987612348],"R_pred":[-0.07296565827579245,-0.8357958560535406,-0.5441702855872502,0.9236337325188124,0.1492204416258493,-0.35303539192884503,0.3762668479493604,-0.5283734917695206,0.761081278399053],"T_pred":[148.6930003143436,19.25942919702949,1105.2876101654158],"rotation_error":9.673735863934615,"translation_error":149.7785421322943,"ADD":0,"ADD_S":0}}
{"id_image":240,"data":{"Best_template_id":164,"GT_R":[-0.15930937497882725,-0.7835139682966845,-0.6006048810819163,0.9148187427393273,0.11153561960745428,-0.38815716101856135,0.3711166477059938,-0.6112818251920547,0.6990043009474991],"GT_T":[142.0008131826971,66.64554884030846,968.2495360898906],"R_pred":[-0.14319003561198676,-0.780660996063587,-0.6083296991980962,0.9049720326665908,0.14555261419518734,-0.3998000207506822,0.40065226043632524,-0.60776874362372,0.6856346844211629],"T_pred":[158.11521993004283,58.97022551422602,1057.9259937133534],"rotation_error":2.1367880058739535,"translation_error":91.43550593107425,"ADD":0,"ADD_S":0}}
{"id_image":407,"data":{"Best_template_id":143,"GT_R":[-0.19959973603558673,-0.8403245267901818,-0.5039978317526529,0.8992592024473126,0.0472161331248453,-0.434860881503583,0.38922192562369307,-0.5400229172377008,0.7462448942299232],"GT_T":[121.03235674787055,66.62842905198096,975.7998728213838],"R_pred":[-0.18517925769823773,-0.8508296628466131,-0.49172911988070034,0.8959005718586276,0.0594544425861063,-0.4402582589800664,0.4038202667793105,-0.5220670972941064,0.7512490519536064],"T_pred":[132.04654321799936,59.67418432057449,1004.7104710678091],"rotation_error":1.4151602856177288,"translation_error":31.7095650293294,"ADD":0,"ADD_S":0}}
{"id_image":515,"data":{"Best_template_id":164,"GT_R":[-0.18718334578931117,-0.8742823050091953,-0.44787590796061016,0.9041646607169256,0.024884635130163407,-0.4264594377530992,0.38399202141177013,-0.48477977074083756,0.7858365300359066],"GT_T":[124.24162924568266,80.74017070766989,978.6971138673116],"R_pred":[-0.2439439170091527,-0.8963396428575152,-0.37022508018270994,0.9168468811509143,-0.08874891607575366,-0.3892498252012713,0.31604297473298315,-0.43439483714409094,0.8434559642236731],"T_pred":[135.58192818693857,76.0789374887374,984.750526951326],"rotation_error":7.54923469261757,"translation_error":13.673817505146353,"ADD":0,"ADD_S":1}}
{"id_image":520,"data":{"Best_template_id":143,"GT_R":[-0.19038352061321234,-0.8780652900513302,-0.43903889513279903,0.9035858447275342,0.018098466041747963,-0.42802479868775106,0.38378067198368626,-0.47819855736986283,0.7899608453483947],"GT_T":[128.27286033242754,80.19297186326186,976.6790024346776],"R_pred":[-0.1847685027886405,-0.89991006153097,-0.3949968120536797,0.9342791288224596,-0.03613398799817982,-0.35470670187930364,0.30493131984758465,-0.4345759036884963,0.8474436111679271],"T_pred":[138.02901062015218,75.38278772979113,977.6577347383987],"rotation_error":6.164891323950169,"translation_error":10.921458545309335,"ADD":1,"ADD_S":1}}
{"id_image":532,"data":{"Best_template_id":143,"GT_R":[-0.19730995201806556,-0.8820329692121825,-0.42788652336914795,0.903287000609549,0.006046954480509828,-0.42899531543985864,0.3809758569647985,-0.4711491722956158,0.7955343478013507],"GT_T":[129.86963828139025,83.7574736380889,973.5101453376699],"R_pred":[-0.12751292471917683,-0.9249335360316416,-0.35810390664381964,0.9099203971412394,0.03458783641996957,-0.41333830265064314,0.3946964971923247,-0.3785520248206175,0.8372054942535434],"T_pred":[138.96690760315707,74.93547673521724,959.197906815332],"rotation_error":6.171818916102251,"translation_error":19.116174041563077,"ADD":0,"ADD_S":1}}
{"id_image":546,"data":{"Best_template_id":143,"GT_R":[-0.2033858678916696,-0.8891568163795995,-0.40991817985326023,0.9014200845589342,-0.006617889161676037,-0.4328960284567279,0.38220064240856805,-0.45755385572036433,0.8028497018594307],"GT_T":[137.2163591845172,84.16355790915307,969.7508651291123],"R_pred":[-0.267128914446821,-0.8666634388506234,-0.4213509544620433,0.9557988554879651,-0.18254320037802646,-0.23049192576670424,0.12284417330243702,-0.4642978179523996,0.8771184899033206],"T_pred":[140.47708038767507,82.05693259973889,939.4378797082816],"rotation_error":15.866836527068852,"translation_error":30.560550683560727,"ADD":0,"ADD_S":0}}
{"id_image":553,"data":{"Best_template_id":164,"GT_R":[-0.20582010382406665,-0.8883540828758235,-0.41044486230572913,0.9017496392352228,-0.00925393852694262,-0.4321597254186282,0.3801135175499614,-0.459065350166713,0.8029772640601349],"GT_T":[132.31535502102764,86.2149354459132,968.5159102576222],"R_pred":[-0.2789828063041574,-0.9154551351382012,-0.2900180844977691,0.8834426065896537,-0.1262861316248486,-0.4511994834009789,0.37642762205865776,-0.38209123060903877,0.8439837302003728],"T_pred":[153.14274723234416,85.78493981067436,1038.4644969154065],"rotation_error":8.369921901579502,"translation_error":72.98472400435513,"ADD":0,"ADD_S":0}}
{"id_image":571,"data":{"Best_template_id":143,"GT_R":[-0.20836337596539295,-0.8931050077782293,-0.3986810419098139,0.903430039362872,-0.019584996471115848,-0.428288265133825,0.3746988410120931,-0.44942022367711737,0.8109390419066315],"GT_T":[134.2833201055218,91.90754270461194,961.6546286177607],"R_pred":[-0.2035656322501393,-0.9378033588606298,-0.28122214257828543,0.9167736791164911,-0.08176594153344378,-0.39094801711271315,0.3436379703202395,-0.33740063858100494,0.8763981711752459],"T_pred":[138.5399640199116,84.03339158438104,910.7666777315003],"rotation_error":8.01317855593408,"translation_error":51.66918635589883,"ADD":0,"ADD_S":0}}
{"id_image":582,"data":{"Best_template_id":143,"GT_R":[-0.21348238846358755,-0.8942041477677259,-0.39347673265597605,0.9077720870028593,-0.032707179996299074,-0.41818644840303226,0.3610757347107983,-0.44646266996673556,0.8187155285133091],"GT_T":[133.95149912884156,110.31471713726745,959.1481618205202],"R_pred":[-0.2488387530437224,-0.8923543845011505,-0.37654073809512084,0.9378661339716313,-0.12492859048050747,-0.3237282224793817,0.24183959504752678,-0.4337009335269256,0.867996031399408],"T_pred":[149.08155791021204,111.08752225827136,998.5902193688529],"rotation_error":7.765505773298845,"translation_error":42.25153026966914,"ADD":0,"ADD_S":0}}
{"id_image":601,"data":{"Best_template_id":143,"GT_R":[-0.22588726146945123,-0.8995199589598571,-0.3739492157844105,0.9024517467860121,-0.04868217617325353,-0.4280308181342251,0.3668186804499337,-0.4341587027589174,0.8227701735201592],"GT_T":[136.016457471428,105.44673054762609,953.3003366850913],"R_pred":[-0.2399553568510667,-0.9312722158184567,-0.27414136273656137,0.931552852782256,-0.14141938479269694,-0.33497737248670323,0.2731862170603006,-0.33575678347493854,0.9014636283061259],"T_pred":[138.45346536470296,96.07509315614637,899.1044678758047],"rotation_error":9.41803312285199,"translation_error":55.05414417519056,"ADD":0,"ADD_S":0}}
{"id_image":611,"data":{"Best_template_id":143,"GT_R":[-0.23003557733379815,-0.8991927019558202,-0.3722032136661996,0.9010909603284363,-0.05234030427546836,-0.43045974089294065,0.3675854106318432,-0.4344105023810424,0.8222948679641394],"GT_T":[134.03951935628106,102.7309134905933,949.2248899448416],"R_pred":[-0.23818484862133418,-0.9181734992417171,-0.31658395912846404,0.9134399866079844,-0.10102567843457724,-0.3942349593357225,0.32999298288423873,-0.3830812414972238,0.8627591747759674],"T_pred":[136.64317980516935,92.66747649192423,907.8680088718695],"rotation_error":4.627857111843074,"translation_error":42.6432107614242,"ADD":0,"ADD_S":0}}
{"id_image":618,"data":{"Best_template_id":143,"GT_R":[-0.240291032834279,-0.899383855034983,-0.3651948681483116,0.8971195462539282,-0.062077276995800734,-0.43740620063361946,0.3707264073007531,-0.4327283339794667,0.8217706283474894],"GT_T":[130.62347640035352,98.1072350676168,945.5614129123336],"R_pred":[-0.21828460434578392,-0.9180704386815907,-0.33090557735492476,0.9250156708654965,-0.08660079109587795,-0.3699274410405688,0.31096276329949857,-0.38684230973428907,0.868133162159228],"T_pred":[138.42904609278355,92.24056227184421,943.619313077132],"rotation_error":5.089464365711803,"translation_error":9.955727983725266,"ADD":1,"ADD_S":1}}
{"id_image":636,"data":{"Best_template_id":143,"GT_R":[-0.2505639281136663,-0.901408352562839,-0.3531000194587403,0.8976755143503462,-0.07976353121118843,-0.43337882932859145,0.36248754813679374,-0.4255587942662666,0.8291576753067234],"GT_T":[133.29261001950204,109.5866973073706,934.3156230269686],"R_pred":[-0.21410757399185243,-0.9263055593164163,-0.31002573689747825,0.9405955242687037,-0.10988981014599981,-0.32125424409921527,0.2635109228950586,-0.3603917873725441,0.8948071038550247],"T_pred":[144.00308593680637,103.68217609348567,943.2659289704013],"rotation_error":7.849517959262157,"translation_error":15.155383255510886,"ADD":0,"ADD_S":1}}
{"id_image":637,"data":{"Best_template_id":143,"GT_R":[-0.24863819915448007,-0.9024077014517876,-0.35190831261009986,0.8981859218396325,-0.07881861895233293,-0.43249214409207015,0.3625480288700878,-0.42361246753873044,0.8301269183009408],"GT_T":[134.0993805648075,109.4889179593172,933.6143810652447],"R_pred":[-0.22981062041152514,-0.9238335590072435,-0.30613499309631403,0.9424518008910328,-0.13275815333314528,-0.3068548121193843,0.24284085682462792,-0.3590359703088027,0.9011778349921273],"T_pred":[142.52609828273955,103.07569468681496,929.1346930785389],"rotation_error":8.802336854503684,"translation_error":11.498113266919534,"ADD":0,"ADD_S":1}}
{"id_image":649,"data":{"Best_template_id":143,"GT_R":[-0.25863562839463605,-0.898431285616614,-0.3548641378798866,0.8953914099402451,-0.08512657084857875,-0.43706714710333655,0.36246703388349566,-0.4307836331852616,0.8264643295023444],"GT_T":[119.75067049153687,104.00023921992344,931.8120960333677],"R_pred":[-0.24066343597345483,-0.9269028076857081,-0.28797967930012386,0.9181030961251194,-0.12113106090360927,-0.3773777563262521,0.3149092178246308,-0.3552160626839917,0.8801441548634872],"T_pred":[125.72843736605287,97.16823643020483,922.6907177920018],"rotation_error":5.989512732162973,"translation_error":12.868935462844085,"ADD":0,"ADD_S":1}}
{"id_image":654,"data":{"Best_template_id":143,"GT_R":[-0.25502606586642723,-0.9000134756439067,-0.353465046516355,0.8961840053693182,-0.08274902580222017,-0.4358994764715166,0.3630667571888811,-0.42793517628493233,0.827679564214872],"GT_T":[121.73133944447235,103.51920140224459,929.9204079201578],"R_pred":[-0.24135534130842107,-0.9170421197853281,-0.31746078460422067,0.9317345933013249,-0.12751611836694188,-0.34001512790204297,0.27132682666391494,-0.37785366227715705,0.885216562789146],"T_pred":[125.97376655894833,95.19050245445543,909.2162109187323],"rotation_error":6.839897830446488,"translation_error":22.716275827220965,"ADD":0,"ADD_S":1}}
{"id_image":669,"data":{"Best_template_id":143,"GT_R":[-0.2613451943564359,-0.9035170626546378,-0.3396397710756697,0.8978707359368883,-0.09840188205623059,-0.42912146125027917,0.3542986144015717,-0.41710110560733676,0.8369578478422035],"GT_T":[123.4845273309395,114.28602803452758,922.5465064101528],"R_pred":[-0.25482578023118263,-0.9218969064650838,-0.2918388520736698,0.9346354188565121,-0.1574028726896346,-0.3188745356530728,0.24803317429021696,-0.3540203800901284,0.901747811160282],"T_pred":[128.9419929375187,106.71713825657201,903.0264989966503],"rotation_error":8.020051432775183,"translation_error":21.635681471611395,"ADD":0,"ADD_S":1}}
{"id_image":672,"data":{"Best_template_id":143,"GT_R":[-0.25838648285510535,-0.9060334365428387,-0.3351718082340009,0.8988548765444934,-0.09835277913890059,-0.4270673892981925,0.3539728831656899,-0.41161955776409315,0.8398049855300811],"GT_T":[127.15226477795296,114.61157848179555,919.9933476962431],"R_pred":[-0.14776827156295186,-0.961399422893056,-0.23211136891629547,0.929575857712815,-0.05486955056736262,-0.3645244260375704,0.33771772632893016,-0.2696302692233099,0.901801671789193],"T_pred":[136.00093932139688,107.03524703204101,920.6006522258094],"rotation_error":9.678892779103958,"translation_error":11.664847114470208,"ADD":0,"ADD_S":1}}
{"id_image":675,"data":{"Best_template_id":143,"GT_R":[-0.2597485392303134,-0.9076954490828745,-0.32957573920517674,0.8975892301488279,-0.10105697627391465,-0.42909296173570577,0.356180305653171,-0.40727972443948246,0.840986708668344],"GT_T":[129.34042527813853,112.25281954605849,917.8035921171718],"R_pred":[-0.2703706835677787,-0.910411560377283,-0.31313013939653406,0.9288272647725687,-0.1610768635079734,-0.33366773331795524,0.25333694101374254,-0.3810577840352228,0.8891655411361628],"T_pred":[138.0480735894891,105.46222162234359,928.2006589767221],"rotation_error":6.741973957829843,"translation_error":15.166883613903284,"ADD":0,"ADD_S":1}}
{"id_image":681,"data":{"Best_template_id":143,"GT_R":[-0.25819062914214463,-0.9095368803303541,-0.32569833436440465,0.8982337693415127,-0.10188054878098496,-0.4275468811141314,0.35568830204352003,-0.40294198799840586,0.8432808186919607],"GT_T":[129.7354618837003,111.20723524639726,914.1442661114728],"R_pred":[-0.33446607279817636,-0.8760924712404466,-0.3472670845081232,0.9329130374543356,-0.25562238257268877,-0.2536345048994458,0.133438040658165,-0.4088021273962122,0.9028151028542004],"T_pred":[140.9250380692321,112.7269854447573,964.4194133707005],"rotation_error":13.799963317368686,"translation_error":51.52772736900261,"ADD":0,"ADD_S":0}}
{"id_image":685,"data":{"Best_template_id":143,"GT_R":[-0.2594690718708899,-0.9087123753941386,-0.32698239723392414,0.8983589348148449,-0.10284647786822905,-0.4270539816454211,0.3544401555024899,-0.40455407859172077,0.8430350654401972],"GT_T":[127.67173536962898,111.46783620694036,911.8786201622698],"R_pred":[-0.2507103687114637,-0.922641655188828,-0.293047243854949,0.9315305455433717,-0.14755512174498647,-0.3323828045589766,0.26342959921054915,-0.3563142744225134,0.8964624833770387],"T_pred":[138.50268259646688,106.84553951749842,939.9867198424263],"rotation_error":6.654441937714156,"translation_error":30.475240969439184,"ADD":0,"ADD_S":0}}
{"id_image":694,"data":{"Best_template_id":143,"GT_R":[-0.25717999675582304,-0.9101367784801434,-0.3248218426924547,0.9000612386292551,-0.10323940584650566,-0.4233588297433473,0.3517809448655984,-0.4012388339329258,0.8457290074918964],"GT_T":[123.76788293927852,111.5248065281492,907.4977838822302],"R_pred":[-0.26966670266962856,-0.9137226067277702,-0.3039586607186887,0.9441931144752589,-0.18889089122840488,-0.2698510585275691,0.18915399030631305,-0.3597655197007458,0.9136681776146367],"T_pred":[130.03305147139613,106.5416284521506,915.9190466265544],"rotation_error":10.441230287737588,"translation_error":11.61903897411021,"ADD":0,"ADD_S":1}}
{"id_image":698,"data":{"Best_template_id":143,"GT_R":[-0.2565272068981017,-0.9102437192501054,-0.32503834225382655,0.8993074686757812,-0.10155256046636996,-0.4253622744764968,0.35417542254999207,-0.4014261349871844,0.8446403095479265],"GT_T":[123.00383856169681,106.98020747970072,906.3652850788986],"R_pred":[-0.19845798466100742,-0.9499533283268857,-0.2412531913259658,0.9057433870146387,-0.08370571902962294,-0.4154783622295919,0.37449078119967316,-0.3009684810780118,0.8770260134078421],"T_pred":[135.46569320267403,101.4069556604059,943.0605351333558],"rotation_error":6.276915737405254,"translation_error":39.15227111539321,"ADD":0,"ADD_S":0}}
{"id_image":780,"data":{"Best_template_id":143,"GT_R":[-0.2630621635557252,-0.9177704063407103,-0.297479612845146,0.9023342632562935,-0.12492019586302038,-0.4125388539707892,0.3414551518662819,-0.37694973770791274,0.8609976352593225],"GT_T":[112.96069767869709,106.66016638883384,876.8625121189806],"R_pred":[-0.35593095259970453,-0.8898592341093027,-0.28541846550612704,0.8989029682782065,-0.2425019787999324,-0.36491950331374046,0.2555124470590361,-0.38644965228153916,0.886211067212197],"T_pred":[122.62735232397345,107.22126068072612,938.9101163399812],"rotation_error":7.450128417469467,"translation_error":62.79860052900358,"ADD":0,"ADD_S":0}}
{"id_image":946,"data":{"Best_template_id":143,"GT_R":[-0.27378363201302425,-0.9386827845680281,-0.2095639996269581,0.9073664999912094,-0.17982907034403114,-0.3799320272598581,0.3189502924464199,-0.2941700841092862,0.900962980353334],"GT_T":[115.54084643832707,93.86237702853309,808.137378088504],"R_pred":[-0.30683850047123773,-0.927324547511703,-0.21428793295651882,0.9246595981251372,-0.23710050872822835,-0.297973113478171,0.2255100047084872,-0.289573017291029,0.9302111079928831],"T_pred":[129.6017908434245,92.35963161954076,895.5257053821632],"rotation_error":5.8942675060985845,"translation_error":88.52507073429085,"ADD":0,"ADD_S":0}}
{"id_image":1038,"data":{"Best_template_id":143,"GT_R":[-0.26519330404825514,-0.9506250259955807,-0.1611974263938296,0.9139219938184084,-0.19454927931912594,-0.3562269605754525,0.30727728697526663,-0.24179145743029815,0.9203898560596223],"GT_T":[121.6325924126438,92.55732655850278,779.40796204049],"R_pred":[-0.2768134824597561,-0.9528362124717965,-0.12440839252600128,0.9232385706745986,-0.22781737031609053,-0.3094023067156827,0.2664673292304826,-0.2005053564986796,0.9427580625314806],"T_pred":[133.8771497253404,89.54108967909646,853.2681353486086],"rotation_error":3.79030966896926,"translation_error":74.92898017324076,"ADD":0,"ADD_S":0}}
{"id_image":1045,"data":{"Best_template_id":143,"GT_R":[-0.2599332821006233,-0.9521412438734114,-0.16081575205408524,0.9155803754201113,-0.19010054561317463,-0.35436592650364734,0.3068355867344414,-0.23935130021613651,0.9211743848795932],"GT_T":[120.4814516177784,91.14813099034973,777.550248540112],"R_pred":[-0.3323802038315043,-0.9297001648437458,-0.1586852343176255,0.9178890149027384,-0.2801918396490353,-0.28102008703110504,0.21680211350862838,-0.23906094721556126,0.9464917892378102],"T_pred":[131.4353715274896,87.38561440741795,852.6533531097759],"rotation_error":6.783892347103609,"translation_error":75.99092846140968,"ADD":0,"ADD_S":0}}
{"id_image":1057,"data":{"Best_template_id":143,"GT_R":[-0.25973598511007695,-0.953205245364976,-0.15471567620997048,0.9141217024025229,-0.19104237338654292,-0.3576114313494654,0.31131975531780126,-0.23431358621832304,0.9209649801784036],"GT_T":[119.83608709036291,85.05302078279826,775.5498790815517],"R_pred":[-0.2686608722205463,-0.9492398298813343,-0.1636003701235147,0.9391664767758636,-0.2204113181196128,-0.2634106674855561,0.21398052396913758,-0.22441612288699433,0.9507101236182682],"T_pred":[136.2662282941087,82.52598595557689,883.7512246504402],"rotation_error":5.872888860803886,"translation_error":109.47084830177873,"ADD":0,"ADD_S":0}}
{"id_image":1063,"data":{"Best_template_id":143,"GT_R":[-0.2579705544445678,-0.9542864861132213,-0.1509568900483158,0.9152609948069517,-0.191339395180766,-0.35452336824889163,0.3094332112717525,-0.22962114897259994,0.9227812057896314],"GT_T":[120.14792181087779,85.31238392222723,773.1651489908473],"R_pred":[-0.3120897519608558,-0.9344648925943649,-0.1713923896490554,0.9211756157020311,-0.2534985023648341,-0.29525242477373503,0.23245531131164854,-0.25002774607508715,0.9399205575130357],"T_pred":[138.2959437892444,84.2735851658566,891.513011201863],"rotation_error":5.405342916768585,"translation_error":119.73573524433327,"ADD":0,"ADD_S":0}}
{"id_image":1076,"data":{"Best_template_id":143,"GT_R":[-0.2474505678845407,-0.9575830035534642,-0.1476574882748768,0.9224299905555166,-0.1862000881340747,-0.33830843842928954,0.29646595659718245,-0.2199182126380045,0.9293777248157568],"GT_T":[121.73211141781972,93.2082609236635,767.5206868859058],"R_pred":[-0.26430221760921824,-0.9527780051765159,-0.1495272905482753,0.9390406009979123,-0.21888263615794137,-0.2651285372532154,0.2198797113067253,-0.2104862571295549,0.9525483967312428],"T_pred":[146.98245683702828,95.87750648849317,938.4132563530312],"rotation_error":4.70905338646158,"translation_error":172.76855939305335,"ADD":0,"ADD_S":0}}
{"id_image":1080,"data":{"Best_template_id":143,"GT_R":[-0.24561358651819445,-0.9579570997181627,-0.14829468201740392,0.9224627191213861,-0.1839674634626674,-0.33943931990030596,0.2978871773449508,-0.22016764622081952,0.9288640773425059],"GT_T":[121.01373628633557,89.79701368987922,767.0559610885043],"R_pred":[-0.3127018685787396,-0.933583050719739,-0.17504350543847583,0.9233739510604265,-0.2555705034388823,-0.2864686095806191,0.22270628165909825,-0.2512098827292057,0.9419636441650798],"T_pred":[150.72405695945162,95.0445061994922,972.5375653577756],"rotation_error":5.807880990182751,"translation_error":207.6846865447986,"ADD":0,"ADD_S":0}}
{"id_image":1091,"data":{"Best_template_id":143,"GT_R":[-0.23989660932776885,-0.9580637138056131,-0.15672730243954686,0.9244102112654776,-0.17612851404653768,-0.33829666614963866,0.2965060792806266,-0.22603665071814832,0.9278954923827235],"GT_T":[110.17909548459393,83.48125525958802,767.2888678517014],"R_pred":[-0.30697295963031346,-0.9332513837240488,-0.18657292631288777,0.9265773338218111,-0.2483033367249801,-0.2824887562698829,0.21730634252931988,-0.259590654200781,0.9409519890770943],"T_pred":[127.14171431848683,81.79725802867483,894.5622280211502],"rotation_error":5.998916382457357,"translation_error":128.4097912668652,"ADD":0,"ADD_S":0}}
{"id_image":1092,"data":{"Best_template_id":143,"GT_R":[-0.2402270095930863,-0.9580069289897728,-0.1565681670616295,0.9241870134647624,-0.17638042258012426,-0.338775960903577,0.29693494848122787,-0.22608135880864139,0.9277485083653216],"GT_T":[110.03349731191342,82.16753411574896,767.040610210656],"R_pred":[-0.2722437843809515,-0.9426230475447988,-0.19324883467512521,0.9217663452514215,-0.19785545467601545,-0.333466675721554,0.2760980380730274,-0.2689145018259578,0.9227431192265385],"T_pred":[144.7227604589815,88.24271413581297,1022.2040932995365],"rotation_error":2.9761815696646403,"translation_error":257.58232837679697,"ADD":0,"ADD_S":0}}
{"id_image":1110,"data":{"Best_template_id":143,"GT_R":[-0.24798091316003162,-0.95632885687506,-0.15472639872983446,0.9228645720271872,-0.18461925339996516,-0.3379888885164678,0.29466398121052567,-0.22660698141487437,0.9283439327412821],"GT_T":[101.16375548787416,80.17682392757536,764.1317958095327],"R_pred":[-0.36166988576807413,-0.9082764217194554,-0.21030652742368716,0.9184591522038865,-0.30838093955973644,-0.24765698425276034,0.16008647494846656,-0.2827280280848647,0.9457468914428521],"T_pred":[118.97417036269181,80.59701264115841,918.1050286268335],"rotation_error":10.213423757858271,"translation_error":155.00046406633385,"ADD":0,"ADD_S":0}}
{"id_image":1111,"data":{"Best_template_id":143,"GT_R":[-0.24742575618848495,-0.9565698612025482,-0.15412473248260922,0.9231106403682717,-0.18440235510152628,-0.3374369070171378,0.29436195727565967,-0.22576428150888705,0.9286447130091926],"GT_T":[101.31578688923682,79.16191134943779,763.9283659766332],"R_pred":[-0.3289165661506666,-0.931616245701132,-0.15461262321486713,0.9282302695635593,-0.2888070553957641,-0.23447612121405983,0.17378854731430537,-0.22063919755872116,0.959747823817813],"T_pred":[114.45322320607653,77.74382410924397,867.432591874412],"rotation_error":8.537301771170792,"translation_error":104.34427623544201,"ADD":0,"ADD_S":0}}
{"id_image":1149,"data":{"Best_template_id":143,"GT_R":[-0.26083185037835993,-0.9538306065357542,-0.14890552743396399,0.9190784435532361,-0.1981510993427679,-0.3406348615479976,0.2954027296131149,-0.2257045577290047,0.9283285373126434],"GT_T":[93.5455887605932,74.32414728123217,763.9131529106846],"R_pred":[-0.40610490768273927,-0.8952796624256817,-0.18317513478349426,0.9024093018027325,-0.36130518747456686,-0.23476799936080084,0.14400088880246095,-0.2606393821948739,0.9546365048923994],"T_pred":[98.25213411148265,68.37758786818087,811.650379348552],"rotation_error":12.084993234429211,"translation_error":48.33586583452444,"ADD":0,"ADD_S":0}}
{"id_image":1150,"data":{"Best_template_id":143,"GT_R":[-0.2612152323519445,-0.9538769851633896,-0.14793623867404174,0.9191454533137136,-0.19897851276946,-0.33997106849913833,0.29485472883267416,-0.2247802826105598,0.9287273767048099],"GT_T":[93.29545542668725,74.46542003344852,763.7131694800509],"R_pred":[-0.37520827465879875,-0.9095684377716086,-0.17861692987307404,0.9212008496074983,-0.3444859215491451,-0.180882405271655,0.1029939090917053,-0.23241064275147005,0.9671491859200716],"T_pred":[94.02788973669917,65.44054549799847,760.9459808127083],"rotation_error":12.885466534857978,"translation_error":9.467954030294324,"ADD":1,"ADD_S":1}}
{"id_image":1160,"data":{"Best_template_id":143,"GT_R":[-0.2700654455884653,-0.9522654330201245,-0.14231479067721242,0.9170547635722278,-0.2093600477797317,-0.339381772770621,0.29338727954495114,-0.2221658430179664,0.9298203284017723],"GT_T":[91.39307472602331,75.07716466986226,763.1373070699319],"R_pred":[-0.3533873511193047,-0.9186370711876026,-0.17670119272021007,0.9281681366352525,-0.32074869547515567,-0.18874370052012082,0.11671028319700233,-0.23070805315560486,0.965998190477201],"T_pred":[96.12773928276891,68.33100580694,799.8859790628704],"rotation_error":11.26594573699263,"translation_error":37.66155335502336,"ADD":0,"ADD_S":0}}
{"id_image":1182,"data":{"Best_template_id":143,"GT_R":[-0.2549178443071961,-0.9595793928604751,-0.11926155158536753,0.9218381753240026,-0.20392872095010722,-0.32958825901339556,0.29194619533278693,-0.19395802900768735,0.9365610661168333],"GT_T":[108.76921195856634,77.87743669105971,756.5282665958817],"R_pred":[-0.2912717755019555,-0.9446648502373729,-0.15089424615253005,0.9520012082403082,-0.2707155831551113,-0.14285227525657856,0.09409809936939069,-0.1852603405021968,0.9781738873697654],"T_pred":[107.75721170511501,66.47097153993238,728.8115608138482],"rotation_error":11.744329763082069,"translation_error":29.98912088015714,"ADD":0,"ADD_S":0}}
{"id_image":1220,"data":{"Best_template_id":143,"GT_R":[-0.26133298221596696,-0.9591895730569582,-0.10797770194948926,0.9254048982855736,-0.21716424263107453,-0.3105901751222969,0.27446638588188854,-0.18109062892421743,0.9443908536386705],"GT_T":[106.46568824446804,89.46877920558455,752.1195223976628],"R_pred":[-0.28618243598140075,-0.953866540834338,-0.09076472669757531,0.9513328602743317,-0.2715608716541974,-0.14567251610606266,0.11430399073527582,-0.12803638257599517,0.9851605363791442],"T_pred":[121.3879474122088,87.06538575228988,845.4497106487928],"rotation_error":10.09294033397258,"translation_error":94.54614829675471,"ADD":0,"ADD_S":0}}
{"id_image":1528,"data":{"Best_template_id":143,"GT_R":[-0.21936395833151295,-0.9750963343348172,-0.03264607993890181,0.9206474031943183,-0.19580784032248086,-0.3377394832948292,0.3229366566403914,-0.10414314351244061,0.9406731900505791],"GT_T":[84.0809351671982,76.4824990140325,741.0007347572802],"R_pred":[-0.4445351428619523,-0.8907247692803586,-0.09485721981565626,0.8769350283908384,-0.4111486413145384,-0.24888099711783704,0.18268405168996937,-0.19381996836152135,0.9638777708415502],"T_pred":[91.91929571137518,72.54130170433483,847.7615743148682],"rotation_error":15.534410885648082,"translation_error":107.12072533032782,"ADD":0,"ADD_S":0}}
{"id_image":1536,"data":{"Best_template_id":143,"GT_R":[-0.2108881613981124,-0.9770193009335494,-0.03096228803964511,0.9223724468728635,-0.18840588698976105,-0.33724422718604935,0.3236610799810651,-0.0996791906723054,0.9409074151954686],"GT_T":[84.49118669337125,76.16866901429165,735.5030623131597],"R_pred":[-0.3995783463057278,-0.9152689188650676,-0.05118546007559391,0.8937987005477264,-0.37658593999552786,-0.24353010634597208,0.2036198125497017,-0.14305885487188488,0.9685417574787205],"T_pred":[78.67357682006399,62.3367082932116,467.7041143928614],"rotation_error":12.959979396691889,"translation_error":268.21902286982953,"ADD":0,"ADD_S":0}}
{"id_image":1545,"data":{"Best_template_id":143,"GT_R":[-0.20646042461259587,-0.9779782560233902,-0.0305194907864604,0.92481894999316,-0.18486304472690618,-0.33246910384343287,0.3195064871160525,-0.09686646991172819,0.9426202195774184],"GT_T":[86.84732315215906,86.27169023581361,731.6339149161113],"R_pred":[-0.35192863699491755,-0.9359114743078882,0.01469512578151233,0.8896469796159392,-0.33933004986640686,-0.3055869253058751,0.2909888075564698,-0.09447131583976554,0.9520507782468153],"T_pred":[84.01657781201307,69.07553799561639,476.28918291595664],"rotation_error":9.222227738948602,"translation_error":255.93876793342503,"ADD":0,"ADD_S":0}}
{"id_image":1566,"data":{"Best_template_id":143,"GT_R":[-0.2145781988630347,-0.9765370783740219,-0.01819631224099396,0.9177221984637518,-0.19520787653351904,-0.34594893970592283,0.3342801206934641,-0.090932878832236,0.9380760412869453],"GT_T":[90.81454186546272,85.79708788022084,726.3250597113791],"R_pred":[-0.43804135451182813,-0.8975042371004991,-0.05104817454222853,0.8894231519023563,-0.4244500025955331,-0.16961324286956367,0.13056120632684332,-0.11970104294993786,0.9841877014671417],"T_pred":[74.72195448904586,62.64616769868719,412.0305633904688],"rotation_error":17.549107970359376,"translation_error":315.5565985545764,"ADD":0,"ADD_S":0}}
{"id_image":1571,"data":{"Best_template_id":143,"GT_R":[-0.21763861001673412,-0.9759282165997495,-0.014026040422686188,0.9166713231898329,-0.1994467314168064,-0.3463179058031767,0.33518454482714277,-0.08822994967039857,0.9380122513490241],"GT_T":[91.87919861665536,88.42965987937092,724.451065108479],"R_pred":[-0.38141114632871836,-0.9239022380499508,-0.030499048878694188,0.9120002424375363,-0.3707008341704723,-0.1756031017356785,0.15093407584136864,-0.09479212030336709,0.9839884951961096],"T_pred":[76.25764097332332,61.73624421782003,404.3634462540849],"rotation_error":14.326658023793707,"translation_error":321.57838118685805,"ADD":0,"ADD_S":0}}
{"id_image":1584,"data":{"Best_template_id":143,"GT_R":[-0.22374288250452307,-0.9746065348766942,-0.00900575493166482,0.9111564671976587,-0.20587875451252666,-0.3569422806486346,0.3460244584699227,-0.0880688524722384,0.9340825462076944],"GT_T":[93.36100308744874,84.31018857888196,720.9627685145791],"R_pred":[-0.4497369650771621,-0.8919030451707465,-0.04738797588347393,0.8731002126527722,-0.42783465848199353,-0.23378093093167335,0.18823570572255247,-0.14651437819116991,0.9711337992647496],"T_pred":[76.44736638726128,60.90676093959776,412.5097712371405],"rotation_error":16.00007611727039,"translation_error":309.8016188807423,"ADD":0,"ADD_S":0}}
{"id_image":1588,"data":{"Best_template_id":143,"GT_R":[-0.22509122513957905,-0.9742777039857466,-0.010784168982686606,0.908190897832111,-0.20578882364087023,-0.3644737021239937,0.3528790246261067,-0.09183382203816774,0.9311509467155017],"GT_T":[92.57481363076988,79.1749676731769,719.3769657254784],"R_pred":[-0.43700470501329775,-0.8989327546645229,-0.030769959172760222,0.8553851746326524,-0.4047706620220548,-0.32322888822766827,0.27810625813689926,-0.16757271185213946,0.9458204350867097],"T_pred":[87.80212125554455,65.38661267695001,494.09803846839884],"rotation_error":13.257945170361115,"translation_error":225.75095213998776,"ADD":0,"ADD_S":0}}
{"id_image":1603,"data":{"Best_template_id":143,"GT_R":[-0.23312216807460232,-0.9724436102855656,0.002539879895359502,0.8983871639946078,-0.21636758821127458,-0.38221336777334003,0.37223083335480833,-0.0868204958182737,0.9240704200949962],"GT_T":[100.39657372863365,69.58318019884383,710.1584956889312],"R_pred":[-0.4578407052973943,-0.8873100934689133,-0.055341544981804006,0.8433044507405008,-0.4137407872675969,-0.34301044344516923,0.2814595742447698,-0.20371391454531923,0.9376999248622002],"T_pred":[91.62154459965372,58.910100733075424,485.0790836617904],"rotation_error":14.460081710477429,"translation_error":225.5031207765881,"ADD":0,"ADD_S":0}}
{"id_image":1611,"data":{"Best_template_id":143,"GT_R":[-0.24455031051051496,-0.9696333842251738,-0.00247216788962008,0.8924730408053352,-0.22409145958572765,-0.39150399408580977,0.3790617061756727,-0.09794857549843496,0.9201725746374217],"GT_T":[95.81045078824879,67.51700709624487,707.5868929037499],"R_pred":[-0.4778901954633841,-0.8769443209695915,-0.050888299236177326,0.8538835665600677,-0.4501650694177973,-0.26121689270552206,0.20616453584122324,-0.16828567436134284,0.9639378174789704],"T_pred":[82.0403850830198,54.63696132754668,444.62360985134984],"rotation_error":16.849020269459476,"translation_error":263.6383859043041,"ADD":0,"ADD_S":0}}
{"id_image":1617,"data":{"Best_template_id":143,"GT_R":[-0.24720343466353567,-0.9689507873147183,-0.004952302784021189,0.8897557103758061,-0.22496914586692965,-0.39714505163875286,0.3837005954990187,-0.10258252077543821,0.9177420259662832],"GT_T":[94.37455822850933,66.09686222031938,706.0576262850092],"R_pred":[-0.3824189347110127,-0.9236182036558868,0.026175795116233525,0.8449295012415688,-0.36102317397985223,-0.3946598608690616,0.3739651003852738,-0.12880870205458236,0.9184543657519659],"T_pred":[96.61739912935845,59.944771713549926,526.2790200161709],"rotation_error":8.37111880940506,"translation_error":179.89782051174492,"ADD":0,"ADD_S":0}}
{"id_image":1628,"data":{"Best_template_id":143,"GT_R":[-0.2481707650023593,-0.9687090551774181,0.003645887472093926,0.8898139690163361,-0.22944297292365498,-0.39444594379492554,0.38294060464165275,-0.09464593002380763,0.9189115557724025],"GT_T":[104.0074396890497,76.11675765994035,702.6244099486796],"R_pred":[-0.5347252875410431,-0.8443678424474796,-0.03334386757316578,0.8213522478038959,-0.5100653695284375,-0.25536993526119284,0.1986186091272319,-0.16393982264357404,0.9662682767533854],"T_pred":[79.34445799764423,58.00689109817586,397.7520576331779],"rotation_error":20.063155930570513,"translation_error":306.40395091966894,"ADD":0,"ADD_S":0}}
{"id_image":1629,"data":{"Best_template_id":143,"GT_R":[-0.24859762079763617,-0.968600715391398,0.003387937838302913,0.890057690182297,-0.22981623391056785,-0.39367754016286144,0.3820954702699179,-0.0948516708907216,0.9192418452693931],"GT_T":[104.67293287928543,77.67886039076322,702.6370335797718],"R_pred":[-0.42641125470972774,-0.9045214840720093,0.0037850639420546894,0.8202977608929571,-0.3884629229306774,-0.41977153426852987,0.38116272815016505,-0.17589042714236713,0.9076219104389223],"T_pred":[103.67249085993384,70.1121185990142,523.1094814943417],"rotation_error":10.973909724309847,"translation_error":179.68972820771893,"ADD":0,"ADD_S":0}}
{"id_image":1645,"data":{"Best_template_id":143,"GT_R":[-0.24261235563862282,-0.9700892162410678,0.008165525833759553,0.8885135176211983,-0.2255748156228186,-0.3995746366091304,0.3894656541360467,-0.08968654536899395,0.9166636566095978],"GT_T":[112.68705146410652,78.15851187158022,697.4293446108416],"R_pred":[-0.4387619596626623,-0.8978851809309045,-0.03591858317998135,0.8756389680725278,-0.4182286691623871,-0.24153918498566074,0.20185227357119107,-0.13742991724997694,0.9697260837467483],"T_pred":[89.25425747579236,59.66627985677339,419.10763603671757],"rotation_error":15.644252598785414,"translation_error":279.91790214741144,"ADD":0,"ADD_S":0}}
