{"id_image":1,"data":{"GT_R":[0.005793329846919287,-0.9939465558854979,0.10971614417913021,-0.6717029354335636,-0.08514769284697735,-0.7359116020870881,0.7407981750840915,-0.06943371144688064,-0.6681294842519337],"GT_T":[-26.110574907818567,71.99365735523833,788.7472675624939],"R_pred":[-0.10241462189638628,-0.9943865206691346,0.026583692996891617,-0.48561221760023565,0.026655445082594986,-0.87376785324526,0.8681543752923218,-0.10239597042355486,-0.4856161507835349],"T_pred":[6.076090484445585,70.80866350835687,446.91075416933893],"rotation_error":14.948607904459598,"translation_error":343.3505315683658,"ADD":0,"ADD_S":0}}
{"id_image":2,"data":{"GT_R":[0.007206557926249942,-0.9937726233597244,0.11119886519034895,-0.6724102034180239,-0.08712274262540397,-0.7350342736842771,0.7401442528657565,-0.06947449339087444,-0.6688497031654776],"GT_T":[-26.41623875338334,72.87741977785511,788.54854904153],"R_pred":[-0.1023001631981203,-0.9936093068755734,0.04769928615692742,-0.5171993221393212,0.012167309694362527,-0.8557784863815099,0.8497290967056881,-0.11221631728516118,-0.5151387777547827],"T_pred":[4.647017248360601,71.34952539676776,460.25974865738664],"rotation_error":12.967646177005795,"translation_error":329.7586947941321,"ADD":0,"ADD_S":0}}
{"id_image":3,"data":{"GT_R":[0.004913373021387966,-0.9936737525810373,0.112198005680392,-0.6720094578686446,-0.0863681993360491,-0.735489673432947,0.7405268595316722,-0.07178469139783179,-0.6681825691313689],"GT_T":[-27.135481386348246,74.26414566247553,788.3282758964598],"R_pred":[-0.09125735898629805,-0.9949844545658428,0.04096375963163368,-0.5214625657862026,0.012701556948712889,-0.8531796193854779,0.8483801547151584,-0.09921998600781462,-0.5200062571374434],"T_pred":[4.423819745820558,71.45155989567073,447.49582232999677],"rotation_error":12.511768880129122,"translation_error":342.3020033987264,"ADD":0,"ADD_S":0}}
{"id_image":4,"data":{"GT_R":[0.0036780120741035875,-0.9937109994240695,0.11191251994356147,-0.6690150563764217,-0.08562345288057387,-0.7383004715669024,0.743239921152658,-0.07215653275212991,-0.6651228722799162],"GT_T":[-28.376135728078424,75.61657769778559,788.0312343970938],"R_pred":[-0.09169424816001337,-0.9951127420583976,0.03664417344389986,-0.5955570780018311,0.025310733181361234,-0.8029141508453708,0.7980626113885367,-0.0954463062608431,-0.594967285592133],"T_pred":[5.256235244639539,70.86716893590864,469.2470550105737],"rotation_error":8.61298369848656,"translation_error":320.58859350883176,"ADD":0,"ADD_S":0}}
{"id_image":5,"data":{"GT_R":[0.0018981124754419692,-0.9935970620409296,0.11296765987175715,-0.6704501990696835,-0.08508097787153147,-0.73706068268723,0.7419522866155325,-0.07434033446892864,-0.6663182218197675],"GT_T":[-29.57012311260702,76.8939916610464,787.8700059604809],"R_pred":[-0.08531700819837251,-0.9948963892812277,0.053871910187543115,-0.5461150850602534,0.0014714378963107677,-0.8377088687247795,0.8333542595929484,-0.10089107723526991,-0.5434534649375194],"T_pred":[3.3794831578959026,72.07108788384157,451.2117588015819],"rotation_error":10.605972135653634,"translation_error":338.30121538996525,"ADD":0,"ADD_S":0}}
{"id_image":6,"data":{"GT_R":[0.0053942128262291465,-0.993486453816301,0.11382597928331294,-0.6671457716674764,-0.08836705941211366,-0.7396671357239719,0.7449078827799125,-0.07194898802863628,-0.6632770622927471],"GT_T":[-31.569527391176596,79.2155213374741,787.5950247191753],"R_pred":[-0.09856205395902029,-0.9936262928735874,0.054702025827858436,-0.5049738909076439,0.0025726587977860094,-0.863130784370657,0.8574887118912847,-0.11269503776565654,-0.5020089017557585],"T_pred":[2.0589343735618075,74.51841940481137,442.73200879779574],"rotation_error":13.122745612159303,"translation_error":346.53057001889164,"ADD":0,"ADD_S":0}}
{"id_image":7,"data":{"GT_R":[0.0020723129308405155,-0.9934944392816366,0.11386467608738503,-0.6652243156692664,-0.08638542294189076,-0.7416297410212189,0.7466406830695128,-0.07420928282196779,-0.6610758232623918],"GT_T":[-32.14007274661583,81.31425241063017,787.4011967796621],"R_pred":[-0.08580013575669887,-0.9960207827628595,0.024102634889003716,-0.48159626266947364,0.020284012408294805,-0.876158432375912,0.8721831094941748,-0.0867822513252608,-0.481420257538039],"T_pred":[2.9489264256178087,77.06945472469636,453.9825805978321],"rotation_error":14.48653273191183,"translation_error":335.28678737300396,"ADD":0,"ADD_S":0}}
{"id_image":8,"data":{"GT_R":[0.002434171392657963,-0.993515149843227,0.1136764107478673,-0.6655301338837132,-0.086453876840703,-0.7413471306000532,0.7463676008381579,-0.0738508653732543,-0.6614242155031604],"GT_T":[-32.78416046134229,82.65413690518596,787.5217629681378],"R_pred":[-0.10847010840781479,-0.9930949766578995,0.04468336288645941,-0.5175649259637115,0.01804034292413015,-0.8554537354172683,0.8487407042166499,-0.11591770082272135,-0.5159479660215741],"T_pred":[1.7588139044740754,76.04207621567697,449.6596725238252],"rotation_error":12.598158221325699,"translation_error":339.6876927178847,"ADD":0,"ADD_S":0}}
{"id_image":9,"data":{"GT_R":[0.0034379748841678465,-0.993470726505007,0.1140374786022096,-0.6669445067677161,-0.08724778631933282,-0.7399822219717646,0.7451000573224907,-0.07351302675704785,-0.6628897685405113],"GT_T":[-33.82187781973495,84.57186325239311,787.4236504766251],"R_pred":[-0.10796028027354576,-0.9934969682409122,0.0361711484386788,-0.4909990091668289,0.02164803669183757,-0.8708911157570622,0.8644446488240003,-0.11178164698869092,-0.49014315512515955],"T_pred":[1.3297333531070734,77.92387182021179,453.94138511972216],"rotation_error":14.302002586141436,"translation_error":335.3956661403078,"ADD":0,"ADD_S":0}}
{"id_image":10,"data":{"GT_R":[3.927178120497008e-05,-0.9934878974417259,0.1139368312268187,-0.6648610606590122,-0.08513241821855547,-0.7421001596261573,0.7469668424354523,-0.07572374730882149,-0.6605355658038246],"GT_T":[-35.06264980265756,85.64946311987602,787.0837712886974],"R_pred":[-0.11315658556177077,-0.9925952899987718,0.044160813129464516,-0.4606277982194422,0.013026905159885027,-0.8874977922504732,0.8803508497477072,-0.12076791798407865,-0.4586910630634529],"T_pred":[-0.4691381000454201,79.85192436930747,451.34436443970645],"rotation_error":15.779059019534762,"translation_error":337.5666924013615,"ADD":0,"ADD_S":0}}
{"id_image":11,"data":{"GT_R":[-0.0030333831858453085,-0.9935024506586643,0.11376845081526316,-0.66523071273712,-0.08293862286222778,-0.7420177530415083,0.7466318643182644,-0.07793335672743867,-0.6606566433261316],"GT_T":[-37.21407381637429,86.86586860750103,786.8186292188511],"R_pred":[-0.10657748772692,-0.9936897597893963,0.034955691947232026,-0.48941772454353266,0.02182508850692033,-0.8717763224671199,0.8655122933918667,-0.11001966552101783,-0.4886554442408212],"T_pred":[-1.2457065502932005,78.28380042532179,444.3280282892726],"rotation_error":14.093516974615667,"translation_error":344.48104020856516,"ADD":0,"ADD_S":0}}
{"id_image":12,"data":{"GT_R":[-0.009585507399473305,-0.9932603812198787,0.1155046276151106,-0.6621127941080188,-0.08025509642329953,-0.7450939672856929,0.7493429084052653,-0.08362015154597292,-0.6568813735250791],"GT_T":[-42.00925093690289,89.0259899347166,785.9147039923691],"R_pred":[-0.09846402587368541,-0.9894849541862201,0.105945085057497,-0.574186722781544,-0.03046334642051496,-0.8181574371147977,0.8127819160083083,-0.14139133624079586,-0.5651495793556831],"T_pred":[-7.514753639583069,80.96753394439706,462.68823303174776],"rotation_error":8.04143527540762,"translation_error":325.16174526902785,"ADD":0,"ADD_S":0}}
{"id_image":13,"data":{"GT_R":[-0.012079226669450598,-0.9931256955068758,0.116432026205147,-0.6592265136746758,-0.07964173934887911,-0.7477154484061866,0.7518477306884943,-0.08578778953732234,-0.6537328672302305],"GT_T":[-46.25514409983225,91.6696999022047,785.3121753081273],"R_pred":[-0.1251508177550843,-0.99008962105983,0.06371667823133575,-0.525032534686177,0.011600122029385429,-0.8510030991071134,0.8418302146729124,-0.13995706283894793,-0.5212810280695557],"T_pred":[-7.446118802951221,79.309365322342,440.7208416393953],"rotation_error":11.560569939587984,"translation_error":346.99006549902185,"ADD":0,"ADD_S":0}}
{"id_image":14,"data":{"GT_R":[-0.014223781693106504,-0.9934604513472922,0.11328944176017211,-0.6586851949429291,-0.07593269851911963,-0.7485774456139194,0.7522842609530462,-0.08527047749016814,-0.6532982434208252],"GT_T":[-47.69862261551544,91.7482609009353,785.1114417131527],"R_pred":[-0.14851199275353333,-0.9802032823302925,0.13094164088362237,-0.5550739811735325,-0.026958717577358682,-0.831364001488367,0.8184357417858409,-0.19614982247125629,-0.540081645412946],"T_pred":[-12.65358791942603,82.32493183024022,469.64145707550415],"rotation_error":10.579405403825396,"translation_error":317.5504129975316,"ADD":0,"ADD_S":0}}
{"id_image":15,"data":{"GT_R":[-0.02048865260231783,-0.9931842521773177,0.11474386641094267,-0.6579399889149683,-0.07301983583162322,-0.7495224681087133,0.7527917209751073,-0.09085221093622627,-0.651958902513647],"GT_T":[-51.66480391266092,92.35237506042493,784.2800920865886],"R_pred":[-0.1773843456654861,-0.9840187076857634,0.01555560468988254,-0.5797433695179197,0.09170887123382199,-0.8096215834802254,0.7952561973432439,-0.15263245350009585,-0.5867460393779449],"T_pred":[-10.67777155764099,83.65631842822437,486.4008024438955],"rotation_error":11.569530077103728,"translation_error":300.8116178279313,"ADD":0,"ADD_S":0}}
{"id_image":16,"data":{"GT_R":[-0.024642716022757298,-0.9927813798934261,0.11737859709017245,-0.6573367194957448,-0.07237053687532975,-0.7501144687768959,0.7531940250368958,-0.0956429207540158,-0.6508086862206883],"GT_T":[-56.728042358358195,94.5441663709648,783.24950959603],"R_pred":[-0.19183046567609907,-0.9805849318835933,0.04067264192720904,-0.40133161719688565,0.0405582045548224,-0.9150344065014282,0.8956193418392788,-0.19185469346913847,-0.40132003577847897],"T_pred":[-12.900963269527997,84.37345480080785,439.7072664528827],"rotation_error":19.57817175694245,"translation_error":346.4758708180516,"ADD":0,"ADD_S":0}}
{"id_image":17,"data":{"GT_R":[-0.026049151220836873,-0.9927897197667024,0.11700496157352407,-0.6567083598765576,-0.0712503536542179,-0.7507712204218072,0.7536942457862507,-0.09639554762502708,-0.6501177733780457],"GT_T":[-58.593484262071854,93.47307585111749,782.718050580874],"R_pred":[-0.10540996485276333,-0.9941159981252257,0.024942365189081106,-0.5106301796171115,0.03258720405232651,-0.859182689418408,0.8533144549191322,-0.10330274151027313,-0.5110606467167337],"T_pred":[-13.133883824820263,83.60539097585041,466.6711810510286],"rotation_error":12.037725293549034,"translation_error":319.4519842109722,"ADD":0,"ADD_S":0}}
{"id_image":18,"data":{"GT_R":[-0.027437869003944605,-0.9923673409622494,0.1202304526808834,-0.6600943434723403,-0.07233521146516865,-0.7476918297899738,0.7506812193547384,-0.09987922856211692,-0.6530709884674265],"GT_T":[-61.66206713292841,92.5124032845862,781.8029908392272],"R_pred":[-0.16021882976711843,-0.9813230687927841,0.10646577498505178,-0.513511230891724,-0.00924973834796472,-0.8580330168988606,0.8429923738303458,-0.19214441702950064,-0.5024384347044639],"T_pred":[-17.994078076754022,81.56548945593718,445.5908384985559],"rotation_error":12.532465638025172,"translation_error":339.21282341935245,"ADD":0,"ADD_S":0}}
{"id_image":19,"data":{"GT_R":[-0.028637237324551215,-0.9915077418007988,0.12686041666606138,-0.6580963408689191,-0.07682485473268279,-0.749004426340066,0.7523889025664806,-0.10493603275823077,-0.6503070176571408],"GT_T":[-65.52388710032395,94.55682824849193,780.006151628342],"R_pred":[-0.14751794909893057,-0.9873133387009126,0.05874373087319196,-0.5175587275458647,0.02644477200532258,-0.8552389359557313,0.8428353446757857,-0.156566424423767,-0.5148937137977179],"T_pred":[-18.301594856710388,83.65407205092968,455.77617724586156],"rotation_error":12.154932204113752,"translation_error":327.83210835046134,"ADD":0,"ADD_S":0}}
{"id_image":20,"data":{"GT_R":[-0.02658121040105678,-0.9914392816301774,0.12783224647457114,-0.6570431233460879,-0.07904651064251315,-0.7496975875889248,0.7533836631556281,-0.10391966625856708,-0.6493176863390938],"GT_T":[-65.42676934270486,95.56133953903837,779.0990249729632],"R_pred":[-0.14130134351883805,-0.9880944026284038,0.06085541729533378,-0.4859202248915715,0.01566844295203329,-0.873862709432542,0.8625053422217719,-0.15304885295184917,-0.4823490263792676],"T_pred":[-17.035400373896977,83.702679796364,449.4005364066203],"rotation_error":13.683375604672626,"translation_error":333.44181766014106,"ADD":0,"ADD_S":0}}
{"id_image":21,"data":{"GT_R":[-0.02353831589607356,-0.9911999487888047,0.13026597811328083,-0.653945190588182,-0.08329209256714873,-0.7519426519751594,0.7561755914014289,-0.10288680607017843,-0.646230206073974],"GT_T":[-64.50341638025537,96.53401211811548,778.0010963321091],"R_pred":[-0.13687983112581448,-0.986758354439786,0.08701644542415077,-0.5129268278683796,-0.004547561665934952,-0.8584202868850295,0.8474491023559174,-0.16213349322758774,-0.5055123631425542],"T_pred":[-18.17430286315378,84.76922623030366,452.11318531335314],"rotation_error":11.748901859829171,"translation_error":329.3747523633758,"ADD":0,"ADD_S":0}}
{"id_image":22,"data":{"GT_R":[-0.02186728198399401,-0.9908474871411752,0.13320076490446348,-0.6517307093218616,-0.08690389236242879,-0.7534556965013631,0.7581351940047608,-0.10328771284113718,-0.6438657072275492],"GT_T":[-63.746284368677124,99.0266413662187,776.8503923308133],"R_pred":[-0.1317202222258087,-0.9875838852838366,0.08560287719735438,-0.5172338639382288,-0.005195718778348124,-0.855828332378583,0.8456470381029626,-0.1570066050650677,-0.5101274477163804],"T_pred":[-17.581353856482412,87.4440497870845,460.37874110154434],"rotation_error":11.334877121353268,"translation_error":320.03072238250013,"ADD":0,"ADD_S":0}}
{"id_image":23,"data":{"GT_R":[-0.018462269669497152,-0.9909873370639181,0.13267972021113547,-0.6520960726085854,-0.08865834277410979,-0.7529342910688083,0.7579114374365489,-0.10042160366858505,-0.6445818757013644],"GT_T":[-61.7650803363513,100.22696994379254,776.4914660076164],"R_pred":[-0.15580806644324163,-0.963715560013342,0.2167398574775503,-0.5749448114007261,-0.0899425993052424,-0.8132335412866343,0.8032199638172608,-0.25132180211511107,-0.5400694784071871],"T_pred":[-23.440154039996393,88.72833846203655,480.43460924003074],"rotation_error":10.88823529252084,"translation_error":298.7485245832638,"ADD":0,"ADD_S":0}}
{"id_image":24,"data":{"GT_R":[-0.016983174554143353,-0.9913852005557497,0.1298736009277546,-0.65325198011982,-0.08733333603280505,-0.752086569605687,0.7569495051788491,-0.09761404419788329,-0.6461414029313874],"GT_T":[-59.4695263725948,99.6087137715588,776.3530859889008],"R_pred":[-0.10983002568416378,-0.9924642989657899,0.05433213355427258,-0.5517106822211466,0.015403269822180876,-0.833893315959459,0.8267724527228112,-0.12156214277943811,-0.549244896982738],"T_pred":[-14.58236867780032,86.47869432933061,468.03601723845804],"rotation_error":9.660656099889714,"translation_error":311.84398217592064,"ADD":0,"ADD_S":0}}
{"id_image":25,"data":{"GT_R":[-0.01550048693989895,-0.9915853626074075,0.12852726152621466,-0.6527720994502695,-0.08733329512617166,-0.7525042335245451,0.7573958657344662,-0.09556371689879996,-0.6459248796425727],"GT_T":[-58.6254583413635,101.12349069278208,776.0478027874649],"R_pred":[-0.14307808416146395,-0.9828285008047845,0.11651952556762851,-0.5250337286125494,-0.02442535544717528,-0.8507308539311851,0.8389685605860862,-0.1828976216824576,-0.5125233793018731],"T_pred":[-15.820599248606731,86.42812230648283,450.76280508992676],"rotation_error":11.369507773184285,"translation_error":328.4182387460343,"ADD":0,"ADD_S":0}}
{"id_image":26,"data":{"GT_R":[-0.014280932581919398,-0.991537444611982,0.1290323937735191,-0.6517330220970693,-0.08863577797728621,-0.7532522821067199,0.7583137902919485,-0.09485290157833667,-0.6449519408958041],"GT_T":[-58.037831839752165,100.89035577100344,775.8939139997428],"R_pred":[-0.121600124177078,-0.9903403654080088,0.06662860079313293,-0.5505334945820805,0.011438224522161256,-0.8347347113682424,0.8259093661797047,-0.1381851209910535,-0.5466064317160257],"T_pred":[-14.910393268972026,85.29687501394979,460.12369889559676],"rotation_error":9.8048766702121,"translation_error":319.0830007172361,"ADD":0,"ADD_S":0}}
{"id_image":27,"data":{"GT_R":[-0.01020986903825556,-0.9910833891058883,0.13285384784368834,-0.6522874797053645,-0.0940992370968461,-0.752108303996102,0.7579033248628024,-0.0943384432939821,-0.645510493152854],"GT_T":[-59.46790579498375,100.78049709763908,775.8136749631392],"R_pred":[-0.12889060114591988,-0.9908821878390299,0.03923904636431391,-0.506436312786986,0.03175239939182084,-0.8616925473877468,0.8525898627282438,-0.13093614839378648,-0.5059113074609372],"T_pred":[-14.115441980439183,85.86466667597563,449.42082399503306],"rotation_error":12.951500461243581,"translation_error":329.8660654482448,"ADD":0,"ADD_S":0}}
{"id_image":28,"data":{"GT_R":[-0.012831358682731216,-0.9905174120861499,0.13678673246226547,-0.6510721426456383,-0.09554880387075546,-0.7529782915717067,0.7589080050532973,-0.09872020986016333,-0.6436718230459125],"GT_T":[-62.07081733165887,100.96410498659073,775.3396632445335],"R_pred":[-0.14592604976992984,-0.9832567068455482,0.10914135990444473,-0.46316244066791684,-0.029583035895130005,-0.8857795422912892,0.8741774085121866,-0.1798084882047425,-0.45109064057730414],"T_pred":[-18.7638747618169,86.6901604189731,438.64282839428665],"rotation_error":14.803982593824774,"translation_error":339.77050396766555,"ADD":0,"ADD_S":0}}
{"id_image":29,"data":{"GT_R":[-0.011043778564725614,-0.989551604648664,0.1437575555270677,-0.650049569987913,-0.10213641912466696,-0.7529971375802472,0.7598116357545984,-0.10176578183171886,-0.6421293868098876],"GT_T":[-65.85114732274084,100.73913714550032,774.755509400264],"R_pred":[-0.1097955470207127,-0.9870311203038842,0.11710894673799105,-0.5146722362870622,-0.044339649441782036,-0.8562397355195881,0.8503278350434595,-0.1542840336491078,-0.5031292179065574],"T_pred":[-21.55956720167002,89.008914013358,469.02199799448823],"rotation_error":10.968001540584817,"translation_error":309.147735234882,"ADD":0,"ADD_S":0}}
{"id_image":30,"data":{"GT_R":[-0.010843070507085844,-0.9887268257955136,0.14933708531481932,-0.6493604467384038,-0.10660652221522712,-0.752971569313634,0.7604038926043561,-0.10513852284361538,-0.6408839644104866],"GT_T":[-68.43353317370087,100.84908056142915,774.1372986663216],"R_pred":[-0.13090772117687544,-0.9905392618197584,0.04117206977849591,-0.3909626746597577,0.013415941346420435,-0.9203087522895115,0.9110495900658568,-0.13657226406323225,-0.38902012946565756],"T_pred":[-18.973321376251175,87.98083350415081,432.4015598827421],"rotation_error":19.19641266744616,"translation_error":345.5361334149218,"ADD":0,"ADD_S":0}}
{"id_image":31,"data":{"GT_R":[-0.011483014331164783,-0.9883871335154129,0.1515262808983881,-0.6476861096186468,-0.10809850325479878,-0.7541999418243097,0.7618211045783256,-0.1068024212886734,-0.6389230121117113],"GT_T":[-70.47089975039117,101.68903344138792,773.6788999999644],"R_pred":[-0.10709290413302397,-0.9930827447418684,0.04814324438913159,-0.44225570262106,0.004212919035127993,-0.8968791138232374,0.8904723484665356,-0.11734101332935609,-0.43964768077101524],"T_pred":[-20.04074266341518,87.74807147161073,443.76909971342997],"rotation_error":15.814036920544947,"translation_error":334.03297365613605,"ADD":0,"ADD_S":0}}
{"id_image":32,"data":{"GT_R":[-0.011649746094968376,-0.9880719015637458,0.15355353080607126,-0.6486377485527212,-0.1094032065176141,-0.7531933094208333,0.7610083312765431,-0.10837600423992273,-0.6396259153234012],"GT_T":[-71.21961669387122,100.47925807515865,773.4519538418438],"R_pred":[-0.12869657187268302,-0.9831132492549359,0.13009816112313632,-0.5065621865537173,-0.04761110956673287,-0.8608878750451429,0.8525443938834717,-0.17669612725022243,-0.49188061058821686],"T_pred":[-24.44492678285295,87.84797157040579,462.04181599016596],"rotation_error":11.815419751553561,"translation_error":315.1566197493526,"ADD":0,"ADD_S":0}}
{"id_image":33,"data":{"GT_R":[-0.007438762206296166,-0.9876377667260792,0.1565802531579066,-0.6478926326564619,-0.11451184364092296,-0.7530752224863422,0.7616946802851237,-0.10704970738629704,-0.6390314133899871],"GT_T":[-72.1907192748846,99.61359632954417,773.4570935513385],"R_pred":[-0.12722759770555792,-0.977722881090532,0.1669464170747662,-0.5536704483841403,-0.06964453693005657,-0.8298184578941967,0.8229593993437206,-0.19800910652752074,-0.5324755588419015],"T_pred":[-26.878398067487456,86.60860436834048,465.53578567812025],"rotation_error":9.487696371582212,"translation_error":311.5090177048918,"ADD":0,"ADD_S":0}}
{"id_image":34,"data":{"GT_R":[-0.010584991290080455,-0.9870607954669133,0.16000033806719557,-0.6478007152238878,-0.11512156464935284,-0.7530615347400825,0.7617357004590217,-0.11161996026342104,-0.6382005710044095],"GT_T":[-74.35333962418316,99.59652866034484,773.2442559865364],"R_pred":[-0.14437226946280224,-0.9872931174779731,0.06639990956910408,-0.5326915272440109,0.020995088461723377,-0.8460490193026213,0.8339043018312131,-0.1575166862307278,-0.5289537871556336],"T_pred":[-23.04211901026154,83.60712926461868,446.3812801808855],"rotation_error":11.92556691731317,"translation_error":331.25202973936945,"ADD":0,"ADD_S":0}}
{"id_image":35,"data":{"GT_R":[-0.0063313367620181395,-0.9865240147590534,0.16349753074775425,-0.6474908731765407,-0.12055253312477203,-0.7524779415543872,0.762046844815279,-0.11062807894542587,-0.6380017568110294],"GT_T":[-75.17248349617583,99.48221546123662,773.682155763115],"R_pred":[-0.11416280310978599,-0.9881691936091828,0.10241337406751888,-0.5250549992416087,-0.027498849239526835,-0.8506239245764815,0.8433766075470142,-0.15088226566524998,-0.515703829489573],"T_pred":[-23.49564931815315,83.37646508356414,444.4131951245893],"rotation_error":10.874865683308286,"translation_error":333.68838581207126,"ADD":0,"ADD_S":0}}
{"id_image":36,"data":{"GT_R":[-0.011120690273586288,-0.9875200679789241,0.15710284733737884,-0.6479870304034003,-0.11254209226022947,-0.7532913626614232,0.7615707585048496,-0.11017838116438522,-0.6386487730701425],"GT_T":[-74.08929815424139,98.36078428350051,774.6772983595653],"R_pred":[-0.1448887201746203,-0.9855324631443516,0.08793760773859843,-0.4640718050357177,-0.010806699779015938,-0.8857316608379633,0.8738676207166913,-0.16914189111072764,-0.45579206019240326],"T_pred":[-23.13317545738655,84.45605013854804,440.48987953091506],"rotation_error":14.867766145742678,"translation_error":338.3357784439807,"ADD":0,"ADD_S":0}}
{"id_image":37,"data":{"GT_R":[-0.011981501677747135,-0.9875575077253094,0.15679933543064975,-0.6498715679415419,-0.11148521978051712,-0.7518229448822237,0.7599494748508708,-0.11090817362981001,-0.6404507239710827],"GT_T":[-74.84849009815173,98.65802663074066,775.3719965794922],"R_pred":[-0.058608031648711756,-0.9982505301804859,0.007808816852888145,-0.7920094764473767,0.05125830978485457,0.6083531662575217,-0.6076891375068469,0.02946972467428538,-0.7936280284136934],"T_pred":[-23.543877173592755,29.737439800566268,517.6213594691619],"rotation_error":87.63385309090275,"translation_error":271.6939482710935,"ADD":0,"ADD_S":0}}
{"id_image":38,"data":{"GT_R":[-0.013811013916429072,-0.9873131580459711,0.15818210899416194,-0.6475460431196802,-0.11171001658296631,-0.7537937714049262,0.7619011334737408,-0.11284147499499593,-0.6377882689674473],"GT_T":[-76.33899600826729,99.35813300439519,775.4920424358315],"R_pred":[-0.14053225503438793,-0.9872006394968326,0.07540280281259254,-0.4954068591350834,0.004175362791031145,-0.8686510290487631,0.8572180173193173,-0.15942855366153286,-0.4896527412978817],"T_pred":[-24.304210492094736,84.89602630100282,445.21016792636317],"rotation_error":13.212162964799015,"translation_error":334.6683254559693,"ADD":0,"ADD_S":0}}
{"id_image":39,"data":{"GT_R":[-0.009671484542959739,-0.9870105443184243,0.16036155807832014,-0.6457898204587964,-0.11627451726540887,-0.7546102497065228,0.763453995860822,-0.11085929206072706,-0.6362770676482693],"GT_T":[-77.62571420124131,100.01686354778688,775.844035775699],"R_pred":[-0.14936931676469123,-0.9850236818997599,0.086122896525196,-0.48482822548413285,-0.0029491730606160393,-0.8746044215256203,0.8617600588233106,-0.17239387597852418,-0.47712676779022284],"T_pred":[-26.400611722524804,87.7026780103208,458.02555264190295],"rotation_error":13.889600480539478,"translation_error":322.15561226039995,"ADD":0,"ADD_S":0}}
{"id_image":40,"data":{"GT_R":[-0.014359231833803025,-0.9873395836531078,0.1579718575565138,-0.6438852926226217,-0.11174034063497312,-0.756918973807506,0.7649876688449718,-0.11258540273942323,-0.6341290850332735],"GT_T":[-77.77501545490479,100.64255487966376,776.2840172765281],"R_pred":[-0.1588982602056086,-0.9816132816603447,0.10576723581355096,-0.484877217140091,-0.01573026380209719,-0.8744407602000247,0.8600264107584787,-0.19023123841452783,-0.47346240476849205],"T_pred":[-26.63222466706945,87.00887574736461,448.2762895829847],"rotation_error":13.641299388333065,"translation_error":332.2507060683731,"ADD":0,"ADD_S":0}}
{"id_image":41,"data":{"GT_R":[-0.012887099981137374,-0.9872027874437078,0.15895191583602308,-0.6421601699185582,-0.11367891141585726,-0.7580945886275257,0.7664619108055285,-0.11184309321386778,-0.6324775753385533],"GT_T":[-78.4437765481459,102.0996109865573,776.5934369304151],"R_pred":[-0.10877187432951918,-0.9908510380755855,0.07989305163390531,-0.5355713354279703,-0.00929473493887445,-0.8444388388570935,0.8374556848112882,-0.1346396236141152,-0.5296604079316347],"T_pred":[-25.95000147332933,86.44009473572598,456.1603957485762],"rotation_error":10.043666583618695,"translation_error":325.08176010329703,"ADD":0,"ADD_S":0}}
{"id_image":42,"data":{"GT_R":[-0.013001349498559543,-0.9871867103126757,0.1590407123873165,-0.6396166352061178,-0.11404553555635868,-0.7601871188168834,0.7685838715313376,-0.11160879986415699,-0.6299387180484628],"GT_T":[-78.95623488485445,102.43830509728342,776.8652458943496],"R_pred":[-0.12486058070708872,-0.9865404811257711,0.10558273763082837,-0.44106945112948026,-0.04013082775617849,-0.8965752929586799,0.8887449435388239,-0.1585162318620263,-0.4301221100692649],"T_pred":[-26.102614184593126,87.6748542537889,440.95856203239094],"rotation_error":14.951464008229058,"translation_error":340.3597581458085,"ADD":0,"ADD_S":0}}
{"id_image":43,"data":{"GT_R":[-0.011615056325187565,-0.9870584565195104,0.1599380334711677,-0.6395950028873976,-0.11561454907167779,-0.7599686130637596,0.7686250216616359,-0.11112334620753454,-0.6299746810732716],"GT_T":[-78.93496848981935,99.55734540649813,777.5950133577721],"R_pred":[-0.06933951741846067,-0.9935132614393167,0.09013007638067888,-0.5553977162170811,-0.036604595095350856,-0.830778839667186,0.8286889694843449,-0.10766384240829158,-0.5492568514755705],"T_pred":[-28.77902810530975,86.22635582260091,476.21960136413185],"rotation_error":7.770176041100269,"translation_error":305.8111714661138,"ADD":0,"ADD_S":0}}
{"id_image":44,"data":{"GT_R":[-0.014220249615434624,-0.9868735175162716,0.16086619502836857,-0.6399974022104998,-0.1146260957150897,-0.7597792646191691,0.7682452716123566,-0.11375946339963493,-0.6299668532441128],"GT_T":[-81.06467499078568,98.08921023273699,777.5628068113515],"R_pred":[-0.09801740255070224,-0.9936097606122672,0.05596635072297068,-0.4644013150534264,-0.004071274384865209,-0.8856155166332234,0.8801840758465593,-0.11279657947347549,-0.46103462373798143],"T_pred":[-26.566242238173174,85.5230588686642,448.2047020344606],"rotation_error":13.953419893723035,"translation_error":334.07296884785706,"ADD":0,"ADD_S":0}}
{"id_image":45,"data":{"GT_R":[-0.010217775950307165,-0.9857236592968879,0.16805964429693437,-0.6394823871354391,-0.1227652323089454,-0.7589411628772167,0.7687379740269543,-0.11522601874294688,-0.6290988354383756],"GT_T":[-83.78380883048068,99.10971066488331,777.3507166776051],"R_pred":[-0.12710326705598884,-0.983224375983232,0.13082272729185107,-0.5058893287833786,-0.04918883653730022,-0.8611947778425095,0.8531827157923422,-0.17564249153462508,-0.4911506577830397],"T_pred":[-29.60949192697859,85.50619865570698,450.58071999818986],"rotation_error":11.37578181591853,"translation_error":331.5094913887232,"ADD":0,"ADD_S":0}}
{"id_image":46,"data":{"GT_R":[-0.010624585742224586,-0.9861130014477926,0.16573548322104315,-0.6393302544618338,-0.12074165513253118,-0.7593935655220139,0.7688584855318565,-0.11402924980423336,-0.6291693965990977],"GT_T":[-82.6183171072721,97.62040404866688,777.8896052712878],"R_pred":[-0.12221327366976031,-0.986230272760162,0.11141707602668993,-0.5093037961030056,-0.034034009224122475,-0.8599135593134934,0.8518647539451252,-0.16183799092780832,-0.4981314140650659],"T_pred":[-29.09062633221749,85.17418572772345,466.9675248912011],"rotation_error":11.207278642711879,"translation_error":315.74144817885974,"ADD":0,"ADD_S":0}}
{"id_image":47,"data":{"GT_R":[-0.007414708400732,-0.9858087895693166,0.16770820954297577,-0.6401505962107671,-0.12416260104116751,-0.7581504724659063,0.7682135550471209,-0.1129805033096024,-0.6301452557130138],"GT_T":[-82.329909206951,95.82079782143369,778.2996601842506],"R_pred":[-0.10503251353734455,-0.9836182627661159,0.1465035298311817,-0.4910038870669522,-0.07681751191239872,-0.8677639383776743,0.8648024942061461,-0.1630772302210119,-0.4748920540483615],"T_pred":[-31.837453483959138,85.8419733825965,458.9346099799338],"rotation_error":11.65172968288062,"translation_error":323.4858579816515,"ADD":0,"ADD_S":0}}
{"id_image":48,"data":{"GT_R":[-0.009245321568646356,-0.9847693778800942,0.1736213474687712,-0.6383721613011284,-0.1278298722814541,-0.7590392678875858,0.7696723922138173,-0.11785364955364486,-0.6274677695012124],"GT_T":[-85.44125710354518,98.16913659227012,777.4935890341184],"R_pred":[-0.16264446112427045,-0.9744982133435753,0.15459628538802433,-0.48011386031531056,-0.05871821740265437,-0.8752387400465003,0.8619962067194533,-0.21657655259800035,-0.45831990625112423],"T_pred":[-32.51685904619308,86.19244131921411,445.1407470659142],"rotation_error":13.724110503918965,"translation_error":336.75338855568896,"ADD":0,"ADD_S":0}}
{"id_image":49,"data":{"GT_R":[-0.006983953884404123,-0.9840556497098608,0.1777263260330228,-0.6313750669679679,-0.13348377796942157,-0.7639028024091878,0.7754458023533348,-0.11754793358881994,-0.6203762150150611],"GT_T":[-87.75763899573423,100.58284508511301,777.0828762051872],"R_pred":[-0.12143379460443615,-0.9816473644942187,0.14704518118429316,-0.498134889982248,-0.06786679436690424,-0.8644395465298506,0.8585542876896841,-0.17822050949291535,-0.48075147954607955],"T_pred":[-33.23164972445098,86.22469580485597,455.6483362125277],"rotation_error":11.208459271258556,"translation_error":326.3424634598735,"ADD":0,"ADD_S":0}}
{"id_image":50,"data":{"GT_R":[-0.00854192574998884,-0.9840657313311068,0.17760298855580672,-0.6320352389709682,-0.1323190865337646,-0.7635600677468232,0.7748926620595737,-0.11877378462433617,-0.6208338015907237],"GT_T":[-87.9330687851126,99.45456598283657,777.409943199908],"R_pred":[-0.1684136803403492,-0.9734252615541246,0.15517761579075456,-0.46373245771222465,-0.06067427293686023,-0.8838952654402914,0.8698212689618474,-0.22082095184077927,-0.44119051133238774],"T_pred":[-34.181124026858214,86.82970442806266,443.81809261142394],"rotation_error":14.408142722566701,"translation_error":338.13042080478516,"ADD":0,"ADD_S":0}}
{"id_image":51,"data":{"GT_R":[-0.010318993324677063,-0.983039956970208,0.18310234810537107,-0.6298847851730994,-0.1358252691732042,-0.7647202517554897,0.7766205763000195,-0.12322439531785637,-0.6177996342799533],"GT_T":[-90.91804991511238,101.56850343935372,776.5120993027858],"R_pred":[-0.11657914944583969,-0.9871382958450837,0.10939509491082722,-0.5049991042767162,-0.03592897989954791,-0.8623717371778208,0.8552106211888385,-0.15577898856855582,-0.49431538528186525],"T_pred":[-35.79371654872346,88.9445155416334,461.0319332540245],"rotation_error":11.063217094118654,"translation_error":320.508646325937,"ADD":0,"ADD_S":0}}
{"id_image":52,"data":{"GT_R":[-0.011635843380003442,-0.98257527932502,0.18550196887170634,-0.6238947065774172,-0.13784021690384168,-0.7692570721362512,0.781422220910476,-0.12468498270325229,-0.6114194099133629],"GT_T":[-93.95044044495647,104.1920837094358,776.0755034971943],"R_pred":[-0.1410267741629082,-0.980347522954009,0.13794993007299194,-0.5081831387340917,-0.047899265010602154,-0.8599160179446661,0.8496242383992887,-0.19137501051439137,-0.4914410024357404],"T_pred":[-37.24673739895838,88.53004319083396,453.9261356335724],"rotation_error":10.902442607300088,"translation_error":327.47644902689757,"ADD":0,"ADD_S":0}}
{"id_image":53,"data":{"GT_R":[-0.010519993207803658,-0.9819758894058541,0.18871422078892228,-0.6212139290488223,-0.14146852842102373,-0.7707660343923263,0.7835710307617391,-0.1253410363497421,-0.6085290381036431],"GT_T":[-94.9788323966568,105.91800000267307,775.896297926605],"R_pred":[-0.0921044300410635,-0.9927442966273394,0.07730158782780433,-0.4748387117203976,-0.024447408293445716,-0.8797332107403053,0.8752399509954534,-0.11773311234152645,-0.4691417082714493],"T_pred":[-35.47580022208515,91.39356499983883,460.426589966165],"rotation_error":12.450261298777807,"translation_error":321.36071118101074,"ADD":0,"ADD_S":0}}
{"id_image":54,"data":{"GT_R":[-0.01238452846381908,-0.9812182948300617,0.1925022519662164,-0.6177110011360946,-0.14388118152653245,-0.7731312746527886,0.7863072674358815,-0.12848686621513342,-0.604327296884781],"GT_T":[-97.15500244594881,108.32526340579925,775.4811542110479],"R_pred":[-0.13919969561392553,-0.9774293657645885,0.1589190979147096,-0.4725482585247695,-0.07546648556078439,-0.8780677382311185,0.870242258285702,-0.1973237048561033,-0.45137763280391197],"T_pred":[-40.96243014606553,93.65374208961727,458.19092793519263],"rotation_error":12.12040859737577,"translation_error":322.5615389496897,"ADD":0,"ADD_S":0}}
{"id_image":55,"data":{"GT_R":[-0.011745561028183516,-0.9800112115977684,0.1985976084950514,-0.6131351435128307,-0.14983263166766808,-0.7756393701907865,0.7898907317039455,-0.130878389255611,-0.5991189077532227],"GT_T":[-100.50351079501525,110.89580050650522,774.7706919092735],"R_pred":[-0.10971389964361611,-0.9816551218396854,0.15593614715935278,-0.5430171351812085,-0.07220604605515746,-0.8366114258200602,0.832523423769316,-0.1764639019147919,-0.525133545106788],"T_pred":[-46.46763287836443,98.02740928664119,491.04377524725635],"rotation_error":7.633523374928633,"translation_error":289.11318688940133,"ADD":0,"ADD_S":0}}
{"id_image":56,"data":{"GT_R":[-0.011853203993130364,-0.9789214785203697,0.20389326449076092,-0.6106371377509338,-0.15438255342001497,-0.7767167061971939,0.7918222313834405,-0.13371173483021842,-0.5959354267339236],"GT_T":[-102.92058933019358,113.1536669633964,774.2591543683506],"R_pred":[-0.18109169268672076,-0.9691818903564844,0.16700976691466168,-0.4958097896767246,-0.05668711833389006,-0.8665790345235231,0.849340009242812,-0.23973534161660615,-0.4702643030035224],"T_pred":[-43.73963766753329,94.38797673644639,458.4599841253184],"rotation_error":12.261321056998856,"translation_error":321.8441425528506,"ADD":0,"ADD_S":0}}
{"id_image":57,"data":{"GT_R":[-0.010287282858655947,-0.9781813046134886,0.20749849796937106,-0.6095119312790842,-0.1583684044998356,-0.7767972810107,0.7927098472392015,-0.13446484483531657,-0.5945846009448494],"GT_T":[-105.42327395908241,113.32242919306618,774.1375192117845],"R_pred":[-0.17286433137528245,-0.9700964840469193,0.1703840795907346,-0.4423490765161677,-0.07809628276585223,-0.8934362121178263,0.8800256913542184,-0.22981249369423162,-0.415621222146522],"T_pred":[-43.60919861284064,92.73143859638522,439.79533776241044],"rotation_error":14.338909277616832,"translation_error":340.6312714666544,"ADD":0,"ADD_S":0}}
{"id_image":58,"data":{"GT_R":[-0.008881833238694448,-0.9768800820236909,0.2136042118581878,-0.6073008428968818,-0.16443488922512495,-0.7772694563322853,0.7944222358222984,-0.13662598346139065,-0.5917998814720778],"GT_T":[-107.25942757286698,112.71957923154191,773.8566519699555],"R_pred":[-0.14686767597709616,-0.9768801599663515,0.1553545584049652,-0.4625020331116134,-0.0710128729405185,-0.8837697897327998,0.8743693470843488,-0.20164901423227638,-0.44137956447760535],"T_pred":[-45.16009972023903,93.73828149976515,452.31166033059236],"rotation_error":12.624987716024355,"translation_error":328.03627517652467,"ADD":0,"ADD_S":0}}
{"id_image":59,"data":{"GT_R":[-0.008980625279244037,-0.976720254911447,0.21433003634489883,-0.6067613070677726,-0.16504703944527188,-0.7775604858171785,0.7948333450496302,-0.13703048574690208,-0.5911544217817546],"GT_T":[-107.71708548088799,112.34694620906362,774.0244878340768],"R_pred":[-0.17792358708035771,-0.9807097397860243,0.08094197581778473,-0.4373451724524089,0.005123424610070426,-0.8992791283315974,0.8815170998301911,-0.19540255067192291,-0.4298202483572354],"T_pred":[-42.04922365888525,92.61575227987879,448.14662936896167],"rotation_error":16.042587878828254,"translation_error":333.0134632833248,"ADD":0,"ADD_S":0}}
{"id_image":60,"data":{"GT_R":[-0.005735100969058582,-0.9768406329175099,0.21389047359136887,-0.6066776654688933,-0.1666332099553558,-0.7772876003145929,0.7949276056211468,-0.13422016912134946,-0.5916723067507202],"GT_T":[-106.33633730209492,111.77789355322972,774.3919504697503],"R_pred":[-0.15170283901396275,-0.971461113266919,0.18234460245727668,-0.4763193217428795,-0.08979597298522501,-0.8746751322462758,0.8660866887151119,-0.2195449581425985,-0.44910339453700154],"T_pred":[-44.711835092940824,93.99120137771641,460.4291165670957],"rotation_error":11.99802501793557,"translation_error":320.4475101530021,"ADD":0,"ADD_S":0}}
{"id_image":61,"data":{"GT_R":[-0.0027706033463586596,-0.9778980579001526,0.20906582011617056,-0.6061474334063826,-0.16463841165691637,-0.7781251463775142,0.7953474373073627,-0.12888200760292542,-0.5922941873896218],"GT_T":[-103.08705413746654,109.85439656909244,775.3964878520744],"R_pred":[0.003437716734749796,-0.9626917724764325,0.27057851597980953,-0.8616749881382965,0.13445468185164422,0.4893241802170003,-0.5074489106506368,-0.2348328974704301,-0.829065204519599],"T_pred":[-45.17265289266301,33.771439529863024,464.51697489121244],"rotation_error":83.24921855008733,"translation_error":325.2518498059005,"ADD":0,"ADD_S":0}}
{"id_image":62,"data":{"GT_R":[0.0017259669655959658,-0.9780458360100168,0.20838209457560752,-0.6082174109264287,-0.16643386837478616,-0.7761263974713988,0.7937682934151844,-0.1254028367597213,-0.5951518894845697],"GT_T":[-100.36279047218864,108.51787652803124,776.1536898039508],"R_pred":[-0.13315987920047456,-0.9576766812463746,0.2551936926498084,-0.5068453921800442,-0.1554676415095777,-0.8479018580409565,0.8516901989556838,-0.2422502562235575,-0.46469196072500385],"T_pred":[-46.186897841526665,92.14030305336408,461.9196757247371],"rotation_error":10.763661889938936,"translation_error":319.2902564432285,"ADD":0,"ADD_S":0}}
{"id_image":63,"data":{"GT_R":[0.002239331016731427,-0.9781368498197173,0.20794952367720837,-0.6059125009141584,-0.16675705064779636,-0.777857769806072,0.7955280723785892,-0.12425712615051908,-0.5930393749805539],"GT_T":[-98.81663290468444,109.01922746350446,776.0718059677338],"R_pred":[-0.10210213677910296,-0.9835426485992247,0.14906043087138637,-0.5432791684407343,-0.0703918476686598,-0.8365959197367248,0.8333204058484862,-0.16639965795702283,-0.5271510741981849],"T_pred":[-40.261490955270524,91.36047548124634,467.8824639706391],"rotation_error":7.965002271569538,"translation_error":314.1993104557823,"ADD":0,"ADD_S":0}}
