{"id_image":1,"data":{"GT_R":[-0.674688755210628,0.7380884882149902,-0.004488636017646709,0.39506317812467073,0.355978078489825,-0.8468784204910784,-0.6234743448616692,-0.5731535800730799,-0.5317662953867628],"GT_T":[-139.16416910605506,23.404063740825553,1084.9750417745508],"R_pred":[-0.7591363566708249,0.6489594395873102,-0.05063237848521909,0.40231951149020806,0.4066273864077947,-0.820239708437385,-0.5117137897837292,-0.6430441776376569,-0.5697746773519188],"T_pred":[-118.05284755667806,14.379140602915944,932.2533072598255],"rotation_error":8.043681126586561,"translation_error":154.43790120431126,"ADD":0,"ADD_S":0}}
{"id_image":1,"data":{"GT_R":[-0.674688755210628,0.7380884882149902,-0.004488636017646709,0.39506317812467073,0.355978078489825,-0.8468784204910784,-0.6234743448616692,-0.5731535800730799,-0.5317662953867628],"GT_T":[-139.16416910605506,23.404063740825553,1084.9750417745508],"R_pred":[-0.7591363566708249,0.6489594395873102,-0.05063237848521909,0.40231951149020806,0.4066273864077947,-0.820239708437385,-0.5117137897837292,-0.6430441776376569,-0.5697746773519188],"T_pred":[-118.05284755667806,14.379140602915944,932.2533072598255],"rotation_error":8.043681126586561,"translation_error":154.43790120431126,"ADD":0,"ADD_S":0}}
{"id_image":2,"data":{"GT_R":[-0.674509926025993,0.7382607904792329,-0.0025071608127520476,0.3955381950200351,0.3585106772303971,-0.8455885491630983,-0.6233658501056287,-0.5713503455090924,-0.5338289459490627],"GT_T":[-141.0512321817827,23.404454981808236,1084.4995249333163],"R_pred":[-0.8016356940222917,0.5959064792186057,-0.04770410983011966,0.3795559747198026,0.4456908379658897,-0.8107385145703658,-0.46186304909994613,-0.6680233117029286,-0.5834615487738266],"T_pred":[-118.01538524390983,14.120695833449211,927.7938319519259],"rotation_error":11.862997425243769,"translation_error":158.66162939049764,"ADD":0,"ADD_S":0}}
{"id_image":3,"data":{"GT_R":[-0.6724938806628131,0.7400997968780924,0.001684233636037328,0.3922983390095229,0.358391639089071,-0.8471465279008512,-0.6275769227492481,-0.5690412652150035,-0.5313559876733212],"GT_T":[-140.16849583891866,23.67044697393169,1083.5498985634063],"R_pred":[-0.7802344109020467,0.6228154644976089,-0.057750854772582544,0.40443013404828193,0.43189951078741873,-0.8061631840113248,-0.47714833198705087,-0.6523524429050727,-0.5888682021622147],"T_pred":[-118.80213163304754,13.864554348928367,942.7284381439329],"rotation_error":10.657983685273527,"translation_error":142.7703077121582,"ADD":0,"ADD_S":0}}
{"id_image":4,"data":{"GT_R":[-0.6715330078579147,0.740970937325744,0.002423628650287949,0.3922177494347836,0.35823455586833375,-0.8472500055202181,-0.6286555734552216,-0.5680066320471858,-0.5311886327889228],"GT_T":[-141.30946564082157,24.16803339271945,1083.3052863001653],"R_pred":[-0.7838849813350613,0.617561392904912,-0.06436040732216969,0.4096531024649628,0.43650107810439365,-0.8010313005460734,-0.4665926185423011,-0.6542818466127942,-0.595152580028677],"T_pred":[-113.78145168052237,14.275501074551388,903.8104948450798],"rotation_error":11.382757927035994,"translation_error":181.86267871052894,"ADD":0,"ADD_S":0}}
{"id_image":5,"data":{"GT_R":[-0.6720001288734476,0.7405484276215881,0.001980284204889278,0.39161739203586027,0.3576351253787934,-0.8477808493519565,-0.6285313551077193,-0.5689341605390105,-0.5303423380391932],"GT_T":[-141.3259138073407,25.135761922256577,1083.3909850237862],"R_pred":[-0.7852040334547233,0.6187196288607842,-0.02531099975913903,0.39222545137823833,0.46530377526923317,-0.7935058865637586,-0.47918036388981017,-0.6329916410052924,-0.6080359868296089],"T_pred":[-116.4492450387977,15.510046866952523,915.1736364445479],"rotation_error":11.141341265832654,"translation_error":170.31905178920732,"ADD":0,"ADD_S":0}}
{"id_image":6,"data":{"GT_R":[-0.6715429087361836,0.7409643375522786,-0.0007331821577844567,0.3898127051746191,0.35244946933480564,-0.8507789860237501,-0.6301392009978478,-0.5716216013495643,-0.5255222424968065],"GT_T":[-142.63009185018268,29.879869769269988,1082.3576250798915],"R_pred":[-0.7662834565931391,0.6407951001296244,0.04681136402130648,0.3363286479904445,0.4621359619864186,-0.8205567580489522,-0.5474419646799012,-0.6130350661167366,-0.5696448920324468],"T_pred":[-123.45476856807657,20.257551391482288,935.6350376835917],"rotation_error":8.845863712539481,"translation_error":148.28283678902835,"ADD":0,"ADD_S":0}}
{"id_image":7,"data":{"GT_R":[-0.6729368547402927,0.7396922837791854,-0.0031982039585930918,0.3900921616037219,0.35120709552591006,-0.8511643067220338,-0.6284768580781249,-0.5740281834162071,-0.5248882250034814],"GT_T":[-138.33201792195908,29.52957076037405,1081.3744241945415],"R_pred":[-0.781818639258149,0.6195188282201668,-0.07039912491819708,0.4198681028594143,0.43963814863565265,-0.7939956388201718,-0.4609451068291893,-0.6503189369416577,-0.6038334942227861],"T_pred":[-114.44894631683337,17.585504010897846,926.6407531566215],"rotation_error":11.685968541526684,"translation_error":157.02092469694202,"ADD":0,"ADD_S":0}}
{"id_image":8,"data":{"GT_R":[-0.6748759971765362,0.737923761715856,0.003255860608422503,0.38607750192800055,0.3568446810586085,-0.8506493747151814,-0.6288770928465722,-0.5728272603139393,-0.5257217726982936],"GT_T":[-140.97483178144975,26.641671685901294,1079.9122079906367],"R_pred":[-0.8085638234314005,0.5843858549299754,-0.06868563165434813,0.38386245928434176,0.43540972437223946,-0.8142898650199863,-0.44595308698356606,-0.6847711621263357,-0.576380342942033],"T_pred":[-121.67057072852313,14.875944416995145,960.6658741288102],"rotation_error":13.01028627633853,"translation_error":121.37040402195265,"ADD":0,"ADD_S":0}}
{"id_image":9,"data":{"GT_R":[-0.6755024585014893,0.7373271429655119,0.00666269443724792,0.38391292097535795,0.359408116775794,-0.8505505881467262,-0.6295288172112455,-0.5719918336417512,-0.5258500229102694],"GT_T":[-142.4248651369999,24.4953897314938,1078.8581446104329],"R_pred":[-0.7828775804592578,0.6162849465194351,-0.08541404280207926,0.39049574691503436,0.37982832237766906,-0.8385961585656321,-0.48437151614801605,-0.6898719520413208,-0.5380157285165275],"T_pred":[-116.71789726295715,16.681419177624875,915.0518937098036],"rotation_error":10.763783417252725,"translation_error":165.99516308378898,"ADD":0,"ADD_S":0}}
{"id_image":10,"data":{"GT_R":[-0.6752775391769914,0.7375463542355708,0.005004330357660197,0.3843929247281699,0.35771452348002086,-0.8510473638770256,-0.629477279611939,-0.5727701422835049,-0.5250640093563491],"GT_T":[-143.89849047065016,26.01191043681925,1078.035429572316],"R_pred":[-0.8133347890305569,0.5803569935831953,-0.04089353190535758,0.3614060913882511,0.4489040017491127,-0.8172336473255981,-0.4559299924989434,-0.679463727665214,-0.5748537942183259],"T_pred":[-116.90871161377217,16.606207857252432,900.760326702238],"rotation_error":12.82858974233408,"translation_error":179.56441045306045,"ADD":0,"ADD_S":0}}
{"id_image":11,"data":{"GT_R":[-0.6749374838793649,0.7378570570051128,0.005109237714031889,0.38396787863756715,0.3571226581554324,-0.8514874450759058,-0.6301009523934684,-0.5727403440264346,-0.5243483152751914],"GT_T":[-144.5319268232756,26.75597290374737,1077.7574104456496],"R_pred":[-0.7627048200255158,0.646645646532945,0.011435266933275123,0.38420855669544085,0.46724725980069715,-0.7962812211591744,-0.5202548822181796,-0.6029339980700453,-0.604818527741519],"T_pred":[-125.68054803131649,16.564823772029253,938.5174779421071],"rotation_error":9.131458669913204,"translation_error":140.8793555016984,"ADD":0,"ADD_S":0}}
{"id_image":12,"data":{"GT_R":[-0.6749280147695061,0.7378685247871491,0.00470988579616408,0.38282442430819247,0.3556129978893324,-0.8526343177030916,-0.6308062050295201,-0.5736645450672666,-0.5224868367508955],"GT_T":[-145.15360795858857,28.598405847640763,1077.6683689599113],"R_pred":[-0.830947857130518,0.5514658369679024,-0.07356010731022056,0.3472642891276996,0.4108098888508396,-0.8429962922332422,-0.4346644363492759,-0.7260307609734257,-0.5328659886815021],"T_pred":[-117.09247666019594,20.617708875174486,900.9499490067949],"rotation_error":14.727289312222316,"translation_error":179.1103530358811,"ADD":0,"ADD_S":0}}
{"id_image":13,"data":{"GT_R":[-0.6739229128602672,0.7387605573151617,0.007729402038000004,0.3814862659041874,0.35692684251251927,-0.8526845872305112,-0.6326887794326848,-0.5716960173349622,-0.5223682359283404],"GT_T":[-149.21335795739523,27.82336366185065,1077.397503648902],"R_pred":[-0.8173245432377894,0.5712239479957673,-0.07539092954240664,0.36965559666583464,0.4194906116968069,-0.8290852589160327,-0.44196756767297396,-0.7055004095919211,-0.5540161019238221],"T_pred":[-126.12808746552872,16.735391119331698,935.2159182625323],"rotation_error":13.798258901345289,"translation_error":144.46963719677518,"ADD":0,"ADD_S":0}}
{"id_image":14,"data":{"GT_R":[-0.6708993251501525,0.7413291970080556,0.01800515903161571,0.3811146638597558,0.365532676949558,-0.8491981386577855,-0.6361172000701927,-0.5628653106196868,-0.5277668700047164],"GT_T":[-159.3269462745965,21.38136143067787,1076.092674202936],"R_pred":[-0.733504911129767,0.6789736653936397,0.03106939089262256,0.39045253222602316,0.4583463436960744,-0.7984143343519872,-0.5563428488142892,-0.5735097130148419,-0.6013062810671737],"T_pred":[-147.52062724010253,10.95373170871897,964.7588452759717],"rotation_error":7.1545565831200895,"translation_error":112.44263468231742,"ADD":0,"ADD_S":0}}
{"id_image":15,"data":{"GT_R":[-0.668801639947099,0.7431128184640191,0.022092809126258047,0.3797503591901669,0.3670215384470917,-0.8491665353697914,-0.6391350520809042,-0.5595351033405398,-0.5276618654083367],"GT_T":[-168.02763971706693,20.903477137602536,1076.6471004353828],"R_pred":[-0.7552403957594211,0.6554474531633644,-0.0007620727080157597,0.37332072633884594,0.4292031781230561,-0.8224452973753968,-0.5387425915026485,-0.6214284094171489,-0.5688436973987518],"T_pred":[-142.3311805752419,13.351072038390273,920.1310581941099],"rotation_error":7.682852911645096,"translation_error":158.79111534995278,"ADD":0,"ADD_S":0}}
{"id_image":16,"data":{"GT_R":[-0.6681563590418789,0.7437163718885815,0.02125288288444379,0.3772898903720445,0.3633015114762092,-0.8518584686177902,-0.6412629826607574,-0.5611575433546601,-0.5233386874417402],"GT_T":[-169.91825828028544,24.953548554818994,1077.9006302697424],"R_pred":[-0.746641396672922,0.6651895039144771,-0.007039080644548057,0.3812571188845073,0.41922262440572877,-0.8239510910765632,-0.5451326756617999,-0.6178796930377192,-0.5666171995778289],"T_pred":[-149.82013669764342,17.10350282818319,940.4702742115651],"rotation_error":7.1819521216513715,"translation_error":139.11383998487827,"ADD":0,"ADD_S":0}}
{"id_image":17,"data":{"GT_R":[-0.6661632328793494,0.7454229159407892,0.023888504965644434,0.37458549171916466,0.3621106977481227,-0.8535578532471498,-0.6449121332792983,-0.5596614023786228,-0.5204496060258516],"GT_T":[-174.2344852559577,26.18350234164123,1077.876905763754],"R_pred":[-0.8577789124914922,0.44922014373586866,-0.249833143811702,0.4561813011333348,0.44130526209099574,-0.7727537034185574,-0.23688384871326865,-0.7768210399523969,-0.5834681774579191],"T_pred":[-137.59318780219655,13.220021566979227,938.4762904458001],"rotation_error":27.015101314478915,"translation_error":144.7175458053175,"ADD":0,"ADD_S":0}}
{"id_image":18,"data":{"GT_R":[-0.6641809687222778,0.7470829030724015,0.027022494099272598,0.3734739323146511,0.3629099619938138,-0.8537058017870768,-0.6475950257864636,-0.5569237551626194,-0.5200541187510926],"GT_T":[-177.85606206818986,24.61335132886352,1077.9247332676307],"R_pred":[-0.8356805935956693,0.5464213538761215,-0.055332174327207106,0.3518633582765781,0.455311240471725,-0.8178531967305791,-0.4216990900985185,-0.702933409597442,-0.5727604203170784],"T_pred":[-145.8391245043117,15.68471858583801,920.2707665900672],"rotation_error":16.3559273114376,"translation_error":161.11976285607983,"ADD":0,"ADD_S":0}}
{"id_image":19,"data":{"GT_R":[-0.6633216417695751,0.7479327082895314,0.024521514410762026,0.37530165851081665,0.3608376937087403,-0.8537824210904246,-0.6474202711404983,-0.5571297772341214,-0.5200511109785957],"GT_T":[-180.1662545221863,24.046350171301153,1078.549201653047],"R_pred":[-0.7381617179598916,0.6740719731395726,0.027281003761311762,0.3742503170577194,0.442808966397259,-0.8147741524253135,-0.5612966936662802,-0.5912251637962603,-0.5791362770310519],"T_pred":[-166.114742274609,13.727451059138234,977.5780647509955],"rotation_error":7.181247960640554,"translation_error":102.46509241016494,"ADD":0,"ADD_S":0}}
{"id_image":20,"data":{"GT_R":[-0.6603724328368659,0.7506048991338488,0.02236660586752294,0.37592719591796053,0.3562274866576764,-0.8554415744604519,-0.6500659420964253,-0.5565025391611004,-0.5174153622723439],"GT_T":[-183.41500913035912,26.238555759630508,1080.612361248323],"R_pred":[-0.7976656843688998,0.6007131494951203,-0.0536019403002142,0.39397971762273076,0.4517269920798651,-0.8004515642613176,-0.4566283369242516,-0.6596108221141691,-0.5969959172956394],"T_pred":[-152.3704568166073,15.238607827577237,916.3227392905612],"rotation_error":13.708365218866762,"translation_error":167.55847625797216,"ADD":0,"ADD_S":0}}
{"id_image":21,"data":{"GT_R":[-0.6596131137257852,0.7511505984142698,0.026115438760392094,0.37323319531293186,0.35751370581147696,-0.8560846780399329,-0.6523855205157753,-0.5549381791621921,-0.5161753370526544],"GT_T":[-189.24538372880042,23.582648153352466,1080.9766815219477],"R_pred":[-0.7939450398182986,0.6079612433182895,0.005865182929780527,0.37317254447533194,0.49490181911302067,-0.7847384541924963,-0.4799932559919218,-0.620850478023092,-0.6197992885933085],"T_pred":[-161.20180696022084,11.871863058860331,939.5098469784283],"rotation_error":13.327498009295375,"translation_error":144.69433285816035,"ADD":0,"ADD_S":0}}
{"id_image":22,"data":{"GT_R":[-0.6604352815788489,0.7504697736178838,0.024887777083600876,0.3738221113910513,0.3573591451915777,-0.8558917501074428,-0.6512153434856305,-0.5559589759133061,-0.5165545729688663],"GT_T":[-187.57829180239264,22.784050625432165,1081.4483308946883],"R_pred":[-0.7516724236053878,0.6594236641807683,-0.012206502759271542,0.3715785728725578,0.40812388302909475,-0.83388504020833,-0.5449017634153848,-0.6313440640567267,-0.5518031723424034],"T_pred":[-158.97868208433758,14.69376502235479,930.7570954730361],"rotation_error":8.036712504494805,"translation_error":153.59439713110712,"ADD":0,"ADD_S":0}}
{"id_image":23,"data":{"GT_R":[-0.6610086858529785,0.7500634364711477,0.021704178336732126,0.37466980002010913,0.35497096768999625,-0.8565145321514478,-0.6501448912154236,-0.5580327094174465,-0.5156654595673],"GT_T":[-185.69437874937057,22.34368618858697,1081.6776001723438],"R_pred":[-0.7985230905402847,0.5971177057916891,-0.07623200970761657,0.3647476092825331,0.3792093470285557,-0.8503878248474949,-0.47887373638222097,-0.706859757346708,-0.5206046753987947],"T_pred":[-147.36060711714688,14.331397272798638,907.6669175986867],"rotation_error":13.102003224974386,"translation_error":178.363091672497,"ADD":0,"ADD_S":0}}
{"id_image":24,"data":{"GT_R":[-0.6609019522910248,0.7502321781601244,0.018966544573843804,0.3775283360611806,0.3542065793150492,-0.8555752906237029,-0.6485985104214244,-0.558292400023724,-0.5173301193993103],"GT_T":[-182.6692040476543,20.616016898415594,1081.6224235944167],"R_pred":[-0.8162658296773895,0.5704695535201175,-0.09096473936444119,0.3871623544315497,0.42337365119232007,-0.8190604756592174,-0.42873699002080756,-0.7037892013825177,-0.566449780126408],"T_pred":[-148.651342552055,10.894210055603477,925.1380845283071],"rotation_error":15.563723896547238,"translation_error":160.43402632228572,"ADD":0,"ADD_S":0}}
{"id_image":25,"data":{"GT_R":[-0.6630188053901761,0.7483715855554686,0.018604988812003644,0.37738967373561466,0.3556058012429436,-0.8550564241817863,-0.6465158016277465,-0.5598980863647051,-0.5182005710008287],"GT_T":[-180.48922658423575,19.24058657416467,1081.5520185059963],"R_pred":[-0.8478346674675338,0.5198974932602826,-0.10432148935809318,0.3556505526275248,0.41161348141307097,-0.8390989371550577,-0.3933053026034007,-0.7485191636963515,-0.5338820099266894],"T_pred":[-147.43600546515685,12.256698050032353,940.8739961934482],"rotation_error":18.435150764069476,"translation_error":144.6775590305353,"ADD":0,"ADD_S":0}}
{"id_image":26,"data":{"GT_R":[-0.6637261851582034,0.7477788995105653,0.01711983808699648,0.3780488596694291,0.35512942983887585,-0.8549628568238924,-0.6454030379848119,-0.5609898792416838,-0.5184054530190277],"GT_T":[-178.5575941916113,18.748905163518863,1081.1596669515598],"R_pred":[-0.8949986473827046,0.4272397980483395,-0.12823250815118253,0.3131966773538675,0.39718110078093105,-0.8626441992368262,-0.3176244047261268,-0.812227386971199,-0.4892866331469843],"T_pred":[-138.19155461552077,13.473815781599981,906.4935127840873],"rotation_error":24.3144674935754,"translation_error":179.3474536498943,"ADD":0,"ADD_S":0}}
{"id_image":27,"data":{"GT_R":[-0.6677684376296295,0.7442579293368655,0.012821111645421284,0.37753214375112576,0.353477054685879,-0.8558753189680285,-0.6415240378816149,-0.5666874187897779,-0.5170226700285172],"GT_T":[-168.49568374495396,17.58286826713234,1079.0682353705702],"R_pred":[-0.8630299005162985,0.42960502715548143,-0.26574218983361697,0.4762167291242231,0.5164278368494266,-0.7117021260536242,-0.16851414693447656,-0.7407710914781708,-0.6502777655073141],"T_pred":[-149.73027923015493,0.7935654290811138,1063.8184484450644],"rotation_error":30.220209494021795,"translation_error":29.437681594601862,"ADD":0,"ADD_S":0}}
{"id_image":28,"data":{"GT_R":[-0.6693445503844575,0.742893141510284,0.009379377657381865,0.3765221966650467,0.35007417306382005,-0.8577171034091828,-0.6404754050111361,-0.5705770597461894,-0.514034948424511],"GT_T":[-166.05676201913315,19.15124909825885,1079.3864201218998],"R_pred":[-0.7619158265422195,0.6462877967514685,-0.04238345236786534,0.42537293034180934,0.4499820968627323,-0.7852222504714452,-0.48840776344864634,-0.6163020333190141,-0.6177618152086934],"T_pred":[-134.1513596033597,8.511558862775003,907.4521662025168],"rotation_error":11.051645144797375,"translation_error":175.19288051297744,"ADD":0,"ADD_S":0}}
{"id_image":29,"data":{"GT_R":[-0.6696754944340038,0.7426134026890621,0.007737491984211483,0.37826811189104814,0.3500447007584854,-0.8569608302961665,-0.6390994645424481,-0.5709596061856728,-0.5153228214076832],"GT_T":[-163.76324619272634,19.439187055764386,1079.3442718913814],"R_pred":[-0.7662265837428277,0.6411846831111361,-0.0421784839635978,0.3862871894630888,0.4071757566640273,-0.8276412933401672,-0.5134968642771864,-0.650453768786644,-0.5596703181773606],"T_pred":[-133.34048836272095,10.692710169996541,908.0498444943582],"rotation_error":9.100573429522294,"translation_error":174.19479300246164,"ADD":0,"ADD_S":0}}
{"id_image":30,"data":{"GT_R":[-0.6703139939563668,0.7419964993912688,0.010903133504076906,0.37546767332165915,0.3517956926109954,-0.8574751808089832,-0.6400795737372473,-0.5706848027268847,-0.5144092839714118],"GT_T":[-164.92330971783753,18.84813651859259,1079.0321900629865],"R_pred":[-0.7724859641498004,0.6341997152330983,-0.03249855981132707,0.4132540031320622,0.46318782499362554,-0.7840141374190902,-0.48216860545547635,-0.6190700767893177,-0.6198916646779415],"T_pred":[-142.23034513729456,7.6735533465578785,946.2807600612292],"rotation_error":11.59157154671443,"translation_error":135.13986872138793,"ADD":0,"ADD_S":0}}
{"id_image":31,"data":{"GT_R":[-0.6705437697563643,0.7417501421453616,0.013297321900794771,0.3738200980681628,0.35330722838698436,-0.8575729831606033,-0.6408038038780552,-0.5700703110844971,-0.5141884861921656],"GT_T":[-165.82292580426187,18.90538126082229,1079.0730137152423],"R_pred":[-0.7788711179664111,0.6267581528426106,-0.02310842796625462,0.35587705401494873,0.41130835243821584,-0.8391525258498607,-0.5164409976206326,-0.6618154252205659,-0.5434050413059555],"T_pred":[-137.8174516134403,11.673987998546904,917.1133761319476],"rotation_error":9.516530409732981,"translation_error":164.52210744844783,"ADD":0,"ADD_S":0}}
{"id_image":32,"data":{"GT_R":[-0.6699918338379961,0.742282331234595,0.011287857930230523,0.37433793835253015,0.3509336865814799,-0.8583216190998216,-0.6410784787895347,-0.5708434424987238,-0.5129877233288367],"GT_T":[-166.08867690523476,19.435349118259456,1079.220829521705],"R_pred":[-0.7754371962725877,0.6304484682591978,-0.03509819805260425,0.390709728246625,0.43541281017570965,-0.8110250261171603,-0.49602728038925137,-0.6426121797822721,-0.5839576384508726],"T_pred":[-139.15414308764687,10.764210010581591,922.3707409610073],"rotation_error":10.473774149453202,"translation_error":159.38195646588784,"ADD":0,"ADD_S":0}}
{"id_image":33,"data":{"GT_R":[-0.6689682897001537,0.7432238993443837,0.009899487804492851,0.37587548485894046,0.3497526314763128,-0.8581318354440964,-0.6412468039230425,-0.570343593935487,-0.5133329433797562],"GT_T":[-167.10727593289218,20.332322062096686,1079.3962777680713],"R_pred":[-0.7904217198520198,0.60819908809626,-0.07298886233565377,0.39763747185598874,0.4188003712266074,-0.816388810577677,-0.46595916748375393,-0.6743145544175463,-0.5728716574753137],"T_pred":[-138.16867539953745,11.37763103064505,923.4981643781223],"rotation_error":12.306841978610562,"translation_error":158.8138874621588,"ADD":0,"ADD_S":0}}
{"id_image":34,"data":{"GT_R":[-0.6679672846779064,0.744090578761594,0.012186288291052512,0.3746414110456532,0.3503738701514458,-0.8584176719189061,-0.643010759629036,-0.5688308413424412,-0.5128050157701077],"GT_T":[-168.28210490263587,20.66992885550879,1079.2635339544513],"R_pred":[-0.7970597560720147,0.5971096986386099,-0.09030920795870617,0.4070003741233802,0.42066143701431613,-0.8107987733540791,-0.4461462100184747,-0.6830109539390705,-0.5783161731141468],"T_pred":[-134.907199711677,11.613449759343183,909.6706491504665],"rotation_error":13.658245526173948,"translation_error":173.08278564392947,"ADD":0,"ADD_S":0}}
{"id_image":35,"data":{"GT_R":[-0.6669720797146098,0.7449759381872372,0.01262882805400489,0.3754478819880223,0.3506800274101402,-0.8579406400618557,-0.6435734963025666,-0.5674815956366462,-0.513592636465218],"GT_T":[-168.63773118625303,20.99674359517548,1079.1769925974752],"R_pred":[-0.7023682444531221,0.7114274636853466,0.02344809369808465,0.3607639046011093,0.3841805667957796,-0.849855692005081,-0.6136189813889407,-0.5884524245941283,-0.5264935798929467],"T_pred":[-148.757197314867,14.126213512771496,934.8422566703244],"rotation_error":2.978192272009539,"translation_error":145.85936996225126,"ADD":0,"ADD_S":0}}
{"id_image":36,"data":{"GT_R":[-0.6676156232053297,0.7444239770674653,0.011070143240693347,0.374687494075174,0.3488023629935757,-0.8590375786375347,-0.6433494530763394,-0.5693599403395476,-0.5117913338769177],"GT_T":[-167.62726679787937,19.115714892126757,1079.3785967960305],"R_pred":[-0.8152652678202545,0.5712470784139054,-0.09497009260575637,0.3915572510565186,0.4229608331686102,-0.8171823864660676,-0.42664442130541325,-0.7034066455535463,-0.5685012126285016],"T_pred":[-137.00692323079076,8.72305293634619,923.3669008324133],"rotation_error":15.133395696909655,"translation_error":159.32753101751686,"ADD":0,"ADD_S":0}}
{"id_image":37,"data":{"GT_R":[-0.666122493422147,0.7456609298032078,0.016421759540047785,0.37689654004186957,0.3555307073022107,-0.8553041737584146,-0.6436059843204546,-0.5635494889221583,-0.5178646005033177],"GT_T":[-171.2522467600873,13.289158201619106,1077.454182385497],"R_pred":[-0.7819873015022922,0.6225916495992193,-0.029588817794669597,0.3949489288340641,0.4582205642754018,-0.7962721005334533,-0.4821941558148425,-0.6343607430511881,-0.6042145676608237],"T_pred":[-138.4975531958816,4.271759760811007,904.211848781097],"rotation_error":11.732539824456916,"translation_error":176.54203345895706,"ADD":0,"ADD_S":0}}
{"id_image":38,"data":{"GT_R":[-0.6670746427356943,0.7448239223350561,0.01575223158174571,0.37606919776461534,0.35491459992196694,-0.8559243641154025,-0.6431042292402868,-0.5650422550092709,-0.516859754381107],"GT_T":[-170.85340424031514,12.19883115397535,1077.5285704463515],"R_pred":[-0.7464386754403117,0.6640551886495814,0.04312783595871572,0.3780412728238691,0.4764925679838259,-0.7937503566600065,-0.5476441361400868,-0.5761818628555982,-0.6067127500453823],"T_pred":[-150.05977460502592,1.5129024965793638,933.735217078773],"rotation_error":9.02632156454345,"translation_error":145.68147643874926,"ADD":0,"ADD_S":0}}
{"id_image":39,"data":{"GT_R":[-0.6672880311199991,0.7445673019546388,0.018621042865838357,0.3751607085812208,0.3576104095748137,-0.8552015760083638,-0.6434136142978719,-0.5636804230725971,-0.517960679750025],"GT_T":[-170.67641721136283,9.965508430307338,1077.0048023534255],"R_pred":[-0.80046814082475,0.596393357884859,-0.05971363492026141,0.3843098654352087,0.43424186568621226,-0.8147023563329913,-0.4599529137354602,-0.6750918195002654,-0.5767966300092963],"T_pred":[-140.8163240820055,3.662060117655768,919.6705776925875],"rotation_error":13.027754058745264,"translation_error":160.2667054380017,"ADD":0,"ADD_S":0}}
{"id_image":40,"data":{"GT_R":[-0.6675709554213863,0.7443412254867885,0.017475666928788266,0.37420950591220736,0.35572027691348423,-0.856405445671916,-0.6436743213126529,-0.565172179431097,-0.5160071749769594],"GT_T":[-169.70269650012608,12.43380572981193,1077.360218718528],"R_pred":[-0.8724539675964921,0.47721685587995705,-0.10530027012874978,0.3497159004080403,0.45916395988515935,-0.8166194015233618,-0.3413544542362572,-0.7492880156566154,-0.5674897410230768],"T_pred":[-133.6246096916817,6.598629943711303,908.626899179205],"rotation_error":21.14176223753492,"translation_error":172.6459114690284,"ADD":0,"ADD_S":0}}
{"id_image":41,"data":{"GT_R":[-0.6673163659663109,0.7445416782249693,0.01859469111908455,0.3705042302208045,0.353526568571867,-0.8589207567649306,-0.6460760936358906,-0.5662840098403799,-0.5117701649524363],"GT_T":[-168.3841593163439,17.861893227086682,1077.8554432901567],"R_pred":[-0.7613814895040528,0.6472820823419319,-0.03638864272932579,0.4066572204716281,0.4331199154724572,-0.8043861285846629,-0.5049040824541624,-0.6272424130272319,-0.5929914188425459],"T_pred":[-150.6698021235385,8.298242964053836,982.8106165272329],"rotation_error":10.116567003464068,"translation_error":97.15338878033076,"ADD":0,"ADD_S":0}}
{"id_image":42,"data":{"GT_R":[-0.6678221578701752,0.7441489468482025,0.015990929931897407,0.35981051575437584,0.3415640246123642,-0.8682565376830902,-0.6515739239900709,-0.5740885944010545,-0.49585606562784984],"GT_T":[-161.75594674729092,32.381161633065474,1080.1248141535966],"R_pred":[-0.7804221186316359,0.6237421226774763,-0.043440547283672526,0.38407287913150967,0.4234059545138932,-0.8204970573974122,-0.4933855898444356,-0.6570183879314,-0.5699978049553198],"T_pred":[-137.47839514666927,21.382824798962858,944.7685633471586],"rotation_error":11.309833969921433,"translation_error":137.95534624367613,"ADD":0,"ADD_S":0}}
{"id_image":43,"data":{"GT_R":[-0.6667203292328221,0.7451526162314631,0.015179532409346464,0.3609389820192923,0.340633092416979,-0.8681541926471777,-0.6520788525750542,-0.5733380915943982,-0.4960615488767027],"GT_T":[-161.0065157928005,32.80628159992962,1079.9153616386286],"R_pred":[-0.6389824304577512,0.7515550972179419,0.16390969895657498,0.3354884961053213,0.46403647993265984,-0.8198277954989666,-0.6922058382788281,-0.4688657389247324,-0.5486492470743667],"T_pred":[-154.70138510346146,22.731592682249875,981.7629278508227],"rotation_error":9.63583806324511,"translation_error":98.86937993265298,"ADD":0,"ADD_S":0}}
{"id_image":44,"data":{"GT_R":[-0.6680753164718991,0.7439804841624665,0.012984564378083239,0.36029547315476385,0.3387058972473109,-0.8691746150879492,-0.6510466969601085,-0.5759963328996984,-0.4943335076483188],"GT_T":[-158.48329560739214,33.894651295515565,1080.4947982954614],"R_pred":[-0.7635921715539141,0.6447230144296715,-0.035485633801517175,0.37104107845056344,0.3931462653847535,-0.8412874253881748,-0.528446320494164,-0.6555671198883746,-0.539422133099339],"T_pred":[-133.7401550072125,23.494973190875395,939.6439075023367],"rotation_error":8.938635657204761,"translation_error":143.38531915317245,"ADD":0,"ADD_S":0}}
{"id_image":45,"data":{"GT_R":[-0.6686651038817094,0.7434415146868756,0.013473469491076511,0.35972861595537947,0.339299324523669,-0.869177709915872,-0.6507545008645633,-0.5763431986859604,-0.4943153426504199],"GT_T":[-157.14324414170835,33.20572950310979,1080.7500136180417],"R_pred":[-0.7520105701639901,0.6567460303973393,0.056256145610659836,0.3029441747218913,0.42015956097711415,-0.8553892507634118,-0.5854100523254643,-0.6262192865736855,-0.5149218151908515],"T_pred":[-146.117098586857,23.096053150993477,987.5563063280359],"rotation_error":7.412634165526097,"translation_error":94.3866967331551,"ADD":0,"ADD_S":0}}
{"id_image":46,"data":{"GT_R":[-0.66840781902172,0.7435383117085819,0.019522625665260317,0.35829662902776344,0.3448718869341188,-0.8675748480514562,-0.6518085130454878,-0.5728996209209007,-0.49692220104910795],"GT_T":[-158.674863532949,27.4920410704559,1080.2084347145544],"R_pred":[-0.7614925986153019,0.6468083686040427,-0.04204707549748643,0.4115667230971263,0.4323868821072081,-0.8022807592237898,-0.5007413051598678,-0.6282360372386991,-0.5954642112011501],"T_pred":[-126.21564909307143,15.555623311697863,902.9810290161264],"rotation_error":10.900183082490418,"translation_error":180.5702965649687,"ADD":0,"ADD_S":0}}
{"id_image":47,"data":{"GT_R":[-0.6699801457791527,0.7421300032515077,0.019236964324271584,0.35743525267833515,0.34518071294620895,-0.8678076068172581,-0.650666314292432,-0.5745385176774654,-0.49652738349625913],"GT_T":[-156.4320564511931,26.385543758465868,1080.677534712767],"R_pred":[-0.8839340910386267,0.4673104946071592,-0.01677570653442062,0.2375715441984923,0.41789617239372834,-0.8768822899829914,-0.4027657930942753,-0.7790915804503881,-0.4804123491173556],"T_pred":[-135.09629048887405,17.58196263815362,984.9166580336795],"rotation_error":20.194351054279053,"translation_error":98.50311392076999,"ADD":0,"ADD_S":0}}
{"id_image":48,"data":{"GT_R":[-0.6716267815521682,0.7406592661043282,0.018443663222875537,0.3591590933233972,0.3472560274000555,-0.8662658310963748,-0.6480133816202641,-0.5751840284927177,-0.4992413461956692],"GT_T":[-152.43075134897708,22.821586614544817,1081.094262115164],"R_pred":[-0.8125197014386413,0.5792553198085387,-0.0653835548709987,0.41611020522192,0.49778269412924214,-0.7609629994524081,-0.4082450635148366,-0.6455041935564336,-0.6454922960166338],"T_pred":[-137.41621641572345,7.241323565629333,1012.8905457517096],"rotation_error":16.94918528474164,"translation_error":71.55367063765365,"ADD":0,"ADD_S":0}}
{"id_image":49,"data":{"GT_R":[-0.6717665654134585,0.7402787140401093,0.026779350224789944,0.3530538356407593,0.35174173362699956,-0.8669662595320617,-0.6512161433282223,-0.5729451855878681,-0.49764590968205796],"GT_T":[-155.9319352514725,20.986734588553063,1080.9427919897714],"R_pred":[-0.8979855413106257,0.41651944890973003,-0.14189262234872257,0.3235522597364623,0.40647430813435703,-0.8544545465067901,-0.29822123133085493,-0.8131975070710868,-0.4997738605378219],"T_pred":[-121.98319049692648,15.044183309690052,927.3295111529892],"rotation_error":24.86511100143269,"translation_error":157.4321162773065,"ADD":0,"ADD_S":0}}
{"id_image":50,"data":{"GT_R":[-0.6714804177297297,0.7405654074997594,0.02601106991644829,0.35284597469765344,0.35040350277498683,-0.8675923874368763,-0.65162298973623,-0.5733941899808452,-0.49659441290632456],"GT_T":[-156.65167555991,21.84569966312608,1081.2327992620658],"R_pred":[-0.8311355953758789,0.5527050650113069,-0.06107972830678274,0.33124741084301446,0.4038803853453894,-0.8527343004377504,-0.446641662755483,-0.7289703323483799,-0.5187614862794947],"T_pred":[-126.73662079040743,13.774506827282183,913.421498624622],"rotation_error":15.128444499030651,"translation_error":170.64784580323965,"ADD":0,"ADD_S":0}}
{"id_image":51,"data":{"GT_R":[-0.6712855295609761,0.7406262965851408,0.029114391167038203,0.35248388420196913,0.3535437376061294,-0.8664643035847637,-0.6520204361885575,-0.5713835898369849,-0.4983876820296259],"GT_T":[-157.8228117732108,19.906674978156598,1080.7510756142049],"R_pred":[-0.839416975127541,0.5411061191139667,-0.0508262700298866,0.36055071762434,0.4844533944033017,-0.7970621611089642,-0.40667225364942555,-0.6873929564001516,-0.6017546024777514],"T_pred":[-135.54639021907542,7.458290755614666,970.8451317024778],"rotation_error":17.293740624814166,"translation_error":112.82959600272115,"ADD":0,"ADD_S":0}}
{"id_image":52,"data":{"GT_R":[-0.6721220207003326,0.7397696730444672,0.03148812677038043,0.3510810629451702,0.35584245510441875,-0.8660931778663838,-0.6519145123961589,-0.571066448582547,-0.49888874626781193],"GT_T":[-157.87947456068028,18.212192446318966,1080.4576745165161],"R_pred":[-0.8360850833098563,0.5453234457741208,-0.059867127505753764,0.32926981108687997,0.4115363255244908,-0.8498348335297929,-0.4387973620859189,-0.7302466653555084,-0.5236379309824671],"T_pred":[-129.5217840413372,11.044477559085,926.0331587299843],"rotation_error":15.648062311060317,"translation_error":157.17018109107192,"ADD":0,"ADD_S":0}}
{"id_image":53,"data":{"GT_R":[-0.6730066420653605,0.7387026451802731,0.037146899783286794,0.35002878160603684,0.3623383699489697,-0.8638226779654202,-0.6515680172808043,-0.5683566464614652,-0.502423116636472],"GT_T":[-159.02315406752788,14.65223398618018,1079.735196938012],"R_pred":[-0.8179232309588693,0.5745099774222056,-0.030657366164447808,0.360594141809028,0.4703944022000377,-0.8054197484988058,-0.4483006280954943,-0.6698263896124174,-0.5919114415417049],"T_pred":[-135.67727254321224,5.032364568749815,952.9512533620698],"rotation_error":14.498348119413142,"translation_error":129.27389690275254,"ADD":0,"ADD_S":0}}
{"id_image":54,"data":{"GT_R":[-0.6729093585023692,0.7388345750813146,0.03629186663565994,0.34969945497596094,0.3609621937427054,-0.8645325431767176,-0.6518464281801611,-0.5690611979487753,-0.5012645116166059],"GT_T":[-158.40672522667123,14.316660391711736,1079.5918534308553],"R_pred":[-0.7841182697534546,0.6200209898122188,-0.027064944690970094,0.3741381598259988,0.4374648100413663,-0.8177072687322076,-0.49515570924797403,-0.6513052373255936,-0.5749976621094977],"T_pred":[-133.48977253158304,6.3717917526250565,939.227912184854],"rotation_error":11.178804508949332,"translation_error":142.77959052824224,"ADD":0,"ADD_S":0}}
{"id_image":55,"data":{"GT_R":[-0.6732371577180537,0.7385916481733302,0.035106851093402024,0.3501715593167989,0.360284777742178,-0.8646237439180265,-0.6512526322138306,-0.5698047611587862,-0.5011912810833643],"GT_T":[-157.27470887061048,13.957202839201699,1079.8366141243425],"R_pred":[-0.8772327477771129,0.4074635409183908,0.2538428038169747,0.05276957584658015,0.6074069708580433,-0.7926361987810228,-0.47715624075599,-0.6819312535551542,-0.5543389642919827],"T_pred":[-151.5643963709444,3.941353565588136,999.849203352603],"rotation_error":25.825942542320384,"translation_error":80.81405068107019,"ADD":0,"ADD_S":0}}
{"id_image":56,"data":{"GT_R":[-0.6709032157802356,0.7405652081059853,0.03809451199650371,0.351063683450371,0.362452314373945,-0.8633545796138088,-0.6531785443146015,-0.5658552158888304,-0.5031558201337025],"GT_T":[-162.36841091513054,9.866417858825276,1078.3362548943646],"R_pred":[-0.7889754290137074,0.6143965720654774,0.00588427113812276,0.3573640105930027,0.4666561706805642,-0.8090259466164458,-0.49980869974973474,-0.6361987665815949,-0.587743475552504],"T_pred":[-130.4417585772829,2.1465313035161513,886.3014147627594],"rotation_error":11.505275553972746,"translation_error":194.82373469959924,"ADD":0,"ADD_S":0}}
{"id_image":57,"data":{"GT_R":[-0.6692727073267063,0.7419572282590016,0.03965363303572783,0.35353983064517114,0.36493748051310404,-0.8612950759970911,-0.6535158067172303,-0.5624231940143969,-0.5065542708957756],"GT_T":[-163.6385794480872,7.559094387168165,1077.463353151793],"R_pred":[-0.8147212012066991,0.5748899629807934,-0.07570267345513945,0.3738752416031697,0.4210240902226241,-0.8264115313621803,-0.443223045452834,-0.7015983508505093,-0.557954376327815],"T_pred":[-135.85112540708369,0.7078696973714295,942.0470558128643],"rotation_error":14.838101524636576,"translation_error":138.40757012105985,"ADD":0,"ADD_S":0}}
{"id_image":58,"data":{"GT_R":[-0.6683310901799461,0.7429089472169083,0.03767994085935741,0.3557157805005354,0.36367367916008536,-0.8609334823938922,-0.6532983008901574,-0.5619862743412528,-0.5073187708461203],"GT_T":[-163.89809760855832,4.910345105915309,1077.119938281361],"R_pred":[-0.8215198340219638,0.5538574821137092,-0.13545128945560875,0.3936226724226294,0.3790309901608805,-0.8374942986388202,-0.41251224716775653,-0.7413348757507124,-0.5293923383770145],"T_pred":[-133.16294096837402,-0.8268435631381211,934.2174951266484],"rotation_error":17.351941114146463,"translation_error":146.28285424856492,"ADD":0,"ADD_S":0}}
{"id_image":59,"data":{"GT_R":[-0.6682488694865315,0.7428576311875085,0.04006425935268498,0.3529518710687633,0.36398968330863507,-0.8619373322058134,-0.654880421965666,-0.5618489362800373,-0.5054281685719257],"GT_T":[-165.10006904699955,4.347410010457221,1076.698887671881],"R_pred":[-0.7959454795388411,0.6053662936823329,0.0015633537667300579,0.31216771958341893,0.41265311913466773,-0.855727011446126,-0.5186734121311525,-0.6806240178995637,-0.5174252002043215],"T_pred":[-136.07869167332154,-0.35724140782487285,909.7087783460812],"rotation_error":11.005728360593404,"translation_error":169.55845806763978,"ADD":0,"ADD_S":0}}
{"id_image":60,"data":{"GT_R":[-0.6702748749292192,0.7406579251121561,0.046450360660153636,0.3524421246681734,0.37278459531455044,-0.8583796093331603,-0.6530818180612757,-0.5589804946435741,-0.510906549238695],"GT_T":[-161.78224960252965,-2.581926098637969,1075.212773532147],"R_pred":[-0.7726652038690285,0.6346621510947144,0.013872155487250515,0.36165275632412863,0.45804089393028313,-0.812038067661059,-0.5217238412926832,-0.622416655830623,-0.5834395769669987],"T_pred":[-144.56517947976653,-11.605699805842141,974.4177770930606],"rotation_error":9.838033083217251,"translation_error":102.65226399201524,"ADD":0,"ADD_S":0}}
{"id_image":61,"data":{"GT_R":[-0.6706854843645869,0.7401032769701827,0.049267078141561525,0.35185240376911237,0.37591714926224157,-0.857254856651636,-0.6529773579069112,-0.557614836997262,-0.5125294444796045],"GT_T":[-161.78588059669698,-4.222773664558088,1074.7402648078562],"R_pred":[-0.7942520296883717,0.6053476355873438,-0.05213399490461387,0.38987607745076536,0.4419643002629441,-0.8078763528688603,-0.4660046754781617,-0.6619832304385805,-0.5870416041905331],"T_pred":[-137.02984082428716,-11.12219780739902,946.3082891824864],"rotation_error":13.053448620624774,"translation_error":130.977997853653,"ADD":0,"ADD_S":0}}
{"id_image":62,"data":{"GT_R":[-0.6705958090210898,0.7401348368403258,0.05000888918976234,0.3513525275057207,0.3762665418470601,-0.8573065452105337,-0.6533394630470002,-0.5573359963091955,-0.5123709487429049],"GT_T":[-161.483309506828,-4.621232749224966,1074.4715061658194],"R_pred":[-0.8568207843591944,0.5148634934255613,-0.02781594197078155,0.2790488741938011,0.41766951804332,-0.8646871685810036,-0.4335779852590155,-0.7486439453004932,-0.5015400022566946],"T_pred":[-126.59912101184621,-5.038833956616128,887.1351560448007],"rotation_error":17.421728593110327,"translation_error":190.5570493956776,"ADD":0,"ADD_S":0}}
