{"id_image":1,"data":{"Best_template_id":118,"GT_R":[-0.08828099188061399,0.9921080892047551,0.08904031663226096,0.5710944465742123,0.1236505522646219,-0.811518165727272,-0.8161234347425482,-0.020791124208691975,-0.5775034923841803],"GT_T":[-35.915062717657165,65.39941270538714,927.107488933615],"R_pred":[-0.15418828768173265,0.9843412721206548,0.08542969004781747,0.5667158600697684,0.15893431878114828,-0.8084386286286391,-0.8093572177272268,-0.0762374075730754,-0.5823476210987549],"T_pred":[-54.93784501070634,51.59590829811404,952.3397126243789],"rotation_error":3.808612963346374,"translation_error":34.48286665100658,"ADD":0,"ADD_S":0}}
{"id_image":24,"data":{"Best_template_id":118,"GT_R":[-0.09269620464962902,0.9924488866760223,0.0803284766135193,0.5678017272855331,0.11896008198259898,-0.814523927831897,-0.8179287444702401,-0.02989223872308122,-0.5745422999599699],"GT_T":[-36.905596430047105,69.85812560174583,930.5556489011342],"R_pred":[-0.1007199229803416,0.9886134943477102,0.11179828222492438,0.5364293251321995,0.14859866986952985,-0.8307599018075074,-0.8379135255222027,-0.023702196240352857,-0.5452881161737682],"T_pred":[-59.238839339131665,64.304777884916,1017.0728978740916],"rotation_error":2.7149581589084972,"translation_error":89.52568223447894,"ADD":0,"ADD_S":0}}
{"id_image":38,"data":{"Best_template_id":118,"GT_R":[-0.10040695755718317,0.9921629215638713,0.07437498279299466,0.5659297049621681,0.11843385759427681,-0.8159023382919294,-0.8183165375199836,-0.03983097881372417,-0.5733866260338119],"GT_T":[-37.91315547659542,74.08139439324265,933.714051938444],"R_pred":[-0.02547062023196922,0.9933001594344956,0.11272107510312418,0.5722300825954237,0.10694396741280032,-0.8130902289456221,-0.8196974930288814,0.04379247768070699,-0.5711201614553207],"T_pred":[-59.337192562734394,64.9496993381578,979.1845713124062],"rotation_error":4.840463745552246,"translation_error":51.08762425270131,"ADD":0,"ADD_S":0}}
{"id_image":49,"data":{"Best_template_id":118,"GT_R":[-0.10315671379807442,0.9915996909584699,0.07803109648306222,0.5588112844620765,0.12267416584078207,-0.820171414900163,-0.8228536369993478,-0.041001686918517535,-0.5667720197895105],"GT_T":[-48.85240722517077,82.88768333203735,933.7421437636648],"R_pred":[-0.1349420093119268,0.9824386879909417,0.12885991797877633,0.5366059698451018,0.18178615218782346,-0.8240193128800705,-0.832973401285694,-0.042047820530708546,-0.551713053624037],"T_pred":[-71.90279467868461,73.41847243398307,972.965701405371],"rotation_error":3.626608058926727,"translation_error":46.47013870068806,"ADD":0,"ADD_S":0}}
{"id_image":61,"data":{"Best_template_id":118,"GT_R":[-0.11669271536758279,0.9900655142254727,0.07844065842746781,0.5519330369423096,0.13030758324548442,-0.8236435570039372,-0.8256830042761653,-0.052819113805715315,-0.5616564355663766],"GT_T":[-50.04349240115416,87.83466026476478,935.371742228979],"R_pred":[-0.13309304164764724,0.9845341787357395,0.11392406754553952,0.6005222397557358,0.17155190527469966,-0.7809884655712753,-0.7884537283973817,-0.035530194170078744,-0.614067035003919],"T_pred":[-68.47110975037218,73.71229710107737,960.3413757849952],"rotation_error":4.415650005966598,"translation_error":34.095466302985315,"ADD":0,"ADD_S":0}}
{"id_image":74,"data":{"Best_template_id":118,"GT_R":[-0.127387491136636,0.9887044079199989,0.07896232027440235,0.5438867476929252,0.1362059403503087,-0.8280305077746051,-0.8294332297506966,-0.06253392586864044,-0.5550944027534882],"GT_T":[-53.30704245322494,96.9430071287116,934.3663832065373],"R_pred":[-0.045857048271333745,0.9905092102177627,0.12957096741795188,0.5903928388762548,0.13150313259952318,-0.7963311006862336,-0.8058122777219745,0.039980377565694614,-0.5908198900529904],"T_pred":[-80.0419014350254,88.88903702067523,1002.242847100508],"rotation_error":6.376626454518596,"translation_error":73.39505071888301,"ADD":0,"ADD_S":0}}
{"id_image":81,"data":{"Best_template_id":118,"GT_R":[-0.12256637302977165,0.9898623688986689,0.0717569155900749,0.5539939651911221,0.12822660837910804,-0.8225867891995813,-0.8234488086530188,-0.06106849096233148,-0.5640943391018249],"GT_T":[-63.01369802639535,82.34107419392018,930.5274588680564],"R_pred":[-0.11969268761968743,0.9864974413979342,0.11178756033524295,0.6073936436212704,0.16182770009688097,-0.7777433748800638,-0.7853321731718709,-0.025191141234245262,-0.61856186770966],"T_pred":[-84.6045763123892,65.03703396290167,942.1536379829314],"rotation_error":4.677331308595888,"translation_error":30.01272853787976,"ADD":0,"ADD_S":0}}
{"id_image":88,"data":{"Best_template_id":118,"GT_R":[-0.11415412341111261,0.9918103750922042,0.05728117598134237,0.560682865210154,0.11191631728249116,-0.8204326775118629,-0.8201237467723619,-0.06153904852867487,-0.5688668531980534],"GT_T":[-73.70478451065995,79.33622600143896,931.3960349505378],"R_pred":[-0.1662147449049325,0.9834503809379418,0.07209720389311564,0.5983429932887925,0.15870256027003649,-0.7853656216985458,-0.7838101306811467,-0.08740048968256847,-0.614819350252455],"T_pred":[-89.77630155796201,61.765356048129405,909.5497262656015],"rotation_error":4.42733096420894,"translation_error":32.31548134061072,"ADD":0,"ADD_S":0}}
{"id_image":119,"data":{"Best_template_id":126,"GT_R":[-0.1388166604149006,0.9888453974889048,0.053977583459569156,0.5609673247809869,0.12343350120189948,-0.8185834145229148,-0.816115990724567,-0.08335359764737336,-0.571845790926207],"GT_T":[-80.56237824402983,72.6962885405722,926.9955604957651],"R_pred":[-0.3356995824295542,0.9415539272165481,0.027964128803138755,0.5314964184724176,0.2138413845787761,-0.8196239499870814,-0.7777000369728782,-0.2602845834553556,-0.5722190036234869],"T_pred":[-94.68734291659504,57.95970142125126,949.0609416453855],"rotation_error":11.727687126065595,"translation_error":30.05931922390417,"ADD":0,"ADD_S":0}}
{"id_image":246,"data":{"Best_template_id":126,"GT_R":[-0.2492844291258494,0.9661205118298605,0.06683851595597605,0.541045742111084,0.19618091598679982,-0.8177910479161308,-0.8031974426575866,-0.16770055381795376,-0.571620447065616],"GT_T":[-93.91247841498823,38.97033714367164,896.2762540323786],"R_pred":[-0.2945643480032972,0.9489939969169565,0.11243771031541006,0.5156559004296926,0.25690104111737144,-0.817374361859273,-0.8045687274791604,-0.18279017722074214,-0.5650282416606928],"T_pred":[-117.88831899798342,24.77876139923331,934.0243938877071],"rotation_error":3.850539550046221,"translation_error":46.916562281445685,"ADD":0,"ADD_S":0}}
{"id_image":483,"data":{"Best_template_id":118,"GT_R":[-0.3407593915561499,0.9380084471699165,0.06341846433402909,0.43312998169311223,0.2165018823104202,-0.8749433052516529,-0.8344346481940461,-0.2706766831597202,-0.48005504924948056],"GT_T":[-96.36065072556936,80.09219239047971,854.038904955331],"R_pred":[-0.27106732413221557,0.958122871875025,0.09232046456639376,0.3765896559388933,0.19382900586528196,-0.9058755695596953,-0.8858344861358843,-0.2107863346501163,-0.4133598726257096],"T_pred":[-49.16141365021441,65.29371333095504,512.9870999519861],"rotation_error":5.935267191444821,"translation_error":344.6202209084811,"ADD":0,"ADD_S":0}}
{"id_image":518,"data":{"Best_template_id":118,"GT_R":[-0.3433474766859202,0.9372752405689236,0.060220465143255124,0.4221902312528086,0.21129822185437955,-0.8815379576750522,-0.8389678262936069,-0.27724924730630385,-0.4682571428757573],"GT_T":[-111.96455425759675,86.7846993710782,843.9483787465773],"R_pred":[-0.27008902891023157,0.9542598724067641,0.12821861166209275,0.440200967788785,0.24081795223418034,-0.8650027871860029,-0.8563147928303851,-0.17718580585352361,-0.4851084062185402],"T_pred":[-58.78041538176836,63.87149325140022,500.2803353272409],"rotation_error":6.059305798879946,"translation_error":348.51297208328003,"ADD":0,"ADD_S":0}}
{"id_image":526,"data":{"Best_template_id":118,"GT_R":[-0.3417781083417388,0.9379929073193964,0.05793032922262557,0.42131330900458197,0.20803215856548696,-0.8827329527870724,-0.84004913525979,-0.27729235385469725,-0.46628973859387257],"GT_T":[-119.53689392849472,89.07344718844186,839.7225750543612],"R_pred":[-0.29532826727693406,0.9521821111356961,0.07829713775338903,0.3542688224563764,0.18525195507630599,-0.9166107759435185,-0.887285081573322,-0.24296283743316754,-0.39203857417841925],"T_pred":[-64.61121589753766,71.48915512908677,517.7330738921568],"rotation_error":5.416385976135688,"translation_error":327.1135525976787,"ADD":0,"ADD_S":0}}
{"id_image":528,"data":{"Best_template_id":118,"GT_R":[-0.34199187791771135,0.937791278931779,0.05989798646205201,0.42104510899944436,0.20990709310404798,-0.8824168471288373,-0.8400966279437158,-0.2765598485262678,-0.46663898774871004],"GT_T":[-121.53131630083175,90.24159140264699,838.5083227646021],"R_pred":[-0.21015087241659725,0.9737883538397509,0.08702213941642095,0.36293152006885293,0.16035239695678327,-0.9179149309880115,-0.9078090782554749,-0.16131754621330585,-0.3871166835989674],"T_pred":[-70.27775946997279,72.858026576731,525.0425223661673],"rotation_error":9.131961697516305,"translation_error":318.1036363094617,"ADD":0,"ADD_S":0}}
{"id_image":537,"data":{"Best_template_id":118,"GT_R":[-0.3445285752765957,0.9370910764049069,0.056214178768747666,0.4220294684053737,0.20809424921304168,-0.8823767455803431,-0.8385643628373376,-0.2802795897953143,-0.46717449102102987],"GT_T":[-124.26344272273958,86.05317929579667,834.7063817566724],"R_pred":[-0.15496091366033216,0.9805080102657194,0.12079386177415913,0.3214837063298738,0.1656639672273139,-0.932310933394495,-0.9341495286098271,-0.10563849566927286,-0.34088878894849345],"T_pred":[-70.41887926085762,69.61016266532044,509.2269511989213],"rotation_error":13.589242308581598,"translation_error":330.3126844771612,"ADD":0,"ADD_S":0}}
{"id_image":541,"data":{"Best_template_id":118,"GT_R":[-0.3495417947692018,0.9353471928037115,0.054273529125705745,0.4228917241930969,0.20919661149249386,-0.8817020942238146,-0.8360518759260173,-0.28524007909699106,-0.4686742987744507],"GT_T":[-121.40979253031026,82.82436315267535,834.4065733450566],"R_pred":[-0.2750240274678496,0.9559362205356419,0.10270212550573748,0.40895650350119467,0.2129907438793388,-0.8873497175667568,-0.870124337413591,-0.20204179094870106,-0.449513906515472],"T_pred":[-63.88672087087328,62.25810587492539,496.8219559703249],"rotation_error":5.286415223570673,"translation_error":343.0674111593745,"ADD":0,"ADD_S":0}}
{"id_image":553,"data":{"Best_template_id":118,"GT_R":[-0.35766462852025366,0.9329066978008616,0.04195069526845832,0.4337244352276938,0.20573206533896254,-0.8772446422335337,-0.8270180901132017,-0.29556437758356147,-0.4782072427849538],"GT_T":[-118.78138734645881,73.63372678009797,833.1067627901243],"R_pred":[-0.2737539632220297,0.9578550432744026,0.08702001892681965,0.4495351196896005,0.20741060976967773,-0.8688492476377172,-0.8502805088827382,-0.19873237035964464,-0.487368957962393],"T_pred":[-65.69613180611628,59.596464375525905,515.3772865840461],"rotation_error":5.734919012282145,"translation_error":322.4393107885375,"ADD":0,"ADD_S":0}}
{"id_image":554,"data":{"Best_template_id":118,"GT_R":[-0.3577022674764693,0.9329250274276941,0.041219524714449354,0.43466254338167737,0.20540063347088502,-0.876857832213786,-0.826509224269301,-0.29573749837408814,-0.47898030556352983],"GT_T":[-119.21543589904184,73.32381407696644,832.5614010962568],"R_pred":[-0.20818900559157205,0.9712723775269081,0.11527057995871864,0.42033938601352355,0.195261644371299,-0.8861081710509107,-0.883160313033011,-0.13602521417238517,-0.44891536239339186],"T_pred":[-65.34346885118104,56.72595069376957,498.6969077167076],"rotation_error":9.880018839163347,"translation_error":338.5899848519978,"ADD":0,"ADD_S":0}}
{"id_image":565,"data":{"Best_template_id":118,"GT_R":[-0.3608873862021942,0.9315327751163412,0.04478946535198944,0.4374065348408722,0.2114819920580438,-0.8740426321885156,-0.8236712096660616,-0.2958396164226176,-0.48378033951951604],"GT_T":[-122.50134364719767,72.98800926804711,825.0410889625401],"R_pred":[-0.3430208616023811,0.9375645862642413,0.05752682060328046,0.44361113605335045,0.21567514365534057,-0.8698812518836716,-0.8279769613189825,-0.27286787827153636,-0.489895164838942],"T_pred":[-66.13989719512675,60.12677615405474,512.4676574265151],"rotation_error":1.3901866949168213,"translation_error":317.8744627452609,"ADD":0,"ADD_S":0}}
{"id_image":574,"data":{"Best_template_id":118,"GT_R":[-0.37001823500968617,0.927826327918187,0.04717085904265489,0.44070628337217166,0.2199991345076195,-0.8702748336916902,-0.8178407468574513,-0.30122873067275896,-0.49030339922540533],"GT_T":[-118.9090036690367,68.1338148223664,817.824774483161],"R_pred":[-0.2665095015035073,0.9590922048226214,0.09547160969018398,0.3802973565885332,0.19565654699170165,-0.9039316546017502,-0.8856334491086739,-0.20459877386672382,-0.4168845590233669],"T_pred":[-68.03401858133381,57.97318417503833,515.4302951553409],"rotation_error":7.978882189486028,"translation_error":306.8125219914742,"ADD":0,"ADD_S":0}}
{"id_image":575,"data":{"Best_template_id":118,"GT_R":[-0.36985683133818,0.9277896070377257,0.0491046542156111,0.4423635988432526,0.2223297087755311,-0.8688408425757106,-0.8170186412572141,-0.29962451890416264,-0.4926512372773839],"GT_T":[-118.36554374864957,67.54085084382139,816.9449803913272],"R_pred":[-0.22918595876537062,0.9670101066561892,0.11119914536354658,0.4492212135906576,0.20642456910254803,-0.8692463393831256,-0.8635242310236201,-0.14926604066435395,-0.48171106644902073],"T_pred":[-69.49765908605976,57.109257703980724,520.6492989710761],"rotation_error":9.102614695207,"translation_error":300.47964842085787,"ADD":0,"ADD_S":0}}
{"id_image":584,"data":{"Best_template_id":118,"GT_R":[-0.37458692712555053,0.9255378914010699,0.055347261634382666,0.44314495465303594,0.23114625436594857,-0.866137637371426,-0.8144365791327958,-0.2999169986997656,-0.4967316282174652],"GT_T":[-121.25876508673657,68.4681844872417,808.6030162030833],"R_pred":[-0.2331069246264476,0.9689059245950886,0.08296065920504692,0.31176018716484694,0.15526774720775138,-0.9373886666564566,-0.9211225474333691,-0.19264795862288825,-0.3382602794421696],"T_pred":[-71.07951870425968,60.600750073415355,511.25223961777243],"rotation_error":12.758311687808677,"translation_error":301.65764970850086,"ADD":0,"ADD_S":0}}
{"id_image":592,"data":{"Best_template_id":118,"GT_R":[-0.3752380150707852,0.9250563600545859,0.0588847085560031,0.43908843672135944,0.23333917241289304,-0.8676141940381246,-0.8163313599571194,-0.29970592445250216,-0.4937397211714391],"GT_T":[-123.77100320980172,80.00881922886035,804.164757573847],"R_pred":[-0.16491947026377707,0.9738169352442088,0.1564677121948561,0.5267866131705101,0.22108565101784294,-0.8207417371490014,-0.8338449691113204,-0.052931196336319264,-0.5494550536141671],"T_pred":[-73.94348154315162,61.22354596036686,503.36008803436374],"rotation_error":14.67468306861826,"translation_error":305.4817795286164,"ADD":0,"ADD_S":0}}
{"id_image":597,"data":{"Best_template_id":118,"GT_R":[-0.3779495941361334,0.9239272857007178,0.05926827584294612,0.4389272425113849,0.2351806442142572,-0.8671985860148271,-0.8151667525467353,-0.3017427949567402,-0.4944236694408197],"GT_T":[-122.1709417099509,80.14091393864189,802.254234264615],"R_pred":[-0.15476898252537719,0.9764663905594699,0.15019970091787765,0.4078032238584117,0.20161768789728796,-0.8905317728961935,-0.8998572623803984,-0.07657477414078417,-0.42941030647452133],"T_pred":[-73.81328830126843,62.2352751609475,498.80236228118923],"rotation_error":14.394790452656427,"translation_error":307.8020681435993,"ADD":0,"ADD_S":0}}
{"id_image":606,"data":{"Best_template_id":118,"GT_R":[-0.3808843537202676,0.9229777502415212,0.05513401693867501,0.4457201915442106,0.23552401954744534,-0.8636324790138309,-0.8100992089982076,-0.30436976564035495,-0.5010977292900058],"GT_T":[-122.26073235220434,77.33084187088394,796.2340922085779],"R_pred":[-0.2603394398305727,0.956295045654733,0.1331283655909427,0.4970159670920986,0.25094526406000894,-0.8306633511244843,-0.8277671801443989,-0.1500875081479618,-0.5406248564149876],"T_pred":[-70.18095691962777,58.06070913514209,496.7401915955904],"rotation_error":9.191268905590961,"translation_error":304.5984857630496,"ADD":0,"ADD_S":0}}
{"id_image":610,"data":{"Best_template_id":118,"GT_R":[-0.3841870309239386,0.9215562046271768,0.05598259814353272,0.44939137231871,0.2396259693389094,-0.860596751603395,-0.8065028443777466,-0.3054718755796895,-0.5062006859389045],"GT_T":[-118.83468828082727,73.94075183524507,791.735410582924],"R_pred":[-0.19160941126581266,0.9773309135721459,0.09005619851294844,0.32742115009854944,0.1501516664075475,-0.9328718387555602,-0.9252465746937473,-0.14926071971979626,-0.34876928414958874],"T_pred":[-75.57247841281288,65.29560758568766,524.3033147328173],"rotation_error":14.802560053487605,"translation_error":271.0466439794827,"ADD":0,"ADD_S":0}}
{"id_image":613,"data":{"Best_template_id":126,"GT_R":[-0.38517129028645947,0.9208789857349637,0.060196668418082515,0.4483233021492161,0.2437348472015516,-0.8599993024027199,-0.8066278478596266,-0.30425966908648405,-0.5067318497022242],"GT_T":[-118.72750722553228,74.14353055379286,787.4466360226635],"R_pred":[-0.3666112578303221,0.924868273900403,0.10106859831103793,0.46947505601501827,0.2776878840734326,-0.8381423571318387,-0.8032368003345989,-0.25982323793554035,-0.5360060891603071],"T_pred":[-63.79927763577583,52.84568579146636,472.9611125851441],"rotation_error":3.379091694244119,"translation_error":319.95601736669323,"ADD":0,"ADD_S":0}}
{"id_image":621,"data":{"Best_template_id":118,"GT_R":[-0.39113388788416464,0.9181531912532079,0.0633149820829816,0.44851070373446833,0.250235035030445,-0.858033523724078,-0.8036493696488779,-0.3072083953271408,-0.5096770698028462],"GT_T":[-115.3568921726142,75.41342590684106,779.267283940479],"R_pred":[-0.30674376504962436,0.949945479520204,0.0592608516839806,0.339387960454131,0.16733541805946406,-0.9256428415764095,-0.8892266723968452,-0.26382275072858014,-0.3737291549986962],"T_pred":[-69.8537106785951,63.586061994732134,512.4882198381637],"rotation_error":9.868640446850979,"translation_error":270.89019012598885,"ADD":0,"ADD_S":0}}
{"id_image":790,"data":{"Best_template_id":118,"GT_R":[-0.5048716663167898,0.8620290527937505,0.04483285769602457,0.4018537007942053,0.2806888560832079,-0.8716232923653895,-0.7639491582504184,-0.42204197767370477,-0.4881218385757783],"GT_T":[-88.63180419111659,70.6720265114984,707.5414502618193],"R_pred":[-0.13482028916406236,0.9782865878503985,0.15741296535464688,0.22001079363079057,0.1844528975912323,-0.9578999839524731,-0.9661359843809091,-0.09451180139127119,-0.24010160158172333],"T_pred":[-73.36458339429379,64.46602370714598,522.9185138779441],"rotation_error":26.573965928670205,"translation_error":185.35703693324135,"ADD":0,"ADD_S":0}}
{"id_image":844,"data":{"Best_template_id":118,"GT_R":[-0.5728901133363318,0.8188503931374076,0.035794775290798705,0.37783048835527594,0.3025921088299491,-0.875032176320524,-0.7273513582400508,-0.48777346377895353,-0.482739444549579],"GT_T":[-137.6115268527217,77.01197089711646,719.9772336116182],"R_pred":[-0.05173153878975556,0.998378366347727,0.023758903663429365,0.21311675121117207,0.034279238267663215,-0.9764252066476902,-0.9756562397933196,-0.045448558091900904,-0.21454447165967166],"T_pred":[-99.53301702594598,69.72729865849257,503.56192437384453],"rotation_error":35.477345355030636,"translation_error":219.86046809904968,"ADD":0,"ADD_S":0}}
{"id_image":978,"data":{"Best_template_id":176,"GT_R":[-0.7323718820195778,0.680167485884756,0.03167440361718354,0.31447819079761224,0.37914197041237213,-0.8702610953819372,-0.603932305896487,-0.6273936943207028,-0.49157144101153893],"GT_T":[-101.26595427881753,36.807735915577204,750.5408428154172],"R_pred":[-0.99405346208812,0.09892984610008447,0.04550384666417025,0.008891626269725214,0.49022316396571397,-0.8715515982968098,-0.10852950517210631,-0.8659642804770056,-0.4881876805543537],"T_pred":[-41.16202712873495,33.779824917976484,459.1961250935449],"rotation_error":37.21662299072133,"translation_error":297.4952013870296,"ADD":0,"ADD_S":0}}
{"id_image":1026,"data":{"Best_template_id":176,"GT_R":[-0.7339208670733803,0.6792217682610351,-0.00419225182491566,0.32928802734328266,0.35039443049800995,-0.8768089484412027,-0.5940789031558241,-0.6448882554798464,-0.4808210024780839],"GT_T":[-124.51084525341648,54.04501762078213,747.445872941901],"R_pred":[-0.9740688293332136,0.2243574083121524,-0.029217615523463192,0.14050591724117695,0.498628881845096,-0.8553521645557024,-0.17733584787526271,-0.8372771294651277,-0.5172223946553336],"T_pred":[-62.35410079724519,42.84943655068033,503.20763910932214],"rotation_error":29.98241982104629,"translation_error":252.27191041125542,"ADD":0,"ADD_S":0}}
{"id_image":1028,"data":{"Best_template_id":118,"GT_R":[-0.7347372599623782,0.6783103287298649,-0.007457668897292687,0.3311744200895296,0.3490853115980148,-0.8766201347250133,-0.5920178383532527,-0.646554881268437,-0.4811254325460539],"GT_T":[-124.77454047138754,54.29636303662032,746.6039920803477],"R_pred":[-0.023521545489472606,0.9936186451179276,-0.11031194392177307,0.24515247978461546,-0.10124068739065761,-0.9641838957751372,-0.9691991531946571,-0.049722341966975836,-0.24120673737704512],"T_pred":[-81.76958691049833,53.450265677549275,500.60454088596475],"rotation_error":49.264412777457956,"translation_error":249.73159972148667,"ADD":0,"ADD_S":0}}
{"id_image":1035,"data":{"Best_template_id":118,"GT_R":[-0.730980299279291,0.6821911993824327,-0.01683455403791844,0.3421544537890454,0.3450567078911473,-0.8739947730050438,-0.5904219192190971,-0.6446324608046871,-0.48564412191414724],"GT_T":[-134.05959283188935,53.082919971152876,743.4069313622224],"R_pred":[-0.07884254284882014,0.9710363039299426,0.2255489966442063,0.29105746030715,0.23881757203898368,-0.9264187617297897,-0.9534513140358472,-0.00739349277954332,-0.3014563451444256],"T_pred":[-102.99761514574716,49.07928902178514,512.1145587739088],"rotation_error":44.681616006393966,"translation_error":233.40316436604797,"ADD":0,"ADD_S":0}}
{"id_image":1040,"data":{"Best_template_id":126,"GT_R":[-0.7290263178007317,0.6840625664755996,-0.02404129712495595,0.3497129669791631,0.3420480317121041,-0.8721836242220795,-0.5884045095341365,-0.644252215431889,-0.488588211800663],"GT_T":[-138.85108883418943,51.90395936315594,742.6869238665921],"R_pred":[-0.07989129691230146,0.9961843180711317,0.03513097076405125,0.5289503170094351,0.07223995633800562,-0.8455725580007318,-0.8448839818657284,-0.048971350169636496,-0.5327033546442844],"T_pred":[-104.72675555057239,42.21848470524425,574.4462926420057],"rotation_error":42.48147139202107,"translation_error":171.93949091540227,"ADD":0,"ADD_S":0}}
{"id_image":1046,"data":{"Best_template_id":176,"GT_R":[-0.7321135019612356,0.6806078939082458,-0.027958208633447036,0.35284509250443125,0.3437995204872173,-0.8702316039203172,-0.5826744186819803,-0.6469730485498718,-0.4918499293457648],"GT_T":[-137.98523486053736,50.113314193404655,740.0504801574731],"R_pred":[-0.9767603286319549,0.20393305143441923,-0.06595885796041154,0.1670747763723879,0.5316742971283052,-0.8303062452331904,-0.13425825676997225,-0.8220302624026496,-0.5533904301515513],"T_pred":[-72.30212924947105,38.64426860256496,515.9790133999799],"rotation_error":31.663744032444402,"translation_error":233.78158948970648,"ADD":0,"ADD_S":0}}
{"id_image":1054,"data":{"Best_template_id":176,"GT_R":[-0.7405784180807766,0.6713352560507991,-0.029200664133871478,0.35112734208853635,0.3495606966851133,-0.8686290576403902,-0.5729341629036196,-0.6535408292134862,-0.4946011531884892],"GT_T":[-133.71715357828865,48.78239246046277,736.0982603832554],"R_pred":[-0.9707302600703506,0.18326306085868707,-0.15523341363396861,0.2278197248831281,0.4980018532287087,-0.8367152007313761,-0.07603246108028766,-0.8475899979975439,-0.5251764086062873],"T_pred":[-65.9999364543833,37.46643516655532,504.6508749519761],"rotation_error":32.61696738484136,"translation_error":241.41575053723983,"ADD":0,"ADD_S":0}}
{"id_image":1057,"data":{"Best_template_id":118,"GT_R":[-0.7412464026769457,0.6704326998352698,-0.03275463177489938,0.35505037895977154,0.35020508541792494,-0.8667729809053968,-0.5696427150161573,-0.6541219342241641,-0.49762584137651306],"GT_T":[-134.3948970363831,48.24791662531888,733.7979209126685],"R_pred":[0.012574469801380106,0.9904781779266201,0.1370943534956014,0.36691167961781396,0.12297081835035262,-0.9220921847593544,-0.9301707918813883,0.061896339838534487,-0.36187171904605053],"T_pred":[-174.69011173668392,53.74552992335313,887.5017425684741],"rotation_error":49.74904461524616,"translation_error":158.99305919227345,"ADD":0,"ADD_S":0}}
{"id_image":1066,"data":{"Best_template_id":176,"GT_R":[-0.7634093493673489,0.6451247333075051,-0.03193756521480097,0.3427147780101174,0.3626493597552417,-0.8666205106396379,-0.547496518527269,-0.6725321124766735,-0.49794462529538513],"GT_T":[-118.33955091242889,45.16025490046214,737.6882038765499],"R_pred":[-0.9631011897709651,0.2580522915790593,-0.07645333918507138,0.19563655495848925,0.4761536204732746,-0.8573237825198635,-0.18483083245423484,-0.8406466228570649,-0.5090685797152346],"T_pred":[-58.35444165074825,36.493580417692854,504.7560528329982],"rotation_error":25.384615343908393,"translation_error":240.6879963136966,"ADD":0,"ADD_S":0}}
{"id_image":1071,"data":{"Best_template_id":176,"GT_R":[-0.7753618847420074,0.6310049288298455,-0.02543340456806928,0.3298740679140456,0.37034072872325735,-0.8683489422083333,-0.5385133112413928,-0.6816744771667403,-0.49530114726104124],"GT_T":[-114.48359518820486,45.383526191956385,742.0498670509135],"R_pred":[-0.9814563577709361,0.1765530198201148,-0.07464883779005839,0.15890743420965048,0.5316048037684366,-0.8319523784227244,-0.10720002399213303,-0.8283872064455852,-0.5498025018616828],"T_pred":[-54.14174771050328,35.72823367694419,499.7384193270321],"rotation_error":29.49807748012755,"translation_error":249.89838120447268,"ADD":0,"ADD_S":0}}
{"id_image":1073,"data":{"Best_template_id":126,"GT_R":[-0.7784837962561769,0.627153519606579,-0.025298289471087296,0.32657714876415256,0.3703012484651153,-0.86961166051361,-0.5360117990162258,-0.6852405129560833,-0.49308775433203045],"GT_T":[-115.66129982264178,47.81133492285576,743.6998607887828],"R_pred":[-0.029572283503638608,0.9978604481579672,0.058309570829848945,0.48434528380859043,0.06533423412965012,-0.8724339997404205,-0.8743769931218206,0.0024421000538032422,-0.4852410844586131],"T_pred":[-80.90458480197984,40.7172983078541,504.610723986036],"rotation_error":49.65881234145077,"translation_error":241.70637130949822,"ADD":0,"ADD_S":0}}
{"id_image":1076,"data":{"Best_template_id":126,"GT_R":[-0.7831175733513516,0.6212507644797182,-0.027831418611207207,0.32327779668716494,0.3684594165202284,-0.8716242421900238,-0.5312427115853618,-0.6915814603779371,-0.48938338212940097],"GT_T":[-115.99942008762868,51.65192788046373,747.3863729391014],"R_pred":[-0.059673131053173956,0.997447466194172,0.03921313062147547,0.47545527523463005,0.06294151534317605,-0.8774854112165438,-0.8777137339029583,-0.033718212128327985,-0.477997576865193],"T_pred":[-81.99301045721379,44.11450508410254,530.4851116074195],"rotation_error":48.29619820381868,"translation_error":219.6802353550206,"ADD":0,"ADD_S":0}}
{"id_image":1078,"data":{"Best_template_id":126,"GT_R":[-0.7846837432438585,0.6192719807082987,-0.027809216979642677,0.3210367897284497,0.36759408394848003,-0.8728169481623097,-0.5302884382787798,-0.6938137476668067,-0.4872540848438222],"GT_T":[-118.19760917084116,53.5185770031484,748.9561650479708],"R_pred":[-0.13224194090817842,0.9911669232992041,0.010009956165087763,0.5068356560994979,0.07629398962829892,-0.8586599122194933,-0.851839002846799,-0.10847745067149223,-0.512448003142548],"T_pred":[-84.5373883830257,44.4118496293855,551.3013567327732],"rotation_error":44.18531344430137,"translation_error":200.70716528580144,"ADD":0,"ADD_S":0}}
{"id_image":1081,"data":{"Best_template_id":176,"GT_R":[-0.7859220195729507,0.6177573562661288,-0.02648369414453907,0.3187910232598953,0.36812739021422,-0.8734158185668998,-0.5298096880046692,-0.6948787732239913,-0.4862556726389596],"GT_T":[-124.20672741311509,55.56923871951608,750.5755120469299],"R_pred":[-0.9344213525528559,0.3535540844361081,0.04308416497782799,0.16978553324018159,0.5485030289163185,-0.8187290760513946,-0.3130968038732407,-0.7577228626933257,-0.572561310914554],"T_pred":[-66.68976712364332,40.96496497750214,499.90205425183524],"rotation_error":18.772613290024996,"translation_error":257.60176236862486,"ADD":0,"ADD_S":0}}
{"id_image":1082,"data":{"Best_template_id":118,"GT_R":[-0.7869002129458765,0.6165409455262016,-0.02578906325009048,0.31758077748938535,0.36879372609953265,-0.8735754293694727,-0.5290830360722231,-0.695606697216893,-0.4860061118883027],"GT_T":[-126.17737184494486,55.07969980172826,751.0192576109991],"R_pred":[0.07813578228408069,0.9727851177741158,0.21813737452361193,-0.02727704834459116,0.2208104557485957,-0.9749352313183192,-0.9965694969044867,0.0702271832647251,0.04378790438284441],"T_pred":[-101.58868092447214,56.6843593007508,512.1227851186244],"rotation_error":62.79864670953711,"translation_error":240.1639090758441,"ADD":0,"ADD_S":0}}
{"id_image":1083,"data":{"Best_template_id":126,"GT_R":[-0.7872378862805454,0.6161546534935679,-0.024674887999589928,0.31633257744348875,0.3691713240634447,-0.8738684746029294,-0.5293292851014919,-0.6957480532830298,-0.48553550252649835],"GT_T":[-128.66156042160242,54.83111021487041,751.0441128810617],"R_pred":[-0.0836159185244929,0.9963788934683702,0.015410347823856085,0.5109780989944552,0.05614756896649398,-0.8577580269791512,-0.8555172473523364,-0.06384787506174144,-0.513822623414717],"T_pred":[-93.04153858957271,45.25168671627902,553.3790978056782],"rotation_error":47.23229919057117,"translation_error":201.07712325033702,"ADD":0,"ADD_S":0}}
{"id_image":1086,"data":{"Best_template_id":126,"GT_R":[-0.7889172033476268,0.6141194885591085,-0.02160018161501926,0.31314017416615003,0.3715275974102209,-0.8740192270083937,-0.5287275903604816,-0.6962926225807822,-0.4854109322302636],"GT_T":[-134.89268106983954,54.495812844085556,751.8148198499327],"R_pred":[-0.0795447323973476,0.9968134506585249,0.0059649085557847425,0.4914491227050984,0.04442185569481083,-0.869772647609143,-0.8672660464587687,-0.06625438342384521,-0.4934166204506113],"T_pred":[-91.24450917900072,44.667643751828884,522.1446486050428],"rotation_error":47.56246185883907,"translation_error":233.9874855131686,"ADD":0,"ADD_S":0}}
{"id_image":1087,"data":{"Best_template_id":126,"GT_R":[-0.7895577896532318,0.6133337597151977,-0.020479021263282743,0.3116350050936608,0.37197968795571734,-0.8743654231654092,-0.5286599352858958,-0.6967439209427486,-0.48483583037972877],"GT_T":[-136.64565351816668,54.46742108060904,752.1088596828722],"R_pred":[-0.03909835860408373,0.9988534055224088,0.0276259412645547,0.5332986719764592,0.04423937823129298,-0.8447694382977247,-0.845022984789533,-0.018296220647848027,-0.5344168817387733],"T_pred":[-101.76855486132857,44.13252590292185,574.2600585095216],"rotation_error":50.10351704268656,"translation_error":181.53076364035545,"ADD":0,"ADD_S":0}}
{"id_image":1092,"data":{"Best_template_id":126,"GT_R":[-0.7958102764203063,0.6051638128553646,-0.021486307515092923,0.3084734918970328,0.37460887551879907,-0.874363642450279,-0.5210844302032915,-0.7024559577524349,-0.48479586797982793],"GT_T":[-139.25074168819123,53.62368224601344,755.2503629503661],"R_pred":[-0.09087394566082674,0.9958289933372357,-0.008157329770242638,0.4634972176804087,0.0350434455998615,-0.8854051536573576,-0.8814262619201635,-0.08424115947348354,-0.46474850386850125],"T_pred":[-88.9957677714402,44.55314203066523,504.76510712860204],"rotation_error":47.57748700117444,"translation_error":255.63783070442875,"ADD":0,"ADD_S":0}}
{"id_image":1093,"data":{"Best_template_id":176,"GT_R":[-0.7970586262851621,0.6035066359583094,-0.021860752116901885,0.30777781735225423,0.3748090935278366,-0.8745229988280495,-0.5195866311706959,-0.7037740293568263,-0.4844914188206021],"GT_T":[-139.2806928742279,53.82074105027155,755.9160277173481],"R_pred":[-0.955190232569206,0.29375290834911005,-0.03634347865608799,0.18389995698251038,0.4927572255863143,-0.8505122706077257,-0.23193194136689538,-0.8190845777262064,-0.5246980361168367],"T_pred":[-67.13122116019407,41.29422098753624,482.6743607472071],"rotation_error":20.308692091777985,"translation_error":282.88419634563843,"ADD":0,"ADD_S":0}}
{"id_image":1099,"data":{"Best_template_id":118,"GT_R":[-0.807339976047906,0.5896150641129955,-0.023561914459083393,0.30014054651955424,0.3759388828929056,-0.8766902230233706,-0.5080516283486823,-0.7148587308717561,-0.48047896269301665],"GT_T":[-135.9451835276148,56.763088436466916,761.0538754638773],"R_pred":[-0.13103548381378782,0.9715903267865026,0.19708358347813504,0.2421711841723334,0.22414531051588826,-0.943987286635951,-0.9613442773212184,-0.07596786602657957,-0.2646621691763132],"T_pred":[-103.19481898911647,54.514114314151904,533.4260923626119],"rotation_error":48.37790833584416,"translation_error":229.9827208761651,"ADD":0,"ADD_S":0}}
{"id_image":1101,"data":{"Best_template_id":126,"GT_R":[-0.811758618400208,0.5834742472157827,-0.024594587624326817,0.2973043501345364,0.376642604232085,-0.8773544716509094,-0.5026503648647931,-0.7195121008102254,-0.4792124981113081],"GT_T":[-132.9725142446812,57.54245543203244,763.1602985351645],"R_pred":[-0.0670117649717048,0.9974435649355515,0.024814474083378113,0.4440729606890252,0.05208720550022028,-0.8944753370596982,-0.8934811855547156,-0.04892093408588383,-0.4464281725741604],"T_pred":[-84.68149095682162,47.23771659812435,499.8914361082796],"rotation_error":50.56419599591097,"translation_error":267.85948647783545,"ADD":0,"ADD_S":0}}
{"id_image":1108,"data":{"Best_template_id":176,"GT_R":[-0.8237813370888796,0.5666021962260486,-0.018590690766811815,0.2832559373887081,0.3829758730319212,-0.8792589925640187,-0.4910699153212959,-0.729582572405703,-0.4759816303492279],"GT_T":[-129.50445812304415,59.537548766764154,767.1161398058126],"R_pred":[-0.9755142342346936,0.19863325015886651,-0.09442886601471198,0.18163889881287143,0.48552196697892447,-0.8551466131716615,-0.1240132623695818,-0.8513596487456055,-0.5097131146480464],"T_pred":[-60.659295711367385,45.88097626333286,509.1212633468835],"rotation_error":23.662479977102937,"translation_error":267.37149182194,"ADD":0,"ADD_S":0}}
{"id_image":1116,"data":{"Best_template_id":126,"GT_R":[-0.8332798510236883,0.5527042874204205,-0.012742511062474999,0.2723994282912281,0.3904054574179515,-0.8794220864294617,-0.4810852581271772,-0.7362751018637134,-0.47587350263269235],"GT_T":[-130.287006371075,58.29177916818348,767.8285816996962],"R_pred":[-0.08893446663111004,0.9915967991315022,0.09394918092883603,0.4438496124992977,0.12389408504908561,-0.8874952265641055,-0.8916771737177436,-0.03722960706224443,-0.4511383094226511],"T_pred":[-86.40986591089651,46.34494382339076,508.4937703844838],"rotation_error":51.61829902744313,"translation_error":263.2916153044275,"ADD":0,"ADD_S":0}}
{"id_image":1118,"data":{"Best_template_id":176,"GT_R":[-0.835302381612928,0.5496619881625798,-0.011893049250461644,0.27075420960285085,0.3924360884639271,-0.8790258476461821,-0.47849984488343816,-0.7374724020378057,-0.47662629433713555],"GT_T":[-129.65591136135234,57.17891828217861,767.513076269629],"R_pred":[-0.968287099379319,0.24351774980428864,-0.05584978698115646,0.16851533689490145,0.47153830226989357,-0.8655947150506548,-0.18445236351639016,-0.8475557415431049,-0.4976209305993219],"T_pred":[-59.065710698224045,43.152592042832026,491.93088570880303],"rotation_error":19.492288248089288,"translation_error":284.8249603032302,"ADD":0,"ADD_S":0}}
{"id_image":1159,"data":{"Best_template_id":118,"GT_R":[-0.8798249052735948,0.4752942148832454,0.00174415665303039,0.22144385607109543,0.41316106394011465,-0.8833234006978524,-0.4205592959575647,-0.7767837058355891,-0.4687606744612789],"GT_T":[-126.27590784958662,56.89174761890031,783.9196061475287],"R_pred":[-0.08564596347711617,0.9962975498456055,-0.007480715989781006,0.26972609400894404,0.015957563600221047,-0.9628048558117182,-0.959120744823484,-0.08447809382075439,-0.27009414749982463],"T_pred":[-78.70355294578503,53.05700081339651,516.2202614235522],"rotation_error":57.95186657111905,"translation_error":271.9205277278676,"ADD":0,"ADD_S":0}}
{"id_image":1290,"data":{"Best_template_id":126,"GT_R":[-0.9301213528633628,0.3667662879435705,0.01886757268978239,0.16348588066166098,0.4595092783405118,-0.8729968353191072,-0.3288563303792176,-0.8089089032616261,-0.4873610048753046],"GT_T":[-152.06101988609362,20.585007956783397,804.2819298598953],"R_pred":[-0.18982852416112772,0.9809810874101141,0.04051219024537989,0.448043868585277,0.12326836824219778,-0.8854725299036921,-0.8736256768421742,-0.14993670509443519,-0.46292241383138627],"T_pred":[-86.26865387360202,23.788551159761102,490.06963918569295],"rotation_error":57.512946453333484,"translation_error":321.0424609382759,"ADD":0,"ADD_S":0}}
{"id_image":1440,"data":{"Best_template_id":126,"GT_R":[-0.963361088999824,0.26803107180901387,0.009711348297480167,0.1256352764242716,0.4829574079715962,-0.8665837598467571,-0.2369612520671432,-0.8336133583064858,-0.4989366742949445],"GT_T":[-173.65215972071724,-7.550393039460273,827.1086936789545],"R_pred":[-0.2970572893868878,0.954809749735568,-0.009762613995098646,0.4605624819421975,0.13431750983770763,-0.8774058392660952,-0.8364443598048577,-0.2651360940364399,-0.47964954351040745],"T_pred":[-95.82188064345299,6.973618997854788,508.96243077952334],"rotation_error":57.1931933451875,"translation_error":327.84988007284505,"ADD":0,"ADD_S":0}}
{"id_image":1527,"data":{"Best_template_id":176,"GT_R":[-0.9972958310020842,0.07176217675897996,0.015840364400952055,0.019579411981276863,0.4672121767257524,-0.8839282341716649,-0.0708330985321637,-0.8812276745029182,-0.46735440742215373],"GT_T":[-123.50571279686204,3.338065871321504,877.0541175998812],"R_pred":[-0.9933528902605696,0.10852266845361216,0.0383779343201276,0.021742613906603682,0.5043003122026973,-0.8632545707106165,-0.11303669382762849,-0.8566819862375827,-0.503307739166158],"T_pred":[-133.56308977034558,-13.302990086452981,922.3360465985758],"rotation_error":3.476179342455449,"translation_error":49.280104188397885,"ADD":0,"ADD_S":0}}
{"id_image":1538,"data":{"Best_template_id":176,"GT_R":[-0.9979076486182391,0.06421014351110085,0.0075662697468882115,0.023952098564153017,0.4758530302483922,-0.8791986047782271,-0.06005434731056201,-0.8771777298438151,-0.47639594524435497],"GT_T":[-127.14194357627723,-5.793496792147712,876.5851956624523],"R_pred":[-0.9895507592564945,0.14044301435565085,0.032635173871048626,0.04745437933625346,0.5309627438500912,-0.8460653914000933,-0.13615203537481946,-0.8356759685200241,-0.5320792223921297],"T_pred":[-139.1688001473557,-23.226265833223,924.5370921373709],"rotation_error":5.986033154098761,"translation_error":52.42071242325956,"ADD":0,"ADD_S":0}}
{"id_image":1539,"data":{"Best_template_id":176,"GT_R":[-0.9979459633541543,0.06373262756064536,0.006465449869006379,0.024640810149890807,0.4750744580158829,-0.8796002396735089,-0.059130983090287983,-0.8776344567049416,-0.47566976200855715],"GT_T":[-127.68710598529715,-5.173100919245153,877.1014340814695],"R_pred":[-0.9855580645966824,0.164261994176784,0.041149709324707004,0.054060450031387965,0.5354922320527787,-0.8428081259418041,-0.1604766931702093,-0.8284117736248069,-0.5366387651567449],"T_pred":[-139.50752133273278,-22.83695632847231,922.1954628196107],"rotation_error":7.447455785838308,"translation_error":49.85183481819182,"ADD":0,"ADD_S":0}}
