{"id_image":620,"data":{"Best_template_id":153,"GT_R":[-0.6875846858919262,-0.725379833170772,-0.03241636011680638,-0.27493281387941026,0.3014083617584888,-0.9129978082295316,0.6720417079487363,-0.61885133308584,-0.40667432567226863],"GT_T":[108.03903681557318,-17.149997576190135,953.9790164746236],"R_pred":[-0.5721200927404422,-0.8164774089652682,0.0777382797084541,-0.4257151715880665,0.214611286218362,-0.8790384454092114,0.7010315200919361,-0.5360099219949778,-0.47037024922982423],"T_pred":[89.09538169770607,-14.760388584697631,767.9164479871557],"rotation_error":11.256464143306488,"translation_error":187.0397061923232,"ADD":0,"ADD_S":0}}
{"id_image":623,"data":{"Best_template_id":153,"GT_R":[-0.6882653889557075,-0.724863900470148,-0.029378398981535655,-0.2780170193251853,0.3009512122929077,-0.9122147112504703,0.6700731081790117,-0.6196781254226561,-0.4086585373037215],"GT_T":[108.22410599968923,-19.969671990237778,952.634888497508],"R_pred":[-0.9108033026610969,-0.4051354306577063,0.07938908418311089,0.02549625284021642,-0.24713220499737587,-0.968646279270324,0.41205252693406214,-0.8802221061067085,0.2354182638801079],"T_pred":[99.93318396221568,-13.276935168856234,871.5471162695079],"rotation_error":43.70911763586106,"translation_error":81.78483306391081,"ADD":0,"ADD_S":0}}
{"id_image":629,"data":{"Best_template_id":153,"GT_R":[-0.691497887714856,-0.7217945103627884,-0.029028958835704978,-0.27986531511528606,0.3047318105349358,-0.9103923383333875,0.6659628235680418,-0.621409878246136,-0.4127262574242689],"GT_T":[110.47827475066846,-25.160467347040676,949.1955018128224],"R_pred":[0.9893701933318841,-0.054478109940188826,0.13482861745110145,0.13850166200896163,0.07046208950014049,-0.9878524098082819,0.04431602607619634,0.9960257172787352,0.07725839988114558],"T_pred":[155.95089637087187,-16.87046873678579,981.754136403611],"rotation_error":133.94797365045198,"translation_error":56.538023315187786,"ADD":0,"ADD_S":0}}
{"id_image":633,"data":{"Best_template_id":153,"GT_R":[-0.690048385731672,-0.7232849310969219,-0.02630770378859696,-0.2843942379208717,0.30439167002846457,-0.9091013653822914,0.6655475672533934,-0.6198419125761707,-0.41574272208574103],"GT_T":[115.14560196533499,-28.419390385134854,947.0096842645153],"R_pred":[-0.7648476149820058,-0.6433597013735648,0.033112241012272,-0.5230249691367463,0.5901388527934311,-0.6149642396783399,0.3761023896704764,-0.487672460850693,-0.7878594820220077],"T_pred":[83.79355633973695,-37.08487868998817,695.0474308011018],"rotation_error":28.368050704045515,"translation_error":254.05318069812188,"ADD":0,"ADD_S":0}}
{"id_image":640,"data":{"Best_template_id":153,"GT_R":[-0.6896260710264371,-0.7234280935836479,-0.03267293720936631,-0.28065557879862607,0.3085891661597182,-0.9088488879298279,0.6675695103847623,-0.6175958325406845,-0.4158453563558446],"GT_T":[124.36341079612112,-27.46224032257544,946.0712898237215],"R_pred":[0.5403023058681398,-0.8414709848078965,0.0,0.8414709848078965,0.5403023058681398,0.0,0.0,0.0,1.0],"T_pred":[0.0,0.0,0.0],"rotation_error":128.65064274571952,"translation_error":954.6053205472405,"ADD":0,"ADD_S":0}}
{"id_image":642,"data":{"Best_template_id":158,"GT_R":[-0.6884667410688773,-0.7245862806807817,-0.0314220668419898,-0.2824092479266018,0.30773306506877074,-0.9085953919186199,0.668025388928575,-0.6166636723907956,-0.41649415966105025],"GT_T":[125.8201767149646,-28.33201498390462,945.8375779868852],"R_pred":[0.4201414752682664,-0.10586251791992035,0.9012625966160247,0.047314338297834525,0.9943767285108731,0.09474320655039797,-0.9062243067534895,0.002837092819745063,0.4227877206749143],"T_pred":[0.0,0.0,1.0],"rotation_error":155.33510594733468,"translation_error":953.5992180773621,"ADD":0,"ADD_S":0}}
{"id_image":651,"data":{"Best_template_id":158,"GT_R":[-0.6901405902233729,-0.7231715153007304,-0.02699339805015305,-0.28643230579559054,0.30722342113102574,-0.9075083477389628,0.6645774958204244,-0.618576631544874,-0.41916665806508907],"GT_T":[131.0218019286653,-33.02511582543072,942.4936044358182],"R_pred":[-0.6793812984855099,-0.41560125407453674,0.60474511067045,-0.7300853783472233,0.4655064214613903,-0.500279034041806,-0.07359613842950113,-0.7813957826798676,-0.6196807558883709],"T_pred":[133.83790318890797,-41.61483174915728,1131.3356586685268],"rotation_error":51.1918349556904,"translation_error":189.05828490914521,"ADD":0,"ADD_S":0}}
{"id_image":653,"data":{"Best_template_id":153,"GT_R":[-0.6901924088051518,-0.7230972606902994,-0.027630728920012015,-0.28565548743602703,0.30734156666170176,-0.9077126917020455,0.6648570977245307,-0.6186039010289617,-0.4186815847264011],"GT_T":[133.05409788391373,-32.95622468516806,941.8868070027751],"R_pred":[-0.8001679126744226,-0.5994292391331946,-0.02039359699653681,0.060994876638726436,-0.047501154701171555,-0.9970071540996494,0.5966665203864585,-0.7990170383504064,0.07457101230143592],"T_pred":[58.10110665284026,7.5971764698393525,436.8555036716412],"rotation_error":30.739291371791992,"translation_error":512.1710130259893,"ADD":0,"ADD_S":0}}
{"id_image":660,"data":{"Best_template_id":153,"GT_R":[-0.6913404672530834,-0.7220196391663889,-0.027125849474548845,-0.2849035919249457,0.3069148372528224,-0.9080931136198784,0.6639866421762152,-0.6200739862288385,-0.41788897156547533],"GT_T":[139.6200603391045,-30.732619732224443,941.361314320287],"R_pred":[0.9175029690027303,-0.36939868669258114,0.14742086738644353,0.045516106748807406,-0.2707015091010856,-0.9615866975976873,0.3951159145081431,0.8889686739363717,-0.23155584825739683],"T_pred":[123.05024898541059,-20.64457255400225,935.3359718942011],"rotation_error":113.15820049187852,"translation_error":20.313347718153967,"ADD":0,"ADD_S":1}}
{"id_image":662,"data":{"Best_template_id":153,"GT_R":[-0.6926225446368268,-0.7208015679571949,-0.026811794612285732,-0.2834579773226757,0.3061814586857958,-0.9087926830060079,0.6632689405178501,-0.6218507050485531,-0.4163857142570027],"GT_T":[139.2120574130954,-29.102751983903964,941.2928461282818],"R_pred":[-0.9585141780095073,0.21950473356062913,-0.18184675553673113,0.2330823408275521,0.2363332479914041,-0.9433022942239577,-0.16408288438806556,-0.9465538906149562,-0.2776914460558373],"T_pred":[116.20028138722327,-29.435525671921415,1130.4505130074986],"rotation_error":61.003456303488754,"translation_error":190.552553153667,"ADD":0,"ADD_S":0}}
{"id_image":671,"data":{"Best_template_id":189,"GT_R":[-0.6967672251800877,-0.7167978583624616,-0.026737187141912058,-0.28112030248115355,0.30717749874486067,-0.9091832586137446,0.6599141640536003,-0.6259726143077847,-0.4155380749591916],"GT_T":[144.48019166798255,-29.99495564375834,940.1727338147646],"R_pred":[-0.9352384100154942,-0.3031483422462705,0.1828392710142665,-0.21749844112936334,0.08451624676279434,-0.9723946894854101,0.2793269491796078,-0.9491881197246772,-0.14497713211242802],"T_pred":[143.0561938479916,-22.029293971240648,942.090588589368],"rotation_error":33.17628649472677,"translation_error":8.316111026725514,"ADD":0,"ADD_S":1}}
{"id_image":681,"data":{"Best_template_id":153,"GT_R":[-0.7012730763304604,-0.7120454023894965,-0.034744908441011225,-0.2752712879355903,0.31542022088089194,-0.9081499108455577,0.6576035906124742,-0.6272968046890994,-0.41720109033863856],"GT_T":[150.83953388554033,-31.287201980605857,937.0272509398316],"R_pred":[-0.9229181095262639,-0.18459650452383566,-0.33785543302727683,0.17284106252881684,0.5854841912609327,-0.7920443351779249,0.3440176306708377,-0.789387352508965,-0.5084481069750483],"T_pred":[113.65966246899247,-43.93659714506559,899.4339878245004],"rotation_error":37.79951825522836,"translation_error":54.365462089788316,"ADD":0,"ADD_S":0}}
{"id_image":682,"data":{"Best_template_id":153,"GT_R":[-0.7016507106686521,-0.7116118586234803,-0.035982488897524124,-0.27317176932989157,0.31530199990052393,-0.9088247208621697,0.6580755175068052,-0.6278480508921181,-0.41562370081734185],"GT_T":[151.6437316147084,-30.63885849876995,937.0722747804737],"R_pred":[0.5403023058681398,-0.8414709848078965,0.0,0.8414709848078965,0.5403023058681398,0.0,0.0,0.0,1.0],"T_pred":[0.0,0.0,0.0],"rotation_error":128.88189392520704,"translation_error":949.7573422461091,"ADD":0,"ADD_S":0}}
{"id_image":701,"data":{"Best_template_id":153,"GT_R":[-0.7113551694020448,-0.701376929665753,-0.04521390770932002,-0.2581021090974578,0.3205270667985848,-0.9113975592425484,0.6537253590376908,-0.6366581561389709,-0.40903562105172675],"GT_T":[151.85543951196186,-20.49198722092748,937.3985966248522],"R_pred":[0.3680989360785027,-0.603187215378117,-0.7075792227463067,-0.4437075677835531,0.5548092387860803,-0.7037828520568072,0.8170843087157396,0.5730199750113456,-0.06341404172987838],"T_pred":[177.04019515167965,-42.37958706137318,1097.6233825470626],"rotation_error":80.72769299716052,"translation_error":163.66221606475315,"ADD":0,"ADD_S":0}}
{"id_image":712,"data":{"Best_template_id":153,"GT_R":[-0.7110686584363687,-0.7016330543363357,-0.04574252997061922,-0.25307962671308587,0.3160938917388654,-0.9143493987155992,0.6559976858491694,-0.6385888406431225,-0.4023332931696603],"GT_T":[162.84980497590408,-12.48603603424361,937.5589315048346],"R_pred":[0.8106505441221268,-0.584608823598283,-0.0328362404293131,0.19539225297355378,0.3229544407183461,-0.9260249978797651,0.551966994296234,0.744266721405258,0.37603122824607177],"T_pred":[149.3494075730315,-15.11097816426834,892.0329003163029],"rotation_error":105.36344746373447,"translation_error":47.55807572853042,"ADD":0,"ADD_S":0}}
{"id_image":721,"data":{"Best_template_id":153,"GT_R":[-0.7082106187921671,-0.7047528365327356,-0.04196512180802766,-0.257361167790466,0.3130603662437957,-0.9141989459959777,0.6574223242440711,-0.6366449642075154,-0.4030884909637737],"GT_T":[173.69163455135333,-13.516501089173568,935.0402204180613],"R_pred":[0.47423372988666507,-0.7742629295829643,-0.41906954710571315,-0.05428247700937949,0.44937925018484354,-0.8916903622856054,0.8787239510378149,0.4456177794667912,0.17108188827452914],"T_pred":[182.20503644862876,-27.62033677717568,1003.4551311165221],"rotation_error":77.81142898159725,"translation_error":70.37042133494064,"ADD":0,"ADD_S":0}}
{"id_image":722,"data":{"Best_template_id":153,"GT_R":[-0.7089466197214329,-0.7040551810375463,-0.041229385728534115,-0.2581055945315116,0.31341390841439926,-0.9138671779918777,0.6563358802532562,-0.6372420464101094,-0.4039143369461966],"GT_T":[174.39246383400805,-13.266899671409798,935.1734162095605],"R_pred":[-0.7509501125343698,0.5984734913422405,0.27911182104175813,0.07280057930581985,0.4951197608748431,-0.8657693099457698,-0.6563337597117448,-0.6298300584696371,-0.41537945701584583],"T_pred":[218.3360750546696,-45.03764401270574,1666.0678681877132],"rotation_error":85.25451281188423,"translation_error":732.9032140027473,"ADD":0,"ADD_S":0}}
{"id_image":735,"data":{"Best_template_id":153,"GT_R":[-0.7106350050551421,-0.701986161314962,-0.04704221795279922,-0.25295675191212724,0.3173202540312893,-0.9139587966377221,0.6565145653036853,-0.6375917903410947,-0.4030712823752866],"GT_T":[182.3609503407129,-13.178545637458008,932.6942042413024],"R_pred":[-0.7949374796720171,0.4127418529477436,0.44465555909936,-0.5282239684309484,-0.11035474075840923,-0.8419033616557215,-0.2984189045415215,-0.9041382604543441,0.30574525898994853],"T_pred":[34.23950059965888,7.105131756212735,401.58086983339973],"rotation_error":79.05782534575053,"translation_error":551.754261812161,"ADD":0,"ADD_S":0}}
{"id_image":737,"data":{"Best_template_id":153,"GT_R":[-0.7113204157266925,-0.7013832311012994,-0.04565726512302393,-0.25397454741960473,0.3170554180727134,-0.9137686904346046,0.6553785596052375,-0.6383865345935599,-0.4036608476581925],"GT_T":[183.14689687048386,-13.855712749690301,932.1027934151505],"R_pred":[-0.8068412942701914,0.5765919956642077,-0.12864212527927593,-0.07966029388604268,-0.3219505252403544,-0.9433992245467714,-0.5853728413911872,-0.7509257818409397,0.30569446630284647],"T_pred":[128.82095334765472,-3.813815077225767,964.0329393687784],"rotation_error":92.06505496313513,"translation_error":63.80973334162943,"ADD":0,"ADD_S":0}}
{"id_image":751,"data":{"Best_template_id":153,"GT_R":[-0.7127111948116052,-0.6998080819179517,-0.04807725237428173,-0.25023031207519486,0.317676716064336,-0.914585191561599,0.6553079535457749,-0.6398046943575517,-0.40152518250685565],"GT_T":[188.6479844631565,-11.06325360708365,931.0572913867525],"R_pred":[-0.9719624032167615,0.2154909212621189,0.09408905136465517,-0.0846338993453434,0.052713209380411796,-0.9950167941489324,-0.219376821507423,-0.975082037784729,-0.03299742073072032],"T_pred":[170.74219750605866,-11.84370049170028,1131.987135801668],"rotation_error":60.701935300900075,"translation_error":201.72761010951095,"ADD":0,"ADD_S":0}}
{"id_image":757,"data":{"Best_template_id":153,"GT_R":[-0.7157154038199893,-0.696395681870027,-0.05276250361149937,-0.24570434268765243,0.3217978118589535,-0.9143721143147538,0.6537437019257544,-0.641466841694717,-0.40142358542927215],"GT_T":[189.26872031749508,-11.751829803133983,929.173821920274],"R_pred":[0.9261098219402408,-0.37453100694709973,-0.04524513831350005,-0.10675521907542226,-0.145147958243302,-0.9836337699662205,0.36183410688598006,0.9157830502105795,-0.17440608946086997],"T_pred":[173.74149335352413,-7.264485586952461,905.5669395216186],"rotation_error":113.62756828016656,"translation_error":28.609717438120782,"ADD":0,"ADD_S":0}}
{"id_image":769,"data":{"Best_template_id":189,"GT_R":[-0.7212471443139004,-0.690272269072099,-0.05766866405260952,-0.23944267205421585,0.3265761896231243,-0.9143385019109063,0.6499766573953288,-0.6456562830499986,-0.4008226166992267],"GT_T":[191.0826378023624,-12.25382619386248,926.9133550487364],"R_pred":[-0.13321564089424295,-0.84363000237918,-0.5201365321786586,-0.023233484698205742,0.5273281988655844,-0.849343967936405,0.9908147143688946,-0.10106131686695691,-0.0898488287247095],"T_pred":[211.23536616151156,-26.17925519499343,1071.7694952723712],"rotation_error":45.24933471736911,"translation_error":146.9127339398206,"ADD":0,"ADD_S":0}}
{"id_image":923,"data":{"Best_template_id":153,"GT_R":[-0.7961399204268671,-0.5996579047090851,-0.08106104742849882,-0.19374611351413815,0.37952007194008147,-0.9046696919587921,0.5732571121717016,-0.7045381770675635,-0.41833254479473736],"GT_T":[189.1058771289643,-35.68614058994976,901.2500494498275],"R_pred":[-0.457314381542564,0.8885823287878163,0.03584691619043007,-0.2950538918256638,-0.11357890099963819,-0.9487059787764829,-0.8389319146109964,-0.444433660081835,0.31412093918329076],"T_pred":[141.97057961890113,-35.7079806519707,1005.7894167569815],"rotation_error":107.41405027077346,"translation_error":114.67439149753761,"ADD":0,"ADD_S":0}}
{"id_image":1026,"data":{"Best_template_id":153,"GT_R":[-0.8541577154989989,-0.5122688809962268,-0.08941220266260563,-0.15203728825301666,0.4104405684255458,-0.8991237967396696,0.49729166525112733,-0.7543994823191007,-0.428465040893197],"GT_T":[153.5672791014222,-33.80426732061106,878.420185226389],"R_pred":[0.602057554286686,-0.7274066565740221,-0.3292510551207647,-0.21496944560930664,0.24946455604940887,-0.9442222051665057,0.7689699856176192,0.6392550283313179,-0.006178185199915781],"T_pred":[150.3531806123845,-38.279759910269654,848.6867518791574],"rotation_error":96.46933918601447,"translation_error":30.23966801457291,"ADD":0,"ADD_S":0}}
{"id_image":1044,"data":{"Best_template_id":158,"GT_R":[-0.8652634934899434,-0.49095829256222945,-0.10138505056705074,-0.13523569774890642,0.42333138736892323,-0.8958247658114656,0.48273280930435064,-0.7614134315134342,-0.4326880213631509],"GT_T":[140.93568148160196,-33.31856852731262,875.5495781292559],"R_pred":[-0.6020486941971154,-0.7764175024536917,-0.18631487245821232,-0.17328202433310413,0.35483174751430313,-0.9187316098834126,0.7794297337531907,-0.520836147784999,-0.34816518680349534],"T_pred":[138.87676177354342,-38.533401869243185,836.7041268903737],"rotation_error":22.9895928540573,"translation_error":39.247964521752195,"ADD":0,"ADD_S":0}}
{"id_image":1052,"data":{"Best_template_id":189,"GT_R":[-0.8688334276549109,-0.48485068451539404,-0.10023985059941691,-0.13401808231612622,0.42521465407035874,-0.8951152765432783,0.47662100403287383,-0.7642716637835273,-0.4344195671133831],"GT_T":[137.28076081159736,-35.40865648535586,872.0263112624885],"R_pred":[-0.9967419595005332,-0.029937894517448018,-0.0748945167745905,0.057230749828032335,0.39178923280804223,-0.9182732917436978,0.056834034215058477,-0.9195677895226362,-0.38879939946879294],"T_pred":[139.25123592366094,-53.58509710745682,973.2406355794533],"rotation_error":27.889634355722208,"translation_error":102.85234665672797,"ADD":0,"ADD_S":0}}
{"id_image":1058,"data":{"Best_template_id":153,"GT_R":[-0.8707535868289599,-0.4821095468238214,-0.0967419348146385,-0.13521638298690328,0.42392191989610684,-0.8955480066602548,0.4727642598318908,-0.7667200836228885,-0.43432086522518587],"GT_T":[136.7631573517152,-35.99591922153834,869.5302684810155],"R_pred":[0.9134545105883618,0.13291988473016592,0.3846208019973643,0.2592896631961429,0.5383443612344608,-0.8018442612419765,-0.3136394867445857,0.8321764554290032,0.45728833287567383],"T_pred":[117.50597500769648,-59.45769526360332,964.6388438506189],"rotation_error":170.12570283774892,"translation_error":99.83453869134834,"ADD":0,"ADD_S":0}}
{"id_image":1066,"data":{"Best_template_id":158,"GT_R":[-0.8740054749950176,-0.4760680007222716,-0.0973331169693708,-0.1331390187768252,0.42726144780167397,-0.8942714200143773,0.4673211532682186,-0.7686394654256301,-0.43681178752506156],"GT_T":[135.40519731736575,-37.92863080225267,865.6061664656071],"R_pred":[-0.6307707598057675,-0.7685383645711239,-0.10713090476793763,-0.28402195314538087,0.3571453589802511,-0.8898194888236322,0.7221217201452521,-0.5308445862408406,-0.44355861681772435],"T_pred":[136.8033664116502,-47.543876338292264,882.4302770416418],"rotation_error":22.1049325931694,"translation_error":19.42829174706787,"ADD":0,"ADD_S":1}}
{"id_image":1077,"data":{"Best_template_id":189,"GT_R":[-0.8765295949103379,-0.47047839798047203,-0.10171437889390149,-0.1273084385522129,0.43037925289416895,-0.8936254685858992,0.4642068860394252,-0.7703400482352303,-0.43713662997341635],"GT_T":[135.03970155742815,-36.890176180202225,863.9287292653376],"R_pred":[-0.9732816401763071,-0.2270250589404291,-0.03438708345893944,-0.04601011901015187,0.3395491808157276,-0.9394623051278002,0.22495759121307518,-0.9127792594162418,-0.340922433604989],"T_pred":[144.4001829619179,-53.48877679793343,1002.8068699966682],"rotation_error":17.103995455777714,"translation_error":140.1794211986268,"ADD":0,"ADD_S":0}}
{"id_image":1094,"data":{"Best_template_id":189,"GT_R":[-0.8807489800590194,-0.4629973283477792,-0.09957591138146225,-0.11981749313618269,0.421268674255522,-0.8989869830165395,0.4581764881656403,-0.7798501503475952,-0.42650616301341177],"GT_T":[134.68776677801796,-24.110159660963173,864.2637188038226],"R_pred":[-0.991821178441078,-0.12472671611702371,-0.027092365758914556,-0.021054095398574717,0.3692341075430212,-0.9290978952154914,0.12588675491368878,-0.9209285640664926,-0.36884021584383786],"T_pred":[143.1566458150235,-41.54190527805669,1008.4353024370556],"rotation_error":21.527355550016672,"translation_error":145.46832368153827,"ADD":0,"ADD_S":0}}
{"id_image":1098,"data":{"Best_template_id":153,"GT_R":[-0.8832114943595188,-0.45863603252467305,-0.0979320780446903,-0.11885317076729697,0.4209021649673799,-0.8992860632085778,0.45366532060301357,-0.7826196235323561,-0.42625608475987103],"GT_T":[133.17662761180648,-23.89848027347454,863.2086403290389],"R_pred":[-0.5050479550532521,0.8629938628688605,-0.012967488084078327,-0.16852990981251498,-0.11334137695363489,-0.9791585171813804,-0.8464775440583843,-0.4923365971781261,0.20268310853139615],"T_pred":[81.03131108795635,-22.61723510935155,948.4372643072787],"rotation_error":95.18368023124857,"translation_error":99.92344054208355,"ADD":0,"ADD_S":0}}
{"id_image":1105,"data":{"Best_template_id":189,"GT_R":[-0.885729150664667,-0.4540925215456673,-0.09635494717477314,-0.11679053345863326,0.41888316504103185,-0.9004976912014314,0.4492711601823149,-0.7863440144319469,-0.424050607594432],"GT_T":[133.27063484041318,-22.18750589333947,861.6155807577481],"R_pred":[-0.9536328601399185,-0.23863127483952257,-0.1834106941533753,0.01862637575819036,0.5614323703359183,-0.8273129708067603,0.3003954496783755,-0.7923691110886749,-0.5309555213057585],"T_pred":[143.08591640016067,-43.36819540632151,986.9809734074947],"rotation_error":14.997751665856526,"translation_error":127.52036321532181,"ADD":0,"ADD_S":0}}
{"id_image":1113,"data":{"Best_template_id":189,"GT_R":[-0.8866018557027344,-0.4534627302475096,-0.09115495465374666,-0.11615119062009384,0.40903833547738344,-0.905095088718252,0.44771273725305394,-0.791870473686058,-0.41532462396047026],"GT_T":[134.869262111013,-15.968079674248996,861.5871734151449],"R_pred":[-0.997882844600628,0.016799065645803166,-0.06283008710153647,0.06471244059977482,0.3528783307225202,-0.9334287245087908,0.00649064583683924,-0.935518399124205,-0.3532183409970455],"T_pred":[141.2359386275407,-34.44730405510644,1004.2216306480145],"rotation_error":28.662771624392967,"translation_error":143.96737371258635,"ADD":0,"ADD_S":0}}
{"id_image":1125,"data":{"Best_template_id":189,"GT_R":[-0.8902794186526158,-0.44707659171945596,-0.08674264901098618,-0.11570396821626518,0.4062663415803279,-0.9063999989642908,0.44047177273378085,-0.7969128421258505,-0.4134193791180945],"GT_T":[131.82342369774878,-17.404525819395587,858.0476220696015],"R_pred":[-0.998436183617005,-0.02923494000926243,-0.047649821898566154,0.03494520080175735,0.33891747099607816,-0.9401668898629367,0.043635079755113375,-0.940361774072233,-0.3373658454534003],"T_pred":[132.79988616444547,-30.532116316228173,937.5003500316378],"rotation_error":25.842891105482423,"translation_error":80.53584973048177,"ADD":0,"ADD_S":0}}
{"id_image":1130,"data":{"Best_template_id":158,"GT_R":[-0.8926936362077013,-0.44230294872135356,-0.08640776986219713,-0.11449483056636862,0.4080307314246969,-0.9057602423414474,0.43587774784934985,-0.7986729661864862,-0.41488760165316824],"GT_T":[128.8895073387061,-18.267989766867526,856.1621540958179],"R_pred":[-0.6942883547720547,-0.7196124691630441,0.01102608965048335,-0.3679417338275,0.34174311666239976,-0.8647719483897958,0.618532586801962,-0.604458051843912,-0.50204372580995],"T_pred":[133.8487635725075,-31.876627626933633,948.3779721730201],"rotation_error":21.359534793499975,"translation_error":93.34637834670707,"ADD":0,"ADD_S":0}}
{"id_image":1145,"data":{"Best_template_id":158,"GT_R":[-0.8961882116509498,-0.4354278432139873,-0.08514235651274879,-0.11375430156456492,0.4109930657298419,-0.9045138528887036,0.42884359241790576,-0.8009287732453381,-0.41785872260200363],"GT_T":[127.5494690201083,-22.315988722430333,851.6891340453433],"R_pred":[-0.6025996152449189,-0.7935969771753504,-0.08412812564667155,-0.3196920066597054,0.33664286057596315,-0.8857023231882839,0.731211819231997,-0.5068287898702863,-0.45656746837028855],"T_pred":[138.2800852274088,-38.00488591937472,956.1613341161703],"rotation_error":27.195536155380243,"translation_error":106.18723184584664,"ADD":0,"ADD_S":0}}
{"id_image":1150,"data":{"Best_template_id":189,"GT_R":[-0.8974834921106851,-0.4327482043701725,-0.08515910351038913,-0.11317251947278496,0.41257913402621593,-0.9038642533014855,0.4262814627871135,-0.8015656055933807,-0.4192579127638709],"GT_T":[127.59481583264642,-24.754004196335323,851.2144720709138],"R_pred":[-0.9743052594628481,-0.22426324650336377,-0.020862829405520256,-0.053374235372710674,0.3198831857569191,-0.9459523975699743,0.2188160240508241,-0.920532858586686,-0.3236337496010162],"T_pred":[128.21171966412325,-34.31235099084725,916.0863651048566],"rotation_error":14.860085300150319,"translation_error":65.57518638622969,"ADD":0,"ADD_S":0}}
{"id_image":1169,"data":{"Best_template_id":189,"GT_R":[-0.903059526669115,-0.42158893367265526,-0.08214135576177745,-0.11131050825285095,0.4144179164322695,-0.9032543305791815,0.4148428166946608,-0.8065486722863616,-0.42117091635403753],"GT_T":[126.41390710584362,-28.770518344847062,853.7167940253665],"R_pred":[-0.9920026612406749,-0.10833688016127693,-0.06475986788389738,0.02030352975501548,0.36943183886075326,-0.9290359966736756,0.12457321851387611,-0.9229210349931807,-0.36427774622698306],"T_pred":[130.2013790063307,-45.00979958126954,949.9382349358665],"rotation_error":19.411861736531645,"translation_error":97.65564443167347,"ADD":0,"ADD_S":0}}
{"id_image":1189,"data":{"Best_template_id":189,"GT_R":[-0.908469960073574,-0.4101360590974389,-0.08044487242584072,-0.10629953797424746,0.41288064278013076,-0.904560530605324,0.4042070958265149,-0.8132147085179364,-0.4186874176635771],"GT_T":[125.98432348429719,-27.33394203799891,858.3071166944854],"R_pred":[-0.9880036710117863,0.0745355065903861,0.1352523727131923,-0.1028114599859335,0.3360472720206672,-0.9362168737333398,-0.11523258984677281,-0.9388912020169229,-0.3243528341365668],"T_pred":[118.25633228868766,-39.34309787313192,958.0325516189118],"rotation_error":31.49303169984929,"translation_error":100.74276173829033,"ADD":0,"ADD_S":0}}
{"id_image":1192,"data":{"Best_template_id":158,"GT_R":[-0.9095813614687156,-0.4076939759419272,-0.08028974933523694,-0.10396322201016263,0.41036487200358845,-0.9059756553298054,0.40230955097125665,-0.8157117046536682,-0.4156461850999741],"GT_T":[126.58580066547162,-24.00659770437244,859.3510218661252],"R_pred":[0.8728612460420325,-0.04303982182196625,-0.48606668153195165,-0.45105689932152376,0.3088781381237497,-0.8373422056505087,0.18617443093078898,0.9501272912229914,0.25019434793947226],"T_pred":[118.62978874532858,-35.987215792175185,872.4177230705257],"rotation_error":143.573084323185,"translation_error":19.431212412104543,"ADD":0,"ADD_S":0}}
{"id_image":1209,"data":{"Best_template_id":153,"GT_R":[-0.916837227234423,-0.39113096935448977,-0.08015829537359838,-0.09413185517069936,0.4068636279924867,-0.9086259040525394,0.38800609554113935,-0.8255172862423372,-0.40984593181918294],"GT_T":[119.50037644247809,-16.674039869823844,859.5375739357728],"R_pred":[0.11293867723371709,-0.99325017297696,-0.026437644863663234,-0.40822714329880144,-0.02212666776732264,-0.9126121903895511,0.9058672389808553,0.11386177784820262,-0.4079706372846562],"T_pred":[122.58303294874895,-21.31946102722999,899.8576820755046],"rotation_error":73.42908594318178,"translation_error":40.703732375115166,"ADD":0,"ADD_S":0}}
{"id_image":1216,"data":{"Best_template_id":153,"GT_R":[-0.9182041319684048,-0.38754194934533776,-0.08192280477587775,-0.09139083827723396,0.40850907195811137,-0.9081670937135223,0.38541970175606904,-0.8263964063734869,-0.4105126910638478],"GT_T":[119.1628326925758,-17.485054889428937,859.2433863519938],"R_pred":[-0.7370560939874251,0.6236785524711997,-0.2603332047654102,0.1786134797497261,-0.1917456711399742,-0.9650548287277647,-0.6518017637040378,-0.7577985621433376,0.02992991890727381],"T_pred":[81.38207341358711,-7.7700589781425276,875.3815648537937],"rotation_error":72.51508786060697,"translation_error":42.216202133886476,"ADD":0,"ADD_S":0}}
{"id_image":1242,"data":{"Best_template_id":158,"GT_R":[-0.9260448817946388,-0.36798677748216685,-0.08382397067772888,-0.07964519319357806,0.40764122913151596,-0.9096622398360558,0.368914580813457,-0.8357116532240796,-0.40680267414823235],"GT_T":[108.96323974836301,-13.433605627488292,856.3830676028192],"R_pred":[-0.7247372711808963,-0.6836967353736976,-0.08552579611214517,-0.19857735996777334,0.32611339074380263,-0.9242386534255151,0.6597900574194018,-0.6528467128024222,-0.37211322163230687],"T_pred":[108.7152583959876,-20.16053954629803,844.2945615393335],"rotation_error":21.582937504454215,"translation_error":13.83636923278973,"ADD":0,"ADD_S":1}}
{"id_image":1246,"data":{"Best_template_id":189,"GT_R":[-0.9274697629248526,-0.36485507982994747,-0.08173061648602979,-0.07962357474896267,0.4063099618470447,-0.9102598588340176,0.3653213482240122,-0.8377310362680549,-0.4058915126913058],"GT_T":[106.88236218631599,-12.945127248159741,855.6026449087266],"R_pred":[-0.9587156917121433,0.05046196257177189,0.27985319865656644,-0.23725768113323387,0.40055991370635846,-0.8850200835432135,-0.15675782343534655,-0.914879962544246,-0.3720505865159365],"T_pred":[91.62307529050894,-26.8461259390728,968.6195251873348],"rotation_error":32.04271911481999,"translation_error":114.88646059950923,"ADD":0,"ADD_S":0}}
{"id_image":1263,"data":{"Best_template_id":153,"GT_R":[-0.9309207442560522,-0.3554007292129912,-0.08411961350230056,-0.07710317260582766,0.41637929653211264,-0.9059156778437123,0.35698910057783984,-0.8368499716707919,-0.4150189600204465],"GT_T":[104.16231276022799,-22.28285531675172,850.9515908182047],"R_pred":[-0.8768116335150342,-0.3229737809049261,0.3562152385576367,-0.4784724830765482,0.5127245425390062,-0.7128657842937406,0.047596662396217654,-0.7954882025059481,-0.6040969106050753],"T_pred":[104.87981266191287,-42.890842732637296,1015.6144156311591],"rotation_error":30.080395914538745,"translation_error":165.94893740793856,"ADD":0,"ADD_S":0}}
{"id_image":1266,"data":{"Best_template_id":189,"GT_R":[-0.9314329222910231,-0.35410969830456157,-0.08389403973539244,-0.07717167041198456,0.41749067413268787,-0.9053987062704696,0.3556364450062179,-0.8368438715128363,-0.4161920557598986],"GT_T":[104.1132087563876,-24.250916736654094,850.4653503062717],"R_pred":[-0.9872305458166625,0.04819501798550255,0.15183243937944202,-0.12776113746909273,0.3297454047492677,-0.9353849794599786,-0.09514694508568543,-0.9428389089808068,-0.31937728559298517],"T_pred":[98.07861416012771,-38.38602483734083,982.8868641152608],"rotation_error":27.60972095795505,"translation_error":133.31044569884082,"ADD":0,"ADD_S":0}}
{"id_image":1280,"data":{"Best_template_id":19,"GT_R":[-0.9357978593589895,-0.3407787195069945,-0.09028665157874674,-0.06877755634015754,0.42766290934394313,-0.9013182049553218,0.34576300959129697,-0.8372419253974906,-0.42364372556808017],"GT_T":[102.276579759062,-29.20810650340859,849.6119471954129],"R_pred":[0.9966784074542867,-0.012857086125096697,-0.08041671126549864,0.06304676468582202,-0.503224769318063,0.8618526190755776,-0.05154859432649269,-0.8640599093125164,-0.5007426639920036],"T_pred":[92.06306833267226,-82.3382447059771,707.125409845176],"rotation_error":178.93993144458562,"translation_error":152.41240345569472,"ADD":0,"ADD_S":0}}
{"id_image":1284,"data":{"Best_template_id":189,"GT_R":[-0.9365706959793066,-0.33898202941099903,-0.08902647020851638,-0.06924836945649517,0.42798796161085706,-0.9011270962236979,0.3435689036897946,-0.8378051171517334,-0.42431540537379503],"GT_T":[103.22425756370677,-30.212893604146732,849.8671022976504],"R_pred":[-0.9012887348423055,-0.41191179021518737,-0.13419125727138734,-0.09087387164323596,0.48262224600634407,-0.8711014333086365,0.42358063683190816,-0.7729194296571357,-0.47241401266216004],"T_pred":[113.11862286657363,-50.76377700218646,1005.7460050489351],"rotation_error":6.521679513868271,"translation_error":157.53878759255093,"ADD":0,"ADD_S":0}}
{"id_image":1324,"data":{"Best_template_id":19,"GT_R":[-0.9505948172597736,-0.2961108324669014,-0.09320821786393309,-0.049753994562221175,0.441695100354401,-0.8957850729161404,0.3064209702418382,-0.846890628679975,-0.43460599362533875],"GT_T":[85.37480867046166,-40.892769406807844,848.0354829469337],"R_pred":[0.9994490162932907,0.0035753933143692247,-0.03299818772328661,0.03076672358193964,-0.4727964856073557,0.8806343690302838,-0.012452812951547066,-0.8811643999617671,-0.47264598558499654],"T_pred":[80.38722632353061,-98.35028891796694,757.9326169335353],"rotation_error":178.62845256408661,"translation_error":106.98022709767946,"ADD":0,"ADD_S":0}}
{"id_image":1480,"data":{"Best_template_id":189,"GT_R":[-0.9620249074292131,-0.25645316912835187,-0.09348749967727196,-0.009855289689594775,0.37490283205401087,-0.9270119007951247,0.2727841494639399,-0.890887394234244,-0.3631932094473297],"GT_T":[96.5167275369533,0.6157990851641246,938.6725308030078],"R_pred":[-0.9656826521422149,-0.2586566392345292,-0.023532070276041595,-0.056824212526048384,0.29881778448113905,-0.9526168907533488,0.2534324845444491,-0.9185884141756206,-0.30326111046414383],"T_pred":[98.7036695307087,-3.3857927464639412,1010.6422860508769],"rotation_error":5.482018009346828,"translation_error":72.11408408146903,"ADD":0,"ADD_S":0}}
{"id_image":1542,"data":{"Best_template_id":153,"GT_R":[-0.9701166386553991,-0.22698833843120717,-0.08573229219117946,-0.012189607020542352,0.39847996908687494,-0.9170956568044996,0.2423331417227379,-0.8886452821329563,-0.3893393457527577],"GT_T":[92.0497346961913,-51.709686655081605,933.5688651656326],"R_pred":[-0.7451091656529222,0.4260882263953549,0.5130898114241471,-0.1804261701883934,0.6118522040849111,-0.7701190021468013,-0.6420737717514671,-0.666397556781008,-0.3790192184377308],"T_pred":[59.24541325171924,-64.35816636691457,915.5763888472683],"rotation_error":55.99319515143976,"translation_error":39.494768622183365,"ADD":0,"ADD_S":0}}
{"id_image":1564,"data":{"Best_template_id":158,"GT_R":[-0.9726345610629695,-0.2167484700035019,-0.08367635964729268,-0.010163786478059891,0.3994939608100979,-0.9166795082646164,0.23211765330209358,-0.8907438449244837,-0.3907644969124496],"GT_T":[89.94593499318879,-55.30204094242522,929.1511472276728],"R_pred":[-0.9114343737104477,-0.40342281702299676,0.0808542709092942,-0.26016915746028524,0.4128509957424169,-0.872849394123007,0.3187465951589902,-0.8165807284155834,-0.48124476314535214],"T_pred":[87.82878057134012,-63.183845762381665,950.0684266373426],"rotation_error":15.817293750458022,"translation_error":22.453012447509916,"ADD":0,"ADD_S":1}}
{"id_image":1592,"data":{"Best_template_id":189,"GT_R":[-0.9746747544589962,-0.2038427533362284,-0.09196554504003145,0.002675557166855662,0.40058595755450666,-0.916255359544137,0.2236124788781397,-0.893296944202065,-0.38989610533844343],"GT_T":[91.31906607639215,-51.68649313091221,928.0545114942639],"R_pred":[-0.9886160355924354,-0.1499331196310837,0.01258546015002135,-0.06370034035461467,0.34130304072079454,-0.9377923549664102,0.13631067752822182,-0.927918258270862,-0.346968449803965],"T_pred":[89.15044565578563,-57.38310255315817,976.2185846983951],"rotation_error":7.373456593731461,"translation_error":48.54824632312896,"ADD":0,"ADD_S":0}}
{"id_image":1593,"data":{"Best_template_id":158,"GT_R":[-0.974382277998897,-0.20498457126151806,-0.09252526988069194,0.0032735327161738745,0.39843619586756407,-0.9171899483163495,0.224875659390192,-0.8939967041980911,-0.3875583057617283],"GT_T":[91.73424904053444,-50.979176024216116,927.9131924989448],"R_pred":[-0.951064642597143,-0.2470493952636581,0.1855872891698931,-0.2701735920809629,0.37342189342087917,-0.8874470799185911,0.14994090750571748,-0.8941603244462514,-0.4218945821440896],"T_pred":[82.57322735147403,-60.797676660165884,971.2323658214342],"rotation_error":16.399645356471666,"translation_error":45.35281744797625,"ADD":0,"ADD_S":0}}
{"id_image":1613,"data":{"Best_template_id":158,"GT_R":[-0.9780004914638547,-0.1873779414700961,-0.09167382815196816,0.010089850993800376,0.39646225771685695,-0.917995582510408,0.20835823942413847,-0.8987252838917575,-0.3858493681860267],"GT_T":[85.66832226313791,-46.246829569925694,925.8263596163733],"R_pred":[-0.4563501419747952,-0.7571695804253604,-0.46737434075702966,-0.2740403258120696,0.6193234875503353,-0.735758328255484,0.8465497314088517,-0.20768400094127049,-0.49012335998667456],"T_pred":[100.96275490925724,-60.42210745398642,906.5565532586176],"rotation_error":56.58563534786722,"translation_error":28.393372644376488,"ADD":0,"ADD_S":0}}
{"id_image":1629,"data":{"Best_template_id":189,"GT_R":[-0.9800646350655017,-0.17793470629057379,-0.08838689117409924,0.0105643266182514,0.39756998743334787,-0.9175105121585944,0.1983977459667957,-0.9001543718482617,-0.38776493898146486],"GT_T":[81.3210682838521,-46.130414497190955,917.767223948414],"R_pred":[-0.9986431051226996,-0.05021617963575231,-0.013794342814452062,-0.007903950876559537,0.40797407776088246,-0.9129592977979352,0.05147306238639493,-0.9116114781955894,-0.40781740604174643],"T_pred":[79.06999770455617,-58.36402784103675,1000.9324194524959],"rotation_error":8.584380028645448,"translation_error":84.09029883067285,"ADD":0,"ADD_S":0}}
{"id_image":1656,"data":{"Best_template_id":189,"GT_R":[-0.9819715268674927,-0.1678513440489854,-0.08693461740048461,0.011352701737282738,0.40670382468659555,-0.9134895333727551,0.18868721939677935,-0.8980075747641987,-0.3974656554511227],"GT_T":[79.63130089866203,-56.42785395270255,911.1788238879394],"R_pred":[-0.9867693293563998,0.15453928968389727,0.04902956848186069,0.015761959338826875,0.39241547173501345,-0.9196530096622252,-0.16136248411363205,-0.9067125815201772,-0.38965939387328274],"T_pred":[68.95522372214685,-67.81356677568779,975.5395421855175],"rotation_error":20.173059416347176,"translation_error":66.22624208081413,"ADD":0,"ADD_S":0}}
{"id_image":1658,"data":{"Best_template_id":189,"GT_R":[-0.9821071427382769,-0.1673314170898006,-0.08640930159318974,0.010918750240255026,0.4074637084944788,-0.9131557589084358,0.18800905925522082,-0.8977598948834089,-0.39834599148775596],"GT_T":[80.54727592831745,-58.1443797957712,910.2453624382774],"R_pred":[-0.9988084689484906,0.03833203199663372,0.030204265920247133,-0.013106067953066153,0.3854892314100319,-0.9226192516145068,-0.047009289928497816,-0.9219157812891111,-0.3845275268046572],"T_pred":[73.01341635226466,-68.43109539004458,968.6181334218132],"rotation_error":13.671508728870336,"translation_error":59.74910836259793,"ADD":0,"ADD_S":0}}
{"id_image":1669,"data":{"Best_template_id":189,"GT_R":[-0.9834651482725001,-0.15849379449870596,-0.08761297644322719,0.015309304409125776,0.409296258259467,-0.912272597650642,0.1804492419540922,-0.8985300745203891,-0.4001026850501408],"GT_T":[75.37944581250996,-54.7109927777977,903.4470246431624],"R_pred":[-0.9986435123260013,0.03022248653700112,0.042399724016890586,-0.030190632130148613,0.32735374363840686,-0.9444194260271767,-0.042422411774553095,-0.9444184071868996,-0.3259972563470275],"T_pred":[69.3378941731728,-66.57802770516012,1005.0428340094512],"rotation_error":14.06016580245353,"translation_error":102.46480051690585,"ADD":0,"ADD_S":0}}
{"id_image":1678,"data":{"Best_template_id":189,"GT_R":[-0.9847568230571885,-0.1484725528377131,-0.09060692521251691,0.021745052230668208,0.41174422596418137,-0.9110400005423527,0.17257147770364084,-0.8991229124387019,-0.4022391323325817],"GT_T":[65.94838561817292,-50.77770250870826,895.8602220462393],"R_pred":[-0.98948319674378,0.11387379940895523,0.08919507368615637,-0.041580293649939905,0.36668814540512773,-0.9294142688808542,-0.13854271017160955,-0.9233485592275092,-0.35809685230505506],"T_pred":[52.81511460918752,-59.08089604017759,931.1098744199293],"rotation_error":18.508013523183504,"translation_error":38.52225100746941,"ADD":0,"ADD_S":0}}
{"id_image":1695,"data":{"Best_template_id":189,"GT_R":[-0.9862523787036029,-0.1441418237261078,-0.08080538376348506,0.014584592377922182,0.4111609039322088,-0.9114459328305896,0.16460191926426393,-0.9000947240565744,-0.4034058669803551],"GT_T":[60.1672177469117,-54.14657054072474,886.5649770735768],"R_pred":[-0.9657734950872775,-0.24787579086050288,-0.0764143212505654,-0.02325587711667189,0.3761553289486722,-0.9262647206296107,0.2583422543186434,-0.8927848345535428,-0.3690454156669133],"T_pred":[63.07395741947858,-70.62773778477843,1009.0459793230273],"rotation_error":6.292296739578407,"translation_error":123.61906779004784,"ADD":0,"ADD_S":0}}
