{"id_image":1,"data":{"GT_R":[-0.3881995615616689,-0.9165540549974924,0.09606763684597526,-0.3827439439405579,0.06551915653842463,-0.921528744355197,0.8383368388333237,-0.39450599796497243,-0.3762404705038291],"GT_T":[90.19735355549997,62.33963199722015,923.3084091255107],"R_pred":[-0.2881217025798659,-0.9512595522071636,0.10995976008115543,-0.4495750523908865,0.03298635809479067,-0.89263327993492,0.8454987621340497,-0.3066221852936738,-0.4371666486770475],"T_pred":[106.53716888530009,64.09842385552675,1084.7052123151207],"rotation_error":6.934292164593282,"translation_error":162.23135021825624,"ADD":0,"ADD_S":0}}
{"id_image":2,"data":{"GT_R":[-0.38791017428713503,-0.9166106623389383,0.09669536563974865,-0.3825101146366463,0.06464787947712347,-0.9216875467274788,0.8385774435194451,-0.39451999164653534,-0.3756904671531402],"GT_T":[90.47863544256325,62.868506617859744,923.3533650540612],"R_pred":[-0.30327482814341566,-0.9458692865418659,0.11556673998760725,-0.4734467550605319,0.04431863738904407,-0.8797067855272181,0.8269658691489233,-0.3215076222374206,-0.4612594715623795],"T_pred":[106.50523757791714,64.2492495567382,1087.203766506478],"rotation_error":7.207403625113728,"translation_error":164.6381258493497,"ADD":0,"ADD_S":0}}
{"id_image":3,"data":{"GT_R":[-0.38769191678704396,-0.9166781219371205,0.09693522065721406,-0.38251667243573656,0.06431124284858931,-0.9217077234849783,0.838675660725755,-0.39441802346300925,-0.37557723946575583],"GT_T":[90.5049589899724,63.00585914271714,923.1976993572322],"R_pred":[-0.32441668247348443,-0.9445164040001588,0.051406018203192294,-0.4228674910338844,0.09620247797566883,-0.901070567856951,0.846130546168619,-0.3140602582402769,-0.4306149707504892],"T_pred":[109.06486479457482,64.9754012436245,1092.991052913736],"rotation_error":5.6545531992753775,"translation_error":170.81607685322498,"ADD":0,"ADD_S":0}}
{"id_image":4,"data":{"GT_R":[-0.38732865647895215,-0.9168859422943391,0.09641313767867764,-0.38293824521267544,0.0648708111952462,-0.9214931476345251,0.8386505039053501,-0.3938417962180082,-0.376237276232091],"GT_T":[90.36402487590023,62.7795232213856,923.2661662584167],"R_pred":[-0.2683692803316966,-0.949925431522537,0.1600612505291935,-0.4727936104348447,-0.014883570568296034,-0.8810474909215296,0.8393117009229834,-0.3121220176050714,-0.4451243812912386],"T_pred":[106.0463535859419,64.51220657268883,1105.4533555089433],"rotation_error":8.772173696246133,"translation_error":182.86910496957353,"ADD":0,"ADD_S":0}}
{"id_image":5,"data":{"GT_R":[-0.38779449283762474,-0.9166090684491731,0.09717862396697255,-0.38315114193788147,0.06441146315062724,-0.9214367327994948,0.8383380856316069,-0.39456299106339154,-0.37617819923151363],"GT_T":[90.93131494257021,62.61702224378425,923.3704427445879],"R_pred":[-0.29151568233994773,-0.9513298877126869,0.09995024609495012,-0.39637544052616625,0.025039283895287978,-0.917746993680556,0.870577461859404,-0.3071554639048075,-0.3843831472578632],"T_pred":[100.3839160031093,63.5039069492037,1012.6428649189406],"rotation_error":5.869133658908196,"translation_error":89.77585194341673,"ADD":0,"ADD_S":0}}
{"id_image":6,"data":{"GT_R":[-0.38689338188677735,-0.9170221809262206,0.09687151241567656,-0.3837156035368094,0.06457866941403768,-0.9211905414109733,0.8384966134707018,-0.3935741340920429,-0.37686082518709735],"GT_T":[92.00364430934647,62.53242575346546,923.3800574019444],"R_pred":[-0.2956660325599121,-0.9484602667563434,0.11403823733628415,-0.4511134398113156,0.033396108249260203,-0.8918415578876138,0.8420678485798417,-0.3151314366074722,-0.43773726828981246],"T_pred":[107.71092907612513,64.16943036521559,1086.2170722470548],"rotation_error":6.517620451214709,"translation_error":163.60101461332772,"ADD":0,"ADD_S":0}}
{"id_image":7,"data":{"GT_R":[-0.3869912373970452,-0.9171894897839002,0.09486777326430333,-0.38231047980168387,0.06597728046922219,-0.921675955259412,0.8390923707632292,-0.39294976938251736,-0.37618434584227955],"GT_T":[93.33013753032633,62.30965926829749,923.2612147148561],"R_pred":[-0.27127447743317545,-0.9619419749582605,0.03282978383661622,-0.43931932119569156,0.09339850074387757,-0.8934625084931951,0.8563928373810201,-0.2567963334477292,-0.44793632495064334],"T_pred":[114.19464715477521,64.22378705705547,1100.687805787754],"rotation_error":8.88748629512836,"translation_error":178.6594158358573,"ADD":0,"ADD_S":0}}
{"id_image":8,"data":{"GT_R":[-0.3858127683268096,-0.9176598289884774,0.0951206291180773,-0.3840681128730129,0.06601360574084343,-0.9209414274399799,0.8388326850038914,-0.39184519230460835,-0.37791326016519994],"GT_T":[94.48837200667487,62.103491491567944,923.1686732013557],"R_pred":[-0.3123188760440785,-0.9442440685696765,0.10421160510014177,-0.43040322927813324,0.04285322004561565,-0.9016189116021676,0.8468825065459307,-0.32644561645503295,-0.4197895658586279],"T_pred":[110.2352433921059,64.23514727675386,1078.6963993174554],"rotation_error":5.0200392296005,"translation_error":156.33739637610816,"ADD":0,"ADD_S":0}}
{"id_image":9,"data":{"GT_R":[-0.38488070245328715,-0.9180142446438148,0.09547497178581545,-0.38345711718967596,0.06495182225089734,-0.9212718266421479,0.8395404021394256,-0.3911903029165321,-0.3770176115733609],"GT_T":[95.28456186689259,61.8449749534181,922.870938103776],"R_pred":[-0.30370344327209753,-0.9520287694953822,0.0374892064170495,-0.37810113409450286,0.08431329527577613,-0.9219169163412668,0.8745305889110584,-0.29416405336622636,-0.38556939552566843],"T_pred":[105.83570020142012,62.05639594294549,998.1509565001895],"rotation_error":6.0427804723298,"translation_error":76.01613242433154,"ADD":0,"ADD_S":0}}
{"id_image":10,"data":{"GT_R":[-0.38398208365669534,-0.9183902035802975,0.09548485236797503,-0.38330760719673423,0.06446784509672562,-0.9213677470851088,0.840019823747182,-0.39038907804035927,-0.37678034660235726],"GT_T":[95.5822391422724,61.22449746382982,922.7578475452156],"R_pred":[-0.23754142068361384,-0.9666626441947832,0.09558977862700846,-0.5192634128270619,0.043198745681370276,-0.8535217492663842,0.8209382324869531,-0.2523830435863439,-0.5122140350979179],"T_pred":[127.30741834456242,62.90174136891348,1209.151617420253],"rotation_error":11.8375046207872,"translation_error":288.15046688452617,"ADD":0,"ADD_S":0}}
{"id_image":11,"data":{"GT_R":[-0.38277707311778664,-0.9191706822890593,0.09277272066841466,-0.3826721658520747,0.06635148099391673,-0.9214990380088108,0.8408587322624027,-0.3882311624234939,-0.3771387394780632],"GT_T":[96.20546892548285,60.02849923163953,922.3240030537262],"R_pred":[-0.32260398481730646,-0.9283090784922747,0.18484838048741215,-0.531309794052867,0.015976464086833286,-0.847026950774757,0.7833495846194695,-0.37146602453536226,-0.49837377628883983],"T_pred":[116.60463171281602,61.04277471141202,1144.627728433043],"rotation_error":9.989697863964865,"translation_error":223.24000742406307,"ADD":0,"ADD_S":0}}
{"id_image":12,"data":{"GT_R":[-0.38283233672851613,-0.919242296996883,0.09182945294452473,-0.38227407557778237,0.067138388691018,-0.9216069641389856,0.8410150850060019,-0.38792570533268717,-0.3771051233658299],"GT_T":[96.90371315622171,59.84043057310828,922.2496038013405],"R_pred":[-0.30887825697325344,-0.9466410900402566,0.09200472279486122,-0.42898075731056856,0.05232527837065981,-0.9017968591100125,0.8488637889711257,-0.3180136976465437,-0.42225295248554134],"T_pred":[114.80627110960572,61.09066902824783,1089.600799983024],"rotation_error":5.126376823974305,"translation_error":168.31068754214417,"ADD":0,"ADD_S":0}}
{"id_image":13,"data":{"GT_R":[-0.3825041446570319,-0.9193633226907908,0.09198159191556998,-0.38263547814028914,0.06700481759663562,-0.9214662886300623,0.8409999244733767,-0.38766072462903123,-0.37741013902898823],"GT_T":[97.04826948460776,59.43467341869214,921.9645500282356],"R_pred":[-0.2833384094946192,-0.9568230353841912,0.06487699641045946,-0.4036088184100838,0.05760483142541528,-0.9131164247225356,0.8699536007205648,-0.2849058833275173,-0.40250387605424554],"T_pred":[117.05748026463671,62.12781678590273,1094.4061684951384],"rotation_error":6.357348307270964,"translation_error":173.61950730468294,"ADD":0,"ADD_S":0}}
{"id_image":14,"data":{"GT_R":[-0.38139164931668634,-0.9199663368539496,0.09056070476689601,-0.38189875440811033,0.06759031141736024,-0.9217295035906743,0.8418399297260054,-0.38612566048954977,-0.37711294111885185],"GT_T":[97.032078412186,59.39893094400971,921.8216199576746],"R_pred":[-0.2969042335577683,-0.9535659937065923,0.05059418683833916,-0.40340777488726903,0.07723006050022896,-0.9117552768784138,0.8655114345033094,-0.2911140900085214,-0.4076058676497849],"T_pred":[109.87474709207153,60.3270217213457,1032.382907386298],"rotation_error":5.878657193444611,"translation_error":111.30855209365983,"ADD":0,"ADD_S":0}}
{"id_image":15,"data":{"GT_R":[-0.3837049700988977,-0.9190830644020175,0.08975658855403525,-0.3820845176595417,0.06952182913715865,-0.9215087624869267,0.8407029193031137,-0.3878818112581653,-0.3778436576218479],"GT_T":[97.50696722897922,59.10066354649718,922.1301310475361],"R_pred":[-0.2708241162149305,-0.9582423986026002,0.09179217611941137,-0.45652394085825987,0.04390189512851228,-0.8886273206622498,0.847490524725584,-0.2825670347447845,-0.44935028805587074],"T_pred":[117.5671367040174,60.33198952637619,1100.293117319761],"rotation_error":7.884100328652815,"translation_error":179.29298993678745,"ADD":0,"ADD_S":0}}
{"id_image":16,"data":{"GT_R":[-0.38309223729287145,-0.9191742317835635,0.0914289119565108,-0.3827379591471194,0.06787072292504197,-0.9213607330507295,0.840685689453627,-0.3879591449533674,-0.3778040506591691],"GT_T":[97.9524608298004,59.40677659391521,922.3062259012449],"R_pred":[-0.27884439667745065,-0.9559593281177751,0.09158365261443063,-0.41148182883545126,0.03276538174336341,-0.910828817230463,0.8677145308105778,-0.2916645208862811,-0.4024963357303457],"T_pred":[113.80564911967838,60.578383435149895,1068.1037856838038],"rotation_error":6.4094648350327645,"translation_error":146.66159920065508,"ADD":0,"ADD_S":0}}
{"id_image":17,"data":{"GT_R":[-0.3810725964726262,-0.9202000352361592,0.08952730778157293,-0.38212565738314497,0.06858590926343552,-0.9215613916077554,0.8418806903230417,-0.38539286974254555,-0.3777681322145315],"GT_T":[97.9304389240754,59.674657845442965,922.4282062874174],"R_pred":[-0.3551952198459257,-0.9002451168757014,0.2517838067470961,-0.4978368764967266,-0.045799459869519055,-0.8660605370732714,0.7911983317718683,-0.432967826769051,-0.43190746784965134],"T_pred":[115.39448212744892,61.1240633505837,1146.718709919611],"rotation_error":10.320265597231632,"translation_error":224.97405095012775,"ADD":0,"ADD_S":0}}
{"id_image":18,"data":{"GT_R":[-0.3818678437875845,-0.9197709300967611,0.09054317887085428,-0.38289121867444315,0.06827741107249238,-0.9212668601784818,0.8411722685136974,-0.3864705004735679,-0.37824526876286535],"GT_T":[98.59050721871684,60.22558781801525,922.8110329885806],"R_pred":[-0.26216360297860064,-0.9650232374686543,0.0006296179759177067,-0.4463650507425243,0.12068352189785003,-0.8866756616812905,0.8555866331055564,-0.2327351255995706,-0.4623914732812985],"T_pred":[123.50399732325894,61.27891247066441,1118.1734921636387],"rotation_error":10.21124074579776,"translation_error":196.9474090637885,"ADD":0,"ADD_S":0}}
{"id_image":19,"data":{"GT_R":[-0.38133584800578696,-0.9199610671345314,0.0908504005239042,-0.3816801850768594,0.06717463854289368,-0.9218500870720574,0.8419635148220779,-0.38621091291429266,-0.3767472729110928],"GT_T":[98.37498615229104,60.75953380971232,923.0091379820057],"R_pred":[-0.26421480128932207,-0.9591207945279963,0.101379683781462,-0.4419859060250328,0.026983636257666532,-0.8966160506312304,0.8572275063569035,-0.28170762303902813,-0.43104734944878836],"T_pred":[114.52612724077495,61.868940706206054,1068.75416499669],"rotation_error":7.623382242974796,"translation_error":146.64140970964905,"ADD":0,"ADD_S":0}}
{"id_image":20,"data":{"GT_R":[-0.38176213456200825,-0.9199881324198578,0.08876305677725338,-0.3804077026515255,0.06887416143434248,-0.9222503100995693,0.8423470682181328,-0.38584621705090805,-0.3762646645277625],"GT_T":[98.71973090573107,61.1917081833706,923.3487681851192],"R_pred":[-0.31216562892301014,-0.9454134209905635,0.09352049791367478,-0.3936622924827572,0.039132691345133086,-0.918421815913204,0.8646286021155686,-0.32351521738398475,-0.38438949585631416],"T_pred":[107.78438739440517,62.2678658807328,1007.5095175993941],"rotation_error":4.25702232074205,"translation_error":84.65434338898174,"ADD":0,"ADD_S":0}}
{"id_image":21,"data":{"GT_R":[-0.3813426631734172,-0.9202193912319927,0.08816962311756484,-0.3801427280154276,0.06915997005870983,-0.9223387863251189,0.8426561133713287,-0.385243939400966,-0.3761883841720892],"GT_T":[99.39467946206962,61.83645285385032,923.5731061600035],"R_pred":[-0.30031829324628045,-0.9458820718892185,0.1229472603200254,-0.45383743043824865,0.028327694132587067,-0.8906341159411859,0.8389520304968863,-0.32327178630942943,-0.4377840137573113],"T_pred":[123.23471344706873,64.56109156993128,1146.7760263890427],"rotation_error":6.303692936923509,"translation_error":224.4890074709894,"ADD":0,"ADD_S":0}}
{"id_image":22,"data":{"GT_R":[-0.38210803143314576,-0.9199166840657776,0.08800823824282016,-0.3792216209004833,0.06924278293754488,-0.9227111921176337,0.8427245412199561,-0.385950893607486,-0.3753105837464723],"GT_T":[99.63585943750034,62.56767966030062,923.7997087321432],"R_pred":[-0.2509947769464439,-0.9664396706685552,0.054735590831370196,-0.4147252280419336,0.05627120244323636,-0.9082051183522135,0.8746454179672873,-0.25065497149198235,-0.41493069071253647],"T_pred":[117.71348130102807,64.03063146198089,1067.4498126485767],"rotation_error":8.408362146076623,"translation_error":144.7905141762293,"ADD":0,"ADD_S":0}}
{"id_image":23,"data":{"GT_R":[-0.37973918151384706,-0.9210264659659134,0.08664938328091258,-0.3786414676298681,0.06928407902203147,-0.9229463283815355,0.8440552950018627,-0.3832886543556059,-0.37504920820038146],"GT_T":[100.5158696779951,62.12110782471705,924.0113453590877],"R_pred":[-0.31827764366679,-0.9380152476008247,0.13721055648265207,-0.5001954921923323,0.04321546374273044,-0.864833448291618,0.8052973433039414,-0.34388925392030467,-0.4829455144276111],"T_pred":[129.36479919058735,64.60594700528539,1190.0885637923996],"rotation_error":8.124832456371198,"translation_error":267.64812969453783,"ADD":0,"ADD_S":0}}
{"id_image":24,"data":{"GT_R":[-0.37996362641814446,-0.9208543868784754,0.08748601578009935,-0.37955833886756635,0.06896246949241003,-0.9225937083588979,0.8435420302372002,-0.38375856670026687,-0.37572138827276513],"GT_T":[100.65484889612215,61.60386614214036,924.0582963898015],"R_pred":[-0.2731627690758288,-0.9589067222192891,0.07668115592167674,-0.4652442783419062,0.061921446254945556,-0.8830138707652415,0.8419797284144934,-0.27688198311980305,-0.46304049970029704],"T_pred":[122.85520542789392,62.94006864026064,1115.2259663055415],"rotation_error":8.208546049698084,"translation_error":192.45705829682396,"ADD":0,"ADD_S":0}}
{"id_image":25,"data":{"GT_R":[-0.3800079095771412,-0.9206793076383948,0.08912269543793051,-0.3808333016038413,0.0679234561346773,-0.922145225046169,0.8429474053426951,-0.38436413879972064,-0.3764369432881987],"GT_T":[99.33955741201233,60.26108795801531,924.070065054529],"R_pred":[-0.30624139563160835,-0.9502055824858724,0.057667656570112746,-0.450354563170813,0.09124152793756679,-0.8881755181330118,0.8386876504592343,-0.29796700252259795,-0.455871352878054],"T_pred":[119.70640777134798,60.83652435457288,1094.5417436490293],"rotation_error":6.737839092673703,"translation_error":171.68498164787934,"ADD":0,"ADD_S":0}}
{"id_image":26,"data":{"GT_R":[-0.3824200965147689,-0.9197147469344943,0.08877069708922726,-0.380804440715226,0.06934318117089705,-0.9220517643706259,0.8418688460000613,-0.3864157416687483,-0.376749477858463],"GT_T":[98.02532406133152,58.4398983377982,924.0056499566983],"R_pred":[-0.31061110671112235,-0.9494634986894859,0.04516420091192158,-0.37328966427237736,0.07814658773106553,-0.9244176206528123,0.8741713601663621,-0.30399370960977384,-0.37869810876551907],"T_pred":[108.60626862934477,58.48690155342892,1004.9713054941016],"rotation_error":5.113924256625161,"translation_error":81.65412404682988,"ADD":0,"ADD_S":0}}
{"id_image":27,"data":{"GT_R":[-0.3814742066666042,-0.9201442715832658,0.08837772611671423,-0.38167725065305036,0.06971257415330671,-0.9216629469268038,0.841903223851121,-0.385323264688502,-0.3777910312836906],"GT_T":[97.15339258235855,56.62789199144329,923.6051011276045],"R_pred":[-0.2919843875617629,-0.950066957054501,0.11008130873760058,-0.46876380806230944,0.041832211827069754,-0.8823324533896376,0.833669964477013,-0.3092294345091614,-0.4575713574537198],"T_pred":[115.0947978888095,56.78061560700147,1098.6876070770775],"rotation_error":7.1960133385313725,"translation_error":175.9994353355156,"ADD":0,"ADD_S":0}}
{"id_image":28,"data":{"GT_R":[-0.38355384437033513,-0.9191242938557783,0.08997977064044049,-0.381670615446159,0.06903916769092841,-0.9217163065175902,0.8409601165189011,-0.38787117059215453,-0.37728321389148756],"GT_T":[96.0771680541165,55.83987544335861,923.5197736599114],"R_pred":[-0.28867917763808415,-0.9520867724277853,0.10097083819718583,-0.4560602964250928,0.04401510168025169,-0.8888597621946523,0.8418273804188459,-0.302644095584434,-0.44691521901253706],"T_pred":[114.74134603178256,55.8992891445917,1102.2478790474581],"rotation_error":6.970077920706989,"translation_error":179.70000201722846,"ADD":0,"ADD_S":0}}
{"id_image":29,"data":{"GT_R":[-0.38349728603619854,-0.9193433758629979,0.08796238210879859,-0.3812076371686106,0.07082299932466193,-0.9217729648544094,0.8411965775883651,-0.3870293631784276,-0.3776207306471244],"GT_T":[96.15618904204948,54.39210948802972,923.2720529236191],"R_pred":[-0.31617266153197365,-0.9361773746230964,0.1536449522229561,-0.5091456175855009,0.030788357501530306,-0.8601295350909866,0.8005033342799184,-0.350177098460428,-0.48638504450750625],"T_pred":[116.45348859206815,54.058586633617054,1133.383023349869],"rotation_error":8.673356891087824,"translation_error":211.08934482815116,"ADD":0,"ADD_S":0}}
{"id_image":30,"data":{"GT_R":[-0.38147803470841624,-0.9202899152409935,0.08683986212507995,-0.3817467869180414,0.07128622500739072,-0.9215135683681178,0.8418698279814566,-0.38468816587003285,-0.37851225790187454],"GT_T":[97.16400351277011,53.54773085218571,922.8841268098906],"R_pred":[-0.29291040286235037,-0.9459840550100038,0.13898799790573935,-0.45403727638960456,0.009686908120032034,-0.8909300283747226,0.8414592370065976,-0.3240684055533713,-0.43234942000466514],"T_pred":[111.18475050813923,54.121292718266574,1069.2477749780246],"rotation_error":6.753129250563199,"translation_error":147.03478440358148,"ADD":0,"ADD_S":0}}
{"id_image":31,"data":{"GT_R":[-0.3812927149586781,-0.9203310328645623,0.08720806039111811,-0.3835059295762741,0.0716380618332515,-0.9207562292279614,0.8411532464394089,-0.3845227443613766,-0.3802675779253174],"GT_T":[97.95147308828858,53.097901066695535,922.6854555333226],"R_pred":[-0.2753179745902239,-0.9607066164614427,0.035253509821624895,-0.4143103982385671,0.0854823483800139,-0.9061123892911067,0.8674946148414623,-0.2640749234642406,-0.42156556787576793],"T_pred":[109.51735807717056,52.5554775518278,1012.4256509211618],"rotation_error":7.456224471615781,"translation_error":90.48406813960723,"ADD":0,"ADD_S":0}}
{"id_image":32,"data":{"GT_R":[-0.3837526290242638,-0.9191789787384839,0.0885671535157324,-0.3838080079884975,0.0715302457614284,-0.9206386049088535,0.8398963398520725,-0.3872903728530317,-0.38023834513124577],"GT_T":[98.48603445702051,52.631599005222135,922.8008457944104],"R_pred":[-0.28165284866120655,-0.9582678682745789,0.0489322539182675,-0.42603637645178033,0.079200206450604,-0.9012326743067065,0.8597468690148655,-0.27468167017599815,-0.4305639340312421],"T_pred":[112.88375311598001,52.20086829164908,1040.272474931231],"rotation_error":7.17784074370665,"translation_error":118.35144056406281,"ADD":0,"ADD_S":0}}
{"id_image":33,"data":{"GT_R":[-0.38243077546877013,-0.9195808599189974,0.0900999875414027,-0.38507527961250193,0.06997968768261832,-0.9202281853057678,0.8399192412683186,-0.3866184127666304,-0.3808700643748858],"GT_T":[99.3781517219533,51.87918178863583,922.7798142598679],"R_pred":[-0.31591033085287035,-0.9459310976796547,0.0735868283254108,-0.40724571441699964,0.06513799386637675,-0.9109928484044488,0.8569431666974288,-0.3177599726171111,-0.4058041508572272],"T_pred":[109.63695125809612,51.801457705755176,1009.5869298029577],"rotation_error":4.372999414507544,"translation_error":87.41123679405966,"ADD":0,"ADD_S":0}}
{"id_image":34,"data":{"GT_R":[-0.38149250076584895,-0.9199429271491435,0.09037730247766382,-0.3854297319506862,0.06943961698964327,-0.9201210214164133,0.8401833660049903,-0.38585323188869924,-0.38106372817502693],"GT_T":[100.31337762469352,51.503044656126896,922.7057440527482],"R_pred":[-0.2955975693596826,-0.9546337656997032,0.03600625466015639,-0.4185013258308582,0.09552132416798775,-0.9031790060154234,0.8587658104899505,-0.2820461841883324,-0.42775136787430584],"T_pred":[117.69424123667338,50.63225672869649,1049.1750498646784],"rotation_error":6.648433184863163,"translation_error":127.66102774168917,"ADD":0,"ADD_S":0}}
{"id_image":35,"data":{"GT_R":[-0.3790126516263655,-0.9212002912396583,0.08797265486242885,-0.3847211817323887,0.07039620130003911,-0.9203442763627555,0.8416291778800724,-0.3826668910631165,-0.38108647121752215],"GT_T":[102.4736674578921,51.07216085987559,922.5970708462095],"R_pred":[-0.3107633953397373,-0.9361260667243174,0.16460285330508828,-0.47024612459496895,0.0009267249850484216,-0.8825348284822614,0.8260113161575516,-0.3516633736687121,-0.44049764721234186],"T_pred":[120.17855187297305,51.26489294286999,1100.5652162429622],"rotation_error":6.910403498947462,"translation_error":178.84675242722997,"ADD":0,"ADD_S":0}}
{"id_image":36,"data":{"GT_R":[-0.37865401499873014,-0.9213990426421242,0.08743417294820922,-0.3866068673097103,0.07162832939458137,-0.9194585950756015,0.8409257564407268,-0.38196017092292645,-0.38334182250934107],"GT_T":[104.96614418786591,50.6860900721725,922.5980601950905],"R_pred":[-0.2792772023086644,-0.9595340510086292,0.036036776015818006,-0.3980760250286659,0.08154583529874404,-0.9137208299271755,0.8738076004293062,-0.2695267736244375,-0.4047413936473251],"T_pred":[121.48221537443654,50.34930516151996,1035.79174932186],"rotation_error":6.833423461665269,"translation_error":114.39276764570228,"ADD":0,"ADD_S":0}}
{"id_image":37,"data":{"GT_R":[-0.3773781185354766,-0.921817217824787,0.08853127148384946,-0.38608883274457234,0.06971925650168065,-0.9198228804389295,0.8417371463017013,-0.3813019050522805,-0.38221439331068197],"GT_T":[106.68099898548165,50.626795728509855,922.613700991783],"R_pred":[-0.2390635915599877,-0.9583717708021351,0.15611581636727123,-0.487726072816953,-0.020507116943034642,-0.8727558284246733,0.8396260340681392,-0.28478589691953676,-0.4625203950430114],"T_pred":[129.9015166063398,50.42819661840473,1138.0044086489668],"rotation_error":10.059381756598976,"translation_error":216.63884422062796,"ADD":0,"ADD_S":0}}
{"id_image":38,"data":{"GT_R":[-0.3768214467166565,-0.9219517251522295,0.08949731003917803,-0.3865819913910827,0.06872631568566372,-0.9196909791582412,0.8417600470781477,-0.38115767687970037,-0.38230695284940885],"GT_T":[107.26222282478881,50.66556782981251,922.9253013103016],"R_pred":[-0.2549455581521809,-0.9655732647552828,0.05168203525691917,-0.41056391270446424,0.059702609875701085,-0.9098751958146958,0.875465610954122,-0.25318741825741337,-0.41165045277865486],"T_pred":[121.65597149417782,50.3658165975937,1026.3424079791216],"rotation_error":7.832122846338512,"translation_error":104.41440419457867,"ADD":0,"ADD_S":0}}
{"id_image":39,"data":{"GT_R":[-0.3762591393987278,-0.9221015022248693,0.0903166377492115,-0.3877720460297482,0.06819335827083015,-0.919229250491852,0.8414640700284356,-0.38089130663207227,-0.3832241490387937],"GT_T":[108.96414029901158,50.29503691729944,923.3069997774176],"R_pred":[-0.23866574415973418,-0.9701080423434179,0.04392093743650555,-0.412485860837644,0.06032697276473298,-0.9089642847582466,0.879143945650374,-0.23505540312374068,-0.4145538327993455],"T_pred":[130.66574851539573,50.555443128221484,1072.4691367512105],"rotation_error":8.869971311178986,"translation_error":150.73277917281524,"ADD":0,"ADD_S":0}}
{"id_image":40,"data":{"GT_R":[-0.3747062851039745,-0.9225752300989297,0.09192017409849916,-0.3887350897688473,0.06632589568287696,-0.9189593561094244,0.8417131453303831,-0.38007314238191636,-0.3834902319451093],"GT_T":[110.6809257672003,50.62956425245938,923.5785362599089],"R_pred":[-0.232770534399952,-0.9717406346646957,0.03921756311418595,-0.42099640117947,0.06433029324409067,-0.9047782289406969,0.876686893086178,-0.22711616479806912,-0.42407350681022365],"T_pred":[128.72233638625897,50.39840537394435,1049.503581521213],"rotation_error":9.324287627775583,"translation_error":127.2110960396697,"ADD":0,"ADD_S":0}}
{"id_image":41,"data":{"GT_R":[-0.374158043376324,-0.9227912747443047,0.09198715287084723,-0.3888865083255127,0.0660789068302413,-0.9189129206658933,0.8418861893984655,-0.3795917533584407,-0.3835856336295997],"GT_T":[112.28851950616759,50.08518762729442,924.1073172306953],"R_pred":[-0.3014137566356606,-0.9534317468261225,0.010846725536651391,-0.49792815353355346,0.14769104499361585,-0.8545495358066493,0.8131526924443186,-0.26297387583709214,-0.5192566219103738],"T_pred":[153.98877484625305,48.947073991848505,1224.9398669814475],"rotation_error":10.606310166383846,"translation_error":303.7110955951631,"ADD":0,"ADD_S":0}}
{"id_image":42,"data":{"GT_R":[-0.37368556969854666,-0.9229588291193317,0.09222719563558866,-0.3892302567321877,0.06578009524933996,-0.9187890401352145,0.8419385085610102,-0.37923545576652656,-0.38382409707817694],"GT_T":[113.45284362236578,48.50390412613211,924.2921557225892],"R_pred":[-0.26978245544112256,-0.9617877759630595,0.046708679538071285,-0.408573487219042,0.0704113804983525,-0.9100054631912862,0.8719433079494503,-0.2645874364068476,-0.4119567407117188],"T_pred":[129.72560254409527,48.40105587919618,1041.528720253341],"rotation_error":6.984415577008372,"translation_error":118.36057334965784,"ADD":0,"ADD_S":0}}
{"id_image":43,"data":{"GT_R":[-0.3737943817413718,-0.9224346195845643,0.09691361322183781,-0.3921527583555039,0.06248646740179636,-0.9177752819450465,0.8405322878541932,-0.38106491203647536,-0.38509244139758747],"GT_T":[111.66935842986244,47.24547024842933,924.721237286834],"R_pred":[-0.2526326433230578,-0.9662288930606413,0.050778674090730336,-0.4288741306213432,0.06478182107577046,-0.901038454086114,0.8673198531172868,-0.24940938609626317,-0.4307565791902584],"T_pred":[127.64677366651925,46.68018558941087,1038.1719249780238],"rotation_error":8.159747179967644,"translation_error":114.5716190074756,"ADD":0,"ADD_S":0}}
{"id_image":44,"data":{"GT_R":[-0.37641885625691507,-0.920995275981295,0.10037924733799516,-0.3940607064623717,0.06110708126610087,-0.9170509789899467,0.8384655291188247,-0.3847516661098408,-0.38593061248751026],"GT_T":[108.76064163917793,46.55529633371125,925.6015823087205],"R_pred":[-0.2723562234503082,-0.9588327234833705,0.08038591870065459,-0.4484728190986112,0.052584946430164425,-0.8922482580194153,0.8512897380314355,-0.2790602655097985,-0.4443322519646426],"T_pred":[124.46154067400691,45.508694753958366,1048.8940952035848],"rotation_error":7.144128880564211,"translation_error":124.29262786383963,"ADD":0,"ADD_S":0}}
{"id_image":45,"data":{"GT_R":[-0.37717983584753173,-0.9205226781864172,0.10185100088682449,-0.39529744582428605,0.060559612858898826,-0.9165541596728705,0.8375409474854786,-0.3859682644342472,-0.38672236431968904],"GT_T":[107.68298282114829,44.803273511469115,926.0489980791989],"R_pred":[-0.27041291097270564,-0.9611975505146149,-0.05455388587417076,-0.3825280525510235,0.15927080514763559,-0.910112685132531,0.883486924968779,-0.22523782877733595,-0.4107539091681083],"T_pred":[130.50140986372836,43.74320646212358,1058.5448060824756],"rotation_error":11.185843350907268,"translation_error":134.45052433251354,"ADD":0,"ADD_S":0}}
{"id_image":46,"data":{"GT_R":[-0.37796910225917996,-0.9202087896555575,0.10175708956445391,-0.39644856176370974,0.061547930516396225,-0.9159911010237421,0.8366401246847707,-0.38655877316247966,-0.38807922663958155],"GT_T":[107.56693585804278,43.55029540746361,926.4136985373195],"R_pred":[-0.29385130632054957,-0.9496003123829913,0.10913595418482569,-0.44333756361564863,0.03424833089554147,-0.8957002045987323,0.8468194698169427,-0.31158674322409086,-0.431057405673487],"T_pred":[125.34704329096611,42.037341506349755,1077.9447050217468],"rotation_error":5.575327729179583,"translation_error":152.578069118785,"ADD":0,"ADD_S":0}}
{"id_image":47,"data":{"GT_R":[-0.3785851209860897,-0.919679243812324,0.10422947722591192,-0.3982634444574342,0.06021271987595551,-0.9152921764875408,0.8354995716111672,-0.3880272411995892,-0.38907063623295407],"GT_T":[107.26779196251384,43.147324665273736,926.9451840366594],"R_pred":[-0.2607863933389706,-0.9609891443360103,0.09214294068236895,-0.45744552997804605,0.03895701208895641,-0.8883838912948645,0.850137661883272,-0.27382880724540976,-0.4497596471118768],"T_pred":[127.77665446108523,41.86411814666227,1086.5142406502023],"rotation_error":7.835535553090086,"translation_error":160.88674242612652,"ADD":0,"ADD_S":0}}
{"id_image":48,"data":{"GT_R":[-0.38052856728992007,-0.9187901323272966,0.10498397008821556,-0.39850481492581447,0.060475722253148526,-0.9151702938424114,0.8345010528806113,-0.39008576899494074,-0.38915470266980784],"GT_T":[107.0120015742403,43.397560732869636,927.436739258778],"R_pred":[-0.29306178498036894,-0.9489653126366349,0.1165316506215105,-0.44284292018547394,0.026707524442505792,-0.8962013480126856,0.8473517204949323,-0.31424758320567364,-0.4280695249882562],"T_pred":[121.12113963858033,41.876063413193975,1046.0841141237152],"rotation_error":5.673144434714426,"translation_error":119.49302194418435,"ADD":0,"ADD_S":0}}
{"id_image":49,"data":{"GT_R":[-0.37928824268236927,-0.919494929872695,0.10328912559495751,-0.3978357260152626,0.06127596705360796,-0.9154078087373771,0.8353848540231485,-0.38829603003825514,-0.3890491147196183],"GT_T":[107.25184293786603,43.47683677654094,927.6423511735826],"R_pred":[-0.25635991751249887,-0.963046555912104,0.0825888844749677,-0.4761400882004923,0.05146331591522546,-0.8778622577166859,0.8411719260064568,-0.264372574713877,-0.4717382034961165],"T_pred":[131.11714434687462,42.383696126729035,1101.7385237434387],"rotation_error":8.82021868042624,"translation_error":175.72770092189853,"ADD":0,"ADD_S":0}}
{"id_image":50,"data":{"GT_R":[-0.3795840978158663,-0.9193166074205684,0.10379084806405377,-0.39814576367218657,0.06105797423808747,-0.915288001571906,0.83510247268748,-0.3887539649650219,-0.38919877409084036],"GT_T":[108.56767433810833,44.128814529957666,927.7147354014481],"R_pred":[-0.2843405730741081,-0.9439711289029655,0.16753789512092004,-0.5040175456512228,-0.0014709443683773582,-0.863692161593691,0.8155469037275569,-0.3300247628895832,-0.47535976239062255],"T_pred":[126.91058468386346,42.28760814246168,1092.3867480770302],"rotation_error":8.386939398678217,"translation_error":165.70070657526128,"ADD":0,"ADD_S":0}}
{"id_image":51,"data":{"GT_R":[-0.3792644611152461,-0.9195001384683323,0.10333360244229287,-0.3985328160485131,0.06154471191068625,-0.9150874348796144,0.8350625944533864,-0.38824284320053903,-0.3897926221495143],"GT_T":[109.56521816540595,44.03100498293398,927.647417380106],"R_pred":[-0.2619248178125738,-0.9649725141395621,0.014947801477894374,-0.418367348392347,0.09957368238290809,-0.9028033249694334,0.8696919866326276,-0.2427202684818066,-0.42979381062913563],"T_pred":[128.80826988041588,43.18031160063168,1044.2609289739237],"rotation_error":9.033541604310914,"translation_error":118.19361152269897,"ADD":0,"ADD_S":0}}
{"id_image":52,"data":{"GT_R":[-0.38044986699875716,-0.9188012105348369,0.10517832316504043,-0.39860478480088823,0.06029202199802837,-0.9151385718510094,0.8344895917467153,-0.3900889207356928,-0.3891770802928499],"GT_T":[109.28846592319175,44.15486762157235,927.6492566038564],"R_pred":[-0.2831935920034951,-0.9588400882460701,-0.02066578380866063,-0.3604702788128591,0.12638348343827088,-0.9241690284826624,0.8887421265703217,-0.25426934594299133,-0.3814243465918056],"T_pred":[127.10739524779139,43.399323859111526,1022.5263527726653],"rotation_error":9.447306890215383,"translation_error":96.5388443377974,"ADD":0,"ADD_S":0}}
{"id_image":53,"data":{"GT_R":[-0.38207232977188427,-0.9180568925214188,0.10578842208572552,-0.39980143232593623,0.06100087734986644,-0.9145700474391985,0.8331744989734288,-0.39172649352802497,-0.39034724133783666],"GT_T":[108.72941577325071,43.39143268734262,927.5573228776644],"R_pred":[-0.268236049237374,-0.9630159866895148,-0.02548786515079715,-0.407222710659653,0.13732480038737194,-0.9029460466282428,0.8730515940152275,-0.23182344268643024,-0.4289974424265041],"T_pred":[133.06007580487824,42.204413672625265,1076.42178002155],"rotation_error":10.492271905076622,"translation_error":150.84434570927627,"ADD":0,"ADD_S":0}}
{"id_image":54,"data":{"GT_R":[-0.3812969442437973,-0.9182031449312691,0.10730969814232154,-0.4008316877517085,0.059608044085531296,-0.9142105120997271,0.833034523389127,-0.39159884919189625,-0.3907735180568217],"GT_T":[108.29611118317601,43.18987368599158,927.2943970424851],"R_pred":[-0.226903402144929,-0.9735133159872347,-0.02804763253101422,-0.42667182333194664,0.125252840799574,-0.8956912866865616,0.8754804402553196,-0.1912682657085974,-0.44379099727594384],"T_pred":[134.1264211807048,41.80037250533067,1081.761079356417],"rotation_error":12.53087481062824,"translation_error":156.61766047662903,"ADD":0,"ADD_S":0}}
{"id_image":55,"data":{"GT_R":[-0.38228210112736616,-0.91766141970999,0.10842766453149735,-0.4014495862446007,0.05924634797786883,-0.9139632657261169,0.8322856283726029,-0.3929201429338174,-0.39104356409200874],"GT_T":[107.83486526846471,42.3609003129597,927.1561210013223],"R_pred":[-0.23830476837672088,-0.956075951813478,0.17067399254974241,-0.5391054113665559,-0.015951660642543164,-0.8420872282359126,0.8078218818552851,-0.2926846748408556,-0.511624362505431],"T_pred":[131.78419480116463,39.500229722069896,1134.8693854990042],"rotation_error":11.552608659922369,"translation_error":209.1089526289571,"ADD":0,"ADD_S":0}}
{"id_image":56,"data":{"GT_R":[-0.38057211322290174,-0.9180332439074215,0.11126305704737649,-0.40355404535845535,0.05661659791007558,-0.9132026380625579,0.8320511656826475,-0.392440330909049,-0.39202312245893245],"GT_T":[107.44898236452762,42.36922240361058,927.0419418436021],"R_pred":[-0.24211947699811953,-0.9575810877303393,0.15625818147968257,-0.5066837648450772,-0.012555471140732188,-0.8620405573909229,0.8274356297021392,-0.2878902925866285,-0.48215086656959316],"T_pred":[130.2105132872695,40.16897410678733,1120.729740716244],"rotation_error":9.925581033737965,"translation_error":195.03305313367667,"ADD":0,"ADD_S":0}}
{"id_image":57,"data":{"GT_R":[-0.3832817014068975,-0.9169374481255199,0.11100043844692678,-0.403347583422733,0.058051674691396465,-0.9132037946458688,0.830906663907448,-0.3947854407429553,-0.39209525296679815],"GT_T":[107.76571499222577,42.16744772158299,926.887426674967],"R_pred":[-0.28984082476901474,-0.9441872809573513,0.15653330244897184,-0.48994989102691533,0.005880809554688282,-0.8717307613946497,0.822156554787427,-0.32935663733610343,-0.4643089541056938],"T_pred":[126.89930990576596,40.593836513131045,1091.700604612993],"rotation_error":7.371577635257057,"translation_error":165.92755747187456,"ADD":0,"ADD_S":0}}
{"id_image":58,"data":{"GT_R":[-0.38173080950781896,-0.9174156543918922,0.11237940755437885,-0.4043994110010898,0.056449419171231016,-0.9128384782564646,0.8311091741359135,-0.3939051723055046,-0.39255093601533725],"GT_T":[108.50830133372038,41.8389964553844,926.6714544736136],"R_pred":[-0.29968892339813225,-0.9535457527591608,0.030611216693134935,-0.3952097260745723,0.09487870392579056,-0.913677899457694,0.8683293278523593,-0.2859169965852466,-0.40528465238044986],"T_pred":[126.5962139347065,40.61045364494774,1046.1012962574546],"rotation_error":6.962202849975725,"translation_error":120.79805051494529,"ADD":0,"ADD_S":0}}
{"id_image":59,"data":{"GT_R":[-0.3812633010023689,-0.9174802991811758,0.1134386554499149,-0.4061576711068923,0.056009007484715136,-0.912084989903469,0.8304667110698863,-0.3938181505770341,-0.3939961805776172],"GT_T":[108.42474572572108,41.062708055679686,926.5618375411384],"R_pred":[-0.2929274002046276,-0.9494567978990985,0.11280659170699325,-0.46342121901256605,0.03778737350318917,-0.8853320779078537,0.836321894953292,-0.31161499214081606,-0.45106738376301825],"T_pred":[126.27167941356721,38.6979694723922,1073.4549387623088],"rotation_error":6.174043212923125,"translation_error":147.9921897162099,"ADD":0,"ADD_S":0}}
{"id_image":60,"data":{"GT_R":[-0.38154341402359043,-0.9172893319501552,0.114035740812525,-0.40683504207702753,0.0558695148753418,-0.9117921680322592,0.8300056488820944,-0.3942825049133851,-0.3945021139382538],"GT_T":[108.08910119524892,40.10997688863745,926.2307584809571],"R_pred":[-0.2542868711025964,-0.9656142163570871,0.05410519710656464,-0.4469353245156569,0.06771645408034743,-0.8919996062481579,0.8576636886827704,-0.2510053127243981,-0.4487865083747405],"T_pred":[127.90328055223466,38.31004661459186,1067.3941726072433],"rotation_error":8.931475152295553,"translation_error":142.55858774683338,"ADD":0,"ADD_S":0}}
{"id_image":61,"data":{"GT_R":[-0.3818148296992328,-0.9169827533438851,0.11558326501210818,-0.40810277198679173,0.05506282648488249,-0.9112737337654347,0.829258592546521,-0.3951076316671077,-0.3952474548051819],"GT_T":[108.17365807828442,39.08660841852029,926.1655686873451],"R_pred":[-0.28757148127142473,-0.9570650123978787,0.03645826659629947,-0.4369690870976729,0.0972333745536943,-0.894205618297004,0.8522679508701385,-0.2730791696866482,-0.4461693703100493],"T_pred":[129.57584637205454,37.017011946431936,1077.250516420899],"rotation_error":7.869085345118499,"translation_error":152.60733378501175,"ADD":0,"ADD_S":0}}
{"id_image":62,"data":{"GT_R":[-0.381548328709599,-0.9168395308341118,0.11758105259747711,-0.4107570474379309,0.05421837016156057,-0.9101316152557953,0.8280693815061337,-0.3955566469604673,-0.39728550706373256],"GT_T":[108.11414078138257,38.10112507903785,926.1622888913728],"R_pred":[-0.27979761494168653,-0.9570520857708533,0.07592496160422313,-0.4329410043981748,0.05519430751907772,-0.8997308903934491,0.8568986996043599,-0.28461358635727213,-0.42979032687719754],"T_pred":[130.78779125496754,36.54767467345899,1090.4552835746492],"rotation_error":6.844062011807402,"translation_error":165.85745607587256,"ADD":0,"ADD_S":0}}
{"id_image":63,"data":{"GT_R":[-0.3815015502143464,-0.91694347763754,0.11691834137391947,-0.4110796319771842,0.055008103786647916,-0.9099381184338111,0.8279312211491214,-0.39520669431429495,-0.39792205156303884],"GT_T":[107.75596421451603,37.16462555016564,926.0772204115276],"R_pred":[-0.2214966525516544,-0.9651864003624672,0.13912025540428963,-0.5993725218145068,0.022213608971605847,-0.8001619434028182,0.7692150629064216,-0.2606180502800978,-0.5834264468346204],"T_pred":[136.5061094370087,32.0066635923078,1162.4932570232156],"rotation_error":14.815171298907574,"translation_error":238.21359698609174,"ADD":0,"ADD_S":0}}
