{"id_image":22,"data":{"Best_template_id":126,"GT_R":[-0.6604352815788489,0.7504697736178838,0.024887777083600876,0.3738221113910513,0.3573591451915777,-0.8558917501074428,-0.6512153434856305,-0.5559589759133061,-0.5165545729688663],"GT_T":[-187.57829180239264,22.784050625432165,1081.4483308946883],"R_pred":[-0.10069456025436874,0.9768623331812318,0.18868117963087727,0.4293514658141871,0.21374284693381596,-0.8774800933285245,-0.897506503786122,-0.007346931083611008,-0.4409400166295462],"T_pred":[-202.0392561948815,15.780944290345165,1060.879934815139],"rotation_error":36.460189141841724,"translation_error":26.100228098363147,"ADD":0,"ADD_S":0}}
{"id_image":42,"data":{"Best_template_id":118,"GT_R":[-0.6678221578701752,0.7441489468482025,0.015990929931897407,0.35981051575437584,0.3415640246123642,-0.8682565376830902,-0.6515739239900709,-0.5740885944010545,-0.49585606562784984],"GT_T":[-161.75594674729092,32.381161633065474,1080.1248141535966],"R_pred":[-0.18262625849098196,0.9751541468672176,0.12538755742598096,0.2653990920649038,0.17169339084577218,-0.9487279385951513,-0.9466841984741846,-0.1399848898544031,-0.2901607467796789],"T_pred":[-162.32759880547167,30.500352655432447,987.7490247708632],"rotation_error":33.45800950425363,"translation_error":92.39670282303955,"ADD":0,"ADD_S":0}}
{"id_image":49,"data":{"Best_template_id":84,"GT_R":[-0.6717665654134585,0.7402787140401093,0.026779350224789944,0.3530538356407593,0.35174173362699956,-0.8669662595320617,-0.6512161433282223,-0.5729451855878681,-0.49764590968205796],"GT_T":[-155.9319352514725,20.986734588553063,1080.9427919897714],"R_pred":[0.32243831964723413,0.945309061211185,-0.04923727058942756,0.4185992187830256,-0.18904796127033757,-0.8882767374944421,-0.8490042544400525,0.26580377561569224,-0.45666194149626027],"T_pred":[-153.55455304679248,20.185434417791463,981.8216610337896],"rotation_error":61.278064672777305,"translation_error":99.15287504708922,"ADD":0,"ADD_S":0}}
{"id_image":62,"data":{"Best_template_id":118,"GT_R":[-0.6705958090210898,0.7401348368403258,0.05000888918976234,0.3513525275057207,0.3762665418470601,-0.8573065452105337,-0.6533394630470002,-0.5573359963091955,-0.5123709487429049],"GT_T":[-161.483309506828,-4.621232749224966,1074.4715061658194],"R_pred":[-0.6905327910252438,0.7230528236449554,-0.018949373022463578,0.3763137495427649,0.3367684988945786,-0.8631193081245248,-0.6176993009741492,-0.6031430944405733,-0.504644410654371],"T_pred":[-143.9531126942132,-5.593740315704645,960.9022088377525],"rotation_error":4.267694196110281,"translation_error":114.91840090623754,"ADD":0,"ADD_S":0}}
{"id_image":89,"data":{"Best_template_id":118,"GT_R":[-0.6338752675784658,0.7715982784514964,0.0532686730884687,0.3528789345251711,0.3498060504323549,-0.8678201947632458,-0.6882424823171686,-0.5312936648202379,-0.4940139572025714],"GT_T":[-195.67844234886974,14.201706482763194,1081.728068054925],"R_pred":[-0.5293385001795629,0.8483477074044616,0.01034019193463559,0.3766690250751467,0.24591373554343043,-0.8931107883236071,-0.7602112849574056,-0.4688630951702962,-0.44971791181888715],"T_pred":[-183.0733940049231,13.039989097996216,991.2816785064189],"rotation_error":8.28046559912722,"translation_error":91.32790489984654,"ADD":0,"ADD_S":0}}
{"id_image":100,"data":{"Best_template_id":118,"GT_R":[-0.6133844223610134,0.7870220925648406,0.06599034284289844,0.3475790206385643,0.3440316526008175,-0.8722554331690918,-0.709187893742318,-0.5120923644286574,-0.4845761001332504],"GT_T":[-204.77688901517908,20.17759786987147,1077.4058628217558],"R_pred":[-0.4924888346199097,0.8702330430073284,-0.01221468922767327,0.34720048520157243,0.1835820519133613,-0.9196463740433454,-0.7980642648624958,-0.4571565170414673,-0.39255744557452815],"T_pred":[-192.49766667001722,20.351291155979528,997.1852866468233],"rotation_error":11.115130415143232,"translation_error":81.15510034863925,"ADD":0,"ADD_S":0}}
{"id_image":128,"data":{"Best_template_id":118,"GT_R":[-0.5347166681598738,0.844355641111536,0.033775317551398655,0.3922077644462176,0.28338544757505374,-0.875137589848298,-0.7484984481891441,-0.45470499591814045,-0.48269386055367836],"GT_T":[-277.50609372038457,23.593081082181882,1050.7179941642128],"R_pred":[-0.14691014412028064,0.9712137380331898,0.18751342514646013,0.2913834412878269,0.22365048764180195,-0.9300946992219918,-0.9452582185296365,-0.08200203920136889,-0.31585212658615297],"T_pred":[-282.0503377924308,19.89999815340226,966.5131759606522],"rotation_error":26.24437415131856,"translation_error":84.40817747351171,"ADD":0,"ADD_S":0}}
{"id_image":205,"data":{"Best_template_id":126,"GT_R":[-0.5631085391448659,0.825283798660273,0.04261327948188291,0.36372800662012483,0.2938222076257243,-0.8839516103607946,-0.7420308784505669,-0.48226121284423856,-0.4656319074420974],"GT_T":[-246.92185469198216,20.750878871299392,1051.17033457029],"R_pred":[-0.27396914049148585,0.9547291713551068,0.11590133485835141,0.3937381043639666,0.22129605674155284,-0.8921874020868654,-0.8774458474630937,-0.19879704382668978,-0.4365415445699786],"T_pred":[-244.9323478275448,13.371685515027831,985.3383045293072],"rotation_error":18.71494207409556,"translation_error":66.27417907050788,"ADD":0,"ADD_S":0}}
{"id_image":360,"data":{"Best_template_id":118,"GT_R":[-0.54825918538566,0.8350844978650578,0.04523269124470497,0.3402318436725572,0.2721280294802027,-0.9001045616450721,-0.7639726748349513,-0.4781015391347169,-0.43331866561320836],"GT_T":[-193.3262616843306,25.652738509462587,1107.9418425207346],"R_pred":[-0.1891408275660021,0.9709985577056621,0.14624482309186848,0.3200716780338011,0.20176297388184605,-0.9256596692580812,-0.9283209941977368,-0.12827120995717456,-0.3489507535854419],"T_pred":[-181.87424216591697,24.551107267760532,973.3542789269316],"rotation_error":23.07984363068023,"translation_error":135.0784017397259,"ADD":0,"ADD_S":0}}
{"id_image":454,"data":{"Best_template_id":126,"GT_R":[-0.49099633963568573,0.8702607820032496,0.039603663731802935,0.3288165251271265,0.22723159885743222,-0.9166484822459727,-0.8067229297651434,-0.43704981030677453,-0.39772549376958377],"GT_T":[-160.11577553886397,64.41293646083898,1121.3255027134242],"R_pred":[-0.22182828136575145,0.9613442534011651,0.16312400203180843,0.3552798093605598,0.2354779327846065,-0.9046139509383063,-0.9080575260670666,-0.14271429369213406,-0.39378186820740485],"T_pred":[-149.17685058542537,53.45080616957205,958.2608529150584],"rotation_error":17.910002942053882,"translation_error":163.79837726156916,"ADD":0,"ADD_S":0}}
{"id_image":512,"data":{"Best_template_id":126,"GT_R":[-0.43863185313228675,0.8979168934093459,0.03669873141295925,0.3363002327985009,0.20187835202969845,-0.9198621279963106,-0.8333687915039268,-0.3911396941655089,-0.39051969772484596],"GT_T":[-183.44959831071557,56.93121897652246,1125.4521825679992],"R_pred":[-0.3092859629601543,0.9473481062114588,0.08290813454283213,0.33382554790491853,0.18979208972016015,-0.9233306375538697,-0.8904508390033619,-0.2578963519269261,-0.37494902984404704],"T_pred":[-162.72521989000808,48.45405865885999,958.6781710900385],"rotation_error":8.382266782813778,"translation_error":168.27041633165055,"ADD":0,"ADD_S":0}}
{"id_image":513,"data":{"Best_template_id":118,"GT_R":[-0.4390727015995662,0.8976071942884878,0.038934740156891176,0.33614998563268095,0.20431048752438155,-0.9193803915107,-0.8331967368013914,-0.3905879988182881,-0.39143692447712886],"GT_T":[-182.40013861967665,56.03264161675569,1125.3779696044762],"R_pred":[-0.21692496253811921,0.9703982040578846,0.10616442996158271,0.3392852680531292,0.1769215579799619,-0.9238962437438847,-0.9153300320157489,-0.16439613098602807,-0.36762051711904337],"T_pred":[-166.73943589459282,48.99319486316137,972.9939688579358],"rotation_error":13.9768394254302,"translation_error":153.34828040757998,"ADD":0,"ADD_S":0}}
{"id_image":526,"data":{"Best_template_id":84,"GT_R":[-0.4337677302571114,0.900084634759174,0.04114433601530313,0.33749740328667294,0.20464730316698473,-0.9188110596299285,-0.8354278690399167,-0.38466583909485763,-0.3925461646915876],"GT_T":[-181.47967167346573,52.78103467609449,1123.1133723381802],"R_pred":[-0.3741753707721412,0.9209710302030838,-0.1086515229262841,0.4216592363418932,0.0646108091758324,-0.9044495186273335,-0.8259517421224449,-0.3842366521615478,-0.4125117147676945],"T_pred":[-160.75168258952144,47.2329549546821,979.8819424529561],"rotation_error":9.409184568629431,"translation_error":144.8298077987578,"ADD":0,"ADD_S":0}}
{"id_image":530,"data":{"Best_template_id":126,"GT_R":[-0.43022188702005554,0.901261668543867,0.051352112645925416,0.3355071052359482,0.2124490549010184,-0.9177685481910233,-0.838059858683363,-0.37761610990580796,-0.39377903237877565],"GT_T":[-187.6695187258282,48.8168357322607,1121.8305126863631],"R_pred":[-0.3038090955109103,0.9517707892613771,0.04280652045679095,0.4511899273999674,0.18330339570022192,-0.8733999739738831,-0.8391231631278298,-0.24603298525511313,-0.48511863216001366],"T_pred":[-190.0926066103055,39.78728604989218,1100.9173843495096],"rotation_error":9.97478637166261,"translation_error":22.907707419031908,"ADD":0,"ADD_S":1}}
{"id_image":546,"data":{"Best_template_id":118,"GT_R":[-0.4052067778396909,0.9126457981248435,0.053717462149677056,0.3380250983297944,0.20415585981618958,-0.9187264655059048,-0.8494383207919591,-0.35411716373042634,-0.39122209650912],"GT_T":[-211.06004413766425,43.2328709716322,1117.2814963782364],"R_pred":[-0.19290516740069297,0.9762935443201164,0.09817592224662708,0.31723708396725736,0.15673671229766917,-0.9353043545146518,-0.9285193745668757,-0.14927999978892986,-0.3399518388197881],"T_pred":[-202.0938449643997,41.651122763497256,1010.5836730542037],"rotation_error":13.150537676401258,"translation_error":107.0855739915283,"ADD":0,"ADD_S":0}}
{"id_image":562,"data":{"Best_template_id":84,"GT_R":[-0.4053158427764533,0.9124476703170599,0.0562012971700768,0.33103029645239457,0.20379608628177365,-0.9213494347792766,-0.8521369257596098,-0.3548341173777347,-0.38464992686488825],"GT_T":[-202.0010388559049,48.431621017086286,1115.8880367208508],"R_pred":[-0.414995431304833,0.9088800292034807,0.04142323636796286,0.36885140630977187,0.20968830680641803,-0.9055271691406954,-0.8317015282295803,-0.3605106191275624,-0.4222613662612795],"T_pred":[-183.70780010283687,43.676176560261894,1008.4455896392241],"rotation_error":2.5321516379278863,"translation_error":109.0923291113855,"ADD":0,"ADD_S":0}}
{"id_image":563,"data":{"Best_template_id":118,"GT_R":[-0.4071340544929739,0.9116499418920964,0.05600814523639067,0.33215624580321884,0.20490242908572087,-0.9206982638285349,-0.850830392631017,-0.3562450848712622,-0.3862336158003242],"GT_T":[-198.8180234348003,47.24234507882174,1116.3196867671052],"R_pred":[-0.2006342428837738,0.9737112892009616,0.10785279720552621,0.3224841646540116,0.16959860645764469,-0.931257363050102,-0.9250674916620188,-0.15206129675307434,-0.3480337597129254],"T_pred":[-182.61949437912568,40.77570681122085,973.3250847623655],"rotation_error":12.793132360506043,"translation_error":144.05438541240403,"ADD":0,"ADD_S":0}}
{"id_image":588,"data":{"Best_template_id":126,"GT_R":[-0.3814084932164585,0.9215784945653541,0.07224880223714059,0.3215552855445368,0.20554371442757224,-0.9243125108771153,-0.8666770713256277,-0.3293095397581841,-0.3747344246686385],"GT_T":[-225.82669546664548,57.44352493784896,1113.1282565611746],"R_pred":[-0.24449367362064667,0.9581434336108067,0.14894295615427505,0.3500666527027555,0.23046552755458216,-0.907931153378094,-0.9042544897455411,-0.16984346097946051,-0.39176142808800035],"T_pred":[-205.95185980613456,47.304454485301676,972.2567616179181],"rotation_error":9.494975595484322,"translation_error":142.62744451795373,"ADD":0,"ADD_S":0}}
{"id_image":598,"data":{"Best_template_id":84,"GT_R":[-0.38084091587246494,0.9220747016955326,0.06883578218520689,0.32378295793312845,0.20272246668886573,-0.9241573186629286,-0.8660973746966695,-0.3296701835598542,-0.3757572518675629],"GT_T":[-218.50134028038687,53.07399907990071,1115.551361465796],"R_pred":[-0.3804920454303744,0.9239513350348578,0.03923944254845835,0.3824339120212869,0.1958392036605906,-0.9029902044018421,-0.8420036260612567,-0.3285740963571073,-0.42786558275094516],"T_pred":[-191.9604356680517,45.19515513750643,975.8569901368177],"rotation_error":3.6497904249557567,"translation_error":142.41142222626715,"ADD":0,"ADD_S":0}}
{"id_image":603,"data":{"Best_template_id":84,"GT_R":[-0.3817891872485637,0.9213442175294829,0.07322926947737345,0.319996458231407,0.2060998746354688,-0.9247296787552474,-0.8670866948125638,-0.32961942250931003,-0.37351316361650183],"GT_T":[-218.1770049249911,51.90321859429359,1115.9690924891927],"R_pred":[-0.3760938456289638,0.9245707146494653,0.061011579987692466,0.3175350927081444,0.19046455342273294,-0.928921266194455,-0.8704739422744644,-0.3299882535819369,-0.3652161939442117],"T_pred":[-195.15779528157398,46.470488158548044,985.0831740978124],"rotation_error":0.9412399975643783,"translation_error":133.00572245490088,"ADD":0,"ADD_S":0}}
{"id_image":610,"data":{"Best_template_id":118,"GT_R":[-0.3783463766406631,0.922705739137844,0.07394494568566455,0.32351843854064743,0.20665487256070342,-0.9233785809651031,-0.8672881479751934,-0.32543532106011575,-0.3766993742660962],"GT_T":[-213.77684428195292,52.0881644178336,1114.951319357781],"R_pred":[-0.029841555062966485,0.9831712031465407,0.18023281303582722,0.3291241533076665,0.17992295018311422,-0.9269870677128761,-0.9438150101057599,0.03165623636486392,-0.3289545704170657],"T_pred":[-201.44095414856702,46.138733120388956,972.5795020801704],"rotation_error":21.283653812614588,"translation_error":143.02903297259368,"ADD":0,"ADD_S":0}}
{"id_image":612,"data":{"Best_template_id":118,"GT_R":[-0.3787546853301029,0.9226757645222601,0.07221423918128689,0.32510119423955675,0.2056957188758796,-0.9230373431119412,-0.8665179581452305,-0.3261284608846026,-0.3778710629028174],"GT_T":[-211.94719686259504,51.88680357477109,1115.0944940018514],"R_pred":[-0.16923273965951235,0.9772259068103201,0.12802268113925525,0.3589436148184729,0.18208710143228513,-0.9154254578462611,-0.9178887520873014,-0.10896703423850923,-0.38158409851680153],"T_pred":[-193.5127363055048,44.43078721399463,963.8664919159078],"rotation_error":12.938904637237115,"translation_error":152.52976801565413,"ADD":0,"ADD_S":0}}
{"id_image":618,"data":{"Best_template_id":118,"GT_R":[-0.3731511988738869,0.9249353423803006,0.07248050240810902,0.32060603196650894,0.20186502608422108,-0.9254522007803494,-0.8706148047768227,-0.3220967355459373,-0.37186574797072225],"GT_T":[-211.43400809174383,60.345410859284414,1112.7752016464153],"R_pred":[-0.1438936959084548,0.9817464082212766,0.12437280338734735,0.2620195689158646,0.1589925832090262,-0.9518755716949907,-0.9542747768766341,-0.10438078572775539,-0.2801148010868165],"T_pred":[-195.46869112565403,56.286969405869854,969.200539623641],"rotation_error":14.491716622063208,"translation_error":144.51659374553628,"ADD":0,"ADD_S":0}}
{"id_image":621,"data":{"Best_template_id":126,"GT_R":[-0.3653126530836036,0.9282725617452785,0.06968696937959126,0.31432854179879854,0.19347210428677375,-0.9293899283027389,-0.8762099484242012,-0.3176142280563552,-0.3624600771229136],"GT_T":[-216.56655935186092,67.57047248776288,1111.0821454402649],"R_pred":[-0.2067239481698009,0.9697060857626163,0.13013576175684743,0.3052229644191516,0.19028792255641913,-0.9330752641241473,-0.9295720258507538,-0.15316857955895408,-0.3353136367516501],"T_pred":[-197.05490030206175,58.01558059871388,964.9150517199],"rotation_error":10.040056480718999,"translation_error":147.77286653694225,"ADD":0,"ADD_S":0}}
{"id_image":622,"data":{"Best_template_id":126,"GT_R":[-0.3645179840837539,0.9285758577921436,0.06981533526759356,0.3161094750098296,0.19391518368975919,-0.9286932836537894,-0.8758998584288631,-0.31645677760389557,-0.36421721246341976],"GT_T":[-216.4263909942668,68.41441770727705,1110.754585312701],"R_pred":[-0.1974340649233331,0.9683353950350808,0.1527951332016274,0.36595517510688985,0.2173977010936856,-0.9048839977431727,-0.9094485141118956,-0.12273875623222874,-0.39728906088417654],"T_pred":[-196.34048072044558,56.82904829111463,958.0058192493452],"rotation_error":11.459072247965075,"translation_error":154.49870585190914,"ADD":0,"ADD_S":0}}
{"id_image":638,"data":{"Best_template_id":84,"GT_R":[-0.3475102247304329,0.9343770803557531,0.07859080829573922,0.312918356897773,0.19457196041878183,-0.9296355828284947,-0.8839220088510081,-0.29846622277087664,-0.3599996540486134],"GT_T":[-231.58103579558443,68.4838289579757,1107.0780740353523],"R_pred":[-0.25750950189133426,0.9586157729159053,0.1214275765735211,0.349460283327874,0.20955121969568136,-0.9132172779248398,-0.9008697834937516,-0.19272801104378573,-0.3889595698103177],"T_pred":[-208.50430912860682,57.229463723630516,964.8629548364262],"rotation_error":6.365367615781357,"translation_error":144.51413833689492,"ADD":0,"ADD_S":0}}
{"id_image":641,"data":{"Best_template_id":84,"GT_R":[-0.3445203757258647,0.9351946636979591,0.08195475715639917,0.31130596067260957,0.19616934242743417,-0.9298417890663514,-0.8856597603077979,-0.29483715483048045,-0.3587155406352284],"GT_T":[-234.33087078459715,67.64549956089198,1106.5228609189262],"R_pred":[-0.02562190020209143,0.9872300236032072,0.157227220055706,0.39466029263458785,0.15449269214732886,-0.9057456936086712,-0.918469798985038,0.03884441490719187,-0.39357888635304394],"T_pred":[-224.44274160434344,57.059636865324904,988.1760362571762],"rotation_error":19.651262829817657,"translation_error":119.23005701254104,"ADD":0,"ADD_S":0}}
{"id_image":649,"data":{"Best_template_id":118,"GT_R":[-0.34192430395592566,0.9357825145049355,0.08602064348418376,0.3073967284371657,0.19788035079752272,-0.9307794084007641,-0.8880282489603798,-0.2918142353791516,-0.3553163490038019],"GT_T":[-233.38229372310508,69.61118679517584,1107.1483052942708],"R_pred":[0.029117955976138088,0.9858283705355537,0.16521067909486714,0.2023946546686266,0.1560424529701947,-0.9667921993027314,-0.9788710581079305,0.061588771040345436,-0.19498275534108334],"T_pred":[-217.41042525452877,62.93134237809606,956.3068918293227],"rotation_error":23.051025382175883,"translation_error":151.8316598075557,"ADD":0,"ADD_S":0}}
{"id_image":654,"data":{"Best_template_id":84,"GT_R":[-0.34083509122221384,0.936066381256699,0.0872398294260029,0.30029869603542236,0.19633652050367617,-0.9334200879140124,-0.8908710643742288,-0.29194493058902843,-0.3480179613373738],"GT_T":[-231.82457031529762,73.31007857283335,1107.3914326203358],"R_pred":[-0.19566038056521062,0.9678300743234959,0.15818331995521384,0.37663903067531346,0.22309212420995372,-0.8990956259972858,-0.9054612393962744,-0.1163393800502106,-0.40817287097563865],"T_pred":[-212.57420093041725,61.316577631919195,977.6349690079427],"rotation_error":10.696902499778755,"translation_error":131.7238043615061,"ADD":0,"ADD_S":0}}
{"id_image":663,"data":{"Best_template_id":118,"GT_R":[-0.34782302394777637,0.9327297726615841,0.0950507955151742,0.30160235009079855,0.20730660650912908,-0.9306229867485489,-0.8877245726999016,-0.2950254197769205,-0.3534188590944465],"GT_T":[-220.91190880198732,68.86803138645085,1107.9347357088136],"R_pred":[-0.06432341219324422,0.9840104900531252,0.16608989767359866,0.25952800556795436,0.17720271785962516,-0.9493389337370937,-0.9635910506899377,-0.017959739657651463,-0.26677656340408074],"T_pred":[-204.25224745996246,60.5878117802387,959.6312018956795],"rotation_error":17.30707843068225,"translation_error":149.46586397643264,"ADD":0,"ADD_S":0}}
{"id_image":793,"data":{"Best_template_id":126,"GT_R":[-0.34909559351162567,0.9327062190471535,0.09050380167065936,0.3056830969666604,0.204641904553309,-0.9298815068680644,-0.8858271236445784,-0.2969527405850169,-0.35655192676417935],"GT_T":[-144.50871805860615,73.17392489580995,1102.1670974109795],"R_pred":[-0.3164739008006043,0.9401477052394616,0.12635886373746708,0.3183292011790751,0.23073631707128794,-0.9194711913165469,-0.8935943093981413,-0.2507649184342827,-0.372298490319134],"T_pred":[-133.36704766571347,61.57082730122075,960.313459460409],"rotation_error":3.0848890444799393,"translation_error":142.7628218155727,"ADD":0,"ADD_S":0}}
{"id_image":920,"data":{"Best_template_id":84,"GT_R":[-0.3595126375137001,0.9263557971164976,0.11231845098742536,0.31558436294730235,0.23397580299086934,-0.9195985578286867,-0.8781546194972295,-0.2951619031625749,-0.3764608721063703],"GT_T":[-153.46642364951177,52.31713686170112,1004.195075321362],"R_pred":[-0.1410117546985844,0.9697805171617879,0.1991015659663225,0.3644674080142097,0.23783889770131839,-0.9003311430999297,-0.9204776985523497,-0.05439124261898781,-0.3869914717330763],"T_pred":[-169.03227424074416,43.159492236064274,987.1036984047089],"rotation_error":14.058646402749932,"translation_error":24.865102546040845,"ADD":0,"ADD_S":1}}
{"id_image":1025,"data":{"Best_template_id":126,"GT_R":[-0.23539485378832853,0.9654663009520138,0.11164196549316219,0.32489559864898754,0.1864308473872442,-0.9271921326754318,-0.9159870749063038,-0.18198523299191496,-0.3575604255924095],"GT_T":[-186.93982799814546,50.39692605228204,998.9963302362911],"R_pred":[-0.2281976592598678,0.9632740686821942,0.1415234853752858,0.3801599494646287,0.22197629968699417,-0.8978891552972008,-0.8963281994511656,-0.1510946424653144,-0.41685269327054914],"T_pred":[-189.0346939412084,39.77117530739257,940.5411960620676],"rotation_error":4.246849504226156,"translation_error":59.44996008020863,"ADD":0,"ADD_S":0}}
{"id_image":1038,"data":{"Best_template_id":84,"GT_R":[-0.23249685824261096,0.9668489373590954,0.10558471161484358,0.32965257610887005,0.18047078067945543,-0.9266922034987555,-0.9150261848979604,-0.1806473581323869,-0.36068388032429616],"GT_T":[-176.61109691192408,47.8003744157683,999.2153557423394],"R_pred":[-0.13083159844407166,0.9827315647855466,0.13085016019371343,0.42286146807136,0.17469183955497503,-0.8891967948735722,-0.896700212818701,-0.06100354716776851,-0.4384145248093936],"T_pred":[-183.62914136513197,38.78311241411604,962.3192473517256],"rotation_error":8.31500117678629,"translation_error":38.624950178939585,"ADD":0,"ADD_S":0}}
{"id_image":1040,"data":{"Best_template_id":84,"GT_R":[-0.23402823973685982,0.9667359240773814,0.10321224559561212,0.32988693100365446,0.1788219376013205,-0.9269289809888186,-0.9145512069310879,-0.18287963004241306,-0.36076293377721597],"GT_T":[-173.61889993123214,48.308812486564165,999.9003486042061],"R_pred":[0.09473215843596439,0.971851786617624,0.21570795767934914,0.4673389891259157,0.1479062134647171,-0.8716180478060885,-0.8789881042430726,0.18337899788869516,-0.4401727566904923],"T_pred":[-188.736488902487,36.954183977176726,968.0127670748495],"rotation_error":21.774268377119487,"translation_error":37.07137629872086,"ADD":0,"ADD_S":0}}
{"id_image":1041,"data":{"Best_template_id":118,"GT_R":[-0.23389072004186828,0.9668247568550954,0.10268725818581906,0.33056603272936647,0.1784024207099843,-0.9267678195647598,-0.9143418049717517,-0.18281824597900764,-0.36132607978449577],"GT_T":[-172.23097619216549,48.85213786620478,999.9057721442513],"R_pred":[-0.14925923978075661,0.9778389775685055,0.14680808318294547,0.3920696235073764,0.19482806639947226,-0.8990680924523055,-0.9077461592663749,-0.07663523008918927,-0.4124608488648616],"T_pred":[-175.12338052074404,38.20186881575229,937.315518849629],"rotation_error":6.781319570968716,"translation_error":63.55575537378166,"ADD":0,"ADD_S":0}}
{"id_image":1042,"data":{"Best_template_id":84,"GT_R":[-0.23375119254349583,0.9668616711701592,0.10265835150289872,0.3302630718707303,0.17826133760299392,-0.9269028675155447,-0.9144864314063776,-0.1827609872563324,-0.36098726119726987],"GT_T":[-171.60324253941545,49.02734846048034,999.9072704802737],"R_pred":[-0.030504844768523776,0.9868664283879454,0.15863198595008676,0.421941779131001,0.15658589684102087,-0.8929983157510761,-0.9061095902093818,0.03969268737832393,-0.4211768050347418],"T_pred":[-187.23945044235816,39.964993430438454,981.7627723283142],"rotation_error":13.347383639903036,"translation_error":25.609375030660857,"ADD":0,"ADD_S":0}}
{"id_image":1044,"data":{"Best_template_id":84,"GT_R":[-0.23300566668726916,0.9669035871003737,0.10395399268119318,0.3287859485202811,0.17892775294287916,-0.9272990514546582,-0.9152090668083136,-0.18188803215175584,-0.3595949469171089],"GT_T":[-170.85195745513795,49.57756599029989,999.2584530755115],"R_pred":[0.024970039459980886,0.9886618600286643,0.14806830739232862,0.44194992197483957,0.1219373283227797,-0.8887134264924414,-0.8966921230811613,0.08762998622711732,-0.43389425199930337],"T_pred":[-189.8350444755968,41.12119500188613,985.257620765159],"rotation_error":16.514975228354285,"translation_error":25.057755456197775,"ADD":0,"ADD_S":0}}
{"id_image":1046,"data":{"Best_template_id":126,"GT_R":[-0.23071394756175045,0.9675668422318109,0.10289147550034874,0.32822920680221507,0.1769368461422657,-0.927877928277359,-0.915989309953144,-0.1803030677123768,-0.35840532524688107],"GT_T":[-170.20901299567893,51.77563261255486,998.2110664924007],"R_pred":[-0.26507802984429407,0.9623160375743001,0.060675216696488676,0.4079457623279989,0.16894412439145834,-0.8972391753775754,-0.873678369362831,-0.21308619537854112,-0.43735612519616407],"T_pred":[-183.80324477264307,41.249224411410154,1019.3116039026959],"rotation_error":5.652033445926392,"translation_error":27.21839609944372,"ADD":0,"ADD_S":0}}
{"id_image":1048,"data":{"Best_template_id":84,"GT_R":[-0.22927299175095658,0.9679013763782544,0.10295922133720461,0.32728586064947457,0.17627725795789412,-0.9283371524241957,-0.916688299318075,-0.17914633733897609,-0.3571965259627321],"GT_T":[-169.7763149082454,53.01666641511454,997.3006795921192],"R_pred":[-0.22104429659533809,0.9698818849910544,0.10231592304656872,0.4003936945354991,0.18591066372281917,-0.8972859714106504,-0.8892830304907913,-0.1573732959569064,-0.42942908308680516],"T_pred":[-175.49020124317022,43.20285415250149,964.3377172990238],"rotation_error":4.605781387530695,"translation_error":34.86425520945894,"ADD":0,"ADD_S":0}}
{"id_image":1049,"data":{"Best_template_id":126,"GT_R":[-0.22870867022796712,0.9678891763353623,0.10432480586084163,0.32849207055630414,0.1776102407899155,-0.9276563053214706,-0.9163973708474953,-0.17789381332556417,-0.3585644933664845],"GT_T":[-169.27367377136747,53.070722348372044,996.8487655405387],"R_pred":[-0.2417473957034611,0.9595872346115129,0.1440504628289121,0.3500611890696686,0.22470336636200727,-0.9093764682752195,-0.9049946743366637,-0.16941291661562036,-0.3902357019879971],"T_pred":[-175.12341500901152,42.786275601068816,949.5113280722471],"rotation_error":3.149301080681925,"translation_error":48.793670732072655,"ADD":0,"ADD_S":0}}
{"id_image":1053,"data":{"Best_template_id":126,"GT_R":[-0.2254558411300315,0.9686229262915034,0.10459372276506683,0.32723718967655757,0.17641058525261052,-0.9283284856820858,-0.9176516546089627,-0.17507085337219755,-0.3567419717598986],"GT_T":[-169.78440205057515,53.8206751222919,994.7860768651251],"R_pred":[-0.19858935042692205,0.9725649894388333,0.12115944542154056,0.3639844288745268,0.187966928064079,-0.912241069833538,-0.9099876952101593,-0.13706120994648885,-0.39132674237024323],"T_pred":[-176.48438921790734,43.34527727216482,950.9510567005385],"rotation_error":2.9928194641187025,"translation_error":45.56460008592828,"ADD":0,"ADD_S":0}}
{"id_image":1055,"data":{"Best_template_id":126,"GT_R":[-0.22552953001208012,0.9688343702158814,0.10245516557275156,0.3279185358166174,0.17451871824359885,-0.9284460018580906,-0.9173903986579701,-0.1757955962979561,-0.35705842504826235],"GT_T":[-168.99537173447524,53.348026007799625,994.3730596463685],"R_pred":[-0.24843436790700457,0.9617798392445078,0.11515166375461322,0.3516336572618699,0.20031495362933194,-0.9144548597022819,-0.9025708481461656,-0.18669081438380108,-0.38795928124150386],"T_pred":[-175.29121876755264,43.10784193746814,954.7854379508893],"rotation_error":2.380686173362915,"translation_error":41.372440720394415,"ADD":0,"ADD_S":0}}
{"id_image":1064,"data":{"Best_template_id":118,"GT_R":[-0.22332727454160795,0.9690742564673371,0.10497887969642537,0.3320232815269308,0.17688745856486143,-0.9265370545720045,-0.9164520625975984,-0.17206605736447228,-0.3612591072985123],"GT_T":[-165.12798097220139,49.23091057760125,991.9752520296821],"R_pred":[-0.14066091674789527,0.9805539199838178,0.13685217025685265,0.2891465716530693,0.1728858872636686,-0.9415438014698684,-0.9468942742465594,-0.092868078419999,-0.3078420916795796],"T_pred":[-175.8193468684224,42.96880817964156,962.7224633311648],"rotation_error":5.748311412869013,"translation_error":31.768614666200214,"ADD":0,"ADD_S":0}}
{"id_image":1068,"data":{"Best_template_id":84,"GT_R":[-0.22031675707374893,0.9698511804585863,0.10416196518135848,0.3338041126099264,0.17530281631026495,-0.9261977669837974,-0.9165343304580558,-0.16928815868248714,-0.3623625374478366],"GT_T":[-165.05714420424192,49.01270409607337,991.2216243589767],"R_pred":[-0.16633251405738114,0.979094531882571,0.11707857363753565,0.4215830610054909,0.17794443467576415,-0.8891588726662759,-0.8914040708009983,-0.09853768723473932,-0.4423676149469321],"T_pred":[-171.5833655942497,37.964228675092386,952.1386773225593],"rotation_error":6.317341873711029,"translation_error":41.135594365595644,"ADD":0,"ADD_S":0}}
{"id_image":1088,"data":{"Best_template_id":126,"GT_R":[-0.20639438803846707,0.9738424141563083,0.09504097160164335,0.3382901657429737,0.16216294920186952,-0.9269635027945002,-0.9181286778971441,-0.1591691715969724,-0.3629109358678287],"GT_T":[-166.2816857513004,49.611192832387935,990.4068421454983],"R_pred":[-0.13430409867366488,0.9816598065196787,0.13530126881593296,0.3606016306654238,0.17559238169809233,-0.916042455048361,-0.9229999312247492,-0.0742383981059549,-0.37757090354762507],"T_pred":[-174.76359467030338,40.34576376550526,953.8015741963684],"rotation_error":4.984987741134919,"translation_error":38.70060201510174,"ADD":0,"ADD_S":0}}
{"id_image":1100,"data":{"Best_template_id":126,"GT_R":[-0.19539217233312903,0.9759013683753398,0.09715833271397385,0.33824179331750653,0.16004689090125446,-0.9273495281354939,-0.9205506344682898,-0.14833491206155808,-0.36136253523832707],"GT_T":[-169.9790912257863,45.73023463193929,988.6555439728967],"R_pred":[-0.07973628683259115,0.983432344023373,0.16279726438378672,0.3563100341493288,0.18064629778796737,-0.9167388257622804,-0.930959335377574,-0.015091051129549449,-0.3648108770981898],"T_pred":[-182.62769279021052,35.8959357923727,964.3597892308761],"rotation_error":7.743838196098274,"translation_error":29.102993895574905,"ADD":0,"ADD_S":0}}
{"id_image":1103,"data":{"Best_template_id":84,"GT_R":[-0.19259391977549942,0.9763419325832805,0.09830527577032107,0.3399837932018448,0.1603681943760866,-0.9266560931136179,-0.9204988356605586,-0.14504641988005315,-0.36282666271299274],"GT_T":[-169.62053207458084,45.418554375511576,988.3607413212557],"R_pred":[-0.22445897042972596,0.9704282603094674,0.08880969646591513,0.40095502339794425,0.17503353822691092,-0.8992209571110552,-0.8881741044443827,-0.16622951629752486,-0.4283859335994934],"T_pred":[-176.4591186770373,36.99551721220212,966.3903005511027],"rotation_error":4.368198073668676,"translation_error":24.50334853461034,"ADD":0,"ADD_S":1}}
{"id_image":1115,"data":{"Best_template_id":118,"GT_R":[-0.18237281047333945,0.9785949793529277,0.09535837864237774,0.34585311695464005,0.15463484611871975,-0.9254587015423382,-0.9203943424338299,-0.13579915957260275,-0.36665041228748746],"GT_T":[-170.77262510582918,41.640078370191816,985.9299656955449],"R_pred":[-0.08012056979422577,0.9887371530108193,0.12641019164572403,0.3384470967555872,0.14626828970476702,-0.9295478202462513,-0.9375682679109629,-0.031692738646297625,-0.34635431760486907],"T_pred":[-179.8629723439767,33.68417695200182,943.5789019294479],"rotation_error":6.175021582279073,"translation_error":44.040247301826874,"ADD":0,"ADD_S":0}}
{"id_image":1120,"data":{"Best_template_id":84,"GT_R":[-0.17791591966541082,0.9795389884159412,0.09407503837820677,0.34688999860468933,0.15189429961455278,-0.9255235966444135,-0.9208760865173027,-0.13203269769151532,-0.36681693127906473],"GT_T":[-171.5892110896666,42.25224627068009,984.6976802892029],"R_pred":[0.1895525213520215,0.9530405379509037,0.2361854666810455,0.4088179158601846,0.14209814908735052,-0.901485456176462,-0.89271370176604,0.26743569142543594,-0.36268498401639504],"T_pred":[-194.92013191324767,34.50648515814894,974.9279578469452],"rotation_error":23.104062455579363,"translation_error":26.453282561666377,"ADD":0,"ADD_S":0}}
{"id_image":1132,"data":{"Best_template_id":126,"GT_R":[-0.16532707506945424,0.982310982351182,0.08793611308604873,0.3461978116871511,0.1412928444647996,-0.9274598813850424,-0.9234789733396406,-0.12289184559229425,-0.3634339942585926],"GT_T":[-173.87075826557816,45.40695761185098,982.5642617973134],"R_pred":[-0.20666299623765927,0.9687183162926469,0.13738715247508632,0.39139737382264506,0.2105465958625753,-0.8958114906247956,-0.8967153961825403,-0.13135811604092407,-0.4226659953194356],"T_pred":[-190.22258121364428,34.52621084997007,994.323233383249],"rotation_error":5.202265610909242,"translation_error":22.892054878929578,"ADD":0,"ADD_S":1}}
{"id_image":1136,"data":{"Best_template_id":126,"GT_R":[-0.16270310905110733,0.9826519970797408,0.08901397403623668,0.3473089699291757,0.14148026589456167,-0.9270164356222326,-0.923527305108736,-0.11991344018867917,-0.364303065228603],"GT_T":[-173.35172235348483,43.38753306933231,982.2623392806889],"R_pred":[-0.17690642473502416,0.978041154152737,0.11017993315960029,0.41383944808718415,0.1754853900186636,-0.8932758751342683,-0.8929955364358584,-0.1124294386430017,-0.43579650438255385],"T_pred":[-182.21240917407695,31.64525338073272,958.5540013886032],"rotation_error":4.707352862509244,"translation_error":27.901221995160398,"ADD":0,"ADD_S":0}}
{"id_image":1147,"data":{"Best_template_id":84,"GT_R":[-0.1500739322137513,0.9846029714818595,0.08964028179856909,0.34883875010976245,0.13756944879017788,-0.9270297269645492,-0.925087902396428,-0.10785399461649467,-0.36411328599835624],"GT_T":[-177.69410441282156,39.61521417507852,977.4750595420398],"R_pred":[-0.0873694571655047,0.9900762028425739,0.11007129743686578,0.4503494109121534,0.13781407124295986,-0.8821523053637146,-0.8885673784500987,-0.027502624097897166,-0.45792097530256093],"T_pred":[-188.85683404608886,28.67553589050675,954.220608741538],"rotation_error":7.397241354967249,"translation_error":28.018789693138398,"ADD":0,"ADD_S":0}}
{"id_image":1151,"data":{"Best_template_id":126,"GT_R":[-0.14676818928440633,0.9850880404231904,0.08978319998377302,0.3506867388553834,0.13668903486770825,-0.9264635308360047,-0.9249204478188834,-0.10448960745049529,-0.36551882826481075],"GT_T":[-178.43767077394236,38.822495661257285,975.4724081181758],"R_pred":[-0.11348517390655066,0.9848696717916889,0.1309688699207976,0.4170544237280587,0.16686605452969405,-0.8934323295552664,-0.9017686637670754,-0.04677017672218081,-0.4296810766337274],"T_pred":[-194.62182300226834,28.304852292240476,971.1571425947976],"rotation_error":5.314482414443045,"translation_error":19.777995902636572,"ADD":0,"ADD_S":1}}
{"id_image":1161,"data":{"Best_template_id":126,"GT_R":[-0.13477798566285976,0.986787483152868,0.08991790866552704,0.34948983745569745,0.13225537934660705,-0.927558088910922,-0.9271954013802177,-0.09358905235896932,-0.362696497496995],"GT_T":[-182.28902462250298,40.748253141764536,970.3571355649744],"R_pred":[-0.1273561082671345,0.984135871324402,0.12351926351630427,0.35882747641915375,0.16181358169474924,-0.9192710193113772,-0.9246746800111441,-0.07275267384555106,-0.3737429391903093],"T_pred":[-196.34535362708644,31.334962362989415,965.3159323449388],"rotation_error":2.138480660780889,"translation_error":17.65231311405292,"ADD":0,"ADD_S":1}}
{"id_image":1164,"data":{"Best_template_id":84,"GT_R":[-0.13244959578526536,0.9870790848880489,0.09018428408884156,0.34862771775806556,0.1315651337883216,-0.9279806715237386,-0.9278557282127126,-0.09147006584406238,-0.3615481745507709],"GT_T":[-181.4409747617545,42.8857805770866,970.3520259052465],"R_pred":[0.023943076987324563,0.9883481902070681,0.15031494928579958,0.4697710144839351,0.12160046751967013,-0.8743732156520649,-0.8824635533636014,0.09154879143610317,-0.46138584262141735],"T_pred":[-194.921933099915,31.82968731163601,941.4267552107199],"rotation_error":12.261669595392606,"translation_error":33.77343217325122,"ADD":0,"ADD_S":0}}
{"id_image":1176,"data":{"Best_template_id":126,"GT_R":[-0.11935254348503707,0.9893586806394035,0.08322033531347955,0.3531253362061306,0.12063928088489238,-0.9277650844722147,-0.9279309941573232,-0.08134372189953491,-0.3637659249225738],"GT_T":[-182.37763755308436,43.93844807647384,971.5561258107191],"R_pred":[-0.14940974109077287,0.9761775938078587,0.1573341495502077,0.3630304910250677,0.20216455658987187,-0.9095814172711085,-0.9197203878643152,-0.07878323048923114,-0.38458758526555986],"T_pred":[-196.30208256721914,33.64406743002094,960.2332048860148],"rotation_error":4.821365032694547,"translation_error":20.689924603846013,"ADD":0,"ADD_S":1}}
{"id_image":1177,"data":{"Best_template_id":118,"GT_R":[-0.11941537931987617,0.9891597043825496,0.08545958147829354,0.35355164619124907,0.122799327454082,-0.9273192292194516,-0.9277606569835114,-0.08052225357505943,-0.3643830274978854],"GT_T":[-182.16606724374358,43.69217342725366,971.7930502004344],"R_pred":[-0.06280396404813549,0.9927644479800124,0.102344579371757,0.3771473281825297,0.1185511511580647,-0.9185344399661218,-0.9240214039429064,-0.019088619280583696,-0.3818639413054617],"T_pred":[-192.72313695500543,35.68122775957616,940.0991616008198],"rotation_error":3.6805727449261894,"translation_error":34.35301363699706,"ADD":0,"ADD_S":0}}
{"id_image":1189,"data":{"Best_template_id":118,"GT_R":[-0.10085832798755037,0.9915859597831493,0.08114928182374884,0.3511803370267581,0.11179743823103165,-0.9296087062975377,-0.9308591364928662,-0.06526065395306355,-0.35950092403074346],"GT_T":[-185.6077230559959,44.39768906285134,969.4371531666359],"R_pred":[-0.050014869775493076,0.9950081153429293,0.08635602586416513,0.34203778003031043,0.09830001778043684,-0.9345305043369654,-0.9383542347286964,-0.017203398096819977,-0.34524682947225577],"T_pred":[-199.4410163138451,38.08787531074113,952.4970174197563],"rotation_error":3.0009023873447256,"translation_error":22.762731625766783,"ADD":0,"ADD_S":1}}
{"id_image":1347,"data":{"Best_template_id":84,"GT_R":[-0.010736768445567816,0.9937337955977398,0.11125661262823028,0.3418326059735782,0.10820766728295494,-0.9335097047789638,-0.9396989585674358,0.028007388713333876,-0.34085301465904944],"GT_T":[-179.64199941008485,44.76396874697211,926.7299391691985],"R_pred":[0.015511314561946987,0.991304420278845,0.13067113474743597,0.5017741733556493,0.10532202434545246,-0.8585627234751285,-0.8648595713026563,0.07888483709432431,-0.49577727297929575],"T_pred":[-193.25251534232856,29.881629088636217,909.9173138234427],"rotation_error":10.300905538437826,"translation_error":26.256323974705367,"ADD":0,"ADD_S":0}}
{"id_image":1520,"data":{"Best_template_id":84,"GT_R":[0.10724297482460254,0.9936737064866226,0.03334340614638655,0.33258082070880646,-0.0042483991581754345,-0.943064772585205,-0.9369570388128069,0.11222668747101779,-0.3309323038307034],"GT_T":[-151.89702467316502,55.60037749049753,912.9547460387882],"R_pred":[0.10257956254305534,0.9943118123200789,0.028661005377266013,0.4646388915997455,-0.022418784108188317,-0.885216413388314,-0.8795385913997381,0.1041221302119329,-0.46429564744750074],"T_pred":[-169.69801765971897,43.99792770477685,908.7591301865141],"rotation_error":8.340831875619255,"translation_error":21.658609944254664,"ADD":0,"ADD_S":1}}
