{"id_image":1,"data":{"Best_template_id":124,"GT_R":[0.005793329846919287,-0.9939465558854979,0.10971614417913021,-0.6717029354335636,-0.08514769284697735,-0.7359116020870881,0.7407981750840915,-0.06943371144688064,-0.6681294842519337],"GT_T":[-26.110574907818567,71.99365735523833,788.7472675624939],"R_pred":[-0.31726705197654126,-0.9457932783389009,-0.06940239462056624,-0.6624715059887021,0.2734026561698629,-0.6974112784808719,0.67858169845876,-0.1752885114553081,-0.713302752180732],"T_pred":[12.792677732395932,66.28731003798262,520.7188996901284],"rotation_error":21.798238111289702,"translation_error":270.89708645538735,"ADD":0,"ADD_S":0}}
{"id_image":14,"data":{"Best_template_id":158,"GT_R":[-0.014223781693106504,-0.9934604513472922,0.11328944176017211,-0.6586851949429291,-0.07593269851911963,-0.7485774456139194,0.7522842609530462,-0.08527047749016814,-0.6532982434208252],"GT_T":[-47.69862261551544,91.7482609009353,785.1114417131527],"R_pred":[-0.7852217954340227,-0.617485050779905,-0.0462487193196546,-0.3228164458459382,0.4719543354337853,-0.820395421462511,0.5284091920725513,-0.6292625186109474,-0.5699231600879551],"T_pred":[0.4868572848360426,73.02325784705054,462.4439953953255],"rotation_error":51.909721204227125,"translation_error":326.7824155701513,"ADD":0,"ADD_S":0}}
{"id_image":33,"data":{"Best_template_id":124,"GT_R":[-0.007438762206296166,-0.9876377667260792,0.1565802531579066,-0.6478926326564619,-0.11451184364092296,-0.7530752224863422,0.7616946802851237,-0.10704970738629704,-0.6390314133899871],"GT_T":[-72.1907192748846,99.61359632954417,773.4570935513385],"R_pred":[-0.3738548816516285,-0.9270861110459412,0.02727398340835696,-0.5706376083205322,0.20673327234271044,-0.7947540966089431,0.7311670448231851,-0.31268625939140204,-0.6063184441795773],"T_pred":[-19.72386916278198,84.64642895055509,489.83290159909694],"rotation_error":22.69967871952261,"translation_error":288.8242869299576,"ADD":0,"ADD_S":0}}
{"id_image":43,"data":{"Best_template_id":158,"GT_R":[-0.011615056325187565,-0.9870584565195104,0.1599380334711677,-0.6395950028873976,-0.11561454907167779,-0.7599686130637596,0.7686250216616359,-0.11112334620753454,-0.6299746810732716],"GT_T":[-78.93496848981935,99.55734540649813,777.5950133577721],"R_pred":[-0.78656250218934,-0.6152506152401066,0.05278362053056693,-0.44476927563179525,0.5051610100343883,-0.7395895114149506,0.42836867486268504,-0.6052099093601387,-0.6709852785335011],"T_pred":[-23.792562898886498,77.90290753878202,508.53941375124464],"rotation_error":51.96770714479919,"translation_error":275.500481403118,"ADD":0,"ADD_S":0}}
{"id_image":52,"data":{"Best_template_id":124,"GT_R":[-0.011635843380003442,-0.98257527932502,0.18550196887170634,-0.6238947065774172,-0.13784021690384168,-0.7692570721362512,0.781422220910476,-0.12468498270325229,-0.6114194099133629],"GT_T":[-93.95044044495647,104.1920837094358,776.0755034971943],"R_pred":[-0.34540259312964755,-0.9351334380878329,-0.07888283482066549,-0.5234165682520142,0.26173184928644544,-0.8108831821837115,0.7789301282776265,-0.23879257115565117,-0.5798671944697972],"T_pred":[-27.665651466419547,88.49374278186242,498.33105167730383],"rotation_error":24.805691265303892,"translation_error":285.9756837119879,"ADD":0,"ADD_S":0}}
{"id_image":61,"data":{"Best_template_id":124,"GT_R":[-0.0027706033463586596,-0.9778980579001526,0.20906582011617056,-0.6061474334063826,-0.16463841165691637,-0.7781251463775142,0.7953474373073627,-0.12888200760292542,-0.5922941873896218],"GT_T":[-103.08705413746654,109.85439656909244,775.3964878520744],"R_pred":[-0.1566256097844987,-0.9747705546814324,0.15903076458876425,-0.5109877353552733,-0.057816278403753696,-0.8576414240625443,0.8451981736114456,-0.21559138126927202,-0.48904028836721025],"T_pred":[-39.21199327771677,87.18956708794987,441.97878899745865],"rotation_error":11.011026027804085,"translation_error":340.2367996039718,"ADD":0,"ADD_S":0}}
{"id_image":75,"data":{"Best_template_id":124,"GT_R":[0.020797058910611985,-0.978731538893123,0.2040911901941794,-0.5918945085441001,-0.17656932511785967,-0.7864380037496587,0.8057475746923194,-0.10444487946411152,-0.5829775964579266],"GT_T":[-92.39314463878542,113.6994958391203,778.6597252110305],"R_pred":[-0.4500325596455571,-0.8929226732932197,0.012640995916386455,-0.3465589344891945,0.16158448064415254,-0.9240061474582699,0.8230234505678331,-0.4202137017445405,-0.38216860766102717],"T_pred":[-27.382481212853495,92.96344521839097,448.0929905626467],"rotation_error":31.77444850500654,"translation_error":337.5362739181083,"ADD":0,"ADD_S":0}}
{"id_image":84,"data":{"Best_template_id":124,"GT_R":[0.025972716913901347,-0.9786692925707481,0.20379267825385722,-0.5852422165652256,-0.18015903512006595,-0.7905913673657926,0.8104425884117659,-0.09873485504658042,-0.5774385039963007],"GT_T":[-95.97949128308719,110.31696137727103,780.5378104521743],"R_pred":[-0.33023376260443427,-0.9436379089031027,0.02220718165589003,-0.5284238515980019,0.16532917161513594,-0.8327271450333451,0.7821214068790414,-0.28672942279095187,-0.5532380527472026],"T_pred":[-33.49444436513894,91.75235816100803,490.59328564922237],"rotation_error":23.153392983455074,"translation_error":297.1815153136633,"ADD":0,"ADD_S":0}}
{"id_image":93,"data":{"Best_template_id":124,"GT_R":[0.03706060634762859,-0.9800533185957755,0.19524845345817193,-0.5824908641993577,-0.17994353831004584,-0.7926695881442213,0.8119922920122611,-0.08435412504270108,-0.5775411098878379],"GT_T":[-89.06168662098365,102.48425825232596,781.7280013178167],"R_pred":[-0.3748354910432855,-0.9246884481816882,0.06670553540509594,-0.4366452436214565,0.11261262346841838,-0.8925577450553659,0.8178259508459597,-0.3636889754101736,-0.4459720207456968],"T_pred":[-26.726252050283076,84.60458916076453,452.41284147744494],"rotation_error":25.889734790156943,"translation_error":335.6394843736825,"ADD":0,"ADD_S":0}}
{"id_image":103,"data":{"Best_template_id":124,"GT_R":[0.05873022636904921,-0.9827338054960223,0.17545991827220914,-0.5876066951870883,-0.17611949194476875,-0.7897465968916267,0.8070121967423739,-0.05671980746503602,-0.5878045623325281],"GT_T":[-70.0455176661069,86.7056365911682,787.6832123453568],"R_pred":[-0.2939926938973021,-0.9550002243915288,-0.039279350136392166,-0.43025969982895823,0.168926142384354,-0.8867584502682997,0.8534898280812153,-0.24380018423141386,-0.46056116155254184],"T_pred":[-13.378872795030057,77.57416008286245,463.7482851573597],"rotation_error":25.104935434698806,"translation_error":328.9807434432287,"ADD":0,"ADD_S":0}}
{"id_image":111,"data":{"Best_template_id":124,"GT_R":[0.059120324392452094,-0.9812562525395475,0.1834157953361224,-0.5712220016928837,-0.1839359362042459,-0.7999212384527463,0.8186633547171127,-0.057480307833507625,-0.5713895593443353],"GT_T":[-80.27259160824015,94.90785612109346,791.9801924151844],"R_pred":[-0.4780071749836207,-0.875747098629074,0.0676473200277512,-0.38067962331558214,0.13714628460042866,-0.91448013702464,0.7915757481482644,-0.4628800231842554,-0.3989359836871806],"T_pred":[-21.30044863622922,79.55694970527827,443.6125149887299],"rotation_error":33.39421425158614,"translation_error":353.6571823814705,"ADD":0,"ADD_S":0}}
{"id_image":118,"data":{"Best_template_id":124,"GT_R":[0.06017231281372208,-0.9824069232460853,0.176794298757408,-0.5688145582088283,-0.17929079468635611,-0.8026863247921323,0.820261531231244,-0.052264388583181186,-0.5695958524027047],"GT_T":[-82.03639120118726,90.78713995227066,798.5252304236317],"R_pred":[-0.30742179200362657,-0.9498238754490953,-0.05767536240146581,-0.3459424327404485,0.16802033504048397,-0.923088836592938,0.8864624498707767,-0.26382526914559373,-0.38023749463901607],"T_pred":[-18.69837957171183,80.03385941765589,480.2184944890134],"rotation_error":27.77779053968969,"translation_error":324.72529143998395,"ADD":0,"ADD_S":0}}
{"id_image":123,"data":{"Best_template_id":124,"GT_R":[0.0631372163172976,-0.9838518572688753,0.16748045063719824,-0.5687716211934055,-0.17336653073936353,-0.8040171416575788,0.8200685627804863,-0.04449529544501358,-0.5705325902864327],"GT_T":[-73.13200300420569,87.16270847590698,803.6055444402183],"R_pred":[-0.3795150337449968,-0.9249827600575732,0.019370925579528242,-0.45258932225468496,0.16735225668067144,-0.8758744930439126,0.8069270379300588,-0.34117461186342707,-0.48215001781319167],"T_pred":[-15.342194964269929,74.7207877325163,471.3614563751461],"rotation_error":27.50432294898333,"translation_error":337.46199394786504,"ADD":0,"ADD_S":0}}
{"id_image":126,"data":{"Best_template_id":158,"GT_R":[0.06027766444798412,-0.9832118499004529,0.1722244645455478,-0.5688959911201256,-0.17561155248298238,-0.8034415639975035,0.8201975532178113,-0.049549423444210934,-0.5699307159180532],"GT_T":[-73.11145319997202,87.41871388555498,806.4822177252752],"R_pred":[-0.7901350071081571,-0.5911741622548021,0.16186346229005993,-0.4610692935408045,0.3992660324805122,-0.792465609260777,0.40385861027836983,-0.7007850920143807,-0.5880463227624335],"T_pred":[-20.455788502694432,70.18375856222222,477.2842290496788],"rotation_error":56.924193752586206,"translation_error":333.8277676553697,"ADD":0,"ADD_S":0}}
{"id_image":131,"data":{"Best_template_id":124,"GT_R":[0.04377711878155132,-0.9858033756631096,0.16209816735544952,-0.5604896598032355,-0.15854721293907578,-0.8128438077193456,0.827003629772811,-0.05527122149159328,-0.5594734525017708],"GT_T":[-71.59251979216974,97.71802865834356,814.5114712701878],"R_pred":[-0.3428268352283226,-0.9389810940125017,-0.028004751997077082,-0.34971752398599565,0.15523875295731449,-0.9239039901404053,0.8718758022014585,-0.30694532846639466,-0.3815981536488612],"T_pred":[-11.588024058605852,83.38714029009124,465.4501830606672],"rotation_error":27.12694181372561,"translation_error":354.4710098106087,"ADD":0,"ADD_S":0}}
{"id_image":135,"data":{"Best_template_id":158,"GT_R":[0.027727313853764382,-0.9859361473347733,0.16480610590035757,-0.5553304228681049,-0.15227868797277394,-0.8175689905203506,0.8311675281319553,-0.06885389497870335,-0.5517432563088802],"GT_T":[-73.5019947411963,99.47409504288603,819.8228211760385],"R_pred":[-0.771190725430756,-0.636444292177949,0.014266322710982215,-0.3510709863946674,0.40649097272207135,-0.8435130417529653,0.5310499294053805,-0.6555179265661419,-0.5369191935747561],"T_pred":[-14.726235814656908,77.23096491617615,494.0549077284363],"rotation_error":52.62998138076852,"translation_error":331.7741402026819,"ADD":0,"ADD_S":0}}
{"id_image":138,"data":{"Best_template_id":124,"GT_R":[0.011045594069705072,-0.9865488045003651,0.16309653441259872,-0.5625645657146374,-0.1409752045015846,-0.8146454838417572,0.8266795216355687,-0.08275445357585193,-0.5565541384785958],"GT_T":[-73.86605191048719,94.28520319694485,824.4069423394338],"R_pred":[-0.39673954461690353,-0.9179105448573474,-0.006161605055490849,-0.4062604088929108,0.1816053490579701,-0.8955288813654743,0.823134383866533,-0.35278850439494297,-0.44496073676611336],"T_pred":[-13.142330287406002,79.73808607172548,487.6826065414687],"rotation_error":26.493579903947857,"translation_error":342.464986973841,"ADD":0,"ADD_S":0}}
{"id_image":139,"data":{"Best_template_id":124,"GT_R":[0.009184006443025182,-0.9870774077610946,0.15998221050045555,-0.5601186003169426,-0.1376117789354939,-0.816903154008365,0.8283615107952937,-0.08210661670376469,-0.5541442013758061],"GT_T":[-71.59158014289922,91.86757315346992,826.1234485805979],"R_pred":[-0.5231396727779354,-0.8468191730364889,-0.09603213495279378,-0.6924541984079695,0.356658019039532,0.6271381351520358,-0.4968219659726924,0.3945786938401434,-0.7729654510354491],"T_pred":[-9.837331353119493,18.751646146680034,548.9580134234546],"rotation_error":100.76137792889193,"translation_error":293.2238129339104,"ADD":0,"ADD_S":0}}
{"id_image":142,"data":{"Best_template_id":124,"GT_R":[-0.001690147119840897,-0.9874459025785184,0.15794956157877008,-0.5607770973357866,-0.12984037851682384,-0.8177225728629974,0.8279647075844088,-0.08995666389467191,-0.5535176982082144],"GT_T":[-70.05859253085615,90.83409016534823,829.7926068035567],"R_pred":[-0.37654526106105324,-0.9236812167454697,0.07089905643992878,-0.47204970756091413,0.1254562729349079,-0.8725994482996984,0.7971089887613355,-0.36204106592055424,-0.4832634132882297],"T_pred":[-16.483393136030827,80.17108019528797,506.66018884729056],"rotation_error":22.6364775131279,"translation_error":327.7171971472965,"ADD":0,"ADD_S":0}}
{"id_image":145,"data":{"Best_template_id":158,"GT_R":[-0.02286831982416811,-0.9873782271219415,0.1567212938063659,-0.5601930303438859,-0.11718419909694712,-0.8200323163428355,0.8280463023016366,-0.10654795847946412,-0.5504417853635509],"GT_T":[-76.82496634838873,91.7708787987195,832.0266459702273],"R_pred":[-0.7656316002607502,-0.6430565469108867,0.016927201694591776,-0.33473640295672225,0.3757949085250416,-0.8641352482466214,0.5493266725890502,-0.6672754035641519,-0.5029748925945912],"T_pred":[-14.163331916492847,72.1487585343659,475.74843083810316],"rotation_error":49.07946484900559,"translation_error":362.2784490017001,"ADD":0,"ADD_S":0}}
{"id_image":147,"data":{"Best_template_id":124,"GT_R":[-0.03094554811042304,-0.9870381617648671,0.157473620395652,-0.5591146735989302,-0.1134988324477978,-0.8212846104117155,0.8285120511013268,-0.11346122901467326,-0.5483556054826196],"GT_T":[-79.74965636381152,91.53533850082738,833.7695309861163],"R_pred":[-0.4208994497926014,-0.9057944838885974,0.048785306407512996,-0.3992816743640877,0.13670840252503902,-0.9065787098735898,0.8145046333086732,-0.40105755900623724,-0.4192076295616082],"T_pred":[-19.92859525488113,79.0643115376334,477.25982306985037],"rotation_error":24.683670511697045,"translation_error":361.70880235937904,"ADD":0,"ADD_S":0}}
{"id_image":152,"data":{"Best_template_id":124,"GT_R":[-0.05575115709484225,-0.9867259825425848,0.15252760102908947,-0.5560313033168813,-0.0962001466692098,-0.8255755457145314,0.8292890723166076,-0.13083778972382024,-0.5432874904254704],"GT_T":[-88.42316266466607,89.50648387947767,837.9970570891209],"R_pred":[-0.2046004286151385,-0.9786430232451222,-0.019912249098196444,-0.3525124382301561,0.09264530249305114,-0.9312098736691966,0.9131668223843504,-0.183506623803115,-0.36393910688032693],"T_pred":[-21.029200229643777,76.55640749873871,450.58438143394847],"rotation_error":17.358434858309515,"translation_error":393.44406452412005,"ADD":0,"ADD_S":0}}
{"id_image":153,"data":{"Best_template_id":124,"GT_R":[-0.05908572936216599,-0.9866194584590613,0.15195832893522337,-0.5530334139886214,-0.0943766816374815,-0.8277963697153539,0.8310609041558726,-0.13295035953601356,-0.5400572005654267],"GT_T":[-89.6406725329394,88.82733276850857,838.7985703403298],"R_pred":[-0.16376218705177348,-0.9829150839064473,0.08402311539809654,-0.48061818221857716,0.00511331011275018,-0.876915056878716,0.8615034004651001,-0.18398856456006396,-0.47324422774947467],"T_pred":[-29.520430166301693,78.86367115091446,494.62517665875197],"rotation_error":8.224220351687082,"translation_error":349.52688453586444,"ADD":0,"ADD_S":0}}
{"id_image":155,"data":{"Best_template_id":124,"GT_R":[-0.06568118417702959,-0.9863969697565711,0.15069092644135193,-0.551230815355296,-0.09001399813537503,-0.8294837085969949,0.8317639434425023,-0.13754825576280139,-0.5378197757118239],"GT_T":[-90.24968771254055,88.61814672301962,840.6571452611296],"R_pred":[-0.2619510881179278,-0.9645642069989568,0.03158350851800651,-0.37089284787551796,0.07040418637374601,-0.9260031025519508,0.8909658370715577,-0.25428161773420466,-0.3761924189212939],"T_pred":[-20.331910959494515,73.3593681403725,430.56928422980167],"rotation_error":16.46405184035376,"translation_error":416.28521424039644,"ADD":0,"ADD_S":0}}
{"id_image":158,"data":{"Best_template_id":124,"GT_R":[-0.07091582791815917,-0.9860720679410805,0.15044348442671557,-0.5484807967986723,-0.08742692164813724,-0.8315805150133033,0.8331506418325852,-0.14148787255991044,-0.5346420981386427],"GT_T":[-88.70872747137574,89.13497327673194,843.4832217451001],"R_pred":[-0.4916352560541835,-0.8707470227900033,-0.00971582764785689,-0.4865822581375162,0.28394955873161065,-0.8262023687704598,0.7221720578022477,-0.4014626637664687,-0.5632896666291671],"T_pred":[-21.944745877702967,75.77670293092126,521.3353766857206],"rotation_error":27.078276570488793,"translation_error":329.26449353259153,"ADD":0,"ADD_S":0}}
{"id_image":162,"data":{"Best_template_id":124,"GT_R":[-0.07995646748159571,-0.9860076522372573,0.14627104059778592,-0.546073819319522,-0.07943366826937026,-0.8339631973748072,0.8339129595863305,-0.14655663961414533,-0.5320822083108853],"GT_T":[-86.70248597789097,87.52648629334931,846.1441091450672],"R_pred":[-0.4808214511091905,-0.8741171395005533,-0.06877469436226397,-0.6625991605078835,0.3108595562672194,0.681416677790906,-0.57425872622669,0.37320981057404945,-0.7286572257541825],"T_pred":[-18.038510241843337,12.182650948906938,542.9114155672709],"rotation_error":104.08559974609814,"translation_error":319.90858310263684,"ADD":0,"ADD_S":0}}
{"id_image":164,"data":{"Best_template_id":124,"GT_R":[-0.0859638745441911,-0.9857677835563239,0.144470191234807,-0.5474070746031576,-0.07442457248271081,-0.8335510116945054,0.8324398242791772,-0.15073964089932634,-0.5332180932216999],"GT_T":[-86.23131089406108,86.98969973718457,847.3253094205406],"R_pred":[-0.29748590170291556,-0.9535231890442486,0.04791311138811016,-0.44334178785631706,0.09352188724606814,-0.8914604398100334,0.8455472768736043,-0.2864387972339291,-0.45055811834968906],"T_pred":[-21.170524910907226,74.24975861469512,475.73479909824084],"rotation_error":14.240432179060118,"translation_error":377.45823521833177,"ADD":0,"ADD_S":0}}
{"id_image":165,"data":{"Best_template_id":124,"GT_R":[-0.08977354427269509,-0.985791603513932,0.1419724654295153,-0.5460650528204486,-0.07049341855996305,-0.8347717465594928,0.8329194661069985,-0.15246731583993042,-0.5319774132535042],"GT_T":[-85.59465650729955,86.80252178211042,847.6705420218102],"R_pred":[-0.48713723541408316,-0.8724713850985788,0.03861341809903862,-0.5206517811814868,0.2546356422806605,-0.8149125182698199,0.7011555010307405,-0.4170783761650584,-0.5782962834999452],"T_pred":[-21.854432399830653,75.3987090417729,539.4351808516763],"rotation_error":25.099024468572434,"translation_error":314.96333277060995,"ADD":0,"ADD_S":0}}
{"id_image":167,"data":{"Best_template_id":124,"GT_R":[-0.09089224530773046,-0.9859857713282064,0.13989348706702642,-0.5444040605332292,-0.0684314434478273,-0.8360276366595466,0.8338842817715305,-0.15214775586538068,-0.5305547145971263],"GT_T":[-84.35860242756901,85.67550879462279,848.5353160741493],"R_pred":[-0.11727904302631598,-0.9913023332215484,-0.05971021869282889,-0.4520511790520184,0.10682296561447924,-0.8855724620464478,0.8842484705016521,-0.07686701611771851,-0.4606474837103174],"T_pred":[-16.715784059367785,74.45203441741076,476.6157389547511],"rotation_error":12.535567485395603,"translation_error":378.18737300253866,"ADD":0,"ADD_S":0}}
{"id_image":168,"data":{"Best_template_id":124,"GT_R":[-0.09221253778866542,-0.9857700232150888,0.1405511627947252,-0.5454491878505094,-0.06808359200188019,-0.835373889952669,0.8330562019213774,-0.15369604063625528,-0.531409231942028],"GT_T":[-84.69478547473716,86.19578369935527,848.9588006106634],"R_pred":[-0.31650830765296945,-0.9469240143914388,0.056190765748972304,-0.42911854635541263,0.09010070643477985,-0.8987430866903912,0.8459785838663241,-0.3085721530999784,-0.4348602786766948],"T_pred":[-20.6483267265371,72.72592977945584,456.2226983305094],"rotation_error":14.926922214340822,"translation_error":398.15202106358305,"ADD":0,"ADD_S":0}}
{"id_image":171,"data":{"Best_template_id":124,"GT_R":[-0.10186778867002538,-0.9847706186734255,0.14088955576909595,-0.5441470567142294,-0.06340137120429547,-0.836591090746048,0.8327832733159887,-0.16188672167913032,-0.5294009940759298],"GT_T":[-84.9382929661738,84.2862485438561,848.9567942490127],"R_pred":[-0.187431903398791,-0.9810910080760321,0.04826712608661987,-0.4395363720604283,0.039824075194545894,-0.8973415295587608,0.8784515121645948,-0.18940558837387744,-0.4386894845656574],"T_pred":[-22.445108060713316,74.2869961848637,474.2877515531358],"rotation_error":9.273042538683931,"translation_error":379.9766766026721,"ADD":0,"ADD_S":0}}
{"id_image":176,"data":{"Best_template_id":124,"GT_R":[-0.1198585601304569,-0.9835820391269408,0.13490555573903415,-0.5403780340227305,-0.04935828392973588,-0.8399739228477573,0.8328421429703261,-0.173578122264594,-0.5255898902416526],"GT_T":[-88.76308987590964,83.71631828857832,849.1113355941436],"R_pred":[-0.1876295720616633,-0.9818987265835486,-0.02588502311303914,-0.431070473835877,0.10599503305723856,-0.8960710348817817,0.8825946919593781,-0.15697115563312997,-0.4431553520204062],"T_pred":[-21.080970647977292,71.81492486991931,474.09084561649803],"rotation_error":11.422450713011367,"translation_error":381.26484276885947,"ADD":0,"ADD_S":0}}
{"id_image":179,"data":{"Best_template_id":124,"GT_R":[-0.1302722421127897,-0.981986549725117,0.13686355810374193,-0.5407618203596543,-0.04532875204601975,-0.8399541311078617,0.831027006018281,-0.1834332917608532,-0.525115800067182],"GT_T":[-92.8032410183815,81.68582556557175,849.4229664125421],"R_pred":[-0.22931561266427847,-0.9731792491891347,0.01834390187715562,-0.43736297176242905,0.08618524689329365,-0.8951456496844961,0.869556197562609,-0.213293816519875,-0.4453961911768472],"T_pred":[-25.460829900820357,70.95222111832442,467.3427332095952],"rotation_error":10.238745277173617,"translation_error":388.1179140467171,"ADD":0,"ADD_S":0}}
{"id_image":247,"data":{"Best_template_id":124,"GT_R":[-0.24415354393071093,-0.9606904349917708,0.13214576811985856,-0.5089718672042203,0.010959084531922764,-0.8607134780755274,0.8254317689552194,-0.2774050680081859,-0.491640191326848],"GT_T":[-81.24149557990111,84.41565162537772,846.2180692389845],"R_pred":[-0.32031115141625877,-0.9459153092718913,-0.05142950479494296,-0.33126103975345794,0.16270529446482307,-0.9294047076998122,0.8875059942444607,-0.28066210082264015,-0.36546120907966917],"T_pred":[-14.020093148224104,71.8470823497334,460.6510399709502],"rotation_error":14.000685745940267,"translation_error":391.58475447480765,"ADD":0,"ADD_S":0}}
{"id_image":316,"data":{"Best_template_id":124,"GT_R":[-0.28403518049395077,-0.9513346883249503,0.11952247288603166,-0.49641020684716997,0.039259435714312764,-0.8672004188932373,0.820305709530835,-0.30564859591334365,-0.4834034611731169],"GT_T":[-15.845318351293006,67.15981573912416,798.8490166928153],"R_pred":[-0.2916890372813482,-0.9531827889956831,0.07975008647199894,-0.5111191293658063,0.08484907257362273,-0.8553115633964832,0.8085015405837026,-0.29024680126714086,-0.5119395015311599],"T_pred":[15.327852835735873,64.2153668948712,497.93946020524123],"rotation_error":2.9412003584120714,"translation_error":302.53429155452903,"ADD":0,"ADD_S":0}}
{"id_image":434,"data":{"Best_template_id":124,"GT_R":[-0.5266146744705372,-0.8402304098744435,0.1291868455894115,-0.4540500232731974,0.14953019898252598,-0.8783393595043905,0.7186900583290403,-0.521204384081025,-0.4602515931730365],"GT_T":[-98.8613473161533,49.40259014781918,786.4009284434647],"R_pred":[-0.5077234726057391,-0.859661850825554,0.05655420055444377,-0.3823469897645171,0.1660185104216778,-0.9089821965337823,0.772028273305571,-0.4831349257014548,-0.4129806155066703],"T_pred":[-35.478248830203654,52.396084882048626,490.9735834911807],"rotation_error":5.570484970920077,"translation_error":302.165011756754,"ADD":0,"ADD_S":0}}
{"id_image":479,"data":{"Best_template_id":124,"GT_R":[-0.6465466388037956,-0.7525658430525296,0.12498482337532865,-0.37982063538334443,0.17546951448320067,-0.9082664805404345,0.6615995276484651,-0.634708223503279,-0.3992893862265827],"GT_T":[-131.7001130388835,70.16411060151565,845.8872030362971],"R_pred":[-0.5686738888287687,-0.81864928258862,0.08014586877377478,-0.34548101793290176,0.14928598278154281,-0.9264753432191247,0.7464937202766084,-0.5545512126594684,-0.3677228278547605],"T_pred":[-48.831854980747345,64.13862299368417,496.29668455796497],"rotation_error":6.9351078265185615,"translation_error":359.32852002652265,"ADD":0,"ADD_S":0}}
{"id_image":513,"data":{"Best_template_id":124,"GT_R":[-0.6255853683389828,-0.7715390349315454,0.11562488352736039,-0.3744301840305037,0.16690685751512999,-0.9121100181468219,0.6844306067500889,-0.6138969809524736,-0.39330221049661235],"GT_T":[-59.608082430217245,64.46581227541905,864.9946299876832],"R_pred":[-0.5655991053574116,-0.822331782077502,0.06219398848872276,-0.3432035660995607,0.16613773289796374,-0.9244509537688137,0.7498726320085565,-0.5442138310377318,-0.37619455321920225],"T_pred":[-72.26624584929117,65.01361315561164,1017.0743971983758],"rotation_error":5.673093740699274,"translation_error":152.60663413432187,"ADD":0,"ADD_S":0}}
{"id_image":519,"data":{"Best_template_id":124,"GT_R":[-0.6321095427169305,-0.7661574690141897,0.11593160804919411,-0.3729969885674194,0.1697105826938148,-0.9121794088239189,0.6791991194419116,-0.6198393320148442,-0.39305083081163555],"GT_T":[-57.97637909702286,61.65373039746726,854.5996041371747],"R_pred":[-0.5183134827671223,-0.8324805847126566,0.19577336299478937,-0.3278689854640895,-0.01799342038008056,-0.9445518329841803,0.7898436946336693,-0.5537619641140944,-0.26361833234419785],"T_pred":[-9.51234756677609,58.27394754351664,453.8688711138767],"rotation_error":12.538640798780811,"translation_error":403.66484324708574,"ADD":0,"ADD_S":0}}
{"id_image":523,"data":{"Best_template_id":124,"GT_R":[-0.6420315845211092,-0.758095456339032,0.11439614247256265,-0.36341357207010194,0.16954153532039776,-0.9160716139429971,0.6750752112628001,-0.6297201506375568,-0.38435329971410676],"GT_T":[-60.546335031184796,63.29849710344702,847.9263737845052],"R_pred":[-0.5370319067467114,-0.8432973330272266,-0.02112674241709417,-0.3178194766419678,0.22546726854474441,-0.9209534684673258,0.7814009927067005,-0.48786690697785484,-0.38909943417183734],"T_pred":[-2.8622242947765173,62.41497192135516,533.8581799933246],"rotation_error":10.98780803586948,"translation_error":319.32282661822376,"ADD":0,"ADD_S":0}}
{"id_image":526,"data":{"Best_template_id":124,"GT_R":[-0.6510284276512883,-0.7513689341504913,0.10773143285933709,-0.3587340476832276,0.1794879447393294,-0.9160210181636577,0.668933232319567,-0.6350031768626428,-0.38639271757237537],"GT_T":[-60.14468591660234,58.647313487451385,837.6349234744171],"R_pred":[-0.5907905993087199,-0.795820257629248,0.13280280612758394,-0.38204109079617876,0.1309537093818658,-0.9148200538588969,0.7106413108676621,-0.5912032167927086,-0.3814022597497868],"T_pred":[-10.290551657745755,58.81061542036084,543.1848309783779],"rotation_error":4.587804729321363,"translation_error":298.6407847919426,"ADD":0,"ADD_S":0}}
{"id_image":533,"data":{"Best_template_id":124,"GT_R":[-0.6551899439777206,-0.7472042924495343,0.11140880947723832,-0.3636209462900913,0.18264465245428957,-0.9134670113315962,0.662197878724823,-0.6390046430688938,-0.3913665196045484],"GT_T":[-61.448863962553155,51.047034520702034,828.8352602869103],"R_pred":[-0.552688036286614,-0.8294781101655249,-0.08063497567356143,-0.29539222123297054,0.28545350396259017,-0.9117344639260551,0.7792813164581185,-0.4800857859088402,-0.4027881179821382],"T_pred":[-1.899697576413119,54.326570944169106,532.2502201933902],"rotation_error":13.37401322371012,"translation_error":302.52197372044225,"ADD":0,"ADD_S":0}}
{"id_image":534,"data":{"Best_template_id":124,"GT_R":[-0.6601486178681854,-0.7431290859181496,0.10937262006717184,-0.3594458659219685,0.18468387442940734,-0.9147089262403411,0.6595473746287227,-0.643157392737495,-0.38903281842998294],"GT_T":[-60.113572062911594,52.36413562972776,827.6335580117168],"R_pred":[-0.5269735761222665,-0.8492643997324689,0.032385635951125424,-0.36894860705023874,0.19427428605558628,-0.9089193732852658,0.7656211696554623,-0.4909251278195496,-0.4157123325699641],"T_pred":[-5.4959874821565675,55.48482429610571,557.0578022140354],"rotation_error":10.756202761295654,"translation_error":276.05082660386097,"ADD":0,"ADD_S":0}}
{"id_image":538,"data":{"Best_template_id":124,"GT_R":[-0.6563613396746062,-0.7464642564220979,0.10945183559503872,-0.36128497031831863,0.18362945255952404,-0.9141959282028486,0.6623163711173122,-0.6395868950584288,-0.3902139332337332],"GT_T":[-53.6201634783555,49.723705372121785,823.1944629367657],"R_pred":[-0.557824642566634,-0.8173331176434722,0.14421595941021603,-0.4121457275487866,0.12196984035977498,-0.9029170821874466,0.720394036211217,-0.5631073901537902,-0.4048981350234878],"T_pred":[-6.0326597240005535,52.08876923702684,547.8084194801469],"rotation_error":7.240121588038875,"translation_error":279.4774355316482,"ADD":0,"ADD_S":0}}
{"id_image":539,"data":{"Best_template_id":124,"GT_R":[-0.6553350074043747,-0.746649742470353,0.11423106806939987,-0.36379231841135684,0.1794618509709366,-0.9140292047508352,0.6619601594043476,-0.6405523993680942,-0.3892337566366384],"GT_T":[-52.212319703246315,47.50746427639619,821.6746070175099],"R_pred":[-0.6356946814199046,-0.7520236076935396,0.17422045082607113,-0.3991840296290255,0.12707465996128742,-0.9080221039627046,0.660715053940486,-0.6467708437053394,-0.38097649957589763],"T_pred":[-8.65370038189117,51.74650590585165,551.9999265553278],"rotation_error":3.6590229345412055,"translation_error":273.20277464458337,"ADD":0,"ADD_S":0}}
{"id_image":542,"data":{"Best_template_id":124,"GT_R":[-0.658014026869776,-0.7440424221117059,0.11583682036781803,-0.36017685604667543,0.1759011785368715,-0.9161509412640995,0.6612792582241103,-0.6445619814333742,-0.3837320021024012],"GT_T":[-53.044551764578856,52.67923089918144,818.843885418412],"R_pred":[-0.5299590384895592,-0.8479543512023585,-0.010809061023470345,-0.3516710980626899,0.2313520963831881,-0.9070852475299584,0.7716675814822104,-0.47691679124989017,-0.4208081723461475],"T_pred":[0.008115404589122292,56.301103270977386,548.7821546614665],"rotation_error":12.049385037629822,"translation_error":275.2472377203394,"ADD":0,"ADD_S":0}}
{"id_image":545,"data":{"Best_template_id":124,"GT_R":[-0.659026143172309,-0.743450647636607,0.11386260279297261,-0.3577635287362915,0.17670293041354426,-0.9169416619250395,0.6615815801855635,-0.6450246892923084,-0.38243091452581335],"GT_T":[-51.04104384073085,53.109302721191206,814.6875485479245],"R_pred":[-0.49415804965766064,-0.8606175411634649,-0.12306611962798203,-0.43267074680266004,0.1206757316835525,0.8934390816635835,-0.754058251609095,0.4947472239683522,-0.43199691845642096],"T_pred":[4.881711082352354,-22.89975020209097,520.5055240738711],"rotation_error":132.23798291633213,"translation_error":308.94626420808856,"ADD":0,"ADD_S":0}}
{"id_image":547,"data":{"Best_template_id":124,"GT_R":[-0.6662098709129562,-0.737124120958499,0.11319050045150741,-0.3585454236482668,0.1835021064840875,-0.9152989486507139,0.6539187219686464,-0.6503655269609979,-0.38654362080813587],"GT_T":[-48.4594393837561,50.17531358010379,808.7048751328036],"R_pred":[-0.5612648407398897,-0.8225738711384788,0.09140024655045376,-0.3380885367384415,0.1270729068044647,-0.9324959075954832,0.7554322735197948,-0.5542785426809534,-0.3494243512524461],"T_pred":[-2.584744292945857,53.22898384245684,509.8632193373461],"rotation_error":8.467645858226351,"translation_error":302.3576488040557,"ADD":0,"ADD_S":0}}
{"id_image":550,"data":{"Best_template_id":158,"GT_R":[-0.6673664118734878,-0.7358382276583523,0.11473393268946769,-0.35671616256659217,0.18060562604867697,-0.916588987783763,0.6537403226121002,-0.6526285911887556,-0.38301568658993496],"GT_T":[-45.96763141327854,48.57383103446192,804.8109703823027],"R_pred":[-0.7605394916488678,-0.6149902041572777,0.20824680173551707,-0.41252036504325096,0.20999564731324005,-0.8864134343149795,0.5014046570057609,-0.7600584693956666,-0.41340596637307014],"T_pred":[-6.1839564426598255,48.71188179136623,491.99403329071356],"rotation_error":10.9319908757471,"translation_error":315.3366391390993,"ADD":0,"ADD_S":0}}
{"id_image":551,"data":{"Best_template_id":124,"GT_R":[-0.6645950394483895,-0.7380779824905316,0.11642021120055311,-0.3604808646886439,0.18023545386001313,-0.9151881407980355,0.6544973557434569,-0.6501970325876121,-0.3858460238793941],"GT_T":[-40.94768736341729,46.4070647772626,800.5352036460522],"R_pred":[-0.531749752365108,-0.8445779178955949,0.0626924354510825,-0.37503883970400775,0.16846050662296397,-0.9115738732663448,0.7593339644537955,-0.5082412796216738,-0.4063283550472522],"T_pred":[3.7582902128201834,50.97691133749453,576.5529729810655],"rotation_error":10.247168062733019,"translation_error":228.44594017468205,"ADD":0,"ADD_S":0}}
{"id_image":552,"data":{"Best_template_id":124,"GT_R":[-0.6647562254149051,-0.737893763969768,0.11666381296138853,-0.3602098122459873,0.17978149938197308,-0.9153840492715953,0.6544829732241914,-0.6505310348196051,-0.385307569773526],"GT_T":[-39.860499979691994,45.87962044451222,799.5203428270809],"R_pred":[-0.6064929396815073,-0.7840603113200239,0.131968717237195,-0.3756117596929577,0.13625132725230704,-0.9167068134372868,0.700772516653474,-0.6055452122135322,-0.37713774124108135],"T_pred":[-0.36490753445136165,50.13760191792299,533.0603389323763],"rotation_error":4.462806770754664,"translation_error":269.4048364532352,"ADD":0,"ADD_S":0}}
{"id_image":555,"data":{"Best_template_id":124,"GT_R":[-0.6685853221512306,-0.7336595580804285,0.12139923993218062,-0.3579585703323296,0.17442186598507184,-0.9173022444734442,0.6518126598638088,-0.6567508352780814,-0.37923608905304046],"GT_T":[-37.446287595827194,47.3348750615359,793.2633190272231],"R_pred":[-0.5784891700746815,-0.8155530851600958,0.014948089916626994,-0.3712373647299536,0.2469203871043767,-0.895105100790172,0.7263147383432788,-0.5233578963941157,-0.4456045479427476],"T_pred":[8.516225251361252,51.07927585106737,570.1096064031591],"rotation_error":9.922011960359756,"translation_error":227.86871786711745,"ADD":0,"ADD_S":0}}
{"id_image":556,"data":{"Best_template_id":124,"GT_R":[-0.6649003069404271,-0.7365412399888318,0.1241503200828638,-0.3613341172750002,0.17170647124642824,-0.9164904666397056,0.653716211373772,-0.6542351523830828,-0.3803056027336259],"GT_T":[-35.76937024912918,46.32160879804329,791.8283691645994],"R_pred":[-0.47366044120240836,-0.8703385137471487,0.13474664347709864,-0.3414300928838601,0.040432346207002645,-0.9390371222978969,0.8118320504348534,-0.4907912966512359,-0.31631096253234725],"T_pred":[3.6276912501874703,51.657798214914834,549.348866066325],"rotation_error":14.564201579441297,"translation_error":245.71713980725838,"ADD":0,"ADD_S":0}}
{"id_image":567,"data":{"Best_template_id":124,"GT_R":[-0.6657713532906249,-0.7354687235946303,0.12582858405569,-0.36607440459667057,0.17501440258258105,-0.913980495268294,0.6501829097374975,-0.6545655558661355,-0.38575589005926497],"GT_T":[-32.14753628245953,37.63468077439165,785.152840166237],"R_pred":[-0.5675013280826386,-0.8231333438217061,0.019842905869310312,-0.4975754290475398,0.3236481040615863,-0.8047798438986264,0.6560190050849122,-0.46658697262808113,-0.5932416556017996],"T_pred":[11.354902934393238,41.155353638670604,600.053366655749],"rotation_error":16.17320374459076,"translation_error":190.17537287749192,"ADD":0,"ADD_S":0}}
{"id_image":569,"data":{"Best_template_id":124,"GT_R":[-0.6664292339372155,-0.7349740417701475,0.1252371007452207,-0.3677238037799413,0.17789840324906397,-0.9127612105810896,0.6485767915278634,-0.6543428839866113,-0.388823989605006],"GT_T":[-27.772899073325004,34.026093099666234,783.2956496115507],"R_pred":[-0.5656493281678807,-0.8066079655402227,0.17153549915480532,-0.4198764149030301,0.10267676208716914,-0.9017545557054166,0.7097496979579518,-0.582100569020816,-0.39675470229631615],"T_pred":[7.524372528723712,42.625343811793954,562.8230534881844],"rotation_error":7.5800132326977385,"translation_error":223.44576553771572,"ADD":0,"ADD_S":0}}
{"id_image":576,"data":{"Best_template_id":124,"GT_R":[-0.6733129454432638,-0.7293342008728162,0.12133088721708625,-0.36369502959563305,0.1838414098789265,-0.9131973572559736,0.6437200946010886,-0.6589947633476868,-0.3890380881224483],"GT_T":[-29.7235960838266,32.600731935159935,778.5658951616198],"R_pred":[-0.47615424241531157,-0.8743704367780079,-0.09356001666597058,-0.3095147134531817,0.06705683566420262,0.9485272916193289,-0.8230903836067432,0.4806034957002917,-0.3025599119757345],"T_pred":[16.12264800267141,-39.35825462052528,569.464430945554],"rotation_error":139.60484173379228,"translation_error":225.83931495703462,"ADD":0,"ADD_S":0}}
{"id_image":579,"data":{"Best_template_id":158,"GT_R":[-0.6790165046054291,-0.7238995870847821,0.12208714337145261,-0.3583676012371023,0.18170974013931473,-0.9157263912524818,0.6407105413760289,-0.6655453648432108,-0.38280639199436756],"GT_T":[-31.47142559429685,36.936468490633324,776.3285793452233],"R_pred":[-0.6901799143425856,-0.7146720393490005,0.11355862807731454,-0.37521862157361374,0.21925265538711491,-0.9006326993453526,0.6187589771974693,-0.6642079111832677,-0.41948203639619897],"T_pred":[4.42612857646387,41.99710801106473,477.5675275914418],"rotation_error":2.5725551520639014,"translation_error":300.9525054104454,"ADD":0,"ADD_S":0}}
{"id_image":583,"data":{"Best_template_id":124,"GT_R":[-0.6856636333041118,-0.715514102384229,0.13380816331689213,-0.3611496684322845,0.1747862363090744,-0.9159812717040825,0.632009711890252,-0.6763797344958683,-0.37825214217119085],"GT_T":[-35.7367023740069,35.7064165795005,773.2629929496342],"R_pred":[-0.5467328670640057,-0.8305279639595017,-0.10633190091998274,-0.3436409983237084,0.33837377557967396,-0.8760217190635411,0.7635404614970036,-0.4424098654881483,-0.4704035231327474],"T_pred":[13.308594833122694,42.18074616003294,585.3465445748085],"rotation_error":18.167067921140937,"translation_error":194.31919537570536,"ADD":0,"ADD_S":0}}
{"id_image":587,"data":{"Best_template_id":124,"GT_R":[-0.690728074648286,-0.7096543337992548,0.1388726004216268,-0.36499105510164614,0.17636659559675208,-0.9141533390970539,0.6242408221141387,-0.682118610426396,-0.38083866863898724],"GT_T":[-38.68747990429957,34.07101001159362,771.5780141316775],"R_pred":[-0.5442736636249348,-0.8388574750010613,0.009182359126858108,-0.3651228628030478,0.22701879871084452,-0.9028553372996092,0.755282380400071,-0.4947530714070686,-0.42984639604220715],"T_pred":[6.017270875578821,42.0681696303705,558.8587076899315],"rotation_error":13.610844551956548,"translation_error":217.5131550902535,"ADD":0,"ADD_S":0}}
{"id_image":591,"data":{"Best_template_id":124,"GT_R":[-0.6975606767047049,-0.6999728302109155,0.1531222807949866,-0.3693023129911301,0.1680928614959114,-0.9139814998133944,0.6140239934708198,-0.6941057572858359,-0.37575568208053217],"GT_T":[-45.08241307352449,34.318295207738984,768.2680575847962],"R_pred":[-0.5939011124667655,-0.7741452599191999,0.21904471040263124,-0.40850097907544225,0.05560420951133249,-0.9110626334007034,0.6931150111670814,-0.6305610901643502,-0.3492624985102216],"T_pred":[-8.392305605279196,42.74653868632417,549.4997990933146],"rotation_error":8.67730391473319,"translation_error":221.98367101559845,"ADD":0,"ADD_S":0}}
{"id_image":592,"data":{"Best_template_id":124,"GT_R":[-0.7032335936392095,-0.6941643144476102,0.153616413294053,-0.3660513636084173,0.16829183392525984,-0.9152515323994743,0.6094827496807769,-0.6998677517946861,-0.37244823332052707],"GT_T":[-48.90508884856375,35.96464723857804,767.6364974463581],"R_pred":[-0.587594099060966,-0.806173853684224,0.06940383551835899,-0.38333896738679846,0.2018109808060068,-0.9012899445289188,0.7125899317500599,-0.5561978475884691,-0.4276207940528611],"T_pred":[-3.89578098982607,43.34272876078849,538.3369311574719],"rotation_error":10.653035262636406,"translation_error":233.7917128153655,"ADD":0,"ADD_S":0}}
