{"id_image":1,"data":{"Best_template_id":84,"GT_R":[0.14201104011680818,0.9894534794359592,-0.028558243675219634,0.46157983426435645,-0.09171526909787518,-0.8823448228964118,-0.8756581926156359,0.11212059677843826,-0.46973598419526413],"GT_T":[-61.1878060620908,87.03916184642829,837.1712581558724],"R_pred":[0.11522892716117072,0.9923646546873177,-0.043985071019675415,0.4938353675438052,-0.09564980074009766,-0.8642787428724914,-0.8618868395028201,0.07786852859596088,-0.5010863879074544],"T_pred":[-27.04703065513433,65.64675932861064,481.61348010276936],"rotation_error":2.775013685714701,"translation_error":357.833146822555,"ADD":0,"ADD_S":0}}
{"id_image":29,"data":{"Best_template_id":84,"GT_R":[0.13234613643827245,0.9906891782997506,-0.03193489044822299,0.46166451029929484,-0.09011957048831813,-0.8824651845778656,-0.8771263801255557,0.10204714080802618,-0.4692927380426848],"GT_T":[-62.46637780123443,82.8175598190787,836.3476060569913],"R_pred":[0.11228826303602835,0.9934242015262935,-0.022354010964419302,0.4908321984999828,-0.07501166307872298,-0.868019010919598,-0.8639879043713661,0.08649627867145454,-0.49602751423279456],"T_pred":[-29.00796681075752,62.482646831631115,480.61218741928036],"rotation_error":2.188524356729322,"translation_error":357.88358725367965,"ADD":0,"ADD_S":0}}
{"id_image":37,"data":{"Best_template_id":84,"GT_R":[0.13475551735253427,0.9905987809085316,-0.023574919519252818,0.4620283728195328,-0.08386283327727048,-0.882890906799289,-0.8765677211108739,0.10808186655505046,-0.46898593552456164],"GT_T":[-78.09113492573834,84.81148252125413,834.0751787746306],"R_pred":[0.20698843434566128,0.9783182523944198,-0.0070132074730782645,0.4757273211414897,-0.10691110324987907,-0.8730713212111801,-0.8548913989312759,0.1773792914458231,-0.4875420833112809],"T_pred":[-40.83715919526992,66.12353969312991,482.0394030695379],"rotation_error":4.452812158161859,"translation_error":354.49440798291846,"ADD":0,"ADD_S":0}}
{"id_image":55,"data":{"Best_template_id":84,"GT_R":[0.09849966200137521,0.9948591867286151,-0.023515364174216007,0.4543689485216174,-0.06598462567068457,-0.8883663829394706,-0.8853510805052541,0.07681835143326822,-0.45853226434471783],"GT_T":[-58.788073501012725,94.61325173159123,823.7215482415914],"R_pred":[0.03172237150908541,0.9987077384150562,-0.03970572220377655,0.5207628690823842,-0.05042264573160393,-0.8522110014441897,-0.8531117894689554,0.006356888178115472,-0.5216894331321729],"T_pred":[-25.927160950192413,65.3538793736366,466.60680684375694],"rotation_error":5.8297191910701756,"translation_error":359.8150760711623,"ADD":0,"ADD_S":0}}
{"id_image":61,"data":{"Best_template_id":84,"GT_R":[0.10150320251881259,0.9945806140677336,-0.02251279986792805,0.46546338968903844,-0.06747869694614095,-0.8824910918515839,-0.8792272881522831,0.0790964488742444,-0.4697902974279027],"GT_T":[-69.57805297567593,85.62318840802577,815.58301650591],"R_pred":[0.05381412166444921,0.9981219035849176,-0.029269538662305583,0.4378842149992515,-0.04993174840927417,-0.8976437125916283,-0.8974193303935305,0.0354892390001999,-0.4397488594086557],"T_pred":[-34.88222744988849,67.50671310814117,490.57330771628307],"rotation_error":3.3328460341872734,"translation_error":327.3580880224671,"ADD":0,"ADD_S":0}}
{"id_image":68,"data":{"Best_template_id":84,"GT_R":[0.10217830303086857,0.9945831581854947,-0.019104780522785872,0.4744731911149708,-0.0656062835775578,-0.8778213766629421,-0.8743191175981706,0.08062841257487652,-0.47860652000097187],"GT_T":[-80.6214547598002,78.39230827816205,810.2086993642712],"R_pred":[0.0487260746446887,0.9984875785327485,-0.025462230175866074,0.47814499797430754,-0.04569994304885672,-0.8770911447036054,-0.8769282356965533,0.030562570591162297,-0.47964862005116876],"T_pred":[-38.20451884933125,59.08714071413086,476.9126267692587],"rotation_error":3.095961399685189,"translation_error":336.5384940151245,"ADD":0,"ADD_S":0}}
{"id_image":80,"data":{"Best_template_id":84,"GT_R":[0.07891241565231297,0.9966286817476498,-0.02244787949668742,0.47484431533022914,-0.057378044891369474,-0.8781974246654789,-0.8765246469919974,0.0586406574482549,-0.4777714026473117],"GT_T":[-73.90581556350972,76.20989644561213,812.1541029517681],"R_pred":[0.08295629052125297,0.9963667769446838,-0.019274326546375287,0.5097692569782795,-0.059045911115718996,-0.8582825205142697,-0.8563022588448349,0.06137447499879245,-0.512815381317542],"T_pred":[-37.449305954620556,58.77807316429703,481.3514598985471],"rotation_error":2.3241886598564183,"translation_error":333.2616602712811,"ADD":0,"ADD_S":0}}
{"id_image":88,"data":{"Best_template_id":147,"GT_R":[0.06626179666057104,0.9974660053024669,-0.025893039646122697,0.47587061004166914,-0.05439886515026092,-0.8778307297213295,-0.8770158807959437,0.045844420069544964,-0.4782697553913569],"GT_T":[-75.19400030009615,73.00807230533907,814.8620389040557],"R_pred":[-0.4171585047523323,0.8961421181769017,-0.1513541738513155,0.2686017762767371,-0.037529642302225996,-0.962519927964948,-0.8682349150395761,-0.44217737388754175,-0.22504955527202697],"T_pred":[-25.032535495558054,57.13751964740044,561.1695189494258],"rotation_error":32.126165321713394,"translation_error":259.09060514409936,"ADD":0,"ADD_S":0}}
{"id_image":99,"data":{"Best_template_id":84,"GT_R":[0.019547747286675722,0.999655980653595,-0.01749303292579539,0.5023358680248571,-0.02494778574423148,-0.8643125758860012,-0.8644517929553526,0.008108067513157992,-0.5026508574718814],"GT_T":[-51.70400178741832,43.280430200019026,825.600261779588],"R_pred":[-0.008666633864096496,0.9995556764956043,-0.028519099615525012,0.5156066866665147,-0.019969549579772372,-0.8565926463345102,-0.856781555661794,-0.022128413295931626,-0.5152045217219666],"T_pred":[-21.23579938178834,40.93100400940677,476.59485011970304],"rotation_error":1.94651861787443,"translation_error":350.3407035003802,"ADD":0,"ADD_S":0}}
{"id_image":114,"data":{"Best_template_id":84,"GT_R":[0.018174090480722722,0.9995901362759949,-0.022110287491927862,0.48994338499094414,-0.028179629049109887,-0.8712984079667564,-0.8715649883403388,0.005001560265425875,-0.49025513748551],"GT_T":[-59.11761595580579,54.61250437681677,829.6746841770564],"R_pred":[0.006804766630833847,0.9998076454518923,0.018394761402172666,0.32235433193353624,0.015219962925604236,-0.9464967181201562,-0.9465946227582234,0.012370320306532123,-0.3221887573158481],"T_pred":[-28.393583398077713,60.81372753290312,533.7129204454551],"rotation_error":10.836147319835257,"translation_error":297.61684585446454,"ADD":0,"ADD_S":0}}
{"id_image":120,"data":{"Best_template_id":84,"GT_R":[0.011499260183660083,0.9996376710583215,-0.024352220042824366,0.4803624729730187,-0.0268814483722292,-0.8766578631299906,-0.8769945766446363,-0.0016174227873347272,-0.4804972083539071],"GT_T":[-61.547437319157076,63.443705364847375,835.6489650539277],"R_pred":[0.005543518515512935,0.9997693446294414,-0.02074914315545856,0.5121552575855107,-0.020660042463486628,-0.8586443703728142,-0.8588749976160603,-0.005866871792059913,-0.5121516555527161],"T_pred":[-27.095177799319554,51.48659534614514,483.5589731322307],"rotation_error":2.1326847522044856,"translation_error":353.9735768068603,"ADD":0,"ADD_S":0}}
{"id_image":126,"data":{"Best_template_id":84,"GT_R":[0.009546988459417156,0.9994667073540647,-0.03121960005276831,0.47909676576711546,-0.03197558785135384,-0.8771794884374184,-0.8777103055513974,-0.006583671922147042,-0.4791459794276526],"GT_T":[-66.19889075242511,61.97093177463165,841.7414768830084],"R_pred":[0.01849273466478163,0.9998289866471245,-0.00012737661444289783,0.4952637427814969,-0.009271017650786972,-0.8686931986137465,-0.8685458213880723,0.01600142780825281,-0.4953504925377748],"T_pred":[-29.563920854893038,49.32255857728489,474.8425053222131],"rotation_error":2.1259899754389546,"translation_error":368.9403172551107,"ADD":0,"ADD_S":0}}
{"id_image":127,"data":{"Best_template_id":84,"GT_R":[0.009716320469091084,0.999476127829257,-0.030861073045755187,0.479149990305541,-0.03174182916392053,-0.877158763725328,-0.877679249043516,-0.006264970982334219,-0.4792078707151786],"GT_T":[-67.14128425168153,60.556457992752854,842.7908313683381],"R_pred":[0.04950553432493976,0.9987686616096585,-0.0032191082077676625,0.5313748682991688,-0.02906720757843717,-0.8466379667742481,-0.8456890394295311,0.040202711724996565,-0.5321595536666741],"T_pred":[-31.36382122561553,48.52430026560004,480.3406141536647],"rotation_error":4.439403006607758,"translation_error":364.41042745662,"ADD":0,"ADD_S":0}}
{"id_image":132,"data":{"Best_template_id":84,"GT_R":[0.006349142252523039,0.9994655448664543,-0.032073836717777235,0.4853381674026496,-0.031123039768295075,-0.8737715774333604,-0.8743030037212448,-0.010019324933022065,-0.4852761716275511],"GT_T":[-73.59127626284008,55.65315102778456,848.5969200177568],"R_pred":[0.026311232697057485,0.9993426838410251,-0.024938309633547373,0.5192992257424311,-0.03498062669632407,-0.8538762614683958,-0.8541873525036958,0.009516092125962161,-0.5198782653789031],"T_pred":[-33.69867226609167,45.72470806950351,475.6448208810749],"rotation_error":2.5622354546574675,"translation_error":375.2109567745519,"ADD":0,"ADD_S":0}}
{"id_image":164,"data":{"Best_template_id":84,"GT_R":[-0.0626081886502352,0.9977135168666175,-0.025447230625298727,0.4664519571758564,0.006710602139141374,-0.8845202330222246,-0.8823273650556598,-0.06724839632022765,-0.4658056901298961],"GT_T":[-83.1948799781729,34.569943601248156,912.5047431488822],"R_pred":[0.19474375681710976,0.9777725613899348,0.07768968640511048,0.5239511139965785,-0.03674243438829872,-0.8509554768946292,-0.829186408066668,0.20642386419255776,-0.5194603824829278],"T_pred":[-113.7485980592415,22.09525257667778,951.1197149656002],"rotation_error":16.473100333981193,"translation_error":50.796295663580054,"ADD":0,"ADD_S":0}}
{"id_image":242,"data":{"Best_template_id":84,"GT_R":[-0.28916282111315933,0.9568886924160873,-0.027371826943968093,0.41063805583161694,0.09816068030713905,-0.9064993162321037,-0.8647313559713437,-0.27336651570997494,-0.42131936773943995],"GT_T":[-0.6337612547746097,87.67095994474298,895.4697065249826],"R_pred":[-0.04201619868856743,0.9967762455202831,0.06835024077683266,0.4588463641948848,0.08002041168446616,-0.8849049371423936,-0.8875216352928519,-0.005818082187174445,-0.46072930968928527],"T_pred":[-25.570152730990266,79.24932214378717,966.3925294518377],"rotation_error":15.666948883645986,"translation_error":75.64915343227322,"ADD":0,"ADD_S":0}}
{"id_image":274,"data":{"Best_template_id":84,"GT_R":[-0.41989450871558615,0.9075727856607768,-0.0006643359671745595,0.37657235898373065,0.17355788969652586,-0.909984059512575,-0.8257615321839997,-0.38234802180035515,-0.41464294259375317],"GT_T":[-3.947291852222417,81.0657682375153,901.0152594728672],"R_pred":[-0.1948284325276025,0.9765479907074267,0.09162916415707856,0.39471238385601815,0.16358179132816053,-0.9041256171443044,-0.8979109175800997,-0.13998221098110109,-0.41732596935645605],"T_pred":[-27.064380226183378,73.65564828066123,987.134824076932],"rotation_error":14.55348710864815,"translation_error":89.47563389134592,"ADD":0,"ADD_S":0}}
{"id_image":320,"data":{"Best_template_id":84,"GT_R":[-0.5270346460540631,0.8494127090927515,0.027051869914548905,0.3421398924870401,0.24121039979567988,-0.9081620134216245,-0.7779295650680739,-0.469377479317748,-0.41774372328682174],"GT_T":[-20.77040823865211,69.56038243420385,894.1328556792098],"R_pred":[0.18168703733181935,0.9369050713700571,0.29866152699444687,0.5101376255039574,0.16984927761307345,-0.8431552798503379,-0.8406839022550454,0.30554886701702183,-0.44709111638886745],"T_pred":[-54.83551258985584,55.01576111761419,940.0362685986939],"rotation_error":46.10344051396664,"translation_error":58.983901713586704,"ADD":0,"ADD_S":0}}
{"id_image":422,"data":{"Best_template_id":147,"GT_R":[-0.62415539592762,0.7812082502675158,-0.011963118704479574,0.3634031950110681,0.2767225800373453,-0.8895855555877669,-0.6916417393281032,-0.5595868803634605,-0.45661165531517667],"GT_T":[18.0764726774706,56.81687927497178,819.5166911730564],"R_pred":[-0.6335740342967168,0.773676536426175,0.002925756069895924,0.37684359834388903,0.311900527653167,-0.8721851656826696,-0.6757017429696424,-0.5514913216300632,-0.48916712554556824],"T_pred":[27.178769744262087,47.68607564460515,562.1623586521872],"rotation_error":2.3861796008367713,"translation_error":257.67707669501874,"ADD":0,"ADD_S":0}}
{"id_image":455,"data":{"Best_template_id":147,"GT_R":[-0.6941755207284184,0.7197636314790692,-0.00776530686867156,0.3352122992419449,0.31371035595044594,-0.8883796498168907,-0.6369882518071482,-0.6192942966572116,-0.45904353115090135],"GT_T":[-20.70853873992089,52.90515658566203,805.6959834737155],"R_pred":[-0.719301334444807,0.6796536131131268,-0.143793450644292,0.4349568093826575,0.27921283579746436,-0.8560682018960859,-0.5416808693664368,-0.678314940501985,-0.496458132428315],"T_pred":[8.716664415629856,45.119966357744225,576.7895189902985],"rotation_error":8.7819324403196,"translation_error":230.92124469162243,"ADD":0,"ADD_S":0}}
{"id_image":492,"data":{"Best_template_id":163,"GT_R":[-0.7851566738043624,0.6192757741611484,-0.0050374508306642585,0.2854888094763386,0.35471876860873675,-0.8903205559379724,-0.5495673417436728,-0.700479462421062,-0.45530589259330917],"GT_T":[-28.553557992626843,56.03068820194277,820.6783434532881],"R_pred":[-0.9941493288009164,-0.08052552896412354,-0.07199132746196123,0.01929059248596851,0.5234189838994399,-0.8518570539328874,0.10627786733947726,-0.8482618737622987,-0.5188032463613219],"T_pred":[13.689059651135011,49.195993402386,636.576533671271],"rotation_error":43.420603058200086,"translation_error":189.00959807219883,"ADD":0,"ADD_S":0}}
{"id_image":510,"data":{"Best_template_id":84,"GT_R":[-0.8188820220082677,0.5739570365690324,-0.0020341290215220562,0.2603536403620033,0.36829142114956176,-0.8925121636095059,-0.5115148366098843,-0.7313927207974108,-0.4510187319623077],"GT_T":[-47.26743669762521,60.3005087663537,820.6012124616623],"R_pred":[0.17824706383645894,0.979765155704849,-0.09103968310760985,0.39696490619650016,-0.1562591476899129,-0.9044345979735768,-0.900359287996789,0.1250732522559268,-0.41678511740228946],"T_pred":[-22.261350539320183,53.7173307906293,520.2217049759456],"rotation_error":65.58663883241043,"translation_error":301.49044942514905,"ADD":0,"ADD_S":0}}
{"id_image":514,"data":{"Best_template_id":147,"GT_R":[-0.8227440270451928,0.5684030953851403,-0.0031343171139999607,0.262277773842498,0.3747338707521307,-0.8892610266251366,-0.5042843009017253,-0.7324564795015536,-0.4573892929809707],"GT_T":[-50.4076965996247,55.231421459254086,817.6357128317295],"R_pred":[-0.7574485111998616,0.6503794235265496,-0.057256950096788106,0.32195879298328733,0.29578491983677746,-0.8993630061426231,-0.567991451081667,-0.699655548574028,-0.43343722134551155],"T_pred":[-11.608990428433742,47.967281167329816,563.1715973629837],"rotation_error":6.964942703842078,"translation_error":257.50746279677094,"ADD":0,"ADD_S":0}}
{"id_image":515,"data":{"Best_template_id":163,"GT_R":[-0.8241781490599712,0.5663037460325658,-0.005503558344239235,0.2638883244260176,0.37541897424818377,-0.8884953414941328,-0.501092198378477,-0.7337314718968955,-0.45885270342779955],"GT_T":[-48.6724013189395,54.63221220775354,817.2648869276801],"R_pred":[-0.9728299407959471,-0.13099249612988206,-0.19090016303978616,0.06332296414040166,0.6425637265710293,-0.7636111965572697,0.22269285687562476,-0.7549521993164962,-0.6168103989426232],"T_pred":[2.992857411285008,46.078552015804036,706.5328699630966],"rotation_error":45.95573846199164,"translation_error":122.49099413175318,"ADD":0,"ADD_S":0}}
{"id_image":523,"data":{"Best_template_id":163,"GT_R":[-0.8354222693417657,0.5495979670000797,0.0033498732265166884,0.25165727244589525,0.38793818185502715,-0.886663375616855,-0.48860927601720006,-0.7398960697563702,-0.4624020347729913],"GT_T":[-46.90832650089605,52.237334465926125,814.7303973008613],"R_pred":[-0.9976376961874427,0.06824196416482003,0.007877910429760004,0.020327950549504117,0.4028117848364906,-0.9150570694898198,-0.06561860690588317,-0.9127352849122069,-0.40324744029437254],"T_pred":[-5.241676884433625,52.579840277086994,589.891117105144],"rotation_error":29.682612134965886,"translation_error":228.6677260118271,"ADD":0,"ADD_S":0}}
{"id_image":525,"data":{"Best_template_id":163,"GT_R":[-0.8393644167268586,0.5435499690711322,0.0044279020761145375,0.24735167854070966,0.3891952952777808,-0.8873241369171789,-0.48402828713326657,-0.7436938136573669,-0.4611247059225427],"GT_T":[-45.2124510657269,55.294598957780515,815.4298556100646],"R_pred":[-0.9530874016245902,-0.25748683064416644,-0.15913810640229917,0.016117613634730188,0.48182171704791876,-0.8761210278903921,0.3022658224067165,-0.8375848404942738,-0.4550681350951451],"T_pred":[7.384593193981428,49.780062614282734,522.1827603006337],"rotation_error":48.902548288391884,"translation_error":297.97771407163975,"ADD":0,"ADD_S":0}}
{"id_image":530,"data":{"Best_template_id":147,"GT_R":[-0.8451288779071773,0.534535619085354,0.005309160294628485,0.24093788756967632,0.3897637564011825,-0.888838244532155,-0.47718491813166575,-0.7499042065489175,-0.45818983436811694],"GT_T":[-49.12409798602395,57.73668789589443,816.1177451836319],"R_pred":[-0.6710075004628867,0.7371203591106346,-0.08001568913130996,0.35144922321439087,0.22117738885896,-0.9097054502197588,-0.6528647469610765,-0.6385406320995883,-0.4074720644821038],"T_pred":[-14.572027973126833,50.13437121165925,508.4050095342018],"rotation_error":16.54160211158784,"translation_error":309.7398399334506,"ADD":0,"ADD_S":0}}
{"id_image":535,"data":{"Best_template_id":147,"GT_R":[-0.8465982310473597,0.53222977520735,-0.0011828673072463015,0.24439202191762388,0.3867690773392387,-0.8892028352668373,-0.4728033394998564,-0.7530877560435769,-0.4575111103746933],"GT_T":[-55.40492775155618,58.559809995389884,818.1286309467351],"R_pred":[-0.727303435785816,0.6862372303359876,0.0104007689590781,0.28194076254977696,0.31256091255038154,-0.9070915512551769,-0.6257308676316022,-0.6567984010687493,-0.42080487360121754],"T_pred":[-18.157256157078674,49.9277496843579,507.22860871593014],"rotation_error":11.42985212507505,"translation_error":313.24227895917625,"ADD":0,"ADD_S":0}}
{"id_image":545,"data":{"Best_template_id":147,"GT_R":[-0.8540996977559773,0.5200323468575727,-0.008934860827962963,0.2444763939605408,0.3862459335855203,-0.8894066662378171,-0.45907021088913413,-0.7618270655802838,-0.4570281547235224],"GT_T":[-36.12423091562848,57.82848297799919,827.4165037941809],"R_pred":[-0.7767330680763842,0.583624813056189,-0.23678644078953398,0.45927859614696764,0.2675892891084837,-0.8470296001177802,-0.43098597666039845,-0.7666668441634505,-0.47589183433059423],"T_pred":[4.663349672039741,48.95997313879193,610.576359396963],"rotation_error":14.3690078922085,"translation_error":220.82102576333165,"ADD":0,"ADD_S":0}}
{"id_image":561,"data":{"Best_template_id":147,"GT_R":[-0.84766993128754,0.5304905904373077,-0.005812048309272771,0.2525781016960913,0.3939114083502656,-0.8837634006271178,-0.4665392929749144,-0.7506084373453051,-0.46789758911137097],"GT_T":[-40.38909936373828,42.23742697513243,821.2230087029225],"R_pred":[-0.7296003450142953,0.6835728223974304,-0.020286277002749764,0.37718614956956653,0.3774853371129342,-0.8457159267967103,-0.5704506509137366,-0.6246863346867331,-0.5332476330259224],"T_pred":[-8.850342012062521,37.32465318991515,583.2493982471243],"rotation_error":11.88548093493729,"translation_error":240.10470181760408,"ADD":0,"ADD_S":0}}
{"id_image":567,"data":{"Best_template_id":147,"GT_R":[-0.8469932880112677,0.5315567838842373,-0.007073013083881103,0.25790825722094896,0.3992492325232578,-0.879820442305992,-0.4648504572384219,-0.7470259574485303,-0.47525381715389625],"GT_T":[-33.718108940879496,38.3231416168244,814.42293035477],"R_pred":[-0.6689194532595184,0.7430253741235082,-0.02144897339285895,0.3253161881114393,0.2666818276851366,-0.9072211310012335,-0.6683682688485664,-0.6138355611978956,-0.42010684474932675],"T_pred":[-6.076400195169318,38.313508919270944,553.8039267371905],"rotation_error":16.347161002308436,"translation_error":262.0807684699345,"ADD":0,"ADD_S":0}}
{"id_image":615,"data":{"Best_template_id":147,"GT_R":[-0.8620873941433314,0.5065611406839845,-0.014173648776191514,0.25540649095788226,0.4101641908664804,-0.8755183126584618,-0.43769022268333163,-0.7583936530085039,-0.4829763287630363],"GT_T":[-20.296346680832684,28.42930371735317,813.8024319147958],"R_pred":[-0.7589118048402487,0.6439916672624151,-0.09657952666425276,0.3538873022475788,0.2833656250915221,-0.8913291759077683,-0.5466412441282189,-0.7106185017384964,-0.442949991765309],"T_pred":[7.661378407999991,31.36980354302908,551.9728237082089],"rotation_error":11.34115034407759,"translation_error":263.3344350155944,"ADD":0,"ADD_S":0}}
{"id_image":629,"data":{"Best_template_id":84,"GT_R":[-0.8606363359548832,0.5089420394926969,-0.01678895276200888,0.25741635478392827,0.40637877697889385,-0.8766945764321531,-0.4393643045322164,-0.7588371688160402,-0.4807546339203558],"GT_T":[-32.61357443211591,29.140670326111806,816.6339938511836],"R_pred":[0.14837686863810384,0.9848468550470098,-0.08978294357596434,0.42442204709244197,-0.14541796765618398,-0.8937111057968374,-0.8932246250496074,0.09450019463873588,-0.43956738097614706],"T_pred":[-14.320092123759025,35.79998729904189,495.8575589062026],"rotation_error":68.26052285235399,"translation_error":321.3666429695586,"ADD":0,"ADD_S":0}}
{"id_image":636,"data":{"Best_template_id":147,"GT_R":[-0.858543699495963,0.5123146246212875,-0.020892888686821227,0.26089942868637234,0.4014148918802674,-0.8779502642753267,-0.4414006161716142,-0.7592095227923416,-0.47829461249309124],"GT_T":[-42.35826281171298,31.974741893723362,817.7132178800622],"R_pred":[-0.7211979913400788,0.6761268618774634,-0.15075119878385423,0.45307336230608736,0.2957684881682906,-0.8409789116115224,-0.5240209782591653,-0.6748136543182698,-0.5196427102249488],"T_pred":[-6.640441415890488,30.127858207488654,575.2850338418256],"rotation_error":14.515486697754628,"translation_error":245.05223557578796,"ADD":0,"ADD_S":0}}
{"id_image":637,"data":{"Best_template_id":84,"GT_R":[-0.8588885354007816,0.5117143967096517,-0.021392553714556315,0.2610803608999867,0.4015120094103027,-0.8778528892975965,-0.44062070965627015,-0.7595636432116346,-0.4784528593121932],"GT_T":[-42.90708428402373,31.677593935767206,817.922797278193],"R_pred":[0.2439295077910627,0.9696494053738037,0.016686098616485345,0.4483550780349467,-0.09750025784351146,-0.8885220445890614,-0.85992797327979,0.22421804204541124,-0.4585304247181807],"T_pred":[-27.755863908843942,36.335297030051656,533.2629545582328],"rotation_error":73.37543085902026,"translation_error":285.1008238050607,"ADD":0,"ADD_S":0}}
{"id_image":648,"data":{"Best_template_id":147,"GT_R":[-0.8612303597016808,0.5078987910260369,-0.017881195222596485,0.25757708646672717,0.4058947550798352,-0.8768719292937879,-0.4381045433471923,-0.7597950242596747,-0.4803920095367351],"GT_T":[-50.57387445640258,31.116311092766203,817.0120789231818],"R_pred":[-0.7266232207465811,0.6747630582485658,-0.12928074216567517,0.43415870277945623,0.3051344653888456,-0.8475843196005476,-0.5324705774713987,-0.6720028074754644,-0.5146720420543252],"T_pred":[-12.323437910815718,30.08617820722308,582.4436893649475],"rotation_error":13.972408448963924,"translation_error":237.66885881333585,"ADD":0,"ADD_S":0}}
{"id_image":710,"data":{"Best_template_id":147,"GT_R":[-0.9093530578410283,0.4159296766192768,-0.008913217822220296,0.20368135423460093,0.42642518692776815,-0.8812921489505889,-0.36275523460393444,-0.8032214561103878,-0.472487549321],"GT_T":[-60.12753160267193,36.235875880378195,823.123617048846],"R_pred":[-0.7647434889091309,0.616196910389941,-0.1883315262960006,0.4339599079722862,0.27650726809306836,-0.8574511816799796,-0.47628373312950245,-0.7374585400668973,-0.478861887435851],"T_pred":[-18.728091684005737,34.64861101324292,620.8969320831003],"rotation_error":17.56670135653699,"translation_error":206.42690025181466,"ADD":0,"ADD_S":0}}
{"id_image":801,"data":{"Best_template_id":163,"GT_R":[-0.952677513691016,0.30397999753262744,-0.001265139793845464,0.1442000412771657,0.4482524489384735,-0.8821996223787202,-0.2676042471386531,-0.8406339648387178,-0.47087435851755033],"GT_T":[-78.7616863341383,33.947501942958155,831.5587301833446],"R_pred":[-0.9547886044444784,-0.09071894289211148,-0.28310562379349324,0.2171082339436577,0.4377593032273198,-0.8724854194723243,0.20308307555488497,-0.8945036980574589,-0.3982717647344579],"T_pred":[-9.058212540707927,34.84168356632326,486.38724372131577],"rotation_error":28.068746581985675,"translation_error":352.1402119696833,"ADD":0,"ADD_S":0}}
{"id_image":908,"data":{"Best_template_id":163,"GT_R":[-0.9833051429121529,0.18138926106636144,0.014449631377471397,0.07783244549811615,0.49104337884615934,-0.8676510725694344,-0.16447833964926484,-0.8520412546154487,-0.49696358923961365],"GT_T":[-93.60819237858097,8.228022150394862,816.4824356809404],"R_pred":[-0.9763454969132115,0.19754018687605418,0.08790531966990177,0.021626487164666766,0.49374443003027,-0.8693381004344627,-0.21513197277534207,-0.8468732563867258,-0.4863372512020153],"T_pred":[-35.61150956072682,20.73753318930989,472.23713510297364],"rotation_error":4.3607550084796785,"translation_error":349.3206693774678,"ADD":0,"ADD_S":0}}
{"id_image":1026,"data":{"Best_template_id":147,"GT_R":[-0.9904252693452944,0.13728578107298386,0.014462805809997101,0.05429535915002087,0.48372810724103427,-0.8735318437985767,-0.12692058017966856,-0.8643838842512876,-0.4865510853176165],"GT_T":[-94.34312499594492,15.911143505774762,844.7996068152687],"R_pred":[-0.4469713541712407,0.8942923217056492,0.021397473884708196,0.3618395547377721,0.20262126147999782,-0.9099542631492117,-0.8181006937886668,-0.39898103681074054,-0.4141562351189805],"T_pred":[-47.86041046698706,26.937719437209708,500.4316443761032],"rotation_error":55.64896175621316,"translation_error":347.6658189716884,"ADD":0,"ADD_S":0}}
{"id_image":1027,"data":{"Best_template_id":147,"GT_R":[-0.9898971141287367,0.14121998849812586,0.012656275940907007,0.057716581618504355,0.4828753943984632,-0.8737849177680688,-0.12950837050157202,-0.8642267288821949,-0.4861473616157421],"GT_T":[-98.03812222391377,16.068750373320594,844.8319851634495],"R_pred":[-0.491295250855711,0.8683835373358588,0.06737216465785462,0.46045650592109677,0.32460672220812736,-0.8262023251312177,-0.7393299551902106,-0.3748873270482168,-0.5593305904177639],"T_pred":[-59.32870467240904,19.101286586349826,604.6142169841143],"rotation_error":52.88924415307877,"translation_error":243.33555316089948,"ADD":0,"ADD_S":0}}
{"id_image":1032,"data":{"Best_template_id":147,"GT_R":[-0.9887919203092304,0.149045644047576,0.008714457414657338,0.06468340790816345,0.4802584985767168,-0.8747386974915973,-0.13456154623170338,-0.8643707317464835,-0.4845159832299169],"GT_T":[-111.17026642991735,17.629353423412113,848.0335333872046],"R_pred":[-0.4838113954781876,0.8654489830132993,0.13009454795146091,0.3771347657023293,0.34031077373970675,-0.8613698077918285,-0.789744200424478,-0.36767735186971817,-0.49103712977530883],"T_pred":[-67.25954777798532,23.241631769111432,579.3523662022743],"rotation_error":52.70589917100769,"translation_error":272.30354107248615,"ADD":0,"ADD_S":0}}
{"id_image":1034,"data":{"Best_template_id":147,"GT_R":[-0.9890709221166847,0.1472762122404223,0.006930130013250878,0.06488143078807887,0.47697224219892886,-0.8765201355592555,-0.13239650597152672,-0.8664915830559814,-0.48131487817251595],"GT_T":[-111.26258443872602,18.938828617080894,850.7363137883348],"R_pred":[-0.42573602181907566,0.8973181037408163,0.11648631003106319,0.37956510949073297,0.2939634437468691,-0.8772205089929035,-0.821388560538163,-0.32925023073563126,-0.4657414713954278],"T_pred":[-64.11760191024845,24.682750657363474,546.8399787048945],"rotation_error":56.427122784205324,"translation_error":307.58514999128596,"ADD":0,"ADD_S":0}}
{"id_image":1039,"data":{"Best_template_id":147,"GT_R":[-0.9905669732250163,0.1369663843713916,0.004206642329178235,0.06184659932904307,0.47425742908783247,-0.8782108564049943,-0.12228116675100434,-0.8696666041597391,-0.4782548018207022],"GT_T":[-104.57600123164889,21.546006543570662,858.2650027100158],"R_pred":[-0.5081928491176686,0.8609111279891786,0.023917730035827145,0.39666165613437127,0.2586177696318315,-0.8807816867892942,-0.7644603054825045,-0.4381197084531313,-0.47291813499435487],"T_pred":[-54.17837430649582,27.417894700079575,554.2143906293711],"rotation_error":51.58215355415767,"translation_error":308.2550479340511,"ADD":0,"ADD_S":0}}
{"id_image":1044,"data":{"Best_template_id":163,"GT_R":[-0.9919934952851605,0.1262795330070713,0.001567705759460559,0.05888434006288754,0.4734787588056878,-0.87883496772615,-0.11172163135204931,-0.8717058985184784,-0.4771239477252153],"GT_T":[-99.44774190299603,21.208012071912272,863.1526630241568],"R_pred":[-0.9934469857438276,0.006115823036667939,-0.11413011532933517,0.10193652583739599,0.4990336251375438,-0.86056631684158,0.05169169388504389,-0.8665610409490292,-0.4963868764307026],"T_pred":[-110.0826367049194,7.270822161207654,930.5014332902467],"rotation_error":9.749386794563739,"translation_error":69.5931254249267,"ADD":0,"ADD_S":0}}
{"id_image":1048,"data":{"Best_template_id":163,"GT_R":[-0.9924748958600619,0.12244411307592794,0.0005554248262728328,0.058025557145978866,0.47431108304602776,-0.8784428317028613,-0.10782480775153482,-0.871800067030728,-0.4778465451327422],"GT_T":[-103.4245217752005,19.73913254359973,864.335831628612],"R_pred":[-0.9988989773892198,0.045483368836874066,-0.011493308053806656,0.03176359913740963,0.4754244642705665,-0.8791829460032098,-0.03452400238397592,-0.8785800145304318,-0.47634572668083985],"T_pred":[-119.77127227092124,7.694725750873784,939.3406507333954],"rotation_error":4.480515669952403,"translation_error":77.70461296280473,"ADD":0,"ADD_S":0}}
{"id_image":1054,"data":{"Best_template_id":163,"GT_R":[-0.9927244343036672,0.12040058500543689,-0.0011180234288530287,0.05788678451866748,0.46909884978820254,-0.881245974610512,-0.10557849942398108,-0.8749000959234704,-0.47265498781013765],"GT_T":[-110.32354819175961,20.364173134145556,864.0337700963026],"R_pred":[-0.9913064523726745,0.13057742498138797,0.016157152271748673,0.059841937896068606,0.5568155474894487,-0.8284777538008296,-0.11717704533374078,-0.8203084676871591,-0.5597888511640791],"T_pred":[-132.2329484864134,4.73868538150428,951.371079640649],"rotation_error":5.956407168100394,"translation_error":91.38918605187534,"ADD":0,"ADD_S":0}}
{"id_image":1060,"data":{"Best_template_id":84,"GT_R":[-0.9931102812129965,0.1171797810515103,-0.0009555260087783447,0.05730934068263517,0.4785529090736981,-0.87618604313078,-0.10221462632390091,-0.8702040715168659,-0.4819712131844511],"GT_T":[-116.66963405827109,17.561606632945903,862.3997889877902],"R_pred":[0.5901274809548749,0.803390117304132,0.07945989957145749,0.38120858056530915,-0.19054134631774633,-0.9046402674250148,-0.7116386543220058,0.5641438777133659,-0.4187028909779477],"T_pred":[-159.6688379591711,8.052534633049165,920.1445371012722],"rotation_error":119.50761036628434,"translation_error":72.6210019285047,"ADD":0,"ADD_S":0}}
{"id_image":1063,"data":{"Best_template_id":163,"GT_R":[-0.9936030533891724,0.1129312004721641,-0.0005072626576400601,0.05499737914903541,0.47994607200486084,-0.8755720149890478,-0.09863665831566092,-0.8699989491948777,-0.4830867849520227],"GT_T":[-116.64960459912453,16.31716761702213,860.8902455630356],"R_pred":[-0.9963410617868724,-0.0019912551562881672,-0.08544310095209731,0.07338082897797613,0.4925865394478862,-0.8671642030741707,0.04381486660840994,-0.8702611884128001,-0.49063807578135255],"T_pred":[-129.78745092756782,2.5265042738107684,929.542689212725],"rotation_error":8.245209190612577,"translation_error":71.24565545118779,"ADD":0,"ADD_S":0}}
{"id_image":1064,"data":{"Best_template_id":163,"GT_R":[-0.9937930123125601,0.11124127331170569,0.0001578281485854708,0.05367844778953505,0.48078825279971316,-0.8751919281546303,-0.09743363617077017,-0.8697511299257673,-0.483775276593213],"GT_T":[-117.12493548415377,15.088303316523163,860.5200220550217],"R_pred":[-0.9984448965397072,0.04087459393558493,-0.03790852337422824,0.05357719216947565,0.5156753604248221,-0.8551072489050511,-0.015403670116191185,-0.8558085009050396,-0.5170633778615736],"T_pred":[-133.676079939084,1.0295451458301454,938.1132864346542],"rotation_error":5.138631983121419,"translation_error":80.57483317486634,"ADD":0,"ADD_S":0}}
{"id_image":1068,"data":{"Best_template_id":163,"GT_R":[-0.9944058359178211,0.10562250742717516,0.0009946349563732968,0.050160667983312944,0.4804882165009566,-0.8755650897613365,-0.09295808197495291,-0.8706176075775941,-0.48309794856526816],"GT_T":[-119.39408013322894,17.071819420712938,859.7989793831007],"R_pred":[-0.9795963627057185,-0.13594977353072263,-0.14801562502206206,0.062097603313438485,0.49570340063650664,-0.8662690264924222,0.19114092663909865,-0.8577854030434111,-0.47714709313711556],"T_pred":[-125.98077384080818,4.783635619238283,910.1234528983235],"rotation_error":16.3700416219004,"translation_error":52.22007879849143,"ADD":0,"ADD_S":0}}
{"id_image":1070,"data":{"Best_template_id":163,"GT_R":[-0.9949495676103398,0.10037445152374574,-0.000372306528488478,0.048611384960755476,0.4785979684625107,-0.8766873205467848,-0.08781940391740156,-0.8722780385700803,-0.48106039690806196],"GT_T":[-118.99916161107484,20.260983252289883,860.3927866062901],"R_pred":[-0.9976425726698194,0.01808213180238951,-0.06619919717205987,0.06651214003150097,0.4922740145292521,-0.8678954025962369,0.016894745490070362,-0.8702524525266992,-0.4923161955959716],"T_pred":[-132.87594789008978,7.957560365222784,926.110410146655],"rotation_error":6.119510426863853,"translation_error":68.2842987513571,"ADD":0,"ADD_S":0}}
{"id_image":1071,"data":{"Best_template_id":163,"GT_R":[-0.9951797659566959,0.09797299011479049,-0.004335558813593618,0.050856011842294525,0.4777617317902463,-0.877016107455053,-0.08385337164008907,-0.8730092064980626,-0.48044110893094266],"GT_T":[-117.95943511962355,22.15859805704126,860.9475950338644],"R_pred":[-0.9144009058789784,0.3678636857429749,0.168959439035816,0.039273789610897364,0.49602744083010863,-0.8674182078980893,-0.40290017718698357,-0.786532317616465,-0.46801534223524094],"T_pred":[-148.58834781265068,9.18360976344661,942.0241996097678],"rotation_error":19.06390472401897,"translation_error":87.63501824917591,"ADD":0,"ADD_S":0}}
{"id_image":1073,"data":{"Best_template_id":163,"GT_R":[-0.9954488539450604,0.09501438993895617,-0.007329954376309945,0.05189088902711643,0.4759186974148161,-0.8779570553051252,-0.07993045677896912,-0.8743419735586497,-0.47868330323783276],"GT_T":[-119.76819838167073,22.373382295443406,860.8129363077356],"R_pred":[-0.9943660556587697,-0.02077950145847797,-0.1039440218230838,0.08054644452839393,0.48934643293665303,-0.8683618709075203,0.0689087630672251,-0.8718418898466118,-0.48491576740835474],"T_pred":[-137.28649277964607,9.189821469880938,952.9952110687636],"rotation_error":8.701015872531247,"translation_error":94.75372654821075,"ADD":0,"ADD_S":0}}
{"id_image":1074,"data":{"Best_template_id":84,"GT_R":[-0.9954528233012016,0.09484415198137307,-0.008789974496474203,0.05318209410118211,0.47687300878994215,-0.8773616428950973,-0.07902165036643793,-0.8738397395340497,-0.47974901903732636],"GT_T":[-121.58685372229023,21.11425809037051,860.4176862389122],"R_pred":[0.3187665166770325,0.947121229613868,-0.036732604866879515,0.40238184263226184,-0.17031238437494645,-0.8994901580608798,-0.8581822420473737,0.271946811239322,-0.435394271082323],"T_pred":[-157.44039186128825,11.350038149372354,900.8015773762531],"rotation_error":103.2602171729496,"translation_error":54.87872858889293,"ADD":0,"ADD_S":0}}
{"id_image":1075,"data":{"Best_template_id":163,"GT_R":[-0.9955409311116177,0.0938064269711226,-0.009880848179755637,0.053811872552530324,0.4787844181179463,-0.8762813803628228,-0.07747031951176046,-0.872906765567487,-0.4816971302271089],"GT_T":[-122.62115127950412,17.7915273103792,860.0907057282158],"R_pred":[-0.997688879412665,-0.009475772362421007,-0.06728379919740221,0.05524856788668134,0.46330020546749084,-0.8844775380755873,0.03955370580326866,-0.8861507373759369,-0.46170593997187415],"T_pred":[-136.14001039877658,4.587691120445842,919.5165831163862],"rotation_error":6.8493392785115885,"translation_error":62.35812493469631,"ADD":0,"ADD_S":0}}
{"id_image":1076,"data":{"Best_template_id":163,"GT_R":[-0.9955279723139653,0.09396108915708655,-0.009716850858396246,0.0539597537860026,0.4812223099588273,-0.8749359507785108,-0.07753484067818113,-0.8715481199868409,-0.4841406426114781],"GT_T":[-124.83602962463151,14.808385650566857,859.3697757639561],"R_pred":[-0.9974579847037249,0.009243192294901004,-0.07065502209314753,0.06644865883819008,0.47872189936726006,-0.875448410133235,0.02573216837714044,-0.8779179383418491,-0.4781191787077861],"T_pred":[-142.50301421099743,1.760005305006232,936.9470243912536],"rotation_error":5.984469632614107,"translation_error":80.62637334395515,"ADD":0,"ADD_S":0}}
{"id_image":1078,"data":{"Best_template_id":163,"GT_R":[-0.9953859771465466,0.09540468192851001,-0.010234119723402069,0.05540239844838011,0.4843710770157934,-0.8731062556030168,-0.0783416004628584,-0.8696456120163775,-0.4874211929233738],"GT_T":[-129.04594911403635,11.100092220238267,858.1620136134935],"R_pred":[-0.9981456206264853,-0.01979756313419192,-0.05756193636524107,0.042912230153636884,0.44182626176902595,-0.8960737106479852,0.04317245102388413,-0.8968821611032052,-0.440157390676829],"T_pred":[-44.18687825982124,23.784514966938424,473.5100879422109],"rotation_error":7.666484598698976,"translation_error":394.10539251484954,"ADD":0,"ADD_S":0}}
{"id_image":1081,"data":{"Best_template_id":147,"GT_R":[-0.9954735635438619,0.09440042723849994,-0.010998200426127754,0.05577704124656215,0.4866054082898555,-0.8718400418656407,-0.07695049963729016,-0.868506963715223,-0.4896674798199549],"GT_T":[-132.2162511752111,7.197491702531012,856.9024043159433],"R_pred":[-0.4794391151708879,0.8770071043624396,0.03157014003714764,0.4210102182401817,0.26142267969785227,-0.8685669684468486,-0.7699925525493806,-0.40313362727190494,-0.4945652106457612],"T_pred":[-73.82072855578438,17.72219430356869,543.8949104953622],"rotation_error":55.971735073820206,"translation_error":318.58201081460544,"ADD":0,"ADD_S":0}}
{"id_image":1090,"data":{"Best_template_id":163,"GT_R":[-0.9963312226321704,0.08488095579695255,-0.010942442062581584,0.05133077084026102,0.49036004206030587,-0.8700072347877816,-0.06848238482381364,-0.8673766240626258,-0.49291765698076695],"GT_T":[-131.33929218440235,5.101520588846237,857.1785166740199],"R_pred":[-0.9951213240133088,0.023407557626079205,-0.09584172755110903,0.09593139020604743,0.45641130653845263,-0.8845823238325524,0.023037336372382505,-0.8894609634547462,-0.45643014320158626],"T_pred":[-47.440039221105245,20.485251531176548,480.85372913864916],"rotation_error":6.349480317100885,"translation_error":385.8705606016702,"ADD":0,"ADD_S":0}}
{"id_image":1093,"data":{"Best_template_id":163,"GT_R":[-0.9966207205933492,0.08128551309040384,-0.011793922648005835,0.050561429531686485,0.4939778314441898,-0.8680034810292275,-0.06473066293347371,-0.8656669581037546,-0.4964178410761011],"GT_T":[-131.5931415579708,2.1975345451727764,857.2191529143636],"R_pred":[-0.9951745816666243,0.006330619174775953,-0.09791565383289387,0.087217281278798,0.5142528953146704,-0.8531923027704915,0.04495217292850455,-0.8576152301127486,-0.5123235493588627],"T_pred":[-46.09041731715263,17.158695269242475,477.4465124297925],"rotation_error":6.705181461621392,"translation_error":389.5661826229737,"ADD":0,"ADD_S":0}}
