{"id_image":1,"data":{"GT_R":[-0.08828099188061399,0.9921080892047551,0.08904031663226096,0.5710944465742123,0.1236505522646219,-0.811518165727272,-0.8161234347425482,-0.020791124208691975,-0.5775034923841803],"GT_T":[-35.915062717657165,65.39941270538714,927.107488933615],"R_pred":[-0.4057852761909656,0.9138548883856286,-0.014406685958678334,0.5558789102031008,0.23425721145670864,-0.7975726901492676,-0.7254908316567721,-0.33165162724494024,-0.6030507866902657],"T_pred":[-43.31076445114816,48.85446593071261,930.6336584558807],"rotation_error":19.771125901537726,"translation_error":18.46254422898779,"ADD":0,"ADD_S":1}}
{"id_image":2,"data":{"GT_R":[-0.090728933945566,0.9919739667943861,0.08806830966315755,0.5718269204592039,0.12429358103187071,-0.8109043425556679,-0.8153418846541697,-0.023212170827797182,-0.578514398261224],"GT_T":[-36.42889005363504,65.42338613552171,927.6439373365799],"R_pred":[-0.4269454231291471,0.9042746868910865,-0.0022127623236870564,0.6376681465977909,0.30280267901223124,0.7083006934893923,0.6411684181894893,0.30099473123468995,-0.7059073815206531],"T_pred":[-50.20645863198316,-13.586613910726959,1035.9258295549182],"rotation_error":100.30901718996394,"translation_error":134.74928454586734,"ADD":0,"ADD_S":0}}
{"id_image":3,"data":{"GT_R":[-0.09203945161793496,0.9918882174835973,0.08767509981619932,0.5707149305079309,0.12469911892005815,-0.8116245275648508,-0.8159734715170006,-0.02466386129381324,-0.577562738130023],"GT_T":[-36.961886226210865,65.63051527525643,927.9568108972561],"R_pred":[-0.42018577196623896,0.9074221234774877,0.005385801773440779,0.4846307331242139,0.2294203229626235,-0.8440967763966478,-0.7671877016406239,-0.3520673305425148,-0.5361638044628196],"T_pred":[-47.091845442804896,52.56590471399848,981.5629302319539],"rotation_error":20.458785439398326,"translation_error":56.097380981406396,"ADD":0,"ADD_S":0}}
{"id_image":4,"data":{"GT_R":[-0.0906280960844852,0.9916007408860896,0.09226895100724335,0.5733722017833053,0.12770756196085165,-0.8092810740590014,-0.8142665687289391,-0.020439380469870497,-0.5801307771650006],"GT_T":[-35.505045355311246,65.2929931075754,927.9136783356433],"R_pred":[-0.38392513020306257,0.9230252815041697,0.025016476624612594,0.5566195102047791,0.25296833399828145,-0.7913164618871047,-0.7367334764064636,-0.28988161669599216,-0.6108947806650213],"T_pred":[-43.62883183795807,47.63145010722598,908.2287086254356],"rotation_error":17.782065753647455,"translation_error":27.66629791751369,"ADD":0,"ADD_S":0}}
{"id_image":5,"data":{"GT_R":[-0.09154138030793002,0.9915737293769652,0.0916550632136571,0.5729076830695301,0.12772543568695768,-0.8096065394151085,-0.8144910289557707,-0.021602714042619667,-0.5797726626960295],"GT_T":[-35.93136283602911,65.24302324846242,927.9188477066989],"R_pred":[-0.3521476726935867,0.9351151711469947,0.0393907769308669,0.55096094529912,0.24113632942926289,-0.7989338567018438,-0.7565937175073493,-0.2596399185797687,-0.6001275358690854],"T_pred":[-47.61966493993537,50.29732539076547,929.2945892038217],"rotation_error":15.619877731362688,"translation_error":19.023221472522795,"ADD":0,"ADD_S":1}}
{"id_image":6,"data":{"GT_R":[-0.08922854827214338,0.992123491209871,0.08791200176249875,0.5709790968261602,0.12327322612540195,-0.8116571207310044,-0.8161007885419331,-0.022227234878226445,-0.5774813664418346],"GT_T":[-38.11038564646754,66.69450123923367,928.0338989090021],"R_pred":[-0.1591065735924727,0.9765802987499382,0.1448309992133736,0.5385088744327452,0.20880162958118997,-0.8163394340845094,-0.8274619570692303,-0.05189219187624078,-0.5591188693162112],"T_pred":[-59.75581648859549,53.769380164971935,971.3730250965708],"rotation_error":5.453091998331688,"translation_error":50.13844123851151,"ADD":0,"ADD_S":0}}
{"id_image":7,"data":{"GT_R":[-0.08728405965183512,0.9917087092424032,0.09431568714787068,0.5706585283617327,0.12737915553818305,-0.8112479923747319,-0.8165353934977438,-0.016986665011867148,-0.5770448883579931],"GT_T":[-40.186515184005636,68.14800408594175,927.8625853901694],"R_pred":[-0.4494033988993029,0.8933117870768716,0.005534991172509496,0.5179646169581771,0.26561349351393526,-0.8131187660131151,-0.7278387463148157,-0.362551407572565,-0.5820715043961773],"T_pred":[-48.9393673421391,53.637252570630395,941.11878164581],"rotation_error":22.252012528290383,"translation_error":21.515135825955458,"ADD":0,"ADD_S":1}}
{"id_image":8,"data":{"GT_R":[-0.08709916283333646,0.9916958844306359,0.09461244810022226,0.5688817671033589,0.1274783607642599,-0.8124794704821156,-0.8177935755691321,-0.016942880835326985,-0.5752615037772477],"GT_T":[-41.22261467309219,68.91366933597043,927.610432082829],"R_pred":[-0.3503606186390095,0.935292722485343,0.04974897157575725,0.5445901371486196,0.24664207918239622,-0.8016166585700626,-0.7620164167702281,-0.2537621091544984,-0.5957648634571547],"T_pred":[-50.3877298933899,51.849438739566104,922.9531385888669],"rotation_error":15.689025420185718,"translation_error":19.921789215266188,"ADD":0,"ADD_S":1}}
{"id_image":9,"data":{"GT_R":[-0.08961106717743247,0.9914677685546635,0.09466426252489621,0.5697968069995389,0.12899029400873457,-0.8115993110664314,-0.8168849407417867,-0.018788743060905055,-0.5764944877459948],"GT_T":[-40.57873450281847,68.37033978509967,927.8165217909809],"R_pred":[-0.3936641289687291,0.919171968199032,0.01230635772313593,0.5231396184342831,0.23501879567477002,-0.819201504700775,-0.7558792847986541,-0.31605230351430574,-0.5733737422097184],"T_pred":[-49.96675897336356,53.03716752168413,952.3264919498514],"rotation_error":18.649566174157936,"translation_error":30.397036242170895,"ADD":0,"ADD_S":0}}
{"id_image":10,"data":{"GT_R":[-0.08905880634837883,0.9916361626476485,0.09341119581448588,0.5710022406640705,0.12767316469196108,-0.810960011063258,-0.8161027595398515,-0.018885668417369925,-0.5775972423620132],"GT_T":[-39.27830267095354,67.9520353409133,927.7101759881463],"R_pred":[-0.17665866011189735,0.9731854574684521,0.1473152510074533,0.5548097468402265,0.22208272330257672,-0.8017888804551951,-0.8130054505466449,-0.0599110121966836,-0.5791656136192963],"T_pred":[-58.500434137477654,53.05886723294001,962.1734495072902],"rotation_error":5.99499629524749,"translation_error":42.17835957056674,"ADD":0,"ADD_S":0}}
{"id_image":11,"data":{"GT_R":[-0.0892958464177027,0.9914533379572157,0.0951093201078299,0.5707881677579262,0.12919407847873912,-0.8108695998684964,-0.8162269662723394,-0.018120131338567526,-0.5774473287804088],"GT_T":[-39.554081768094356,67.95554409823441,927.3946730034261],"R_pred":[-0.29165673436672035,0.9531483313275932,0.08027831454362172,0.5354656273923026,0.23223880958690868,-0.8119985820203277,-0.7925988336983014,-0.19383857667935928,-0.5781121820295886],"T_pred":[-54.3450210145017,52.69491346754086,939.6110521873272],"rotation_error":11.898385362595782,"translation_error":24.513234209345548,"ADD":0,"ADD_S":1}}
{"id_image":12,"data":{"GT_R":[-0.08566788261178433,0.9918013818136407,0.09481429042110649,0.5713431212304536,0.12686553529947658,-0.8108464730543777,-0.8162276746888693,-0.015292381078564291,-0.5775276044504251],"GT_T":[-41.327937419888556,68.33439211127319,927.1715902775005],"R_pred":[-0.4420645744670723,0.8968920360908682,-0.012790136747616698,0.5231393142225721,0.24621223396065972,-0.8159073438588708,-0.7286317107537819,-0.3673747561344919,-0.5780411911266699],"T_pred":[-50.35645327853525,52.10643028880821,932.1023999452273],"rotation_error":22.17411033345996,"translation_error":19.213894126401428,"ADD":0,"ADD_S":1}}
{"id_image":13,"data":{"GT_R":[-0.08659909185646665,0.9916521619542965,0.09553418853262104,0.5690614408086919,0.12794895342768223,-0.8122799193617334,-0.8177220924848597,-0.015977828698817094,-0.5753911471939704],"GT_T":[-43.31209971695415,67.51049020939757,926.8068097034057],"R_pred":[-0.09793687746545832,0.9733394870412506,0.2074092837811059,0.4918279436993918,0.2285194134314622,-0.840169120761629,-0.8651668288999204,0.01972614131593131,-0.5010960362246344],"T_pred":[-66.47125720080496,54.40952360830092,962.3345068581184],"rotation_error":7.995324541582305,"translation_error":44.38692562412754,"ADD":0,"ADD_S":0}}
{"id_image":14,"data":{"GT_R":[-0.08626995456421066,0.9920088053842643,0.09205837977522416,0.5705578929406655,0.12494396378741594,-0.8116971559034537,-0.816713074039821,-0.017500682240090607,-0.5767783826861639],"GT_T":[-43.30417936762078,67.32431994561033,926.9360965816086],"R_pred":[-0.2943933405187389,0.9530574403227742,0.0708101440728634,0.5693635760132704,0.23441619716272133,-0.7879556870897938,-0.7675660749196767,-0.19165219005576217,-0.6116467597226615],"T_pred":[-56.55821334716596,50.0358616450966,945.8036189068329],"rotation_error":12.298483803454221,"translation_error":28.819153454471504,"ADD":0,"ADD_S":0}}
{"id_image":15,"data":{"GT_R":[-0.08570930881539986,0.9920178014105647,0.09249229960028524,0.5707441352200967,0.12497867937260768,-0.8115608308754103,-0.8166420805399046,-0.016768109339290786,-0.5769007374158528],"GT_T":[-42.30321439921243,66.5851866672595,926.4501596309856],"R_pred":[-0.4330909816996988,0.9013371422377829,0.004853616488509627,0.5321754996368382,0.26004809160675757,-0.8057072840914152,-0.72747607462835,-0.34636158284993085,-0.5922940272947361],"T_pred":[-51.31587234888877,50.166067528499376,959.4844568876058],"rotation_error":21.297149921736295,"translation_error":37.97473201813819,"ADD":0,"ADD_S":0}}
{"id_image":16,"data":{"GT_R":[-0.08605924898409775,0.9921643213764807,0.09057599165178395,0.5720751925039337,0.12364325103434941,-0.8108284759466574,-0.8156740151505711,-0.01796273892494049,-0.5782330445147781],"GT_T":[-41.16023471463533,65.33726840659922,926.5493748038376],"R_pred":[-0.4348352572636707,0.9005092641335639,0.0011680111576408136,0.5271696953092975,0.25560928814856587,-0.8104048396694614,-0.7300756203215799,-0.3517768568593027,-0.5858691249675562],"T_pred":[-48.234017303355834,49.188834248245946,925.2014514060245],"rotation_error":21.4200288866873,"translation_error":17.68126758367534,"ADD":0,"ADD_S":1}}
{"id_image":17,"data":{"GT_R":[-0.08740804330878252,0.992142035124547,0.08951776548395086,0.5704229500810668,0.12351993169597864,-0.812010190782514,-0.81668651740663,-0.01991302472784641,-0.5767374091341209],"GT_T":[-40.34698128833645,64.68145939666583,926.6932148291676],"R_pred":[-0.51788457197276,0.8549033350212647,-0.030591794359111246,0.5074831598533784,0.278242047139601,-0.8155011990603043,-0.6886627713023417,-0.43786030988556474,-0.5779463093135],"T_pred":[-45.47920218015941,49.388027858351236,933.5700016175373],"rotation_error":27.04987147383401,"translation_error":17.536217837158496,"ADD":0,"ADD_S":1}}
{"id_image":18,"data":{"GT_R":[-0.08880188797876436,0.9920035422126089,0.08967818669018258,0.570794117857565,0.12446603252374995,-0.8116051033010566,-0.8162766254076754,-0.02088421560337191,-0.577283656837628],"GT_T":[-39.66857907401018,65.27338952050289,927.3267858083234],"R_pred":[-0.29857500201786347,0.9525917302497977,0.05849755233964182,0.5633975602178429,0.22539867787164236,-0.794845032163061,-0.770348075424749,-0.20436347881510486,-0.6039862674067791],"T_pred":[-50.67770183642568,49.688932086583236,928.5880254826448],"rotation_error":12.415323678440837,"translation_error":19.122416767335423,"ADD":0,"ADD_S":1}}
{"id_image":19,"data":{"GT_R":[-0.0892054656620717,0.9921732702408725,0.087374556001758,0.572621960950064,0.12286511674898663,-0.8105608237469178,-0.8149522638209978,-0.02227370449176852,-0.5791006912611344],"GT_T":[-38.333684387709845,66.73458622085835,928.0746005396011],"R_pred":[-0.3848984623762159,0.9224632781241464,0.030243580688774807,0.5694864572584073,0.2631501722902433,-0.7787407539244899,-0.7263183521429792,-0.282512809153972,-0.6266164408984484],"T_pred":[-47.72460867238971,49.146640004860586,918.14863083265],"rotation_error":17.922100491473394,"translation_error":22.272184123716507,"ADD":0,"ADD_S":1}}
{"id_image":20,"data":{"GT_R":[-0.09030849285547603,0.9921082670925011,0.0869808203007464,0.5711169416925825,0.12314002320369531,-0.8115793146257739,-0.8158851779392758,-0.023616738449845364,-0.577731454110256],"GT_T":[-38.29727193718506,67.6004939293992,928.8839641010791],"R_pred":[-0.3315390840136627,0.9423335380614991,0.04570928588240042,0.5518506971212057,0.2329971225736761,-0.8007328824016329,-0.7652075822012097,-0.24024954509194235,-0.5972750724958258],"T_pred":[-48.66008956542208,51.29849199088331,914.2969194155472],"rotation_error":14.350610536388752,"translation_error":24.205890379351448,"ADD":0,"ADD_S":1}}
{"id_image":21,"data":{"GT_R":[-0.08925574647418058,0.992343806080948,0.0853575877077766,0.5705680348743949,0.12118690828844632,-0.8122595544716968,-0.8163852400530197,-0.023796241397526598,-0.5770163182632774],"GT_T":[-38.45811196310321,68.98430603382594,929.3135263031061],"R_pred":[-0.4115297315563371,0.9113197727651269,0.011813205004838345,0.5142089977822969,0.24286684679844117,-0.8225599074389098,-0.7524841437830398,-0.3324334015912052,-0.5685557552796432],"T_pred":[-46.99216785287276,54.86057548759846,933.0162229331689],"rotation_error":19.66679614488858,"translation_error":16.912121002595406,"ADD":0,"ADD_S":1}}
{"id_image":22,"data":{"GT_R":[-0.08843151283807449,0.9925918662972122,0.08331005749523829,0.5684255228290338,0.11896934291310755,-0.8140877435130576,-0.8179679707390412,-0.024635411061627324,-0.5747352711900148],"GT_T":[-38.064984964900404,69.75588735259007,929.5063886276868],"R_pred":[-0.3809384828912553,0.9244547698217307,0.016408863652308814,0.5373888762897145,0.23581280598683263,-0.8096947055357933,-0.7523955528128718,-0.2996259319325816,-0.5866218824941201],"T_pred":[-45.28995254773106,53.76938923991241,920.5483319896872],"rotation_error":17.701031366626953,"translation_error":19.698097806874863,"ADD":0,"ADD_S":1}}
{"id_image":23,"data":{"GT_R":[-0.089288222476236,0.9927818113631919,0.08006682600778502,0.5687760806154042,0.1168147734212367,-0.814155126149607,-0.8176311005758422,-0.027154427561858745,-0.5751012465012723],"GT_T":[-37.521420588011665,69.98251072610913,930.2698052617474],"R_pred":[-0.4435127117949948,0.8962191229871044,-0.009367927651049268,0.5027438729664715,0.24011315531553412,-0.8304181301242708,-0.7419872456255041,-0.37301066504410246,-0.5570619095687968],"T_pred":[-44.43636816570168,56.000556168739145,936.0925713637853],"rotation_error":21.8859933921417,"translation_error":16.649809558238257,"ADD":0,"ADD_S":1}}
{"id_image":24,"data":{"GT_R":[-0.09269620464962902,0.9924488866760223,0.0803284766135193,0.5678017272855331,0.11896008198259898,-0.814523927831897,-0.8179287444702401,-0.02989223872308122,-0.5745422999599699],"GT_T":[-36.905596430047105,69.85812560174583,930.5556489011342],"R_pred":[-0.3487978973552436,0.9369151402268369,0.023022745585346227,0.5554257017623506,0.22643758138020964,-0.800142682001455,-0.7548790079359482,-0.26630066044305595,-0.5993677015198858],"T_pred":[-47.01532402913867,54.07442467948989,924.0794942906231],"rotation_error":15.439334445199353,"translation_error":19.83109642632754,"ADD":0,"ADD_S":1}}
{"id_image":25,"data":{"GT_R":[-0.09156065521341845,0.9927884808371604,0.07737522436756807,0.5686179831872421,0.11591198984763366,-0.8143937872041107,-0.8174900585370477,-0.03056990922588511,-0.5751309560427889],"GT_T":[-36.68753869308771,70.33785887755064,930.6225012028438],"R_pred":[-0.2597695189084416,0.9634096036129176,0.0660434153604858,0.5760835861277751,0.20949458398561627,-0.790088426111189,-0.7750145152448689,-0.16719436278503652,-0.6094247666551358],"T_pred":[-47.88408940506725,53.07847082307937,928.49231397604],"rotation_error":9.964368969487857,"translation_error":20.683010455008553,"ADD":0,"ADD_S":1}}
{"id_image":26,"data":{"GT_R":[-0.09336728477632993,0.9928998085258287,0.07370904070240247,0.5687102356509715,0.11395157712001078,-0.8146060947269473,-0.8172209211029725,-0.034138588649797026,-0.5753114122369541],"GT_T":[-34.78943715230227,70.25355923054293,931.1123301553548],"R_pred":[-0.4024516753927602,0.9153866786689544,0.009993872571769757,0.560099237550294,0.25485464377578537,-0.7882499315835663,-0.7241004716675302,-0.31163494518641177,-0.6152740591553673],"T_pred":[-42.78646872398711,52.70615676956171,919.6862088943267],"rotation_error":18.804206726337892,"translation_error":22.414729401844074,"ADD":0,"ADD_S":1}}
{"id_image":27,"data":{"GT_R":[-0.09367768802555691,0.9927543410401096,0.07524581801426475,0.5687694611571225,0.11539426687304988,-0.8143619897084473,-0.8171445237274519,-0.03348977253472526,-0.5754586178218641],"GT_T":[-34.06995011288042,70.31997386465925,931.4261448367275],"R_pred":[-0.26888581817552515,0.9609838267180837,0.06488837777558082,0.554856734628032,0.2096134659119725,-0.8051063277271443,-0.7872956374971196,-0.1804779202413367,-0.5895704364054949],"T_pred":[-48.981188635370756,55.817865442441054,936.45297849046],"rotation_error":10.236423787891747,"translation_error":21.39918782446356,"ADD":0,"ADD_S":1}}
{"id_image":28,"data":{"GT_R":[-0.09276905436545321,0.9928469875884255,0.07515659007751094,0.5669935545410372,0.11472384416882869,-0.8156937674119699,-0.8184812883234888,-0.033057944695835215,-0.5735812025481746],"GT_T":[-35.89579316872709,71.38217808679147,931.4392045278987],"R_pred":[-0.12615741151186233,0.9838372659749115,0.1270769121423619,0.5644799885413976,0.17653488808083595,-0.8063484208619682,-0.8157491342667365,-0.02999445564262687,-0.577627633145933],"T_pred":[-56.33747719279528,57.82895632766958,954.4807008155785],"rotation_error":3.5878674563451987,"translation_error":33.652084882915396,"ADD":0,"ADD_S":0}}
{"id_image":29,"data":{"GT_R":[-0.09153780937599429,0.9927033870866225,0.07848868313172816,0.5693220359712494,0.11683906614731933,-0.8137695505785619,-0.8170019179133399,-0.02980545266332355,-0.5758639614724618],"GT_T":[-37.49626905629034,72.8147203367505,931.8344759248803],"R_pred":[-0.35976759669053726,0.9329311466659727,0.014378871723058684,0.557742579614176,0.22738632230973366,-0.7982597793398953,-0.7479909700369647,-0.2791682933410726,-0.6021416550415635],"T_pred":[-45.34814583458528,56.30046656317069,916.6791732787168],"rotation_error":16.25308753721604,"translation_error":23.74985778771174,"ADD":0,"ADD_S":1}}
{"id_image":30,"data":{"GT_R":[-0.09373047399143325,0.9926754865721106,0.07621612417710644,0.5653735652742177,0.11608380459987373,-0.8166250225541359,-0.8194919060697904,-0.033452190199321295,-0.5721137184471152],"GT_T":[-36.85000400468206,73.79714143031428,931.8134015537845],"R_pred":[-0.5685863585255924,0.8209374501427388,-0.05264271888632549,0.4725366761733115,0.27355910832292873,-0.8377795079402711,-0.6733636777920868,-0.5012256150743916,-0.5434650312794858],"T_pred":[-40.226042817108194,61.989492125519185,965.429282462742],"rotation_error":30.300610867499483,"translation_error":35.78890427846664,"ADD":0,"ADD_S":0}}
{"id_image":31,"data":{"GT_R":[-0.09650842316298963,0.9922840492084997,0.07784024581240256,0.564620014864087,0.11898306289076273,-0.8167299106407567,-0.8196887067674529,-0.03487136697947102,-0.5717460500885873],"GT_T":[-35.75992137913855,74.71674904559674,932.1340990380914],"R_pred":[-0.36465118602833546,0.9306911494404915,0.029043017771308077,0.5606362059373213,0.24435084378228034,-0.7911887952537575,-0.7434490951775603,-0.2722253652693361,-0.6108819799139953],"T_pred":[-44.058311811595644,57.42000185571462,916.0406448067221],"rotation_error":16.16485698104428,"translation_error":25.04076708524265,"ADD":0,"ADD_S":1}}
{"id_image":32,"data":{"GT_R":[-0.09778410759916124,0.9922655755776904,0.07646443839730274,0.5626946166746953,0.1184962321813859,-0.8181278901136335,-0.8208610449212709,-0.03697349869654978,-0.5699299465978402],"GT_T":[-35.43088381438701,74.9618517242899,932.2766877799779],"R_pred":[-0.4199503101389751,0.9070890119560648,0.02883160423473824,0.519972816282207,0.2665236548858475,-0.8115376834835456,-0.7438212200130678,-0.32581385141650954,-0.5835883196941247],"T_pred":[-44.89144932365053,59.72702560060376,939.303168105399],"rotation_error":19.3800402257405,"translation_error":19.260676326067717,"ADD":0,"ADD_S":1}}
{"id_image":33,"data":{"GT_R":[-0.09673452725575149,0.9923983552227746,0.07607115003784767,0.5642088790293447,0.11763805836856403,-0.8172086985714431,-0.8199456243201538,-0.03613221481636526,-0.5712994686124441],"GT_T":[-35.11706732799162,75.75493676946867,932.5381587188256],"R_pred":[-0.27800294020514293,0.9591521072366505,0.05236029431533801,0.5223914418996065,0.1967050656313919,-0.8297073571958969,-0.8061150951739744,-0.2033085151646209,-0.5557374388991724],"T_pred":[-50.392648541888946,62.51775711661049,976.3912678249985],"rotation_error":10.816337391108469,"translation_error":48.28728077726395,"ADD":0,"ADD_S":0}}
{"id_image":34,"data":{"GT_R":[-0.09608141146450157,0.992482596685812,0.0758049305555952,0.5671013359718734,0.1171697274744146,-0.8152710616466468,-0.8180241316895124,-0.03534316627467458,-0.5740970141358968],"GT_T":[-34.550152976649876,75.32573482871346,932.6937506202279],"R_pred":[-0.362658682140936,0.9318493808578252,0.011636651695719591,0.5489891477910089,0.22371327333813418,-0.8053342703126689,-0.7530535146159941,-0.2856730696569509,-0.5927067583529595],"T_pred":[-42.222931825702666,58.07331730139637,921.8762872578898],"rotation_error":16.15082990576974,"translation_error":21.760858425137492,"ADD":0,"ADD_S":1}}
{"id_image":35,"data":{"GT_R":[-0.09813924817362561,0.9923568006179778,0.07480226212407542,0.5658824839667888,0.1174772974598098,-0.816073628614551,-0.8186239110855765,-0.037759563477383726,-0.5730866306852566],"GT_T":[-33.59499649687286,74.57115609767604,932.8099087415161],"R_pred":[-0.47522752709617805,0.8793807419292097,-0.029125731133899546,0.5480153375691217,0.26993157788459454,-0.7917172052252843,-0.6883589087671149,-0.39220715697800057,-0.6101930503833857],"T_pred":[-39.20610182927151,56.68066944110259,921.1148547497518],"rotation_error":23.576621347001918,"translation_error":22.09815159081383,"ADD":0,"ADD_S":1}}
{"id_image":36,"data":{"GT_R":[-0.09834180090003487,0.9923662982727586,0.07441803495855559,0.566365167778678,0.11730050886738072,-0.8157642177429362,-0.8182662014848783,-0.03807578694245525,-0.5735769929600317],"GT_T":[-33.60973147072161,74.34244104624013,932.8878049117063],"R_pred":[-0.42398906076398063,0.9056537515114066,0.00495567611866049,0.48401155283837094,0.23121199625767175,-0.8439631683346916,-0.7654842213079682,-0.3554325465680622,-0.5363782357335874],"T_pred":[-45.105438519692,61.02607694985664,959.9893877402698],"rotation_error":20.108553226702004,"translation_error":32.310565224345474,"ADD":0,"ADD_S":0}}
{"id_image":37,"data":{"GT_R":[-0.0983048058831123,0.9922629925438624,0.07583122463536955,0.567027179520907,0.11847015395958964,-0.8151347966654037,-0.8178113916434946,-0.037133141171565104,-0.5742863930807466],"GT_T":[-35.78685860129802,74.26108978334065,933.4486804916424],"R_pred":[-0.2355416615224678,0.9691054899149752,0.07317564556524986,0.5298510817909848,0.19117050141154546,-0.8262636809850603,-0.8147256942137999,-0.15584732531139006,-0.5585102097375906],"T_pred":[-52.6366324047738,60.82565415038379,956.9445176463693],"rotation_error":8.162346617761182,"translation_error":31.882286170804417,"ADD":0,"ADD_S":0}}
{"id_image":38,"data":{"GT_R":[-0.10040695755718317,0.9921629215638713,0.07437498279299466,0.5659297049621681,0.11843385759427681,-0.8159023382919294,-0.8183165375199836,-0.03983097881372417,-0.5733866260338119],"GT_T":[-37.91315547659542,74.08139439324265,933.714051938444],"R_pred":[-0.41416405472359596,0.9101544249876219,-0.009330511795269392,0.5521301663474039,0.24306975822322952,-0.7975395739688967,-0.723616207104359,-0.3354638807871161,-0.603194470716658],"T_pred":[-43.59246049848483,57.360335847109546,917.0454708276579],"rotation_error":19.330129856089176,"translation_error":24.283531470560902,"ADD":0,"ADD_S":1}}
{"id_image":39,"data":{"GT_R":[-0.09882614209531064,0.9924490810395132,0.07264969216174771,0.5667038667982206,0.11614147092527759,-0.8156945553175845,-0.8179731195446164,-0.039440517435144644,-0.5739035017401966],"GT_T":[-36.526514624578645,74.87804045160429,933.813012253341],"R_pred":[-0.43107241557087056,0.9022634790118319,-0.00985834546767711,0.4737376058711912,0.21701091132424744,-0.8535097803479766,-0.7679513352533001,-0.37259479170767384,-0.5209835581618565],"T_pred":[-42.21627329381266,61.21127168490723,940.9535890763847],"rotation_error":20.8472579154435,"translation_error":16.43598976643266,"ADD":0,"ADD_S":1}}
{"id_image":40,"data":{"GT_R":[-0.10073613085761611,0.9926256869532047,0.06741954752960502,0.5663827176374235,0.11292757027742553,-0.8163691029180015,-0.8179619053446263,-0.044053025952334526,-0.5735821396703953],"GT_T":[-33.93538708136038,74.48227417449203,933.9205122960028],"R_pred":[-0.41031432582806304,0.9119236219310207,-0.006120603276711378,0.5076735180599852,0.22283878730844986,-0.8322322235599252,-0.7575683157846954,-0.3445840719405181,-0.5543934201305348],"T_pred":[-41.75486342589383,59.07644326194542,930.321786444871],"rotation_error":18.99775855370344,"translation_error":17.647511557165767,"ADD":0,"ADD_S":1}}
{"id_image":41,"data":{"GT_R":[-0.10103344252809845,0.9924413185871463,0.0696582321725533,0.5649268107491732,0.11486309656167604,-0.8171072868662265,-0.8189317574990812,-0.043203111901965505,-0.5722621381179913],"GT_T":[-33.09912689793469,74.08171839423788,933.4972242666988],"R_pred":[-0.3520509036042646,0.9359589834242961,0.006398641948036299,0.6415799902516723,0.2363345739897703,0.7297404231956307,0.6814948843388958,0.26101101602122545,-0.6836943557873524],"T_pred":[-47.29537252468662,-5.178164917706029,1009.1463608334792],"rotation_error":102.1196347342917,"translation_error":110.48282380450559,"ADD":0,"ADD_S":0}}
{"id_image":42,"data":{"GT_R":[-0.10456094768480195,0.9919487546554253,0.07144516863929846,0.5647026223521284,0.11835279978285589,-0.8167635504746038,-0.8186433342154458,-0.045056569770353466,-0.5725318400400986],"GT_T":[-33.9787964657136,74.9474106139492,933.7862309377342],"R_pred":[-0.29107473616018564,0.9543210927560704,0.06742959209529875,0.5550817358966951,0.22586790899248144,-0.8005422875534285,-0.779204571626213,-0.19558870010362128,-0.5954706507869096],"T_pred":[-46.71607807266344,59.04058686813289,913.319099249952],"rotation_error":10.953828752393841,"translation_error":28.881981648429623,"ADD":0,"ADD_S":0}}
{"id_image":43,"data":{"GT_R":[-0.10449879371737905,0.991928695154794,0.07181317172891984,0.5648223605061008,0.1186258783779424,-0.8166422608407107,-0.8185690194120323,-0.04477584314175833,-0.572659679924198],"GT_T":[-35.302834270825976,76.58980425475161,933.6080946119209],"R_pred":[-0.10784652670770822,0.9551053816595554,0.2759399148402394,0.5867670356669461,0.2852104220973706,-0.7578650677935119,-0.8025419444064642,0.08017933057836468,-0.5911833069499655],"T_pred":[-66.22525704198846,62.769732264097364,1023.607919233426],"rotation_error":12.24054315633911,"translation_error":96.16214978756992,"ADD":0,"ADD_S":0}}
{"id_image":44,"data":{"GT_R":[-0.10508877545891532,0.9917079199552287,0.07396818238094571,0.5613863335019796,0.12055452817195171,-0.8187261383592346,-0.8208538325602073,-0.044514138191807356,-0.5694002454362082],"GT_T":[-38.600225341158726,77.83697840062844,933.5033085385078],"R_pred":[-0.25495804722503324,0.9486520783580121,0.18723148341617551,0.6156682819831527,0.3085712773364194,-0.7250767775641994,-0.7456198500007298,-0.069591673567994,-0.6627277255818522],"T_pred":[-65.67418429184161,60.79376896995988,1031.12513655124],"rotation_error":12.78754675983761,"translation_error":102.73018809244134,"ADD":0,"ADD_S":0}}
{"id_image":45,"data":{"GT_R":[-0.10134322530280068,0.9919267723283772,0.07622079552236816,0.5629611630536085,0.12034711255952633,-0.8176739652005823,-0.8202465285365709,-0.03995600117118442,-0.5706127009216394],"GT_T":[-43.08355421553962,78.52704097838603,933.6567960892912],"R_pred":[-0.33294034321276067,0.9417373126889966,0.04776569638009842,0.5908402127560696,0.2478272771104153,-0.7677821850696975,-0.7348867741711856,-0.22740376999808914,-0.638927972888122],"T_pred":[-57.773956536075616,62.23289908844308,979.7358054424403],"rotation_error":14.279019814460556,"translation_error":51.03510638018113,"ADD":0,"ADD_S":0}}
{"id_image":46,"data":{"GT_R":[-0.10090885990772189,0.992264923191552,0.0722950256030568,0.5620151760745731,0.11681404501089325,-0.8188367729470807,-0.8209483465957218,-0.04199718458860128,-0.5694561042371941],"GT_T":[-44.449084277333576,79.35696288445838,933.6163416674083],"R_pred":[-0.16217347113434255,0.9790788781581279,0.12289961596709698,0.5407026934521377,0.19235761203710633,-0.8189256049147475,-0.8254334392026058,-0.06635585457217302,-0.5605858881653681],"T_pred":[-61.90742438975374,64.79690153892413,930.2477602001164],"rotation_error":4.680995406563811,"translation_error":22.98121769986181,"ADD":0,"ADD_S":1}}
{"id_image":47,"data":{"GT_R":[-0.10103509789064027,0.9921845648831747,0.0732189523243371,0.5604689044365257,0.1175699357503411,-0.8197879588128252,-0.821988616949937,-0.04179007879363577,-0.5679676464831903],"GT_T":[-45.069721746364685,80.30141639763286,933.3552321273999],"R_pred":[-0.35840173374690176,0.9333685927509039,0.019268298145196205,0.5703730556159583,0.2352621692035981,-0.7869728643154938,-0.739068856517801,-0.2710623208928434,-0.6166866655909266],"T_pred":[-55.5796336841736,63.283343070826554,917.606106032541],"rotation_error":15.711498237591845,"translation_error":25.457966168742136,"ADD":0,"ADD_S":1}}
{"id_image":48,"data":{"GT_R":[-0.10205022018875494,0.9917957355888553,0.07699030515007503,0.5602313408894245,0.12125327752483406,-0.8194134429958926,-0.8220258406238913,-0.04048905671898438,-0.5680094173746714],"GT_T":[-46.848766341265744,81.78100537066243,933.4963638176023],"R_pred":[-0.1574028908329851,0.9799842131602508,0.12188220507565395,0.5482014878126464,0.1893672209641717,-0.8146257940823551,-0.821400912294003,-0.0614084487753192,-0.5670357516961242],"T_pred":[-66.10971056297566,67.85427690365587,947.4263629357735],"rotation_error":4.145222454081108,"translation_error":27.549639081806514,"ADD":0,"ADD_S":0}}
{"id_image":49,"data":{"GT_R":[-0.10315671379807442,0.9915996909584699,0.07803109648306222,0.5588112844620765,0.12267416584078207,-0.820171414900163,-0.8228536369993478,-0.041001686918517535,-0.5667720197895105],"GT_T":[-48.85240722517077,82.88768333203735,933.7421437636648],"R_pred":[-0.4900192540434179,0.871708423158708,0.002357044948899989,0.47182355137172083,0.267500981937823,-0.8401343708200955,-0.732982719467321,-0.4105699083669667,-0.5423731956004383],"T_pred":[-58.15848041556404,70.55865757745187,950.8075496517013],"rotation_error":23.934336688713795,"translation_error":23.018165704625964,"ADD":0,"ADD_S":1}}
{"id_image":50,"data":{"GT_R":[-0.10271981257476476,0.9912803654770216,0.08253527272405385,0.5580967583312271,0.1261173469039346,-0.8201362346861119,-0.8233930467715022,-0.03818115373348111,-0.5661846509303647],"GT_T":[-51.7345741301101,84.97889584015597,933.9343200988334],"R_pred":[-0.24899571575612167,0.9635976030580462,0.09736936333305546,0.5436361962664065,0.22226054735369116,-0.8093577300545357,-0.8015365366869373,-0.14859309698241496,-0.5791884597305827],"T_pred":[-69.28349965729836,70.10793547280979,945.6038678003466],"rotation_error":8.582238535428647,"translation_error":25.793188887066172,"ADD":0,"ADD_S":0}}
{"id_image":51,"data":{"GT_R":[-0.10272213522937547,0.9914287524213878,0.0807232556217995,0.5561608373706519,0.12452724727495847,-0.8216917497776642,-0.8247016637239193,-0.039510984040019397,-0.5641860758290755],"GT_T":[-54.824408107650484,85.81513283342284,933.9532974416752],"R_pred":[-0.35947065835998426,0.9328886364368182,0.02235257894055359,0.5338877403515868,0.22525125877190522,-0.8150004608121084,-0.7653396151255443,-0.2810349843502165,-0.5790290243940777],"T_pred":[-62.93041763032877,68.68952712804511,914.5740278028163],"rotation_error":15.502236085444249,"translation_error":27.102580188856834,"ADD":0,"ADD_S":1}}
{"id_image":52,"data":{"GT_R":[-0.10241109606011908,0.9913839339832744,0.08166447279881708,0.557194690999709,0.1251789276654416,-0.8208920191471688,-0.8240420018769814,-0.03856532377991396,-0.5652144340242008],"GT_T":[-54.19232202050695,86.63875260710313,934.3575977954978],"R_pred":[-0.3893588195533652,0.9210069487226272,0.012079322855432284,0.5115781450936884,0.22713970351412294,-0.8286708372749807,-0.7659552931460889,-0.3164707814193155,-0.5596058732798797],"T_pred":[-60.79535880298573,71.82065444546826,939.0821519555243],"rotation_error":17.508461550925347,"translation_error":16.896672450208595,"ADD":0,"ADD_S":1}}
{"id_image":53,"data":{"GT_R":[-0.10679084400778238,0.9911016657460958,0.0794551370367209,0.5547942493491962,0.12571190580982616,-0.82243548799082,-0.8251059030310032,-0.04374677695582381,-0.5632822020109396],"GT_T":[-51.802177723421835,86.78679085523758,934.6648622994683],"R_pred":[-0.2980519042017824,0.9512251383178223,0.0795977300802651,0.5241441066297217,0.23278237649296607,-0.8191979740451127,-0.7977706549422723,-0.20244283495971377,-0.5679602809056736],"T_pred":[-63.06808869451421,70.69322208407247,908.6580281854061],"rotation_error":11.226410750446316,"translation_error":32.592623804123946,"ADD":0,"ADD_S":0}}
{"id_image":54,"data":{"GT_R":[-0.10675041708262725,0.9909415744084616,0.08148478937375418,0.5543978010360086,0.1273532305205216,-0.8224502877701941,-0.8253768395802973,-0.04262234391758612,-0.5629703271184849],"GT_T":[-52.27212009500003,88.70751685446238,934.7855186046262],"R_pred":[-0.0857423323254134,0.9810415900962592,0.17379772998748205,0.47693396693408663,0.19357027196389287,-0.8573590502212829,-0.8747469597728901,0.009378076200794838,-0.4844892238789817],"T_pred":[-75.25935696185606,78.19314857241166,958.945316211412],"rotation_error":7.248351398960442,"translation_error":34.96656716843093,"ADD":0,"ADD_S":0}}
{"id_image":55,"data":{"GT_R":[-0.10777010757434699,0.9909909065263937,0.07951023332356441,0.5518757625110652,0.12615445479905743,-0.8243287415037996,-0.8269335583357527,-0.04495807529060103,-0.5605001433157802],"GT_T":[-54.75830934954863,90.80548810774658,935.0252296287047],"R_pred":[-0.28732338705252214,0.9528688489834405,0.09739726838900514,0.5658035983717689,0.25089338462794264,-0.78544178499714,-0.7728593399333572,-0.17056806907187716,-0.6112241605915678],"T_pred":[-67.69355619570413,71.87035529571155,907.8152900981061],"rotation_error":10.929396419419673,"translation_error":35.58427566832314,"ADD":0,"ADD_S":0}}
{"id_image":56,"data":{"GT_R":[-0.10860724620769895,0.9907144736223839,0.0817851893332284,0.5510100354088546,0.12847241414361527,-0.8245497238592242,-0.8274003789740492,-0.04448755976771552,-0.5598470945454874],"GT_T":[-56.41816130528784,92.02223577799869,935.300074214481],"R_pred":[-0.4206797209123238,0.9069732869060545,0.020688867826852142,0.518171069512851,0.2589363503427493,-0.8151384601348934,-0.7446659083998928,-0.3321918471455984,-0.5788965896919396],"T_pred":[-63.53068976518014,75.35132100565858,945.8157849307734],"rotation_error":18.928597493192335,"translation_error":20.954417966341882,"ADD":0,"ADD_S":1}}
{"id_image":57,"data":{"GT_R":[-0.10847843379287474,0.9907711225762608,0.08127255120222328,0.5510393860583306,0.12797409165096726,-0.8246074693530945,-0.8273977465228738,-0.04466802178974296,-0.559837116372898],"GT_T":[-54.77778406582185,91.14651589127818,934.9371773452899],"R_pred":[-0.2914354538912548,0.9534776852479154,0.07710823528959276,0.5456399150205429,0.2319022450202004,-0.8052940033869402,-0.7857114351666092,-0.19261789244218114,-0.5878400191885198],"T_pred":[-68.0882432072469,76.70755221292451,998.9476494754225],"rotation_error":10.77285890585609,"translation_error":66.95515317720395,"ADD":0,"ADD_S":0}}
{"id_image":58,"data":{"GT_R":[-0.11238090337055943,0.9906855098499399,0.07689598977865551,0.5519872294652028,0.12658927759066213,-0.824187747944253,-0.8262446292228395,-0.05017703686236179,-0.5610723997289417],"GT_T":[-50.55609497908436,89.72195852048443,935.4324254703693],"R_pred":[-0.061234369123633225,0.9866570596394714,0.1508582072730001,0.4719789064898384,0.16179927064450783,-0.8666353949888973,-0.8794806785067466,0.0181340200313721,-0.4755889963516973],"T_pred":[-71.7273324158171,79.13646896186113,986.2879112236152],"rotation_error":7.292167130091826,"translation_error":56.09415580073238,"ADD":0,"ADD_S":0}}
{"id_image":59,"data":{"GT_R":[-0.11363928428626122,0.9904756966694407,0.07774008988443797,0.553261330596244,0.12807966125842676,-0.8231020078467391,-0.8252191183963071,-0.050526750125673446,-0.5625470165615483],"GT_T":[-48.422424717694994,88.65771460481258,935.4896686034097],"R_pred":[-0.3159434628603168,0.9474904234365433,0.049412809795349955,0.5318787617397114,0.2200028573790348,-0.8177430681792975,-0.7856746852776044,-0.23207895260255673,-0.5734584977771602],"T_pred":[-60.37303770674405,71.18923445544212,922.9856786562402],"rotation_error":11.982747835730633,"translation_error":24.582813389477863,"ADD":0,"ADD_S":1}}
{"id_image":60,"data":{"GT_R":[-0.11576642922632856,0.9901235011897135,0.07907195460017964,0.551334350232014,0.1302717766219363,-0.8240501289276654,-0.8262124546298731,-0.051802745453797885,-0.5609709533579305],"GT_T":[-49.079132450875306,88.20722119151164,935.3223006562272],"R_pred":[-0.31650467801550264,0.9473167404467929,0.049150605932849034,0.5086089192954685,0.21321022607336504,-0.8341812553101633,-0.8007132795248236,-0.2390238330522872,-0.5492957775421125],"T_pred":[-61.59537107697908,72.6530771320234,938.8182199193157],"rotation_error":12.018066948630416,"translation_error":20.268425648355578,"ADD":0,"ADD_S":1}}
{"id_image":61,"data":{"GT_R":[-0.11669271536758279,0.9900655142254727,0.07844065842746781,0.5519330369423096,0.13030758324548442,-0.8236435570039372,-0.8256830042761653,-0.052819113805715315,-0.5616564355663766],"GT_T":[-50.04349240115416,87.83466026476478,935.371742228979],"R_pred":[-0.3077586544851224,0.9486182583495699,0.0735391767382228,0.5102689359345693,0.22979215617415472,-0.8287467514150719,-0.8030630259261782,-0.21752922766070143,-0.5547709540915325],"T_pred":[-64.05900208053392,73.49575788913322,959.7285527126505],"rotation_error":11.304049558513999,"translation_error":31.5482622318278,"ADD":0,"ADD_S":0}}
{"id_image":62,"data":{"GT_R":[-0.11733481574066705,0.9903476313959211,0.07378662449968965,0.5517480739034529,0.12678601778576767,-0.8243179603901879,-0.82571563025425,-0.056008668126508336,-0.5612983982800963],"GT_T":[-49.26715621326139,87.63792452936565,935.4834019742589],"R_pred":[-0.41219157902853704,0.9109948872500562,0.013653482420934615,0.5059042749638716,0.24131483080984883,-0.8281473401542103,-0.7577327805705918,-0.33444800468155206,-0.5603441490845495],"T_pred":[-54.14513619456494,71.94456338485453,921.5194176591633],"rotation_error":17.92863615425643,"translation_error":21.565461522125702,"ADD":0,"ADD_S":1}}
{"id_image":63,"data":{"GT_R":[-0.11995728973506727,0.9900462623988984,0.07360543060418491,0.5536615151896048,0.12825581936700955,-0.8228055251580245,-0.8240554433936834,-0.057949195005319316,-0.5635366230299522],"GT_T":[-46.111814192754785,88.30726395057248,935.7427847789879],"R_pred":[-0.32262397553632016,0.9445667302996825,0.06088893512048371,0.5539548458790158,0.24058571188921773,-0.7970273169483677,-0.7674944945315867,-0.22341040093452408,-0.600866036332542],"T_pred":[-55.23551306116397,70.39645508218894,933.5242684729207],"rotation_error":12.078920977311197,"translation_error":20.222778492617277,"ADD":0,"ADD_S":1}}
