{"id_image":1,"data":{"GT_R":[-0.12687231100192303,-0.6797521971183041,-0.7223853653843771,0.9335116673611318,0.16439094349361696,-0.3186412531053734,0.3353509174367681,-0.7147816953190278,0.6136991386510283],"GT_T":[109.81571543813777,57.76907968405973,959.0738718655379],"R_pred":[-0.12164593409662658,-0.6981671993083651,-0.7055245059724522,0.9264275195652278,0.17527610122923917,-0.3331821413732987,0.3562784272306962,-0.6941475708722109,0.6254796816382051],"T_pred":[117.02456042133159,43.83979928929472,1007.2245263880027],"rotation_error":1.8266714089934464,"translation_error":50.640673665043856,"ADD":0,"ADD_S":0}}
{"id_image":2,"data":{"GT_R":[-0.12853197280696693,-0.68010492516609,-0.7217596735671422,0.9328304686427543,0.16411872178345427,-0.3207672682826668,0.336610389380141,-0.7145080696098401,0.613327562979744],"GT_T":[110.44374582567531,57.88627742565094,959.3275193696489],"R_pred":[-0.17990523194648092,-0.7090619807172724,-0.6818102485439638,0.9629444618912342,0.014631333225184562,-0.2693025944937319,0.20092802400681842,-0.7049943486222796,0.6801550540717637],"T_pred":[110.68351734551544,43.342335473206155,926.6610655770826],"rotation_error":9.420314637513895,"translation_error":35.758648482285835,"ADD":0,"ADD_S":0}}
{"id_image":3,"data":{"GT_R":[-0.12718750681235286,-0.6807217592586009,-0.7214162920411762,0.9331825873436441,0.1643652731394124,-0.31961606851871294,0.33614649850647144,-0.7138638778869284,0.6143323178611796],"GT_T":[111.03271894453134,57.400362976438814,959.4259092450075],"R_pred":[-0.17043595443652623,-0.6837949879849269,-0.7094899575342869,0.9378059201725392,0.10843503737220991,-0.3297906893158518,0.3024427904987116,-0.7215720733764448,0.6227857588276818],"T_pred":[116.44252396117298,43.77814306302896,990.9490469193944],"rotation_error":3.277183743309688,"translation_error":34.76404859227034,"ADD":0,"ADD_S":0}}
{"id_image":4,"data":{"GT_R":[-0.1260973076869899,-0.682057560372881,-0.7203447646631655,0.9337299995493288,0.16363587309193806,-0.31838978318326344,0.3350348343374558,-0.7127550534389839,0.6162229102635296],"GT_T":[111.67894588625275,57.38694441869524,959.4144202463614],"R_pred":[-0.15038135148925383,-0.6018076001398849,-0.7843551883796893,0.9639274945195344,0.0869845219128855,-0.2515501505801168,0.21961155350654532,-0.7938899831597948,0.5670180422217467],"T_pred":[118.7892961484118,47.04822736771701,1035.190624519953],"rotation_error":8.574591949215298,"translation_error":76.8080678394129,"ADD":0,"ADD_S":0}}
{"id_image":5,"data":{"GT_R":[-0.1256865389227772,-0.6824819079297204,-0.7200146828153035,0.9330115154541325,0.16535604378069585,-0.3196036751382433,0.3371830121576912,-0.7119515431546024,0.6159804919926822],"GT_T":[112.55261180601316,56.62956985862109,959.6693240562056],"R_pred":[-0.08217211217022674,-0.668285149262006,-0.7393528949408005,0.9316820080906757,0.21189488027268963,-0.2950748981434186,0.3538592655019931,-0.7130887174749585,0.6052173999715383],"T_pred":[117.78169521757351,41.565565346461895,1003.1463064842461],"rotation_error":3.0415633814558194,"translation_error":46.308914328836856,"ADD":0,"ADD_S":0}}
{"id_image":6,"data":{"GT_R":[-0.12713177814524873,-0.6823783522607288,-0.7198593545114557,0.9333267073660064,0.16337703678851306,-0.31970170002998227,0.33576630367292115,-0.7125079314022397,0.6161108955177688],"GT_T":[112.97218373991765,56.54723712151866,959.6915972863336],"R_pred":[-0.0990910703569492,-0.6653403325953267,-0.7399345927833448,0.9058946214842463,0.24737007197470742,-0.3437484287340704,0.41174736737643924,-0.7043651675893465,0.5782160635483965],"T_pred":[116.768619361897,39.63812944003901,988.3636599470143],"rotation_error":5.30620747220188,"translation_error":33.502507715598064,"ADD":0,"ADD_S":0}}
{"id_image":7,"data":{"GT_R":[-0.1256871043436023,-0.6824838413054128,-0.7200130277861112,0.9332992667031329,0.16474706901951672,-0.3190791371126539,0.33638657434112706,-0.7120914084251035,0.6162543011591526],"GT_T":[113.59349074487344,56.488879074117285,959.8864923911196],"R_pred":[-0.11574429826985708,-0.6749059379636996,-0.7287696702795453,0.9539274947336088,0.12894304925279015,-0.2709170072931062,0.2768132804062674,-0.7265505247061151,0.6288869078300086],"T_pred":[119.7292145342186,42.716092546374156,1007.1241688545067],"rotation_error":3.6642741311409717,"translation_error":49.585631314096936,"ADD":0,"ADD_S":0}}
{"id_image":8,"data":{"GT_R":[-0.12605239457457573,-0.6829352333079354,-0.7195198541869702,0.9327955837560982,0.16526627616680128,-0.32027927071900064,0.337643014981095,-0.7115379483921515,0.6162068336594541],"GT_T":[114.76758995607925,56.2128385713101,960.1412175731825],"R_pred":[-0.1661188128763497,-0.6579308459756659,-0.734528108326902,0.9457288918501574,0.1046696414138403,-0.3076379841407294,0.27928731286692177,-0.7457689106419246,0.6048366133027426],"T_pred":[126.19674200118237,46.86550489756615,1052.9743062469345],"rotation_error":4.281609244026976,"translation_error":93.99989636157629,"ADD":0,"ADD_S":0}}
{"id_image":9,"data":{"GT_R":[-0.12339906052114205,-0.6854986554219444,-0.71754034473679,0.9330217284417435,0.16613404489053102,-0.3191723149078063,0.3380004942306033,-0.7088665742650632,0.619083550998173],"GT_T":[115.78191745707805,55.98691573342573,959.7711024942458],"R_pred":[-0.18848172231454524,-0.6273180073845064,-0.7556101891613658,0.9501794669043684,0.07801282288169786,-0.301783001740255,0.24826119516886386,-0.7748458666581122,0.5813606986167588],"T_pred":[123.88058168106151,46.03760162017976,1032.5520901311588],"rotation_error":7.1678018566314625,"translation_error":73.90297270706603,"ADD":0,"ADD_S":0}}
{"id_image":10,"data":{"GT_R":[-0.12350476272117526,-0.6855688606384785,-0.7174550509003494,0.9328514671672476,0.16636095956215358,-0.31955030070960716,0.33843094321523653,-0.7087452181657489,0.6189871178360887],"GT_T":[116.5781936130028,55.88811567283043,960.0866477491196],"R_pred":[-0.15080047045863662,-0.6629571540948429,-0.7333123686014853,0.9331796190057671,0.14934080694108312,-0.32691454855120416,0.3262437996065295,-0.7336110244650451,0.5961374405299854],"T_pred":[119.5319433785215,41.043650277644296,973.8076293114242],"rotation_error":2.2705242037685704,"translation_error":20.429099969878333,"ADD":0,"ADD_S":1}}
{"id_image":11,"data":{"GT_R":[-0.12323321190179423,-0.6860433161200903,-0.7170482701611752,0.9328437733975403,0.16641849656067068,-0.31954275263339266,0.3385504208249994,-0.7082719850850759,0.6194630672459612],"GT_T":[117.3954731433336,56.041846502835455,960.2002849014981],"R_pred":[-0.12634554634888573,-0.6403304731560666,-0.7576369104429438,0.9529392310561275,0.1338293960370694,-0.27202300393626516,0.27557870895981373,-0.7563508299090316,0.5932872805513036],"T_pred":[122.16203222708698,43.60574118289669,1005.2336530693558],"rotation_error":4.868676421048698,"translation_error":46.961484746218794,"ADD":0,"ADD_S":0}}
{"id_image":12,"data":{"GT_R":[-0.12406777026875133,-0.68642159523617,-0.7165420541268402,0.9332985737790495,0.1645159364878802,-0.3191998576711187,0.33698884517291516,-0.7083496617462329,0.620224370259122],"GT_T":[117.55596893286236,56.94542129852455,960.3732421739998],"R_pred":[-0.1117691744680343,-0.6231314106235746,-0.7740897213715009,0.9440734137674398,0.17658809119479352,-0.27846370583196556,0.31021450813304396,-0.7619211843376276,0.5685446928793902],"T_pred":[122.65492462750991,43.87329837511616,1018.2387712807434],"rotation_error":5.069702463422887,"translation_error":59.54241518198668,"ADD":0,"ADD_S":0}}
{"id_image":13,"data":{"GT_R":[-0.12234133744672342,-0.6861186490231047,-0.7171283519452667,0.9333310190447076,0.16619563898675058,-0.3182342731314283,0.3375300937292782,-0.7082514678202797,0.6200431399276302],"GT_T":[117.72534341899909,57.11553687224322,960.6960418742029],"R_pred":[-0.1555788751764589,-0.6869225392213782,-0.7098821301515357,0.9421196644145406,0.11287837976443132,-0.3157039900051786,0.29699453113190644,-0.7179107858859699,0.6296017407745376],"T_pred":[120.81639086749516,43.315349666944336,975.1672251390042],"rotation_error":3.1154383543553656,"translation_error":20.234003220164183,"ADD":0,"ADD_S":1}}
{"id_image":14,"data":{"GT_R":[-0.12386012664704196,-0.6860409907088233,-0.7169419041234489,0.9337147443067325,0.16400376267803113,-0.31824496117648715,0.33591047617784053,-0.7088371927418329,0.6202533468352467],"GT_T":[117.24806439320835,58.487373493607286,960.7909274463569],"R_pred":[-0.10358560205727264,-0.6886658378059936,-0.7176415448435252,0.8954195938350975,0.24954482361603128,-0.36871551633018246,0.4330055126931082,-0.6807839193499012,0.5907956339818073],"T_pred":[119.95136988379835,41.190536949585756,979.5003957639748],"rotation_error":6.124707118976837,"translation_error":25.622892493510538,"ADD":0,"ADD_S":0}}
{"id_image":15,"data":{"GT_R":[-0.12422398010191589,-0.6848453435521726,-0.7180215357866916,0.9337976851009325,0.16401737154396992,-0.3179943917676952,0.3355449124324179,-0.7099896204474746,0.6191316316019316],"GT_T":[116.72773107769602,59.15593478862993,960.9975937074494],"R_pred":[-0.09942700192424477,-0.6158560139866877,-0.7815597490434018,0.9402149478255005,0.198984755528076,-0.27640716154420286,0.32574548833997297,-0.7623164940520838,0.5592525723877289],"T_pred":[122.52751820367077,45.79852714227304,1031.8803571561784],"rotation_error":5.560907899439,"translation_error":72.36313995305937,"ADD":0,"ADD_S":0}}
{"id_image":16,"data":{"GT_R":[-0.12292356470092912,-0.6835594275942244,-0.7194693792096899,0.9337883865108191,0.16582052887312176,-0.3170852134349974,0.3360497492192007,-0.7108090970073354,0.6179159335796804],"GT_T":[116.72491915093079,59.260716303537365,961.4703096005323],"R_pred":[-0.1441353683138033,-0.6766594572537616,-0.7220505345958059,0.9294508195825029,0.1578571301584504,-0.3334700892667166,0.33962651483424855,-0.7191752952981512,0.6061688915264122],"T_pred":[121.93551379862207,45.63443268219921,1003.5907242532897],"rotation_error":1.3292835936649652,"translation_error":44.57527602193752,"ADD":0,"ADD_S":0}}
{"id_image":17,"data":{"GT_R":[-0.12247194393124108,-0.6834692007974043,-0.7196315973304483,0.9344906621857137,0.16479237470825212,-0.3155494585546759,0.3342587942213162,-0.7111351389738654,0.618513149762864],"GT_T":[116.42272878838226,60.35113701447355,961.5239457844568],"R_pred":[-0.16705523381903853,-0.6969629689416237,-0.6973773503475313,0.9403724735915282,0.09993113062669987,-0.32513594086630904,0.296297417749492,-0.7101101245974082,0.638710772712686],"T_pred":[124.44819820696647,49.18620594937139,1016.4980635229674],"rotation_error":3.8116153462851594,"translation_error":56.6676050861931,"ADD":0,"ADD_S":0}}
{"id_image":18,"data":{"GT_R":[-0.12147532395505828,-0.6840742083037087,-0.7192252614442844,0.9340951860772515,0.16629159337452576,-0.31593139403045123,0.33572239134902093,-0.7102033515503072,0.6187906245580309],"GT_T":[116.34095824636373,60.997019483859866,961.5460708446407],"R_pred":[-0.11955863280283781,-0.6660575774645944,-0.7362560945923045,0.9458754154884684,0.14893768614671363,-0.28833533258999067,0.3017042122623308,-0.7308795175316238,0.6122007016950469],"T_pred":[121.95076766386995,47.12016449886829,1001.1830920219325],"rotation_error":2.379737391970253,"translation_error":42.368980561069726,"ADD":0,"ADD_S":0}}
{"id_image":19,"data":{"GT_R":[-0.12128594479225761,-0.684443025844655,-0.7189072505971057,0.9348789922034062,0.16464431686269013,-0.3144742118201215,0.33360331847442826,-0.7102325725921158,0.6199018030326305],"GT_T":[116.78350408174302,61.49960839972708,961.6516628712677],"R_pred":[-0.10867441823569485,-0.6703248585921284,-0.734067064221367,0.9100459404930967,0.23005528367725334,-0.34480567374133186,0.4000078211899968,-0.7055063078425463,0.5850252922577024],"T_pred":[123.47399294843925,47.364547162668636,1018.1506582959895],"rotation_error":4.448710125230126,"translation_error":58.62336634357935,"ADD":0,"ADD_S":0}}
{"id_image":20,"data":{"GT_R":[-0.11876121861279589,-0.6844855296591364,-0.719287542978395,0.9353704880448197,0.16592150402270012,-0.31233291645409644,0.3331337815998612,-0.7098937939393415,0.620542954400035],"GT_T":[117.07139034033317,61.931336946827976,961.6970725380984],"R_pred":[-0.13042074586915886,-0.6705418656527511,-0.730317763342684,0.9373215756739302,0.15668803079083893,-0.3112509032646018,0.3231388135508849,-0.7251361716352436,0.6080779882244625],"T_pred":[119.93179418026686,46.61284074002903,973.3554127743982],"rotation_error":1.3002881505076218,"translation_error":19.461632337256543,"ADD":0,"ADD_S":1}}
{"id_image":21,"data":{"GT_R":[-0.11763774590843543,-0.6855564801429125,-0.7184519147668005,0.9356248232685829,0.16595370515823024,-0.311552749095502,0.33281727255352656,-0.7088517592003962,0.6219018670220849],"GT_T":[118.32919369717868,62.03324396639277,961.8787318882842],"R_pred":[-0.155323140098954,-0.662621672386122,-0.732671305179901,0.9491851349330203,0.10539851907473977,-0.2965446539714315,0.27371938508623206,-0.7415009585031368,0.6125798125688968],"T_pred":[125.83096125126639,50.5038309345768,1016.5088715784693],"rotation_error":4.225088015874929,"translation_error":56.335211403374664,"ADD":0,"ADD_S":0}}
{"id_image":22,"data":{"GT_R":[-0.11916016913473025,-0.6866712303594124,-0.7171346091188612,0.9352647677792224,0.16482603049909628,-0.3132294587636902,0.33328880095780067,-0.7080351890949524,0.6225784839463474],"GT_T":[119.21586186311194,62.081662404884014,962.0686147237845],"R_pred":[-0.16614507935618722,-0.6639841700564924,-0.729054754130386,0.9381448533268661,0.12132464664833739,-0.3242908637195463,0.3037763104358855,-0.7378382966680759,0.6027558387837597],"T_pred":[124.43682753394701,48.9580399512062,1007.6847222426925],"rotation_error":3.4001354820611644,"translation_error":47.75266708802016,"ADD":0,"ADD_S":0}}
{"id_image":23,"data":{"GT_R":[-0.12102113310183231,-0.6869023205264203,-0.7166018471105919,0.9350126471767662,0.1635290862709578,-0.3146582258231553,0.3333248998516778,-0.7081120696553694,0.6224722790453536],"GT_T":[119.18019536848774,62.228397091699776,962.2301617745441],"R_pred":[-0.11472020567942638,-0.6828782792492061,-0.7214683154085935,0.9282097960336362,0.18506841143085603,-0.32276347011031975,0.3539291581038017,-0.706701449567003,0.6126232220735935],"T_pred":[124.34841335907362,48.01510467589541,1002.0080174081926],"rotation_error":1.3916029083823986,"translation_error":42.55591565583757,"ADD":0,"ADD_S":0}}
{"id_image":24,"data":{"GT_R":[-0.1208223896320851,-0.6863694745606936,-0.7171464098143727,0.9351766806748377,0.1635997610694939,-0.31413440764310013,0.33293749767328223,-0.7086132644814418,0.6221097353114108],"GT_T":[118.98113359136725,63.00556097175696,962.4192839275669],"R_pred":[-0.11295443596362784,-0.6704341825212918,-0.7333207363106173,0.935139099746092,0.17769356344329384,-0.3064961037874586,0.33579183957059944,-0.720376987707014,0.6068779416488637],"T_pred":[123.1151355220395,49.275053087050104,1000.5663477393335],"rotation_error":1.4101976231909121,"translation_error":40.75310167574729,"ADD":0,"ADD_S":0}}
{"id_image":25,"data":{"GT_R":[-0.12205813513532611,-0.6877045044917905,-0.7156562605463783,0.9355451427535554,0.16107155617960095,-0.31434257605188487,0.3314472988048251,-0.7078971139200153,0.6237185013895791],"GT_T":[118.51539241842077,64.05982008543452,962.4072972916863],"R_pred":[-0.18357497004327408,-0.6796210889388399,-0.7102220820582787,0.9580601738111885,0.03803548266905438,-0.2840316979053701,0.22004757151690263,-0.7325766018156172,0.644135536002941],"T_pred":[127.2367115045607,55.14429065321732,1024.6779779172891],"rotation_error":7.4623799388904235,"translation_error":63.507367582311495,"ADD":0,"ADD_S":0}}
{"id_image":26,"data":{"GT_R":[-0.12110718828614349,-0.6874846681689222,-0.7160282942980508,0.9357191608070514,0.16168780617628,-0.3135068953690733,0.33130533938568735,-0.7079699093162587,0.6237105227801802],"GT_T":[118.51431054954071,64.28852605063727,962.5872808251678],"R_pred":[-0.15984528055190225,-0.6741365708491189,-0.7211028845657701,0.9300213016550627,0.1420417717003901,-0.3389461809196807,0.33092274740958255,-0.7248199907121802,0.6042566642668399],"T_pred":[123.88284210960828,51.18530101727086,1001.7623183584208],"rotation_error":2.3745715433679258,"translation_error":41.655722333411305,"ADD":0,"ADD_S":0}}
{"id_image":27,"data":{"GT_R":[-0.12128758903430076,-0.6857274974902651,-0.7176815727557594,0.9357591320510421,0.16220223233592612,-0.3131229805800603,0.3311266554583219,-0.7095548996404097,0.6220019538854158],"GT_T":[118.72135977911543,65.04558436527924,963.1980548452201],"R_pred":[-0.14816326191877568,-0.651976103216067,-0.7436227596387703,0.943229162345511,0.13285447611660361,-0.3044149067913202,0.2972648568508791,-0.7465097782420369,0.5952787211638351],"T_pred":[122.8556465051075,51.2275647443135,989.8254881052482],"rotation_error":3.3300031203656544,"translation_error":30.282836640502435,"ADD":0,"ADD_S":0}}
{"id_image":28,"data":{"GT_R":[-0.11924828595542587,-0.6865039168336264,-0.717280269845857,0.9360600370279293,0.1631215089397215,-0.3117431042828843,0.33101747549950933,-0.7085921968647568,0.6231565742767594],"GT_T":[120.11045598266405,65.11739655188833,963.6168389800836],"R_pred":[-0.1414622762303949,-0.6619591370752931,-0.7360696470078419,0.9356623782176328,0.15342572938206273,-0.31779940143383806,0.3233022400043636,-0.7336693031646584,0.5976663075680655],"T_pred":[126.30297023077765,52.799333800668784,1010.3249635202659],"rotation_error":2.1889506778237524,"translation_error":48.70041889673286,"ADD":0,"ADD_S":0}}
{"id_image":29,"data":{"GT_R":[-0.12130073839548734,-0.6874081971743119,-0.7160688611222862,0.9359136577593492,0.16112374271644025,-0.31321685148397943,0.33068488779886657,-0.7081726135443345,0.6238104261638835],"GT_T":[120.79326599352596,66.04658463355004,963.936155673083],"R_pred":[-0.1776776800397073,-0.6465842386032371,-0.741862159976892,0.9484374488260733,0.08856175414295647,-0.304340633776386,0.2624824711861673,-0.7576843921402862,0.5975092586956359],"T_pred":[128.54319776533436,56.58866075822312,1035.406593680996],"rotation_error":5.5582340441281985,"translation_error":72.50887721887634,"ADD":0,"ADD_S":0}}
{"id_image":30,"data":{"GT_R":[-0.11961631307397196,-0.688700879539164,-0.7151097936441375,0.936323009320881,0.16125789218834333,-0.3119216795653437,0.33013861295443125,-0.7068844036304427,0.625557431287923],"GT_T":[120.65218397303214,66.73616548119604,963.8005991399289],"R_pred":[-0.1781299818805063,-0.6575099238267513,-0.7320863402800177,0.9534971222467487,0.0684908049523282,-0.2935170310291221,0.24313154345419485,-0.7503264021119885,0.6147335543723467],"T_pred":[125.03655354934313,55.62520270994909,1003.7084157483653],"rotation_error":6.213861279041168,"translation_error":41.65705242498933,"ADD":0,"ADD_S":0}}
{"id_image":31,"data":{"GT_R":[-0.11919897952228786,-0.68762583054192,-0.7162131495173726,0.937043000202095,0.16056776419044652,-0.3101106541721766,0.3282418831109712,-0.7080878176260443,0.6251954355917047],"GT_T":[119.98425822327503,67.90301341010145,964.144460536823],"R_pred":[-0.12844030309458226,-0.5727126125710105,-0.8096316149601988,0.9266912103439666,0.2214438954735807,-0.3036544118380634,0.3531946902378433,-0.7892799658926951,0.5022854230696132],"T_pred":[126.69181100686146,56.77337055905468,1055.9762266185144],"rotation_error":8.903125064088913,"translation_error":92.74660897315299,"ADD":0,"ADD_S":0}}
{"id_image":32,"data":{"GT_R":[-0.12114406433582875,-0.6867664566597423,-0.7167118146984252,0.93691962100277,0.15938437834695138,-0.31109120225093084,0.32788056810398786,-0.7091878920546747,0.6241362838360172],"GT_T":[119.31649619060968,69.174911465278,964.4324234701236],"R_pred":[-0.1839267479157249,-0.6363561095457665,-0.7491474175654094,0.9656329495219028,0.025413278075916035,-0.25866420721674394,0.18364084022563104,-0.7709766968859777,0.6098122454165805],"T_pred":[125.24524817156714,60.80231778665214,1023.3145673734936],"rotation_error":9.415284202702997,"translation_error":59.769200225670104,"ADD":0,"ADD_S":0}}
{"id_image":33,"data":{"GT_R":[-0.12095622617629749,-0.6866305329585006,-0.7168735621085582,0.9370096304128296,0.15942659377324953,-0.3108001691899606,0.32769462869404486,-0.7093104878544734,0.6240949802457805],"GT_T":[118.56034140530012,70.51670786867697,964.3519989752899],"R_pred":[-0.12135055475938486,-0.6921709744375861,-0.7114586319707645,0.9518148154347086,0.12222905546185903,-0.28126253771146453,0.28164268138650583,-0.7113082314630021,0.6439860245955611],"T_pred":[125.56705281243804,60.81355297919914,1018.1544290933786],"rotation_error":2.881092588643934,"translation_error":55.11757166425173,"ADD":0,"ADD_S":0}}
{"id_image":34,"data":{"GT_R":[-0.11914150094533082,-0.6869146893873849,-0.7169052759700054,0.9373178178607092,0.16033566588402667,-0.3093994546455637,0.3274770080308361,-0.7088305481753319,0.6247540920483441],"GT_T":[117.67143819429484,71.89686755090148,964.3878006305368],"R_pred":[-0.16320872665310016,-0.5950747921810704,-0.7869236959546522,0.9569576488405831,0.09853711648882002,-0.2729880858198253,0.239989520333237,-0.7976066877758266,0.5533792566996871],"T_pred":[127.4024716878029,66.4865870851564,1075.2650204606136],"rotation_error":8.254520855088924,"translation_error":111.43483308560647,"ADD":0,"ADD_S":0}}
{"id_image":35,"data":{"GT_R":[-0.1168437901142222,-0.6861686934019946,-0.717996393760033,0.9376916491843549,0.1619844113106545,-0.307400951202025,0.3272339800319986,-0.7091767598434898,0.6244879056658886],"GT_T":[116.9943590996221,73.0918077722282,964.6002561274073],"R_pred":[-0.13469840422356982,-0.674799286808692,-0.7256047563392238,0.9406596386114575,0.14310242354901098,-0.3077030072354859,0.31147356900222833,-0.7239942119222225,0.6154807851721561],"T_pred":[120.24681135165214,60.11923540767546,991.1820279930294],"rotation_error":1.528271347638597,"translation_error":29.756624051146463,"ADD":0,"ADD_S":0}}
{"id_image":36,"data":{"GT_R":[-0.11601003888220865,-0.6851439005747477,-0.7191095125173188,0.9376262067509208,0.16333700118912356,-0.30688493944455464,0.3277181704237146,-0.709857396533653,0.6234602487635267],"GT_T":[116.58069664361152,73.97924415497091,964.7918661265686],"R_pred":[-0.15157095754808514,-0.632309788514885,-0.7597437569182244,0.9526352641365838,0.11157067152894948,-0.28290994817786164,0.263651850650394,-0.766639626293111,0.5854497288800992],"T_pred":[121.95683315275322,63.273411338309785,1028.6269112818968],"rotation_error":5.431828457176108,"translation_error":64.94944718814791,"ADD":0,"ADD_S":0}}
{"id_image":37,"data":{"GT_R":[-0.11394339035892827,-0.6856860775863631,-0.7189232324261848,0.9378827184678712,0.16445661531323194,-0.30550011571646163,0.327709225887442,-0.7090752151079507,0.6243542072534132],"GT_T":[115.41160731165641,74.56894361167218,964.7545298005472],"R_pred":[-0.1547432854664912,-0.652856009879178,-0.7415076169316634,0.9642736970351069,0.06353971580780224,-0.2571749243633805,0.2150133782100147,-0.7548123838939729,0.6196995338960767],"T_pred":[121.3457134808799,65.04932152494051,1023.9889870804478],"rotation_error":7.1705303504383755,"translation_error":60.28729343689415,"ADD":0,"ADD_S":0}}
{"id_image":38,"data":{"GT_R":[-0.11324363598056572,-0.68449282149381,-0.7201700862348465,0.9382343356531613,0.1648432007337226,-0.30420996203373435,0.3269446077716659,-0.7101385435742014,0.6235464841241726],"GT_T":[114.70215032865913,74.88306580185682,965.0035606300512],"R_pred":[-0.12034469335774545,-0.6843989337809001,-0.7191072619715346,0.9429760855080781,0.1476416568753032,-0.2983253983739519,0.310343772195435,-0.7140028295424902,0.6276039375791278],"T_pred":[117.48931350557743,60.334675511535174,987.8530235256841],"rotation_error":1.080812034111416,"translation_error":27.230899603817686,"ADD":0,"ADD_S":0}}
{"id_image":39,"data":{"GT_R":[-0.11202126519508093,-0.6849044307400243,-0.7199702529036823,0.9384170351876194,0.16539162402448584,-0.303346510701174,0.3268408221103096,-0.7096133881701481,0.6241976602011826],"GT_T":[113.74678814341523,75.44854578156668,964.8255544364062],"R_pred":[-0.1458447098310341,-0.6700310403834715,-0.7278651836273968,0.9559865873259106,0.09388894981348261,-0.2779829310513148,0.2545956901977334,-0.7363716928464618,0.6268474810567364],"T_pred":[121.61583815419309,65.72649717640806,1036.5059250739546],"rotation_error":4.697430065405318,"translation_error":72.76342289838696,"ADD":0,"ADD_S":0}}
{"id_image":40,"data":{"GT_R":[-0.11111689408306559,-0.6844522843959849,-0.7205402194492335,0.9385888817256325,0.1660362611867264,-0.30246326696258014,0.32665791526452065,-0.709898973416748,0.6239692499562038],"GT_T":[113.14361143394046,75.47208418654257,964.8450107225328],"R_pred":[-0.09075213194450979,-0.582862338740172,-0.8074871792331215,0.9389302613912772,0.22017262547132427,-0.26445033415893443,0.3319247125346865,-0.7821735798858214,0.5272859529110983],"T_pred":[120.1154662294002,66.05701669422952,1066.0096540083869],"rotation_error":7.82743675232796,"translation_error":101.840735004849,"ADD":0,"ADD_S":0}}
{"id_image":41,"data":{"GT_R":[-0.11072177639182817,-0.683960663992611,-0.7210668935973072,0.9385260981769395,0.16673681277438532,-0.30227033002856446,0.32697050868887056,-0.7102080046552154,0.6234535290797735],"GT_T":[112.35708781364289,76.0236598586239,964.9562416145938],"R_pred":[-0.1594323996000168,-0.6150951537561946,-0.7721653072907537,0.9481035605146753,0.12256255769725385,-0.2933906235551902,0.27510170573294607,-0.778868648281821,0.5636334626567812],"T_pred":[114.36539455827544,62.68009661926985,995.7660422858745],"rotation_error":6.1248731348815015,"translation_error":33.635216564000736,"ADD":0,"ADD_S":0}}
{"id_image":42,"data":{"GT_R":[-0.11030291964365899,-0.6838790323262297,-0.721209380898459,0.9387535355588323,0.16665827222187132,-0.3016067482526207,0.32645846088382163,-0.7103057262830663,0.6236104077601612],"GT_T":[112.47952452160156,75.79562788935499,965.0417871409284],"R_pred":[-0.13146956468231905,-0.6755590210643142,-0.7254900155211422,0.9357509131817351,0.15701404385924678,-0.3157796993324866,0.3272399456695202,-0.7203933641348956,0.6115124028739055],"T_pred":[117.06710672845234,62.38270505019019,1001.1332876397499],"rotation_error":1.3363040928425214,"translation_error":38.77562143732116,"ADD":0,"ADD_S":0}}
{"id_image":43,"data":{"GT_R":[-0.11036378056817396,-0.6848033992915719,-0.7203217241190111,0.938306778731131,0.1671839215008881,-0.3027030990140765,0.32771937784839095,-0.7092907344963555,0.6241049853116697],"GT_T":[112.52826455130277,75.52126339351926,965.1627388466246],"R_pred":[-0.1590718512503556,-0.6719199989063332,-0.7233392435154461,0.9531271827631281,0.08648827516962138,-0.28994542889344965,0.2573804957991327,-0.7355564514895488,0.6266673655571158],"T_pred":[116.14804608926299,62.18105219854103,987.9381845382674],"rotation_error":4.977879424004172,"translation_error":26.64179009680371,"ADD":0,"ADD_S":0}}
{"id_image":44,"data":{"GT_R":[-0.11188949614417017,-0.6851628924831636,-0.7197446204692686,0.9382167878947575,0.16583799766558116,-0.3037226228081384,0.3274603912373853,-0.7092594969871545,0.6242753398695478],"GT_T":[112.37508614535253,75.20510267565737,965.4226568431376],"R_pred":[-0.13885660115008344,-0.6813557367057614,-0.7186607018441982,0.9537968200805289,0.10323121518721717,-0.2821611989895873,0.26644036916600616,-0.7246362372039639,0.6355405993400917],"T_pred":[117.06810337468167,63.83990662216483,1001.6237599693156],"rotation_error":3.940815843383891,"translation_error":38.23234180116726,"ADD":0,"ADD_S":0}}
{"id_image":45,"data":{"GT_R":[-0.1122693042401336,-0.6847937424504996,-0.7200370844360221,0.938147470698124,0.16579767922461328,-0.3039597914088809,0.327530271694691,-0.7096259335885248,0.6238231879777026],"GT_T":[111.68492659568295,75.56289385977188,965.6224584745224],"R_pred":[-0.1838621617680503,-0.6261985749704037,-0.7576741055196591,0.9517764129850105,0.0791746237619605,-0.2964001326543886,0.2455939029279156,-0.7756331115013,0.5814438160196099],"T_pred":[114.74404054070901,64.2519480054453,1004.6668456880712],"rotation_error":7.090075342925583,"translation_error":40.76468872847792,"ADD":0,"ADD_S":0}}
{"id_image":46,"data":{"GT_R":[-0.11007342945016772,-0.686008334202302,-0.7192188883581057,0.9388245871343209,0.16582140460777742,-0.3018479618864974,0.32633254835739506,-0.7084451042294864,0.6257884975679875],"GT_T":[111.08276881977885,75.93947352583496,965.4082065939281],"R_pred":[-0.12579317692988448,-0.6763142243845428,-0.7257927710669355,0.9364458139958911,0.16055685665861885,-0.3119146249047591,0.32748330352471344,-0.7189023338917728,0.6131346672938192],"T_pred":[114.4027681431021,61.212261317676536,993.2104570312548],"rotation_error":1.1396361059447797,"translation_error":31.636660764227816,"ADD":0,"ADD_S":0}}
{"id_image":47,"data":{"GT_R":[-0.11181754212232325,-0.6863697635006137,-0.7186047124835447,0.9383608532245401,0.16508204352738076,-0.30368991792024247,0.32707281221447,-0.7082675301556456,0.6256033014903244],"GT_T":[110.4497173660665,76.6763332062662,965.3777431059599],"R_pred":[-0.19584197872096212,-0.6633102737536255,-0.7222640792006402,0.951501222608505,0.049663908882215,-0.30360981461253755,0.23725796666324714,-0.7466947012584392,0.6214142582588466],"T_pred":[113.99523401976805,64.24522596959909,985.9856055983697],"rotation_error":7.098703848542612,"translation_error":24.326674905898336,"ADD":0,"ADD_S":1}}
{"id_image":48,"data":{"GT_R":[-0.11283640501819536,-0.6853074280183926,-0.7194588016322939,0.9380648525926599,0.1652405112879988,-0.3045179358473995,0.3275729458510827,-0.7092590590469197,0.6242169137564264],"GT_T":[110.21229636710976,76.64184362480906,965.7721604199107],"R_pred":[-0.09926383599234198,-0.6490047945374023,-0.7542807617403148,0.9249112240783012,0.21939434979798134,-0.3104921043290785,0.36699580166272183,-0.7284633799609868,0.5784938941922818],"T_pred":[116.04965442760707,63.29342937525668,1030.9706668430204],"rotation_error":4.025792474114397,"translation_error":66.80643795255344,"ADD":0,"ADD_S":0}}
{"id_image":49,"data":{"GT_R":[-0.11169837650244831,-0.6846025324381505,-0.7203071506367466,0.9380314084528611,0.16664947718384393,-0.3038498190188674,0.32805655382188315,-0.7096105444669264,0.6235642882550312],"GT_T":[109.90381877578686,76.2679749873227,965.997671849002],"R_pred":[-0.12885244284008862,-0.6843192160658932,-0.7177076413812964,0.9480444875693598,0.1272820377587981,-0.2915663431422057,0.29087574248034537,-0.7179878086617695,0.6323644590341702],"T_pred":[117.11723495230136,66.86635147551459,1029.4883598501335],"rotation_error":2.4418846001957233,"translation_error":64.58708354191577,"ADD":0,"ADD_S":0}}
{"id_image":50,"data":{"GT_R":[-0.1118288263322497,-0.6845712507727897,-0.7203159473260136,0.9385508204282597,0.1654168656218915,-0.3029179449436818,0.32652282328858223,-0.7099285700133848,0.6240066279843877],"GT_T":[109.11937390586155,76.94378256724653,966.1258384826631],"R_pred":[-0.1865531284830138,-0.6280662283118962,-0.7554672349660636,0.9708204172225349,9.113140343253168e-05,-0.23980765041785246,0.15068393330764784,-0.7781598836673199,0.6097225169647258],"T_pred":[110.44945282487163,65.95287280412975,981.0363409667128],"rotation_error":11.344379574103677,"translation_error":18.571275984127322,"ADD":0,"ADD_S":1}}
{"id_image":51,"data":{"GT_R":[-0.11102046894174973,-0.684088019610885,-0.7208999990757613,0.9386137611981907,0.16622109815818253,-0.30228242304098446,0.3266168202847986,-0.7102068176198837,0.6236408025898839],"GT_T":[108.73876506589373,77.16546792755949,966.1659067360436],"R_pred":[-0.14380410955306383,-0.6528477360541841,-0.7437137968362405,0.9552631419042578,0.10469027687217461,-0.2766085241774613,0.2584428520869869,-0.750219820757459,0.6085864874837347],"T_pred":[113.12831187784984,65.85068235386618,1008.5966118410952],"rotation_error":4.755558753299867,"translation_error":44.13226970715269,"ADD":0,"ADD_S":0}}
{"id_image":52,"data":{"GT_R":[-0.1112608991879424,-0.682235285802829,-0.7226175794002967,0.9386133112261001,0.166779974855456,-0.30197802319801037,0.3265385450093435,-0.7118558303621911,0.621798299612212],"GT_T":[108.33063070778142,77.27236754971321,966.6828234891096],"R_pred":[-0.1594609915900309,-0.6778013481766167,-0.7177447488983009,0.9703562578667537,0.026132723587631024,-0.2402619686440673,0.18160651139194967,-0.734780520405824,0.6535416297774708],"T_pred":[113.47424458482008,67.11951691044528,1003.7070732831878],"rotation_error":9.023408860290163,"translation_error":38.73412207129065,"ADD":0,"ADD_S":0}}
{"id_image":53,"data":{"GT_R":[-0.11146947269270366,-0.6835186664375411,-0.72137118095851,0.9388084288302524,0.16562574729079627,-0.30200441683629176,0.32590414053091427,-0.7108936863476909,0.6232305659245997],"GT_T":[107.90561232613763,77.12487191634968,966.6642107363556],"R_pred":[-0.1828539705033818,-0.6593469532611382,-0.7292640267395635,0.9693450759869047,0.00291409113495833,-0.24568604301587676,0.16411748575666907,-0.7518331618770959,0.6386018693762163],"T_pred":[115.51101495024729,69.3218417207338,1027.3038705098556],"rotation_error":10.295989017171042,"translation_error":61.610857539514484,"ADD":0,"ADD_S":0}}
{"id_image":54,"data":{"GT_R":[-0.11305845837411538,-0.6830908989622777,-0.7215294874433354,0.9384791453657638,0.16506973014877374,-0.30332924661770116,0.3263049778447194,-0.7114347172621294,0.6224035937455619],"GT_T":[107.60659410697488,76.98110050011566,967.0028522851281],"R_pred":[-0.12758893421910197,-0.6648443704061264,-0.7360047737644878,0.9379469925748372,0.160375304810559,-0.30746577163440264,0.3224538772982145,-0.7295626941848119,0.6031266635368947],"T_pred":[112.55373203123493,64.13186961542144,1014.3271872646259],"rotation_error":1.57313694580727,"translation_error":49.286606590650415,"ADD":0,"ADD_S":0}}
{"id_image":55,"data":{"GT_R":[-0.11212758610054094,-0.6833505768918061,-0.7214286078542851,0.9382363767310241,0.16634008094237945,-0.30338607561096276,0.32732193725714326,-0.7108883296823238,0.6224931315393675],"GT_T":[107.46168135749534,76.27103089947396,967.097850361184],"R_pred":[-0.13255823594639854,-0.6416500407960235,-0.755455848629978,0.9411992890391807,0.15747850648820275,-0.2989053668076001,0.31076069956627367,-0.750656875769953,0.5830454891896291],"T_pred":[111.6502878712731,62.64669356336067,1012.2668675211942],"rotation_error":3.349823216022016,"translation_error":47.364618689236444,"ADD":0,"ADD_S":0}}
{"id_image":56,"data":{"GT_R":[-0.11215008075811071,-0.6845819557870466,-0.7202568280270806,0.9376003411392163,0.16717761964677674,-0.3048897339787441,0.3291332799295119,-0.709505545632839,0.623114838499806],"GT_T":[107.48979269277785,75.25765433308153,967.0473960846499],"R_pred":[-0.12976379665977825,-0.6880860194482887,-0.713932060434499,0.9352754507871941,0.1541655231655444,-0.3185793819786604,0.32927372842553176,-0.7090631997973831,0.6235448584198623],"T_pred":[109.56918251703212,58.26501987359095,970.7185283666446],"rotation_error":1.0913576665646116,"translation_error":17.50858932487088,"ADD":0,"ADD_S":1}}
{"id_image":57,"data":{"GT_R":[-0.11154628263013479,-0.6851936036866098,-0.7197682714187842,0.9372009846452839,0.1683272064781125,-0.3054842545936646,0.33047311659991774,-0.7086437334566373,0.6233873122157251],"GT_T":[107.54016924866544,74.06523837142232,966.8947847790121],"R_pred":[-0.11885387789220779,-0.5498050826206371,-0.8267938841298347,0.9258024594501539,0.23957004663838025,-0.292396988407422,0.3588363997506804,-0.8002003273419716,0.48053706863859225],"T_pred":[115.02828898281003,63.456502064280755,1085.4379668276435],"rotation_error":10.327870829479386,"translation_error":119.25226720445333,"ADD":0,"ADD_S":0}}
{"id_image":58,"data":{"GT_R":[-0.11217838584334058,-0.6842588897958386,-0.7205590925944247,0.9367972735708543,0.16901349433718982,-0.3063414003925907,0.3314015575841073,-0.709383621142264,0.6220519953582588],"GT_T":[107.14296873157467,73.49802092347798,966.9704677324941],"R_pred":[-0.16535154600833796,-0.6476813140657967,-0.7437525002597674,0.9576082634461058,0.07493941963889339,-0.27815552693397905,0.23589251792370652,-0.7582169866167525,0.6078336295347807],"T_pred":[111.52935718602797,62.22550019117975,1005.5723508730996],"rotation_error":6.597561743359839,"translation_error":40.45263290979242,"ADD":0,"ADD_S":0}}
{"id_image":59,"data":{"GT_R":[-0.11173810857109259,-0.6833575923554177,-0.7214818302526933,0.9366812781187052,0.17004503971546203,-0.3061264201946473,0.33187882544350616,-0.7100048507496106,0.6210876931929966],"GT_T":[106.84739108186177,73.05994084117395,967.0153796664712],"R_pred":[-0.12083899242877079,-0.6711579365116321,-0.7313993178601191,0.956341490928443,0.11879836643214084,-0.267016667760306,0.2660993999195832,-0.7317335392002358,0.6275007067501479],"T_pred":[111.31358456778281,61.67550204847891,1013.0598265490348],"rotation_error":3.993590396398857,"translation_error":47.64077475859863,"ADD":0,"ADD_S":0}}
{"id_image":60,"data":{"GT_R":[-0.11229841050181397,-0.6821868982053043,-0.7225018524811364,0.9366961263805027,0.1700020323719029,-0.30610633379409935,0.3316488073599453,-0.711139497310551,0.6199103767969104],"GT_T":[105.51348314137432,72.6552871166744,967.0949827403226],"R_pred":[-0.1848676698313168,-0.6516101598818987,-0.735682094514897,0.961563257996881,0.034718522283844644,-0.2723797442557906,0.20302720389534729,-0.7577590802815316,0.6201460559653063],"T_pred":[111.06074239748204,62.54941858897778,1015.3037027956684],"rotation_error":8.616794184252635,"translation_error":49.56794683389924,"ADD":0,"ADD_S":0}}
{"id_image":61,"data":{"GT_R":[-0.1116010872432935,-0.6814312853119132,-0.723322954195405,0.9366410626828262,0.17107052433530198,-0.30567719186926934,0.33203792537821236,-0.7116080395185964,0.619164349975509],"GT_T":[104.94022095432263,71.99749727904913,967.0008081089101],"R_pred":[-0.18787145042446818,-0.6288452075312185,-0.7544918972927576,0.9559517390056864,0.059310517699041054,-0.28746918997046506,0.22552292745397362,-0.7752650949548097,0.590002916719315],"T_pred":[107.25984809025327,59.48427526181517,993.631739658244],"rotation_error":8.007171024325114,"translation_error":29.51555370457487,"ADD":0,"ADD_S":0}}
{"id_image":62,"data":{"GT_R":[-0.11370146606040221,-0.6813189316174876,-0.7231021505818448,0.9366318304082671,0.16923123246335603,-0.30672969292407193,0.3313520063711289,-0.712155686672386,0.6189017635492043],"GT_T":[104.36501073589163,72.34134871638557,966.7591771573666],"R_pred":[-0.12972497727637758,-0.6607403995685017,-0.7393196566091693,0.9401185843873257,0.15505813142003289,-0.3035358680124949,0.3151959351898661,-0.7344243325616224,0.6010594165148744],"T_pred":[106.76111484103708,58.014543480093174,998.6730735868452],"rotation_error":1.9178872866653136,"translation_error":35.06416188179664,"ADD":0,"ADD_S":0}}
{"id_image":63,"data":{"GT_R":[-0.11407881250522997,-0.6802284071700399,-0.7240681527559876,0.9365460743827713,0.16953247453876458,-0.30682339713512774,0.33146395385975336,-0.7131250781988221,0.6177247484240205],"GT_T":[102.963439303959,71.83922297666723,966.6870746667632],"R_pred":[-0.1590206044889163,-0.6595276919312365,-0.7346670476643387,0.9601895367773599,0.06979294978184536,-0.27049029118256396,0.22967041779745823,-0.7484331417946462,0.6221730719439219],"T_pred":[105.61362764621109,59.68073364200095,997.192000553085],"rotation_error":6.538371349545019,"translation_error":32.94545286500985,"ADD":0,"ADD_S":0}}
{"id_image":64,"data":{"GT_R":[-0.11352297466478128,-0.6798030183357949,-0.7245550127982535,0.9366500578445743,0.1699955828876053,-0.30624961113696436,0.33136153301610005,-0.7134209391617761,0.6174386951552782],"GT_T":[101.85656142291595,71.13719177237581,966.5721045189912],"R_pred":[-0.15577942029295058,-0.6619318583957156,-0.7331977816755766,0.947389431690625,0.10999389297174209,-0.30059043269844027,0.27961766205679295,-0.7414496330498217,0.6099724622605333],"T_pred":[108.48112780178403,60.39460976736846,1027.4702901305943],"rotation_error":3.9382404464282925,"translation_error":62.192258028050446,"ADD":0,"ADD_S":0}}
