{"id_image":1,"data":{"GT_R":[0.14201104011680818,0.9894534794359592,-0.028558243675219634,0.46157983426435645,-0.09171526909787518,-0.8823448228964118,-0.8756581926156359,0.11212059677843826,-0.46973598419526413],"GT_T":[-61.1878060620908,87.03916184642829,837.1712581558724],"R_pred":[0.11522892716117072,0.9923646546873177,-0.043985071019675415,0.4938353675438052,-0.09564980074009766,-0.8642787428724914,-0.8618868395028201,0.07786852859596088,-0.5010863879074544],"T_pred":[-27.04703065513433,65.64675932861064,481.61348010276936],"rotation_error":2.775013685714701,"translation_error":357.833146822555,"ADD":0,"ADD_S":0}}
{"id_image":2,"data":{"GT_R":[0.1420131830818643,0.9894571493082835,-0.028401349591313702,0.4611601521391062,-0.09152138729940663,-0.8825846128429866,-0.8758790045019692,0.11223992004507977,-0.4692945864161189],"GT_T":[-61.586053752198005,87.73667941672491,837.3325863107211],"R_pred":[0.13070709688327187,0.9912572855072447,-0.01801801190909119,0.44923695883885684,-0.07541787753448093,-0.8902237351146112,-0.8837996433794044,0.1082642031190511,-0.455167060193765],"T_pred":[-28.267496138546708,69.86275860210955,490.6811742402799],"rotation_error":1.266595702233216,"translation_error":348.7073340455749,"ADD":0,"ADD_S":0}}
{"id_image":3,"data":{"GT_R":[0.1419233640637428,0.9895224080357461,-0.02650568789150444,0.4597344328928911,-0.0896040014723124,-0.8835240314841335,-0.8766416106230895,0.11320679524669232,-0.4676346405560742],"GT_T":[-61.90660853721609,88.88878802567359,837.3807231478371],"R_pred":[0.14020353407538777,0.9897615014961005,-0.026742086473500792,0.4521126558916968,-0.08802549626173739,-0.8876067025380279,-0.8808729280749452,0.11235516082521313,-0.4598251868053911],"T_pred":[-27.933249961864153,68.56280481132802,491.01510829538756],"rotation_error":0.5168739537516174,"translation_error":348.6208167029541,"ADD":0,"ADD_S":0}}
{"id_image":4,"data":{"GT_R":[0.141666340735629,0.9894745084891526,-0.029512286857226375,0.4599372903569243,-0.09219142333771893,-0.8831524629485222,-0.8765773506284428,0.11153885997683599,-0.46815648303550894],"GT_T":[-61.54588795092654,89.14718483816203,837.835515309109],"R_pred":[0.14729794394170048,0.9880887092141607,-0.04454232183038059,0.5096757244578433,-0.11441939245748867,-0.8527243743015862,-0.8476638317215852,0.10290240693566316,-0.5204585699533893],"T_pred":[-27.26018139397418,65.47737094082268,473.88427143573193],"rotation_error":3.578760384083536,"translation_error":366.3281011347922,"ADD":0,"ADD_S":0}}
{"id_image":5,"data":{"GT_R":[0.14034521017221685,0.9896915156275025,-0.028526037815076826,0.45860454049776195,-0.09051314794476714,-0.8840184297633613,-0.8774884090934599,0.11098551617388495,-0.4665796126372301],"GT_T":[-60.86037735016174,89.13804410197744,837.9549759767256],"R_pred":[0.1355353483137398,0.9900733220104678,-0.03721540542073798,0.4769822735330446,-0.09812663659514209,-0.8734180407604212,-0.868399723683006,0.10062792968993017,-0.4855470519667453],"T_pred":[-27.356609983847697,68.06775216159511,484.9706681190327],"rotation_error":1.3781916353732728,"translation_error":355.1962573338344,"ADD":0,"ADD_S":0}}
{"id_image":6,"data":{"GT_R":[0.1405026141030008,0.9896715243281352,-0.028466472829443923,0.4600964098749805,-0.09072350015285957,-0.8832218824070469,-0.8766817270104049,0.11099691861994158,-0.4680909420159996],"GT_T":[-61.56149062792096,89.5654206007047,837.9717652071862],"R_pred":[0.08804163081038474,0.9950392627145692,-0.04631994063786221,0.5042542895318205,-0.08462247071193874,-0.8593990045021965,-0.8590554596375064,0.05230586111569302,-0.5092031168010843],"T_pred":[-26.22079203724137,65.86738810051656,479.9144583898898],"rotation_error":4.269084637325108,"translation_error":360.57675561038707,"ADD":0,"ADD_S":0}}
{"id_image":7,"data":{"GT_R":[0.14183897330812803,0.9894894390375543,-0.02816912158510474,0.4589664996178701,-0.0909503180844601,-0.8837859319887731,-0.8770581905895506,0.11242589605086514,-0.46704262186183265],"GT_T":[-61.432552974329155,89.51133488932537,837.7555679065641],"R_pred":[0.12256507936317018,0.9918215389830888,-0.03560668658997629,0.5257623867979239,-0.09531707114580978,-0.8452742564261227,-0.8417551389503066,0.08488044979500087,-0.5331450040029901],"T_pred":[-26.74042452496422,64.27821948134918,475.39302261262753],"rotation_error":4.579567871849422,"translation_error":364.8929543324175,"ADD":0,"ADD_S":0}}
{"id_image":8,"data":{"GT_R":[0.1406946098398197,0.9895585983040589,-0.03128868757099011,0.4575424742260905,-0.0930135954639063,-0.8843092053943183,-0.8779859751066287,0.1101017379541653,-0.46585094382942066],"GT_T":[-60.6613413511378,88.97160171157455,837.4511125159147],"R_pred":[0.1226059297491554,0.991478695306955,-0.0440202537789629,0.4983507666432961,-0.09986217796005414,-0.8612050039329278,-0.8582623721079615,0.08365131299324274,-0.5063478630922835],"T_pred":[-26.334994724852262,64.47450951262572,474.94940892983607],"rotation_error":2.996530773867206,"translation_error":364.94642168641815,"ADD":0,"ADD_S":0}}
{"id_image":9,"data":{"GT_R":[0.1385928930992285,0.9899204933515807,-0.029131437626706398,0.4595233171653508,-0.09033639944918251,-0.883559551908131,-0.8772857248130304,0.10906744255084223,-0.46741185727401635],"GT_T":[-60.468534977369806,88.0516522894798,837.3686694798088],"R_pred":[0.00895580717499378,0.9993107163924888,-0.03602617966111521,0.4451259664690746,-0.03624529790818243,-0.8947341238348514,-0.895423177884522,-0.00802312175389025,-0.44514375433617603],"T_pred":[-24.103478792079397,67.47728637666407,490.14224890873516],"rotation_error":7.5563209071161435,"translation_error":349.73119532960436,"ADD":0,"ADD_S":0}}
{"id_image":10,"data":{"GT_R":[0.13861591396398804,0.9898875729032991,-0.030150460054240148,0.459201281405424,-0.09121671872796602,-0.8836364812135789,-0.8774505720203497,0.108640022036847,-0.4672017920335292],"GT_T":[-60.543237315086515,87.87184672034513,837.1564587193275],"R_pred":[0.09221065744607904,0.9948689188921738,-0.041629663410597206,0.5233873521668602,-0.08399253446240318,-0.847945124254126,-0.8470908299852651,0.05640113808159991,-0.5284468160354221],"T_pred":[-25.755374741067907,63.90988854752755,478.2264459020124],"rotation_error":4.989481469726326,"translation_error":361.4071456446076,"ADD":0,"ADD_S":0}}
{"id_image":11,"data":{"GT_R":[0.13825944524361053,0.9899799545207796,-0.028706496093480777,0.4585739899079239,-0.08968055760212437,-0.8841190286762683,-0.8778352321954243,0.1090730705571141,-0.466377722162092],"GT_T":[-60.347066057018644,88.13798903117748,837.0434252119534],"R_pred":[0.11458718269788948,0.9920690101549805,-0.05166097803446318,0.5127928125933348,-0.10360862626700729,-0.8522375161395327,-0.8508309520192463,0.07116411773626152,-0.5205980785911932],"T_pred":[-25.48945452830445,63.3058661179271,471.5309747852877],"rotation_error":4.122383207399052,"translation_error":368.0095634990635,"ADD":0,"ADD_S":0}}
{"id_image":12,"data":{"GT_R":[0.13767123402016462,0.9900309462654032,-0.029745363016843288,0.45851176053757575,-0.09032136383980907,-0.8840857478187331,-0.8779599298468251,0.10807432730145475,-0.46637617989659086],"GT_T":[-59.86825086474827,87.64536528289786,836.8503931004789],"R_pred":[0.19130388883260085,0.9814973535163125,-0.008109695308626541,0.4500777870388448,-0.09506123687621892,-0.8879151687282856,-0.8722573059205296,0.16621163101310993,-0.45993574114676233],"T_pred":[-28.69009157684668,66.35965791961404,480.7675367922739],"rotation_error":3.385585053114804,"translation_error":358.078426481053,"ADD":0,"ADD_S":0}}
{"id_image":13,"data":{"GT_R":[0.13627186441774755,0.9901950906933579,-0.030711578478708777,0.4607728047448659,-0.09079446199472442,-0.8828610476068914,-0.8769936002798584,0.10615753479513958,-0.4686280662474208],"GT_T":[-59.83037745532843,86.55518098756872,836.9738763156495],"R_pred":[0.15065451200085422,0.9882340482004168,-0.026394772042980852,0.5020063762868476,-0.09947634174598341,-0.859124004786378,-0.8516412485202514,0.116180563823097,-0.5110863531817444],"T_pred":[-27.314635429388403,62.919854248311445,472.54546591995205],"rotation_error":2.8982627602856694,"translation_error":366.638743797084,"ADD":0,"ADD_S":0}}
{"id_image":14,"data":{"GT_R":[0.13624081950903305,0.9902315260533329,-0.029657957890946787,0.46131088745652643,-0.08990480116479126,-0.8826709868208334,-0.8767154338415417,0.10657310334722232,-0.46905379931464486],"GT_T":[-60.34334811516054,85.82039593038955,836.5315733041509],"R_pred":[0.08221559709854653,0.9959654967322784,-0.03596282681541557,0.4849049853573159,-0.0715018316827648,-0.8716390555967711,-0.8706938329684843,0.054223771399964815,-0.48882720039479544],"T_pred":[-27.04672377223283,64.82671380283934,483.9864214992277],"rotation_error":3.433136588892475,"translation_error":354.73579456133695,"ADD":0,"ADD_S":0}}
{"id_image":15,"data":{"GT_R":[0.13565020102792547,0.9902401853626563,-0.03198096118063507,0.46226899642350566,-0.09180920472733696,-0.8819735795595443,-0.8763022526269901,0.10485512320819906,-0.47021139809115864],"GT_T":[-62.41083404225142,85.46015744240388,835.9583842568852],"R_pred":[0.12190432245444027,0.9921236280775532,-0.028810462980607354,0.4548330381952774,-0.08163902668566048,-0.8868269147290646,-0.8821939942739225,0.09500408376512598,-0.4612027542577903],"T_pred":[-29.638940578828056,65.2915244062303,485.46361992531524],"rotation_error":0.9927460878802944,"translation_error":352.6008374686149,"ADD":0,"ADD_S":0}}
{"id_image":16,"data":{"GT_R":[0.13831303020617142,0.9900383641049688,-0.026346342210508435,0.4632763383559276,-0.08818798624065219,-0.8818147714125272,-0.8753541226765098,0.10976022545879983,-0.47085827319128953],"GT_T":[-64.82545359894519,84.74113680023713,835.1128352815632],"R_pred":[0.10932022753307835,0.9936851179537001,-0.025277939185321507,0.5295767326074685,-0.07974438061816114,-0.8445053688642976,-0.8411881906760897,0.07893491063633856,-0.5349501918402494],"T_pred":[-31.049998319478778,61.61800163943553,475.8389973040296],"rotation_error":4.609852981632965,"translation_error":361.5980522819599,"ADD":0,"ADD_S":0}}
{"id_image":17,"data":{"GT_R":[0.13984859237158512,0.9898602934805627,-0.0248928961200902,0.4627479247503211,-0.08756151805597728,-0.8821547138170537,-0.8753887656176698,0.11184791252534976,-0.4703019491173095],"GT_T":[-67.17253600161442,84.21814715644894,834.231846705641],"R_pred":[0.15992113961995413,0.9870931086254748,-0.008510229535775682,0.4904779274618118,-0.08693917552514141,-0.8671060964102226,-0.8566543245530374,0.13449451536440105,-0.4980507941580598],"T_pred":[-33.79986903747145,64.68031563147149,487.0616154887908],"rotation_error":2.3306794045972756,"translation_error":349.3173789037117,"ADD":0,"ADD_S":0}}
{"id_image":18,"data":{"GT_R":[0.14233600024528,0.9894764360843777,-0.026028158072972762,0.46329465416299176,-0.08983655876271288,-0.8816386790023176,-0.8746985183252827,0.11342942180296042,-0.47120670642341067],"GT_T":[-68.93638377960956,84.28028426521311,833.6766959576167],"R_pred":[0.06260832355333734,0.9977370312490474,-0.0245155929191474,0.5044062514687435,-0.05282831507181007,-0.8618488861778055,-0.861193666547247,0.04159309559302288,-0.5065722881266785],"T_pred":[-31.152989167278665,61.98652579583445,478.6339816419521],"rotation_error":5.201608510526656,"translation_error":357.74282042237655,"ADD":0,"ADD_S":0}}
{"id_image":19,"data":{"GT_R":[0.14201052643596013,0.989505892562708,-0.02666746867430226,0.46394146139702896,-0.09033279291858934,-0.8812480992016335,-0.8744093788103177,0.11277370468501555,-0.47190113387445226],"GT_T":[-70.19588951014502,84.40756066293346,833.3429993142308],"R_pred":[0.1483733132575199,0.9887901955028369,-0.01671254589965493,0.4690171690971731,-0.08523655295693677,-0.8790663371623859,-0.8706366951863793,0.12259151405167218,-0.4764064080986512],"T_pred":[-33.46077400719557,62.915726837737786,476.22595264646145],"rotation_error":0.7328554448607536,"translation_error":359.6442028629054,"ADD":0,"ADD_S":0}}
{"id_image":20,"data":{"GT_R":[0.14259853329669167,0.9894454201512268,-0.02576680385126929,0.4647570139313866,-0.08991939226741816,-0.8808604565868333,-0.8738805384425421,0.11363381594895007,-0.47267351893430204],"GT_T":[-70.7099300849975,84.00376197702403,833.1505798298913],"R_pred":[0.08446347288689893,0.9954549013618326,-0.04399387573956087,0.4593649103900396,-0.07808062516536529,-0.884809185687025,-0.8842227099833133,0.054524813878541245,-0.4638720123280511],"T_pred":[-31.88439507839375,64.4505843302434,485.44083484594006],"rotation_error":3.535023603780805,"translation_error":350.41663157082024,"ADD":0,"ADD_S":0}}
{"id_image":21,"data":{"GT_R":[0.14285550028774469,0.9894202145589988,-0.025284210443117093,0.46371624466782,-0.08947796083733792,-0.8814540186142844,-0.8743910141473109,0.1141956537089418,-0.47159278638680857],"GT_T":[-70.47294966645936,83.63223979294277,832.9902230073221],"R_pred":[0.2205366917761622,0.9752799019442797,-0.013880938152080802,0.5140825657221053,-0.12831837020645476,-0.848088150776873,-0.828904507890386,0.17989860680704306,-0.5296733031481591],"T_pred":[-35.180959218991866,64.4916823512849,486.2821626463026],"rotation_error":5.913063028058306,"translation_error":349.02487683290127,"ADD":0,"ADD_S":0}}
{"id_image":22,"data":{"GT_R":[0.14120214938932715,0.9896413746659546,-0.02591961272447591,0.4639231175466769,-0.0892759587824736,-0.8813655587420521,-0.8745496231484943,0.11242598530088818,-0.47172344747506323],"GT_T":[-69.76586360557052,83.46050672219432,833.2039171262008],"R_pred":[0.12287625551045867,0.9922299979461706,-0.019520681531921713,0.5295496447812078,-0.08218876094032657,-0.844287972961353,-0.8393322343052394,0.09340577471889017,-0.5355340901430448],"T_pred":[-31.28340030509593,61.85232810283289,478.9324258266199],"rotation_error":4.400085562256877,"translation_error":357.00994791818846,"ADD":0,"ADD_S":0}}
{"id_image":23,"data":{"GT_R":[0.13989846342113624,0.9897380878107807,-0.02909911935208881,0.4620095893409088,-0.09124087531798535,-0.8821687105318451,-0.8757712830289796,0.10996961367911365,-0.47003291567631816],"GT_T":[-68.43740213182598,83.27139525193684,833.4559421938816],"R_pred":[0.15744530579211458,0.9874204097976556,-0.014557128805416375,0.47364250172702493,-0.08844125046173879,-0.8762653284105957,-0.8665297203453513,0.131068987681274,-0.4816089328764712],"T_pred":[-32.11720453114317,66.11192954431074,495.7995687139503],"rotation_error":1.4988112293028153,"translation_error":340.0373958386675,"ADD":0,"ADD_S":0}}
{"id_image":24,"data":{"GT_R":[0.139589917537683,0.9898361965236471,-0.02719906149951054,0.4617255609608995,-0.08936335817996788,-0.8825098630896309,-0.8759705225701352,0.11063026342272358,-0.469507580140853],"GT_T":[-67.15516855550474,83.47037823714344,833.837926866903],"R_pred":[0.10332722245940873,0.9942577074144043,-0.02784055218338799,0.5133360583901707,-0.07728070505869855,-0.8547009908629293,-0.8519445852021518,0.07402232009794496,-0.5183735331515785],"T_pred":[-28.563578418654668,61.63307552416459,478.2738373993505],"rotation_error":3.891297684227539,"translation_error":358.318294729642,"ADD":0,"ADD_S":0}}
{"id_image":25,"data":{"GT_R":[0.13746001039266564,0.9900430663256512,-0.030314986159547436,0.4635881333214029,-0.09135164780081735,-0.8813288641991783,-0.8753227602001711,0.10709315536611046,-0.4715296020019374],"GT_T":[-64.79715957635084,83.91689418359006,834.6788005152696],"R_pred":[0.15109952959504014,0.9883313220483527,-0.019238763325983843,0.5191140838095443,-0.0958965189970824,-0.8493082041490121,-0.8412428306658758,0.11834295713052706,-0.527546627655667],"T_pred":[-29.14511390019164,61.804104284644055,476.89471704395913],"rotation_error":3.8160294509698836,"translation_error":360.23533172554784,"ADD":0,"ADD_S":0}}
{"id_image":26,"data":{"GT_R":[0.13659643814382516,0.9902190822373715,-0.028419949370415476,0.46128570127209134,-0.0889685725234978,-0.8827799134135259,-0.876673651497673,0.1074736188445703,-0.46892635063233024],"GT_T":[-62.96479409228774,83.17037204791139,835.077883246465],"R_pred":[0.08889287977163429,0.9950686930693629,-0.044003999808382654,0.5104665639665673,-0.08344868828954632,-0.8558388887488816,-0.8552905605687884,0.05361541285847282,-0.5153672908770436],"T_pred":[-26.628532711810212,61.44239779202609,474.75755514966244],"rotation_error":4.294783319186142,"translation_error":362.7990733121603,"ADD":0,"ADD_S":0}}
{"id_image":27,"data":{"GT_R":[0.1345441264414311,0.9904336046386483,-0.030649760247213383,0.4616605689807284,-0.09002233964165317,-0.8824759494513968,-0.8767933965181177,0.10458121227289756,-0.4693562603446185],"GT_T":[-62.05076677597278,83.10127839191021,835.6451377359166],"R_pred":[0.15766977701458218,0.9872149595029638,-0.02338514805884212,0.5065054248423515,-0.10117839845045706,-0.8562798527889524,-0.8476983520223698,0.12316474909876807,-0.5159825079961493],"T_pred":[-29.40280127889756,62.81230798991565,481.15526880103465],"rotation_error":3.33836628677431,"translation_error":356.56780441949746,"ADD":0,"ADD_S":0}}
{"id_image":28,"data":{"GT_R":[0.13287235033795822,0.9906409725123242,-0.031242034490999174,0.46168440571994024,-0.08975556041484889,-0.8824910045666825,-0.8770366378014395,0.1028341974533908,-0.46928965580031595],"GT_T":[-61.93622286661451,83.13920001579214,836.2073068517224],"R_pred":[0.13046303636873846,0.9912873099252217,-0.01813464426634298,0.45676221971935765,-0.07632849663630115,-0.8863082055573488,-0.8799702669854788,0.10734723928662382,-0.4627406394937078],"T_pred":[-29.311662809340177,66.5143523369595,498.9163387438997],"rotation_error":0.8769058335705575,"translation_error":339.272670055204,"ADD":0,"ADD_S":0}}
{"id_image":29,"data":{"GT_R":[0.13234613643827245,0.9906891782997506,-0.03193489044822299,0.46166451029929484,-0.09011957048831813,-0.8824651845778656,-0.8771263801255557,0.10204714080802618,-0.4692927380426848],"GT_T":[-62.46637780123443,82.8175598190787,836.3476060569913],"R_pred":[0.11228826303602835,0.9934242015262935,-0.022354010964419302,0.4908321984999828,-0.07501166307872298,-0.868019010919598,-0.8639879043713661,0.08649627867145454,-0.49602751423279456],"T_pred":[-29.00796681075752,62.482646831631115,480.61218741928036],"rotation_error":2.188524356729322,"translation_error":357.88358725367965,"ADD":0,"ADD_S":0}}
{"id_image":30,"data":{"GT_R":[0.13186689774500332,0.9908330948833092,-0.029347861549306933,0.46150805670155637,-0.08756843645156377,-0.8828038092181152,-0.8772812877112596,0.10286781324888929,-0.4688247434644972],"GT_T":[-63.90328258457396,82.84608457225602,836.2969493787066],"R_pred":[0.12467742984808183,0.9921752170387432,-0.006623985250502895,0.5146411828934161,-0.0703750886936032,-0.8545126094806517,-0.8482923973233178,0.1031294603180381,-0.5193884125180002],"T_pred":[-30.75854070562614,58.98881673365577,457.67900637668134],"rotation_error":3.5980042054672006,"translation_error":380.8139833383612,"ADD":0,"ADD_S":0}}
{"id_image":31,"data":{"GT_R":[0.13228404440014127,0.990756094185817,-0.030072182000288813,0.4616411633545351,-0.08842771337220334,-0.882648032058326,-0.8771474911476141,0.10287776989468528,-0.46907145000730943],"GT_T":[-65.98560114413651,83.49537142421482,836.2515113942434],"R_pred":[0.1360531552828801,0.9905751488270675,-0.015824457772884937,0.47323490607857893,-0.07901394850216781,-0.8773856162548458,-0.8703667402919137,0.1118823957033902,-0.47952483452403033],"T_pred":[-32.083072766295416,64.78830714603772,488.8462672499088],"rotation_error":1.075057132133585,"translation_error":349.55648948818396,"ADD":0,"ADD_S":0}}
{"id_image":32,"data":{"GT_R":[0.1328887189784263,0.9906789671771867,-0.02993193330173139,0.4612527424100189,-0.08854545876838206,-0.8828396184314673,-0.8772611698344772,0.10351277964588734,-0.468720339165301],"GT_T":[-67.77548766481769,83.61575033017752,836.1137331284592],"R_pred":[0.10941263077333319,0.9934394241687217,-0.03327141016814594,0.48592684130516633,-0.08265767353943498,-0.8700820730851957,-0.8671239710251597,0.079030497356191,-0.49178267492988315],"T_pred":[-31.546616133067655,62.88272636524464,480.79182123098997],"rotation_error":2.069515402316258,"translation_error":357.76535674889965,"ADD":0,"ADD_S":0}}
{"id_image":33,"data":{"GT_R":[0.133501964679532,0.9905667580242643,-0.030901667102005037,0.4626056899835727,-0.08986140034555776,-0.8819980277755818,-0.8764546201266309,0.10345197433762701,-0.4702383236789758],"GT_T":[-68.73101803883395,82.87081688616075,836.3806873738356],"R_pred":[0.10868850772914496,0.9938938913092826,-0.01901949278249815,0.48516786767049347,-0.06973605889138701,-0.8716358312221701,-0.8676398725667684,0.08550915102133155,-0.4897848881130705],"T_pred":[-32.60529458231825,63.22829132534057,485.2593097121139],"rotation_error":2.054878163983352,"translation_error":353.52102986488586,"ADD":0,"ADD_S":0}}
{"id_image":34,"data":{"GT_R":[0.13153632348247582,0.9909668731155455,-0.026126870045152472,0.4623549472698784,-0.08464162124612822,-0.8826455050085318,-0.8768842068371214,0.10401973033531245,-0.4693119883374035],"GT_T":[-70.35449750579386,82.44164383467012,836.1138710680129],"R_pred":[0.1305519046502528,0.9914365491512258,-0.003125571835754626,0.43878429920611023,-0.060605336790844455,-0.8965463356250312,-0.8890582314800275,0.11567437987548262,-0.44293893357665964],"T_pred":[-34.84877171514691,64.55187282908061,477.91692092386495],"rotation_error":2.158235171112621,"translation_error":360.39666419533114,"ADD":0,"ADD_S":0}}
{"id_image":35,"data":{"GT_R":[0.13336928294463452,0.9907431846739344,-0.02533221843849679,0.46337483514659256,-0.08493071621494143,-0.8820832752032359,-0.8760687492042155,0.1059041714254377,-0.47041151144906695],"GT_T":[-72.64933908388063,83.2961657704504,835.5710462947034],"R_pred":[0.11099868167798099,0.9935733889719982,-0.022163334416308633,0.4595241961984949,-0.07108497025659644,-0.8853160114398397,-0.881201909765224,0.08808432170549768,-0.4644613509171723],"T_pred":[-36.49022434428848,65.50304916357103,486.1688665818967],"rotation_error":1.352338329107759,"translation_error":351.71858035281195,"ADD":0,"ADD_S":0}}
{"id_image":36,"data":{"GT_R":[0.13572777572549344,0.9904570547412307,-0.023949886580494257,0.4630051942150443,-0.0847820487593077,-0.8822910377279584,-0.8759024210181823,0.10866189247772588,-0.47009318218594054],"GT_T":[-75.43643447507634,84.29739863574936,834.8160961605712],"R_pred":[0.0806152477620996,0.9957262015361781,-0.04506121838776134,0.4956716239929057,-0.0792702426445514,-0.8648848881783687,-0.8647605581873463,0.04738734224883434,-0.4999436136186771],"T_pred":[-36.02258702747928,63.543302252470404,478.8160164843616],"rotation_error":3.9870654061949375,"translation_error":358.77603127407554,"ADD":0,"ADD_S":0}}
{"id_image":37,"data":{"GT_R":[0.13475551735253427,0.9905987809085316,-0.023574919519252818,0.4620283728195328,-0.08386283327727048,-0.882890906799289,-0.8765677211108739,0.10808186655505046,-0.46898593552456164],"GT_T":[-78.09113492573834,84.81148252125413,834.0751787746306],"R_pred":[0.20698843434566128,0.9783182523944198,-0.0070132074730782645,0.4757273211414897,-0.10691110324987907,-0.8730713212111801,-0.8548913989312759,0.1773792914458231,-0.4875420833112809],"T_pred":[-40.83715919526992,66.12353969312991,482.0394030695379],"rotation_error":4.452812158161859,"translation_error":354.49440798291846,"ADD":0,"ADD_S":0}}
{"id_image":38,"data":{"GT_R":[0.13627910489827127,0.9904051903290401,-0.022943646763721792,0.4618144385598911,-0.08400009251836672,-0.8829894548542774,-0.8764441332715027,0.10973616001136144,-0.46883119277610735],"GT_T":[-79.59601057030791,86.08180572127357,833.3528482954798],"R_pred":[0.14039514807711484,0.9899522646627898,-0.01684387382458752,0.4897162575397132,-0.08421717569232723,-0.8678049633527714,-0.86050403223791,0.11358688748011941,-0.49661940104558583],"T_pred":[-38.937733381014894,66.24189520506361,478.02032572651444],"rotation_error":1.859210505397365,"translation_error":358.2009480005837,"ADD":0,"ADD_S":0}}
{"id_image":39,"data":{"GT_R":[0.13758477544731926,0.9902357186338724,-0.022444553387931766,0.4592442087934476,-0.08385212051815491,-0.8843430597955944,-0.8775907707726471,0.11136475947265087,-0.4662967173013847],"GT_T":[-80.88458696878827,88.00191964426021,832.6030694162245],"R_pred":[0.1513696581730657,0.9881303938238435,-0.02618303622778595,0.546663259251259,-0.105752350148547,-0.8306477721771425,-0.8235572278654109,0.11142156541529724,-0.5561822787459562],"T_pred":[-38.64716218271214,62.99042016520598,461.3186715940769],"rotation_error":6.04103528598396,"translation_error":374.51525900142565,"ADD":0,"ADD_S":0}}
{"id_image":40,"data":{"GT_R":[0.13736601055706277,0.9901826767742579,-0.025858004110979126,0.4583964560793176,-0.0866904765043902,-0.8845098133629477,-0.8780677240559907,0.10964851796755815,-0.46580519963672523],"GT_T":[-81.46014170073424,90.17349921025765,832.2205023910725],"R_pred":[0.14029423512185635,0.9896809216531031,-0.029141051927437933,0.49261974436391515,-0.09530246076569282,-0.8650105366033609,-0.8588616390632451,0.10700053405412502,-0.5009067484649492],"T_pred":[-38.74678911853715,68.05840337762622,484.1100151285198],"rotation_error":2.310914207747641,"translation_error":351.4177276328976,"ADD":0,"ADD_S":0}}
{"id_image":41,"data":{"GT_R":[0.13684804788092336,0.9902697254962786,-0.02527282255052327,0.4568122668608983,-0.08572476987590169,-0.8854234359998382,-0.8789742372051326,0.10962312801376035,-0.46409810944611307],"GT_T":[-80.21246562845272,91.20361489762023,831.9075424466561],"R_pred":[0.11540325501650939,0.9924896428936525,-0.04057582384160391,0.5248474697615846,-0.09560658254854992,-0.8458099756199675,-0.843336956510538,0.07631310583522105,-0.5319389886644194],"T_pred":[-35.88564257712426,65.92285138449554,471.6889818375845],"rotation_error":4.790914991080978,"translation_error":363.8150569353909,"ADD":0,"ADD_S":0}}
{"id_image":42,"data":{"GT_R":[0.1360322459777503,0.9903543888205456,-0.02633172892757689,0.45713309364142257,-0.0863263865829454,-0.885199105626749,-0.8789338809157738,0.1083781396448294,-0.4644667345288685],"GT_T":[-77.86309530811938,91.75879073195671,832.0028343262769],"R_pred":[0.04639312884591851,0.9981244364764643,-0.03994104285601863,0.5411939446308172,-0.058722158978941064,-0.8388449334291697,-0.839617050738503,0.01730079054240813,-0.5429032056967298],"T_pred":[-32.29907962815586,63.9994716469081,472.56710457939334],"rotation_error":7.503298057239842,"translation_error":363.3740540264594,"ADD":0,"ADD_S":0}}
{"id_image":43,"data":{"GT_R":[0.13134096577452609,0.9910183870913132,-0.025153980485632776,0.45657367006051536,-0.08299352092881458,-0.8858060740234086,-0.8799369986434482,0.10485717713006691,-0.4633735810105704],"GT_T":[-74.96141594957652,92.0028514899307,832.2384604803915],"R_pred":[0.15852878928027658,0.9870184633042753,-0.025752205066692235,0.4922594070919899,-0.10161915209796779,-0.8644965147739655,-0.8558909387876312,0.12437082062669413,-0.5019786846847883],"T_pred":[-33.92710661074677,68.29784989709871,478.6810381496616],"rotation_error":2.944146751671319,"translation_error":356.7192068400313,"ADD":0,"ADD_S":0}}
{"id_image":44,"data":{"GT_R":[0.1256849081706805,0.9917284251353099,-0.026030043028337245,0.4564169381474684,-0.08109876144562453,-0.8860622007777602,-0.880843954079361,0.09948300189883565,-0.4628343630650126],"GT_T":[-71.30777504598171,91.93084041715603,832.4270129128306],"R_pred":[0.1844535445805896,0.9828321040865311,0.004236162000946064,0.43572066364676476,-0.07790917499739425,-0.8967037770202867,-0.8809792240245391,0.16724597342856218,-0.44261088012954847],"T_pred":[-33.21492876740662,67.96236498523515,470.3583332479483],"rotation_error":4.053028223566167,"translation_error":364.8551514593222,"ADD":0,"ADD_S":0}}
{"id_image":45,"data":{"GT_R":[0.12095063557975115,0.9922995869054896,-0.026700526709816107,0.45595541812942664,-0.07942806415531284,-0.8864506138404402,-0.8817455677112359,0.09504182775273226,-0.46205157012116604],"GT_T":[-68.1241892091493,91.24466334332456,832.5024216263141],"R_pred":[0.10628458653708561,0.994094687800753,-0.021893797088766986,0.4907926907540572,-0.07159753650550893,-0.8683296191359217,-0.864769403579378,0.08154473896374714,-0.49550412125460797],"T_pred":[-29.143228470721024,65.44917197615338,471.7498687193418],"rotation_error":2.3746750680180426,"translation_error":363.76823267550805,"ADD":0,"ADD_S":0}}
{"id_image":46,"data":{"GT_R":[0.11912682775322503,0.9925888807737592,-0.024012655040633466,0.4552810974260702,-0.07610118553840178,-0.8870888983277114,-0.8823419263728897,0.09474322979561628,-0.46097313205761403],"GT_T":[-65.11576332892102,90.29559496505138,832.0917098987609],"R_pred":[0.157499336615334,0.9873730169566145,-0.016984827103142697,0.48150117442251805,-0.09179966142835072,-0.8716245987759734,-0.8621778111245186,0.12910208188729544,-0.4898796530341917],"T_pred":[-30.364545445244833,68.54632970594014,486.42171539311227],"rotation_error":2.90650519588606,"translation_error":348.09254916651844,"ADD":0,"ADD_S":0}}
{"id_image":47,"data":{"GT_R":[0.11416043100552337,0.9931074222695663,-0.02654637113509355,0.45643302090583576,-0.07616463069543887,-0.8864918177102512,-0.8824030390552449,0.08908450269783678,-0.46198278964380435],"GT_T":[-63.24333472223754,90.61948162731402,831.9653569843983],"R_pred":[0.054093510148667256,0.9974253770930663,-0.04707981829351854,0.4828961783367449,-0.06739952270818284,-0.8730799420937788,-0.8740052477574509,0.024493294377519015,-0.4852987795399586],"T_pred":[-25.764596252496883,66.83366919676308,472.11544468798934],"rotation_error":4.010020000179339,"translation_error":362.5774125479934,"ADD":0,"ADD_S":0}}
{"id_image":48,"data":{"GT_R":[0.11099892781200209,0.9935328559294393,-0.023919101235834746,0.4554040421435992,-0.07224083544280309,-0.8873490733294545,-0.8833374879848792,0.08760122556250834,-0.46047764199352337],"GT_T":[-62.00057302639676,91.28667223534451,831.2519290480327],"R_pred":[0.15624149257006215,0.9876749793727427,-0.00931295444694863,0.49468489549904315,-0.08640882405316375,-0.8647660777868484,-0.8549125394825949,0.1305053648199998,-0.5020885375993154],"T_pred":[-28.92260049062119,69.27860787555599,483.3160737611597],"rotation_error":3.8291109398620558,"translation_error":350.19689684254763,"ADD":0,"ADD_S":0}}
{"id_image":49,"data":{"GT_R":[0.10787212431051492,0.9938665744774903,-0.024346682950189522,0.45467941956072083,-0.07109843774217788,-0.8878129190634569,-0.884098237862754,0.08470001930199089,-0.4595596760979178],"GT_T":[-60.41623762066398,92.28838963767784,830.7471630672995],"R_pred":[0.06332415207208075,0.9971197877952687,-0.04173943640575534,0.5209113360211071,-0.06869779559071043,-0.8508419317862055,-0.8512587337402517,0.03213629829484271,-0.5237612304885193],"T_pred":[-24.992142152788247,66.59918782648676,473.7607880346279],"rotation_error":5.129791884126925,"translation_error":359.6582733489952,"ADD":0,"ADD_S":0}}
{"id_image":50,"data":{"GT_R":[0.10568419351849813,0.9940971437450195,-0.024529112834576972,0.45506622818040554,-0.07028184012030345,-0.8876790185278159,-0.8841635624808868,0.08265112179885489,-0.459808090544525],"GT_T":[-59.06437949718959,93.1164427651966,830.0482712026359],"R_pred":[0.13826791510149194,0.990072715446898,-0.025258697137668318,0.49533392995264336,-0.091215311076701,-0.8639004947694211,-0.857628288649084,0.1069382305482302,-0.5030287599691066],"T_pred":[-26.234831584507752,67.95589341423927,473.0861126202308],"rotation_error":3.357752690720897,"translation_error":359.35054629094856,"ADD":0,"ADD_S":0}}
{"id_image":51,"data":{"GT_R":[0.10100672531303166,0.9946167676615878,-0.02314857727862917,0.4544870791915844,-0.06682715178259253,-0.8882434057398971,-0.8850077298625836,0.07919764865875539,-0.4587896799440694],"GT_T":[-57.88906850806458,93.61038722260521,829.338632733132],"R_pred":[0.07670200763222501,0.9967199650355741,-0.025809171328607106,0.5125224910146596,-0.06161813909877034,-0.8564600989760891,-0.8552411930147621,0.05246442826799852,-0.5155676342995147],"T_pred":[-24.723062933451843,66.55966974094939,469.0625075004993],"rotation_error":4.018013404989682,"translation_error":362.80933236989273,"ADD":0,"ADD_S":0}}
{"id_image":52,"data":{"GT_R":[0.0998637087228843,0.9947608109250026,-0.021872800413431676,0.4550775707531581,-0.06521147683011663,-0.8880603828776072,-0.8848340201642534,0.07873052920664955,-0.4592049302849319],"GT_T":[-57.06531814705848,94.12461100832218,828.2990867141689],"R_pred":[0.15020514002337126,0.9886183888891173,-0.008490998813162398,0.5016091612852607,-0.08360698676141087,-0.861044784595653,-0.8519546145336948,0.12507418964343914,-0.5084582400352858],"T_pred":[-27.497170922632986,71.07016365276776,482.4493423540943],"rotation_error":4.372212953543111,"translation_error":347.8761684092261,"ADD":0,"ADD_S":0}}
{"id_image":53,"data":{"GT_R":[0.09741987829868227,0.9950140064968329,-0.02136805405454642,0.4550265635109714,-0.06362476979668624,-0.888202342977578,-0.8851331989990527,0.07680492960252525,-0.4589558895211212],"GT_T":[-57.10264370015615,95.52225038342618,827.0611423665969],"R_pred":[0.11711258565369287,0.9931071541373169,-0.004777309157505294,0.4310439215994632,-0.0551635529211264,-0.9006431702296278,-0.8946987090264872,0.10341742034298645,-0.4345331486042688],"T_pred":[-27.81894297581137,73.59285098870897,489.3145359111378],"rotation_error":2.1680561534443563,"translation_error":339.7222451622866,"ADD":0,"ADD_S":0}}
{"id_image":54,"data":{"GT_R":[0.0989584967211712,0.9948890852679374,-0.02009131642807884,0.45338975585428,-0.06305119067504243,-0.8890792236745094,-0.8858015896469956,0.07887175241841443,-0.4573124797699527],"GT_T":[-57.95539243899171,95.54020235558306,825.164308674875],"R_pred":[0.07643062336794404,0.9968651782701519,-0.020449356078023118,0.4771120011148123,-0.054574126840221115,-0.8771463977420455,-0.8755127059065486,0.057284212764476206,-0.47978747458030574],"T_pred":[-26.32457471811362,69.72520477393694,479.74779562289416],"rotation_error":1.9704823802736118,"translation_error":347.8210606314992,"ADD":0,"ADD_S":0}}
{"id_image":55,"data":{"GT_R":[0.09849966200137521,0.9948591867286151,-0.023515364174216007,0.4543689485216174,-0.06598462567068457,-0.8883663829394706,-0.8853510805052541,0.07681835143326822,-0.45853226434471783],"GT_T":[-58.788073501012725,94.61325173159123,823.7215482415914],"R_pred":[0.03172237150908541,0.9987077384150562,-0.03970572220377655,0.5207628690823842,-0.05042264573160393,-0.8522110014441897,-0.8531117894689554,0.006356888178115472,-0.5216894331321729],"T_pred":[-25.927160950192413,65.3538793736366,466.60680684375694],"rotation_error":5.8297191910701756,"translation_error":359.8150760711623,"ADD":0,"ADD_S":0}}
{"id_image":56,"data":{"GT_R":[0.09863379443410632,0.9948938322046704,-0.021393343695719356,0.4559370298681092,-0.06428934026814542,-0.8876871320759347,-0.8845294500001808,0.0778009674833474,-0.45994996555269985],"GT_T":[-60.1112074118312,93.29057475512137,822.259817534055],"R_pred":[0.10901617528930951,0.993740159393709,-0.024412479051828306,0.49548505254726627,-0.07561379967061499,-0.8653190833453315,-0.861748244110496,0.08223775840535524,-0.5006265223347034],"T_pred":[-29.891893850545184,68.82443152778232,484.2774320172128],"rotation_error":2.719428575933936,"translation_error":340.21154006910365,"ADD":0,"ADD_S":0}}
{"id_image":57,"data":{"GT_R":[0.09910362956807164,0.994826063331435,-0.022352595504215568,0.4575856332512909,-0.06550809028873882,-0.88674930870823,-0.883624728354264,0.07765162293016276,-0.4617106126174657],"GT_T":[-61.83345002402629,92.13823365663636,820.7321014057816],"R_pred":[0.1251526534945827,0.9921190612186371,-0.006048279913722476,0.4968035496881881,-0.0679447179381295,-0.8651992535373132,-0.8587916198592536,0.10527717545108206,-0.5013917330676297],"T_pred":[-31.753495338541207,67.47591481755222,484.06341220862055],"rotation_error":3.1163200640948436,"translation_error":338.9083060801787,"ADD":0,"ADD_S":0}}
{"id_image":58,"data":{"GT_R":[0.09856637452299472,0.9948458374922348,-0.023805079518655625,0.46063480125257694,-0.06681650668916111,-0.8850714257034762,-0.8820995204186931,0.0762721312271254,-0.4648460576435606],"GT_T":[-63.82022897207696,90.81210555963125,819.4018627079621],"R_pred":[0.1269517337590873,0.9919071789360745,-0.0018454459191823425,0.45973667326297335,-0.060488945793786275,-0.8859928209042389,-0.8789342686189089,0.11162990554432578,-0.4636952831715121],"T_pred":[-32.571745779101896,67.56694982257363,482.67866992060675],"rotation_error":2.06609672667794,"translation_error":338.9680125439747,"ADD":0,"ADD_S":0}}
{"id_image":59,"data":{"GT_R":[0.09960486891938312,0.9947200088144714,-0.02473050913214661,0.46376185943635106,-0.06839840081545528,-0.8833159704065511,-0.8803432962958156,0.0765132579549826,-0.4681257175802571],"GT_T":[-65.58600281257004,89.27476670778312,818.2265976475622],"R_pred":[0.09589298496142229,0.9948326205849659,-0.033355546094135324,0.4659694587782798,-0.07447632670239857,-0.881660785249517,-0.8795891080050195,0.06900241866026935,-0.4707033750654092],"T_pred":[-32.67736978844964,66.61069213854859,483.7921680004399],"rotation_error":0.5656740488011848,"translation_error":336.8130432999768,"ADD":0,"ADD_S":0}}
{"id_image":60,"data":{"GT_R":[0.10115341585623276,0.9946237404630248,-0.02216993138043323,0.4640879016058532,-0.0668850373497516,-0.8832601540320381,-0.8799944921178556,0.0790562317203227,-0.4683586079844893],"GT_T":[-67.17445582720705,87.08004863778439,816.7464735730558],"R_pred":[0.09428210399635939,0.9955442824426197,-0.0015705291559032775,0.49182786416585,-0.04794958839210717,-0.8693711457157329,-0.8655727796644707,0.0811937107714466,-0.4941572061956444],"T_pred":[-34.97241927909558,64.07377017626844,478.5008948333777],"rotation_error":2.094318027099663,"translation_error":340.55297905529255,"ADD":0,"ADD_S":0}}
{"id_image":61,"data":{"GT_R":[0.10150320251881259,0.9945806140677336,-0.02251279986792805,0.46546338968903844,-0.06747869694614095,-0.8824910918515839,-0.8792272881522831,0.0790964488742444,-0.4697902974279027],"GT_T":[-69.57805297567593,85.62318840802577,815.58301650591],"R_pred":[0.05381412166444921,0.9981219035849176,-0.029269538662305583,0.4378842149992515,-0.04993174840927417,-0.8976437125916283,-0.8974193303935305,0.0354892390001999,-0.4397488594086557],"T_pred":[-34.88222744988849,67.50671310814117,490.57330771628307],"rotation_error":3.3328460341872734,"translation_error":327.3580880224671,"ADD":0,"ADD_S":0}}
{"id_image":62,"data":{"GT_R":[0.10176506519195319,0.9945726620220108,-0.021653052985288544,0.46831236491380035,-0.06709836561631476,-0.8810115101054501,-0.8776823860848529,0.07951526987979655,-0.4725998159109628],"GT_T":[-72.12079774176355,84.8862242920785,814.5310993995117],"R_pred":[0.09756786485681646,0.9951581936116609,-0.011860920489493276,0.5213689489588269,-0.061260647553389225,-0.8511295742264556,-0.8477351772864272,0.07685897962447519,-0.5248216520326066],"T_pred":[-37.714578221817206,61.10818667088633,470.7714764476581],"rotation_error":3.506263638731865,"translation_error":346.2944720707655,"ADD":0,"ADD_S":0}}
{"id_image":63,"data":{"GT_R":[0.10251329984440197,0.9944965722181812,-0.02162797688689577,0.4686207059981315,-0.06746126709536307,-0.8808199457064542,-0.8774314437793964,0.08015967062923729,-0.47295708961807637],"GT_T":[-75.17721576511053,83.52124490487726,813.2013041898298],"R_pred":[0.1045170508699157,0.9943050850367514,-0.020822678682477225,0.506397173884753,-0.07122681412489873,-0.859353619432159,-0.8559428067102324,0.07927256031992058,-0.5109577015970443],"T_pred":[-38.630063238969115,61.98365447828424,478.6214738510014],"rotation_error":2.50195707040893,"translation_error":337.2583950455673,"ADD":0,"ADD_S":0}}
