{"id_image":1,"data":{"Best_template_id":86,"GT_R":[0.09011666153566564,0.9759231056268516,-0.19863056542785631,-0.8419550537262918,-0.03187717855179331,-0.5386057963299861,-0.531968971865268,0.2157754806752577,0.8188104842822965],"GT_T":[-46.421282767958616,102.82898252859334,903.874960166176],"R_pred":[-0.029670544914090546,0.9851859545847056,-0.16890320794325858,-0.8701622977018034,-0.10860994771750133,-0.48064691293622175,-0.491871156323299,0.13271214769501818,0.860494190236841],"T_pred":[-22.09422739013564,107.31655719943474,656.3167445262651],"rotation_error":7.6503029023173035,"translation_error":248.79110530844684,"ADD":0,"ADD_S":0}}
{"id_image":35,"data":{"Best_template_id":86,"GT_R":[0.07863103646957119,0.9779200876841876,-0.19362075739244486,-0.8478542308717649,-0.036558123070041366,-0.5289675051767985,-0.5243664335509937,0.2057548774451102,0.8262594062696546],"GT_T":[-39.50613374633485,118.69112057930005,910.6044672221628],"R_pred":[0.006660379729133033,0.9921994870208012,-0.1244821967090986,-0.949827601032646,-0.03265054024810461,-0.3110650583689455,-0.3127030023175862,0.12030843768067917,0.9422009935063759],"T_pred":[-17.57404987037611,120.95342997361591,617.1063124934005],"rotation_error":14.850291185208897,"translation_error":294.32516232243245,"ADD":0,"ADD_S":0}}
{"id_image":56,"data":{"Best_template_id":86,"GT_R":[0.07461610361610221,0.9775045284584958,-0.19727668982709598,-0.8471369686405913,-0.04223632455369792,-0.5296938292073136,-0.5261098671264999,0.20664340217436827,0.8249283477665046],"GT_T":[-48.71032768305748,121.81020454958062,912.9949227598129],"R_pred":[0.007778070020521111,0.9891148120210901,-0.14694009074190678,-0.9471125710459461,-0.03985533490637418,-0.31841691231189106,-0.32080723089340374,0.14164547617197193,0.9364930750873293],"T_pred":[-24.168198587415745,121.37893937711242,621.6790231809075],"rotation_error":14.104829048959925,"translation_error":292.3481750202368,"ADD":0,"ADD_S":0}}
{"id_image":83,"data":{"Best_template_id":86,"GT_R":[0.07261819860986134,0.9777964999419941,-0.19657333102061977,-0.8389881044865388,-0.046681792431876055,-0.542143876873097,-0.5392826685565568,0.20429208192010728,0.8169696914315107],"GT_T":[-56.738196763039845,110.58133376420038,912.6076403988291],"R_pred":[0.07485950750662569,0.974975640108714,-0.20932882106979175,-0.8953807261116438,-0.026686939230975884,-0.44450102652555,-0.4389640183929099,0.22070411973745674,0.8709766254540149],"T_pred":[-36.797219970575334,113.11879326063469,660.1422352702376],"rotation_error":6.603677415639823,"translation_error":253.2644113231811,"ADD":0,"ADD_S":0}}
{"id_image":100,"data":{"Best_template_id":86,"GT_R":[0.06452715982346342,0.9800316078516644,-0.18808255930908283,-0.8318559909466268,-0.05128416260673504,-0.5526167321086152,-0.551227994706757,0.19211623587922833,0.8119361033936117],"GT_T":[-55.271226917477655,101.92572753972354,915.2625029006454],"R_pred":[0.057753464591186035,0.9731852656414713,-0.22265438703527313,-0.8748809828753444,-0.05809179176029558,-0.48084156385773225,-0.48088231734051706,0.22256635520315526,0.8480662794857468],"T_pred":[-35.60306179176499,106.87194517552174,657.1372800629365],"rotation_error":5.048314422962193,"translation_error":258.9207068840378,"ADD":0,"ADD_S":0}}
{"id_image":116,"data":{"Best_template_id":86,"GT_R":[0.06162957543349975,0.9836766185305988,-0.16906280516978817,-0.8233971324052559,-0.04562619918878008,-0.5656282754734698,-0.5641090399466913,0.17406511725495016,0.8071449562292564],"GT_T":[-48.645040139665504,92.4021703276974,922.4364518900646],"R_pred":[0.06641582334045586,0.9709337962120512,-0.2299489112460945,-0.8359789724606452,-0.07166722270468698,-0.5440615468799835,-0.5447275429181574,0.22836675012587046,0.8069203996822084],"T_pred":[-31.65208357296344,99.62771322557582,674.3279815444773],"rotation_error":3.7397594807532895,"translation_error":248.7946585043057,"ADD":0,"ADD_S":0}}
{"id_image":138,"data":{"Best_template_id":86,"GT_R":[0.05276419925390633,0.9878324143512606,-0.14629773255501924,-0.8108348259855137,-0.04313398771085859,-0.5836839892050026,-0.5828919925978103,0.14942116861047292,0.7986931010507538],"GT_T":[-38.25240510361705,71.63191142090878,923.0046820443088],"R_pred":[-0.005575343534953731,0.9970148551960241,-0.07700840254750488,-0.9313518735628485,-0.03321518385366186,-0.3626023154539134,-0.3640777432849187,0.06970028751747548,0.9287568394173699],"T_pred":[-15.765764622614734,89.24574261767478,630.4095452892511],"rotation_error":15.363327910265474,"translation_error":293.9860712725365,"ADD":0,"ADD_S":0}}
{"id_image":169,"data":{"Best_template_id":86,"GT_R":[0.054368593414612545,0.9900340073506355,-0.12991234638423715,-0.8107115213548344,-0.032185181036739716,-0.584560210822978,-0.5829155904619803,0.13710306883452664,0.8008822444324141],"GT_T":[-37.65199294134861,75.95621450045606,917.8378865126931],"R_pred":[-0.006805820321908851,0.99761431446079,-0.06869760106928005,-0.9374963201717769,-0.030268473931330246,-0.34667631755031336,-0.3479286284198575,0.062044331479970294,0.9354657505526756],"T_pred":[-16.33294122643529,92.29702226992563,616.2545806459578],"rotation_error":16.21814303730362,"translation_error":302.7771694531982,"ADD":0,"ADD_S":0}}
{"id_image":240,"data":{"Best_template_id":94,"GT_R":[0.0880182238173743,0.9954476513995314,-0.03657013549803505,-0.8246884012348701,0.05223011074157716,-0.5631701063070702,-0.5586968021498757,0.07972825413141954,0.8255314986297133],"GT_T":[-23.654787421301045,98.311544160008,935.9574296632632],"R_pred":[0.10311292628088073,0.9885997350667275,-0.10971913351731175,-0.8337435303478569,0.02574753784679306,-0.5515512577249011,-0.5424384297198032,0.14834968190334613,0.8268935371874001],"T_pred":[-11.49952311286363,102.84518373283069,670.3192898638359],"rotation_error":4.34908059712208,"translation_error":265.9547436205722,"ADD":0,"ADD_S":0}}
{"id_image":407,"data":{"Best_template_id":86,"GT_R":[0.10516481031749367,0.991133706580161,0.08120540952967863,-0.8153618885063503,0.13268640978718757,-0.5635421375873402,-0.5693205593822914,-0.006946900564741146,0.8220867732327707],"GT_T":[-48.82285157118731,84.75601345346635,958.2534793156209],"R_pred":[0.13084535202076558,0.9891753215643696,0.06642045665747634,-0.8854271862232105,0.14673431252368183,-0.44100764100528983,-0.4459800351488955,-0.0011066780147054867,0.8950422244298655],"T_pred":[-26.03818371518642,88.40250246423203,625.2395161538576],"rotation_error":8.2676416410874,"translation_error":333.81242881612144,"ADD":0,"ADD_S":0}}
{"id_image":515,"data":{"Best_template_id":94,"GT_R":[0.07999786125892025,0.986503992351245,0.1428670979665631,-0.8252169420876171,0.1459385785742098,-0.5456367736607476,-0.5591227917192451,-0.07424631210483769,0.8257544998098747],"GT_T":[-46.645613896607266,96.20534311851233,971.9384649895622],"R_pred":[-0.06258451347933419,0.99202217006758,0.1094312239123928,-0.838618830913314,0.007176763060622857,-0.5446714151757535,-0.541111481221884,-0.12585908058769885,0.8314793182776573],"T_pred":[-22.780763005302326,99.98255119252768,695.1522807802004],"rotation_error":8.499552394102567,"translation_error":277.83878451014976,"ADD":0,"ADD_S":0}}
{"id_image":520,"data":{"Best_template_id":86,"GT_R":[0.08134800788151807,0.9849066949780579,0.15278025966299086,-0.8256845546719359,0.15245002200614105,-0.5431427894197962,-0.5582366270592496,-0.08196412444754912,0.8256235881691935],"GT_T":[-42.761098560073236,94.49314419937483,971.1850933867529],"R_pred":[0.060868921688197616,0.9898097670429821,0.12873072453316572,-0.8663649788008309,0.1164390216649903,-0.4856476889074384,-0.4956881054453014,-0.08196694028703072,0.8646240355322251],"T_pred":[-21.01055867009574,93.56365601048678,643.9947571432457],"rotation_error":4.568980799811664,"translation_error":327.91380889638987,"ADD":0,"ADD_S":0}}
{"id_image":532,"data":{"Best_template_id":86,"GT_R":[0.08601544569279682,0.9824618120299702,0.16544245153839568,-0.8274494891688098,0.16293680858938195,-0.537382356992117,-0.5549138744095549,-0.09067159069801839,0.8269517907258256],"GT_T":[-41.351291957688694,96.13729479903797,969.3338057771446],"R_pred":[0.007060188414966121,0.98246403235194,0.18631848774158494,-0.9095542447746006,0.0837332240716683,-0.40706243132849984,-0.41552524538474317,-0.16659283394350957,0.8941955033026162],"T_pred":[-16.01670099928598,96.58217250264158,621.9701034215256],"rotation_error":10.452738288135157,"translation_error":348.2866364496402,"ADD":0,"ADD_S":0}}
{"id_image":546,"data":{"Best_template_id":86,"GT_R":[0.0884427061443171,0.9787115355497868,0.1852053387041314,-0.8274337922769429,0.17570361439021906,-0.5333689075466407,-0.5545559368907945,-0.10607233479002119,0.8253592219152626],"GT_T":[-34.197234966079634,94.27175491804682,968.1814077491582],"R_pred":[0.16578903401680747,0.9800858176258886,0.10929678077769411,-0.9102603014637165,0.19472470385885654,-0.36538811322519027,-0.37939449097075423,-0.03891117828688939,0.9244164323644232],"T_pred":[-21.808362113893196,101.8179388456204,653.5567045596971],"rotation_error":12.32492814340323,"translation_error":314.9589384657513,"ADD":0,"ADD_S":0}}
{"id_image":553,"data":{"Best_template_id":86,"GT_R":[0.09102792860021039,0.9785449095078578,0.18483637070004877,-0.8283221531665601,0.17743183712912355,-0.5314135116622932,-0.552807977399378,-0.10473082651254302,0.8267015984806015],"GT_T":[-39.11499328767104,95.98152718873384,966.6328111349269],"R_pred":[0.12185212079136895,0.9812313188630392,0.149456212788049,-0.8593030552011108,0.17965094976486667,-0.47887764154386914,-0.49673969036174537,-0.07007592404586852,0.8650659193890576],"T_pred":[-21.535612290458506,96.32906051221849,657.3812897729421],"rotation_error":4.392505501422079,"translation_error":309.75096267866263,"ADD":0,"ADD_S":0}}
{"id_image":571,"data":{"Best_template_id":94,"GT_R":[0.09120144600602398,0.9760446616867569,0.19753069539361517,-0.8323047208696481,0.1836189951412716,-0.5230229777268856,-0.546764228932849,-0.11670545934902529,0.8291137348949522],"GT_T":[-37.22424938698549,100.41591048230976,961.5275670075869],"R_pred":[0.05639700031451464,0.9908185432929707,0.12287388909902694,-0.8056669307426182,0.11785089001587912,-0.5805273158346936,-0.5896780266071423,-0.06625542988510835,0.8049161713790112],"T_pred":[-24.24587117187121,111.62892490862326,776.419384240792],"rotation_error":5.777266269068724,"translation_error":185.90107401745794,"ADD":0,"ADD_S":0}}
{"id_image":582,"data":{"Best_template_id":94,"GT_R":[0.09535649919680493,0.9744378619210727,0.20341720483357956,-0.8401566591806345,0.18838264884336917,-0.5085749069878218,-0.533895428224623,-0.1224063117776564,0.8366439466914813],"GT_T":[-37.60999413077596,117.65575336026932,959.3854879214092],"R_pred":[0.12477024324711138,0.9798257334145886,0.15612148647326,-0.8759710459668013,0.18267846236600155,-0.4464339884186925,-0.46594754321477494,-0.08105622447509503,0.8810918087497797],"T_pred":[-20.745519592892563,118.37075812032762,706.0713176827336],"rotation_error":5.22314488205035,"translation_error":253.87593540340634,"ADD":0,"ADD_S":0}}
{"id_image":601,"data":{"Best_template_id":86,"GT_R":[0.10409383968761131,0.9688369330833245,0.2247655462736692,-0.8366360563862445,0.20749650517352686,-0.5069365224157193,-0.5377775118049323,-0.13527753225880876,0.832163938300386],"GT_T":[-35.634702553881496,109.47554413878402,955.9321210505301],"R_pred":[0.20694914820086974,0.9759779523215621,0.06811084084890731,-0.7967980941064288,0.2085331979201272,-0.5671214178582642,-0.5677013715742611,0.06309470617584156,0.8208131399808895],"T_pred":[-30.121328308174068,84.34825483629766,607.0197129342498],"rotation_error":11.532645574027233,"translation_error":349.8594667874028,"ADD":0,"ADD_S":0}}
{"id_image":618,"data":{"Best_template_id":86,"GT_R":[0.11709437647397845,0.9649711724145649,0.23477392781517697,-0.8326958359445806,0.22422467200891158,-0.5063023100038802,-0.5412091668788536,-0.13620973023052732,0.8297827350181709],"GT_T":[-41.06582350112164,99.24851379764155,948.5170341521789],"R_pred":[0.13906190203748567,0.9664159753912241,0.21610633935714507,-0.8948507718183286,0.21610114828601945,-0.3905667547111574,-0.42415077929653544,-0.13906996878583322,0.8948495181895384],"T_pred":[-22.79584864558654,89.53975170244915,593.4720391424767],"rotation_error":7.703659094975751,"translation_error":355.6472979288362,"ADD":0,"ADD_S":0}}
{"id_image":636,"data":{"Best_template_id":94,"GT_R":[0.12526200082974656,0.9606690472400846,0.24783907768729943,-0.8369285635725928,0.23646774690506628,-0.49359310538948975,-0.532785742852334,-0.14559470414205844,0.8336321164432166],"GT_T":[-38.3704691427527,108.30523323445149,938.4887122428344],"R_pred":[0.16473228466352066,0.9655742237626842,0.20131987679964983,-0.8384855564411947,0.2445787678451089,-0.4869529730465438,-0.5194278063687354,-0.08858693314737615,0.8499100595042426],"T_pred":[-26.176086896111826,110.21301232257895,733.5308982049395],"rotation_error":3.5209261861346763,"translation_error":205.3291214480269,"ADD":0,"ADD_S":0}}
{"id_image":637,"data":{"Best_template_id":86,"GT_R":[0.12305548904737335,0.960664739196117,0.24896094331224167,-0.8373653099684345,0.23515008139767654,-0.4934808670333556,-0.5326127971342661,-0.14774628253811511,0.8333636371840792],"GT_T":[-37.55611548454523,108.43153214375607,938.150650119924],"R_pred":[0.2153319801456139,0.9626278661754437,0.164255074774209,-0.9624212374055785,0.23769433219214375,-0.1313269440535561,-0.16546147623324284,-0.12980368140481557,0.9776366933459859],"T_pred":[-28.631153637621445,133.33340871482616,683.3768690348452],"rotation_error":23.01649574124084,"translation_error":256.14339329585977,"ADD":0,"ADD_S":0}}
{"id_image":649,"data":{"Best_template_id":86,"GT_R":[0.1338934702456347,0.9598670505231887,0.24643128260226155,-0.8352134364712367,0.243140632023963,-0.49325547022376515,-0.533377146183545,-0.13977896189294978,0.8342492724816227],"GT_T":[-51.920849195924035,101.5604330231793,935.0104850661832],"R_pred":[0.16078729175165155,0.9579346756145481,0.2377153845808467,-0.8789998923333078,0.24852096165356297,-0.4069355242502454,-0.44889490539457333,-0.14352173659079973,0.8819834890953224],"T_pred":[-31.007956187332844,91.59010003897319,613.9731359480452],"rotation_error":5.678443934262409,"translation_error":321.8722357747029,"ADD":0,"ADD_S":0}}
{"id_image":654,"data":{"Best_template_id":94,"GT_R":[0.1299130534671846,0.9600889497507452,0.24769491280193015,-0.8357014871951732,0.2404631650705287,-0.4937426728406704,-0.5335978207872163,-0.14285500909311713,0.8335863887879542],"GT_T":[-49.93537007603019,101.55315934125356,933.6593494218782],"R_pred":[0.49149082542268097,0.8568638483898087,0.15563133954296793,-0.7890084030927639,0.5137633224622994,-0.33691688640005274,-0.36864957395111464,0.042797123911616775,0.9285827361148575],"T_pred":[-41.072990849480185,95.54303225926036,674.6722241056245],"rotation_error":23.148120594152616,"translation_error":259.2083996954454,"ADD":0,"ADD_S":0}}
{"id_image":669,"data":{"Best_template_id":86,"GT_R":[0.13374215348430393,0.9557095845435127,0.2621691721510998,-0.8410095535871983,0.24939420681787242,-0.4801096356235328,-0.5242293617879213,-0.15627604410652787,0.8371150939107682],"GT_T":[-48.09902616682892,110.43530574690983,928.1630998573704],"R_pred":[0.19460837714668325,0.9691412403593557,0.1513037864002873,-0.9719534144252565,0.21129343788631388,-0.10325523373305498,-0.1320384024873813,-0.1269658983385376,0.983079610676403],"T_pred":[-37.97220734194743,133.120018638122,661.9477165410873],"rotation_error":24.243705462266004,"translation_error":267.37198614047855,"ADD":0,"ADD_S":0}}
{"id_image":672,"data":{"Best_template_id":86,"GT_R":[0.12984979921377973,0.9550270672639154,0.2665774118715062,-0.8422142540027258,0.24811863655944255,-0.4786564400219388,-0.523272696148991,-0.1623613957834241,0.8365556567745355],"GT_T":[-44.39935946828249,110.9438136158491,926.6188555950348],"R_pred":[0.22501238369238924,0.9605271796020981,0.1635755618382766,-0.9688039768038211,0.2384510577183614,-0.06752738409042788,-0.10386665352349855,-0.14327815715814302,0.9842169923178508],"T_pred":[-34.64033124209551,128.489168525085,633.1931180210596],"rotation_error":25.937354415700277,"translation_error":294.1117841597679,"ADD":0,"ADD_S":0}}
{"id_image":675,"data":{"Best_template_id":86,"GT_R":[0.13018886178530273,0.9533579798451125,0.27232482031621896,-0.8412178159165181,0.2515858065259026,-0.4785986400181489,-0.5247887329106351,-0.16677635586727568,0.8347354588946321],"GT_T":[-42.16300121118809,107.98532688187841,925.2654982160379],"R_pred":[0.11515140514802193,0.9601272645827693,0.25474652048113416,-0.8923717750412844,0.21264221521074397,-0.39806519996092976,-0.43636311599641814,-0.18149083755131118,0.8812765212365639],"T_pred":[-24.281091972387717,95.98522264413064,608.6955115211372],"rotation_error":5.929347372970125,"translation_error":317.3016256746113,"ADD":0,"ADD_S":0}}
{"id_image":681,"data":{"Best_template_id":94,"GT_R":[0.12785810001261183,0.952565984508355,0.276170926924399,-0.8421860867900741,0.2513416063907709,-0.47702165265072577,-0.5238081807886961,-0.17159597882231484,0.834373890767624],"GT_T":[-41.73165278946332,106.94156232401096,922.397055026039],"R_pred":[0.05897905053521377,0.9689266994182385,0.2402134941098094,-0.8648744615671314,0.16976414163045528,-0.47241115772750286,-0.49851142146086236,-0.17989215483437146,0.8480124853456565],"T_pred":[-27.239789629267676,106.4735290870418,710.5755089153912],"rotation_error":4.861634198541019,"translation_error":212.31721679993365,"ADD":0,"ADD_S":0}}
{"id_image":685,"data":{"Best_template_id":94,"GT_R":[0.12941280138623307,0.9527135373536376,0.2749363521117998,-0.8425434139742601,0.2518490501379238,-0.4761236244009921,-0.5228510397689359,-0.1700298739050857,0.83529492317114],"GT_T":[-43.80761777156162,107.09159843027807,919.8146330165972],"R_pred":[0.16554070354341177,0.9504236672660376,0.2632320804365007,-0.8450918550242383,0.27429118779707473,-0.45889443325078766,-0.5083463701474065,-0.14648957982548133,0.8486016562324812],"T_pred":[-33.78288371973157,109.7717624245174,731.5439487229318],"rotation_error":2.289569422067512,"translation_error":188.5564348842303,"ADD":0,"ADD_S":0}}
{"id_image":694,"data":{"Best_template_id":86,"GT_R":[0.1266555352620301,0.9524845860511181,0.27700561615544617,-0.8447310431728421,0.2499559168299264,-0.4732362867780766,-0.5199896493066459,-0.17405699286202442,0.8362511288996991],"GT_T":[-47.69057137971926,107.40107981375894,916.000010178189],"R_pred":[0.18405932880611767,0.9635335384827267,0.19422997631261066,-0.9213838187032194,0.23795254695175277,-0.30729536936154234,-0.3423069121582477,-0.12239977785163557,0.931581597215486],"T_pred":[-37.22729258607906,107.60650876358174,640.3118452173871],"rotation_error":11.982101749623881,"translation_error":275.88672803094596,"ADD":0,"ADD_S":0}}
{"id_image":698,"data":{"Best_template_id":86,"GT_R":[0.1260259212113995,0.9526413292479539,0.27675370246097325,-0.8434439124173084,0.2497558649995055,-0.47563017254844386,-0.5222257894459041,-0.1734850390063644,0.8349758199578176],"GT_T":[-48.45666216802685,102.95250061898965,914.8723404196239],"R_pred":[0.12337007050643242,0.956485514696164,0.26441498800115737,-0.893548694681129,0.2229775698748071,-0.38968157971140516,-0.43168339780085185,-0.18819262341850654,0.882175141654973],"T_pred":[-29.232917277188914,91.89296932781608,609.5753478083639],"rotation_error":5.933390786057678,"translation_error":306.10148529121557,"ADD":0,"ADD_S":0}}
{"id_image":780,"data":{"Best_template_id":86,"GT_R":[0.12764600811536433,0.9438660472467766,0.30466805594253954,-0.8521980292212188,0.26152622198534026,-0.4531696975665345,-0.5074101192993596,-0.20179215315832252,0.8377443552867703],"GT_T":[-58.154213590486876,100.01575560442069,889.6214753912866],"R_pred":[0.18286848378687687,0.9415206754604288,0.28301578634066843,-0.8766990066152993,0.28644485296967986,-0.3864559457518102,-0.4449246783863942,-0.17744904589125474,0.8778119768350438],"T_pred":[-45.50519120133696,94.96165585903641,655.8635710948457],"rotation_error":5.012615563036677,"translation_error":234.15443517623473,"ADD":0,"ADD_S":0}}
{"id_image":946,"data":{"Best_template_id":94,"GT_R":[0.12349300503531734,0.9124997448048096,0.3899930303508924,-0.871043642052159,0.28796120807795134,-0.3979469452520796,-0.47542906211986663,-0.2905573984216983,0.8303880502266965],"GT_T":[-53.558091264616635,81.13898729641556,835.1738114553726],"R_pred":[0.12723301430816703,0.9190768264157682,0.3729739229699285,-0.8945664662977816,0.26875624877823745,-0.35710070864974564,-0.42844205844613126,-0.28821496471934027,0.8563699765091439],"T_pred":[-60.365949827797714,88.05175604568802,766.780398920689],"rotation_error":3.0921598751445263,"translation_error":69.07815999385492,"ADD":0,"ADD_S":0}}
{"id_image":1038,"data":{"Best_template_id":86,"GT_R":[0.10699112189873705,0.8944268182019834,0.43422872445235533,-0.8830211284292842,0.2862093880208593,-0.3719650058688056,-0.45697531170014594,-0.3436354991113373,0.8204201580909445],"GT_T":[-45.795754951661365,79.39718760972332,815.2109674078391],"R_pred":[0.128338506236135,0.909083109777397,0.39635479981266086,-0.9167587933370198,0.26118670269422994,-0.30221651373637276,-0.37826253139364574,-0.32457573207677254,0.866930246035111],"T_pred":[-52.04335701029675,81.9249998940938,697.8131902620661],"rotation_error":5.354458970747375,"translation_error":117.59107298258941,"ADD":0,"ADD_S":0}}
{"id_image":1045,"data":{"Best_template_id":94,"GT_R":[0.10153752747839803,0.8950325993502591,0.43428990354565367,-0.8840654942687532,0.28136735473836955,-0.37317700650969804,-0.45620038988311473,-0.3460487595310948,0.8198365267200172],"GT_T":[-46.92615424634285,78.86114813839527,813.7583017228674],"R_pred":[0.1593284249020514,0.9027937528789791,0.3994720175192752,-0.9012595641015795,0.29816265758697774,-0.3143727528525673,-0.40292139572584384,-0.3099394608360791,0.8611572907912808],"T_pred":[-58.77850825526322,83.50302819245631,756.4665409752771],"rotation_error":4.879365685358525,"translation_error":58.688765496883526,"ADD":0,"ADD_S":0}}
{"id_image":1057,"data":{"Best_template_id":86,"GT_R":[0.10040081592078752,0.8924613305535312,0.43981063392712727,-0.8824120595082859,0.2840861284125153,-0.37502700738341394,-0.4596405568636044,-0.3504404923696746,0.8160407192066927],"GT_T":[-47.3315755276862,72.34885061152234,812.7099972307932],"R_pred":[0.13395902282265668,0.9010899196063012,0.412422037466851,-0.8881868666965534,0.2937519598526842,-0.3533183775442003,-0.4395214102090569,-0.3189776526131833,0.8396869578010755],"T_pred":[-59.35358950413872,77.80908624931226,749.0848823493783],"rotation_error":2.718035385661644,"translation_error":64.98075281914987,"ADD":0,"ADD_S":0}}
{"id_image":1063,"data":{"Best_template_id":86,"GT_R":[0.09801945013541695,0.8910936653479133,0.4431080430165004,-0.8839581360865422,0.28250123802254057,-0.37257341334577077,-0.45717624045591543,-0.3551699574737223,0.8153804145793162],"GT_T":[-46.86573552722852,72.81174798787113,811.0790683528506],"R_pred":[0.14677293278113152,0.8896424036313417,0.4324281441625585,-0.8875829921009237,0.311420488748972,-0.3394314530513092,-0.4366395977645604,-0.3339965162219517,0.835339564976784],"T_pred":[-59.582383899138925,80.00931327616375,759.8807136828381],"rotation_error":3.061258781978131,"translation_error":53.242742348703686,"ADD":0,"ADD_S":1}}
{"id_image":1076,"data":{"Best_template_id":86,"GT_R":[0.08675196980725802,0.8910962224831601,0.44544621013139307,-0.8920247195879427,0.26857058619435414,-0.36354023045648887,-0.4435839020641344,-0.36581093732124725,0.8181783606703057],"GT_T":[-45.11658239241895,82.85319676937644,806.783662371885],"R_pred":[0.23634128650533395,0.9307431924340686,0.27903387971829163,-0.910925552732547,0.31217664252916594,-0.26974132282266494,-0.3381677596576992,-0.19042807985393265,0.9216179863323182],"T_pred":[-66.34386361942919,87.07389559006626,716.3165137111088],"rotation_error":13.788396105215204,"translation_error":93.0199804001084,"ADD":0,"ADD_S":0}}
{"id_image":1080,"data":{"Best_template_id":86,"GT_R":[0.08497044175846867,0.8916132269544597,0.44475387575260367,-0.8915140781584214,0.267366818345856,-0.36567442190901595,-0.4449524500579275,-0.3654322306584699,0.8176042735685084],"GT_T":[-45.85372107375812,79.712017131287,806.3092056290045],"R_pred":[0.15638081217729452,0.9197775248569804,0.359936586568713,-0.938016812927615,0.2524233094430131,-0.23750143476399566,-0.30930486618850567,-0.30048590252756235,0.9022409446119737],"T_pred":[-60.775266269853134,89.20763747726976,722.4326734041365],"rotation_error":10.075034096172077,"translation_error":85.72101244656103,"ADD":0,"ADD_S":0}}
{"id_image":1091,"data":{"Best_template_id":86,"GT_R":[0.08041217063494076,0.8959792747438754,0.436756117075341,-0.8921398050595926,0.26011566563526206,-0.3693590965016879,-0.4445451504690179,-0.359945961411669,0.8202548952548118],"GT_T":[-57.00170527372464,74.75444951527936,805.5212685903683],"R_pred":[0.14640286867388486,0.9050259275468289,0.39936733781327133,-0.8924639647305805,0.29498334388449376,-0.34131056017664585,-0.42670161905180354,-0.3064521125701777,0.850889435238119],"T_pred":[-71.89286058458536,79.97986275638162,757.3376576315496],"rotation_error":4.430956766360635,"translation_error":50.7021874780887,"ADD":0,"ADD_S":1}}
{"id_image":1092,"data":{"Best_template_id":86,"GT_R":[0.08072521108094152,0.8958698823637322,0.43692270599652533,-0.8919084056301876,0.2606106396369231,-0.3695699375700856,-0.4449535946035555,-0.35986133769974654,0.8200717449021026],"GT_T":[-57.142657922105265,73.36151203739522,805.2752703861819],"R_pred":[0.12026149893088453,0.9039021617989863,0.4104851443962569,-0.9005696318033424,0.27332760148966945,-0.33803307609980493,-0.41774574821114446,-0.3290180909296987,0.8468976240918895],"T_pred":[-69.8723351407071,79.34414195515292,753.1386898263745],"rotation_error":3.1297660293909724,"translation_error":54.000551620255926,"ADD":0,"ADD_S":1}}
{"id_image":1110,"data":{"Best_template_id":86,"GT_R":[0.08836745067584943,0.8940829633239713,0.4390985088010939,-0.8922027230209212,0.26705476973283254,-0.3642189274209711,-0.4429058984765884,-0.3595792635100512,0.8213027918324848],"GT_T":[-65.9728386045405,70.10323267902581,802.2259803767753],"R_pred":[0.15909244110097623,0.8943893320035223,0.41803985214668926,-0.884289176856244,0.31737910410992964,-0.3424954831370556,-0.43900142013373844,-0.3151796742695693,0.84139142261369],"T_pred":[-79.73977533001877,75.03294921745646,758.638022220588],"rotation_error":4.231080413441081,"translation_error":45.97543635658209,"ADD":0,"ADD_S":1}}
{"id_image":1111,"data":{"Best_template_id":86,"GT_R":[0.08770802990496664,0.8938978032053155,0.4396075912262362,-0.8924717228618071,0.2665458667208084,-0.3639344362270981,-0.4424960941942333,-0.3604173201236158,0.821155985257348],"GT_T":[-65.79473096882961,69.16786733686608,802.157877461358],"R_pred":[0.1391334030104289,0.8942120307639394,0.42547237302058616,-0.8758367513252743,0.3116172466217202,-0.3685168607213076,-0.46211673979063683,-0.32137133606612966,0.8265401279794851],"T_pred":[-84.64692989580146,77.24898147963528,799.1247454376219],"rotation_error":3.4167032064756224,"translation_error":20.73426391372495,"ADD":0,"ADD_S":1}}
{"id_image":1149,"data":{"Best_template_id":94,"GT_R":[0.10064092822726237,0.8897972060535396,0.4451204979851233,-0.8906255028906733,0.27998518076296497,-0.35832284047563656,-0.44346191881854913,-0.36037316890484383,0.8206540148387518],"GT_T":[-73.38981907703041,61.84407183930798,802.1765152078482],"R_pred":[0.11528048245370758,0.889641729515748,0.4418687627219977,-0.8922724243267218,0.28823035863137314,-0.34752436051210045,-0.43653216508220194,-0.35420453620395465,0.8270301175780641],"T_pred":[-93.81501037322603,68.15006075858591,812.9630538271292],"rotation_error":0.9397057624218111,"translation_error":23.943753906217015,"ADD":0,"ADD_S":1}}
{"id_image":1150,"data":{"Best_template_id":86,"GT_R":[0.10088715877749463,0.8893213639091518,0.4460158187670016,-0.8909221379431914,0.28028725595768866,-0.35734791268912447,-0.4428094483740046,-0.36131352317949045,0.820593365120012],"GT_T":[-73.60103560976371,61.90450394948639,802.1200132847816],"R_pred":[0.15095488177146715,0.8966096538460853,0.416297672704719,-0.8907501019734345,0.3059972728611776,-0.3360504795947148,-0.42869205673032734,-0.3200887339965669,0.8448469227409168],"T_pred":[-89.03593340401237,66.95890263031316,760.8166161833018],"rotation_error":3.4003187033734177,"translation_error":44.38190653933401,"ADD":0,"ADD_S":1}}
{"id_image":1160,"data":{"Best_template_id":86,"GT_R":[0.1091211862554734,0.8855524735546413,0.45154033652270886,-0.8908293310518279,0.28866815308400845,-0.3508481745486463,-0.44104015028260574,-0.36396034850102277,0.8203762346073086],"GT_T":[-75.27730951185481,60.87460133097497,801.9513166001021],"R_pred":[0.18239865726142707,0.8910576604412459,0.41562841048008453,-0.8966923670995746,0.3241564169695174,-0.30143890943746116,-0.40332806574126484,-0.31770877089947874,0.858130297961185],"T_pred":[-90.38687420138622,65.54309070913979,750.9712619015071],"rotation_error":5.031056286059538,"translation_error":53.37658396013101,"ADD":0,"ADD_S":1}}
{"id_image":1182,"data":{"Best_template_id":86,"GT_R":[0.09017723378933995,0.8773751513814888,0.47125465416358797,-0.8957236481769126,0.2783024491286637,-0.34673828232292486,-0.43537135641057184,-0.39084542390095567,0.8109819212608321],"GT_T":[-56.87372830635544,65.34665324979471,800.033050396625],"R_pred":[0.09273569944231438,0.8903066496272153,0.4458185277425192,-0.8990487152680068,0.2672996665621559,-0.3467885462795828,-0.42791529258007466,-0.36865289621176556,0.8252172710812503],"T_pred":[-75.01709033664407,72.27671621527155,782.7666816443549],"rotation_error":1.6719820639622351,"translation_error":25.987205474174424,"ADD":0,"ADD_S":1}}
{"id_image":1220,"data":{"Best_template_id":86,"GT_R":[0.09511639459896216,0.8712291955058439,0.48157275784508125,-0.9039362769240029,0.2782189474342578,-0.32479804065397005,-0.41695627364815335,-0.40441742914798484,0.8139992842968375],"GT_T":[-58.66656806112333,76.29465055574421,797.3417044731879],"R_pred":[0.1306668934812419,0.8683220316137965,0.4784798975527087,-0.9079010756563155,0.29868896675331513,-0.29410973795837153,-0.39829863139366517,-0.3959820078664254,0.8273792659210207],"T_pred":[-70.78381159802086,78.91916773239933,751.6100204310098],"rotation_error":2.3118576716207215,"translation_error":47.38251372264501,"ADD":0,"ADD_S":1}}
{"id_image":1528,"data":{"Best_template_id":86,"GT_R":[0.04200314234952186,0.8385421405411058,0.5432154586699596,-0.8920903267196774,0.2763011871967624,-0.3575365783894955,-0.4499006251887793,-0.46957993191102165,0.7596611733832532],"GT_T":[-76.79701023663368,64.6162760157732,799.8630121433355],"R_pred":[0.09696721093107728,0.8459628475189559,0.5243512378376421,-0.8911358475201389,0.3084213082836971,-0.33279603041673483,-0.4432541723084078,-0.4349978818502363,0.7837745731503387],"T_pred":[-99.99028612796953,68.55807170145107,802.7969470767242],"rotation_error":3.3651479472518657,"translation_error":23.708095115226108,"ADD":0,"ADD_S":1}}
{"id_image":1536,"data":{"Best_template_id":86,"GT_R":[0.033177601083399635,0.8384891203464283,0.5439076018416509,-0.8924980827361378,0.2697917918242657,-0.361469965472963,-0.4498303195209303,-0.47344369708336104,0.7573004697011636],"GT_T":[-76.20463609773303,65.54225811468051,795.0951744267903],"R_pred":[0.0492287065278519,0.8282369113825984,0.5582115665919228,-0.8720837950149386,0.3080828825054997,-0.38020361910356054,-0.486874099666369,-0.46809032902904185,0.7374585106591056],"T_pred":[-107.11667469114668,72.56513618721556,856.6752106502395],"rotation_error":2.746395636196967,"translation_error":69.26020363602535,"ADD":0,"ADD_S":0}}
{"id_image":1545,"data":{"Best_template_id":86,"GT_R":[0.02862924551850647,0.8386695708589533,0.5438874645277733,-0.8948343492330475,0.2639922470770327,-0.3599712711293471,-0.4454795118631919,-0.4763840574095084,0.7580288104516396],"GT_T":[-73.77461078166097,76.60229708450817,791.5870485894031],"R_pred":[0.06404278714023268,0.8408661538177209,0.5374408179317083,-0.8691844289814499,0.31160461011394935,-0.383954418351872,-0.4903233115317909,-0.44254567935923445,0.7508237954733266],"T_pred":[-107.56587197101436,85.39191025946005,868.9695204850617],"rotation_error":3.625990561589067,"translation_error":84.89495620597714,"ADD":0,"ADD_S":0}}
{"id_image":1566,"data":{"Best_template_id":86,"GT_R":[0.035291558594565446,0.8312122430225164,0.554834517065877,-0.8881154484396895,0.28066218487094513,-0.36397816782707415,-0.45826398436961985,-0.479910690590712,0.7481173264569456],"GT_T":[-69.14246235735577,73.36524161805252,787.5335363658194],"R_pred":[0.046187125199033036,0.816530320435856,0.575451983465838,-0.8725665069733939,0.3134221663261553,-0.37469218908814994,-0.4863069404955054,-0.4848141720951833,0.7269530783768392],"T_pred":[-101.11263072471093,81.99169393650682,862.1852567065587],"rotation_error":2.3787304366985444,"translation_error":81.66631309708767,"ADD":0,"ADD_S":0}}
{"id_image":1571,"data":{"Best_template_id":86,"GT_R":[0.03787372600862602,0.8286143681690864,0.558537416930772,-0.8878099423830225,0.284443019308895,-0.3617826400690441,-0.45865057939706527,-0.4821723940823684,0.7464252481922343],"GT_T":[-67.84783178806158,75.27956534530892,786.1083723078103],"R_pred":[0.12664853863785122,0.84455370522328,0.5202779897848128,-0.887423654440079,0.3308214176482748,-0.3209929082789852,-0.4432148521892198,-0.4210537122729294,0.7913749845554088],"T_pred":[-95.22499293239663,79.49477980003358,804.779515486203],"rotation_error":5.6460626771137505,"translation_error":33.404918392509906,"ADD":0,"ADD_S":1}}
{"id_image":1584,"data":{"Best_template_id":149,"GT_R":[0.04345002647206945,0.825199090954761,0.5631691563202965,-0.8822801459474396,0.29615884628835043,-0.3658842004326747,-0.4687146368733005,-0.48097519560418606,0.7409249118368026],"GT_T":[-66.10403718609929,69.24971773189557,782.8609399081764],"R_pred":[0.08656882902835458,0.8565704632732303,0.5087168950295865,-0.8704090600956431,0.3134458399589205,-0.37965744232908977,-0.4846585457248008,-0.4099252942431469,0.7727013311723947],"T_pred":[-86.41502799420472,67.81322359224924,728.4400546848611],"rotation_error":4.575766601309544,"translation_error":58.10535785544597,"ADD":0,"ADD_S":0}}
{"id_image":1588,"data":{"Best_template_id":86,"GT_R":[0.045044376982080324,0.8260382201011489,0.5618116490670287,-0.8784415713083055,0.3005614705985644,-0.3714884226596752,-0.4757217794540697,-0.4767850803031993,0.7391650244633484],"GT_T":[-67.01331719704984,63.51287584249153,780.8067006227074],"R_pred":[0.07170664707881072,0.8234280486832981,0.5628715709700844,-0.8596467440084659,0.33721019240058314,-0.3837926023997919,-0.5058316244367862,-0.45635023258762314,0.7320374532336882],"T_pred":[-100.96575276818335,68.30365613151034,857.4888423303469],"rotation_error":2.54342665296927,"translation_error":83.99922805514423,"ADD":0,"ADD_S":0}}
{"id_image":1603,"data":{"Best_template_id":86,"GT_R":[0.051569516748561486,0.8176876227060265,0.5733476992175665,-0.8685982505392568,0.32003953668401447,-0.3783026422035896,-0.4928271311137965,-0.47849980441949536,0.726746227008856],"GT_T":[-58.39803330659083,50.7301007288469,772.7373681537271],"R_pred":[0.09650234728516673,0.8256271824553099,0.5559020170491916,-0.8469975113813748,0.36145635793629627,-0.38980061187892745,-0.5227642993569962,-0.4332309509930411,0.7341855558504636],"T_pred":[-95.6931904868048,52.914121329473915,848.4503028127423],"rotation_error":3.555554927120409,"translation_error":84.42835524728133,"ADD":0,"ADD_S":0}}
{"id_image":1611,"data":{"Best_template_id":149,"GT_R":[0.06384651291369096,0.8191221861016978,0.5700556199595008,-0.8630765560657686,0.3321006791708165,-0.38053661901376723,-0.5010216207247314,-0.46770553991185015,0.7281683277422758],"GT_T":[-63.37363330008974,46.624696268149876,768.5068185082645],"R_pred":[0.24817279257874725,0.8546403110857366,0.45607039335056787,-0.8389688723169386,0.4249916816414351,-0.3398724787605341,-0.4842948443943118,-0.2982817614318058,0.8224879904838908],"T_pred":[-91.49573271455905,44.17505782996712,707.0331641514243],"rotation_error":12.641953772433155,"translation_error":67.6451283089874,"ADD":0,"ADD_S":0}}
{"id_image":1617,"data":{"Best_template_id":86,"GT_R":[0.06686446782903406,0.8201708412602159,0.5681986466055818,-0.8598879973701332,0.33621618740433534,-0.3841243018712201,-0.5060853857247427,-0.4629022329439277,0.7277360982892848],"GT_T":[-64.98041431041983,44.58776337723859,766.31238332642],"R_pred":[0.1211462809984171,0.8387474141035942,0.5308731994881511,-0.8272074664959508,0.38092439449103904,-0.41306708057528085,-0.5486814977503826,-0.3891007337646242,0.7399656971848275],"T_pred":[-109.41306088595307,47.83695498390104,881.5218850525494],"rotation_error":5.126128865937187,"translation_error":123.52346585076884,"ADD":0,"ADD_S":0}}
{"id_image":1628,"data":{"Best_template_id":86,"GT_R":[0.0667920027933239,0.8152147497158627,0.5752947743982068,-0.8610854701385816,0.33837476491920043,-0.3795188330792505,-0.5040548228195183,-0.4700289581817193,0.7245704221915056],"GT_T":[-54.79679059194566,54.0998423837218,764.1366030027012],"R_pred":[0.1531726573445515,0.8637198292159238,0.48013143373583034,-0.8543171636855187,0.35993595140908885,-0.3749510564267886,-0.4966692268243921,-0.3527522749784179,0.7930230208658581],"T_pred":[-98.45854882427697,61.39156153169709,854.6077730246612],"rotation_error":7.892975502872798,"translation_error":100.72016136411763,"ADD":0,"ADD_S":0}}
{"id_image":1629,"data":{"Best_template_id":86,"GT_R":[0.06725989534539942,0.8153053429530305,0.5751121523730753,-0.8614854294015278,0.3382299510580149,-0.37873894183329243,-0.5033080094745196,-0.4699767845698035,0.7251228897742783],"GT_T":[-54.149900514355366,55.66504514341849,764.1024237008863],"R_pred":[0.10588648962032901,0.8374131259875042,0.5362157287321221,-0.8497603571033665,0.35625875380455696,-0.38857050304054663,-0.5164255869062291,-0.4145105025948812,0.7493234658190655],"T_pred":[-90.8839017657243,60.83946244877406,844.4459260243963],"rotation_error":3.5984449918516317,"translation_error":88.49429251648597,"ADD":0,"ADD_S":0}}
{"id_image":1645,"data":{"Best_template_id":86,"GT_R":[0.06056165446155751,0.8133570933355542,0.5786053290755685,-0.8584856950187573,0.33818188461567544,-0.3855322617134355,-0.5092493143612621,-0.4733755093146603,0.7187358077640257],"GT_T":[-45.79523330598414,56.3458023392445,759.8383889595738],"R_pred":[0.023047744782670514,0.8026491967012354,0.5960059299162167,-0.8377784045052202,0.34081469712498685,-0.4265825678204524,-0.5455237358769279,-0.4894891308889962,0.6802971735472776],"T_pred":[-82.70581006113115,61.188704110583195,878.2427101292774],"rotation_error":3.389382064312588,"translation_error":124.11860314079739,"ADD":0,"ADD_S":0}}
{"id_image":1650,"data":{"Best_template_id":86,"GT_R":[0.06035687541338959,0.812250921311929,0.5801781732832957,-0.856156540664835,0.3409502259428323,-0.38826446838180084,-0.5131799837980746,-0.47328847616728376,0.7159925546221544],"GT_T":[-43.98579037058108,54.997159388511875,757.6353175966393],"R_pred":[0.12276458903171805,0.824043960217979,0.5530645598012434,-0.8226001583002629,0.3962558939412634,-0.4078115325505063,-0.5552097218567555,-0.40488617924681003,0.7265048840927804],"T_pred":[-84.02393047737478,59.92162944627548,868.4791170015253],"rotation_error":5.108582819015794,"translation_error":117.95613987865005,"ADD":0,"ADD_S":0}}
