{"id_image":1,"data":{"GT_R":[-0.03310500872557302,-0.16674361981299296,0.9854444865057496,-0.801347983378759,0.593662376198298,0.07353038898653907,-0.5972814751739469,-0.7872500043290918,-0.15327222666475712],"GT_T":[-28.93637511601437,109.93765453493259,893.7320527155498],"R_pred":[-0.03739538463528544,-0.15740720124561391,0.9868254953151554,-0.7734799924280559,0.6298145443105054,0.07115013062844538,-0.6327165925763869,-0.7606290901424773,-0.1453034779609673],"T_pred":[-34.113076970603146,94.53773821999417,751.6476834428038],"rotation_error":2.6333239453621404,"translation_error":143.0102222088773,"ADD":0,"ADD_S":0}}
{"id_image":2,"data":{"GT_R":[-0.0332068444459911,-0.16780609001104274,0.9852604293052569,-0.8020508718813508,0.5926653534470266,0.0739085398531496,-0.5963315315289225,-0.7877751235864399,-0.15426961420845853],"GT_T":[-29.142333612924887,110.4830129512191,892.6894968551497],"R_pred":[-0.02487027284947002,-0.16334606215111908,0.9862553084815895,-0.7955281285262978,0.600688261118524,0.07942675668721044,-0.6054060342050107,-0.7826184746951262,-0.14488566807671158],"T_pred":[-34.2762501363705,93.67881569430043,732.279334287941],"rotation_error":0.834933832509594,"translation_error":161.36963282835308,"ADD":0,"ADD_S":0}}
{"id_image":3,"data":{"GT_R":[-0.03376822427033602,-0.16821610922621075,0.9851714412202687,-0.801198671678157,0.5938138790623053,0.07393076021644482,-0.5974447560733562,-0.7868218278320364,-0.1548270093242624],"GT_T":[-28.545788403728377,110.52108871857523,892.1294365512956],"R_pred":[-0.034029027088984753,-0.16514117728153727,0.9856827161320445,-0.8021413044455299,0.5928225986560762,0.0716288644687324,-0.5961638642334846,-0.7882193591182116,-0.1526397356309128],"T_pred":[-33.027950435523024,92.63122854217262,720.1685013558753],"rotation_error":0.2041517217767239,"translation_error":172.94710204826808,"ADD":0,"ADD_S":0}}
{"id_image":4,"data":{"GT_R":[-0.03642186337938906,-0.17090609324484876,0.9846136529121877,-0.8014093662376122,0.5935968770482518,0.07338931419874475,-0.597006469560047,-0.7864061297125737,-0.15858527749037887],"GT_T":[-25.85185546113133,110.90182338971984,891.448543132811],"R_pred":[-0.04192266988945423,-0.17896024397976734,0.982962726060374,-0.7739194991753691,0.6280391916490806,0.08133500199123944,-0.6318948476965812,-0.7573242402217635,-0.16482990210226756],"T_pred":[-30.85288066831551,95.53206572156894,754.333650414228],"rotation_error":2.627284406832896,"translation_error":138.06423689402365,"ADD":0,"ADD_S":0}}
{"id_image":5,"data":{"GT_R":[-0.03230886475469587,-0.1725642135137346,0.9844685162993299,-0.8023940132310513,0.591754182279905,0.07739350509993212,-0.5959183707930618,-0.7874323977747149,-0.15758318692059556],"GT_T":[-27.587017686419088,111.41645030043178,890.450395821047],"R_pred":[-0.05127437858167874,-0.1699853681829524,0.9841117379163653,-0.7831344384514903,0.6183397941760804,0.06600265335235744,-0.6197349348006223,-0.7673075482112689,-0.16482638455562793],"T_pred":[-32.406332287846055,96.42407660870758,749.3743180991627],"rotation_error":2.065246023595816,"translation_error":141.95230455167317,"ADD":0,"ADD_S":0}}
{"id_image":6,"data":{"GT_R":[-0.02608294187472892,-0.171261575838906,0.9848805962323988,-0.8029871636103355,0.5904109535366018,0.08140149409302917,-0.5954246345820751,-0.7887237268982323,-0.15292021609144824],"GT_T":[-32.48158002091216,113.31329908930765,889.6772367534434],"R_pred":[-0.00544930503095048,-0.18009374795386973,0.9836343563655183,-0.8465386445737362,0.5244343105481093,0.0913289503015901,-0.5322993784684902,-0.8321868154854755,-0.15531411981594584],"T_pred":[-37.23748870068499,98.09417941239711,719.3578357962039],"rotation_error":4.572784115253023,"translation_error":171.06413596526707,"ADD":0,"ADD_S":0}}
{"id_image":7,"data":{"GT_R":[-0.023578507770034247,-0.17157088751735147,0.9848894741162422,-0.8046642743825633,0.5878789733175902,0.08314625428870102,-0.5932616528222261,-0.7905452373882724,-0.15191846278526516],"GT_T":[-34.09208519232186,116.28908249388209,889.0031882624004],"R_pred":[0.005612531559847145,-0.14700592657957828,0.9891196879245552,-0.8087962540714193,0.5810148570512661,0.09094149375140703,-0.5880621726395348,-0.8005067104254509,-0.1156368785219207],"T_pred":[-40.071121639162676,102.41311671921869,741.3497675611],"rotation_error":2.23440862065951,"translation_error":148.4244721998616,"ADD":0,"ADD_S":0}}
{"id_image":8,"data":{"GT_R":[-0.02378138838797422,-0.1743592534916669,0.9843948992383746,-0.8059051856855701,0.5860071724315448,0.0843258920912816,-0.5915654771829867,-0.7913241387700171,-0.1544529738208714],"GT_T":[-34.21614888066365,117.17886020925044,888.6126559345424],"R_pred":[-0.00561057877814683,-0.15399316415579384,0.9880559836360796,-0.778750238885265,0.6205087810301877,0.0922871502462475,-0.6273090042729477,-0.7689310489619452,-0.12340362677152394],"T_pred":[-39.47799833962669,103.12257939096057,752.64487195995],"rotation_error":3.003546320427139,"translation_error":136.7936561728388,"ADD":0,"ADD_S":0}}
{"id_image":9,"data":{"GT_R":[-0.017264942429396444,-0.1701590330571216,0.9852650400572619,-0.8068769900813824,0.5843103932068238,0.08677388655497317,-0.5904664047938765,-0.7934908214654319,-0.1473854255140161],"GT_T":[-39.41150183137253,118.93494875212818,888.2128995104142],"R_pred":[-0.034140338063005204,-0.19430063456426977,0.9803477447951139,-0.8287107902806579,0.5537991188562525,0.08090093958938727,-0.5586348211393122,-0.809662768911823,-0.17992592155853612],"T_pred":[-41.4092810825889,105.66033875282797,730.5880702437253],"rotation_error":2.7685120285360005,"translation_error":158.19542722191105,"ADD":0,"ADD_S":0}}
{"id_image":10,"data":{"GT_R":[-0.020133648513131378,-0.16976136120310198,0.985279083051341,-0.8073634955666609,0.5840257945133411,0.08412828208740249,-0.5897097734453649,-0.7937857517754712,-0.14881784314487234],"GT_T":[-38.51437178668497,119.76902521747687,888.3790580226098],"R_pred":[-0.03488613926246115,-0.226164670978648,0.9734641744247603,-0.8356670715309913,0.5408339005948679,0.09570390549062202,-0.5481272688401639,-0.8101532161069662,-0.20786597505450952],"T_pred":[-39.38458242991816,107.13543629167972,733.6014286855556],"rotation_error":4.406534618789743,"translation_error":155.29481439799648,"ADD":0,"ADD_S":0}}
{"id_image":11,"data":{"GT_R":[-0.02070995685083074,-0.17272384573614957,0.9847522940069866,-0.8067639767355566,0.5846438010234539,0.08557930777629785,-0.5905102776274137,-0.7926908896270053,-0.15145535597779763],"GT_T":[-36.549899898658275,118.05120898769648,888.6672568838538],"R_pred":[-0.013956917482926712,-0.16887957100738726,0.9855378708861148,-0.8501129095559653,0.5209075991262533,0.0772224978799223,-0.5264154684853651,-0.8367406788658505,-0.1508369678508876],"T_pred":[-40.64529136267687,102.4090572983571,709.8172488876257],"rotation_error":4.461632950946784,"translation_error":179.57943785680675,"ADD":0,"ADD_S":0}}
{"id_image":12,"data":{"GT_R":[-0.016211765328479014,-0.17643416393389197,0.9841784405064354,-0.8068090957714151,0.5837064800225394,0.09135175897496045,-0.5905888112478549,-0.7925645842433545,-0.15181169576584677],"GT_T":[-37.27998391013485,117.95820005058656,888.7756973297162],"R_pred":[-0.0013963968892177214,-0.16217003260277774,0.9867618408721234,-0.8083519181009696,0.5810888185451557,0.0943555057443835,-0.5886979077406435,-0.7975190690431226,-0.1319018875315278],"T_pred":[-42.09895147225134,106.50759094098278,752.7081922026872],"rotation_error":1.1974235624426306,"translation_error":136.63346899218996,"ADD":0,"ADD_S":0}}
{"id_image":13,"data":{"GT_R":[-0.014836739138898545,-0.17798623265818997,0.9839212301852545,-0.8063707033540372,0.5839753236702044,0.09347905146745512,-0.5912233942851945,-0.7920184071267694,-0.15218766985137325],"GT_T":[-35.95429245318509,116.56857166753286,889.105205843514],"R_pred":[-0.009285599817547951,-0.20050298260217558,0.9796490859505051,-0.8314900039146291,0.5457530605427399,0.10381700389763943,-0.5554621058416842,-0.813604419159498,-0.1717838703081797],"T_pred":[-39.3511252157622,101.78368953160178,731.1835675921582],"rotation_error":2.831916458602058,"translation_error":158.6485897844112,"ADD":0,"ADD_S":0}}
{"id_image":14,"data":{"GT_R":[-0.012362705495425742,-0.18589391551099993,0.9824924515282429,-0.8058900581290257,0.5835126325115859,0.10026377869319514,-0.5919355270549953,-0.7905416631922725,-0.1570243732618212],"GT_T":[-33.58334111922284,114.81640654550012,889.5203706074166],"R_pred":[0.0015050733292816254,-0.16946621963551256,0.9855348472564132,-0.8091069029566323,0.5789539126556092,0.10078882184393123,-0.5876595564969569,-0.7975547425871212,-0.13624492003223684],"T_pred":[-39.110690171356616,101.1177355302425,744.0332563816046],"rotation_error":1.282640486018399,"translation_error":146.2351037914045,"ADD":0,"ADD_S":0}}
{"id_image":15,"data":{"GT_R":[-0.010398078868530669,-0.18932945985588875,0.9818588861059674,-0.8053156181174003,0.5836502990616477,0.10401557112711635,-0.5927549394040315,-0.7896247426889672,-0.15853935909763642],"GT_T":[-32.35160921136724,113.20051524324613,889.9889182227055],"R_pred":[-0.0329901798490686,-0.21602702606233115,0.9758298888864756,-0.8061129078627185,0.5829401794827485,0.10179747993803173,-0.590841457423765,-0.7832707521382924,-0.1933734755184251],"T_pred":[-35.7685791430568,99.09650806924988,745.2362660808723],"rotation_error":2.034651368997429,"translation_error":145.47827674251843,"ADD":0,"ADD_S":0}}
{"id_image":16,"data":{"GT_R":[-0.010634067695435864,-0.19233263341383025,0.9812721862309798,-0.8048998098058537,0.5839148196597553,0.1057262082092359,-0.5933139986167113,-0.7887026970190153,-0.1610180956552871],"GT_T":[-31.646056929036472,112.11023640102945,890.4278378290006],"R_pred":[0.022836096847685117,-0.17280618340926457,0.9846910864104981,-0.8030646276128218,0.5834736586739437,0.12101939311830268,-0.595454210294833,-0.7935341912036091,-0.12545027235120262],"T_pred":[-37.178912111440546,97.0231208922332,742.8129712240374],"rotation_error":2.235818584663117,"translation_error":148.48697715168933,"ADD":0,"ADD_S":0}}
{"id_image":17,"data":{"GT_R":[-0.01618247466222875,-0.19441827906600878,0.9807853550735913,-0.803464316313883,0.5863793926642028,0.10297951041489377,-0.5951322759387474,-0.7863597948495288,-0.16569711391900535],"GT_T":[-27.56400054241962,111.01748107621857,891.321374841063],"R_pred":[0.011082406668521838,-0.14482446352991096,0.9893952976569612,-0.7878617192185504,0.6080327456949376,0.09782684474450298,-0.6157524597209688,-0.7805908370753198,-0.10736318466601069],"T_pred":[-33.537319718112215,98.80974280557206,778.0346145850083],"rotation_error":3.596285581533037,"translation_error":114.09907740631434,"ADD":0,"ADD_S":0}}
{"id_image":18,"data":{"GT_R":[-0.022566137541565126,-0.19545805340404793,0.9804523905617109,-0.8023649390122585,0.5885865692804342,0.09887050348451885,-0.5964067500898429,-0.7844498312071768,-0.17011117881479565],"GT_T":[-21.727974338963673,109.06752586477404,892.284138171407],"R_pred":[-0.046049836622247764,-0.2261681223569279,0.9729991741911224,-0.8267949734530584,0.5552667633368578,0.08993827553476158,-0.560615273088257,-0.8003291835007342,-0.21256461045345085],"T_pred":[-25.539992354826108,93.88547123249899,737.068722012395],"rotation_error":3.310025901717438,"translation_error":156.00272971209804,"ADD":0,"ADD_S":0}}
{"id_image":19,"data":{"GT_R":[-0.029809123260356,-0.19853115351685144,0.9796413278475374,-0.8018181664627216,0.5899420382235118,0.09515788219028219,-0.5968238444269008,-0.7826583902472048,-0.17677156077624046],"GT_T":[-16.679742098129033,107.51114439444657,892.8316970259217],"R_pred":[0.0026888923678408116,-0.20419739581639185,0.9789260408221034,-0.8029292739466984,0.5830700811224528,0.12382997027894677,-0.5960682434900071,-0.7863413406668003,-0.16238825407361546],"T_pred":[-24.438428399965822,93.75231217753335,773.6263622141242],"rotation_error":1.891680573605836,"translation_error":120.24730568580823,"ADD":0,"ADD_S":0}}
{"id_image":20,"data":{"GT_R":[-0.0314859372892813,-0.20310188747076552,0.9786514565151779,-0.8016690231889948,0.5899057506200102,0.09663211031427689,-0.5969382433703251,-0.781512439719604,-0.18139347495583058],"GT_T":[-12.321320674116741,105.99441365892275,893.3604305543737],"R_pred":[-0.013553426632922971,-0.162625683157627,0.9865947454776053,-0.7811966675587103,0.6176064500219974,0.09107161734806019,-0.6241378623522783,-0.7694901949139707,-0.13541332545059004],"T_pred":[-20.747199536682167,89.09979731436681,752.0224003172889],"rotation_error":3.200306527122166,"translation_error":142.59334587327513,"ADD":0,"ADD_S":0}}
{"id_image":21,"data":{"GT_R":[-0.030972092287267203,-0.20690596924900967,0.977870681234938,-0.8022247630064377,0.5887290714570799,0.0991595036390064,-0.5962166389740993,-0.7814013633336389,-0.1842192441730692],"GT_T":[-11.668217703409884,105.69795537686117,893.1560560078939],"R_pred":[-0.02744489346028267,-0.2070363477059068,0.9779482238603188,-0.820245096514798,0.5638394903195829,0.09634838244403504,-0.5713534453089288,-0.7995129641755354,-0.18529506374662397],"T_pred":[-20.933878312279415,89.43496277125399,742.4732187611488],"rotation_error":1.7722329067025502,"translation_error":151.84088657452529,"ADD":0,"ADD_S":0}}
{"id_image":22,"data":{"GT_R":[-0.03096676922810776,-0.20724908147116072,0.9777974758640262,-0.803264252490241,0.5873295493266036,0.09904805251135879,-0.5948171092971057,-0.7823628884221648,-0.1846640897586411],"GT_T":[-12.34616523462022,106.28774343196844,893.0824806161612],"R_pred":[-0.03985006117278583,-0.22111060010741956,0.9744342333603957,-0.7932449768532362,0.6000058514445465,0.10370817195097898,-0.6075972180002425,-0.7688322838906037,-0.1993051427483097],"T_pred":[-19.505846156559016,90.49971733010192,755.642135263288],"rotation_error":1.3601373317023047,"translation_error":138.5293157776153,"ADD":0,"ADD_S":0}}
{"id_image":23,"data":{"GT_R":[-0.03317708730534051,-0.20843600510304075,0.9774730324316708,-0.80386655127184,0.5867104368855294,0.09782556588954669,-0.5938837084492906,-0.782512828302262,-0.18702000169865907],"GT_T":[-9.927172968162916,106.4454121951954,893.2431214219545],"R_pred":[0.0028934847243851647,-0.17508119724695753,0.9845497458822086,-0.8092684688965617,0.5779507416932901,0.10515457872099587,-0.5874318454050342,-0.7970693285698224,-0.1400154007860857],"T_pred":[-20.207726845299295,89.84514205044204,742.9444639548215],"rotation_error":2.8894551419624133,"translation_error":151.5616877489891,"ADD":0,"ADD_S":0}}
{"id_image":24,"data":{"GT_R":[-0.03191787937022764,-0.21194371382139648,0.9767608307751304,-0.8041951656772639,0.5857512068346311,0.10082078263825302,-0.5935063193273483,-0.782288741048545,-0.18914051682892327],"GT_T":[-8.903276636660783,106.99535168823842,893.6245158335277],"R_pred":[0.019836050233948854,-0.1680733796504852,0.9855748932293172,-0.8020123162177307,0.5859232684127034,0.11606105362112484,-0.5969780362343214,-0.792745395814721,-0.12317451712255381],"T_pred":[-19.434165201481903,90.68207235200173,741.0946898958581],"rotation_error":3.9269699827321336,"translation_error":153.7607573382836,"ADD":0,"ADD_S":0}}
{"id_image":25,"data":{"GT_R":[-0.02792959497942325,-0.21552798630635267,0.9760984798358415,-0.8062153634595335,0.5821450211467752,0.10547161715344405,-0.5909627644016341,-0.783999389421382,-0.19002090875410133],"GT_T":[-8.915532705128212,110.08120854789455,893.8683970013194],"R_pred":[-0.004998754974426256,-0.18122234491516476,0.9834294454368114,-0.7956208012475934,0.5964719711222037,0.10587128169494375,-0.6057743417072424,-0.7819076987528909,-0.1471658844981241],"T_pred":[-19.31160706122208,92.71524954198227,736.7259133480314],"rotation_error":2.6049858591138833,"translation_error":158.44057265402802,"ADD":0,"ADD_S":0}}
{"id_image":26,"data":{"GT_R":[-0.02757066814898908,-0.2207640426514887,0.9749373942609798,-0.8084429018281517,0.5785535516198167,0.10814467335786769,-0.587928226963416,-0.7851997738331259,-0.19442587481701354],"GT_T":[-6.782009394461902,113.52236697670443,894.4088664575236],"R_pred":[-0.02420625719589975,-0.22642896171340537,0.9737268520534672,-0.807914678265311,0.578099340877297,0.11434607435628569,-0.5888021142591324,-0.7839203259098617,-0.19692890308269048],"T_pred":[-14.854293805082976,99.59658443037864,751.1316802373054],"rotation_error":0.3918465771969868,"translation_error":144.17850493855377,"ADD":0,"ADD_S":0}}
{"id_image":27,"data":{"GT_R":[-0.023482880333517628,-0.22715352558198304,0.9735751103719944,-0.811577967687259,0.5729906031916043,0.11411425818349694,-0.5837712946640536,-0.7874536409015772,-0.19780830213935843],"GT_T":[-5.344014355143226,116.4308713944434,894.5923015900562],"R_pred":[-0.06553774671274554,-0.2647785196056813,0.962079590944138,-0.8473841010946848,0.5238941281329901,0.08645882094804891,-0.5269202871097001,-0.8095846330453645,-0.25870394849911627],"T_pred":[-11.973937223537991,100.6242148997919,720.7949847015076],"rotation_error":4.997470270813838,"translation_error":174.64052686716033,"ADD":0,"ADD_S":0}}
{"id_image":28,"data":{"GT_R":[-0.017074561757967753,-0.23267604319692167,0.9724047002769763,-0.8135716611035522,0.568572021754319,0.12176168355608957,-0.5812129173600312,-0.7890415013616973,-0.19900678397158245],"GT_T":[-7.021490302768718,119.61913304065946,895.2106209236567],"R_pred":[-0.025790419541414422,-0.2278684347590798,0.9733503124262738,-0.8168039669442813,0.566156104114438,0.1108988068377974,-0.5763385583526087,-0.7921762696612469,-0.2007252449036446],"T_pred":[-15.984407039975995,105.42732892518825,740.647650662701],"rotation_error":0.6690052149080331,"translation_error":155.47171111291948,"ADD":0,"ADD_S":0}}
{"id_image":29,"data":{"GT_R":[-0.012695743471945478,-0.23301395763517863,0.9723902881592289,-0.8160362697301543,0.5644121298176261,0.12459531193113242,-0.5778611687901021,-0.7919245844876923,-0.19731378880852588],"GT_T":[-7.479986932340914,122.94053024565217,895.978877037879],"R_pred":[-0.01771310531004222,-0.24693496757072952,0.9688701500671378,-0.8209411994714002,0.5567364137174173,0.12688621931292493,-0.5707379371574438,-0.7931378741630686,-0.21258061919505777],"T_pred":[-14.65036267123674,111.53084921557276,755.3311544576023],"rotation_error":0.9959262939696942,"translation_error":141.29181496627314,"ADD":0,"ADD_S":0}}
{"id_image":30,"data":{"GT_R":[-0.012235458218484744,-0.23428371018381414,0.9720914537509562,-0.8170098687052118,0.5628304380018829,0.12536376636579474,-0.5764935753886757,-0.7926747672319675,-0.19829796693603077],"GT_T":[-5.877014957518652,123.06564491229973,896.8690735595444],"R_pred":[-0.015090552709690508,-0.2210135975728854,0.9751539698462016,-0.8067376636997555,0.5788625299695402,0.1187118922666277,-0.5907170364795452,-0.7849020073137498,-0.18703534887199766],"T_pred":[-14.439275999931287,110.79849416676713,759.9828903410292],"rotation_error":1.274852454518556,"translation_error":137.70120717591746,"ADD":0,"ADD_S":0}}
{"id_image":31,"data":{"GT_R":[-0.007667930689337774,-0.23770751166604406,0.9713066646815821,-0.8173022878321103,0.5611483038465022,0.13087732873022695,-0.5761571803456405,-0.7928480837056454,-0.1985824176581621],"GT_T":[-8.290793206183913,122.7656936674813,897.9050674444749],"R_pred":[0.04292512254990932,-0.178820962794905,0.9829448087859145,-0.7716392864148375,0.6190044313330159,0.1463090074168008,-0.6346103099661047,-0.7647591629102539,-0.11141443905316814],"T_pred":[-19.576391207425107,110.48270065271416,769.5907068895802],"rotation_error":6.231934856426255,"translation_error":129.39401749794283,"ADD":0,"ADD_S":0}}
{"id_image":32,"data":{"GT_R":[-0.0008006877859026893,-0.23654068861654554,0.9716216939649225,-0.8183922800372726,0.5585063244979499,0.135293323713468,-0.5746586516077183,-0.7950594270183848,-0.19403036440069116],"GT_T":[-13.256988382040522,124.29166879547016,898.8922846872176],"R_pred":[-0.04055208439742142,-0.27395767237907626,0.9608864252322767,-0.8383114366690627,0.5326051967483911,0.11647162549934853,-0.5436813989837036,-0.800798912425115,-0.2512601008076616],"T_pred":[-18.963703250139876,113.54007962466267,752.2552633114831],"rotation_error":3.798006351543283,"translation_error":147.1413582315701,"ADD":0,"ADD_S":0}}
{"id_image":33,"data":{"GT_R":[0.001263003645888064,-0.23479445459788897,0.9720436358665462,-0.8192813665718578,0.5571184004819486,0.13563485331567443,-0.5733898135136779,-0.7965494419966304,-0.19165871468091622],"GT_T":[-15.5977978651556,124.16521898187369,900.1208492466765],"R_pred":[0.01583091172726747,-0.24676852664693505,0.9689451359547578,-0.855238292441941,0.49869082070763243,0.1409784681536178,-0.5179930939451569,-0.8309108012286569,-0.2031511629961173],"T_pred":[-22.69836646970448,111.80759340271972,744.5727247718004],"rotation_error":3.9461917560674986,"translation_error":156.19970554426155,"ADD":0,"ADD_S":0}}
{"id_image":34,"data":{"GT_R":[0.0023871019982810867,-0.23011530009524034,0.9731609452410206,-0.8184182539562224,0.5587487968948375,0.13413012332113525,-0.5746173651117523,-0.7967727774229805,-0.18699650293794964],"GT_T":[-18.923544603324775,121.3746294157313,901.5742319088547],"R_pred":[0.05091200987252892,-0.19915059424920356,0.97864549662323,-0.8488320586810416,0.5076780032818781,0.14746925489412982,-0.5262053813921367,-0.8382136277786911,-0.14319850138895154],"T_pred":[-28.39426529094611,104.02743173570845,719.6746807155976],"rotation_error":4.626601918809234,"translation_error":182.97012472532532,"ADD":0,"ADD_S":0}}
{"id_image":35,"data":{"GT_R":[0.0001426231999742053,-0.22790420920854138,0.9736835274359186,-0.8162297839252726,0.5624972903914304,0.1317791449441309,-0.5777271357875848,-0.7947687961108414,-0.18594100596657792],"GT_T":[-19.48940431896468,117.14067395172866,903.2142524185266],"R_pred":[-0.02730500311795847,-0.2393270923942073,0.9705549853825195,-0.8156835176177903,0.5665915171510032,0.11676665525393781,-0.5778536457368733,-0.7884773906325143,-0.21068594772776206],"T_pred":[-25.030587415213425,103.23283972622994,760.9299123987071],"rotation_error":1.7131416457072342,"translation_error":143.06979407906383,"ADD":0,"ADD_S":0}}
{"id_image":36,"data":{"GT_R":[0.0006350258381261991,-0.22861004465575163,0.9735177142534716,-0.8150658237514908,0.5639068923308985,0.1329527706070674,-0.5793676623341041,-0.793566053671146,-0.185974031328957],"GT_T":[-18.65356808610109,113.62390964877876,904.641091469871],"R_pred":[-0.008438941557146307,-0.23481024346999613,0.972004595579134,-0.8213415088710327,0.5560736291106994,0.12720159123655178,-0.5703743595839929,-0.7972742743681227,-0.19755207252755672],"T_pred":[-23.885324484591933,98.50955252423486,756.9246560149686],"rotation_error":0.8930197482975791,"translation_error":148.57981144759788,"ADD":0,"ADD_S":0}}
{"id_image":37,"data":{"GT_R":[-0.0022310696413766753,-0.2282260337475791,0.973605571400461,-0.8135648675909678,0.566539406756697,0.13093927304704087,-0.5814699394590309,-0.7917994963146096,-0.18694007290132872],"GT_T":[-19.58111323492496,110.12184630662419,905.491801486724],"R_pred":[-0.0032433215641864965,-0.2291084871677999,0.9733954910378992,-0.809183555237327,0.5725228864994574,0.13205876861385807,-0.5875469809289386,-0.787227315038046,-0.18724769600525998],"T_pred":[-26.765671738839615,92.91430943813172,750.9490070187892],"rotation_error":0.4363709080082514,"translation_error":155.66371615741102,"ADD":0,"ADD_S":0}}
{"id_image":38,"data":{"GT_R":[-0.004607999998129067,-0.2250925139919589,0.9743262503268697,-0.8118362908805871,0.5697304704296854,0.12778106580576992,-0.5838661754431371,-0.790405487893027,-0.1853638796749247],"GT_T":[-20.871909463656163,105.68633915759719,906.2234439777268],"R_pred":[-0.041641410566650716,-0.2526695615952753,0.966656136156633,-0.8185326663143052,0.5634336255565559,0.11201260540041452,-0.5729487473608907,-0.7865752616472541,-0.23028046087790444],"T_pred":[-24.568943829563867,88.21360514030172,749.5996115415418],"rotation_error":2.770830914917882,"translation_error":157.63879403287763,"ADD":0,"ADD_S":0}}
{"id_image":39,"data":{"GT_R":[-0.009094070485719247,-0.22355403015648725,0.9746490882851577,-0.8101472893284416,0.5729905971490842,0.12386736595314383,-0.5861556225867329,-0.7884829109609119,-0.18632257857506695],"GT_T":[-19.768324963724616,100.68839886574071,906.6489992648904],"R_pred":[-0.06327798796355494,-0.2758968894314545,0.9591020814497965,-0.8273117593635048,0.5519933881462897,0.1042043773631523,-0.5581676710972668,-0.7868825870768952,-0.26318177196953774],"T_pred":[-23.151358616966583,83.2797294668918,745.9255051508551],"rotation_error":4.749134898448748,"translation_error":161.69894324689244,"ADD":0,"ADD_S":0}}
{"id_image":40,"data":{"GT_R":[-0.010446631770018684,-0.22295873932411203,0.9747719286982867,-0.8072098925028708,0.577225948240465,0.12337670426793027,-0.59017113772032,-0.7855575992127035,-0.1860042256680337],"GT_T":[-20.2699070584503,94.47455714971024,906.8888280796199],"R_pred":[-0.013195267145764689,-0.24510149372642298,0.9694076246337391,-0.7991722982042689,0.585259033953997,0.13709668470878916,-0.6009571721078457,-0.7729146918957552,-0.20360097333713986],"T_pred":[-27.242474247164388,77.9461654369855,756.8554851189958],"rotation_error":1.5321500814170088,"translation_error":151.1019802178338,"ADD":0,"ADD_S":0}}
{"id_image":41,"data":{"GT_R":[-0.008371296220363991,-0.22342540276169875,0.9746850003761232,-0.8052890556583071,0.5793618096173072,0.12588948831439734,-0.5928216027484113,-0.7838503095639502,-0.18477194547478282],"GT_T":[-22.52928115251615,88.85474132190537,906.724742873154],"R_pred":[0.0015099480719443226,-0.2496739219641111,0.9683287937203353,-0.820215491975393,0.5536271253285266,0.14402622269585802,-0.57205267832638,-0.7944557500525324,-0.2039504705267532],"T_pred":[-29.00187343694821,72.32178558684102,732.3165858262917],"rotation_error":2.202364208922985,"translation_error":175.30954999856993,"ADD":0,"ADD_S":0}}
{"id_image":42,"data":{"GT_R":[-0.006805475972921221,-0.22692358726232922,0.9738885149567292,-0.803327934677847,0.5812165209154608,0.12981409167772415,-0.595497882097872,-0.7814684727812812,-0.18624966622462083],"GT_T":[-24.28818510688928,84.71803685835987,906.5599642692786],"R_pred":[-0.031266784877381826,-0.26007629609643784,0.9650817107230811,-0.8200041326253564,0.558761355191139,0.12401197693085081,-0.5715029401855847,-0.7874935353091599,-0.23073430868753075],"T_pred":[-28.26844941562559,70.50708866822033,747.7460222075372],"rotation_error":2.9169833057328005,"translation_error":159.4981559317235,"ADD":0,"ADD_S":0}}
{"id_image":43,"data":{"GT_R":[-0.007618968810446113,-0.22852214482430783,0.9735090735694878,-0.8010354555236167,0.5841398122461352,0.13085125606114595,-0.5985671947844553,-0.7788193286802888,-0.18750456111860117],"GT_T":[-24.862958870743476,80.32888210856805,906.7411947787367],"R_pred":[0.015907265077753252,-0.22974241976106874,0.9731214618330414,-0.8117281625038559,0.5653030936176722,0.14673037362592478,-0.5838187639292353,-0.792244175055026,-0.17749596608239154],"T_pred":[-31.42397355288375,65.10557269217041,735.1041845423402],"rotation_error":1.7067840783800161,"translation_error":172.43566726792778,"ADD":0,"ADD_S":0}}
{"id_image":44,"data":{"GT_R":[-0.007979635023890453,-0.2307330242521456,0.972984488373908,-0.7989975703667691,0.5865455963053974,0.13254067112601264,-0.6012806012894971,-0.7763552401528452,-0.18903613423205323],"GT_T":[-25.485626704700234,76.30688367075267,906.7585218187536],"R_pred":[-0.07493508202601784,-0.312021541882668,0.9471152468854656,-0.8339706453141416,0.5403185393440052,0.11202159968271713,-0.5466970790447561,-0.7814719658710241,-0.30070562070172335],"T_pred":[-26.586326386971198,63.72654052361272,737.5388482785852],"rotation_error":7.139748756330449,"translation_error":169.69023096964514,"ADD":0,"ADD_S":0}}
{"id_image":45,"data":{"GT_R":[-0.007698668733861016,-0.22942916843431904,0.9732947995386662,-0.7974994978878153,0.5886038369159673,0.13244019595394124,-0.6032697323192769,-0.775183285856582,-0.18750086386777393],"GT_T":[-27.113511704297313,73.68108590066461,906.9917167805283],"R_pred":[-0.0532295881239499,-0.28046561040826873,0.9583870055079375,-0.7940218290737571,0.5938920551918598,0.1296979634934704,-0.6055542468701871,-0.7540764338966611,-0.25430844645661027],"T_pred":[-28.612004736679552,60.850185641761854,750.8590331556512],"rotation_error":4.024074940992183,"translation_error":156.6661813497986,"ADD":0,"ADD_S":0}}
{"id_image":46,"data":{"GT_R":[-0.0063389497829645005,-0.2301425469415041,0.9731359908279503,-0.7968866120670419,0.5890526398024589,0.134118172157059,-0.6040943300199374,-0.7746298635132104,-0.1871318066903016],"GT_T":[-28.2781585123718,73.14856454364106,907.133240559257],"R_pred":[0.02574107504575507,-0.2142361919932812,0.9764426512067702,-0.8029015926774268,0.5774807568313098,0.14786821147761314,-0.5955555637650779,-0.7877936465406119,-0.15714560426147842],"T_pred":[-34.716944089403704,60.673258831102146,748.943400946255],"rotation_error":2.1437439492529653,"translation_error":158.8115756773278,"ADD":0,"ADD_S":0}}
{"id_image":47,"data":{"GT_R":[-0.00709602487031406,-0.23036782058722985,0.9730775654090114,-0.7971830725496001,0.5887747187598104,0.13357416579768844,-0.6036945991689401,-0.774774319672739,-0.18782360572081896],"GT_T":[-28.54707871581498,74.11336215921293,907.3348521405231],"R_pred":[0.03848728477083502,-0.20787064409797412,0.9773988562676255,-0.8051771881406489,0.5728158802746619,0.15353065818618328,-0.5917841030383353,-0.792888240944118,-0.14532657280640487],"T_pred":[-34.56928731664013,61.50439299244915,746.3852962114121],"rotation_error":3.031382362087715,"translation_error":161.55498337611965,"ADD":0,"ADD_S":0}}
{"id_image":48,"data":{"GT_R":[-0.009557518399368959,-0.23348891947657308,0.9723126855201006,-0.7984098611316705,0.5872049769402822,0.13316149433712643,-0.6020381963472272,-0.7750314361607576,-0.19203167593066317],"GT_T":[-28.530091634426434,75.52629846735523,907.330539745707],"R_pred":[0.020026953537620074,-0.21292379518246296,0.9768635414309916,-0.8017813465321,0.5802766197590017,0.1429185674229903,-0.597281837565127,-0.7860931891360996,-0.15909715430723934],"T_pred":[-34.42259709622645,62.99119782216561,754.4334420768383],"rotation_error":2.1064211820168386,"translation_error":153.52319969426753,"ADD":0,"ADD_S":0}}
{"id_image":49,"data":{"GT_R":[-0.00951677064987153,-0.23255081750271564,0.9725374538692272,-0.7996470483990754,0.5857292436127858,0.13223302602779344,-0.6003941167224167,-0.7764288044261609,-0.1915328832976498],"GT_T":[-30.194143563692236,76.75911102899873,907.1615781717112],"R_pred":[-0.026736247039501115,-0.2578626006464637,0.9658116028926582,-0.8000694759957208,0.5847556856572345,0.1339761981527734,-0.5993112769456086,-0.7691343623056902,-0.2219421682475945],"T_pred":[-33.71607979199258,63.80717791917043,750.7059359896607],"rotation_error":1.7968252429579068,"translation_error":157.03033011706847,"ADD":0,"ADD_S":0}}
{"id_image":50,"data":{"GT_R":[-0.011131721103292705,-0.23169583951405373,0.9727249679568142,-0.8005653130435656,0.5849370945213178,0.13016594692365932,-0.5991416384101859,-0.7772816245034625,-0.19199899701241616],"GT_T":[-31.779183247862242,79.22604378629526,907.0578104839836],"R_pred":[-0.03130314664402217,-0.24718076344343876,0.9684636199639621,-0.784707564360252,0.6062175744123866,0.1293610873074434,-0.6190752389217195,-0.7559113193074183,-0.2129411324684227],"T_pred":[-34.2914023298918,65.64061558285229,749.6744602594131],"rotation_error":2.0901296694920495,"translation_error":157.9885882970566,"ADD":0,"ADD_S":0}}
{"id_image":51,"data":{"GT_R":[-0.01024414161022807,-0.23186853290180062,0.972693541954197,-0.8025962669210052,0.5821144083156846,0.13031015907267396,-0.5964329329326157,-0.7793458654472938,-0.19206035433933777],"GT_T":[-31.99971154857095,81.41655784851974,907.075221327245],"R_pred":[0.027986211164550523,-0.2124507195326294,0.9767709371980318,-0.8082616742647862,0.5701365179531278,0.1471645908870997,-0.5881580041955885,-0.7936050923893765,-0.1557598132841438],"T_pred":[-37.376383325878834,67.44899734579467,747.6296570790014],"rotation_error":2.532144099818071,"translation_error":160.14646204096726,"ADD":0,"ADD_S":0}}
{"id_image":52,"data":{"GT_R":[-0.008879291054520344,-0.2331222384011645,0.9724063712853263,-0.8040516782021359,0.5797985869096682,0.13165787504637058,-0.5944923506984752,-0.7806968468253765,-0.1925904929417615],"GT_T":[-33.56324698794932,84.04343750315118,906.6699977429657],"R_pred":[-0.06731776788726118,-0.313475082185304,0.9472073115087287,-0.8476481416784536,0.5187256878258522,0.11142840166968687,-0.5262707915472236,-0.7953974061049696,-0.3006360263270941],"T_pred":[-32.183825131154315,71.14640842336927,726.076825017574],"rotation_error":7.375168313243224,"translation_error":181.05836130586985,"ADD":0,"ADD_S":0}}
{"id_image":53,"data":{"GT_R":[-0.010773603107876884,-0.2352505612276084,0.9718746160690306,-0.8061122741849714,0.5771337228130953,0.13076403812664417,-0.5916643670910341,-0.7820314650833284,-0.1958562319427524],"GT_T":[-34.85708879981215,87.13731609337891,906.1844094422935],"R_pred":[-0.08150602004653196,-0.3056101201073441,0.9486618065381093,-0.8085467802049126,0.5768139261180231,0.11635204706656771,-0.5827597042662124,-0.7575540568991013,-0.29411388603612404],"T_pred":[-35.17119548481029,71.98122518180718,746.4195691741745],"rotation_error":5.879347577110998,"translation_error":160.48242875974603,"ADD":0,"ADD_S":0}}
{"id_image":54,"data":{"GT_R":[-0.015293115998173318,-0.23207380227737523,0.9725777707077405,-0.8067709797882774,0.5774675151198297,0.1251071638667265,-0.5906663870112143,-0.7827344085266899,-0.19606226756047854],"GT_T":[-34.11356303928915,86.98670192025685,905.9319909167158],"R_pred":[-0.017430806820502798,-0.24617737404845785,0.9690680406866136,-0.8116743782413014,0.5694463839352276,0.1300596768014221,-0.5838500412607533,-0.7843006542963604,-0.20974177693086704],"T_pred":[-38.53740892828888,71.80996321121127,746.0186910528081],"rotation_error":0.9628603082537687,"translation_error":160.69277296647888,"ADD":0,"ADD_S":0}}
{"id_image":55,"data":{"GT_R":[-0.015884914751911824,-0.2326998374051719,0.9724186244833426,-0.8065763768055124,0.5777451987895227,0.12507878711104833,-0.5909154747870896,-0.78234351083489,-0.19686842859442616],"GT_T":[-35.77093486725805,86.4990221476709,905.4561361209894],"R_pred":[-0.0034980790787630944,-0.22906992222724437,0.9734036851037515,-0.8141731243362342,0.565828843382163,0.13022996431458972,-0.5806116490833904,-0.7920635648277281,-0.1884818883104094],"T_pred":[-43.4247785465471,74.18994042792312,766.7540504332137],"rotation_error":1.04553807363513,"translation_error":139.4573891552165,"ADD":0,"ADD_S":0}}
{"id_image":56,"data":{"GT_R":[-0.013807887115664117,-0.23134103209357845,0.9727745855304943,-0.8071414797876414,0.5768158238813664,0.1257183565507929,-0.5901954518325147,-0.7834315503085566,-0.19468939369893373],"GT_T":[-40.60587526983222,87.73879483066456,904.7711354438119],"R_pred":[-0.0554398032842639,-0.266596342574247,0.9622124600824065,-0.8165264899512603,0.5667357966068067,0.10997739791576377,-0.5746398171199734,-0.7795748373122895,-0.24910269691402576],"T_pred":[-45.12036875743436,74.15408039273743,754.8497481935246],"rotation_error":3.3276992165055077,"translation_error":150.60327842666712,"ADD":0,"ADD_S":0}}
{"id_image":57,"data":{"GT_R":[-0.014322721970794641,-0.2275843096911949,0.9736534622339386,-0.8076180694319312,0.5767500230721692,0.12293052960698185,-0.5895312881008752,-0.7845800492861961,-0.19206159636400863],"GT_T":[-44.03776973139504,88.08259770753548,904.1060434805761],"R_pred":[-0.04047462536956331,-0.25165764510369654,0.9669696139807369,-0.7823684745087962,0.6099391425092093,0.12599131926410495,-0.6214992958933845,-0.7514270903394369,-0.221576066189548],"T_pred":[-47.78033431182415,71.24378355828117,756.0606588816435],"rotation_error":3.1510925557311382,"translation_error":149.04693338890837,"ADD":0,"ADD_S":0}}
{"id_image":58,"data":{"GT_R":[-0.013518442957195526,-0.22737891733207208,0.9737130168334404,-0.807009133811924,0.5774502038189874,0.12364078295734732,-0.5903826888542273,-0.7841244987509001,-0.19130351238495316],"GT_T":[-46.496532925728424,86.95178611153679,903.5609318565147],"R_pred":[-0.019534870577500363,-0.2543059045779208,0.9669265203356074,-0.8483830242761123,0.5159372399507696,0.11855382133064929,-0.5290223369118148,-0.8180081120189381,-0.22582757962563993],"T_pred":[-46.95172274915577,74.90196447448288,749.2414306197284],"rotation_error":4.518730709733479,"translation_error":154.7899023232157,"ADD":0,"ADD_S":0}}
{"id_image":59,"data":{"GT_R":[-0.013059653109324953,-0.2285999605213415,0.973432324862214,-0.80749234981361,0.576574551688753,0.12456909031155743,-0.5897334741506693,-0.7844134945838038,-0.19212272571162384],"GT_T":[-46.82231870441428,87.58583594060356,903.0159063214048],"R_pred":[-0.029898205842884995,-0.2494998773556778,0.9679131719771551,-0.8333065752617523,0.540989767482428,0.1137111388775841,-0.5520020370550326,-0.803168651454232,-0.2240845117545714],"T_pred":[-44.074555098489,71.95958462220177,739.2652693009971],"rotation_error":3.0317624351812924,"translation_error":164.5174794959162,"ADD":0,"ADD_S":0}}
{"id_image":60,"data":{"GT_R":[-0.015432866660519589,-0.23075657433726277,0.9728888958828182,-0.8079085603193624,0.576147929128807,0.12383836102142953,-0.5891041887454285,-0.7840948762070681,-0.19532192009265184],"GT_T":[-44.139913354195215,86.44294571910973,902.823377926151],"R_pred":[-0.0027850861811529737,-0.24077185051186195,0.97057774510652,-0.8012932770487462,0.581204783747881,0.14188052546089613,-0.5982652651219563,-0.7773222725161503,-0.19454757052937693],"T_pred":[-42.98087435488467,67.67736001822502,746.1660268822676],"rotation_error":1.1412668547008527,"translation_error":157.78154586067944,"ADD":0,"ADD_S":0}}
{"id_image":61,"data":{"GT_R":[-0.015509863127679395,-0.23709920597835601,0.9713618206895789,-0.8061854130177573,0.5776238905678982,0.12811900216341066,-0.5914581674564754,-0.7811117121344322,-0.20010483343242175],"GT_T":[-41.029512783009665,83.22859477880671,902.5570838391191],"R_pred":[-0.04202449339458875,-0.27298516499541176,0.9610999124166832,-0.8236953150580559,0.5539039798221264,0.12131120759690495,-0.5654732265159317,-0.7865554531179841,-0.24813413562834244],"T_pred":[-37.94164000830927,70.42596697013677,757.5996278439872],"rotation_error":3.1448912819485324,"translation_error":145.55447875507187,"ADD":0,"ADD_S":0}}
{"id_image":62,"data":{"GT_R":[-0.014975279542623463,-0.24408502081646744,0.969637877325135,-0.8061040697118043,0.5766984387445904,0.13272185353309238,-0.5915839532030167,-0.7796414499476993,-0.20539447030975685],"GT_T":[-36.52280899706258,82.14993526337645,902.3144586326731],"R_pred":[0.031367832063458,-0.21092322524197948,0.9769992078631178,-0.8111920458036093,0.5656965095971436,0.14817194017277296,-0.5839379452789428,-0.7971818187108446,-0.15335456947960927],"T_pred":[-37.349948840084416,66.07164389816356,756.8918147420334],"rotation_error":3.332236981814671,"translation_error":146.31111020591842,"ADD":0,"ADD_S":0}}
{"id_image":63,"data":{"GT_R":[-0.019095836947065875,-0.2499761787569556,0.968062976050381,-0.8058584938379642,0.5769567367486296,0.1330872670800784,-0.5917998083346362,-0.777581548703854,-0.2124626933240016],"GT_T":[-31.902606617555897,79.08452172652355,901.9475485604327],"R_pred":[-0.025279761844636317,-0.27719300959691445,0.9604816339064915,-0.8080963741333638,0.5712784495950868,0.143600776950352,-0.5885075902259794,-0.772531532339515,-0.23844044914311818],"T_pred":[-34.10824795222863,62.409400023474824,754.8590837876828],"rotation_error":1.6690754423830612,"translation_error":148.04709050404594,"ADD":0,"ADD_S":0}}
