{"id_image":1,"data":{"GT_R":[0.430561515023078,0.9021870158352097,-0.02600421470039519,0.45480918604499443,-0.24176024255320677,-0.8571467269428271,-0.7795931242550871,0.35722736671556377,-0.5144148136987177],"GT_T":[149.67082822934003,6.808559645001202,897.4153586722371],"R_pred":[0.2946231567756977,0.9551365031196057,0.030190327920935067,0.3077074079135975,-0.06491127468782432,-0.9492642822383535,-0.9047172744048921,0.2889650269960933,-0.313026942237453],"T_pred":[105.35568904146729,28.347701274899194,689.6022147429233],"rotation_error":15.56607625687451,"translation_error":213.57450450177575,"ADD":0,"ADD_S":0}}
{"id_image":2,"data":{"GT_R":[0.43115065480714326,0.9018611317685946,-0.02750218598942456,0.45375393036938727,-0.24306927361967226,-0.8573351169607633,-0.779882231077239,0.35716096079278936,-0.514022837894312],"GT_T":[148.89239765982205,7.456611028862431,897.4245752301229],"R_pred":[0.43199108497942995,0.9014873505390282,-0.02653788455055489,0.37884501326410275,-0.20808782489960242,-0.9017626700265844,-0.8184498508908271,0.3794996889941755,-0.4314160725217676],"T_pred":[105.53469683138101,21.312561273519382,727.0820313599223],"rotation_error":5.380109713551081,"translation_error":176.31919870077166,"ADD":0,"ADD_S":0}}
{"id_image":3,"data":{"GT_R":[0.4310039841581655,0.901943431979793,-0.027093648432885753,0.45357137338266634,-0.2425056755500004,-0.8575918256210752,-0.7800698728439813,0.3573366056515213,-0.5136168790089397],"GT_T":[148.30871533619148,8.046798024291187,897.425738302676],"R_pred":[0.5804174206215011,0.8136804977758929,0.0322438424859437,0.3170117771333114,-0.18930497201503582,-0.9293369468223924,-0.750079429792514,0.5496250313709898,-0.36782220418644584],"T_pred":[87.99896479931678,24.25908922412449,653.2195479120636],"rotation_error":14.033955925544667,"translation_error":252.06500713281142,"ADD":0,"ADD_S":0}}
{"id_image":4,"data":{"GT_R":[0.43192768155459504,0.9015437084236493,-0.025665904303399878,0.4544564550283019,-0.24213360342539136,-0.8572285628454837,-0.7790426769974695,0.3585963850532577,-0.5142964783329075],"GT_T":[147.78278354997306,8.130647144790608,897.5466121424967],"R_pred":[0.6352891560227416,0.7643640976076133,0.11025068946909927,0.38821880320345714,-0.1926741317751295,-0.9012007766219332,-0.6676030625148361,0.6153244715052368,-0.41914430174775463],"T_pred":[77.32922570734814,21.893920954048372,619.5747712678921],"rotation_error":17.000711770971623,"translation_error":287.0914067642032,"ADD":0,"ADD_S":0}}
{"id_image":5,"data":{"GT_R":[0.43148869226752035,0.9017696959418356,-0.02508451005940618,0.4544778601836645,-0.24131552041334559,-0.857448285365781,-0.7792737284245346,0.3585785607731389,-0.5139589731538321],"GT_T":[147.3566162871595,8.313825481212927,897.4301506199411],"R_pred":[0.6095088886008142,0.7881038320102459,0.0859724647044981,0.35850164309406785,-0.177276832683047,-0.9165421411439414,-0.7070894473936473,0.5894618516618637,-0.3905883239677209],"T_pred":[82.66934629420388,23.178138143530564,642.7748737000222],"rotation_error":15.607261538284519,"translation_error":263.1628787523522,"ADD":0,"ADD_S":0}}
{"id_image":6,"data":{"GT_R":[0.4320817068011601,0.9014452214065738,-0.02648223084261689,0.45313015705771664,-0.24239657766495992,-0.8578558595917167,-0.7797297547971341,0.3586637477283017,-0.5132073057461557],"GT_T":[146.96227171833235,8.920685510278119,897.3718525779718],"R_pred":[0.3895242797498222,0.9192971990172253,-0.05624495856934464,0.3632715422710536,-0.20946869888049602,-0.9078307390506903,-0.846347813881145,0.33318992191901126,-0.4155476553540043],"T_pred":[110.5125892910229,23.769370250889022,745.1768786949784],"rotation_error":6.938829794138285,"translation_error":157.20169484717016,"ADD":0,"ADD_S":0}}
{"id_image":7,"data":{"GT_R":[0.4314211716987533,0.9017837434675116,-0.025725348573365704,0.45276059141211367,-0.24109273053973898,-0.8584182278674886,-0.780310138993482,0.3586924612234804,-0.5123051325634363],"GT_T":[146.6092733564656,9.986896468124385,897.3377426837806],"R_pred":[0.5503220591409161,0.831592940500921,0.07482521321008179,0.3239665548653586,-0.13007377011409849,-0.9370840334020079,-0.7695396692514123,0.5399388813906039,-0.34099076499384917],"T_pred":[88.75641235766261,26.80576164114717,672.9790738279237],"rotation_error":14.453074715738587,"translation_error":232.30721048264337,"ADD":0,"ADD_S":0}}
{"id_image":8,"data":{"GT_R":[0.43227554748277536,0.9013830833076343,-0.025427670161157143,0.45186236590490375,-0.24092961048416725,-0.8589370412831778,-0.780357934995925,0.3598080911974091,-0.5114497300631741],"GT_T":[145.17342597783644,10.560223614823656,897.3175011103967],"R_pred":[0.6029232896550555,0.7946013151850944,0.07136004973123505,0.2890291966897261,-0.1341835276485736,-0.947869666340619,-0.7436031402921974,0.5921178352438836,-0.3105653537239457],"T_pred":[85.74136135333828,28.493159077581176,669.5717101460597],"rotation_error":17.795275545825554,"translation_error":236.05487875028862,"ADD":0,"ADD_S":0}}
{"id_image":9,"data":{"GT_R":[0.4334159752471315,0.9008951787995398,-0.023229352278163657,0.4515898265299683,-0.23941977571404793,-0.8595027328235562,-0.7798826662840811,0.36203193939871264,-0.5106026845359543],"GT_T":[143.85066362079618,10.997345382266287,897.4091540315234],"R_pred":[0.5621836591314986,0.8254217464112596,0.051268644968492094,0.32806361188503574,-0.16567462729783616,-0.9300140775421992,-0.7591599304247187,0.5396580940012938,-0.36393040765567664],"T_pred":[83.81714715667076,26.64218371896926,646.4964187348289],"rotation_error":13.281586957811392,"translation_error":258.4685373497112,"ADD":0,"ADD_S":0}}
{"id_image":11,"data":{"GT_R":[0.43216990848557624,0.9015875445746345,-0.019241683136710503,0.44990368130383973,-0.2340525580501279,-0.8618613912347732,-0.7815473666756649,0.3638139930458007,-0.5067776160626651],"GT_T":[141.5238091269111,13.898472115792034,896.9887714797181],"R_pred":[0.4579763134998516,0.8888845403015466,0.011915128450592782,0.4315493702792299,-0.2105873708541376,-0.8771648079171566,-0.7771890614803365,0.40686267124135406,-0.48004159139147906],"T_pred":[99.45176623841317,25.632365057773068,733.0317320974787],"rotation_error":3.006643045514355,"translation_error":169.6751360670582,"ADD":0,"ADD_S":0}}
{"id_image":12,"data":{"GT_R":[0.4319265522403813,0.9017776799702709,-0.01537494228241424,0.44984396589554226,-0.23017621949391293,-0.8629363098756767,-0.781715776823814,0.3658089264681037,-0.5050782869069318],"GT_T":[140.35681938226978,16.40548919412717,897.2099092687439],"R_pred":[0.5403023058681398,-0.8414709848078965,0.0,0.8414709848078965,0.5403023058681398,0.0,0.0,0.0,1.0],"T_pred":[0.0,0.0,0.0],"rotation_error":152.64550635451135,"translation_error":908.2702230684619,"ADD":0,"ADD_S":0}}
{"id_image":13,"data":{"GT_R":[0.4332083067973597,0.90118773918537,-0.01386630662192997,0.4489797243625549,-0.2291177543964123,-0.8636681669066781,-0.781503342314213,0.36792221690419247,-0.5038701546043559],"GT_T":[139.1279503039106,17.3874523194522,897.5062841720726],"R_pred":[0.6235372053280007,0.7791714142784918,0.06397859597554473,0.31767857835884894,-0.17774705431568327,-0.9313894489063091,-0.7143400271744875,0.6010806034579327,-0.35835796868913045],"T_pred":[77.06578096523548,32.55337385374771,626.1642922697142],"rotation_error":16.34616755455112,"translation_error":278.76189590499325,"ADD":0,"ADD_S":0}}
{"id_image":14,"data":{"GT_R":[0.43162319311071207,0.9019561789204422,-0.013319343068151896,0.4475225044510625,-0.22693146186343915,-0.8649998107837691,-0.7832143741706852,0.3673939622722407,-0.5015942432946537],"GT_T":[139.55663895889305,18.592150171414545,897.4344073064502],"R_pred":[0.4576498797493912,0.8865609700163433,0.06757391515257749,0.3611087929383529,-0.1158809708324594,-0.9252956501905389,-0.8125004782939965,0.447862977977201,-0.37317787411557496],"T_pred":[92.72357824936694,32.57210802107258,701.6903242749046],"rotation_error":9.48780791564156,"translation_error":201.75361419008337,"ADD":0,"ADD_S":0}}
{"id_image":15,"data":{"GT_R":[0.4296145760705351,0.9029517359973833,-0.01050041128379943,0.44805379338225587,-0.22324574475191575,-0.8656845462248299,-0.7840148318858084,0.3672058335504361,-0.500479676474715],"GT_T":[140.4730254585832,20.27886485198364,897.4510929359418],"R_pred":[0.4398938096132141,0.8909182772189812,0.1129515806933919,0.4440642648182662,-0.1064677920949691,-0.889646861376937,-0.7805769436611525,0.44150790770221193,-0.442459492452167],"T_pred":[90.6323370792727,32.142952088034974,692.4803377647652],"rotation_error":7.967889093145456,"translation_error":211.27674093356939,"ADD":0,"ADD_S":0}}
{"id_image":16,"data":{"GT_R":[0.42846358277647534,0.9035189689005239,-0.008561649067895381,0.44795919671853834,-0.22063959896371924,-0.8664009012716241,-0.7846982213029559,0.36738608035273856,-0.4992754167588405],"GT_T":[140.129019897383,21.645371755397996,897.5202895694064],"R_pred":[0.5272502379329246,0.8460726587916245,0.0785381604377467,0.40416355629146,-0.16840825077363825,-0.8990497654953272,-0.747434951260318,0.5057664649980605,-0.43074502494846245],"T_pred":[88.8918329978407,32.76780691285591,684.7098586496951],"rotation_error":9.212185042662544,"translation_error":219.17398886146069,"ADD":0,"ADD_S":0}}
{"id_image":17,"data":{"GT_R":[0.42487722446061793,0.9052129007516546,-0.008340328687430818,0.44633744606194126,-0.21749384254868204,-0.8680318124769533,-0.7875674897049622,0.3650849220734393,-0.496438506305022],"GT_T":[142.34419116248168,23.529980065728353,897.2092971750576],"R_pred":[0.6583736709732644,0.7325184116822259,0.17309213129353027,0.4467793084828806,-0.1952507680667246,-0.8730781105267231,-0.605749419216186,0.6521456233970315,-0.4558220343548019],"T_pred":[59.54893135241117,30.948574777236548,535.608003864005],"rotation_error":19.732879429254037,"translation_error":371.0331331818448,"ADD":0,"ADD_S":0}}
{"id_image":18,"data":{"GT_R":[0.4222539047191853,0.9064724181056184,-0.003232376951674121,0.44695670204468785,-0.21130158239036512,-0.8692417339698518,-0.7886259899427823,0.3655958518576897,-0.49437715350419525],"GT_T":[142.28403774553578,26.042106295724306,897.1054227997168],"R_pred":[0.5989600305355507,0.7862263071089236,0.15197064134468785,0.4205132600754925,-0.14731036474842862,-0.8952475939863596,-0.6814803591605061,0.6001231960585669,-0.418851608127411],"T_pred":[70.40791038634612,33.545201226851844,613.2258971390976],"rotation_error":15.60422257347992,"translation_error":292.93354059751874,"ADD":0,"ADD_S":0}}
{"id_image":19,"data":{"GT_R":[0.42374354765290223,0.9057819822280943,0.0008082791042927548,0.4470944651518253,-0.20838350161748068,-0.8698746032216202,-0.7877488319092898,0.36896597307452167,-0.49327125831423724],"GT_T":[137.78741467143456,27.949965302854345,897.4978847000867],"R_pred":[0.6031611156333605,0.7908110493405985,0.10399304221312866,0.35828619357910985,-0.15213867303417117,-0.9211323616386488,-0.7126202860419515,0.592850494145213,-0.3751008124668143],"T_pred":[74.10281478081815,36.408750797129585,642.044092812444],"rotation_error":15.174453228161997,"translation_error":263.4082745568961,"ADD":0,"ADD_S":0}}
{"id_image":20,"data":{"GT_R":[0.4256543656520542,0.9048838653745052,-0.0019513371779014744,0.44465093676603945,-0.21103941812436047,-0.8704870016821378,-0.7881008951351005,0.36965943923127864,-0.4921872285384304],"GT_T":[135.92009009602276,28.122756236849575,897.6634930545852],"R_pred":[0.6097721731444299,0.7875723349495456,0.08892532867996544,0.325000416232506,-0.14613047637638826,-0.9343557209771381,-0.7228780162015005,0.5986448873047615,-0.34506763481447006],"T_pred":[73.14003032280527,38.414478086000535,624.0902912195523],"rotation_error":16.09888192119321,"translation_error":280.8728399223048,"ADD":0,"ADD_S":0}}
{"id_image":21,"data":{"GT_R":[0.42263169398716316,0.9063015338203204,-0.0006444343566333337,0.4434437937650744,-0.20740878683837446,-0.8719745311069163,-0.7904049943254937,0.36823813648518056,-0.4895512973856011],"GT_T":[137.2127111274179,29.958456786558425,897.3677672673903],"R_pred":[0.38214531223688697,0.923491517335282,0.03359133437585171,0.4058357026023626,-0.1350576593600541,-0.9039119487767766,-0.8302182501177738,0.35905827668772905,-0.42639748019121737],"T_pred":[103.0911203494304,40.57874967878669,774.7862449970854],"rotation_error":5.195331552434961,"translation_error":127.68438894572193,"ADD":0,"ADD_S":0}}
{"id_image":22,"data":{"GT_R":[0.42160368825965666,0.9067805275953392,0.00016660885747265186,0.44347676452223295,-0.20603288924940272,-0.8722838679500433,-0.7909353604920266,0.3678320180155283,-0.4889999319825274],"GT_T":[136.05431141380544,31.22384710446286,897.4852597663563],"R_pred":[0.5645809368133088,0.8238244273811671,0.050613028333601096,0.3269284395314157,-0.16690159175891395,-0.9301944173633241,-0.757869488244882,0.5417168739465592,-0.3635610915224674],"T_pred":[82.54565683889676,40.796527411206824,677.1139626359179],"rotation_error":12.538632985414957,"translation_error":226.97647658209866,"ADD":0,"ADD_S":0}}
{"id_image":23,"data":{"GT_R":[0.4200110798711513,0.9075165852498486,-0.001974178214819239,0.4420721192012733,-0.20649631052570952,-0.872886685808659,-0.7925671293578381,0.36574944225678785,-0.48791863863334545],"GT_T":[136.57660317164041,31.669002097550305,897.4067443714824],"R_pred":[0.36566543369242377,0.9276396994043952,-0.07598275259198267,0.2252324735470892,-0.1674024854297046,-0.9598159931631776,-0.9030831210151096,0.3338577480917293,-0.270147886493173],"T_pred":[105.73309769930492,42.17421448760041,728.760372545178],"rotation_error":14.395887878609743,"translation_error":171.76518869479395,"ADD":0,"ADD_S":0}}
{"id_image":24,"data":{"GT_R":[0.4165460148680431,0.9091131829738539,-0.0014893350289378287,0.44494568353458175,-0.20529724747114195,-0.8717089926785411,-0.7927878160501064,0.36244477689231935,-0.4900220348090976],"GT_T":[138.60058340368707,30.206713051571754,897.2657757359483],"R_pred":[0.5852992904825081,0.8026838560503649,0.11455726863359478,0.3749907273252271,-0.14270853296339586,-0.9159782907031871,-0.7188926866930625,0.5790793571312592,-0.3845262060818194],"T_pred":[75.97243326650145,36.06182605185621,643.5848608485142],"rotation_error":14.50877090998661,"translation_error":261.36291648965346,"ADD":0,"ADD_S":0}}
{"id_image":26,"data":{"GT_R":[0.4131619897382375,0.9106580469104468,-0.0003113775729956937,0.44870353912179073,-0.20387299244419455,-0.8701159051689803,-0.7924411089932105,0.35935922249353003,-0.4928476914790259],"GT_T":[138.0989634105129,27.50846944217571,897.5709563141506],"R_pred":[0.5819605123505445,0.8117837645132306,0.04826056089002534,0.278626636576415,-0.14328821208584802,-0.9496502965130668,-0.7639955231902908,0.5661056508726697,-0.3095726612529355],"T_pred":[79.16592246562448,38.62351565015069,637.0560174665108],"rotation_error":16.09006482547384,"translation_error":267.3287880681893,"ADD":0,"ADD_S":0}}
{"id_image":27,"data":{"GT_R":[0.4102923651066278,0.9119544250799585,-0.00013812123787087854,0.4498855752542281,-0.20253753277624695,-0.8698165683825532,-0.7932610134537503,0.35681749933782814,-0.4933750930749007],"GT_T":[139.6597478294698,26.71926533958896,897.5602611818904],"R_pred":[0.5867103363225235,0.8057400275751728,0.08095671198530452,0.32758589362237556,-0.14472543267825594,-0.933671265186908,-0.7405798157875635,0.574314858852922,-0.34886097424161255],"T_pred":[80.4739061716053,37.67906046912739,644.9462132620158],"rotation_error":15.329916911927242,"translation_error":259.6862302250467,"ADD":0,"ADD_S":0}}
{"id_image":28,"data":{"GT_R":[0.4078433391183206,0.9130521162176053,-0.00017506059809790312,0.4501774533380126,-0.20125365573925436,-0.8699641863730586,-0.7943578259950728,0.35473063759195655,-0.4931154736050313],"GT_T":[140.47775991258172,27.39774816620313,897.6431041961714],"R_pred":[0.5676791264502985,0.8176578019383061,0.09579210991539788,0.3585983900890455,-0.14085537007644128,-0.9228038574616891,-0.7410449406197781,0.5582073840877121,-0.373171424859652],"T_pred":[78.39966417893294,35.63762525675879,636.0910337738883],"rotation_error":13.910705740809513,"translation_error":268.9443642959757,"ADD":0,"ADD_S":0}}
{"id_image":29,"data":{"GT_R":[0.40683563014688534,0.9135006113386868,0.0014664452766297554,0.45024677018030324,-0.19912424873197546,-0.8704173141208903,-0.7948353775873547,0.3547771992005919,-0.4923117185649144],"GT_T":[140.83387357043588,27.595330793901038,898.1125894273176],"R_pred":[0.45601727989955476,0.8782567826694088,0.14392103434936132,0.5447744614549648,-0.1475887160941492,-0.825492796472588,-0.703753526868224,0.45484348360382126,-0.5457548706550188],"T_pred":[88.14423869317076,28.331573393020044,689.658012536321],"rotation_error":9.830264081231071,"translation_error":215.01174457100868,"ADD":0,"ADD_S":0}}
{"id_image":30,"data":{"GT_R":[0.402749954001475,0.9153100373468244,-0.0009244913704221569,0.4503860469190852,-0.19905567784273295,-0.8703614125503812,-0.7968341026981659,0.3501213203273695,-0.49241201827483366],"GT_T":[142.71936906284384,27.333541847826517,898.0565477812728],"R_pred":[0.553196271000713,0.8311643554087336,0.05603302641201957,0.3129973080760702,-0.14504423972722363,-0.9386132609648583,-0.772014618312399,0.5367755423078961,-0.3403901383589493],"T_pred":[83.35257879507672,40.2462380012896,617.5830678852498],"rotation_error":13.950154891143468,"translation_error":286.978268225372,"ADD":0,"ADD_S":0}}
{"id_image":31,"data":{"GT_R":[0.3978253735303165,0.9174610778610837,0.0009863527528330058,0.4523217185399265,-0.1951978512525364,-0.8702311488167919,-0.7982106841191494,0.34664625136396476,-0.4926424365376211],"GT_T":[145.76743320645744,28.082661274110727,898.0547749679384],"R_pred":[0.5403040096319383,0.8390440642474409,0.06384853504024929,0.32381322015202774,-0.13728536726465207,-0.936107753621229,-0.7766701845895876,0.5264577724624695,-0.34586939469029365],"T_pred":[86.49709348840528,40.91424955075878,628.188604854188],"rotation_error":13.403112611923289,"translation_error":276.5960458861594,"ADD":0,"ADD_S":0}}
{"id_image":33,"data":{"GT_R":[0.3892549467662342,0.9211217557371275,0.0038049031891650227,0.4531109026349437,-0.18787934193638442,-0.8714306443044757,-0.8019795437721692,0.3409335045222128,-0.49050357776793113],"GT_T":[149.7783559743511,30.05719967382008,898.0685150993344],"R_pred":[0.6073122817873498,0.7827687572513139,0.13581187378677856,0.3392236055702579,-0.10091473814375568,-0.9352772642640743,-0.7184004021533927,0.6140759629692492,-0.32682040005059787],"T_pred":[80.33542894032436,39.45218926046247,611.2845459252827],"rotation_error":18.9641283396028,"translation_error":295.2213253130771,"ADD":0,"ADD_S":0}}
{"id_image":34,"data":{"GT_R":[0.38409461005318163,0.9232875466112354,0.0033108479781820787,0.45515153264492575,-0.1862249207651599,-0.8707224430346009,-0.8033100346545872,0.33594745080058214,-0.49176373668554857],"GT_T":[153.39045919790874,29.95589177521233,897.7824104541127],"R_pred":[0.5479934216239145,0.8311116811469206,0.09463922716323009,0.3255465796633206,-0.10768195306519729,-0.9393742712324931,-0.7705339929726833,0.5455803977831348,-0.3295745670229558],"T_pred":[88.8092201860341,39.68881309582352,633.919674134748],"rotation_error":15.350718042938931,"translation_error":271.8253295917889,"ADD":0,"ADD_S":0}}
{"id_image":35,"data":{"GT_R":[0.3808141929804143,0.9246410846756073,0.0043832270321135835,0.45661722337197835,-0.18393231876220195,-0.8704421199993375,-0.804040397047601,0.3334786988233078,-0.4922507241798006],"GT_T":[154.68691321508106,29.07994988111301,897.7234851041029],"R_pred":[0.5259838242224754,0.8416385718832319,0.12241540333901763,0.40437093338002394,-0.120852088354989,-0.9065753807475727,-0.7482146516165455,0.5263452166198455,-0.40390041847928243],"T_pred":[87.39906708303134,35.13857136181353,630.7538900925409],"rotation_error":12.710951040446947,"translation_error":275.3854131793734,"ADD":0,"ADD_S":0}}
{"id_image":36,"data":{"GT_R":[0.381150750773122,0.9244942667685163,0.0058083570939807625,0.45675252424082097,-0.18284064252908375,-0.870600537052751,-0.8038039953445986,0.3344830114935973,-0.4919556369279259],"GT_T":[153.6100976292931,28.140391492453457,897.8736757180209],"R_pred":[0.5541469364590337,0.8265777476984368,0.09843982843771848,0.3498108912650042,-0.1239286660509597,-0.9285871128134471,-0.7553499276265614,0.5490090279226829,-0.35782058925380383],"T_pred":[87.17162229553982,38.18409356305789,625.2740678656721],"rotation_error":14.801246104112822,"translation_error":280.75878108656036,"ADD":0,"ADD_S":0}}
{"id_image":37,"data":{"GT_R":[0.3776253496396154,0.9259475578121293,0.004560685192111455,0.45816655552047275,-0.18256768522099995,-0.8699150540240609,-0.8046634231670307,0.33059189155454705,-0.4931799197340446],"GT_T":[155.08449732337525,27.177533829145894,897.4222169335303],"R_pred":[0.5446302745241379,0.8332272291793125,0.09544762242155319,0.3493830498180085,-0.12195088314780311,-0.9290099389131086,-0.7624364554319454,0.5393147194854191,-0.35753361348932605],"T_pred":[89.26016814260014,37.305826717713266,623.6713957951225],"rotation_error":14.504942935526294,"translation_error":281.73557940538535,"ADD":0,"ADD_S":0}}
{"id_image":39,"data":{"GT_R":[0.37217537598559153,0.9281552937577373,0.003783745002119318,0.46412746378755076,-0.18257470983228957,-0.8667478527720334,-0.8037857656752626,0.3243386418801855,-0.4987314625832412],"GT_T":[157.40795836774242,20.360678835910317,896.4546207666938],"R_pred":[0.42945911217585886,0.902845452008986,0.020855712786028102,0.37191015097778213,-0.15576864821891379,-0.915105987212266,-0.8229506124724659,0.40075705610599327,-0.40267365373519415],"T_pred":[110.98831614764259,29.34074660228831,721.2607503278551],"rotation_error":7.16179812550403,"translation_error":181.46161313145927,"ADD":0,"ADD_S":0}}
{"id_image":40,"data":{"GT_R":[0.3721720722818556,0.9281534902112967,0.00436023579729211,0.4642722810221706,-0.1820924104902155,-0.8667723151412705,-0.803703572887158,0.3246127178889691,-0.4986860982031492],"GT_T":[156.48252864892,18.897268042998874,896.1648427807578],"R_pred":[0.5458021094603065,0.8346455557522379,0.07393817398149577,0.2667099948535807,-0.08940109195710183,-0.959621395865099,-0.7943335797723037,0.5434834321485027,-0.27140361645748434],"T_pred":[99.4156349303236,34.132821303050626,683.0576220962452],"rotation_error":18.177612996829282,"translation_error":221.14122173332365,"ADD":0,"ADD_S":0}}
{"id_image":41,"data":{"GT_R":[0.37070210128980585,0.9287364089756569,0.005293412590336163,0.4650417429053991,-0.18067985320138572,-0.8666546575805826,-0.8039380645619223,0.3237322700435822,-0.49888032034333746],"GT_T":[156.12977343018449,18.644645041133458,896.0024790056322],"R_pred":[0.4704909336596452,0.8794885670581241,0.07168083257136026,0.3576565444141451,-0.11580764352982137,-0.9266446923917508,-0.8066722243772921,0.46161504537235104,-0.3690412880750256],"T_pred":[99.57332180953915,30.431020755494533,667.7020634514963],"rotation_error":10.888034007346352,"translation_error":235.49656178931698,"ADD":0,"ADD_S":0}}
{"id_image":42,"data":{"GT_R":[0.3673669718939225,0.930052785460342,0.006534795045247717,0.4687038215703638,-0.17905815792324106,-0.8650169689430224,-0.803342156512648,0.3208424562525645,-0.5016995860660066],"GT_T":[156.13834876782806,17.53242738508633,895.6894310744213],"R_pred":[0.483823114017363,0.8726474481270635,0.06634474824630804,0.35813985996454456,-0.12825290649052945,-0.9248172969194013,-0.7985305473475128,0.4712086833389806,-0.3745815554706693],"T_pred":[101.12535871826744,29.093782587194834,691.0017561801434],"rotation_error":11.304915121609834,"translation_error":212.2666678070959,"ADD":0,"ADD_S":0}}
{"id_image":43,"data":{"GT_R":[0.36788055139435644,0.9298613496196098,0.004615590982173751,0.46930610453975985,-0.18138236832279428,-0.8642056794247303,-0.8027549180171568,0.3200905660918489,-0.5031167471313196],"GT_T":[155.49568303444292,15.741776477531698,895.5026524123316],"R_pred":[0.50822477486939,0.859182085863792,0.0592766525682879,0.3524427213865779,-0.1446888646658902,-0.9245805863110683,-0.7858064051346114,0.49078638507240524,-0.37634693817936093],"T_pred":[97.45564310154043,26.923012842653804,669.6483358190095],"rotation_error":12.300471859545961,"translation_error":233.46057184437421,"ADD":0,"ADD_S":0}}
{"id_image":44,"data":{"GT_R":[0.36906485214758084,0.9293957758094754,0.003850130378697797,0.46851456742314224,-0.18246731345356013,-0.8644071314619053,-0.8026744042105476,0.32082616303976524,-0.5027774888113834],"GT_T":[153.9653539597238,14.8164131961448,895.4276404461629],"R_pred":[0.5960290298031625,0.7960767253506105,0.1049344699655404,0.3479004074267802,-0.13824650297473728,-0.9272827028083378,-0.7236813540116813,0.5891941545622329,-0.35935434613416717],"T_pred":[81.07253955325363,29.00023360719053,613.3889371611674],"rotation_error":18.139370387391576,"translation_error":291.6511157260171,"ADD":0,"ADD_S":0}}
{"id_image":46,"data":{"GT_R":[0.3713226469235462,0.9284973649340412,0.0034704740405215417,0.4666237939076033,-0.18337751476075448,-0.8652374438743318,-0.8027340333594118,0.3229015365828746,-0.5013507307659707],"GT_T":[149.44751286107433,16.309205805750906,895.5254152732001],"R_pred":[0.6248373162236391,0.7657905486078515,0.1521287741268097,0.3696845653897177,-0.11856597649980938,-0.9215614094184187,-0.6876857206362914,0.6320656175426193,-0.357185392693223],"T_pred":[78.44275392923475,27.56796108697948,621.295962533499],"rotation_error":20.74009015140362,"translation_error":283.4964340364217,"ADD":0,"ADD_S":0}}
{"id_image":47,"data":{"GT_R":[0.3720235687498459,0.9282230783685544,-0.0009439032808292742,0.4660528601438228,-0.18766968950156956,-0.8646240850523759,-0.8027405664331517,0.3212207083641264,-0.5024181738008248],"GT_T":[149.17172773606333,14.827339394563246,895.3177117370246],"R_pred":[0.3635615544775004,0.9313606489990971,-0.0197569633771017,0.3739207805955455,-0.16532110357103957,-0.9126073539879412,-0.8532328204802728,0.3244014090752908,-0.4083594982919393],"T_pred":[107.18356437796871,25.64542100158822,719.0493834570588],"rotation_error":6.164933164038432,"translation_error":181.52289196257345,"ADD":0,"ADD_S":0}}
{"id_image":49,"data":{"GT_R":[0.3733437811756924,0.9276932251260047,0.00011773768719591012,0.46641957868773753,-0.18759778530841326,-0.8644419856851783,-0.8019143982687473,0.32278873721653123,-0.5027333184768985],"GT_T":[145.2382657349261,15.979028486715341,895.3386067537821],"R_pred":[0.5089608430281088,0.8551522271017582,0.09835409878098345,0.4157728240445604,-0.14417700314910958,-0.8979676778976806,-0.7537186604099222,0.4979233477613241,-0.4289295055181304],"T_pred":[87.45369829347193,27.853617347735913,667.0648815303521],"rotation_error":11.283842115917258,"translation_error":235.77310220293634,"ADD":0,"ADD_S":0}}
{"id_image":50,"data":{"GT_R":[0.37311851055032763,0.927779637294721,-0.002696920341886755,0.46437647585115643,-0.18927036086725674,-0.8651773581113751,-0.80320399721747,0.3215620738117147,-0.5014593827177374],"GT_T":[144.94937840300605,16.80086800977964,895.2588485370763],"R_pred":[0.5294776093061582,0.8434739173603116,0.0905826251346552,0.3730979937693044,-0.1356392583627033,-0.9178234463316656,-0.7618735776287003,0.5197631598369262,-0.3865163766098128],"T_pred":[84.11155572498905,29.389089656347938,640.4641806838533],"rotation_error":13.371718739482764,"translation_error":262.2594645744157,"ADD":0,"ADD_S":0}}
{"id_image":51,"data":{"GT_R":[0.37218002351106644,0.9281495874745435,-0.004586166381398939,0.46498179693376945,-0.19072550273529826,-0.8645325335051681,-0.8032905374703843,0.319629094773447,-0.5025562996596415],"GT_T":[145.80160290267446,16.62721742252634,894.9808715773794],"R_pred":[0.432803451767684,0.9008207497952798,0.034686436488180095,0.3486628210518234,-0.13178609886011972,-0.9279367765981772,-0.8313335127096482,0.4137081107320728,-0.3711201823672977],"T_pred":[99.13298415933613,28.13565234272602,709.4933037003224],"rotation_error":9.416394559184935,"translation_error":191.61430501575128,"ADD":0,"ADD_S":0}}
{"id_image":52,"data":{"GT_R":[0.3719715138590432,0.9282415239825367,-0.0023907418929090766,0.4662624685472162,-0.1890695719983062,-0.8642054635924683,-0.8026438640760007,0.32034539576148047,-0.5031323373061571],"GT_T":[144.70984725860518,16.203924494044365,894.9716671539796],"R_pred":[0.27073646791444816,0.961437002342235,0.0483803210860162,0.2130393284264978,-0.010828306049581016,-0.9769836192750025,-0.9387843253297296,0.2748120054060117,-0.20775551063673525],"T_pred":[101.87544876909475,38.37673587971642,696.3266994745146],"rotation_error":19.54113234916571,"translation_error":204.4168350285232,"ADD":0,"ADD_S":0}}
{"id_image":53,"data":{"GT_R":[0.3728169935169186,0.9279031398090961,-0.0017104891457830986,0.4670755432663502,-0.18925649403393874,-0.863726095971001,-0.8017775611427252,0.3212139737348859,-0.503959197615939],"GT_T":[142.33296424735542,15.971829904422268,894.9209061018282],"R_pred":[0.3383328896810487,0.9395163178547266,-0.05329112726119001,0.36915193272240493,-0.1846019032517513,-0.9108506946163814,-0.8655967342402494,0.2884982249521265,-0.4092811599280957],"T_pred":[96.29715468107246,33.606404033933195,628.4800870400816],"rotation_error":7.012586097572828,"translation_error":270.96306764842825,"ADD":0,"ADD_S":0}}
{"id_image":55,"data":{"GT_R":[0.3681267827282584,0.9297563671144405,-0.006014509788126659,0.4673382020891069,-0.19062176460427133,-0.8632837719374351,-0.8037900847880155,0.3149872751689121,-0.504683610699305],"GT_T":[145.28683136710126,14.87162554443922,893.7737675565669],"R_pred":[0.5402573435153043,0.8329834536904569,0.11941762288584151,0.40685627830368254,-0.13434380711311622,-0.9035594669390777,-0.7366070672907388,0.5367404469278166,-0.4114847762057117],"T_pred":[79.79757506395765,24.70575300628285,620.1370896008103],"rotation_error":14.393045486642217,"translation_error":281.5361154039337,"ADD":0,"ADD_S":0}}
{"id_image":56,"data":{"GT_R":[0.3636355941447639,0.931496372696125,-0.009148433030827149,0.4691307979865171,-0.1916049645105999,-0.8620925837255753,-0.8047892453771168,0.30919625259535466,-0.5066686293697983],"GT_T":[150.33665662290497,11.995144917480527,892.7145971801327],"R_pred":[-0.10893597523432719,0.9935156704345398,-0.0325509738833305,0.33538602601632134,0.005908874946083609,-0.9420622584255518,-0.9357612766366888,-0.11354161262673163,-0.33385496154677063],"T_pred":[96.64971713744549,24.15815285290291,569.9410476298528],"rotation_error":29.446427887173172,"translation_error":327.4339483355987,"ADD":0,"ADD_S":0}}
{"id_image":57,"data":{"GT_R":[0.3590581947576111,0.9332688618544205,-0.009315036692244393,0.4736146569129222,-0.19079662265310662,-0.8598167119928241,-0.8042175240427771,0.30431306927971974,-0.5105169826457698],"GT_T":[154.29394529731735,8.867560923525534,891.6437043089346],"R_pred":[-0.6707853283981065,0.6756063848822977,-0.30594616505541755,0.3103123671337706,-0.11900719934829151,-0.9431561489526067,-0.6736121124279761,-0.7275941857997136,-0.12982073324693277],"T_pred":[133.4361275485237,23.6651416487379,626.278161039215],"rotation_error":67.67476159158639,"translation_error":266.59498965921046,"ADD":0,"ADD_S":0}}
{"id_image":59,"data":{"GT_R":[0.35189065847679385,0.9359993930762509,-0.008896649760869485,0.4768296378943752,-0.1874274353576454,-0.8587808157594103,-0.8054855440948145,0.2979553909515676,-0.5122655724409781],"GT_T":[159.17289366550276,5.540615842215646,889.747175463956],"R_pred":[0.6105741210005512,0.7845882258336058,0.10779869501844042,0.3182265342164411,-0.11841433194243162,-0.9405901971162678,-0.7252110835370598,0.6086044379347739,-0.32197751853367257],"T_pred":[86.09893682554264,21.316032876971317,609.0557379220335],"rotation_error":21.53498969368317,"translation_error":290.47607484992596,"ADD":0,"ADD_S":0}}
{"id_image":60,"data":{"GT_R":[0.3479938694038935,0.9374472813004028,-0.00962421270058777,0.4796028463462511,-0.18683763920838267,-0.8573638704059501,-0.8055318348373084,0.2937411903083952,-0.5146213610921746],"GT_T":[162.95828591501365,2.49247603939995,888.5001801749364],"R_pred":[0.517072516066615,0.8320909464830024,0.20065061651926488,0.5639364745647006,-0.15483105727664798,-0.8111738385562812,-0.6439034599876574,0.5325898989688185,-0.5493053192281201],"T_pred":[94.8056144352583,9.175541091296827,656.9563797229164],"rotation_error":17.183604413770883,"translation_error":241.45803261867314,"ADD":0,"ADD_S":0}}
{"id_image":62,"data":{"GT_R":[0.3467994819531555,0.9379339840513761,-0.0032462929303756108,0.48089160657669144,-0.18077873758438479,-0.8579406152636144,-0.8052781126641047,0.29597257857348924,-0.5137386213199797],"GT_T":[158.30164923242367,2.1488476867186472,887.5962301857793],"R_pred":[-0.7156503573319608,0.6979250840876976,0.02729730850866141,-0.1289997027649017,-0.09366402466086243,-0.987211288008244,-0.6864427454181476,-0.7100194557091442,0.15706282111717762],"T_pred":[125.2115923750444,34.67210177624654,611.9554656337192],"rotation_error":76.40425363522446,"translation_error":279.51841621303026,"ADD":0,"ADD_S":0}}
{"id_image":64,"data":{"GT_R":[0.3534894570586361,0.9354389773252044,6.813496498505722e-05,0.4773554092581587,-0.18032299376325475,-0.8600083843365799,-0.8044736649102807,0.30403639012659245,-0.5102785263214061],"GT_T":[149.39010623681014,5.950811434600734,888.0971882246097],"R_pred":[-0.7194907842080006,0.6897689755676284,0.08094301566003609,-0.20109460136028295,-0.09535478400677078,-0.974919702575946,-0.6647510607313878,-0.7177229448132523,0.20731570549547906],"T_pred":[116.2359641517508,38.74470742835026,612.4786759315422],"rotation_error":79.59173202057006,"translation_error":279.53568836642125,"ADD":0,"ADD_S":0}}
{"id_image":66,"data":{"GT_R":[0.3598937466792019,0.932993214627853,-0.00010521904334300468,0.4719895047196419,-0.18216281885308333,-0.8625788406949847,-0.8048001791156923,0.3103873735503065,-0.5059219729606211],"GT_T":[141.2115518708945,11.880833417184515,888.9303421801695],"R_pred":[0.2973163304907348,0.9546979433730414,0.012443333267642909,0.37175080375185243,-0.10374841498359538,-0.9225169951270511,-0.879434101870843,0.2789051869501122,-0.385755825826321],"T_pred":[107.69936979512485,24.54751655234348,775.7710159342776],"rotation_error":8.634442427084268,"translation_error":118.69517397750539,"ADD":0,"ADD_S":0}}
{"id_image":68,"data":{"GT_R":[0.36358108986787707,0.9315534872426668,-0.004023540948922131,0.4693333174815699,-0.18690596171861115,-0.8630130718870503,-0.8046958571304227,0.3118874895434603,-0.5051645422409425],"GT_T":[136.20674633046283,13.510814860898016,889.2887552696384],"R_pred":[0.4430796545802851,0.8963289536403494,-0.0165778938050547,0.3359809592016836,-0.18317204392489578,-0.9238857057982295,-0.8311421146536445,0.40378510273457663,-0.38230926755533357],"T_pred":[91.86955822183091,26.179763491608043,695.6455000205324],"rotation_error":9.377909336492683,"translation_error":199.05777757289013,"ADD":0,"ADD_S":0}}
{"id_image":70,"data":{"GT_R":[0.3655839296729073,0.9307724960530463,-0.0033325163719024075,0.4663335694903683,-0.18626026420915592,-0.8647774435406894,-0.8055323507786821,0.3145944830717839,-0.5021445826403292],"GT_T":[132.26858203584217,17.161125747317627,889.5203126810499],"R_pred":[-0.526422464353058,0.8463054473243401,-0.0815259397590864,-0.011449980129051351,-0.10293568275486109,-0.9946221107389654,-0.8501460386189527,-0.5226579522450023,0.06387783634065003],"T_pred":[117.02111449901788,43.38788704727968,696.2804503614163],"rotation_error":61.38586362287721,"translation_error":195.60667847464364,"ADD":0,"ADD_S":0}}
{"id_image":72,"data":{"GT_R":[0.3658824911095861,0.9306320897130066,-0.007430376113343266,0.46233313725993314,-0.18868605901124927,-0.8663976573721753,-0.8076992433057356,0.31356541269986477,-0.4992992732309026],"GT_T":[130.165050320877,21.6509472348884,889.4521327210632],"R_pred":[0.5403023058681398,-0.8414709848078965,0.0,0.8414709848078965,0.5403023058681398,0.0,0.0,0.0,1.0],"T_pred":[0.0,0.0,0.0],"rotation_error":154.00205996362746,"translation_error":899.1867438097896,"ADD":0,"ADD_S":0}}
{"id_image":73,"data":{"GT_R":[0.3643357571676182,0.9312337630615769,-0.008018955493761767,0.4615850894147128,-0.18805597945085267,-0.8669336808446755,-0.8088264294622727,0.31215353532026435,-0.49835807323880876],"GT_T":[131.56475486864912,22.044579394847894,889.3013116389233],"R_pred":[0.19265504779048948,0.9811390854272342,-0.0158154231007136,0.31513289451139376,-0.07712656234285753,-0.9459084269515967,-0.9292875181329592,0.17725007314013635,-0.3240480214630254],"T_pred":[83.3438523289055,35.086718160847,567.3348006381606],"rotation_error":14.934082026275366,"translation_error":325.8186413195894,"ADD":0,"ADD_S":0}}
{"id_image":74,"data":{"GT_R":[0.362639654551299,0.9318908367258976,-0.008544303815050421,0.46238602802293555,-0.1878794430362079,-0.8665453957272973,-0.8091307561344797,0.3102925868014978,-0.499024914948384],"GT_T":[132.69981101220046,21.918297704804704,889.0381474923485],"R_pred":[0.4564256579580983,0.8884724787590541,0.04787769047540402,0.2111914470576297,-0.05590720450015868,-0.9758445353511396,-0.8643343053745008,0.45551184284573676,-0.21315527105858686],"T_pred":[88.82304450123243,40.220126158407155,706.802033952528],"rotation_error":18.745663556506955,"translation_error":188.33514977906128,"ADD":0,"ADD_S":0}}
{"id_image":75,"data":{"GT_R":[0.3618277024164096,0.9322039275564571,-0.008757097432239493,0.46164699234092843,-0.1873302803290818,-0.867058054100603,-0.8099149335246052,0.3096829587040723,-0.49813034088420804],"GT_T":[132.27482362711487,23.087953863377432,888.8126940277318],"R_pred":[0.3676433411306378,0.9294343273011203,-0.03146752225096605,0.2669219945216013,-0.13787521642290063,-0.9538045258526235,-0.8908372593032418,0.34226050886810183,-0.29877536964488305],"T_pred":[99.2802044615807,39.78947129365179,755.5682476302413],"rotation_error":12.564825322550508,"translation_error":138.2811197312421,"ADD":0,"ADD_S":0}}
{"id_image":77,"data":{"GT_R":[0.3589215755853673,0.9333472981667048,-0.0061957225761201905,0.4617013884157748,-0.18331063086247393,-0.8678879198377876,-0.811176028017549,0.3086435086358844,-0.4967219385181766],"GT_T":[130.5533929986968,23.780036944191963,888.1616666867371],"R_pred":[0.41877500295155046,0.9080758214402591,0.0050793128007531885,0.3369631790232987,-0.1501975201568269,-0.9294603385412699,-0.843257560230231,0.3909462974045647,-0.3688870825336937],"T_pred":[89.34950528474228,33.72073634171886,710.1375630129498],"rotation_error":8.971831375147032,"translation_error":183.0004353986939,"ADD":0,"ADD_S":0}}
{"id_image":81,"data":{"GT_R":[0.35376324607866805,0.9352993707195699,-0.008218070775154945,0.46444414640308956,-0.1832823537726848,-0.8664283162919477,-0.8118763713992722,0.30269317570420523,-0.4992328849113063],"GT_T":[132.76930193845453,21.836458101987127,886.1534758873215],"R_pred":[0.681449889128155,0.7264273689126657,0.08904676469050748,0.26694672601820024,-0.13342263859649053,-0.9544306391656305,-0.6814436837152347,0.6741673955365772,-0.2848382501000159],"T_pred":[61.832725143206375,35.17053778576541,584.3329677993331],"rotation_error":26.19048848499708,"translation_error":310.33113719208546,"ADD":0,"ADD_S":0}}
{"id_image":82,"data":{"GT_R":[0.351201814149719,0.9362756811970833,-0.006775849033088384,0.465207710942319,-0.18077294030897104,-0.8665461688099472,-0.8125507528633182,0.30118087705213353,-0.49905037771012717],"GT_T":[132.0930512780956,22.93573474383413,885.5747478450943],"R_pred":[0.5411594674821895,0.83638103571426,0.0872536179876437,0.3121983841195623,-0.10348144404166243,-0.9443642092393093,-0.7808191850278312,0.538292071125512,-0.3171167710101123],"T_pred":[74.4522677045995,34.808798766939006,652.7545917350994],"rotation_error":17.286386253063057,"translation_error":240.14298797038762,"ADD":0,"ADD_S":0}}
