{"id_image":1,"data":{"GT_R":[-0.08598219724005038,0.21924951680611668,0.9718727298095885,-0.7772729993829053,0.5954786556058161,-0.20310288267675836,-0.6232604171763128,-0.7728741905531031,0.11921648043786379],"GT_T":[-51.972782599244326,102.45401879278262,1016.3607590495571],"R_pred":[-0.15658695534468386,0.1684412715004907,0.9731947716008241,-0.7877809167890647,0.5730230741055538,-0.22593313985691038,-0.5957195250777524,-0.8020424518676799,0.04296688077133265],"T_pred":[-40.65158842817657,83.28036460162163,705.5511369625049],"rotation_error":5.146876720395157,"translation_error":311.6061931900544,"ADD":0,"ADD_S":0}}
{"id_image":2,"data":{"GT_R":[-0.0839925022069601,0.21930519541718693,0.9720337557893338,-0.7758864289790058,0.5976959758425012,-0.2018927681754306,-0.6252566728074057,-0.7711450962261698,0.11995346944570412],"GT_T":[-53.89554693988383,102.75567965627658,1016.1882281950317],"R_pred":[-0.16518886548623818,0.12980988370011476,0.9776819691561935,-0.8481642189571219,0.4871928873012988,-0.20799170234381809,-0.5033190801074652,-0.8635927770985505,0.029621258295156383],"T_pred":[-40.48774289856325,86.65734371771266,696.6486828087667],"rotation_error":10.237504739464502,"translation_error":320.22561842373295,"ADD":0,"ADD_S":0}}
{"id_image":3,"data":{"GT_R":[-0.07953004129886544,0.22155954960428614,0.9718976862078231,-0.7778830143934518,0.5959015523953135,-0.19949864413690843,-0.6233564057197126,-0.7718891911747058,0.12495505180052917],"GT_T":[-52.869088921339554,103.0048570468421,1015.4027644533571],"R_pred":[-0.15806128200084069,0.11871865867609893,0.9802665511045446,-0.8118502024224641,0.5494657666003908,-0.19745029795077362,-0.5620639465032916,-0.8270388451677425,0.009532503593081942],"T_pred":[-38.81033462359645,85.4827371436028,714.8475612084939],"rotation_error":8.134887237274757,"translation_error":301.39360221456076,"ADD":0,"ADD_S":0}}
{"id_image":4,"data":{"GT_R":[-0.07864905158286449,0.22274827971209668,0.9716985760763408,-0.777999390179635,0.5957371365583041,-0.19953472095456642,-0.6233235518730919,-0.7716738668106059,0.12644317725447343],"GT_T":[-53.90344644362127,103.48370534154907,1015.2730001987763],"R_pred":[-0.15642212411040565,0.14398243278458134,0.9771392828753853,-0.7838011011279767,0.5838837013182867,-0.21150805470579237,-0.6009891454588507,-0.7989673850566685,0.021521260565987632],"T_pred":[-39.50385010765566,91.06993756651038,764.4711883862373],"rotation_error":6.390060957136152,"translation_error":251.5213685026853,"ADD":0,"ADD_S":0}}
{"id_image":5,"data":{"GT_R":[-0.07916038143866451,0.22217910575144734,0.9717871965513095,-0.7786189603990279,0.5949558709883542,-0.19944929334127107,-0.6224841593190744,-0.7724405487780082,0.1258958441106686],"GT_T":[-53.96900489903281,104.37967822623159,1015.212207993629],"R_pred":[-0.13260195834457983,0.16901781760862972,0.9766522912347047,-0.8390443034379842,0.5054191115216178,-0.20138564640253415,-0.5276564957540562,-0.8461586724955992,0.07479387307149693],"T_pred":[-42.34199333893635,84.37446494926276,667.064680916106],"rotation_error":7.521274558106844,"translation_error":348.91560092129765,"ADD":0,"ADD_S":0}}
{"id_image":6,"data":{"GT_R":[-0.0817760151716995,0.2230349240595848,0.9713737074229682,-0.7819276433545136,0.589975831983503,-0.2012900993934965,-0.6179821250673846,-0.776005276753327,0.12615127946459898],"GT_T":[-55.12770396046913,108.50530018493623,1013.6514732623069],"R_pred":[-0.17573362130446768,0.15504544633077644,0.9721515334120027,-0.8285379122093035,0.5100114500498807,-0.23111306507825563,-0.5316414415516028,-0.8460787377012307,0.03883487137645286],"T_pred":[-39.36643189523077,91.6187501914443,711.9528307995972],"rotation_error":8.398713840825003,"translation_error":302.5816321782258,"ADD":0,"ADD_S":0}}
{"id_image":7,"data":{"GT_R":[-0.08443276722995893,0.22143495162064303,0.971512631551079,-0.7822913528993647,0.5891564864504634,-0.20227318059617275,-0.6171635400605799,-0.7770845105885407,0.12348253929724812],"GT_T":[-50.94242984968114,108.00735953750402,1012.3567108140259],"R_pred":[-0.15765812525400535,0.13786160386050061,0.977823140308309,-0.8361091325319153,0.5082268391638605,-0.20646306800549075,-0.5254192935533682,-0.8501174378487494,0.03514125534691859],"T_pred":[-38.66320764162959,89.01542569579965,699.0673597360632],"rotation_error":8.44852745861138,"translation_error":314.1045850476133,"ADD":0,"ADD_S":0}}
{"id_image":8,"data":{"GT_R":[-0.07834352584814404,0.21827813017082584,0.9727367835629435,-0.7822454546804961,0.5914274707915917,-0.19571531909132378,-0.618024156972869,-0.7762528345454901,0.12441251783396995],"GT_T":[-54.046923582051775,105.78577966560162,1011.0724411340611],"R_pred":[-0.1419671993536476,0.16408466674820466,0.9761770005720336,-0.7713511153326723,0.5997126147884089,-0.2129841227385077,-0.6203730903115674,-0.7832119775653203,0.04142737036665406],"T_pred":[-41.89900975901461,89.93649490643132,767.3083993829108],"rotation_error":4.867081877570678,"translation_error":244.5806200181972,"ADD":0,"ADD_S":0}}
{"id_image":9,"data":{"GT_R":[-0.07506810643715006,0.21711300099366773,0.973255471482221,-0.7824059087692026,0.5922798491851617,-0.1924727769109973,-0.6182278064688336,-0.7759293400746644,0.1254090161637702],"GT_T":[-55.690217325563594,103.94150371420287,1010.1225671514092],"R_pred":[-0.15287776028921735,0.12539504989313205,0.9802573498175119,-0.8122620720739298,0.5490498936140087,-0.19691252015200195,-0.5629020489206974,-0.8263294111822146,0.017916125031266605],"T_pred":[-41.47289191780207,89.6317093705928,745.2723213734031],"rotation_error":7.525382806161758,"translation_error":265.61730976082265,"ADD":0,"ADD_S":0}}
{"id_image":10,"data":{"GT_R":[-0.07667488238768297,0.21757644549015975,0.9730267651182104,-0.7828596870486605,0.5912166171952803,-0.19389019380915476,-0.6174556904654669,-0.7766098277141211,0.12500034551027572],"GT_T":[-57.080369931980144,105.2573854577257,1009.1737878450762],"R_pred":[-0.07993807567964509,0.19610036357627147,0.9773200864925929,-0.7794709066434449,0.5988334440719775,-0.18391196795570314,-0.6213171571372235,-0.7764941427120668,0.10498493501817727],"T_pred":[-46.324386465017014,90.12528983035413,757.4783528106374],"rotation_error":1.3290265137020851,"translation_error":252.37920579079588,"ADD":0,"ADD_S":0}}
{"id_image":11,"data":{"GT_R":[-0.07651826687776074,0.2180138858112109,0.9729413436375116,-0.7833648062057305,0.5905327583009936,-0.1939329927476665,-0.6168336115758395,-0.7770079657268102,0.12559748717586064],"GT_T":[-57.670922723006726,105.93055102147231,1008.8681487623171],"R_pred":[-0.17802882794010244,0.13373830621228566,0.9748947645124278,-0.8067542033772813,0.5474270456754124,-0.22242141307926716,-0.5634300238320297,-0.8260978726001893,0.010436145365012806],"T_pred":[-42.80810872976107,92.92737703850408,740.9938453061377],"rotation_error":8.023060345015619,"translation_error":268.6012439017408,"ADD":0,"ADD_S":0}}
{"id_image":12,"data":{"GT_R":[-0.07691213704681925,0.21806629895686439,0.9728986536171719,-0.7846856015142021,0.5887569978141196,-0.19399665222221749,-0.6151047897472892,-0.7783397857517628,0.1258300045316678],"GT_T":[-58.278628216721756,107.5919999508556,1008.5891431751185],"R_pred":[-0.14974613947692111,0.14571217577142687,0.9779284511372575,-0.7938135860238473,0.571931354532272,-0.20677165266747893,-0.5894370910926106,-0.8072561474122308,0.03002379238943953],"T_pred":[-44.742071816787096,90.10117483263295,736.5228054850965],"rotation_error":5.980116765667735,"translation_error":272.9638427091507,"ADD":0,"ADD_S":0}}
{"id_image":13,"data":{"GT_R":[-0.073767135800457,0.21908226491358918,0.9729134476427634,-0.784899653655339,0.5890731867833033,-0.19215991878891725,-0.6152164334753047,-0.7778146674009302,0.1285030256644617],"GT_T":[-62.29868316885286,106.97138584882059,1008.5455322947857],"R_pred":[-0.1629373633951534,0.15542077766476076,0.9743181192402801,-0.8228331448165214,0.5235027070373641,-0.22111203385592804,-0.5444235771907653,-0.837728653917623,0.042587216440830855],"T_pred":[-49.175634870371155,90.23766799450723,730.075821629121],"rotation_error":7.537849392297761,"translation_error":279.28052468457423,"ADD":0,"ADD_S":0}}
{"id_image":14,"data":{"GT_R":[-0.06312768703688508,0.2219323313142596,0.973016037319972,-0.781352776814156,0.5955619787679398,-0.18653239492538348,-0.6208890928725206,-0.7720443097952764,0.13581087335629655],"GT_T":[-72.34477728377972,101.55061787106384,1008.5192805268963],"R_pred":[-0.1399289698152716,0.1497871571268345,0.9787664128719874,-0.7807918703965824,0.5912014810558397,-0.20210112300526262,-0.6089203055647293,-0.7924926601283087,0.034226380377041454],"T_pred":[-55.95021136298188,85.92731428474737,742.8518990664411],"rotation_error":6.05000246640287,"translation_error":266.63088151738276,"ADD":0,"ADD_S":0}}
{"id_image":15,"data":{"GT_R":[-0.05875749499742815,0.22419769968071884,0.9727710613479752,-0.7814864297506301,0.5959985152720839,-0.18456500879599544,-0.6211493560042065,-0.7710519116271924,0.14018764732316397],"GT_T":[-80.90460997305918,101.24730989352224,1009.4636436735934],"R_pred":[-0.13405967350229636,0.18722623328613774,0.9731260666069645,-0.8347475680096187,0.5078877526057333,-0.212712313830498,-0.5340641362631313,-0.8408307608089645,0.08819937661306537],"T_pred":[-59.68010744914365,85.3027512354959,682.5096268035466],"rotation_error":7.429974370044644,"translation_error":328.0299340085381,"ADD":0,"ADD_S":0}}
{"id_image":16,"data":{"GT_R":[-0.059488747289292765,0.22513715924261585,0.972508713506705,-0.7845584313020662,0.5918134301767982,-0.18499730171265638,-0.6171936928013153,-0.7739959421627188,0.1414268791836045],"GT_T":[-82.67995851768127,104.85269438336142,1010.3376230216119],"R_pred":[-0.0972361058069913,0.16048699496673952,0.9822367658431636,-0.8174302130382942,0.5501213184351831,-0.1708050989148323,-0.5677613816909891,-0.8195184314276783,0.0776952637594927],"T_pred":[-64.9054073227055,88.97672125629488,732.7315119694707],"rotation_error":5.330685805923124,"translation_error":278.62723141575356,"ADD":0,"ADD_S":0}}
{"id_image":17,"data":{"GT_R":[-0.05657207157748921,0.2274169766319215,0.9721526408755021,-0.7866386025201239,0.5894617163064177,-0.18366988003643114,-0.614816907226981,-0.775123424181672,0.14554770617535867],"GT_T":[-86.82227690458998,105.9370421495167,1010.3665916885116],"R_pred":[-0.07219956800790553,0.1910586914547509,0.9789197100881512,-0.8206426904682862,0.5464408558349341,-0.1671764506602441,-0.5668622380794509,-0.8154133721579397,0.11733812485962453],"T_pred":[-68.43537694595977,86.54255734868042,714.2146457703075],"rotation_error":3.9723887466553185,"translation_error":297.3553416401283,"ADD":0,"ADD_S":0}}
{"id_image":18,"data":{"GT_R":[-0.053164286869084795,0.22960559140235806,0.9718304729713091,-0.7869265307590821,0.5894957964550597,-0.18232369546891813,-0.6147529504445535,-0.7744517504392974,0.14934162260043626],"GT_T":[-90.29162208106206,104.4599400845223,1010.722367727224],"R_pred":[-0.10811573194865631,0.18741222651437378,0.9763132928820191,-0.819658443413732,0.5389238333484603,-0.19421930385411884,-0.562557574516408,-0.8212415961225574,0.09534786915442878],"T_pred":[-68.92086541275297,88.51953536958102,726.6857924462985],"rotation_error":5.193225121160862,"translation_error":285.2850887101691,"ADD":0,"ADD_S":0}}
{"id_image":19,"data":{"GT_R":[-0.055506033332100295,0.23102464616819712,0.9713635430310593,-0.7867827457514482,0.5888507671983314,-0.18500772491014658,-0.6147291063199721,-0.774520839219547,0.1490815235057802],"GT_T":[-92.39958937466716,103.64988140916707,1011.3222382807735],"R_pred":[-0.06860886973820239,0.1799548441207659,0.9812793063499898,-0.7745670774196225,0.610298399688988,-0.16607740940502658,-0.6287596246347813,-0.7714610278001935,0.09751521427243023],"T_pred":[-73.13380092970488,87.41127452615426,750.4443803730695],"rotation_error":3.3193430926845933,"translation_error":262.09181540906474,"ADD":0,"ADD_S":0}}
{"id_image":20,"data":{"GT_R":[-0.05718244684025016,0.23508910042106723,0.9702902703451548,-0.788416838494182,0.5855977511579377,-0.18834624547652504,-0.6124779583011416,-0.7757629603305942,0.15186174813095407],"GT_T":[-95.18483723155417,105.29504485687934,1013.3466010740245],"R_pred":[-0.1498566042865063,0.15056181414876574,0.9771766157005345,-0.8083837887948508,0.5503898184700776,-0.2087742746081453,-0.5692614936612167,-0.8212199387768833,0.03923218053961297],"T_pred":[-69.95344346552329,86.1574280816351,711.1669046808995],"rotation_error":7.525826752290323,"translation_error":303.8345611010272,"ADD":0,"ADD_S":0}}
{"id_image":21,"data":{"GT_R":[-0.053355574140903195,0.23561352026998547,0.9703805153540549,-0.7894074851043104,0.5851755408571252,-0.18548863416930272,-0.6115471831394536,-0.7759224415704348,0.154772685331555],"GT_T":[-101.04740215139049,102.78762864566596,1013.8436667837111],"R_pred":[-0.08724769516772465,0.2051520533161783,0.9748335625675163,-0.8478041496953845,0.498539069217529,-0.18079524391699509,-0.5230831324437882,-0.8422419079361201,0.13043237737969265],"T_pred":[-73.72784501898654,82.92206883349986,679.2961738192857],"rotation_error":6.517542021553083,"translation_error":336.2484553382271,"ADD":0,"ADD_S":0}}
{"id_image":22,"data":{"GT_R":[-0.05469738161223673,0.23470522674672073,0.9705260907517372,-0.7891369418939252,0.585366314183079,-0.18603484326843797,-0.6117768080006774,-0.7760543892163485,0.1531962897316807],"GT_T":[-99.44466575830072,101.97164564676588,1014.210218250969],"R_pred":[-0.10430516052886027,0.17632060963651364,0.9787908234676379,-0.8275888496237006,0.5304110413931513,-0.18374118522191024,-0.5515588177751929,-0.8292015254361516,0.09059636167523924],"T_pred":[-71.96954311414403,87.21930141745709,731.4687202448907],"rotation_error":5.8472753783376294,"translation_error":284.4560927793473,"ADD":0,"ADD_S":0}}
{"id_image":23,"data":{"GT_R":[-0.05793631329739692,0.23434715780605977,0.9704244963068057,-0.7896760296775374,0.5839569264171546,-0.18816388890912342,-0.6107825623006633,-0.7772227140167188,0.15122569204681546],"GT_T":[-97.52480663570596,101.24855059036626,1014.1549467359994],"R_pred":[-0.04359629716235655,0.18655112448978756,0.9814774785115179,-0.8655216369357435,0.4836083354796908,-0.1303659228887432,-0.4989705992038032,-0.8551734653309575,0.14038050193683937],"T_pred":[-69.02107582459548,77.57958585804852,652.5745472718758],"rotation_error":8.15749633238159,"translation_error":363.47361367544573,"ADD":0,"ADD_S":0}}
{"id_image":24,"data":{"GT_R":[-0.06062899516190927,0.23480387865577096,0.9701499380066887,-0.7883603213609898,0.5848710850415398,-0.1908230093950445,-0.6122193680794615,-0.7763976653435305,0.14964939517134],"GT_T":[-94.39131052451327,99.43454041497208,1014.1403698124441],"R_pred":[-0.15888389650601953,0.16323247974876523,0.973709949105037,-0.6341017494436275,0.7390668425064479,-0.22736572666099272,-0.7567502089749271,-0.6535559347619905,-0.01391981874111145],"T_pred":[-65.37841094870211,68.75297345867388,695.8837434525477],"rotation_error":14.443898041308161,"translation_error":321.04577105869595,"ADD":0,"ADD_S":0}}
{"id_image":25,"data":{"GT_R":[-0.06131407430272461,0.2321133808710709,0.9707544867485612,-0.7878420703692824,0.5858860871441858,-0.1898496349217732,-0.6128179935572193,-0.7764416120185063,0.14694508212008656],"GT_T":[-92.47758291992898,98.2254452655834,1013.9167739489591],"R_pred":[-0.1410401281808319,0.16433612138215453,0.9762690825032843,-0.8007885589780892,0.5608870653521074,-0.21010326920468447,-0.5821042570300701,-0.8114181037725068,0.05249090223743208],"T_pred":[-65.96286944666976,83.45828988035667,732.1880296386051],"rotation_error":6.183287859905562,"translation_error":283.3587554310423,"ADD":0,"ADD_S":0}}
{"id_image":26,"data":{"GT_R":[-0.06289329414895117,0.23136669363560036,0.9708310391009999,-0.7876655897116467,0.5858633787133171,-0.19064872801967364,-0.6128842179770083,-0.7766806677252815,0.14539243969051363],"GT_T":[-90.58900112447108,97.67808893755735,1013.4037151324202],"R_pred":[-0.13573795131091013,0.1920363870084778,0.9719553665877085,-0.8269679352550428,0.5183100484670279,-0.2178961397503828,-0.545618220584621,-0.8333526982753684,0.08845359033546618],"T_pred":[-64.23368536085485,83.99196133706755,712.3003261694337],"rotation_error":6.36874295809053,"translation_error":302.56431316778315,"ADD":0,"ADD_S":0}}
{"id_image":27,"data":{"GT_R":[-0.06777343801037979,0.2265953649755146,0.9716277257585413,-0.7886692917312549,0.5843056835304753,-0.19127808741252558,-0.6110711933122059,-0.7792567821412192,0.13910775412414544],"GT_T":[-80.91998182236068,96.31453853805789,1010.5774562089985],"R_pred":[-0.1345720156639685,0.17131116438290706,0.9759830211422271,-0.874648158918772,0.44236722738499556,-0.19824690220962754,-0.4657048106903543,-0.8803202378075172,0.0903067450768607],"T_pred":[-57.147501534797215,81.13139551297274,660.4084622228286],"rotation_error":10.64615665551244,"translation_error":351.3032635778226,"ADD":0,"ADD_S":0}}
{"id_image":28,"data":{"GT_R":[-0.07142420507435923,0.22490806000260807,0.9717589577263456,-0.7906917867824734,0.5811250988222809,-0.1926141852052156,-0.6080332142163146,-0.7821186077790252,0.13632637623920665],"GT_T":[-78.57871789565058,97.47583322783058,1010.3066502081191],"R_pred":[-0.14047656370459324,0.1610935876228608,0.9768905727237545,-0.8118916559689755,0.5459610665345282,-0.20678117128122442,-0.566655339706337,-0.8221772131695673,0.05409580507784245],"T_pred":[-55.28905544059559,86.25467936943326,748.2616259634293],"rotation_error":5.850187177191922,"translation_error":263.31714224976747,"ADD":0,"ADD_S":0}}
{"id_image":29,"data":{"GT_R":[-0.07310073978270816,0.22464602527936725,0.9716946295164204,-0.7896999253294238,0.5820234774400898,-0.19396702128295243,-0.6091228517105252,-0.7815264475885977,0.1348566112592685],"GT_T":[-76.27644913393375,97.76306103655567,1010.2746949409556],"R_pred":[-0.10246075596826262,0.18386972722565614,0.9775958862926823,-0.8568492438606155,0.48288975447516497,-0.18062906277342772,-0.5052832540089804,-0.8561596862927372,0.10807138744930705],"T_pred":[-56.911474611066325,78.68831288334819,664.8595597045932],"rotation_error":7.491500146175682,"translation_error":346.48299223155834,"ADD":0,"ADD_S":0}}
{"id_image":30,"data":{"GT_R":[-0.07006614395363017,0.22348021920861985,0.972186230312593,-0.790570014911971,0.5819081588823137,-0.19074170971709192,-0.6083504437566036,-0.7819460075036917,0.13590448434458757],"GT_T":[-77.62518886128585,97.37618092896577,1009.9557751864877],"R_pred":[-0.12312593785097167,0.14064137280911887,0.9823746778509129,-0.8663877697952631,0.467509478726059,-0.17551957056259732,-0.4839547869145512,-0.8727284179833121,0.06428742230667178],"T_pred":[-57.290476088217204,84.35523201320478,693.8912699398973],"rotation_error":9.743099614508706,"translation_error":316.9855156485893,"ADD":0,"ADD_S":0}}
{"id_image":31,"data":{"GT_R":[-0.06773199000926089,0.2229224538871691,0.9724799234994482,-0.7908709251941318,0.582214181751255,-0.18854520926531138,-0.6082223981403732,-0.7818771511479942,0.1368687064722872],"GT_T":[-78.63463033286179,97.61068258288289,1010.0597951821056],"R_pred":[-0.15155902477651256,0.12958540454162887,0.9799170806443649,-0.8220432601558416,0.5339826432464363,-0.1977559484412651,-0.5488849974640839,-0.835505930344801,0.025594919759999946],"T_pred":[-56.30987374871694,85.34426751301721,733.4859937958394],"rotation_error":7.899529018776977,"translation_error":277.7443560334888,"ADD":0,"ADD_S":0}}
{"id_image":32,"data":{"GT_R":[-0.06963541078869502,0.22386077442152266,0.9721301357047627,-0.7915803898370971,0.5806408679443998,-0.1904116652015188,-0.6070850771337893,-0.7827781968050742,0.13677058054351418],"GT_T":[-78.75985517291791,97.85872404729045,1010.0644814697068],"R_pred":[-0.1321477829211043,0.1677707561085814,0.9769288289654429,-0.7983225076546979,0.566185216802294,-0.20522054976647458,-0.5875526676315507,-0.8070237132013496,0.05911504960459946],"T_pred":[-59.33815705528729,87.06970755957448,755.0987338942649],"rotation_error":4.888534235746909,"translation_error":255.93190045644673,"ADD":0,"ADD_S":0}}
{"id_image":33,"data":{"GT_R":[-0.0708511150795976,0.22534333732606462,0.9716990487721746,-0.7911981224079421,0.5805334735337176,-0.19231883521853727,-0.6074418236899088,-0.7824331884908998,0.1371592450419291],"GT_T":[-79.5959640804356,98.61749644225411,1010.3139152195299],"R_pred":[-0.1488102751636043,0.16327271630286494,0.9752935568929064,-0.8341561850885513,0.5089558335919926,-0.21247921858665425,-0.5310734044218817,-0.8451662437436582,0.0604570885172972],"T_pred":[-58.26291610029727,84.38180103274206,701.82362165351],"rotation_error":7.361572799794997,"translation_error":309.554543149288,"ADD":0,"ADD_S":0}}
{"id_image":34,"data":{"GT_R":[-0.0684325594404664,0.22640535467647516,0.9716261585902153,-0.7916427021617106,0.5803654139572526,-0.19099042123550783,-0.6071394336298063,-0.7822514177375601,0.13951597770613178],"GT_T":[-80.71189768547009,99.02707848168328,1010.3375178011204],"R_pred":[-0.1142072427301189,0.1679619107065093,0.9791555046364199,-0.8112355104105586,0.5531576946274506,-0.18950860540715286,-0.5734576290859715,-0.8159689708722153,0.07308205126317749],"T_pred":[-60.99332877335338,87.1587754449462,751.9042349878615],"rotation_error":4.687526109002696,"translation_error":259.4560468413707,"ADD":0,"ADD_S":0}}
{"id_image":35,"data":{"GT_R":[-0.06784044483945506,0.22765323204228827,0.9713764839232788,-0.7910526573445351,0.5810295329697116,-0.19141759826063243,-0.6079747210096105,-0.7813954206965903,0.14066795324663814],"GT_T":[-80.94935798005463,99.39177845367368,1010.4445911278284],"R_pred":[-0.1349120440045326,0.19049714081635133,0.9723731689651429,-0.818733754930014,0.5313086051835483,-0.21768372607090297,-0.5580983595395337,-0.8254828922507766,0.08428650948149335],"T_pred":[-59.55446323776571,82.67485230772702,697.2625421057703],"rotation_error":5.348940455035199,"translation_error":314.35679246750414,"ADD":0,"ADD_S":0}}
{"id_image":36,"data":{"GT_R":[-0.06948286680385256,0.22698307710422164,0.9714171314765091,-0.7922768481459804,0.5791665250471494,-0.19199867040741658,-0.6061921031355394,-0.78297194120176,0.13959095537761831],"GT_T":[-79.97333805227298,97.2855300473748,1010.3464194603788],"R_pred":[-0.13696868871378287,0.15272211180161904,0.9787315949119455,-0.8332372962672192,0.5165497924950042,-0.1972103445123064,-0.5356819825431143,-0.8425273102043767,0.05650261178438365],"T_pred":[-58.93918333632271,80.01156327164651,695.6558163529899],"rotation_error":7.157515177760701,"translation_error":315.8654797170398,"ADD":0,"ADD_S":0}}
{"id_image":37,"data":{"GT_R":[-0.06395493924969907,0.22833864407448723,0.9714785141809916,-0.7881574467563988,0.5855674250463334,-0.18951919269146328,-0.6121416893801679,-0.7777994297654863,0.1425165833586274],"GT_T":[-83.57769217969653,92.26427437572893,1009.3714160119838],"R_pred":[-0.10004611899410734,0.18106957144618607,0.9783683275589574,-0.8197243128629701,0.5423323826057252,-0.18419456473666318,-0.5639528570506125,-0.8204202563768717,0.0941688799495872],"T_pred":[-62.265705863098496,77.20431452535271,709.8429116949285],"rotation_error":4.61278152689455,"translation_error":300.66314714288814,"ADD":0,"ADD_S":0}}
{"id_image":38,"data":{"GT_R":[-0.06476495580556037,0.2271761703074588,0.9716975236649646,-0.7888974312983894,0.584651764752779,-0.1892687756307653,-0.6111022914141194,-0.7788278446621805,0.14135389676804458],"GT_T":[-83.28298546789345,91.09930362983303,1009.2256429959355],"R_pred":[-0.1584186226074523,0.1278748472261202,0.9790564659191285,-0.826028672254795,0.526046728147946,-0.20236470151145675,-0.5409068058585857,-0.8407870498834631,0.02229269216862223],"T_pred":[-60.96302143283943,78.4430374944304,718.6911749469047],"rotation_error":8.755630114660509,"translation_error":291.66528588700703,"ADD":0,"ADD_S":0}}
{"id_image":39,"data":{"GT_R":[-0.06195877981640795,0.22657459548403147,0.9720214972999499,-0.7882625626831425,0.5862683824736871,-0.18690262827508386,-0.6122122090770291,-0.7777878184265125,0.14227518458162772],"GT_T":[-83.23157025870998,89.185255771196,1008.9106606661343],"R_pred":[-0.12912402455140992,0.1937109469858292,0.9725240641246367,-0.8397787768785734,0.5001956944446913,-0.21112999115076186,-0.5273505401419198,-0.8439670232164564,0.09808706099776388],"T_pred":[-61.458645704686326,77.16214135872261,676.8074595846613],"rotation_error":6.995004032524522,"translation_error":333.0332591384409,"ADD":0,"ADD_S":0}}
{"id_image":40,"data":{"GT_R":[-0.06313611828477708,0.22633690531367015,0.9720009659008766,-0.7896194592952968,0.5842966632845799,-0.18734742485413367,-0.6103399365969292,-0.7793388504627766,0.14182978100690116],"GT_T":[-82.25661127084992,91.42709172653814,1009.0052069067631],"R_pred":[-0.11815881118477156,0.15111375484094275,0.9814291255293338,-0.8073310276615593,0.5608260229414443,-0.18355049377926774,-0.5781479975874103,-0.8140262926279185,0.055732286837290756],"T_pred":[-61.35085630795502,79.19582191555672,723.798553988117],"rotation_error":5.63150985014278,"translation_error":286.2332779758753,"ADD":0,"ADD_S":0}}
{"id_image":41,"data":{"GT_R":[-0.06198926073738699,0.22654002339810136,0.9720269321834692,-0.7926642223455248,0.5806330517215387,-0.18587243903491987,-0.6064990783362891,-0.7820135698914128,0.1435763862644552],"GT_T":[-80.94230733675575,96.58734657547203,1009.1866912197395],"R_pred":[-0.15315937043122207,0.15612731926293816,0.9757901759235335,-0.8389499734581349,0.5012664597089391,-0.21188411551001374,-0.5222117858529298,-0.8510911799276473,0.05420935496442303],"T_pred":[-56.98684275537071,83.64235692675557,692.3282269885567],"rotation_error":8.336436371361266,"translation_error":318.0262935596035,"ADD":0,"ADD_S":0}}
{"id_image":42,"data":{"GT_R":[-0.06464444569180201,0.2261768762844201,0.971938845078606,-0.80360354748227,0.5656558275644812,-0.18507955267025716,-0.591643278369799,-0.7930181288596658,0.14518924866296185],"GT_T":[-74.29321692419337,109.6553561606866,1009.852825326554],"R_pred":[-0.11064600998086332,0.18537996053621453,0.9764178054024345,-0.8401818537623371,0.5073554332661339,-0.1915330701049212,-0.5308972716861499,-0.8415608917760649,0.09961602456069574],"T_pred":[-55.316955347706646,89.7474904643052,699.4986718650184],"rotation_error":5.237963189808213,"translation_error":311.5704128938285,"ADD":0,"ADD_S":0}}
{"id_image":43,"data":{"GT_R":[-0.06527692297575595,0.22770031574738894,0.9715402867241077,-0.8033606584479518,0.5655281273311186,-0.18652012323668354,-0.5919043618973983,-0.7926731605037028,0.14600977477169877],"GT_T":[-73.36972091544014,109.971734074159,1009.7409787249474],"R_pred":[-0.12199171310333481,0.1721893077240237,0.9774808766618585,-0.8470793206033749,0.495203717390241,-0.192950519276346,-0.5172761801400086,-0.8515422012962178,0.08544725198245634],"T_pred":[-52.40016243555149,91.08323272263775,695.009565132651],"rotation_error":6.528045548069195,"translation_error":315.99424135251735,"ADD":0,"ADD_S":0}}
{"id_image":44,"data":{"GT_R":[-0.06765916112420507,0.22617866763290934,0.9717334201565427,-0.8044936305889915,0.5636839754868788,-0.18721648780670003,-0.5900948375114432,-0.7944198032212181,0.14382057802699996],"GT_T":[-70.95386852422702,110.82776873491217,1009.9323611637524],"R_pred":[-0.11563940546292881,0.16592183889459772,0.9793352190552609,-0.816243204632457,0.5459592725131713,-0.18887960093198453,-0.5660163944582499,-0.8212176423669454,0.0722981678174405],"T_pred":[-52.53042414187636,92.32794985041551,732.5256539745566],"rotation_error":4.595621064269771,"translation_error":278.63263950086855,"ADD":0,"ADD_S":0}}
{"id_image":45,"data":{"GT_R":[-0.06726659984701301,0.2253566447922089,0.9719514557202235,-0.8045656567346186,0.563846314447773,-0.1864152693340784,-0.5900420045778507,-0.7945385124369635,0.14338567431067462],"GT_T":[-69.70890186953213,110.20856295262575,1010.1457277953104],"R_pred":[-0.13160089269838152,0.15546579815226114,0.9790360517600305,-0.8250378621220464,0.5303238022233298,-0.1951132769969114,-0.5495395628215243,-0.833418892514605,0.05847408394884901],"T_pred":[-51.61044908849454,90.63168824378442,718.750980215944],"rotation_error":5.881297870473534,"translation_error":292.61187080034165,"ADD":0,"ADD_S":0}}
{"id_image":46,"data":{"GT_R":[-0.06123995059862427,0.22501174820382894,0.9724294066117474,-0.8030833908060905,0.5674316436936202,-0.18187417891123892,-0.5927112659970846,-0.7920799967756711,0.14595387032383592],"GT_T":[-71.41047438062346,105.15826901507927,1010.1225074423386],"R_pred":[-0.08720904904887197,0.1997257162390167,0.9759632267851095,-0.8188869829592793,0.5435252751463255,-0.18440277768233315,-0.5672906582201405,-0.8152851731449081,0.11615246681081193],"T_pred":[-53.54327663486178,85.56030507879414,710.2994130393082],"rotation_error":2.634420985855149,"translation_error":300.9936957531545,"ADD":0,"ADD_S":0}}
{"id_image":47,"data":{"GT_R":[-0.06176619357750244,0.22299345067912518,0.972861480664772,-0.8034287514665641,0.5672155442328499,-0.181022388602486,-0.5921889761448867,-0.7928057092638128,0.14412437942382914],"GT_T":[-69.36837080215611,104.08658501230171,1010.3807259884773],"R_pred":[-0.09928690331082074,0.16276242972555022,0.9816570186683244,-0.7995753841543983,0.5741760142513203,-0.17607131996101555,-0.592301710182652,-0.8023903639303648,0.07313267386334682],"T_pred":[-49.90681734897125,87.45992510523713,751.9566611703358],"rotation_error":4.118815176728539,"translation_error":259.6886504250953,"ADD":0,"ADD_S":0}}
{"id_image":48,"data":{"GT_R":[-0.06280646997445487,0.22092973427141663,0.973264843743671,-0.8016263400299002,0.5697464336157443,-0.18106162463407785,-0.5945168603331692,-0.7915670044489422,0.14131957941715254],"GT_T":[-65.5614658911835,100.7748057162825,1010.8363646344824],"R_pred":[-0.11207908931286323,0.1574362064844117,0.9811483672852932,-0.845946549245878,0.502918724584009,-0.1773335621978669,-0.5213566088176023,-0.849874459758964,0.0768159429520871],"T_pred":[-50.126434833895495,82.4497783709107,692.526025276681],"rotation_error":6.521199795590192,"translation_error":319.21077512049425,"ADD":0,"ADD_S":0}}
{"id_image":49,"data":{"GT_R":[-0.05457953987327771,0.21975333273899128,0.9740276061258454,-0.8030950888738229,0.5700012352754552,-0.17360078000046028,-0.5933459165579797,-0.7917117981937034,0.14537216490983254],"GT_T":[-69.37209653814156,99.46018556312835,1010.8821783339798],"R_pred":[-0.09387984243259942,0.18236991560394117,0.9787378551315168,-0.8094941209916002,0.558312271746757,-0.18167739346713446,-0.5795738462567707,-0.8093383847931512,0.09521310642735248],"T_pred":[-51.585646606948885,88.06038723113818,757.0231299465235],"rotation_error":3.1963488942164195,"translation_error":254.73658875660124,"ADD":0,"ADD_S":0}}
{"id_image":50,"data":{"GT_R":[-0.05529537418600213,0.22022281585413983,0.9738809923358411,-0.80376684423387,0.5688489247764013,-0.17426938215532475,-0.5923692885833542,-0.7924092600814888,0.14555249798554823],"GT_T":[-70.0259984259752,100.15890358532768,1011.0743813214774],"R_pred":[-0.09166527892644777,0.1721888560594677,0.9807897198116773,-0.8174470202900497,0.5494534544046061,-0.17286199831589483,-0.5686632093412194,-0.817589077282578,0.09038946315786572],"T_pred":[-53.88665455476332,82.68168839296033,717.7171668431395],"rotation_error":3.732103353801147,"translation_error":294.32021126311236,"ADD":0,"ADD_S":0}}
{"id_image":51,"data":{"GT_R":[-0.05219463200137928,0.22009085116948107,0.9740817022330445,-0.8026468813806534,0.5711013286615173,-0.17204742008310922,-0.5941658895050133,-0.790824173690505,0.14684710980246687],"GT_T":[-71.28188819805636,98.59353038984023,1010.9069872307787],"R_pred":[-0.12228308907540661,0.19486590926953012,0.9731773340613391,-0.8401942659438792,0.5016276835230552,-0.20601762691167708,-0.5283185039360269,-0.8428504876476328,0.1023846368892598],"T_pred":[-53.13902473632007,81.15898230904742,675.762317787963],"rotation_error":6.006635520869301,"translation_error":336.0878998376866,"ADD":0,"ADD_S":0}}
{"id_image":52,"data":{"GT_R":[-0.04997579652535367,0.21869122377802794,0.9745129319886737,-0.8024359335916268,0.5721453994409273,-0.16954638795037333,-0.5946417868434444,-0.7904576007813988,0.1468919430170343],"GT_T":[-71.53740272114028,97.16932146767668,1010.6724583565012],"R_pred":[-0.08223455554196485,0.19888959484571528,0.9765656183467257,-0.8001396281039759,0.5710009682143418,-0.18366945809228985,-0.5941498577063253,-0.7964928269359314,0.11218343561846306],"T_pred":[-55.54820249838752,81.8820356134809,733.8484014275411],"rotation_error":2.1767560720066874,"translation_error":277.70652517929665,"ADD":0,"ADD_S":0}}
{"id_image":53,"data":{"GT_R":[-0.044514844707466715,0.21678258579167617,0.9752042728845427,-0.8002239189981153,0.5766380741513001,-0.16471087003599905,-0.5980464697810246,-0.7877137981701515,0.14780548083220643],"GT_T":[-73.00974533902033,94.37964296406234,1010.4214883929152],"R_pred":[-0.11017242662017346,0.1371433597640398,0.9844052698382174,-0.8660722751866513,0.47267481787279547,-0.16278000707069945,-0.48762777870588925,-0.8704999801387423,0.06670032993028902],"T_pred":[-52.70036748884263,77.41503837904125,665.3791226638441],"rotation_error":9.205092588928467,"translation_error":346.0556353901804,"ADD":0,"ADD_S":0}}
{"id_image":54,"data":{"GT_R":[-0.04534556354474401,0.21702634150175723,0.9751123960735606,-0.8009961755522661,0.5753935292199913,-0.1653116634544553,-0.5969502387653964,-0.7885569804703739,0.147745537266116],"GT_T":[-72.34807019928607,93.87955955613704,1010.145299547051],"R_pred":[-0.13280307180900175,0.15054219523646978,0.9796429918962712,-0.8529607080784365,0.4860415255200482,-0.19031990422569156,-0.5047983504256182,-0.8608720479394885,0.06385876982878574],"T_pred":[-51.5856387318403,81.11362981396881,691.65166758072],"rotation_error":8.52120228610551,"translation_error":319.4248599056233,"ADD":0,"ADD_S":0}}
{"id_image":55,"data":{"GT_R":[-0.046568696882336176,0.2167530835541939,0.9751143759613846,-0.8010321628168747,0.5751175489551724,-0.166094371838618,-0.5968075772082236,-0.7888332272592967,0.14684321904557635],"GT_T":[-71.21649520436615,93.44078500279063,1010.2987983446366],"R_pred":[-0.14200749454160452,0.15758633852105036,0.9772412278478353,-0.8658918193435305,0.4586058777928609,-0.19977989400285,-0.47965115311856255,-0.8745554269257999,0.07132724967826021],"T_pred":[-51.89251034871654,79.40844774740677,672.1469085143754],"rotation_error":9.79492442866127,"translation_error":338.9941348686247,"ADD":0,"ADD_S":0}}
{"id_image":56,"data":{"GT_R":[-0.04325136732504884,0.2194117884414311,0.9746728339532446,-0.7996141278647304,0.5772760616405052,-0.16543491994312826,-0.5989539124432401,-0.7865182953069044,0.15047664708240502],"GT_T":[-76.1067765401782,89.61011789283859,1009.3504421578926],"R_pred":[-0.15302137037436112,0.11924745324179598,0.9810017864938363,-0.8162998772298052,0.544257898012642,-0.19348863244507536,-0.5569909969140951,-0.8303995335657446,0.014058592050281316],"T_pred":[-55.170829729802264,79.81746000651339,747.3467346273932],"rotation_error":8.752061908411113,"translation_error":263.0212021435782,"ADD":0,"ADD_S":0}}
{"id_image":57,"data":{"GT_R":[-0.04145646793457387,0.22132981821757797,0.9743169762038021,-0.7971871669983274,0.5805210979588334,-0.16579340189651262,-0.602307099512182,-0.7835866060455626,0.15237489137678092],"GT_T":[-77.21679220161155,87.60444885183217,1009.0296782388219],"R_pred":[-0.046117841051512926,0.18538924589297878,0.9815823817917577,-0.7454882370056624,0.647678885584646,-0.1573510395708277,-0.6649213737149202,-0.7390148095099742,0.10833595018275227],"T_pred":[-60.76003179816068,72.25132538995403,751.528677129622],"rotation_error":5.200961310587751,"translation_error":258.4827052923511,"ADD":0,"ADD_S":0}}
{"id_image":58,"data":{"GT_R":[-0.04326294075758172,0.22282923255566076,0.9738971094394934,-0.7965471341658847,0.5806932924384175,-0.16824766570019248,-0.6030262041286559,-0.7830338483788064,0.15237092598150698],"GT_T":[-77.27566850596132,84.81098304122095,1008.7707461008804],"R_pred":[-0.12298923487289343,0.14710031715811056,0.9814454364850671,-0.8112130709608745,0.5547787774525781,-0.18480763401561867,-0.5716703609665346,-0.8188907160178378,0.05109788265853782],"T_pred":[-58.257549006697346,76.23983371595735,747.8495766091723],"rotation_error":6.515496560936726,"translation_error":261.75372043003495,"ADD":0,"ADD_S":0}}
{"id_image":59,"data":{"GT_R":[-0.040891698147334066,0.22260928970334024,0.9740494496457728,-0.7979212598228564,0.5794728563633337,-0.1659305369317121,-0.6013727741773521,-0.7840004802572839,0.15392917548915463],"GT_T":[-78.556713508777,84.27871193673025,1008.2854541076556],"R_pred":[-0.08894817581415757,0.1710691577036746,0.9812357338080839,-0.8354397126729468,0.5235900346712746,-0.1670148558717981,-0.5423363426032575,-0.8346189662807146,0.09634558950067948],"T_pred":[-58.84054673524839,71.48751667018786,694.016557486137],"rotation_error":5.5738944624906095,"translation_error":315.14644420062103,"ADD":0,"ADD_S":0}}
{"id_image":60,"data":{"GT_R":[-0.03488922462661148,0.21905725322419772,0.9750882367094192,-0.7943198636668326,0.5860307311593587,-0.1600746067730811,-0.606496852936733,-0.7801172637498668,0.15355493231310352],"GT_T":[-75.75663532566784,78.39123844136432,1007.3737790150781],"R_pred":[-0.10791011062635719,0.15784096884510668,0.9815506286374868,-0.8160711869624968,0.549815209438687,-0.17813212309831694,-0.5677880113512691,-0.8202374436856259,0.06947884672215415],"T_pred":[-56.27532188598579,69.46985784402602,730.2437867107024],"rotation_error":5.930469162707515,"translation_error":277.95709244363786,"ADD":0,"ADD_S":0}}
{"id_image":61,"data":{"GT_R":[-0.03216722956176065,0.2181049110298259,0.9753947115434022,-0.7932350902722434,0.5881476098469122,-0.15767297745135025,-0.6080657509941867,-0.7787893358080545,0.15408868315412416],"GT_T":[-75.92651168959446,77.11967676732199,1007.1329463170564],"R_pred":[-0.07451848295440774,0.13914266484636884,0.987464588994271,-0.8229703660603737,0.5506405525573641,-0.1396952342271402,-0.5631756140713378,-0.8230639712068388,0.07347739119348051],"T_pred":[-56.437776477851656,68.07852388479249,726.7893812962345],"rotation_error":5.91024798256251,"translation_error":281.1655521115318,"ADD":0,"ADD_S":0}}
{"id_image":62,"data":{"GT_R":[-0.0314197326384056,0.2181117822401912,0.9754175809294324,-0.7933500475009638,0.5881533338026781,-0.15707183241599137,-0.6079545923043559,-0.7787826379506493,0.15455941887231484],"GT_T":[-75.64130408423337,76.76128069921032,1006.8905577802451],"R_pred":[-0.09324580001940908,0.16896188297867837,0.9812018665285138,-0.8388160544044516,0.5175719485355335,-0.16883987965667024,-0.5363700659545498,-0.8387914879094983,0.09346652961612129],"T_pred":[-55.63517336484969,67.10406086541568,674.5875455288673],"rotation_error":6.525859442193184,"translation_error":333.04474040677877,"ADD":0,"ADD_S":0}}
{"id_image":63,"data":{"GT_R":[-0.031205313484070147,0.21731467705771113,0.9756021969036314,-0.7936882822165225,0.5878920516481247,-0.15633850703430646,-0.6075235301420967,-0.7792031788243756,0.1541344753365829],"GT_T":[-75.26572934218731,77.05144906370154,1007.0561337396865],"R_pred":[-0.08960219599973274,0.13714749570238272,0.9864897419104723,-0.8119732813546757,0.5635300707472826,-0.1520961857828228,-0.5767762450362757,-0.8146314650110977,0.060866570264198616],"T_pred":[-55.855678821327366,68.27610816639236,719.0657320231417],"rotation_error":5.984846781218724,"translation_error":288.7771253924784,"ADD":0,"ADD_S":0}}
{"id_image":64,"data":{"GT_R":[-0.0317328672969368,0.21943880748564754,0.9751094034762765,-0.7978901759955224,0.5820142869394666,-0.15694166543290242,-0.6019672939924,-0.7830106170786499,0.15661912949589185],"GT_T":[-76.8641573954978,82.78165281052458,1008.9503037652912],"R_pred":[-0.10023501358528855,0.14748793739890637,0.9839716715299144,-0.8213531831694967,0.5458856939015856,-0.16549247019402596,-0.5615442017765767,-0.8247764045578665,0.06642282691745524],"T_pred":[-57.46535974287103,74.3407149276652,717.7390608167943],"rotation_error":6.199467794628401,"translation_error":291.97868210250954,"ADD":0,"ADD_S":0}}
