{"id_image":1,"data":{"Best_template_id":141,"GT_R":[-0.09398017740507172,0.9402408046827869,0.32728237154622947,-0.6915469042818773,0.1748326445853499,-0.700853597430254,-0.7161914346658317,-0.292197602580755,0.6337906373915762],"GT_T":[18.589917797028342,-10.144428590127134,780.6027164990082],"R_pred":[0.08305972996123738,0.9646747819020242,0.2500072927357283,-0.8911589158489129,0.18418444150340468,-0.4146225732049196,-0.4460233939624202,-0.18835778898245947,0.8749768427609286],"T_pred":[-3.9827472753087547,23.90653802730331,613.3702020049245],"rotation_error":22.39632642296453,"translation_error":172.15024670346304,"ADD":0,"ADD_S":0}}
{"id_image":36,"data":{"Best_template_id":141,"GT_R":[-0.11525803620121955,0.9425149507655838,0.31365675169812,-0.694610424859916,0.14925090064716554,-0.7037330331010531,-0.7100933939122147,-0.29898023028290205,0.6374785407878609],"GT_T":[16.72513744082342,-4.6980045033473266,789.0906625265343],"R_pred":[-0.15312409530318305,0.9501563264370149,0.2715804977705478,-0.8531528088302466,0.011576866775759254,-0.5215326077444409,-0.4986815579331586,-0.31155887322843673,0.8088558414760842],"T_pred":[5.553612769897041,25.472456726556686,620.4964415043783],"rotation_error":15.990635803065388,"translation_error":171.63645025566643,"ADD":0,"ADD_S":0}}
{"id_image":47,"data":{"Best_template_id":141,"GT_R":[-0.13554417434253846,0.9440215713935662,0.30075005805167665,-0.6957252525451308,0.12543182805472863,-0.7072719351018968,-0.7054034089253078,-0.3051061658365716,0.6397784829478111],"GT_T":[14.486559660174125,-2.4479879961467703,797.59416670156],"R_pred":[-0.09083354877490343,0.9535960299257531,0.2870607568561046,-0.741679473064031,0.1275830778103799,-0.6585090109420614,-0.6645756733829629,-0.2727217812465168,0.6956737772701431],"T_pred":[0.7433782489347448,18.999348040048122,589.7668332996035],"rotation_error":4.55109583038844,"translation_error":209.3825775161813,"ADD":0,"ADD_S":0}}
{"id_image":58,"data":{"Best_template_id":141,"GT_R":[-0.14595746831677628,0.9476371473308047,0.2840413036410002,-0.7040691746095848,0.10219451611576039,-0.7027394244016887,-0.6949699151340092,-0.3025549720917797,0.6522869785261611],"GT_T":[6.954151596111353,4.995868049671808,806.4173330975952],"R_pred":[-0.1268695261575339,0.9629295369504933,0.2380563592951707,-0.7854888809455043,0.04902714643446224,-0.6169307552906351,-0.6057320705093486,-0.2652603358604569,0.7501503935716194],"T_pred":[-2.3349565102650653,28.159342164238947,600.8861519692204],"rotation_error":7.9520675075346094,"translation_error":207.04081838732435,"ADD":0,"ADD_S":0}}
{"id_image":65,"data":{"Best_template_id":141,"GT_R":[-0.1538806377429497,0.94611129095098,0.2849446815374776,-0.7114026316211147,0.09405019466220241,-0.6964625145735209,-0.6857305249952633,-0.3098818896713105,0.6585937167946458],"GT_T":[13.001222966278274,10.985884947939608,815.5026662605032],"R_pred":[-0.051275476806944664,0.97522788115257,0.2151776133822695,-0.8758734452096589,0.059602536755370236,-0.4788457429996509,-0.4798088509550271,-0.2130214013544032,0.8511200556385823],"T_pred":[-0.7685480612199816,41.20583574806886,629.8114810342024],"rotation_error":17.2872487472858,"translation_error":188.63739897289807,"ADD":0,"ADD_S":0}}
{"id_image":73,"data":{"Best_template_id":141,"GT_R":[-0.167562589220777,0.9468145124087577,0.27470854757000135,-0.7130198668130964,0.07604324788649154,-0.6970084493598081,-0.6808274809002293,-0.31266474995936655,0.6623555556254758],"GT_T":[5.320295474521759,17.676654246572276,820.7097790436733],"R_pred":[-0.24382068245354513,0.9396169483486798,0.24014883964700265,-0.8331431311336728,-0.07618818431297375,-0.5477845229794942,-0.49641111777705704,-0.333639552431972,0.8014116615075713],"T_pred":[1.578261868560217,43.82410036132794,626.1886790834442],"rotation_error":14.11214610274498,"translation_error":196.30626603236493,"ADD":0,"ADD_S":0}}
{"id_image":91,"data":{"Best_template_id":141,"GT_R":[-0.18676440561951327,0.9464304507975319,0.2634165266875322,-0.7108374362762659,0.05489171126824236,-0.7012106886688833,-0.6781064310263946,-0.3182072119376837,0.6625068542254203],"GT_T":[0.8957750667960984,15.627199374879389,824.67341812698],"R_pred":[-0.3020579885185482,0.9139755495769328,0.27094218266573455,-0.7897992945504277,-0.08077456712249906,-0.608023472929968,-0.533833350306793,-0.39764829193863827,0.7462558475606794],"T_pred":[2.701536924903576,40.060780212926055,629.5600553059768],"rotation_error":11.612000311110688,"translation_error":196.64558220254528,"ADD":0,"ADD_S":0}}
{"id_image":109,"data":{"Best_template_id":141,"GT_R":[-0.19851743261957935,0.9444672695211026,0.2618624937483915,-0.7234416735794125,0.03904960708284752,-0.6892801606335006,-0.6612282413530293,-0.32627591757460817,0.6755157028976827],"GT_T":[-0.8427570184922781,26.88779691060908,826.2956504605083],"R_pred":[-0.11174744937413843,0.9816010347284103,0.15482866717274443,-0.8626357719295872,-0.01847317856604519,-0.5054881469046651,-0.4933275104287411,-0.19004775792884562,0.8488284969064123],"T_pred":[-10.944848770409557,54.969611527250194,646.6825988915705],"rotation_error":15.930257250733488,"translation_error":182.07550319533237,"ADD":0,"ADD_S":0}}
{"id_image":125,"data":{"Best_template_id":141,"GT_R":[-0.17803195736304503,0.9464059355352934,0.2694804476102461,-0.7342741357213219,0.05454529509836975,-0.6766580953747678,-0.6550925376458001,-0.3183386997583388,0.6852107958167405],"GT_T":[-19.527871035781864,34.830586158789174,825.3149581638919],"R_pred":[-0.02270371190332377,0.9909664294577573,0.13217441943717614,-0.9057239808574499,0.03558488607020322,-0.42237162118578053,-0.4232595090078246,-0.12930294494370329,0.8967341503831227],"T_pred":[-27.961125132328746,62.88368184795913,638.5100338375498],"rotation_error":21.314623160719233,"translation_error":189.08774604657233,"ADD":0,"ADD_S":0}}
{"id_image":148,"data":{"Best_template_id":141,"GT_R":[-0.16668302666864943,0.9435781058946634,0.28614003793469583,-0.7314537421863597,0.07627471166598307,-0.6776115641371359,-0.6612051972348243,-0.32224485715339835,0.6774707877964623],"GT_T":[-16.4636277768191,19.619109112763887,818.5905475019208],"R_pred":[-0.14520408469446222,0.9598043403279217,0.24019034550898755,-0.9067152544922306,-0.03193452733993528,-0.42053255906607867,-0.39595861028538504,-0.27884729557816823,0.8749062605157245],"T_pred":[-17.27826945496811,48.535621474082326,583.7488163626357],"rotation_error":19.2033641464576,"translation_error":236.61670907334997,"ADD":0,"ADD_S":0}}
{"id_image":231,"data":{"Best_template_id":141,"GT_R":[-0.10653304024040058,0.9129376029672155,0.39395014544400986,-0.7691418530199318,0.17542819623257333,-0.6145293207134971,-0.630136688358955,-0.3684704876006795,0.6834885961774092],"GT_T":[-19.326560699888393,23.711260794551013,793.850318570386],"R_pred":[-0.011011287706629484,0.9599110256959198,0.2800885115288543,-0.9315160606437152,0.09198670933304164,-0.3518753672380218,-0.363533465180107,-0.2647815477964538,0.893159645103079],"T_pred":[-32.91311600908595,48.88184458771826,625.8574264582375],"rotation_error":20.46269479867827,"translation_error":170.4105764730074,"ADD":0,"ADD_S":0}}
{"id_image":357,"data":{"Best_template_id":165,"GT_R":[0.027352299270266528,0.8115221286868605,0.5836814888894443,-0.8219324051259226,0.3505790662572036,-0.44891046584180405,-0.5689273673027695,-0.4674681271378324,0.6766056227856084],"GT_T":[-34.39836523795051,22.17417545312442,779.1222402409536],"R_pred":[0.08229144725506612,0.7861145497540212,0.6125781847027357,-0.7641141487252552,0.44437423435170065,-0.4676121336772797,-0.6398106637330648,-0.42959917889746024,0.6372494488534945],"T_pred":[-54.17483545727387,21.44150538797743,737.1270594100125],"rotation_error":6.408817664973364,"translation_error":46.42457100268766,"ADD":0,"ADD_S":1}}
{"id_image":521,"data":{"Best_template_id":173,"GT_R":[0.010144546366397656,0.7333939470395207,0.6797285912653143,-0.8441672871154955,0.37064131336174055,-0.3873058244772874,-0.5359834480692749,-0.5698752960709138,0.6228673580029294],"GT_T":[0.35967647678341397,5.474111353653094,785.7130101378984],"R_pred":[0.02557196987820553,0.7400906906268646,0.6720207169455406,-0.8278094418683296,0.39254152686173927,-0.4008025419613738,-0.5604262683977193,-0.5460557840884983,0.6226921216406247],"T_pred":[-24.791426807842008,5.030231883996555,728.1997580554302],"rotation_error":2.000074842375603,"translation_error":62.77379381970649,"ADD":0,"ADD_S":0}}
{"id_image":526,"data":{"Best_template_id":141,"GT_R":[0.012032951434590397,0.7350805407395457,0.6778726831687504,-0.8482111336490031,0.3665033906850739,-0.38237710465159275,-0.5295213609531236,-0.5703786913722388,0.6279139554238934],"GT_T":[-4.1305957420430195,9.215485849259522,785.2849915770238],"R_pred":[0.07441681665119476,0.7923195753846918,0.605550846636122,-0.8877837541057837,0.3292127489198877,-0.32165038767962384,-0.4542049574204841,-0.5136620060028119,0.7279074118621292],"T_pred":[-35.0463923002788,11.506506555606718,809.0205957035013],"rotation_error":7.896807022708682,"translation_error":39.04374669464996,"ADD":0,"ADD_S":1}}
{"id_image":537,"data":{"Best_template_id":165,"GT_R":[0.012340314382510586,0.7299253861629665,0.6834157392009639,-0.852601944557383,0.36476215768579645,-0.37419021245025896,-0.52241515349049,-0.5780637319041487,0.626836776110895],"GT_T":[-5.163255596126913,12.057432538238986,785.6287439223169],"R_pred":[-0.02959611134206746,0.7078696109406255,0.7057228096782727,-0.8289434817601624,0.3771444666670326,-0.41305539012313935,-0.5585488109742668,-0.5972291563287975,0.5756218902978115],"T_pred":[-27.90192348613291,12.046195981651891,757.1564267529814],"rotation_error":3.899883091627762,"translation_error":36.4378922093942,"ADD":0,"ADD_S":1}}
{"id_image":542,"data":{"Best_template_id":165,"GT_R":[0.013818476570776152,0.7263632101321769,0.6871725653487804,-0.8545847038196436,0.36537726842234447,-0.36903016415277873,-0.5191274649915032,-0.5821480088757945,0.625787741707259],"GT_T":[-5.072413934918676,12.861935664007072,784.8884302416647],"R_pred":[-0.019651791746724902,0.7266576175437394,0.6867186570545465,-0.8506592684852328,0.3487548089055672,-0.3933813572163907,-0.5253499938339314,-0.5918942389742425,0.6112843805036983],"T_pred":[-30.59259792889851,14.0679581474523,733.6603186648636],"rotation_error":1.9640767613431562,"translation_error":57.24555613357549,"ADD":0,"ADD_S":0}}
{"id_image":552,"data":{"Best_template_id":165,"GT_R":[0.01711893005301713,0.7170407706731943,0.6968205596423231,-0.8570588700438826,0.3694454442386235,-0.3591102182075675,-0.5149339314289757,-0.5910685252875855,0.6208710678185592],"GT_T":[-1.3630202844555375,11.287209535031561,784.2340157345367],"R_pred":[0.015965904021210387,0.6912457354576307,0.722443370182345,-0.8118786495842498,0.4306936136029867,-0.39415234307416713,-0.5836078719980053,-0.5802433493054792,0.5680840671315464],"T_pred":[-26.246166696468894,9.007031647265011,772.9109073619125],"rotation_error":5.120673597886287,"translation_error":27.433245702609558,"ADD":0,"ADD_S":1}}
{"id_image":558,"data":{"Best_template_id":141,"GT_R":[0.0178529401084203,0.715017629110588,0.6988782179657793,-0.8607532075619763,0.36663006329860176,-0.35310941786086913,-0.5087092012161348,-0.5952573755277173,0.6219995247988424],"GT_T":[-1.8983314789709405,14.84818839371975,784.8491253290103],"R_pred":[0.2795509504138177,0.717862944544825,0.6375923924986595,-0.7067995578527011,0.6033185089556545,-0.36937942792033235,-0.6498350953449326,-0.34738965096985713,0.676043474383921],"T_pred":[-30.98694664442399,1.430197665848136,759.8175703234161],"rotation_error":19.801566849303377,"translation_error":40.65425873651077,"ADD":0,"ADD_S":1}}
{"id_image":564,"data":{"Best_template_id":141,"GT_R":[0.01656289372400923,0.7138875321988085,0.7000642728800592,-0.8621750403885619,0.3647643215443016,-0.35156912224058195,-0.5063394313462833,-0.5977554070032126,0.6215382959379555],"GT_T":[-3.510624017824471,14.398282320485835,785.2536809678969],"R_pred":[0.3145370122545962,0.769320744462181,0.5560683951296886,-0.8017217148253291,0.528947851092883,-0.27831001204009015,-0.5082408483184776,-0.3582733076359121,0.783154823222163],"T_pred":[-43.22500304202485,11.347966910574229,799.6373151705507],"rotation_error":19.611892228142384,"translation_error":42.348851911870554,"ADD":0,"ADD_S":1}}
{"id_image":570,"data":{"Best_template_id":165,"GT_R":[0.017254866399606168,0.7128141400477311,0.7011407461909517,-0.8618907969290893,0.36604804729517726,-0.35093142084984186,-0.5068003196629037,-0.5982510247774979,0.6206838894741191],"GT_T":[-5.35973508957257,12.252108946444142,784.9486303932559],"R_pred":[0.035958923348127454,0.6998383998708555,0.7133955213609378,-0.8308134799937172,0.4176592022687217,-0.36784473928681427,-0.5553880780970841,-0.5794713149297864,0.596453751669961],"T_pred":[-31.688180253585983,10.073960851241948,769.2981758611028],"rotation_error":3.5982258172872874,"translation_error":30.706157052651307,"ADD":0,"ADD_S":1}}
{"id_image":576,"data":{"Best_template_id":173,"GT_R":[0.015604900662129046,0.7089448121474538,0.7050908497800719,-0.8626620119149386,0.3660839184129886,-0.34899367604539294,-0.5055396560826075,-0.6028090327347017,0.6172928204014662],"GT_T":[-3.222771127329942,12.355337109834515,784.5370226663915],"R_pred":[0.0391116117155665,0.6890032319614116,0.723702168143595,-0.8279100790348067,0.42787315434400186,-0.36261476090238576,-0.5594954717078514,-0.5849778714946776,0.5871675289046269],"T_pred":[-27.526236026252338,8.219984821454661,758.3503030411862],"rotation_error":4.181131556755161,"translation_error":35.96531425375394,"ADD":0,"ADD_S":1}}
{"id_image":591,"data":{"Best_template_id":165,"GT_R":[0.019920047539973666,0.7042357852705026,0.7096860250478679,-0.8681668969353803,0.36423649089452165,-0.33707149487647203,-0.49587152732781153,-0.6094117884753917,0.6186506824455903],"GT_T":[-5.061784269260655,15.598261921680107,784.0714953488766],"R_pred":[0.03941502545957364,0.7131145531166411,0.6999386329538287,-0.8453257811901059,0.39730113823511554,-0.35717800773902514,-0.5327952509391939,-0.5775979914181966,0.6184737511700126],"T_pred":[-32.02173051801316,13.749388124864621,750.7387641375487],"rotation_error":2.8508448972247593,"translation_error":42.91069803742194,"ADD":0,"ADD_S":1}}
{"id_image":594,"data":{"Best_template_id":141,"GT_R":[0.018995655963649025,0.6988632777855661,0.715003459724851,-0.8690680119738623,0.3651150973079358,-0.33378390104376215,-0.49432731567116356,-0.6150459263164011,0.6142951221199302],"GT_T":[-0.5594325517138312,16.940266647346867,784.0223005645943],"R_pred":[0.14825385576583425,0.81856526209513,0.5549519852579089,-0.8667093243739934,0.3777919866682645,-0.3257117772700609,-0.4762727593446209,-0.43269403335425943,0.7654672639674959],"T_pred":[-35.047017830213306,14.222423442069624,706.5289163203136],"rotation_error":13.670438860664198,"translation_error":84.8646263861568,"ADD":0,"ADD_S":0}}
{"id_image":617,"data":{"Best_template_id":173,"GT_R":[0.028376173563139664,0.6945784898885293,0.7188567336125712,-0.8748225265892335,0.365183299929433,-0.31831734868081096,-0.4836106773989195,-0.6198400468137322,0.6179962443974677],"GT_T":[-6.071885697504644,18.208476043438683,781.6827309133176],"R_pred":[0.04537002947159053,0.7013769885048944,0.7113451204735661,-0.861144538554838,0.38837884207584206,-0.32801213200886853,-0.506331555547274,-0.5976890454271631,0.6216077226301522],"T_pred":[-33.57521741007691,14.101537125613872,756.1577919951155],"rotation_error":1.9139069566408915,"translation_error":37.74682383121096,"ADD":0,"ADD_S":1}}
{"id_image":629,"data":{"Best_template_id":165,"GT_R":[0.03102035005194973,0.694180095194482,0.7191321929165622,-0.8756066632817343,0.3658482903918298,-0.3153841891681936,-0.4820265988958191,-0.619894447086654,0.6191780083076459],"GT_T":[-13.278677694085827,13.802231734797932,777.9439257544358],"R_pred":[0.030597981572969696,0.6787010959481385,0.7337769319639694,-0.856983777158733,0.39564726720840393,-0.3302151505265509,-0.5144342224331612,-0.6187310096555022,0.5937418365588459],"T_pred":[-41.39511676587926,10.297648156404964,761.3691064090002],"rotation_error":2.4340274658151473,"translation_error":32.82591793795931,"ADD":0,"ADD_S":1}}
{"id_image":631,"data":{"Best_template_id":165,"GT_R":[0.034110827117169604,0.6955637419937576,0.7176545025387943,-0.8767250803402848,0.3655427155771928,-0.3126190772587258,-0.47977988126497273,-0.6185221271622666,0.622287259994532],"GT_T":[-15.049478886337283,14.397180336366446,777.383248615164],"R_pred":[0.06608367517163227,0.6705297907059207,0.738933520454773,-0.8325003834979727,0.44529815190496186,-0.3296250405927228,-0.5500691405192067,-0.59337960504714,0.58764324633451],"T_pred":[-42.36838940928519,9.051026944304512,792.2560914511812],"rotation_error":5.3586293919972166,"translation_error":31.561141967253928,"ADD":0,"ADD_S":1}}
{"id_image":651,"data":{"Best_template_id":165,"GT_R":[0.035269899346702646,0.6879216247586752,0.7249274302930829,-0.883979598581475,0.3598510183514513,-0.2984732646971075,-0.46619217078370645,-0.6302943511698365,0.6208010566672804],"GT_T":[-15.374948956283104,19.13059542230554,774.5538497611884],"R_pred":[0.06935018244652918,0.6653941078929935,0.7432639056054856,-0.8560454219009037,0.4222532442729508,-0.2981416330261029,-0.5122272814260646,-0.615591487012495,0.5988909193506011],"T_pred":[-44.682905680971906,14.016771718938907,765.5560616175724],"rotation_error":3.948823028173973,"translation_error":31.081629811236468,"ADD":0,"ADD_S":1}}
{"id_image":669,"data":{"Best_template_id":165,"GT_R":[0.035293780242885535,0.6820681609880888,0.7304364769197963,-0.8827595766594968,0.3639106894553375,-0.2971593832616205,-0.4684963675653515,-0.6343115501582571,0.6149467286886728],"GT_T":[-16.663503114530013,12.433648941513413,768.6175780387932],"R_pred":[0.011464856123320705,0.649958229106722,0.7598834499385585,-0.8560964082203418,0.3990552082808418,-0.32841114563328133,-0.5166889750191133,-0.6467683056245014,0.5610020159797203],"T_pred":[-45.39212867023792,8.417123123577587,761.5583329722152],"rotation_error":4.206968961705211,"translation_error":29.854636940954826,"ADD":0,"ADD_S":1}}
{"id_image":762,"data":{"Best_template_id":173,"GT_R":[0.017201202357912563,0.6452607938740762,0.7637686109669635,-0.901023412784056,0.3411405655929263,-0.2679162286916185,-0.4334283331426065,-0.6835644255893369,0.5872639351779901],"GT_T":[-18.81092602418495,20.97249079530691,759.3458683540773],"R_pred":[0.0295975691046979,0.635172833994024,0.7718027305335817,-0.8795666901565468,0.38336500630026255,-0.2817688937967726,-0.4748541054578235,-0.6705122988435034,0.5700235395397726],"T_pred":[-50.32922858219382,13.564391585516983,747.5428085774716],"rotation_error":2.8479680521348216,"translation_error":34.46150823934445,"ADD":0,"ADD_S":1}}
{"id_image":1024,"data":{"Best_template_id":173,"GT_R":[-0.024315198817736076,0.555921124953842,0.8308789107981557,-0.9141070457110377,0.324126769211228,-0.24361650318765368,-0.4047424007219168,-0.7654364810368538,0.500291067503076],"GT_T":[-23.014295582133766,9.74187268359411,749.983978584945],"R_pred":[-0.040556994931689294,0.5130488294371401,0.8574007398966317,-0.8927744774108014,0.3667205087371366,-0.2616673478969939,-0.44867456206696366,-0.7760779387952965,0.44316381877276756],"T_pred":[-55.681683273120015,0.2381523392154816,762.9666066355901],"rotation_error":4.193417048365681,"translation_error":36.41466119626478,"ADD":0,"ADD_S":1}}
{"id_image":1036,"data":{"Best_template_id":173,"GT_R":[-0.028987687913349876,0.5627426857570758,0.8261239335365812,-0.917985002514843,0.31206417461186603,-0.24478349213966408,-0.3955540166378425,-0.7654647110428832,0.5075433275200258],"GT_T":[-29.656893575413267,14.372311469797909,750.3050299652763],"R_pred":[-0.03505022250108125,0.49045915856467487,0.8707590342239672,-0.8793374018494169,0.39890370389909596,-0.2600799275690067,-0.4749075863905966,-0.7748068461207696,0.41729741862734376],"T_pred":[-63.01746914407301,1.9414817527428063,801.8659499527038],"rotation_error":7.143872698516275,"translation_error":62.65765715119404,"ADD":0,"ADD_S":0}}
{"id_image":1052,"data":{"Best_template_id":165,"GT_R":[-0.03272666656102239,0.5636420647162586,0.825370515917735,-0.9178737753128376,0.30985159628771497,-0.2479908447217326,-0.3955199268710702,-0.7657020833852205,0.5072119822600251],"GT_T":[-33.91713933614856,13.879354581151464,748.6326378395793],"R_pred":[-0.013648932875730047,0.5610305531882824,0.8276825629555111,-0.8949434884106076,0.3623366658111389,-0.2603618504318937,-0.4459706931882481,-0.7442827816079833,0.49714513154518236],"T_pred":[-70.44914502907007,4.344582534823236,795.2473438995653],"rotation_error":3.369684281425571,"translation_error":59.98691639834464,"ADD":0,"ADD_S":0}}
{"id_image":1067,"data":{"Best_template_id":173,"GT_R":[-0.035053397504316665,0.5667192378060855,0.8231645941250819,-0.9187714794466167,0.305816530977124,-0.24966829849331007,-0.39323014323961514,-0.7650519617726239,0.5099659456087056],"GT_T":[-41.51885282166552,16.380800613390466,747.4789273674577],"R_pred":[-0.03403777988417454,0.5161677556025566,0.8558108889332828,-0.8945636334698899,0.3660931709666245,-0.25638193353813027,-0.44564260928877186,-0.7743039701873038,0.44928390416135966],"T_pred":[-75.03423329658469,6.09179389827932,775.2340873506736],"rotation_error":4.86375336400646,"translation_error":44.71569403750885,"ADD":0,"ADD_S":1}}
{"id_image":1095,"data":{"Best_template_id":165,"GT_R":[-0.02729232358997647,0.5710296848844829,0.8204753395486232,-0.9178983633924008,0.31073251706520083,-0.24679455801043995,-0.3958752238069285,-0.7598493388418645,0.515666893782091],"GT_T":[-51.94731467407251,14.233247515455139,747.980378623198],"R_pred":[-0.019499764030774858,0.5933759293073879,0.8046892354948822,-0.9160756607926137,0.3118219848031775,-0.25213574418710133,-0.4005310760803966,-0.7420728106540497,0.5374967914154268],"T_pred":[-87.59740869623617,7.018489294847868,740.36578945089],"rotation_error":1.6491287497869094,"translation_error":37.1613227460213,"ADD":0,"ADD_S":1}}
{"id_image":1102,"data":{"Best_template_id":165,"GT_R":[-0.03058722881753366,0.5711976431076485,0.8202424706166939,-0.9186927097585836,0.3072372148571603,-0.24821198920060975,-0.39378682781417584,-0.7611425637848737,0.5153577001997022],"GT_T":[-54.203516655324336,14.851803952209474,748.571782491635],"R_pred":[-0.06973670324960493,0.532548473740409,0.8435217337666157,-0.9092384030456392,0.3139345907548031,-0.2733689798690223,-0.410392883280025,-0.7860262055710198,0.4623207604128683],"T_pred":[-89.11889065318566,7.0876299573368655,806.58536802009],"rotation_error":3.634149580148793,"translation_error":68.15381020236909,"ADD":0,"ADD_S":0}}
{"id_image":1130,"data":{"Best_template_id":173,"GT_R":[-0.031092274183876556,0.5618526726144318,0.8266524223212682,-0.9175232871201203,0.31201071202642877,-0.24657490751985758,-0.3964635534259149,-0.7661396704335953,0.5058117094630501],"GT_T":[-52.79591126951945,16.407083373667426,746.1226339653567],"R_pred":[-0.037947008721343684,0.556532824270029,0.8299585773031853,-0.9123894697957707,0.3194497192695478,-0.25592446593555607,-0.40756040035176955,-0.7669570342389672,0.49565252717652225],"T_pred":[-87.62946102673143,7.918491304367045,763.0511045857489],"rotation_error":0.8925012946744951,"translation_error":39.64852458229227,"ADD":0,"ADD_S":1}}
{"id_image":1144,"data":{"Best_template_id":165,"GT_R":[-0.03278647005339817,0.5526421055297333,0.8327732676542906,-0.9173830769375773,0.31403615739319246,-0.24451690607632712,-0.39665144443573713,-0.7719892158142964,0.49668860990144514],"GT_T":[-49.995621776025295,19.0218701870103,740.9931926308349],"R_pred":[-0.04438182282866451,0.5375487947792499,0.8420638616125151,-0.896750288212381,0.35006098524931734,-0.2707327597415739,-0.44030577374526514,-0.7671366239710193,0.46651069201994744],"T_pred":[-86.26867084408403,9.998014772660373,759.7970502680498],"rotation_error":3.059525783957862,"translation_error":41.841954032687525,"ADD":0,"ADD_S":1}}
{"id_image":1150,"data":{"Best_template_id":165,"GT_R":[-0.03488094991387072,0.5519582815813207,0.8331415758748412,-0.9184000028795791,0.31104771078060933,-0.24451991363584588,-0.3941116754971198,-0.773686483026038,0.4960693417571754],"GT_T":[-50.99046857298243,20.975003012329818,739.7090965920148],"R_pred":[-0.02164903591664724,0.5251621549233988,0.8507267659360975,-0.8983200964354602,0.3632626021564057,-0.2471058198722611,-0.4388078435762801,-0.7695745531855696,0.46389943253378285],"T_pred":[-90.76159190216478,10.922086894298854,810.8832737698973],"rotation_error":3.483317906521349,"translation_error":82.14966141311726,"ADD":0,"ADD_S":0}}
{"id_image":1157,"data":{"Best_template_id":173,"GT_R":[-0.035840402128401436,0.5523037144102484,0.8328722438996357,-0.9194669178206158,0.30828877552686024,-0.2440030936385717,-0.39152848545746,-0.7745439017206716,0.49677588514371057],"GT_T":[-53.82958823224277,21.89534716424844,737.0821808655513],"R_pred":[-0.0999145854461663,0.4240393143219373,0.9001154012261439,-0.9074594559381824,0.33219403187204166,-0.2572245342438682,-0.40808627941098274,-0.8425187149838147,0.35160745648879965],"T_pred":[-88.17950797580541,12.042376535723568,778.335215004978],"rotation_error":9.243344291006968,"translation_error":54.5784833272643,"ADD":0,"ADD_S":0}}
{"id_image":1168,"data":{"Best_template_id":173,"GT_R":[-0.03966432227940822,0.5527442760957444,0.8324058796199105,-0.9246489009648828,0.29546608665672375,-0.24025868144227455,-0.3787498055799786,-0.7792131023996185,0.4993754232952338],"GT_T":[-58.18377942933193,28.971178047640098,734.6257182576771],"R_pred":[-0.053275793059273255,0.4935526603348053,0.868082635093193,-0.8857520877742013,0.3780477966736283,-0.2693011370823717,-0.4610910201658116,-0.7832532380441533,0.41702450313596673],"T_pred":[-97.32145466679387,17.607371749526294,796.9553497705997],"rotation_error":6.74883656562791,"translation_error":74.47064308243083,"ADD":0,"ADD_S":0}}
{"id_image":1172,"data":{"Best_template_id":173,"GT_R":[-0.0405349881037384,0.5522189754534629,0.8327133165552956,-0.9232498641697173,0.2979666270876019,-0.24254035626487977,-0.38205590486338625,-0.7786340750697992,0.4977581047825604],"GT_T":[-60.802103765651644,28.35500009598371,734.3537028154137],"R_pred":[-0.047727371249951564,0.4762853246141854,0.8779945259457655,-0.8864702595397651,0.3848822220484686,-0.2569750067662905,-0.4603179086078131,-0.7905807768395293,0.4038433586265046],"T_pred":[-99.51067129549136,17.199514648722523,803.1726755539537],"rotation_error":7.260144079743867,"translation_error":79.74239189141574,"ADD":0,"ADD_S":0}}
{"id_image":1179,"data":{"Best_template_id":165,"GT_R":[-0.04452079325295259,0.5454363323581745,0.8369691603460452,-0.9235284332220524,0.2969932632794484,-0.2426702910395473,-0.38093601677636224,-0.7837683919058743,0.4905034758164194],"GT_T":[-60.66077496509672,29.55407926331224,733.4064404692677],"R_pred":[-0.055580868460322924,0.5143169609375892,0.8557971901993593,-0.907210843815189,0.3319491982014804,-0.25841481125803645,-0.41698831149725124,-0.7907514106881608,0.4481438993999078],"T_pred":[-99.58060135317521,19.97300681492413,777.4017775895842],"rotation_error":3.222889747579294,"translation_error":59.515876232058666,"ADD":0,"ADD_S":0}}
{"id_image":1269,"data":{"Best_template_id":173,"GT_R":[-0.041191042094781846,0.4932616321427372,0.86890544379689,-0.9082766944583847,0.3438874539062332,-0.23827618320267344,-0.41633756608402395,-0.7990210906579318,0.4338526990805476],"GT_T":[-60.7235609437926,19.6914974700594,715.7293098795577],"R_pred":[-0.08815170279641471,0.42219131830600043,0.9022104898753585,-0.8857302817290487,0.3811834320951209,-0.264917079714323,-0.45575338212927513,-0.8224680430528752,0.3403456666897659],"T_pred":[-101.27146566212312,6.691758531164052,772.296044197871],"rotation_error":5.987404265574148,"translation_error":70.80198599590891,"ADD":0,"ADD_S":0}}
{"id_image":1491,"data":{"Best_template_id":165,"GT_R":[-0.044598947972954994,0.3569219137525093,0.9330684224412158,-0.9085879314328141,0.3737892769475969,-0.1864123738661332,-0.41530615723964026,-0.8560889619957384,0.3076244847307066],"GT_T":[-60.82147387279143,24.194549996256896,737.2577100359704],"R_pred":[-0.10823359730849297,0.26422087158851615,0.9583698761076893,-0.9003141229676801,0.3827555077778949,-0.20720207829706444,-0.42156846229123923,-0.8852601607904258,0.19645477677753048],"T_pred":[-90.74511855460338,16.730228927568035,752.0480990938617],"rotation_error":6.674931029223853,"translation_error":34.20374553383876,"ADD":0,"ADD_S":1}}
{"id_image":1554,"data":{"Best_template_id":173,"GT_R":[-0.04647019401526413,0.32648189274420586,0.9440608089143238,-0.9030619401468434,0.3902454987742241,-0.17940981535830144,-0.4269890454922251,-0.8608821958448895,0.27669860706146215],"GT_T":[-61.41529523712078,10.875576740059532,737.6162720581548],"R_pred":[-0.04701355059927667,0.35062129558505933,0.9353365346987703,-0.8920510516418652,0.40661173530290895,-0.19726078672305775,-0.449482644075043,-0.8436418693949534,0.2936558340627625],"T_pred":[-94.90460315870168,1.2725409957579614,727.5510140143641],"rotation_error":2.0081844207835293,"translation_error":36.26377614177662,"ADD":0,"ADD_S":1}}
{"id_image":1557,"data":{"Best_template_id":165,"GT_R":[-0.04623064134337518,0.32876372843101864,0.9432802254003153,-0.8992601035054973,0.3974743309080182,-0.18260631087478182,-0.4349643722669424,-0.8566962820196783,0.27726881897847827],"GT_T":[-66.38694486997252,6.721068629169202,737.6915396533891],"R_pred":[-0.09809058201471738,0.23212643871883187,0.9677270039467363,-0.9048059914263674,0.3840929547905028,-0.18384428182363788,-0.4143722427950048,-0.8936385838402532,0.1723534910381116],"T_pred":[-94.26354769978768,-1.3630720314370872,739.5897096486868],"rotation_error":6.489872424915173,"translation_error":29.08713400943405,"ADD":0,"ADD_S":1}}
{"id_image":1565,"data":{"Best_template_id":165,"GT_R":[-0.045030582908032836,0.32844492970182804,0.943448652373622,-0.8958242261432721,0.4046899660657013,-0.18364293536278622,-0.44212104152424936,-0.8534339978809744,0.27600533366035285],"GT_T":[-73.65232007340657,0.8365027136049212,739.3965584234728],"R_pred":[-0.06432961726247116,0.26765680692474436,0.9613644127227272,-0.898907040307925,0.40283620850885576,-0.17230531622401146,-0.4333910857732432,-0.8752615739429329,0.214684289018152],"T_pred":[-103.61686346888219,-7.452900844198345,742.0073134517754],"rotation_error":3.8108840027758304,"translation_error":31.199424899527717,"ADD":0,"ADD_S":1}}
{"id_image":1568,"data":{"Best_template_id":165,"GT_R":[-0.04377692883231454,0.3293373443317424,0.9431968674395924,-0.894523417026067,0.4074861441908722,-0.1838005173357601,-0.444872507567048,-0.8517576651280419,0.2767618028955337],"GT_T":[-78.01447690882354,-0.622895379333147,740.1482539808661],"R_pred":[-0.06694803082531695,0.23211491445813343,0.970381691735116,-0.9153058543245625,0.3728408027089794,-0.1523316410812507,-0.3971563347194595,-0.8983943467773032,0.18749518252687802],"T_pred":[-104.24860874879157,-6.351722934366067,727.4617084894164],"rotation_error":6.507467348875536,"translation_error":29.698443983797386,"ADD":0,"ADD_S":1}}
{"id_image":1575,"data":{"Best_template_id":173,"GT_R":[-0.04284345484317184,0.3293531763137275,0.9432339052723958,-0.8939502796963437,0.4089250112888938,-0.18339119150116034,-0.446113295304399,-0.8510616798946765,0.27690577837341507],"GT_T":[-84.08106001208708,1.0482150040009235,742.1717052492841],"R_pred":[-0.03369621001678816,0.2914895525765882,0.9559803377524064,-0.9019588180440623,0.40315328007248563,-0.15471820616641885,-0.43050534954058695,-0.8674683126809283,0.2493268347198925],"T_pred":[-113.34468907328487,-7.348662637009913,736.8683481021208],"rotation_error":2.5220422714907116,"translation_error":30.90296323946711,"ADD":0,"ADD_S":1}}
{"id_image":1582,"data":{"Best_template_id":165,"GT_R":[-0.04095753184516198,0.32171537983744575,0.9459499622212473,-0.8951107008114613,0.40885372492044436,-0.17780656953894067,-0.44395828347426763,-0.8540120259350575,0.27122486163429405],"GT_T":[-82.5857054969952,4.802311071668119,744.0083515102626],"R_pred":[-0.043063751837745745,0.31371216176907973,0.9485410865301658,-0.8993025483746839,0.40140176241732,-0.17358442215552822,-0.43520160818229553,-0.860500612833274,0.2648362806510912],"T_pred":[-111.24015534538138,-1.3075243687348166,741.23765414764],"rotation_error":0.7336994899367536,"translation_error":29.42931105373903,"ADD":0,"ADD_S":1}}
{"id_image":1587,"data":{"Best_template_id":165,"GT_R":[-0.05214923539725807,0.31946102737281357,0.9461632374516775,-0.8958988377331277,0.4036059893460129,-0.18565160080028822,-0.44118591948743885,-0.8573483479888516,0.2651572898603313],"GT_T":[-81.5312420212548,7.047493873848035,744.7251880320792],"R_pred":[-0.04749680387801067,0.29453516021970766,0.9544595816564077,-0.8975244339299282,0.4067962216441441,-0.170196135546052,-0.4383992975817086,-0.8647345682059897,0.24503098259090625],"T_pred":[-111.34550570095166,-0.2877999518234055,746.3750971349525],"rotation_error":1.5334221575051392,"translation_error":30.747667461437935,"ADD":0,"ADD_S":1}}
{"id_image":1592,"data":{"Best_template_id":165,"GT_R":[-0.05204785715540329,0.3149266997451284,0.9476881729352481,-0.8953619128713515,0.4055720175960724,-0.1839496657070225,-0.44228577709006894,-0.8580981922620826,0.2608642249189548],"GT_T":[-81.51766013316653,6.8477261943039505,745.9160844427678],"R_pred":[-0.052944145264585046,0.28682673319294216,0.9565183441043186,-0.8957578072825578,0.40973222820459626,-0.17244550403777104,-0.44137837302539734,-0.8659387543564276,0.23523436298528283],"T_pred":[-111.59819786530358,-0.8002382943282728,754.7352526993853],"rotation_error":1.6891918858691892,"translation_error":32.26620274857937,"ADD":0,"ADD_S":1}}
{"id_image":1595,"data":{"Best_template_id":165,"GT_R":[-0.05086576278864001,0.31194115900582314,0.9487391046847448,-0.8947151349867396,0.40784326649927294,-0.18206646935512036,-0.4437317036156386,-0.8581121938347946,0.2583535903499993],"GT_T":[-82.73732520908605,6.170183578748711,747.8200343716918],"R_pred":[-0.06453937160288428,0.23517881618226844,0.9698069879786452,-0.8696515777839354,0.46338203337070416,-0.17024460169751043,-0.4894290579553048,-0.8543816568538553,0.17461724330845588],"T_pred":[-107.1887602018984,-3.7223222325517478,731.9171980731671],"rotation_error":5.658174739875855,"translation_error":30.799911473444464,"ADD":0,"ADD_S":1}}
{"id_image":1614,"data":{"Best_template_id":165,"GT_R":[-0.06312334030164472,0.286509322393297,0.9559958277975125,-0.8897171098232107,0.41780536544760327,-0.18396239637890627,-0.4521269751964557,-0.8621778424264646,0.2285384171229824],"GT_T":[-67.79499691308126,-3.2448305323878635,746.4350939281284],"R_pred":[-0.06544143943958447,0.25415286811275595,0.9649475310264986,-0.9083964204205358,0.3850220159015717,-0.16301530798746167,-0.41295685170636465,-0.8872228394834918,0.20567516069671057],"T_pred":[-93.98153943643756,-7.721174241816825,722.1366618881721],"rotation_error":3.0536771461697025,"translation_error":36.0025896559243,"ADD":0,"ADD_S":1}}
{"id_image":1615,"data":{"Best_template_id":165,"GT_R":[-0.06268716986888989,0.28495479379421956,0.9564884431503397,-0.889632911985226,0.4184239142771823,-0.18296136492345438,-0.4523531406942465,-0.8623928136846827,0.2272757950343517],"GT_T":[-67.64020585092021,-3.6307666191240577,746.4226438309977],"R_pred":[-0.07845667059839118,0.26494164136131515,0.9610673636698875,-0.8924080861025746,0.41103628853399543,-0.186163845488156,-0.4443561169797884,-0.8722700821310854,0.2041875244026291],"T_pred":[-96.33540366106841,-9.994778881794781,748.595977900619],"rotation_error":1.5369516482029673,"translation_error":29.472672264678245,"ADD":0,"ADD_S":1}}
{"id_image":1618,"data":{"Best_template_id":165,"GT_R":[-0.06251454047572186,0.2838204637006072,0.9568373300731277,-0.8898256719236609,0.4183342278674968,-0.18222476424167994,-0.4519975165741741,-0.8628100204163222,0.22639974024561232],"GT_T":[-67.42903877242458,-3.024776966947322,746.5675928806833],"R_pred":[-0.05798299313288208,0.28042260257007595,0.9581237584337305,-0.9018859366921523,0.3968089925600035,-0.17071725343512956,-0.42806509984378693,-0.874017040675604,0.2299010284978915],"T_pred":[-94.18561034345547,-8.079698071542127,720.7844626252966],"rotation_error":1.5622990639649275,"translation_error":37.49981540455384,"ADD":0,"ADD_S":1}}
{"id_image":1631,"data":{"Best_template_id":165,"GT_R":[-0.055938623222592944,0.2779536550528908,0.9589644927322595,-0.8908560891992051,0.4197900473753412,-0.17364076041427187,-0.45082799152992115,-0.8640124894380093,0.22413426509308643],"GT_T":[-68.1372858259503,1.2562393459255197,748.5064508145277],"R_pred":[-0.07629695932842484,0.22965315488418075,0.9702773842819274,-0.8892481989445455,0.4245015385183215,-0.1703997783726841,-0.4510170891120631,-0.8758184014094019,0.17183047774350432],"T_pred":[-95.17811830958826,-4.4695526220161055,751.3244179441243],"rotation_error":3.0822536532207643,"translation_error":27.78366883281978,"ADD":0,"ADD_S":1}}
{"id_image":1641,"data":{"Best_template_id":173,"GT_R":[-0.06181147044524538,0.2705659441469928,0.9607146938239216,-0.8950600867292233,0.41089096141436654,-0.1733063785482061,-0.4416404165653644,-0.87060993240571,0.21677493667912331],"GT_T":[-65.7786900440245,7.9710378854161625,753.240920525507],"R_pred":[-0.04139177547434458,0.2619992404164914,0.9641800241367082,-0.8878593851214767,0.43294810283935437,-0.15576152445169916,-0.4582493133380505,-0.8625035294240746,0.21469799383371008],"T_pred":[-92.17728117825054,0.31814191431754973,739.866078981639],"rotation_error":1.6689284583250568,"translation_error":30.566956291722477,"ADD":0,"ADD_S":1}}
{"id_image":1644,"data":{"Best_template_id":165,"GT_R":[-0.06541732653947983,0.26658690316777117,0.9615879776121858,-0.8966909449770013,0.40708400394995903,-0.17386096278849003,-0.4377961960684879,-0.8736214685528915,0.21241552271648279],"GT_T":[-64.74077883678223,10.106137255479661,755.2255813424291],"R_pred":[-0.06924133951193409,0.22799457585015154,0.9711972561151019,-0.9047790060952305,0.3957254085247085,-0.15740505448453568,-0.420214929568096,-0.8896178249286951,0.1788841483676458],"T_pred":[-88.92857935946729,4.273583880504798,735.292789745705],"rotation_error":2.481653683484104,"translation_error":31.88078659373964,"ADD":0,"ADD_S":1}}
{"id_image":1655,"data":{"Best_template_id":165,"GT_R":[-0.050367160938799886,0.261959035385872,0.9637639141056684,-0.8898740274547212,0.4263276099400952,-0.16238533295298122,-0.4534175171628707,-0.8658071085680674,0.21163752014137985],"GT_T":[-70.5287009401342,1.2229301672042303,760.0590915201626],"R_pred":[-0.05626715992121614,0.24518434877248718,0.9678422608211587,-0.8867045934066031,0.4332815043877918,-0.16131367575962885,-0.45889973931789385,-0.8672668407545993,0.19302656858967804],"T_pred":[-95.94847600236615,-3.5315765648158624,748.8937405221241],"rotation_error":1.124841709229462,"translation_error":28.167984688093927,"ADD":0,"ADD_S":1}}
{"id_image":1671,"data":{"Best_template_id":165,"GT_R":[-0.0500835165687803,0.2512437317804605,0.9666271046572441,-0.8908851587228328,0.4262514673237029,-0.15694940210329478,-0.45145881458679044,-0.8690139372333335,0.20248122565548515],"GT_T":[-67.17967113666742,5.551223527883715,760.5923644898727],"R_pred":[-0.037002447163165836,0.23281010249215506,0.97181802570313,-0.8883175219713467,0.43778363837074363,-0.1386991929809256,-0.4577366044600576,-0.8684151899595414,0.19061022738801445],"T_pred":[-91.85436863579062,0.5852913869511046,747.0060963384772],"rotation_error":1.3992407111716274,"translation_error":28.60223524452606,"ADD":0,"ADD_S":1}}
