{"id_image":1,"data":{"Best_template_id":165,"GT_R":[-0.03310500872557302,-0.16674361981299296,0.9854444865057496,-0.801347983378759,0.593662376198298,0.07353038898653907,-0.5972814751739469,-0.7872500043290918,-0.15327222666475712],"GT_T":[-28.93637511601437,109.93765453493259,893.7320527155498],"R_pred":[-0.03739538463528544,-0.15740720124561391,0.9868254953151554,-0.7734799924280559,0.6298145443105054,0.07115013062844538,-0.6327165925763869,-0.7606290901424773,-0.1453034779609673],"T_pred":[-34.113076970603146,94.53773821999417,751.6476834428038],"rotation_error":2.6333239453621404,"translation_error":143.0102222088773,"ADD":0,"ADD_S":0}}
{"id_image":22,"data":{"Best_template_id":165,"GT_R":[-0.03096676922810776,-0.20724908147116072,0.9777974758640262,-0.803264252490241,0.5873295493266036,0.09904805251135879,-0.5948171092971057,-0.7823628884221648,-0.1846640897586411],"GT_T":[-12.34616523462022,106.28774343196844,893.0824806161612],"R_pred":[-0.03985006117278583,-0.22111060010741956,0.9744342333603957,-0.7932449768532362,0.6000058514445465,0.10370817195097898,-0.6075972180002425,-0.7688322838906037,-0.1993051427483097],"T_pred":[-19.505846156559016,90.49971733010192,755.642135263288],"rotation_error":1.3601373317023047,"translation_error":138.5293157776153,"ADD":0,"ADD_S":0}}
{"id_image":32,"data":{"Best_template_id":173,"GT_R":[-0.0008006877859026893,-0.23654068861654554,0.9716216939649225,-0.8183922800372726,0.5585063244979499,0.135293323713468,-0.5746586516077183,-0.7950594270183848,-0.19403036440069116],"GT_T":[-13.256988382040522,124.29166879547016,898.8922846872176],"R_pred":[-0.01753680893349202,-0.26420333746459584,0.9643075530166705,-0.8350755095208706,0.534263508500443,0.1311922135008607,-0.5498557572044587,-0.8029689283884935,-0.22999901371907122],"T_pred":[-20.607084660067095,112.5180143662349,754.9839183311124],"rotation_error":2.5474406546219286,"translation_error":144.57614174267593,"ADD":0,"ADD_S":0}}
{"id_image":38,"data":{"Best_template_id":165,"GT_R":[-0.004607999998129067,-0.2250925139919589,0.9743262503268697,-0.8118362908805871,0.5697304704296854,0.12778106580576992,-0.5838661754431371,-0.790405487893027,-0.1853638796749247],"GT_T":[-20.871909463656163,105.68633915759719,906.2234439777268],"R_pred":[-0.041641410566650716,-0.2526695615952753,0.966656136156633,-0.8185326663143052,0.5634336255565559,0.11201260540041452,-0.5729487473608907,-0.7865752616472541,-0.23028046087790444],"T_pred":[-24.568943829563867,88.21360514030172,749.5996115415418],"rotation_error":2.770830914917882,"translation_error":157.63879403287763,"ADD":0,"ADD_S":0}}
{"id_image":43,"data":{"Best_template_id":165,"GT_R":[-0.007618968810446113,-0.22852214482430783,0.9735090735694878,-0.8010354555236167,0.5841398122461352,0.13085125606114595,-0.5985671947844553,-0.7788193286802888,-0.18750456111860117],"GT_T":[-24.862958870743476,80.32888210856805,906.7411947787367],"R_pred":[0.015907265077753252,-0.22974241976106874,0.9731214618330414,-0.8117281625038559,0.5653030936176722,0.14673037362592478,-0.5838187639292353,-0.792244175055026,-0.17749596608239154],"T_pred":[-31.42397355288375,65.10557269217041,735.1041845423402],"rotation_error":1.7067840783800161,"translation_error":172.43566726792778,"ADD":0,"ADD_S":0}}
{"id_image":50,"data":{"Best_template_id":165,"GT_R":[-0.011131721103292705,-0.23169583951405373,0.9727249679568142,-0.8005653130435656,0.5849370945213178,0.13016594692365932,-0.5991416384101859,-0.7772816245034625,-0.19199899701241616],"GT_T":[-31.779183247862242,79.22604378629526,907.0578104839836],"R_pred":[-0.03130314664402217,-0.24718076344343876,0.9684636199639621,-0.784707564360252,0.6062175744123866,0.1293610873074434,-0.6190752389217195,-0.7559113193074183,-0.2129411324684227],"T_pred":[-34.2914023298918,65.64061558285229,749.6744602594131],"rotation_error":2.0901296694920495,"translation_error":157.9885882970566,"ADD":0,"ADD_S":0}}
{"id_image":56,"data":{"Best_template_id":165,"GT_R":[-0.013807887115664117,-0.23134103209357845,0.9727745855304943,-0.8071414797876414,0.5768158238813664,0.1257183565507929,-0.5901954518325147,-0.7834315503085566,-0.19468939369893373],"GT_T":[-40.60587526983222,87.73879483066456,904.7711354438119],"R_pred":[-0.0554398032842639,-0.266596342574247,0.9622124600824065,-0.8165264899512603,0.5667357966068067,0.10997739791576377,-0.5746398171199734,-0.7795748373122895,-0.24910269691402576],"T_pred":[-45.12036875743436,74.15408039273743,754.8497481935246],"rotation_error":3.3276992165055077,"translation_error":150.60327842666712,"ADD":0,"ADD_S":0}}
{"id_image":63,"data":{"Best_template_id":165,"GT_R":[-0.019095836947065875,-0.2499761787569556,0.968062976050381,-0.8058584938379642,0.5769567367486296,0.1330872670800784,-0.5917998083346362,-0.777581548703854,-0.2124626933240016],"GT_T":[-31.902606617555897,79.08452172652355,901.9475485604327],"R_pred":[-0.025279761844636317,-0.27719300959691445,0.9604816339064915,-0.8080963741333638,0.5712784495950868,0.143600776950352,-0.5885075902259794,-0.772531532339515,-0.23844044914311818],"T_pred":[-34.10824795222863,62.409400023474824,754.8590837876828],"rotation_error":1.6690754423830612,"translation_error":148.04709050404594,"ADD":0,"ADD_S":0}}
{"id_image":69,"data":{"Best_template_id":173,"GT_R":[-0.004667453170363038,-0.28192881070271686,0.9594243042512266,-0.8045172098516963,0.5708830573345992,0.16384130611454978,-0.5939109294120285,-0.7711081174031162,-0.22948138709474544],"GT_T":[-28.715304597943987,75.2550673752388,899.3361653207407],"R_pred":[0.03618352062718755,-0.26179303324109715,0.9644455197580875,-0.7843677552207897,0.5905662880021867,0.18973319173306852,-0.6192398383541882,-0.7633451822221347,-0.18397324635211226],"T_pred":[-36.00119298278141,63.96207015738933,772.6370693120915],"rotation_error":3.225432517227472,"translation_error":127.40987750220773,"ADD":0,"ADD_S":0}}
{"id_image":81,"data":{"Best_template_id":165,"GT_R":[0.008047147091812423,-0.34721645530129674,0.9377500309559519,-0.8216187538846639,0.5322383381420649,0.2041202857104039,-0.5699802416306352,-0.7721158361867237,-0.28099630390150127],"GT_T":[1.2524307036640479,97.67628821772854,896.0894279198758],"R_pred":[0.048467007129873285,-0.31412604568523866,0.948143331275408,-0.8362003855711646,0.5064086643617742,0.21052120992897488,-0.5462781932225635,-0.8030411521718419,-0.23812820817369015],"T_pred":[-11.840149828865544,85.9427507728536,764.1064312563232],"rotation_error":3.4178628929478654,"translation_error":133.14880012325457,"ADD":0,"ADD_S":0}}
{"id_image":86,"data":{"Best_template_id":165,"GT_R":[0.010687450608371899,-0.3563364095615003,0.9342963575011841,-0.8291444892382609,0.5191104615136132,0.20747061625728727,-0.5589317015495097,-0.7768842706172915,-0.2899066702070749],"GT_T":[-5.455047529061689,106.68551171431676,892.7741181836166],"R_pred":[0.037410382743585824,-0.34287607328577907,0.9386354253015936,-0.8396684214263613,0.49848859994724376,0.21555987052788655,-0.5418093809840698,-0.7962067031184565,-0.26925356188339894],"T_pred":[-16.42725225629557,90.39990038987472,753.7641436598606],"rotation_error":2.0695558282535047,"translation_error":140.39011158155841,"ADD":0,"ADD_S":0}}
{"id_image":90,"data":{"Best_template_id":173,"GT_R":[0.009789897359876846,-0.3599413652902173,0.9329230170942586,-0.8262368038213345,0.5225967968197401,0.21029917015412866,-0.5632382121857715,-0.7728745810813777,-0.29228035077846054],"GT_T":[-9.221125271524237,99.01720404090511,890.6166033301504],"R_pred":[0.015351594622618758,-0.3523777089003793,0.9357319481628605,-0.8310021686645275,0.51594682148752,0.20792852875874757,-0.556057302997987,-0.7807873126960021,-0.2849060338349476],"T_pred":[-19.445206650254015,81.97190719407328,765.9491949089777],"rotation_error":0.7443445039547815,"translation_error":126.24197680283284,"ADD":0,"ADD_S":0}}
{"id_image":135,"data":{"Best_template_id":165,"GT_R":[-0.0009237634629338642,-0.361470864776329,0.9323830742296869,-0.8365770017949681,0.5110845125904303,0.19731105558174158,-0.5478483038161177,-0.7798285979409416,-0.3028702866096132],"GT_T":[-7.417146765346677,92.02576260011055,987.9711569148319],"R_pred":[-0.02020693850484756,-0.35860680718327065,0.9332699703076713,-0.823664579394469,0.5350871530491348,0.18777220053219862,-0.566717160748811,-0.7649071162458827,-0.3061841982029999],"T_pred":[-9.650752144767594,77.68865668624639,777.3225855792126],"rotation_error":1.7204552094800303,"translation_error":211.14772602307093,"ADD":0,"ADD_S":0}}
{"id_image":202,"data":{"Best_template_id":165,"GT_R":[-0.006296821815718888,-0.37329695041339767,0.9276901176731017,-0.8781743281182683,0.4457941469301175,0.17342386534688378,-0.4782979097090625,-0.8135829413273509,-0.3306268452194688],"GT_T":[-6.676393900548328,101.16803451304433,1046.9671029365866],"R_pred":[0.023264236341279054,-0.3582739612922971,0.9333266009106261,-0.9012014013681195,0.39662425233445536,0.17471472929399062,-0.4327757034303047,-0.8451798454293977,-0.31364983564533355],"T_pred":[-5.955963461155535,83.72635157344043,745.022900769597],"rotation_error":3.495568550591518,"translation_error":302.44839650102887,"ADD":0,"ADD_S":0}}
{"id_image":390,"data":{"Best_template_id":173,"GT_R":[-0.01436001408508867,-0.4247357696056916,0.9052039704655671,-0.9014548195197396,0.3972018757253359,0.1720730592062625,-0.43263412052705086,-0.8135299346005036,-0.3885842406957369],"GT_T":[-17.338581387018543,99.20727710230561,982.9127879172155],"R_pred":[0.0010903467483810436,-0.43031194732903644,0.9026795882980078,-0.9086650701138308,0.3764648402250227,0.18056027921271872,-0.41752437234129836,-0.8204302847044596,-0.39059895857613897],"T_pred":[-16.45623571230047,83.25690535564642,757.393494820318],"rotation_error":1.3492726850698114,"translation_error":226.08437462962956,"ADD":0,"ADD_S":0}}
{"id_image":479,"data":{"Best_template_id":165,"GT_R":[0.0003399915215401236,-0.5134999382896218,0.8580898498023884,-0.8813562799026305,0.4052512827985016,0.24286020958758903,-0.4724505092597263,-0.7563659800580046,-0.45243872634455085],"GT_T":[-4.846660236708909,72.18468936573568,907.3950275565863],"R_pred":[-0.0022659451334707814,-0.531949441713815,0.8467730846885796,-0.8884394574796385,0.38973177770676026,0.24245509241674817,-0.4589882306616778,-0.7517572300323347,-0.47348798422787197],"T_pred":[-10.472636611127122,61.34522880821709,743.9698007054677],"rotation_error":1.5230409867309316,"translation_error":163.88090275161136,"ADD":0,"ADD_S":0}}
{"id_image":514,"data":{"Best_template_id":165,"GT_R":[0.008697072816939884,-0.5517189131349293,0.8339849537295314,-0.875967633457121,0.3980495822090335,0.27246269580903354,-0.48228986226702886,-0.7329135501684149,-0.4798262457136592],"GT_T":[6.37210139525431,65.5911738501559,874.9121772488131],"R_pred":[0.035958163736015125,-0.5315764830254057,0.8462466857572171,-0.8698865662720228,0.4001920710152398,0.28834643766830625,-0.49193939899158634,-0.7465070321107989,-0.4480210695145076],"T_pred":[-3.995287004815087,56.33181678257599,771.7810011211022],"rotation_error":2.1760760162308075,"translation_error":104.06372050348651,"ADD":0,"ADD_S":0}}
{"id_image":520,"data":{"Best_template_id":165,"GT_R":[0.008264313669307959,-0.558152084315852,0.8296974503662927,-0.8766656448755131,0.39509167392223576,0.2745171924939361,-0.4810289473481038,-0.7296360543739242,-0.486047943325527],"GT_T":[8.776020266964757,68.46678218278,868.5355753368245],"R_pred":[0.003817970578614327,-0.5623940044170034,0.8268605728274073,-0.8718313190695007,0.40312303948420547,0.27821208839040334,-0.4897913578149321,-0.7219451494627711,-0.48877359480334265],"T_pred":[-0.977052678869501,58.404382854797014,764.1139494448577],"rotation_error":0.69087984493994,"translation_error":105.35772523191854,"ADD":0,"ADD_S":0}}
{"id_image":524,"data":{"Best_template_id":165,"GT_R":[0.008723159349787532,-0.5574628770436334,0.8301565582395081,-0.8764964810168733,0.39534585348851686,0.27469055348299104,-0.48132790280957044,-0.7300255377897742,-0.485164996329577],"GT_T":[4.7792336404383216,68.51703718342684,864.7984938355718],"R_pred":[0.004740759819286899,-0.5576454838471306,0.8300656838716052,-0.8833601678256381,0.3867009502782496,0.2648342669538055,-0.4686708216812698,-0.7345024774626691,-0.49076855187125124],"T_pred":[-5.466788524476429,59.21699474151679,763.1171129249432],"rotation_error":0.8569944668912499,"translation_error":102.61858985348415,"ADD":0,"ADD_S":0}}
{"id_image":530,"data":{"Best_template_id":173,"GT_R":[0.006158480671061113,-0.553651127504299,0.8327263753562346,-0.8783784902433098,0.3950014343061211,0.26911859670540855,-0.47792513493750205,-0.7331066773975552,-0.4838816225928592],"GT_T":[0.20759832016687652,72.93897178495325,860.0250582351205],"R_pred":[-0.00312097408130918,-0.5640754926101721,0.8257173233966788,-0.8840344599909988,0.38750970237962945,0.2613796168603705,-0.4674113103779227,-0.7291468090845922,-0.4998715812411728],"T_pred":[-9.07676745555056,61.14748397420204,745.4236889740375],"rotation_error":1.1272404065607777,"translation_error":115.57989647496441,"ADD":0,"ADD_S":0}}
{"id_image":537,"data":{"Best_template_id":165,"GT_R":[-8.489244681954278e-05,-0.5502797593691887,0.834980156511945,-0.8835918575223474,0.3910272476580917,0.25761021128906647,-0.46825766368081184,-0.7377600183490413,-0.4862562407688281],"GT_T":[1.035742867750984,86.35721548279265,853.5154478163795],"R_pred":[0.005376214122106759,-0.5489494059785663,0.8358382893822783,-0.889351366781386,0.3795254894718012,0.25497950750064446,-0.4571927850762679,-0.7447247494994172,-0.4861684942046698],"T_pred":[-9.343953167767854,73.41211679373133,751.1177159607978],"rotation_error":0.7854611493730831,"translation_error":103.73335605786075,"ADD":0,"ADD_S":0}}
{"id_image":543,"data":{"Best_template_id":173,"GT_R":[0.0010290997404630094,-0.553916106917326,0.8325723793533951,-0.8865868081064605,0.38460944747290515,0.25697876790465424,-0.46255946325037123,-0.7384123755912027,-0.4906983391080345],"GT_T":[3.388183528755361,92.40734676958766,848.4081416806641],"R_pred":[0.018591127760603454,-0.5590642402332562,0.8289158855161364,-0.889774111544209,0.3688836954261173,0.2687505342775792,-0.4560223683047816,-0.7425442710984868,-0.4905829237392136],"T_pred":[-7.72600123826449,77.98923442347076,745.9458048917128],"rotation_error":1.1499634224288688,"translation_error":104.06698576836554,"ADD":0,"ADD_S":0}}
{"id_image":560,"data":{"Best_template_id":165,"GT_R":[0.011513601404775883,-0.5607278209868676,0.8279200092175842,-0.8880976378900086,0.37475354039647496,0.2661609417353605,-0.45950969702057526,-0.7383388114839136,-0.49366700270777064],"GT_T":[7.357104012968525,97.13280622923037,838.7547457440963],"R_pred":[0.0257011213177184,-0.5340512039731402,0.8450613965256317,-0.878671045908481,0.39106861758031985,0.273865896792414,-0.476735404018946,-0.7495696417803063,-0.4592044279797785],"T_pred":[-5.873953598291279,87.14546086320401,759.7128660168196],"rotation_error":2.303468990247772,"translation_error":80.76154223263723,"ADD":0,"ADD_S":0}}
{"id_image":561,"data":{"Best_template_id":173,"GT_R":[0.01142793425925268,-0.5591158086809436,0.8290107854460551,-0.8884317095931558,0.3747767843152402,0.2650105470566846,-0.4588652325804467,-0.7395485552358384,-0.492453902214949],"GT_T":[7.352723940878073,97.61424637661933,838.1282543604206],"R_pred":[0.02826583996676202,-0.5464464721027061,0.8370169027071557,-0.8965469152163436,0.35643690037921727,0.26297597773202575,-0.4420460056453765,-0.7578581590077149,-0.47983991051016706],"T_pred":[-5.307927435806535,85.87947883966935,739.643296577065],"rotation_error":1.6667662513545622,"translation_error":99.98641793772553,"ADD":0,"ADD_S":0}}
{"id_image":568,"data":{"Best_template_id":165,"GT_R":[0.014807495170595519,-0.5400590546256946,0.8414970937978947,-0.8872468773221883,0.38096669022792523,0.26011060186090085,-0.4610573913074509,-0.7504674052091878,-0.473524411367951],"GT_T":[0.06050404926527042,97.59364254906355,834.3406718824277],"R_pred":[0.01509470522415235,-0.5254619624008458,0.8506831818862111,-0.8795178270657903,0.397721996615069,0.2612768747554858,-0.4756264729256212,-0.7521349210602944,-0.45614966707645194],"T_pred":[-13.733544463037893,86.55811409218204,754.2951245992876],"rotation_error":1.3769924772033328,"translation_error":81.97163108380745,"ADD":0,"ADD_S":0}}
{"id_image":577,"data":{"Best_template_id":165,"GT_R":[0.016283250659819615,-0.5256051481662108,0.8505731386368133,-0.8864570335681707,0.3859260460365178,0.2554502782292559,-0.462523929366678,-0.7581567778475832,-0.4596421853179927],"GT_T":[-4.390886022101086,99.55709376311606,830.0012061428423],"R_pred":[0.039629443610655346,-0.5270299605767226,0.8489222154317836,-0.9078129783532713,0.33599103605112357,0.25096936073284853,-0.4174986269827389,-0.78060838091055,-0.4651295003756883],"T_pred":[-17.461839621778303,90.64451211413729,742.2697956893255],"rotation_error":3.1593389510687993,"translation_error":89.1464206786681,"ADD":0,"ADD_S":0}}
{"id_image":583,"data":{"Best_template_id":165,"GT_R":[0.01108744381064021,-0.5098246969074242,0.8602067154240282,-0.8851190306363189,0.3952402402933537,0.24565799422119608,-0.46523052683419036,-0.7641101112542898,-0.44687302174231186],"GT_T":[-4.211682387835621,99.70190888232331,828.490657795762],"R_pred":[0.046878638359908686,-0.49498677755466003,0.8676349942870991,-0.906203425910484,0.3443397917979564,0.2454087583046749,-0.4202353437463622,-0.7977582326937114,-0.4324165330278008],"T_pred":[-18.92817993024612,89.42361742643847,729.4318784471913],"rotation_error":3.6152845652137464,"translation_error":100.67204349369648,"ADD":0,"ADD_S":0}}
{"id_image":588,"data":{"Best_template_id":173,"GT_R":[0.009488965999826241,-0.4980853946303858,0.8670763383680026,-0.8847864431842491,0.39982510555433354,0.23935853653289693,-0.4658997490985547,-0.7694487309462941,-0.43690471031873057],"GT_T":[-1.6739817263567653,102.48960050161402,827.9204286305325],"R_pred":[0.03150616321969957,-0.5006188731131462,0.8650942755342319,-0.9000135294616172,0.3622393431990546,0.24240112422338467,-0.43472175982485245,-0.7862336816250254,-0.43915098703423383],"T_pred":[-16.174385118636053,93.69992206313182,741.0364925798666],"rotation_error":2.3652969621179523,"translation_error":88.52309579565627,"ADD":0,"ADD_S":0}}
{"id_image":589,"data":{"Best_template_id":165,"GT_R":[0.009036028056385694,-0.4958576844310571,0.8683566865294763,-0.8852796468698507,0.39982691240479384,0.23752505151976203,-0.4649706809697328,-0.7708850646215841,-0.43535978595781827],"GT_T":[-1.4602875560547317,103.56011928956465,827.4369325056955],"R_pred":[-0.003053183138082005,-0.4997335081258837,0.8661738272015169,-0.8822927996254125,0.4090502911330012,0.23288897580855877,-0.470691081073221,-0.7635078782699005,-0.4421601814025292],"T_pred":[-13.808452227562054,94.48394825946535,745.4656659703965],"rotation_error":0.8259023810084504,"translation_error":83.39150189751538,"ADD":0,"ADD_S":0}}
{"id_image":595,"data":{"Best_template_id":165,"GT_R":[0.004974340150226939,-0.4852847776408092,0.8743416583337493,-0.8850856421984344,0.40479362914279804,0.22970709139218495,-0.4654016870121774,-0.7750101459848288,-0.4275049609560735],"GT_T":[0.9205858164952421,107.12680744633339,826.1565809266338],"R_pred":[0.05005322560009995,-0.4443455878867026,0.8944560766927832,-0.8740771827444884,0.41379898853359476,0.2544788315244158,-0.4832015658216388,-0.7945611339690577,-0.36768036549878735],"T_pred":[-16.625005673095153,103.1829544350454,783.7222356755545],"rotation_error":3.8883241833132174,"translation_error":46.087692654135125,"ADD":0,"ADD_S":0}}
{"id_image":598,"data":{"Best_template_id":165,"GT_R":[0.005964385894933684,-0.47813303807404955,0.8782676518947309,-0.8856522331684312,0.4052770257332838,0.22664862692359564,-0.46430939128720716,-0.7791919007337079,-0.4210423069560292],"GT_T":[0.8725029618380389,109.06055082880349,825.8259034982367],"R_pred":[0.017507151010089927,-0.4784360127797625,0.8779478807645209,-0.8986703946406882,0.37737100816204294,0.2235679851747872,-0.43827505229006625,-0.7928998069580842,-0.4233495891883835],"T_pred":[-13.982306536473562,105.02575548998846,758.9883737933998],"rotation_error":1.7948639425750723,"translation_error":68.58717311350725,"ADD":0,"ADD_S":0}}
{"id_image":604,"data":{"Best_template_id":165,"GT_R":[0.007266522079363579,-0.4686541467695711,0.8833523034732862,-0.8857556981683403,0.406964146741463,0.22319665473390965,-0.46409405209519483,-0.7840567178804724,-0.4121558384130889],"GT_T":[-0.5329092789276118,113.27611121127583,824.7676357351243],"R_pred":[0.061322038343218754,-0.430570559611992,0.9004713214805062,-0.9046308087403065,0.35724205912038604,0.23242463525471174,-0.42176143433378543,-0.828846852193361,-0.3676005823143718],"T_pred":[-18.88922407568313,108.88434660181264,748.091409461705],"rotation_error":4.6843930860373435,"translation_error":78.96509079862513,"ADD":0,"ADD_S":0}}
{"id_image":681,"data":{"Best_template_id":165,"GT_R":[0.004905288272983479,-0.30081801887037757,0.9536690059177053,-0.8792605523232726,0.4529608352930397,0.14740134749355951,-0.47631536783850303,-0.8392469552985732,-0.2622758750824565],"GT_T":[-24.233676133707945,114.90105619706748,834.8379985943249],"R_pred":[0.02000512020367534,-0.28432463802513414,0.9585193244674375,-0.9011039860352836,0.410213059832701,0.140487906575677,-0.4331413181825994,-0.8665360614276645,-0.24799970308141692],"T_pred":[-39.44749618964657,111.35827969648172,758.2074239289421],"rotation_error":3.0559098595100105,"translation_error":78.20649947142742,"ADD":0,"ADD_S":0}}
{"id_image":741,"data":{"Best_template_id":165,"GT_R":[0.022326734873088026,-0.19896827305125486,0.9797515356946493,-0.8820407387181681,0.45742373482184023,0.11299387356578884,-0.47064340704807134,-0.8667035432932445,-0.16528596238034865],"GT_T":[-4.836506818356667,123.3378000954575,844.0028291469],"R_pred":[-0.0005366067214487846,-0.2024678085706394,0.9792887717858452,-0.8921215165914343,0.4425350286932158,0.09100520871957635,-0.4517952098991595,-0.8735957502598657,-0.1808633557138563],"T_pred":[-18.043112553367294,118.77992971254226,734.8642454864466],"rotation_error":1.8064021971337956,"translation_error":110.0291736807891,"ADD":0,"ADD_S":0}}
{"id_image":866,"data":{"Best_template_id":165,"GT_R":[-0.0014587800597107383,-0.09164698473963813,0.9957903756289659,-0.8846813249180744,0.4643508685642847,0.04143987715125481,-0.46619428409350083,-0.880897019685525,-0.08175503429159323],"GT_T":[32.446988473186245,125.31494851449567,853.0534002146261],"R_pred":[-0.00947709242910072,-0.10288866653974243,0.9946477301119045,-0.9104152027229675,0.412298298514226,0.03397457421620753,-0.4135871653835363,-0.9052204346676825,-0.09757879528905558],"T_pred":[13.928415207079107,117.68298010138159,704.4148679667986],"rotation_error":3.44507997960535,"translation_error":149.98199147384128,"ADD":0,"ADD_S":0}}
{"id_image":1012,"data":{"Best_template_id":165,"GT_R":[0.029117825940031167,-0.01185213846443288,0.9995056794309235,-0.8811724198952338,0.47175896590063515,0.03126507566630426,-0.47189625980262384,-0.8816476554315162,0.003292154746800967],"GT_T":[62.42970827429254,126.75520934587672,844.989309275487],"R_pred":[0.05340394625401362,-0.03164742559065142,0.9980713696815388,-0.8927211183744754,0.4463350392372847,0.06191960559691717,-0.4474338200591509,-0.8943061406490151,-0.004416272720248193],"T_pred":[40.13124841856027,121.5787694503642,723.0244856986329],"rotation_error":2.4048769681687427,"translation_error":124.0944601183417,"ADD":0,"ADD_S":0}}
{"id_image":1024,"data":{"Best_template_id":165,"GT_R":[0.03631661156498916,-0.018399726849356406,0.9991712669399965,-0.8793406685957658,0.47445103343796496,0.04069773127860417,-0.47480622169968534,-0.880090202327031,0.0010502987075054352],"GT_T":[93.48599860892178,124.5728835426875,841.3886877551663],"R_pred":[0.06857436558864693,-0.014897408801887224,0.9975347731257815,-0.8801724565338331,0.4698266713053328,0.06752292713848157,-0.4696743586180881,-0.8826329736312488,0.01910577702024316],"T_pred":[65.69034979899196,119.21598509347987,725.1962075714814],"rotation_error":1.8805710159637434,"translation_error":119.59091480959614,"ADD":0,"ADD_S":0}}
{"id_image":1025,"data":{"Best_template_id":173,"GT_R":[0.03431029689314756,-0.01687122117752761,0.9992684974373178,-0.8796644867958426,0.4740574709562888,0.038207417651861905,-0.47435509638677,-0.8803327963491873,0.0014239589907127231],"GT_T":[96.33260041217997,125.5982455595788,840.699945652257],"R_pred":[0.06009030096758447,0.0002586158526558524,0.9981929116395617,-0.8638461829379285,0.5010778097426598,0.05187292942441024,-0.5001589027031271,-0.8654021964967155,0.030333320712778472],"T_pred":[66.62836675685998,118.5011853799704,719.8686058365971],"rotation_error":2.5143334431722977,"translation_error":124.63114555314941,"ADD":0,"ADD_S":0}}
{"id_image":1028,"data":{"Best_template_id":173,"GT_R":[0.030637201493597332,-0.011731002430700235,0.999461380977734,-0.8804221466937426,0.47307239018236713,0.032541072242828956,-0.4731987115387422,-0.8809461469444667,0.004165468408923805],"GT_T":[101.78469828015079,130.12712157721552,839.0203710031265],"R_pred":[0.04128921285696288,-0.02339071355488037,0.9988734031002356,-0.8755566235877292,0.4807796478678875,0.04745028016445785,-0.48134789891855545,-0.8765294089278599,-0.0006288809653059724],"T_pred":[72.39757840451895,125.61129870749278,725.6078823731758],"rotation_error":1.0445165961103018,"translation_error":117.24499156899688,"ADD":0,"ADD_S":0}}
{"id_image":1029,"data":{"Best_template_id":173,"GT_R":[0.03172109947523744,-0.007700860730990027,0.9994669010454597,-0.8806872857567789,0.47264238712911083,0.03159289925265571,-0.4726332859126839,-0.8812208878765352,0.008210349497285826],"GT_T":[101.91676726956494,131.33004159445986,838.5116853873686],"R_pred":[0.045964032228757556,-0.020281354935488383,0.998737189846886,-0.874394017697945,0.4826291287287465,0.05004224132248081,-0.4830345842228276,-0.8755899672475195,0.004449685401025583],"T_pred":[73.58821309981037,129.24859866162342,740.1137681559833],"rotation_error":1.279199831266998,"translation_error":102.41576783633434,"ADD":0,"ADD_S":0}}
{"id_image":1032,"data":{"Best_template_id":165,"GT_R":[0.03199745612384667,-0.001475045399362788,0.9994864697712345,-0.8796644824609321,0.4747175951765519,0.02886215859327702,-0.4745160744057882,-0.8801377684927869,0.013892074872491774],"GT_T":[103.73843504445449,132.83037764271876,836.6512122518214],"R_pred":[0.02169896357385398,-0.03016292717148178,0.9993094379641716,-0.8768028366968927,0.4796804850110185,0.03351742621198689,-0.4803602195645498,-0.8769246433554265,-0.016038370735694363],"T_pred":[75.2398699989669,131.4541389516653,740.4752462113188],"rotation_error":1.7772853030454991,"translation_error":100.31888499385627,"ADD":0,"ADD_S":0}}
{"id_image":1033,"data":{"Best_template_id":165,"GT_R":[0.033909548593179996,8.529801588056177e-05,0.9994246848413458,-0.8794054900736442,0.4751385441804328,0.029796850293257328,-0.47486298328939386,-0.8799115134125659,0.01618686738684507],"GT_T":[104.08288892340583,132.39025872219477,836.0662298854896],"R_pred":[0.04852428286202612,0.013335427817045553,0.9987329774958182,-0.8669379164563992,0.4971515081303819,0.0354827700993644,-0.4960484280621838,-0.8675612625795502,0.03568490841256575],"T_pred":[73.55468033122962,131.58221169353004,745.6869185251929],"rotation_error":1.83188243742598,"translation_error":95.39939403271602,"ADD":0,"ADD_S":0}}
{"id_image":1039,"data":{"Best_template_id":165,"GT_R":[0.04058679078808565,0.016367962416444535,0.9990416658693287,-0.8747912687383103,0.4837113831361224,0.027614629376586392,-0.4827962134671046,-0.875074686924209,0.03395130187022703],"GT_T":[97.29323964781335,124.66393702051239,835.7429006917832],"R_pred":[0.011481679291207247,-0.014558165065171824,0.9998281006606031,-0.8757604696592782,0.4824435901518022,0.01708163058962303,-0.4826093356150649,-0.8758060528172749,-0.0072102028966305465],"T_pred":[68.91672099495074,122.8273285081832,745.1275079457706],"rotation_error":2.4355631477429727,"translation_error":94.97236094884626,"ADD":0,"ADD_S":0}}
{"id_image":1042,"data":{"Best_template_id":165,"GT_R":[0.039073538706165895,0.025742573208240752,0.9989044254242777,-0.8727153544519725,0.4877524914744033,0.02156746968045358,-0.48666251320413356,-0.8726023142253907,0.041524416697015905],"GT_T":[91.94188831255816,121.31676069903956,836.6288457588419],"R_pred":[0.05089064734476298,0.01734170406814528,0.9985536577034024,-0.8802080146739233,0.47317146243447883,0.03664175270653525,-0.47185166410284207,-0.8807996551075785,0.03934430893724375],"T_pred":[62.12958673306721,117.137178688302,742.2376017315966],"rotation_error":1.280522359116285,"translation_error":99.07547214251353,"ADD":0,"ADD_S":0}}
{"id_image":1063,"data":{"Best_template_id":165,"GT_R":[0.030047338625971993,0.0801884892394525,0.9963267135003167,-0.8663099204771195,0.49930791932242574,-0.014059854507997451,-0.4986009271927288,-0.8627064839349008,0.08447070093280692],"GT_T":[68.98411443448933,107.63256638624534,841.1796129623729],"R_pred":[0.03403142794367478,0.07051729657085565,0.9969298735600475,-0.8796067709839894,0.4756877299206559,-0.0036210553782792254,-0.4744826554798752,-0.8767830372944443,0.07821582423969567],"T_pred":[39.111654842890665,96.61621557568391,719.3777936950728],"rotation_error":1.7059224579610175,"translation_error":125.89442801036542,"ADD":0,"ADD_S":0}}
{"id_image":1068,"data":{"Best_template_id":165,"GT_R":[0.026892150851330066,0.08983936357394137,0.995593039161357,-0.8634364024171743,0.5039703662553814,-0.022154386184379544,-0.5037393649519457,-0.8590356928200589,0.09112388118010947],"GT_T":[66.54827447351072,102.05267524489548,841.1387652447597],"R_pred":[0.025753945464339817,0.07992086788409564,0.9964684586928343,-0.8491726129163109,0.5277220794291594,-0.02037842868941231,-0.5274870688139237,-0.845648899815767,0.08145753786162335],"T_pred":[40.62978022490398,93.38778713833715,756.9787669286006],"rotation_error":1.6751124570750702,"translation_error":88.48589687961658,"ADD":0,"ADD_S":0}}
{"id_image":1080,"data":{"Best_template_id":165,"GT_R":[0.02696714007225743,0.10749148744430302,0.9938403638338579,-0.8601353846285053,0.5090773401956343,-0.031721540687068644,-0.5093519971122162,-0.8539824585562965,0.1061855027610412],"GT_T":[61.972660327519286,95.81405618979174,843.109560630724],"R_pred":[-0.013931270338659207,0.050625602301396844,0.9986205325840101,-0.859269273771891,0.5101213919708812,-0.03784812551788047,-0.5113337802827798,-0.8586112122755625,0.03639438550670629],"T_pred":[37.171771839578874,84.02797912368928,737.2397312547874],"rotation_error":4.024757774307065,"translation_error":109.3728323418996,"ADD":0,"ADD_S":0}}
{"id_image":1083,"data":{"Best_template_id":165,"GT_R":[0.025997521718978994,0.11339188468409729,0.9932105416980483,-0.8599462222482005,0.5091396881558848,-0.035617765624640536,-0.5097217936867214,-0.8531817050175597,0.11074704779988717],"GT_T":[62.030818211569056,95.05024177434,843.5419671501811],"R_pred":[0.031064116001806225,0.10224307676167832,0.9942742951275227,-0.8568154688231728,0.5149578815010193,-0.0261845883165831,-0.5146865775230136,-0.8510961952295921,0.1036001611164731],"T_pred":[36.11294207868589,83.69468244363067,749.4216598500304],"rotation_error":0.772385628951614,"translation_error":98.28182577276192,"ADD":0,"ADD_S":0}}
{"id_image":1089,"data":{"Best_template_id":165,"GT_R":[0.029287158233906624,0.11178515676956904,0.9933006675370485,-0.8582611736388746,0.512192457524928,-0.03233639581037758,-0.5123756586437014,-0.8515650194455501,0.11094140427277709],"GT_T":[68.01972136842942,94.45694962883488,844.1989908905766],"R_pred":[0.02457576474699838,0.09796700037039907,0.9948861737030654,-0.8649557546411313,0.5010678452385408,-0.027974219939016554,-0.5012460217301391,-0.8598450333091607,0.09705124622217423],"T_pred":[39.416532126637875,80.81708228757793,720.1617885759388],"rotation_error":1.1387160215056569,"translation_error":128.02115440008822,"ADD":0,"ADD_S":0}}
{"id_image":1096,"data":{"Best_template_id":173,"GT_R":[0.033439450898119005,0.1079405333164693,0.9935945771709863,-0.8597662926685585,0.5100003390621508,-0.026468696307117373,-0.5095902179400308,-0.8533753164514444,0.1098575757643545],"GT_T":[74.66637968410733,98.76939588586714,843.9302189883522],"R_pred":[0.04641125649631497,0.10340274759942197,0.9935561720704691,-0.8292282898909631,0.5585733441474501,-0.019397485724789942,-0.5569797469522051,-0.8229846237912496,0.11166857430912733],"T_pred":[45.55942036250969,87.41941030283967,755.2989761287407],"rotation_error":3.317821759935449,"translation_error":93.97624414991003,"ADD":0,"ADD_S":0}}
{"id_image":1106,"data":{"Best_template_id":165,"GT_R":[0.030189879215902403,0.10664339391617263,0.9938390284502184,-0.8648467263515309,0.5012806508411946,-0.02751794071623617,-0.5011269048596492,-0.8586882015621488,0.10736368035520384],"GT_T":[77.80406973283549,113.2740990921738,844.5829284172239],"R_pred":[-0.0041818303808938695,0.08032080352112614,0.9967602925560318,-0.8813838486400902,0.47056408793871285,-0.0416167093700352,-0.47238228549666006,-0.8787024568442541,0.06882563973421504],"T_pred":[52.28590163518758,109.56300105019127,741.737761002932],"rotation_error":3.1413267143960226,"translation_error":106.0286641065083,"ADD":0,"ADD_S":0}}
{"id_image":1110,"data":{"Best_template_id":165,"GT_R":[0.027595868330394825,0.10441742770038834,0.9941504523924989,-0.8704461999462955,0.4914972129211735,-0.027460511423080362,-0.4914894036235848,-0.8645966499010135,0.10445333161524256],"GT_T":[87.46669259227498,126.80539545290375,843.7073118931263],"R_pred":[0.01787427841481029,0.09249400695860033,0.9955527956105051,-0.863850885709053,0.5027803384738654,-0.031202219533074615,-0.5034303898562685,-0.8594514470991645,0.08888786558534068],"T_pred":[61.163964701475706,126.5682046446319,755.6095685878964],"rotation_error":1.1709208439993766,"translation_error":91.9407533656927,"ADD":0,"ADD_S":0}}
{"id_image":1111,"data":{"Best_template_id":173,"GT_R":[0.02821838391918382,0.10551878257487117,0.9940169752241841,-0.87107517246908,0.490388522128595,-0.027328365862558053,-0.490337815510064,-0.8650930590666833,0.10575250338243544],"GT_T":[89.96988474938514,128.9051873562963,844.0909423661069],"R_pred":[0.007757854566274536,0.05576262893973244,0.9984139146197123,-0.8643082774191537,0.502509087295882,-0.02134991264138969,-0.5029025922355778,-0.862771781179003,0.05209449418073639],"T_pred":[62.37740431053004,127.20751401752037,750.3618372633458],"rotation_error":3.186340275791369,"translation_error":97.72088934766316,"ADD":0,"ADD_S":0}}
{"id_image":1134,"data":{"Best_template_id":165,"GT_R":[0.036159778523071485,0.20184080065523305,0.9787508212716604,-0.8629054806303994,0.500310821976926,-0.07129580084076421,-0.5040694878356952,-0.8419916981139537,0.1922598681785381],"GT_T":[22.662417967048075,100.76831818644581,884.0594835017953],"R_pred":[0.023316116687246424,0.18518008510910605,0.9824279590797542,-0.8660137853368766,0.49470750582640943,-0.0726953044254432,-0.49947620795101066,-0.8491011834628415,0.17190316440624714],"T_pred":[1.4017450575569959,87.13931736719319,751.9175081531226],"rotation_error":1.2714916911294136,"translation_error":134.53351822109153,"ADD":0,"ADD_S":0}}
{"id_image":1178,"data":{"Best_template_id":165,"GT_R":[0.028162828888704475,0.25169133989243014,0.9673978839348888,-0.8788163528070632,0.4673988136838536,-0.09602086073999139,-0.4763282766860454,-0.8474611062881822,0.2343536991882034],"GT_T":[15.577567482707863,108.68612635956268,939.7107864320719],"R_pred":[-0.004048044939401724,0.20317996063395632,0.9791330435282801,-0.8997913613174173,0.4264642773135294,-0.09221565091674094,-0.43630163812518236,-0.8813887472462043,0.18109322681163229],"T_pred":[1.2872151017352955,95.4144544645787,741.0568361159063],"rotation_error":4.297766846199127,"translation_error":199.60897630687373,"ADD":0,"ADD_S":0}}
{"id_image":1355,"data":{"Best_template_id":165,"GT_R":[0.033628188660773904,0.31490633956805747,0.9485269932590444,-0.8944722496234383,0.43286910363969616,-0.1119979734299951,-0.44585631553357236,-0.8446651862498706,0.29623067440348716],"GT_T":[54.60294594151745,120.87167787472008,904.0963595486751],"R_pred":[0.0007575508692457544,0.2795214634697506,0.9601391449037007,-0.8941406299937537,0.43012608327153895,-0.1245154058093147,-0.4477856182494629,-0.8584050931519536,0.25025733983188647],"T_pred":[32.14397624656229,114.76398046185611,775.9438718359077],"rotation_error":2.8472403083078768,"translation_error":130.24887482975439,"ADD":0,"ADD_S":0}}
{"id_image":1531,"data":{"Best_template_id":165,"GT_R":[0.02578967261265956,0.41166268516825644,0.9109712324197956,-0.9029221216631074,0.4006855550300786,-0.15550582561418125,-0.42902856463378114,-0.8185266428805026,0.38203310584913586],"GT_T":[75.8147038211633,119.80291244456805,880.1462722818015],"R_pred":[-0.007246712069909997,0.3597948190526696,0.9330033083258777,-0.8875442334567967,0.42751078209837934,-0.17175495581560252,-0.460665517291845,-0.8293263648121222,0.31623576933317954],"T_pred":[51.00843924620454,119.930760304332,801.1982864930876],"rotation_error":4.237397814512339,"translation_error":82.75355924268803,"ADD":0,"ADD_S":0}}
{"id_image":1539,"data":{"Best_template_id":165,"GT_R":[0.02272753951454783,0.41646526422930374,0.9088677613366608,-0.9044680808200618,0.39588444898799846,-0.1587863441842679,-0.42593459685057217,-0.8184332227001301,0.38567672709938683],"GT_T":[76.82451309178005,121.41977654198371,879.3960077591641],"R_pred":[0.010226857206955944,0.3984520211945964,0.9171321596136564,-0.9029161916821544,0.39780798055770017,-0.16276105616147635,-0.4296949641197385,-0.8264289427473757,0.36383710695803306],"T_pred":[53.990712491947285,124.30222102961994,808.2449324289286],"rotation_error":1.3593185319242815,"translation_error":74.78078935599761,"ADD":0,"ADD_S":0}}
{"id_image":1543,"data":{"Best_template_id":165,"GT_R":[0.021328109348466275,0.41445875739155347,0.9098183572386759,-0.9052318706876517,0.3942906862707036,-0.15839412652626567,-0.42438096890844834,-0.820219130429907,0.383590816510324],"GT_T":[84.39384164009002,122.37840336573457,880.1169628851568],"R_pred":[-0.008064338443255853,0.3990167471343177,0.9169081753108219,-0.9143078076445182,0.36837445670617674,-0.1683493169772428,-0.40493974777211933,-0.8396939294485686,0.36185343099309586],"T_pred":[54.20696000082439,123.33687607765171,774.2612901858519],"rotation_error":2.304838121106501,"translation_error":110.07992521647574,"ADD":0,"ADD_S":0}}
{"id_image":1547,"data":{"Best_template_id":165,"GT_R":[0.018599202980857148,0.4164262532057851,0.9089789958515156,-0.9086501634311364,0.3863452019246603,-0.15840126020739917,-0.4171423617429677,-0.82299901541974,0.38557120462489397],"GT_T":[89.76840041924673,128.70952415938413,879.6874162820593],"R_pred":[-0.02903547735968917,0.33867893212457806,0.9404538914744571,-0.9166941078496524,0.3660964084959939,-0.16014160084145485,-0.3985333783865845,-0.8667583288444878,0.2998351975510641],"T_pred":[60.230537763691416,129.34239806260956,771.2016950068082],"rotation_error":5.644595123158919,"translation_error":112.43681594676762,"ADD":0,"ADD_S":0}}
{"id_image":1550,"data":{"Best_template_id":165,"GT_R":[0.019362597876230656,0.4166349923265303,0.9088679815110323,-0.908786697924462,0.38630186976999575,-0.15772385567912814,-0.4168098588457909,-0.822913454063724,0.3861119037606906],"GT_T":[92.56206246932061,130.60064137304659,879.2185914988212],"R_pred":[-0.04350770087761113,0.36261264114218444,0.9309238166725748,-0.9245298274762235,0.3385196210584335,-0.17506874154239932,-0.37861811640639836,-0.8682836740618496,0.320517992141669],"T_pred":[63.591646292022716,132.83317347967665,778.0958578675901],"rotation_error":5.4390689863709545,"translation_error":105.2144309025425,"ADD":0,"ADD_S":0}}
