{"id_image":1,"data":{"GT_R":[-0.09398017740507172,0.9402408046827869,0.32728237154622947,-0.6915469042818773,0.1748326445853499,-0.700853597430254,-0.7161914346658317,-0.292197602580755,0.6337906373915762],"GT_T":[18.589917797028342,-10.144428590127134,780.6027164990082],"R_pred":[0.0883276419199282,0.9661836842533719,0.2422546510501819,-0.887118129664552,0.18690973792743856,-0.42200257568925237,-0.453011756683347,-0.17763400054740827,0.8736283592902596],"T_pred":[-8.127615463708755,18.9626270240017,650.6830480954667],"rotation_error":22.225963680963734,"translation_error":135.79457834592947,"ADD":0,"ADD_S":0}}
{"id_image":2,"data":{"GT_R":[-0.09416447559570058,0.9398188670685547,0.32843989665479384,-0.6920479791923293,0.1753687712798841,-0.7002247771087258,-0.7156833054148423,-0.2932323653306758,0.6338866604114798],"GT_T":[18.732355056814484,-9.413689163667655,780.7047399695275],"R_pred":[0.016382698203440463,0.9772689186310729,0.2113695055518378,-0.8676393937562593,0.11895768199094824,-0.48275351091173985,-0.4969240279980894,-0.17548370457963852,0.8498658599009378],"T_pred":[-6.838460326061313,17.347960197274972,651.334505199714],"rotation_error":18.959480244258444,"translation_error":134.56117612543304,"ADD":0,"ADD_S":0}}
{"id_image":3,"data":{"GT_R":[-0.09258130768054726,0.9404197998532687,0.3271682842749268,-0.6913379136848635,0.17575561294604186,-0.7008288720492712,-0.716574460479055,-0.29106693202643263,0.6338770921301987],"GT_T":[17.73176006597204,-8.473944121626666,780.8039699346876],"R_pred":[-0.2205354930187363,0.9347458898376594,0.2785932837499592,-0.8050618343899366,-0.013187058806238078,-0.5930443021299092,-0.5506718978917421,-0.35507213761663026,0.7554364552764605],"T_pred":[4.028658299762572,13.445927130822694,668.3010235939903],"rotation_error":14.385334152270843,"translation_error":115.4346944773402,"ADD":0,"ADD_S":0}}
{"id_image":4,"data":{"GT_R":[-0.09142563465967513,0.9404587617938774,0.3273798109366418,-0.6922287176788027,0.17631386453803277,-0.6998091349024698,-0.715863686666939,-0.2906023749011557,0.6348932343408429],"GT_T":[17.386575555708653,-8.265371839311939,780.9423368756982],"R_pred":[-0.10828512422416058,0.9561280888830846,0.27220104614152063,-0.8512774808743339,0.05222957785456764,-0.5221098751732072,-0.5134208628678878,-0.28825535354250376,0.8082746245714263],"T_pred":[0.26338473211073465,17.08527259528592,671.8895763467534],"rotation_error":15.575801781166705,"translation_error":113.2623654009315,"ADD":0,"ADD_S":0}}
{"id_image":5,"data":{"GT_R":[-0.09373672694824331,0.9405180606776451,0.3265555431363496,-0.6914729139450766,0.17448221853662194,-0.7010142767198296,-0.7162951402062919,-0.2915155308897756,0.6339872657840135],"GT_T":[18.49529238121171,-8.944913427540406,780.9482567030328],"R_pred":[0.01671702267586096,0.9714988462378197,0.23645408203589954,-0.8428901264242293,0.1408995366950288,-0.5193106539785921,-0.5378259717877164,-0.19062348312238817,0.8212222060763379],"T_pred":[-5.826043345587824,15.614472900403806,701.9435024485937],"rotation_error":16.025152757867833,"translation_error":86.23480749178506,"ADD":0,"ADD_S":0}}
{"id_image":6,"data":{"GT_R":[-0.09465574252478116,0.9401969877566605,0.32721612026825925,-0.6913035411097823,0.1744369290113027,-0.7011929149337709,-0.7163373801123434,-0.2925773295872943,0.6334496727779323],"GT_T":[18.84784675153077,-9.062315346873163,780.9613995116787],"R_pred":[-0.07004829489387543,0.9572017379885449,0.28081678933811904,-0.7609535659588977,0.1307500842923609,-0.635495150187614,-0.6450138811195447,-0.25820388891194,0.7192272554025274],"T_pred":[-0.4050194526079318,8.70347609161991,712.8401761179977],"rotation_error":6.75287719426945,"translation_error":72.98491131160121,"ADD":0,"ADD_S":0}}
{"id_image":7,"data":{"GT_R":[-0.09455787822691912,0.9401312592963952,0.3274336745277396,-0.6914047870551959,0.17462252317239926,-0.7010461265971997,-0.7162526806156339,-0.2926788162773177,0.6334994839596176],"GT_T":[17.341659545568923,-8.046943236649764,781.1525772930163],"R_pred":[-0.068489144007959,0.9717587103167329,0.22581905605288727,-0.7020023709954932,0.11388970388930872,-0.7030091083796222,-0.7088736899263244,-0.20667400482780993,0.6743767103471706],"T_pred":[-4.337123482319093,6.467732861235587,760.9558367267525],"rotation_error":6.4004485641511755,"translation_error":32.9932384784782,"ADD":0,"ADD_S":1}}
{"id_image":8,"data":{"GT_R":[-0.09354060505512553,0.9409227414671969,0.32544559517545546,-0.6924616493371032,0.17338248826417,-0.7003103087006451,-0.7153642570485668,-0.2908661957206568,0.635334854613591],"GT_T":[16.110230665029228,-7.274521179660669,781.3223241115579],"R_pred":[0.020064177883126824,0.975997146282387,0.21685709399166825,-0.8920342928580055,0.11543058290001398,-0.4369789478872878,-0.45152214688893416,-0.18467634114850767,0.8729389439638993],"T_pred":[-9.277880617340992,21.277934572534605,654.9975906801908],"rotation_error":21.401088351393696,"translation_error":131.97627514244007,"ADD":0,"ADD_S":0}}
{"id_image":9,"data":{"GT_R":[-0.09458225630039319,0.941341169060993,0.3239307453707375,-0.692678425964286,0.17147780376622634,-0.7005655002008596,-0.7150184827049422,-0.2906406309110939,0.635826931471344],"GT_T":[15.802815346276391,-6.966112807372909,781.5298618087297],"R_pred":[-0.1928895614416447,0.9429232721906166,0.2714577680748705,-0.8387233600318865,-0.014859746614370506,-0.5443549515411603,-0.5092511584902604,-0.3326783592178741,0.7937180651115547],"T_pred":[0.8140841501696653,17.972515134897296,679.1492032119432],"rotation_error":16.35764454788507,"translation_error":106.43494013351007,"ADD":0,"ADD_S":0}}
{"id_image":10,"data":{"GT_R":[-0.0966750635152257,0.9409042723692467,0.3245807651661734,-0.6922418950719262,0.17075588751510792,-0.7011721434414889,-0.7151604954053234,-0.29247452970592375,0.6348262669401851],"GT_T":[15.073314992752398,-6.849587141101444,781.6489885808883],"R_pred":[-0.18378902117596385,0.9416278653033217,0.28206126813068577,-0.8393410242338268,-0.0009897106602242967,-0.5436043280833215,-0.5115938239788392,-0.33665410105495297,0.790528794864292],"T_pred":[0.5065667371491164,18.70014649989149,682.3963774873391],"rotation_error":15.897943992374948,"translation_error":103.51840344960466,"ADD":0,"ADD_S":0}}
{"id_image":11,"data":{"GT_R":[-0.09570847120733025,0.9412705479873908,0.32380356534629345,-0.6931359553753107,0.17045202606583207,-0.7003635336076507,-0.7144242438710237,-0.29147063838306364,0.6361146900580946],"GT_T":[14.97767219782029,-6.589410495795375,781.9718627234157],"R_pred":[-0.029167400059734207,0.9657366945141387,0.25787962238738554,-0.7997038867949838,0.132233139378105,-0.5856518507570914,-0.5996857145361654,-0.2233092781751708,0.7684464913461009],"T_pred":[-6.172079922729619,12.881001236645826,657.1102584909702],"rotation_error":10.786346270449402,"translation_error":128.12817472863395,"ADD":0,"ADD_S":0}}
{"id_image":12,"data":{"GT_R":[-0.09590515905282854,0.94152404146022,0.32300830512775397,-0.6925955463708212,0.16994929800283637,-0.7010200075195498,-0.714921743562853,-0.2909448334707026,0.6357963546216667],"GT_T":[14.974915882879287,-6.019262036833775,782.2361699518253],"R_pred":[-0.1757835609140492,0.9397855589542231,0.29309255004772017,-0.8158244717084188,0.027553392186432296,-0.577642832501798,-0.5509360861969892,-0.34065218883799836,0.7618566237592378],"T_pred":[0.42792008572387674,17.588165846933382,696.3399755577818],"rotation_error":13.044301479195148,"translation_error":90.26118739186315,"ADD":0,"ADD_S":0}}
{"id_image":13,"data":{"GT_R":[-0.09786071387950002,0.9413160056152657,0.32302784565697185,-0.6927684591536095,0.16859795612486167,-0.7011753769384382,-0.7144891442124459,-0.2924006207795948,0.6356156115760353],"GT_T":[14.66534190805694,-5.2264199386657175,782.7098878802134],"R_pred":[-0.15378129781137917,0.9412576222694291,0.3006416487500498,-0.8057508207949227,0.05665862389498838,-0.589538306750829,-0.5719413669527289,-0.33290222116715684,0.7497060650082916],"T_pred":[-0.38223964536034427,16.551970840462957,686.6627220846984],"rotation_error":11.213568992865806,"translation_error":99.62823933446943,"ADD":0,"ADD_S":0}}
{"id_image":14,"data":{"GT_R":[-0.09675813652136653,0.9414920045134707,0.3228471049339939,-0.6931463595470454,0.1690400740032727,-0.7006949676689119,-0.7142733285203392,-0.2915784568826939,0.6362359016879449],"GT_T":[14.31470724111328,-4.112243562604844,783.135857163368],"R_pred":[-0.08865841074957763,0.958867082254551,0.2696546027272736,-0.8075868431312875,0.08926856583764636,-0.5829533548702945,-0.583046462131965,-0.2694532273362753,0.7664540307634017],"T_pred":[-3.5326608473853076,16.286767669275335,686.158852536307],"rotation_error":10.825652745893457,"translation_error":100.69353322513685,"ADD":0,"ADD_S":0}}
{"id_image":15,"data":{"GT_R":[-0.09569688052214985,0.9414768322371845,0.3232082282826809,-0.6943470329617661,0.16952235253495648,-0.6993890484056793,-0.7132486883607023,-0.2913478028482908,0.6374893005785683],"GT_T":[14.559337730043461,-3.7333020035786313,783.649344674598],"R_pred":[-0.0990278584334597,0.9654580647549117,0.24100665645119307,-0.873066492545948,0.03190749370242191,-0.48655607224568276,-0.4774394022780261,-0.25859744207035507,0.8397493555264395],"T_pred":[-3.7371382357428744,22.17772810105484,646.6160050739159],"rotation_error":18.24557707967375,"translation_error":140.6565984089111,"ADD":0,"ADD_S":0}}
{"id_image":16,"data":{"GT_R":[-0.09970858127479364,0.9412786493648806,0.32257159470846547,-0.6941765836336314,0.16645441086436658,-0.7002939347424256,-0.7128653384968242,-0.29374720718760294,0.6368164527282644],"GT_T":[15.043212173846513,-3.4017300823279903,784.2538281688207],"R_pred":[-0.030196021366687937,0.9750051629191316,0.22012072272882502,-0.8802052281115984,0.07841327651367624,-0.4680706297893501,-0.47363166775315146,-0.20788528169985362,0.8558368728641814],"T_pred":[-7.41815417884482,24.495906110735138,660.764430257336],"rotation_error":19.322993135475286,"translation_error":128.57846818239565,"ADD":0,"ADD_S":0}}
{"id_image":17,"data":{"GT_R":[-0.10024549681716616,0.9408217689929665,0.3237346806989327,-0.6948863204779742,0.16666896208827167,-0.6995384495473517,-0.7120979410791844,-0.2950847954029127,0.6370572207792123],"GT_T":[15.177958955946673,-2.5314466019526756,784.8076950283007],"R_pred":[-0.12044770016260897,0.9556343556119613,0.2688035154153489,-0.8073155279654094,0.0632798503905726,-0.5867173926521003,-0.5776971436933633,-0.28767801255684833,0.7638765418965758],"T_pred":[-1.916380172543781,16.816636441419075,646.8808060547944],"rotation_error":11.031080832524166,"translation_error":140.32245525789156,"ADD":0,"ADD_S":0}}
{"id_image":18,"data":{"GT_R":[-0.10030690834061907,0.9408152166378249,0.32373702090368617,-0.6953144595752933,0.16645170309518673,-0.6991641992830052,-0.7116705367272266,-0.2952300167135181,0.6374662311784918],"GT_T":[15.67574224876084,-1.9487808900021655,785.3891435497591],"R_pred":[-0.04255400442045217,0.9734494627962467,0.2249117606740091,-0.8463800723006432,0.08449279238208639,-0.5258343287080405,-0.5308765674995856,-0.21273718860880023,0.820312720041986],"T_pred":[-6.030955714127034,22.634205537362035,688.389687016695],"rotation_error":15.563980148894682,"translation_error":102.39335196119812,"ADD":0,"ADD_S":0}}
{"id_image":19,"data":{"GT_R":[-0.10096786441714525,0.9414226632243805,0.32175943115931827,-0.6955550483094499,0.1644428830852093,-0.6994005536001647,-0.7113430460832062,-0.29441793640354896,0.6382076427735542],"GT_T":[15.886591790543592,-0.9380909807624218,786.0281937437851],"R_pred":[-0.2276251338051044,0.9313927434156638,0.2840675200948737,-0.8111331173794277,-0.019960311541872305,-0.584520873753438,-0.5387484239889149,-0.363468215220801,0.7600269680568353],"T_pred":[3.2316007794625143,19.626453484045147,664.1131299728204],"rotation_error":14.50636753685529,"translation_error":124.28327345549755,"ADD":0,"ADD_S":0}}
{"id_image":20,"data":{"GT_R":[-0.10061441307060116,0.9413625245288941,0.32204573923655866,-0.6960198440675118,0.16469853997035397,-0.6988784092910741,-0.7109387675611687,-0.294467535935681,0.6386357916534964],"GT_T":[16.15261390407494,0.0993165057794192,786.703225447979],"R_pred":[-0.27909264124699446,0.9185619204707194,0.2799130148151741,-0.8227704974915677,-0.07844494131995614,-0.5629343653027292,-0.4951323116695722,-0.3874150093148845,0.7776590541479556],"T_pred":[4.978775455020854,22.267579183803743,656.5870389919356],"rotation_error":18.302494880934912,"translation_error":132.46323457364042,"ADD":0,"ADD_S":0}}
{"id_image":21,"data":{"GT_R":[-0.09919044542698648,0.9416120905763206,0.32175824641797557,-0.6973192037939272,0.1648985917536932,-0.697534648709058,-0.7098645186768208,-0.2935569809376138,0.6402475443625025],"GT_T":[16.779261787216143,0.7763610342923948,787.4109551059739],"R_pred":[-0.08891317836158,0.9638309256584515,0.2512456834614567,-0.8403210770334292,0.06283654639145743,-0.5384348205038116,-0.5347475424974102,-0.259000994557872,0.8043404444705075],"T_pred":[-3.3731480535998117,22.77807577800328,648.0461622018638],"rotation_error":14.101410171072649,"translation_error":142.5227721287421,"ADD":0,"ADD_S":0}}
{"id_image":22,"data":{"GT_R":[-0.10027269815872486,0.9414083156430877,0.32201616884434947,-0.69953755423236,0.1634437029051613,-0.695653139843785,-0.7075250673758565,-0.2950177600962574,0.6421621387803086],"GT_T":[16.710832345809493,1.215441762911833,787.9348964931344],"R_pred":[-0.04165903381518582,0.9738512857307655,0.22333427453510207,-0.8484873641055433,0.08354734136716434,-0.5225792138075395,-0.5275734241362169,-0.21126645505383412,0.8228200089413081],"T_pred":[-5.5870110480407735,24.386632012253266,701.133460619463],"rotation_error":15.462879224396678,"translation_error":92.56666326123532,"ADD":0,"ADD_S":0}}
{"id_image":23,"data":{"GT_R":[-0.1012100286849399,0.9419472043547844,0.3201429956054853,-0.6991915348599265,0.1615743750343974,-0.6964371938184638,-0.707733862204408,-0.29432791682626536,0.6422488406534498],"GT_T":[16.60787774150205,0.6649085424901928,788.1690297620471],"R_pred":[-0.2164910088312656,0.9243757396695368,0.314103701037759,-0.8111792128386951,0.008712594643434018,-0.5847327383967604,-0.5432494157876435,-0.38138377338971335,0.7479481864684264],"T_pred":[5.644863864501575,20.639595878599263,691.555201754569],"rotation_error":13.333790927927465,"translation_error":99.26433181007759,"ADD":0,"ADD_S":0}}
{"id_image":24,"data":{"GT_R":[-0.1029306835416763,0.9420936493922981,0.3191629983755302,-0.6985382887217141,0.15996574927681664,-0.6974630391986706,-0.7081309384695108,-0.29473776078426595,0.6416228118293262],"GT_T":[17.542087067257896,-0.36190138165602326,788.1966664992947],"R_pred":[-0.1357388279152366,0.9569197549349174,0.2566701252804768,-0.8418316019835471,0.025200528090844942,-0.5391516366345906,-0.5223930747033434,-0.28925683397154245,0.8021446001206687],"T_pred":[-0.1656955729436952,22.23913111454052,692.00241912357],"rotation_error":14.605223508314957,"translation_error":100.38777547146302,"ADD":0,"ADD_S":0}}
{"id_image":25,"data":{"GT_R":[-0.10321336690005431,0.9424652877176847,0.31797273843773394,-0.6980094593603534,0.15911527497844216,-0.6981860116970138,-0.7086102441080725,-0.2940105140423884,0.6414271681646142],"GT_T":[18.04103517896053,-1.3342179603831088,788.271785401637],"R_pred":[-0.0005406104993374503,0.9795761885770479,0.2010726199987254,-0.841296577098117,0.1082490495356854,-0.529624595952277,-0.5405735630821026,-0.1694480275703572,0.8240555738839676],"T_pred":[-6.920823019060107,21.829969027349392,718.222271764326],"rotation_error":15.961999384591136,"translation_error":77.8884348560461,"ADD":0,"ADD_S":0}}
{"id_image":26,"data":{"GT_R":[-0.10499657306158448,0.9416732343501597,0.3197296715972481,-0.6976327748924619,0.15937869476930333,-0.6985030728658284,-0.7087200466307838,-0.29639469362967563,0.6402081367929375],"GT_T":[18.283119305428347,-1.6333677911900226,788.2569868770271],"R_pred":[-0.012453822428651192,0.9693972158273654,0.24518144353329024,-0.9083197057284276,0.09155652126569684,-0.40813320815531123,-0.41809115572125927,-0.22778595514183125,0.8793823651562415],"T_pred":[-5.658165023331226,27.639376549819065,651.1919646341247],"rotation_error":22.12606731184913,"translation_error":142.18614200762292,"ADD":0,"ADD_S":0}}
{"id_image":27,"data":{"GT_R":[-0.10514510309967341,0.9422088891206833,0.31809881908040616,-0.697171789778989,0.15826234778683199,-0.6992162303867444,-0.7091513719506423,-0.29528882271214996,0.6402419135508371],"GT_T":[17.541995319684254,-1.3192089314375135,788.2290438149932],"R_pred":[-0.06103847174851884,0.9707367936422969,0.23225929999825073,-0.8175397480680809,0.08487333653083502,-0.5695834241574292,-0.5726282086095511,-0.22464771135089653,0.7884353749607003],"T_pred":[-4.253334159685746,20.323215348733086,731.2541347201652],"rotation_error":12.338900214647806,"translation_error":64.72689689921131,"ADD":0,"ADD_S":0}}
{"id_image":28,"data":{"GT_R":[-0.10707444241100524,0.9423762095951488,0.3169559718160278,-0.6962673311728195,0.15649742755564514,-0.7005145113611803,-0.7097511523001584,-0.2956934401947844,0.6393893880898293],"GT_T":[16.443905115504847,-1.4119230507395941,788.3064378325149],"R_pred":[-0.0789028328457785,0.957630635439448,0.2769799794872369,-0.8496410225327519,0.08072831060845151,-0.5211459226510414,-0.5214254268813624,-0.27645344261583077,0.807272579905601],"T_pred":[-2.250284548085678,21.659872333100672,685.7753204603036],"rotation_error":14.538552928003027,"translation_error":106.74460407442734,"ADD":0,"ADD_S":0}}
{"id_image":29,"data":{"GT_R":[-0.10750058960272921,0.943261607356136,0.31416644778694736,-0.6966221787324917,0.15399132802669335,-0.7007164713340853,-0.7093381739734244,-0.2941834514659238,0.6405429686719827],"GT_T":[15.75070866368942,-1.9607550649507508,788.3668143114203],"R_pred":[-0.1832226769505679,0.9448864038359103,0.271328462379288,-0.8238202408752974,0.0030248160783954148,-0.5668430657702876,-0.5364230246505407,-0.327384383154928,0.7778623299087266],"T_pred":[0.5321171408084784,19.732133518715987,683.5344202459256],"rotation_error":13.73143412609013,"translation_error":108.12963418298817,"ADD":0,"ADD_S":0}}
{"id_image":30,"data":{"GT_R":[-0.10904337732551062,0.9423922905965806,0.3162374221203468,-0.6961058582161497,0.15471188135294442,-0.701071287647894,-0.7096101329959734,-0.2965819607643681,0.6391348103031393],"GT_T":[15.32732363044445,-2.6516531247420545,788.2913845840396],"R_pred":[-0.16298743115123937,0.9520487569990138,0.2589174802583878,-0.8536064700522302,-0.004471632234486517,-0.520899221337612,-0.4947636724454322,-0.3059136623326787,0.8134037986304941],"T_pred":[-0.1451858586940815,21.67141163096039,667.352673899002],"rotation_error":16.53983169908792,"translation_error":124.32691491049242,"ADD":0,"ADD_S":0}}
{"id_image":31,"data":{"GT_R":[-0.10980842505933817,0.9424286367127445,0.31586341462441136,-0.6959570788005501,0.15398314288162404,-0.7013789871344035,-0.7096380662324103,-0.2968443577168122,0.6389815836016193],"GT_T":[16.08726355476642,-3.0872042760064806,788.2225910689037],"R_pred":[-0.23851895426370337,0.9261602295498527,0.2921231549485827,-0.8218495764488744,-0.03225111067372716,-0.5687909453842571,-0.5173702563423561,-0.3757487126531178,0.7688568935710788],"T_pred":[3.289609378091285,20.711225583836775,702.6512832879708],"rotation_error":15.504796125865239,"translation_error":89.7362464757625,"ADD":0,"ADD_S":0}}
{"id_image":32,"data":{"GT_R":[-0.10967112716578563,0.9425850800976233,0.3154445126156673,-0.6955895034113639,0.15391688967478012,-0.7017578470889138,-0.7100189298172374,-0.2963826334683975,0.6387721881791275],"GT_T":[15.235470015218452,-2.459095435165929,788.3592731191811],"R_pred":[-0.03987674478691641,0.9790110639108712,0.19986791129469245,-0.7240500896206906,0.10953521463248628,-0.6809944966559458,-0.6885937212503965,-0.17187022282966608,0.7044851407652344],"T_pred":[-7.94991224775439,13.411676297121948,778.7368862566143],"rotation_error":8.41356864637046,"translation_error":29.699051752395434,"ADD":0,"ADD_S":1}}
{"id_image":33,"data":{"GT_R":[-0.10948338562428349,0.9428270938036046,0.31478640633568455,-0.6965185824674079,0.1531652574301647,-0.7010009702994257,-0.7091371981145252,-0.29600194715464034,0.6399279120972949],"GT_T":[14.048661545741819,-2.1647320109582333,788.5878735526211],"R_pred":[-0.02911728045480732,0.9713431952916688,0.23589103615755963,-0.8425343069267138,0.1031333485257117,-0.5286770792018471,-0.5378551158355178,-0.2141399294443824,0.8153870031997791],"T_pred":[-6.291437470020277,20.47770205807131,697.9605346041467],"rotation_error":14.863426738585297,"translation_error":95.60185151670977,"ADD":0,"ADD_S":0}}
{"id_image":34,"data":{"GT_R":[-0.11055133866268159,0.9429693819425743,0.313984209078991,-0.6956708458439412,0.15220603383906314,-0.7020507192291732,-0.7098033591832464,-0.29604236633308983,0.6391700395903582],"GT_T":[14.594617478199382,-2.744368505369546,788.7296014148455],"R_pred":[-0.21517481893388932,0.9323341951290385,0.290607546168119,-0.8177347993349988,-0.009337477187591037,-0.5755194258027438,-0.5338628993040412,-0.36147719169106457,0.7644113059301412],"T_pred":[3.3965731977149956,19.19287347126094,696.4234775024539],"rotation_error":14.042436559394357,"translation_error":95.53564409673871,"ADD":0,"ADD_S":0}}
{"id_image":35,"data":{"GT_R":[-0.1118385678315671,0.9429318216506888,0.3136421062845648,-0.6956355865082948,0.15110251713426048,-0.7023233624674169,-0.7096355837663286,-0.29672752534360336,0.6390381010594779],"GT_T":[16.162795268892758,-3.9386003257341686,788.8515307640986],"R_pred":[0.010966349512835883,0.9730310989945621,0.23041314972847543,-0.8869263434576036,0.11587831304972818,-0.44713966257275134,-0.46178068437223213,-0.19945600255240176,0.8642776767836416],"T_pred":[-7.099879673672055,23.037041726080556,664.2231928466233],"rotation_error":20.26073744425673,"translation_error":129.61890264025334,"ADD":0,"ADD_S":0}}
{"id_image":36,"data":{"GT_R":[-0.11525803620121955,0.9425149507655838,0.31365675169812,-0.694610424859916,0.14925090064716554,-0.7037330331010531,-0.7100933939122147,-0.29898023028290205,0.6374785407878609],"GT_T":[16.72513744082342,-4.6980045033473266,789.0906625265343],"R_pred":[-0.14350579525853377,0.956451939299674,0.25417666009511636,-0.8500982151673617,0.012363050451769664,-0.5264790399937997,-0.5066942976751185,-0.29162791840531926,0.8113039171051122],"T_pred":[-0.1262094870957192,20.25038957135557,668.1779675514146],"rotation_error":15.767166003865727,"translation_error":124.6044544401929,"ADD":0,"ADD_S":0}}
{"id_image":37,"data":{"GT_R":[-0.11838885642442418,0.9427191413030686,0.3118714418370813,-0.6938964686303131,0.14611893406454468,-0.7050936839456047,-0.7102759937580756,-0.29988147775003104,0.6368513458824868],"GT_T":[17.429637524859242,-4.918964347591164,789.5693272582348],"R_pred":[-0.18856824877116043,0.9418498835540631,0.2781381174966414,-0.8312766922098246,-0.002280785409812941,-0.5558541706298575,-0.5228968125204725,-0.33602618181789357,0.7833679394695813],"T_pred":[2.3533214826474396,19.11684985242546,662.786052834971],"rotation_error":14.483249445493017,"translation_error":129.91926086284127,"ADD":0,"ADD_S":0}}
{"id_image":38,"data":{"GT_R":[-0.1204830805138022,0.9429532760182432,0.31035841871367625,-0.6939754225378303,0.14354811480754204,-0.7055441099662958,-0.7098467167420294,-0.30038678261172785,0.6370915387462561],"GT_T":[17.696903566056214,-4.351119725468411,790.1414696604918],"R_pred":[-0.16743497564480556,0.9437511908431429,0.285130178537757,-0.8131444699483383,0.03133654428183233,-0.5812177664050788,-0.5574599536498199,-0.3291682104557221,0.7621592283126395],"T_pred":[2.1584840155978156,18.222860429259867,683.4324561746951],"rotation_error":11.817697634884517,"translation_error":110.17186855665143,"ADD":0,"ADD_S":0}}
{"id_image":39,"data":{"GT_R":[-0.12114409927648585,0.9434223403533835,0.3086717121383298,-0.6936959880786169,0.14195967726527758,-0.7061395594909067,-0.7100069450057535,-0.29966915761923096,0.6372510306032559],"GT_T":[17.09068099341733,-3.6318893276021624,790.9719814177654],"R_pred":[-0.20633849226735926,0.9400548960892596,0.2715165168961997,-0.7954257656351114,0.000453022109924317,-0.606050861013137,-0.5698440821598745,-0.3410228542335239,0.7476504095617086],"T_pred":[2.3631847634314984,17.036439347633664,684.4069902094272],"rotation_error":11.662919185063863,"translation_error":109.54531622422297,"ADD":0,"ADD_S":0}}
{"id_image":40,"data":{"GT_R":[-0.12285397742832725,0.9439017966833556,0.3065239939489192,-0.6941099642216634,0.1390279819693108,-0.7063163748827165,-0.7093081446007413,-0.29953423448849026,0.6380912459822594],"GT_T":[17.22806569955182,-3.729722816162282,791.7670920937651],"R_pred":[-0.017866012953296147,0.9800299303331285,0.198045805894485,-0.8749478972402912,0.0805379088335118,-0.47747232627191905,-0.48388736571225505,-0.181810288190653,0.8560362354550688],"T_pred":[-7.470675268291684,24.48766614884846,718.7085220253009],"rotation_error":19.29850101164205,"translation_error":82.12066430471707,"ADD":0,"ADD_S":0}}
{"id_image":41,"data":{"GT_R":[-0.12421410360726279,0.9433489316589628,0.30767471430888127,-0.6946651257443202,0.13873742668634284,-0.7058270013349932,-0.7085272267582177,-0.30140451363133514,0.6380785905310816],"GT_T":[16.856954668960807,-3.4241049349480113,792.5943962233226],"R_pred":[-0.16385590201935146,0.9491649390945831,0.26876971884310397,-0.8329539056263229,0.012850404197421117,-0.553193147294702,-0.5285253394826777,-0.31451674916534944,0.7885050285313222],"T_pred":[0.7460651180149097,19.945905494155447,669.5767464729261],"rotation_error":13.867443721174098,"translation_error":126.24999128590238,"ADD":0,"ADD_S":0}}
{"id_image":42,"data":{"GT_R":[-0.12468794637736254,0.943566726278741,0.30681265543522,-0.6954042546533445,0.13745858151852045,-0.7053497568156207,-0.7077188893565213,-0.3013075196530608,0.6390204542224566],"GT_T":[16.728336173445392,-2.9460205348817596,793.4664823519875],"R_pred":[0.008445547572912576,0.9707590935790009,0.23990717988395027,-0.8966881676462188,0.11353832610305471,-0.42785438937678677,-0.4425821988393346,-0.2115084649355501,0.8714270861817108],"T_pred":[-6.610116113228076,24.537816353892314,641.9750415709345],"rotation_error":21.306765223009624,"translation_error":155.72315587344528,"ADD":0,"ADD_S":0}}
{"id_image":43,"data":{"GT_R":[-0.128038559694052,0.9434381035553883,0.3058272242747179,-0.6950591165436372,0.13460683871226106,-0.7062390401209836,-0.7074599575808286,-0.3029942486209511,0.6385102482398142],"GT_T":[17.045483824479753,-3.604893224786754,794.2420347973894],"R_pred":[-0.0971276544705206,0.9724151462576555,0.21207310547487568,-0.8200714798370731,0.04254733345241249,-0.5706772225820145,-0.5639583199979304,-0.22934364552956726,0.7933174053052914],"T_pred":[-3.1126593014992516,18.481448681293635,695.9546018211078],"rotation_error":13.033569535507668,"translation_error":102.73546960104278,"ADD":0,"ADD_S":0}}
{"id_image":44,"data":{"GT_R":[-0.12899558633379044,0.9443661641140577,0.3025432669695078,-0.6947484244166141,0.13163296566973387,-0.7071047374378269,-0.707590282666393,-0.30140453559574637,0.6391173029141065],"GT_T":[17.31569922565196,-4.077853683670494,795.0089040213961],"R_pred":[-0.20061091394642988,0.9390312515775552,0.27924106031575735,-0.815712321764132,-0.0022500330315794737,-0.5784534082132513,-0.542557526284308,-0.3438244405391321,0.7664307436162813],"T_pred":[2.9204001833204307,17.409135321358054,676.8461303250017],"rotation_error":12.841995532746614,"translation_error":120.96014392619452,"ADD":0,"ADD_S":0}}
{"id_image":45,"data":{"GT_R":[-0.13163159517656572,0.9435335594821123,0.3040024454061695,-0.6953832627270236,0.13067006911699217,-0.7066597058718459,-0.7064811532089341,-0.30441634180590005,0.63891704207427],"GT_T":[17.310794516147556,-4.249360222504363,795.77845575864],"R_pred":[-0.1977500309178988,0.9387250189210352,0.28229464062158877,-0.7998254728973624,0.01197710354047507,-0.6001131242484964,-0.5667222760545774,-0.3444588333059301,0.7484477095836665],"T_pred":[2.7330698460963423,17.38879003381675,693.6019289417284],"rotation_error":11.064050402927315,"translation_error":105.45502470455361,"ADD":0,"ADD_S":0}}
{"id_image":46,"data":{"GT_R":[-0.1336664902409174,0.9436073643149223,0.3028826241877519,-0.6955386199633778,0.12838538053361254,-0.7069254143297171,-0.7059453263106849,-0.30515907814230553,0.6391549948353193],"GT_T":[16.503708624101993,-3.3771865337032594,796.652923574409],"R_pred":[-0.1830511407135551,0.9471146648575809,0.26356420753808435,-0.8540023301159195,-0.020385139979586325,-0.5198696627276808,-0.4870033881196784,-0.32024718215735304,0.812569653802201],"T_pred":[-0.5815270123891104,23.30257755351985,673.3293483312474],"rotation_error":16.48715435369974,"translation_error":127.32799888186433,"ADD":0,"ADD_S":0}}
{"id_image":47,"data":{"GT_R":[-0.13554417434253846,0.9440215713935662,0.30075005805167665,-0.6957252525451308,0.12543182805472863,-0.7072719351018968,-0.7054034089253078,-0.3051061658365716,0.6397784829478111],"GT_T":[14.486559660174125,-2.4479879961467703,797.59416670156],"R_pred":[-0.1975638750109823,0.9408218393194466,0.2753593687351462,-0.834156835780585,-0.013794915333632557,-0.5513547620465973,-0.5149280421681917,-0.33862068302233267,0.7875183454487402],"T_pred":[-0.4039781966036135,21.781215833269734,672.4858989338617],"rotation_error":14.453041926367586,"translation_error":128.29988737214714,"ADD":0,"ADD_S":0}}
{"id_image":48,"data":{"GT_R":[-0.13583599592194473,0.9449835142348969,0.2975810552303118,-0.6969462052295724,0.1223345621672322,-0.7066117685967298,-0.704140562331846,-0.30338149184413,0.6419856438920549],"GT_T":[13.400241555350807,-1.7694464449509004,798.4675926447073],"R_pred":[-0.17150775485116487,0.9563322864208101,0.23667202617770056,-0.7985854692986809,0.005728597668570395,-0.6018541612332319,-0.5769283649214331,-0.29222549703593126,0.7627305688322612],"T_pred":[-3.2940458700205055,19.20353276366644,693.1216828895501],"rotation_error":10.803748356272962,"translation_error":108.70292448535012,"ADD":0,"ADD_S":0}}
{"id_image":49,"data":{"GT_R":[-0.13762639371696359,0.9457596377889141,0.2942748906424415,-0.6984096139715475,0.11801071901934954,-0.7059016108519814,-0.702341270651104,-0.30267541494333694,0.6442858758778262],"GT_T":[12.923053513675907,-0.8939837525688925,799.2512685653751],"R_pred":[-0.213310122298168,0.9350765320932961,0.2830736138419047,-0.8248233489502461,-0.017077808675692863,-0.5651325432828456,-0.5236079017276587,-0.35403421809086716,0.7749158261831718],"T_pred":[-0.07283538145919198,21.88549221316956,712.5188316923858],"rotation_error":13.569803838249188,"translation_error":90.61077893592696,"ADD":0,"ADD_S":0}}
{"id_image":50,"data":{"GT_R":[-0.13778572751929488,0.9456892625004372,0.2944261364314522,-0.6992099547173619,0.11766863574369117,-0.7051661452643284,-0.7015128541779266,-0.3030279585103683,0.64502262826366],"GT_T":[11.550433115900207,-0.7977029637788378,799.9685241784514],"R_pred":[-0.08827954009871924,0.9706902624870083,0.22353330202200655,-0.8759143633746475,0.031210922369799374,-0.4814560274405258,-0.47432135818867,-0.2382987466138447,0.8474862574274146],"T_pred":[-8.3185407097631,25.49290846986655,679.7279166218195],"rotation_error":17.901037976032946,"translation_error":124.674680974237,"ADD":0,"ADD_S":0}}
{"id_image":51,"data":{"GT_R":[-0.13888154118285678,0.9459949304357546,0.2929250240529519,-0.698872352156044,0.11594327395754163,-0.7057856959541333,-0.7016332536462415,-0.30273747119525696,0.6450278540707115],"GT_T":[10.97460881394736,-0.9498965413619769,800.3439075505114],"R_pred":[-0.20004690854246818,0.951369154988606,0.2342604646944666,-0.8259489091505746,-0.03513046015805532,-0.5626493137310836,-0.5270575242377035,-0.306043431076946,0.7928100557126364],"T_pred":[-3.9641838624355588,22.006133237236504,684.7640113147153],"rotation_error":14.01082604912072,"translation_error":118.78071915804034,"ADD":0,"ADD_S":0}}
{"id_image":52,"data":{"GT_R":[-0.14215360419681286,0.9462821945536098,0.29041695168184944,-0.6989856283199423,0.11177588685595748,-0.7063463275987896,-0.7008647933838446,-0.30340729825074814,0.6455484895991097],"GT_T":[10.509561384810379,-1.3641114091639754,800.8595795876122],"R_pred":[-0.0691787161283619,0.9781571725694823,0.19601747622522758,-0.8965824895563318,0.02519692047934731,-0.4421594221763545,-0.43744044698198836,-0.2063338579807822,0.8752555023505791],"T_pred":[-10.068672107245332,27.2384838432815,672.0279005933895],"rotation_error":20.899469142408876,"translation_error":133.5633694592167,"ADD":0,"ADD_S":0}}
{"id_image":53,"data":{"GT_R":[-0.14127824114162887,0.9461534567796946,0.2912639491546324,-0.6990769055289584,0.1129700951764627,-0.7060660488536151,-0.7009502204101588,-0.3033675443286145,0.6454737021814215],"GT_T":[11.184115318018739,-1.8280880906124208,801.210039526395],"R_pred":[-0.22231738790866196,0.9450670943765894,0.2396313129790438,-0.8259495211741529,-0.05196168581710123,-0.5613442541607001,-0.51805633622769,-0.32271995651591767,0.7921297003399803],"T_pred":[-1.9625290598141192,21.31804616045181,698.8299898428595],"rotation_error":14.579947409907804,"translation_error":105.78398915889252,"ADD":0,"ADD_S":0}}
{"id_image":54,"data":{"GT_R":[-0.14660433977936213,0.9462834631728045,0.2881911265076044,-0.6984583570140263,0.10727960049901758,-0.7075638051963757,-0.7004734655459496,-0.30502168572129945,0.6452123468645284],"GT_T":[10.5021399948726,-0.4135710828366923,802.4581975949949],"R_pred":[-0.16074423294043055,0.9520898721603548,0.26016565281772286,-0.8347303227776255,0.009519116630791635,-0.5505766746368126,-0.526675022961934,-0.30567018459157685,0.7932081432006339],"T_pred":[-4.290158277032301,22.73899893084804,692.1612975383099],"rotation_error":13.213588076034162,"translation_error":113.66732049502149,"ADD":0,"ADD_S":0}}
{"id_image":55,"data":{"GT_R":[-0.14494500076189343,0.9472507383412557,0.28584503537995015,-0.7003020842505719,0.1058723872006521,-0.7059518064449616,-0.6989767493379218,-0.30250194786042145,0.6480151199964799],"GT_T":[7.56995569470952,1.57231668980728,803.4644777400512],"R_pred":[-0.17271006313061527,0.9549989104982112,0.24113961731878225,-0.8310804349919524,-0.009891981926863275,-0.5560642582176508,-0.5286554120284843,-0.2964443111965358,0.7953893547767695],"T_pred":[-7.1267010545009,24.515604961184486,699.7644987037742],"rotation_error":13.255158542422029,"translation_error":107.21973628223452,"ADD":0,"ADD_S":0}}
{"id_image":56,"data":{"GT_R":[-0.14555090408964946,0.9477143808555885,0.28399254882549396,-0.7022010980769648,0.10325156475648983,-0.7044515675708173,-0.6969421858878493,-0.3019539728195589,0.6504582838797741],"GT_T":[5.850074128557255,3.2966594614867883,804.3658270407127],"R_pred":[-0.08916002926019773,0.9606307036210721,0.26313331306165844,-0.8071071816143466,0.0851215684984927,-0.5842365239891312,-0.5836338634528218,-0.26446733226778785,0.7677424982338106],"T_pred":[-10.838303036735423,22.934388621491653,701.0773675729462],"rotation_error":9.732400132002926,"translation_error":106.45491157385467,"ADD":0,"ADD_S":0}}
{"id_image":57,"data":{"GT_R":[-0.14554868800065698,0.9481880296388001,0.2824097317379903,-0.7036862276886672,0.10143467386817968,-0.7032331493582499,-0.6954427081386817,-0.30108220203543945,0.652463101733498],"GT_T":[6.186734057601469,4.178146634923095,805.55394809643],"R_pred":[-0.1345694092553435,0.9617306899288693,0.23867373994976698,-0.841319921450852,0.016363265625214812,-0.5402897679097866,-0.5235187330579492,-0.27350744704124563,0.8069211935191565],"T_pred":[-8.84283047783454,26.52662362507276,686.7306152338093],"rotation_error":13.414024096916858,"translation_error":121.8372958764484,"ADD":0,"ADD_S":0}}
{"id_image":58,"data":{"GT_R":[-0.14595746831677628,0.9476371473308047,0.2840413036410002,-0.7040691746095848,0.10219451611576039,-0.7027394244016887,-0.6949699151340092,-0.3025549720917797,0.6522869785261611],"GT_T":[6.954151596111353,4.995868049671808,806.4173330975952],"R_pred":[-0.22118505303064234,0.9425485447002967,0.2503585692545488,-0.8096357181487409,-0.03436186584056586,-0.5859259902698698,-0.5436609018621852,-0.3322973112429707,0.7707212989966528],"T_pred":[-5.521071043140031,25.368346835201393,699.0233222168746],"rotation_error":12.044906601734672,"translation_error":110.01882859226455,"ADD":0,"ADD_S":0}}
{"id_image":59,"data":{"GT_R":[-0.1452559364733656,0.9474415811421911,0.28505378964064937,-0.705935987419941,0.1026180226509579,-0.7008021546402688,-0.6932209584741464,-0.3030252235688198,0.6539262355408746],"GT_T":[7.675332860201556,5.545085102480128,807.6030181333603],"R_pred":[-0.1827490664133637,0.9548882971993607,0.23407502770853097,-0.8443433674619055,-0.030462037304401446,-0.5349358298958438,-0.5036735614940829,-0.2953987206386833,0.8118205092857016],"T_pred":[-6.457558974442944,29.050007401054597,706.7101721400776],"rotation_error":14.610956848223587,"translation_error":104.55422696618267,"ADD":0,"ADD_S":0}}
{"id_image":60,"data":{"GT_R":[-0.14704873499328094,0.9476218543404413,0.28353107144225376,-0.7067629086536485,0.09987822443193531,-0.7003639497501646,-0.6919992922878411,-0.3033772059600072,0.6550572550828747],"GT_T":[9.380794512704618,5.937577946003041,808.933047742542],"R_pred":[-0.16730780404763188,0.9575585105793235,0.2347121588709598,-0.8531401387844358,-0.021297940926713887,-0.5212468717480763,-0.49412549246080445,-0.2874510332724335,0.8204949123370466],"T_pred":[-5.505197292907315,29.24837312489183,688.4259162282675],"rotation_error":15.086406984021863,"translation_error":123.6404249010311,"ADD":0,"ADD_S":0}}
{"id_image":61,"data":{"GT_R":[-0.14921080302280093,0.946923331660378,0.2847313517945219,-0.7076725757836987,0.09884976798707897,-0.6995912852284265,-0.6906048305539283,-0.30588273267810046,0.6553623978276608],"GT_T":[10.680465007275854,6.5436260801882575,810.2770064003191],"R_pred":[-0.18288698610044896,0.9494396325196088,0.25517980820614355,-0.8236155587366933,-0.006227303028567471,-0.5671143025033267,-0.5368517129729016,-0.3138878858733169,0.7831121461068273],"T_pred":[-3.2789054827682094,26.495778939396384,693.333036210366],"rotation_error":11.767947468342015,"translation_error":119.4522690951669,"ADD":0,"ADD_S":0}}
{"id_image":62,"data":{"GT_R":[-0.15187759709101523,0.9461623278371899,0.2858493703712672,-0.7070591141868539,0.0980800788306489,-0.7003201877905122,-0.6906521700724735,-0.30847576613160166,0.6540962810639198],"GT_T":[11.465306527143483,7.653853626895717,811.6066377151604],"R_pred":[-0.16782282506476406,0.9578306703939216,0.23322929970313042,-0.8678968233109993,-0.031350516881878704,-0.49575422255177537,-0.4675367402396926,-0.28561784248182054,0.8365595284150867],"T_pred":[-4.054755224704397,31.885224856088207,677.6136825892561],"rotation_error":16.82482191850794,"translation_error":137.04796128290536,"ADD":0,"ADD_S":0}}
{"id_image":63,"data":{"GT_R":[-0.1511749661681494,0.9462823029948088,0.28582388171977025,-0.7093116051601521,0.09754728810588544,-0.6981129148057487,-0.6884934084151328,-0.3082750058502934,0.6564630130045217],"GT_T":[11.828760798571578,9.513762658008334,813.0271281043943],"R_pred":[-0.20726926974842455,0.9421736823420079,0.26334046806378986,-0.8315164728977724,-0.027857085005929566,-0.5548011698929813,-0.5153831634013698,-0.3339651705149409,0.7892068548646315],"T_pred":[-0.8117341424950525,30.562311225394502,699.808927343739],"rotation_error":13.03790026913466,"translation_error":115.84983596289112,"ADD":0,"ADD_S":0}}
