{"id_image":22,"data":{"Best_template_id":165,"GT_R":[-0.05469738161223673,0.23470522674672073,0.9705260907517372,-0.7891369418939252,0.585366314183079,-0.18603484326843797,-0.6117768080006774,-0.7760543892163485,0.1531962897316807],"GT_T":[-99.44466575830072,101.97164564676588,1014.210218250969],"R_pred":[-0.10430516052886027,0.17632060963651364,0.9787908234676379,-0.8275888496237006,0.5304110413931513,-0.18374118522191024,-0.5515588177751929,-0.8292015254361516,0.09059636167523924],"T_pred":[-71.96954311414403,87.21930141745709,731.4687202448907],"rotation_error":5.8472753783376294,"translation_error":284.4560927793473,"ADD":0,"ADD_S":0}}
{"id_image":42,"data":{"Best_template_id":173,"GT_R":[-0.06464444569180201,0.2261768762844201,0.971938845078606,-0.80360354748227,0.5656558275644812,-0.18507955267025716,-0.591643278369799,-0.7930181288596658,0.14518924866296185],"GT_T":[-74.29321692419337,109.6553561606866,1009.852825326554],"R_pred":[-0.06857034145754784,0.2069568806885022,0.9759441366226247,-0.8302338147949211,0.530587202124615,-0.1708479842217795,-0.5531816347669793,-0.8219769281903586,0.13544005492938269],"T_pred":[-56.989860766120565,89.44409821247727,705.4814037219336],"rotation_error":2.852530611219527,"translation_error":305.53209875854253,"ADD":0,"ADD_S":0}}
{"id_image":49,"data":{"Best_template_id":165,"GT_R":[-0.05457953987327771,0.21975333273899128,0.9740276061258454,-0.8030950888738229,0.5700012352754552,-0.17360078000046028,-0.5933459165579797,-0.7917117981937034,0.14537216490983254],"GT_T":[-69.37209653814156,99.46018556312835,1010.8821783339798],"R_pred":[-0.09387984243259942,0.18236991560394117,0.9787378551315168,-0.8094941209916002,0.558312271746757,-0.18167739346713446,-0.5795738462567707,-0.8093383847931512,0.09521310642735248],"T_pred":[-51.585646606948885,88.06038723113818,757.0231299465235],"rotation_error":3.1963488942164195,"translation_error":254.73658875660124,"ADD":0,"ADD_S":0}}
{"id_image":62,"data":{"Best_template_id":165,"GT_R":[-0.0314197326384056,0.2181117822401912,0.9754175809294324,-0.7933500475009638,0.5881533338026781,-0.15707183241599137,-0.6079545923043559,-0.7787826379506493,0.15455941887231484],"GT_T":[-75.64130408423337,76.76128069921032,1006.8905577802451],"R_pred":[-0.09324580001940908,0.16896188297867837,0.9812018665285138,-0.8388160544044516,0.5175719485355335,-0.16883987965667024,-0.5363700659545498,-0.8387914879094983,0.09346652961612129],"T_pred":[-55.63517336484969,67.10406086541568,674.5875455288673],"rotation_error":6.525859442193184,"translation_error":333.04474040677877,"ADD":0,"ADD_S":0}}
{"id_image":89,"data":{"Best_template_id":165,"GT_R":[-0.02253181909711262,0.2644041496856594,0.9641484561818259,-0.8039979888396005,0.5684011801931479,-0.17466438684768784,-0.5942052065732847,-0.7791093620171645,0.1997728163010639],"GT_T":[-105.23195615217236,92.44368166591244,1016.4838448433694],"R_pred":[-0.0752275588890554,0.20910516488677278,0.9749953048098586,-0.7795541725300171,0.597370636784674,-0.18826474550088546,-0.6218006967466615,-0.7742243552906021,0.11807006902774933],"T_pred":[-79.20641806329215,79.11284352227878,757.8702863558448],"rotation_error":4.969250624831103,"translation_error":260.2614310880655,"ADD":0,"ADD_S":0}}
{"id_image":100,"data":{"Best_template_id":165,"GT_R":[-0.006814191342163618,0.28746565544589486,0.9577662392396162,-0.8092272282943547,0.5610863204294808,-0.17416242373504898,-0.5874557292227761,-0.776238086438224,0.22880166267190738],"GT_T":[-112.3785912305937,97.7147493821103,1014.0836316168019],"R_pred":[-0.09238000002103551,0.22335616852732199,0.9703493997405821,-0.8162547593418488,0.5411251247659814,-0.20226657459595532,-0.5702579271241162,-0.8107377019281854,0.1323263965515224],"T_pred":[-84.9088324944823,86.60360337930622,759.3395436172004],"rotation_error":6.229987908671755,"translation_error":256.46168443115334,"ADD":0,"ADD_S":0}}
{"id_image":128,"data":{"Best_template_id":173,"GT_R":[-0.026754611098822344,0.3821093282957325,0.9237293319155232,-0.8068890710230212,0.5372259752454985,-0.24559918967806207,-0.5900974769941782,-0.7519181229492246,0.2939456086368974],"GT_T":[-175.3618264285414,93.90222097657532,994.3057777794492],"R_pred":[-0.058312038949891384,0.29167536236043284,0.9547382830417017,-0.8297373759530224,0.517622604471301,-0.20881265834939106,-0.5550996244460078,-0.8043583295598158,0.21183032032181787],"T_pred":[-137.88396288211231,80.27099857625021,739.8920948324851],"rotation_error":6.1623637716316075,"translation_error":257.5203342471624,"ADD":0,"ADD_S":0}}
{"id_image":205,"data":{"Best_template_id":165,"GT_R":[-0.022291316463464942,0.349538021924225,0.9366572746068216,-0.8194110968423544,0.5303711185495424,-0.2174226086387461,-0.5727728745426065,-0.7723529962194903,0.274592079277985],"GT_T":[-147.99536430465787,92.27534838584751,990.6974364422927],"R_pred":[-0.11772403804689746,0.24751870470742054,0.961704498110461,-0.8171374462530931,0.5261654577098935,-0.23544915596347327,-0.5642937575384883,-0.8135627830308485,0.1403144799020924],"T_pred":[-115.57367804436603,79.19776759782403,748.9508538368242],"rotation_error":8.139126445342525,"translation_error":244.26133353572493,"ADD":0,"ADD_S":0}}
{"id_image":360,"data":{"Best_template_id":141,"GT_R":[-0.017458761322886165,0.3657481785287208,0.9305502741024282,-0.8390522853028494,0.5008010598709756,-0.21257905553633086,-0.5437708845844427,-0.784491557579934,0.2981384558932632],"GT_T":[-92.96319678412884,94.45905753389727,1046.687283348587],"R_pred":[-0.5959620204702223,0.7902093446266121,-0.14282318376870987,-0.7872159669993712,-0.6100280663632781,-0.09031489107741225,-0.158493821514579,0.0586084457553712,0.9856189723355799],"T_pred":[-42.610234050359516,124.80862851497886,1177.44747927273],"rotation_error":93.58942546350089,"translation_error":143.3692650219159,"ADD":0,"ADD_S":0}}
{"id_image":454,"data":{"Best_template_id":141,"GT_R":[-0.014441860046017834,0.42760382736659575,0.9038507260545912,-0.8577910068143125,0.45919310817050946,-0.23094582086617624,-0.5137951412381117,-0.7786508062392818,0.36016300589184036],"GT_T":[-54.072702504796425,127.63801998440178,1063.7353509809582],"R_pred":[0.2581377904010367,-0.29820474936209107,-0.9189335169775683,-0.45291110619662545,0.8028200260396705,-0.3877518996386889,0.8533676880750873,0.5162886142920016,0.07217794470491118],"T_pred":[-55.5972552825608,99.28581800880784,1075.5867261784329],"rotation_error":164.75133701868523,"translation_error":30.767299395760755,"ADD":0,"ADD_S":0}}
{"id_image":512,"data":{"Best_template_id":173,"GT_R":[-0.009539714509114793,0.48027218067207306,0.8770673159196707,-0.8603613250197695,0.44304783291423083,-0.2519659059921405,-0.5095950389171219,-0.756998536645615,0.4089810634772431],"GT_T":[-72.87624377365921,117.0269576843011,1073.2871365014219],"R_pred":[-0.05492563941077987,0.38904107767226837,0.919581542887262,-0.8134941704722478,0.5165888667061556,-0.2671388728787323,-0.5789735820769257,-0.7627469978170023,0.2881086749443056],"T_pred":[-55.065581807359784,102.52420136403583,828.5526586767579],"rotation_error":8.056988540906447,"translation_error":245.8099148868363,"ADD":0,"ADD_S":0}}
{"id_image":513,"data":{"Best_template_id":165,"GT_R":[-0.007392700978855386,0.47955745340258094,0.877479018007744,-0.8598638212623422,0.44490340355802105,-0.25039133523340273,-0.5104697365647801,-0.7563635018565766,0.40906419598535476],"GT_T":[-71.94328386159472,116.43184535152632,1073.3165578313165],"R_pred":[-0.1430171355892531,0.29125955748464954,0.9458932123139965,-0.8634580952799886,0.43038421286591794,-0.26307707427907584,-0.48372121787585387,-0.854363681045508,0.18993810541086892],"T_pred":[-49.87547803007902,102.73752501791648,796.2612926563177],"rotation_error":13.9070480563956,"translation_error":278.26990930534674,"ADD":0,"ADD_S":0}}
{"id_image":526,"data":{"Best_template_id":141,"GT_R":[-0.0044225766232505554,0.48439217478548885,0.8748395912453697,-0.8591063936028982,0.44589176358825316,-0.2512295272910061,-0.511778180582818,-0.752691760614466,0.4141717032556736],"GT_T":[-70.68386440806741,113.22753017591103,1071.8329765191013],"R_pred":[0.31075048440899194,-0.7471940156126046,0.5874821184276914,0.7222216586791094,0.587439139554282,0.3651179714209112,-0.6179239533910085,0.3108317235296877,0.722186698488134],"T_pred":[52.179916790463494,108.77835434399367,1073.0757885698752],"rotation_error":117.32992474621801,"translation_error":122.95059364548567,"ADD":0,"ADD_S":0}}
{"id_image":530,"data":{"Best_template_id":165,"GT_R":[0.00619868181135888,0.4864092822621042,0.8737093842892952,-0.8582187642044453,0.4510328973582579,-0.24500889282475208,-0.5132457084096499,-0.7483155530781507,0.42024139699519675],"GT_T":[-76.97963484111453,110.2293917338244,1071.477498952788],"R_pred":[-0.027792222260179814,0.4284271614706718,0.9031488026322261,-0.8429376141274754,0.4755860685885181,-0.2515433760876974,-0.5372930029982896,-0.7682890463092001,0.3479197755954375],"T_pred":[-59.779836992946436,94.82765419452346,772.5691636907948],"rotation_error":4.525466519500747,"translation_error":299.7986648641776,"ADD":0,"ADD_S":0}}
{"id_image":546,"data":{"Best_template_id":173,"GT_R":[0.01222510677270545,0.5097229883719918,0.8602519660853218,-0.8589574006889614,0.4457827470951161,-0.2519317035184971,-0.5119006484008596,-0.7358397747794294,0.44327948635646325],"GT_T":[-98.56268219517546,103.61998529478251,1069.7745207475868],"R_pred":[-0.137898374475652,0.408343761119374,0.9023521546889863,-0.8853335011808724,0.3576250192380108,-0.2971345441072624,-0.44403674397935927,-0.83985696304186,0.31220450289243573],"T_pred":[-72.57701879689415,100.0090866060643,811.3985262262652],"rotation_error":11.311920499805547,"translation_error":259.7045394991605,"ADD":0,"ADD_S":0}}
{"id_image":562,"data":{"Best_template_id":165,"GT_R":[0.01466568277832537,0.5092648704416698,0.860485008994869,-0.862536423185423,0.44175482860575666,-0.24674487968846365,-0.505782490051254,-0.738581115715678,0.44573776488290434],"GT_T":[-89.60807763839709,108.74603487799655,1068.0428269144652],"R_pred":[-0.18872553247583823,0.4030584622459936,0.8955035172480377,-0.9000654270760784,0.29371889619283087,-0.3218873048158654,-0.3927657067184813,-0.8667601086985719,0.30734673187586026],"T_pred":[-61.417628371441836,106.76223688897346,800.8475994592249],"rotation_error":14.715201134005255,"translation_error":268.6855531270553,"ADD":0,"ADD_S":0}}
{"id_image":563,"data":{"Best_template_id":165,"GT_R":[0.014207145319925122,0.5075966021980262,0.8614780828881102,-0.861715734640965,0.4432379464409497,-0.24695130392798553,-0.5071922444799906,-0.7388405598738357,0.44370031238825125],"GT_T":[-86.55186507508697,107.69960388111257,1068.3571741948983],"R_pred":[-0.12517150883111516,0.3914246571245348,0.9116571895026564,-0.8831716013398612,0.3747050300842711,-0.2821419199912177,-0.4520398389121554,-0.8404658697558669,0.29879274725432475],"T_pred":[-61.32540088477865,92.7063250533243,731.6467329953224],"rotation_error":11.20186543114217,"translation_error":337.9868253621224,"ADD":0,"ADD_S":0}}
{"id_image":588,"data":{"Best_template_id":173,"GT_R":[0.03404540307571323,0.5288174418670818,0.8480520170022393,-0.8667622578448779,0.438068541675755,-0.2383685141405159,-0.4975584814495769,-0.7269443285771017,0.4732729796097814],"GT_T":[-112.36220875786427,117.9358774537055,1068.1210913811333],"R_pred":[-0.19162077694320553,0.28428947729014864,0.9393939381035927,-0.8791732204040202,0.37573701426191386,-0.293046318246735,-0.43627505815495177,-0.8820437569733356,0.1779406766769674],"T_pred":[-79.50439049633445,113.91869430506878,857.8918335892381],"rotation_error":19.995607689146507,"translation_error":212.81944181180566,"ADD":0,"ADD_S":0}}
{"id_image":598,"data":{"Best_template_id":165,"GT_R":[0.030753929145531142,0.5298676239633446,0.8475224893708957,-0.8663459441567161,0.43701755040137974,-0.24178438156038204,-0.4984964270868489,-0.7268124879528307,0.4724886552510633],"GT_T":[-104.85753272042697,113.22348290553938,1070.5370112232035],"R_pred":[-0.17669517396365228,0.25505364895937327,0.9506452817168258,-0.9189634530200208,0.30319254541375196,-0.2521516456798361,-0.352540760071051,-0.9181622495823047,0.18081232239669642],"T_pred":[-71.3547488161301,110.38630606710595,842.3119375372484],"rotation_error":22.06513589393514,"translation_error":230.6884703679623,"ADD":0,"ADD_S":0}}
{"id_image":603,"data":{"Best_template_id":165,"GT_R":[0.03495902074410302,0.5283169480942697,0.8483275878201885,-0.8673832873391071,0.4376748637106207,-0.2368281807660477,-0.49641178749455167,-0.727545747485585,0.47355349142811354],"GT_T":[-104.77942847539515,112.45808887187523,1070.8771827896107],"R_pred":[-0.10517030681919778,0.45994288307679665,0.8816982198408705,-0.8482292022932569,0.42130305337141805,-0.3209532015681804,-0.5190822930330998,-0.7816369243625356,0.345828413425755],"T_pred":[-76.73869938311921,95.86990574775035,723.4975337178527],"rotation_error":9.327568654857963,"translation_error":348.9040998563985,"ADD":0,"ADD_S":0}}
{"id_image":610,"data":{"Best_template_id":165,"GT_R":[0.03617119104120551,0.531321150147576,0.8463977459787115,-0.8655447241200874,0.440005460720948,-0.23922105316200473,-0.4995230557377766,-0.723942487321685,0.47579754094917265],"GT_T":[-100.16960051036271,112.72798373497406,1070.5062019093648],"R_pred":[-0.24840083451566541,0.2686237313272674,0.9306655233647249,-0.8890883630389772,0.3181182790188192,-0.3291240545186212,-0.3844722462292861,-0.9091985765067612,0.15980938757622015],"T_pred":[-65.2359649859662,116.35769571945269,865.5084111516608],"rotation_error":23.364301528475146,"translation_error":207.98468192533085,"ADD":0,"ADD_S":0}}
{"id_image":612,"data":{"Best_template_id":165,"GT_R":[0.03440018612949929,0.5312274572962307,0.8465308841791939,-0.8650024107516503,0.44009076203048586,-0.24102109644653613,-0.5005874814931692,-0.7239597579198348,0.4746515957426871],"GT_T":[-98.29671023346442,112.41368766240426,1070.6058458408631],"R_pred":[0.018736975578006236,0.49101304480204877,0.8709506964119212,-0.8485688699612827,0.4684892385034488,-0.2458631862217084,-0.5287530602075236,-0.7344549157304892,0.42543645598432106],"T_pred":[-74.46706905744789,95.64891625864009,770.9383473721738],"rotation_error":3.3619396682683496,"translation_error":301.0805855535692,"ADD":0,"ADD_S":0}}
{"id_image":618,"data":{"Best_template_id":165,"GT_R":[0.03548420341216974,0.5362373919611546,0.8433213511357018,-0.8680858682202105,0.4346310265969104,-0.239839657408765,-0.49514458679414514,-0.7235648994450706,0.4809223046903069],"GT_T":[-97.40880325203108,120.3735814847599,1068.570557248986],"R_pred":[-0.25224884529700875,0.16728934802269013,0.9530922274808817,-0.8903045005436908,0.34576301957806793,-0.2963204863047872,-0.379115307469871,-0.9232888000676709,0.06172013700264606],"T_pred":[-62.49116699426678,117.85977043785839,840.9131094327365],"rotation_error":28.10403872004461,"translation_error":230.33339773905436,"ADD":0,"ADD_S":0}}
{"id_image":621,"data":{"Best_template_id":165,"GT_R":[0.03386904436598771,0.5436882243858613,0.8386033000004999,-0.8730036277740992,0.42457407063041785,-0.24000382107744986,-0.48653645188909556,-0.7239753081224586,0.48902149096440606],"GT_T":[-101.89625145637677,126.5184516972562,1067.0932781503218],"R_pred":[-0.1201026402621592,0.2549664639604651,0.9594620670237857,-0.966182431030265,0.1921162681823977,-0.17199665539805187,-0.22818165081904712,-0.9476726448279309,0.2232704469344936],"T_pred":[-70.4384938789991,114.39339120139032,780.9041176301625],"rotation_error":25.05623600089309,"translation_error":288.16808151330525,"ADD":0,"ADD_S":0}}
{"id_image":622,"data":{"Best_template_id":165,"GT_R":[0.03411218931281778,0.544376166174774,0.8381476887322,-0.8720578510469693,0.42588397388780763,-0.2411187275233928,-0.48821312049497617,-0.7226877380213086,0.48925455749266195],"GT_T":[-101.7079977134386,127.42635046512389,1066.9772110718768],"R_pred":[-0.04930899185606717,0.4382520924440551,0.8974985943111808,-0.8332519077694385,0.47739818495880876,-0.2788946596774958,-0.5506903681023751,-0.7615944304329191,0.3416343688987221],"T_pred":[-74.99261283657492,110.06536959110652,804.3992455007611],"rotation_error":9.47230165768936,"translation_error":264.503881728592,"ADD":0,"ADD_S":0}}
{"id_image":638,"data":{"Best_template_id":165,"GT_R":[0.04527257435876545,0.5579677035562554,0.8286270299204559,-0.8734248271397751,0.4246929051948586,-0.23825250112175717,-0.4848496545797984,-0.7129572915867294,0.5065695297906233],"GT_T":[-116.11043368450125,127.56296217347557,1065.4203374923127],"R_pred":[-0.1603045783571841,0.25440747036279693,0.9537186593442155,-0.8226112246367974,0.49958080054017806,-0.271532312687059,-0.5455393801177635,-0.8280675472177599,0.12919335116595232],"T_pred":[-81.59762171254721,112.70841622959952,848.399406752355],"rotation_error":23.026480317060877,"translation_error":220.24957685463932,"ADD":0,"ADD_S":0}}
{"id_image":641,"data":{"Best_template_id":165,"GT_R":[0.04903424083116658,0.5600200878822553,0.8270265966374436,-0.8738266914027529,0.4250992909846259,-0.2360462987466067,-0.48375880737030713,-0.7111033493563851,0.5102043355550914],"GT_T":[-118.81088131802571,126.91708446223417,1065.2775158841926],"R_pred":[-0.33614679874795717,0.09018124124014915,0.9374820923195739,-0.9261384369520552,0.1491781798840276,-0.3464295978211049,-0.17109332333993693,-0.9846893999504993,0.03337454619348512],"T_pred":[-71.83540544388154,124.51928625321273,800.465300404749],"rotation_error":38.56382900619958,"translation_error":268.9571605980862,"ADD":0,"ADD_S":0}}
{"id_image":649,"data":{"Best_template_id":173,"GT_R":[0.053432012612040815,0.5615945072834256,0.825685920393262,-0.8752712350445974,0.42436010870649843,-0.23198973781840382,-0.4806722308692375,-0.71030294812352,0.514221137683193],"GT_T":[-117.87083395916603,129.0778958870708,1066.1606214667565],"R_pred":[0.004049007026908996,0.47934329844036283,0.8776181446292055,-0.8199421294172539,0.5039764570673607,-0.2714822924769308,-0.572432100732301,-0.7184968566125698,0.3950743690611438],"T_pred":[-91.08375070824542,111.19489073983233,812.8233593671226],"rotation_error":8.654294847982321,"translation_error":255.3764242649006,"ADD":0,"ADD_S":0}}
{"id_image":654,"data":{"Best_template_id":165,"GT_R":[0.05479591253140766,0.5623313734933921,0.8250941554379049,-0.8789024055332639,0.4193079901808961,-0.22740395879709535,-0.47384517888394756,-0.7127160080058388,0.517210066741118],"GT_T":[-116.29676691235596,132.54698215188986,1066.1182025749379],"R_pred":[-0.1972563353726074,0.22661355971523328,0.953800939771271,-0.9517308464877612,0.18910687001841048,-0.24175811786893442,-0.23515597802109767,-0.9554500961667388,0.17837258683976825],"T_pred":[-79.58834473615345,130.44790090056156,853.7600592634655],"rotation_error":28.41812362668215,"translation_error":215.5177380900743,"ADD":0,"ADD_S":0}}
{"id_image":663,"data":{"Best_template_id":165,"GT_R":[0.06149738348860098,0.5548920861363307,0.8296463727111999,-0.8757639364666887,0.42874639811863136,-0.2218422600263646,-0.4788060196078811,-0.7129318465357911,0.5123209949931192],"GT_T":[-106.17100403993402,129.48452872450432,1066.4698205938425],"R_pred":[-0.19362480181461894,0.21254781445134047,0.9577749540963203,-0.9640421586329009,0.13990698282493036,-0.22593970995653173,-0.1820223956019329,-0.9670829657939299,0.17781559203441716],"T_pred":[-69.51920782793559,129.13291659915478,837.1593133775727],"rotation_error":30.52893541130169,"translation_error":232.2214170063465,"ADD":0,"ADD_S":0}}
{"id_image":793,"data":{"Best_template_id":165,"GT_R":[0.05681757488431819,0.5545772670758474,0.830189919253526,-0.8745059325925812,0.4288227440702196,-0.22660823629793675,-0.4816761359033168,-0.7131305932721146,0.5093454389813423],"GT_T":[-29.649961426058553,133.47823559138826,1060.5735832760458],"R_pred":[0.421783123842948,0.4743841680714852,0.7726957082347549,-0.5654033330616369,0.8038301402866305,-0.1848679975808896,-0.7088145507846718,-0.35891052736009443,0.6072603773884996],"T_pred":[-35.658333519041925,79.10230659899848,682.0532003239266],"rotation_error":30.89341634679023,"translation_error":382.45329453308693,"ADD":0,"ADD_S":0}}
{"id_image":920,"data":{"Best_template_id":165,"GT_R":[0.076853807925677,0.5414040621362969,0.8372424384912769,-0.862442903679638,0.45744814444055154,-0.2166422411792199,-0.5002863446174382,-0.7054234298403719,0.5020859172331786],"GT_T":[-40.27593133562016,116.32137364889464,963.5683149493315],"R_pred":[0.0075172087914403,0.46929751532696184,0.8830081164292466,-0.8908964264511343,0.4041788570384356,-0.20722695012884396,-0.45414430405828543,-0.7851110072028311,0.4211337762046304],"T_pred":[-42.369132600139494,110.21367162054798,822.744161452045],"rotation_error":7.122952582835159,"translation_error":140.9720813630421,"ADD":0,"ADD_S":0}}
{"id_image":1025,"data":{"Best_template_id":165,"GT_R":[0.09416920575148721,0.6440594894952342,0.7591569009204472,-0.869473462708256,0.42463038364424865,-0.252397654863383,-0.4849203624416882,-0.6362993765642548,0.5999798936593785],"GT_T":[-66.68851641827551,108.5093408754291,972.1312374967603],"R_pred":[-0.02356823794065422,0.5036752909866066,0.8635715021988221,-0.8058523882662402,0.5016422827223922,-0.3145742337043278,-0.5916472483549383,-0.703325117875528,0.3940651114719561],"T_pred":[-62.5943523266632,101.25433103151188,835.7625464793969],"rotation_error":13.868165857897035,"translation_error":136.62290158400793,"ADD":0,"ADD_S":0}}
{"id_image":1038,"data":{"Best_template_id":165,"GT_R":[0.08860003341318692,0.6474094836702537,0.7569746368195024,-0.8684165074675163,0.4224228300851029,-0.25963717988929724,-0.48785590257572314,-0.6343651720007895,0.5996472479412137],"GT_T":[-55.94665808165355,105.18392094562738,972.6375718022388],"R_pred":[-0.2774698251815052,-0.1866111586286942,0.9424366140961425,-0.9600165070922004,0.09176865438789839,-0.2644746116025614,-0.03713222622246204,-0.978138430666688,-0.20461282518129958],"T_pred":[35.4563672329715,27.991752483715743,92.01078335887729],"rotation_error":59.16795603085706,"translation_error":888.7163126850925,"ADD":0,"ADD_S":0}}
{"id_image":1040,"data":{"Best_template_id":165,"GT_R":[0.08603552575761213,0.6466692354728101,0.7579029878019121,-0.8686463792740563,0.42123181093959,-0.2608026415665378,-0.48790600154623587,-0.6359106346259381,0.59796679392959],"GT_T":[-52.919416333587755,105.48586862338314,973.0379530416094],"R_pred":[0.11302656263736484,0.6493858432143698,0.7520126480127473,-0.852625585115651,0.4519955502197122,-0.2621633730858939,-0.510151553702011,-0.611553799116923,0.604770487905191],"T_pred":[-53.03076594453006,91.83916102170117,758.7060117882684],"rotation_error":2.2595551760849193,"translation_error":214.76597977456134,"ADD":0,"ADD_S":0}}
{"id_image":1041,"data":{"Best_template_id":173,"GT_R":[0.08553645427180671,0.646869570977328,0.7577880604150706,-0.8683992264409716,0.4212605022198077,-0.2615780376645105,-0.48843329188587464,-0.6356882055712049,0.5977738143523962],"GT_T":[-51.50149862010464,105.97923078779478,973.0720207424218],"R_pred":[-0.4692977645324504,-0.10481546896145244,0.8767971975726402,-0.8816624900514731,0.11105742097379079,-0.45862566749244,-0.04930377106348538,-0.9882712009934524,-0.14453086675820637],"T_pred":[-13.954926161855683,128.7348841929841,914.8922643498969],"rotation_error":58.170549444784186,"translation_error":72.88654827300572,"ADD":0,"ADD_S":0}}
{"id_image":1042,"data":{"Best_template_id":173,"GT_R":[0.0855279323087776,0.6469818656706491,0.75769327928816,-0.8685776124990378,0.42098555956858724,-0.2614279956039376,-0.488117038893127,-0.6357557070896169,0.5979593436045669],"GT_T":[-50.86588879049704,106.13541035977042,973.0684186066437],"R_pred":[-0.5840025598689875,-0.1312726526011435,0.8010671012752485,-0.7012146268196269,0.5787361458566372,-0.41636825120705,-0.40894872196973686,-0.8048800930312944,-0.430033694774321],"T_pred":[-16.153608345902573,66.58891192430646,547.6170099947775],"rotation_error":63.64663087973316,"translation_error":428.6930942317493,"ADD":0,"ADD_S":0}}
{"id_image":1044,"data":{"Best_template_id":165,"GT_R":[0.08691544552270712,0.6473182780634458,0.7572484339024893,-0.8691645846858052,0.42072646228934596,-0.2598880937179256,-0.48682447363159537,-0.6355853034234332,0.5991934550733764],"GT_T":[-50.13773089102442,106.76327270940737,972.4807510096657],"R_pred":[0.007594378665757823,0.5676520728849062,0.8232335328217324,-0.8519694614647488,0.4346906011010269,-0.29187688850933985,-0.5235364000183242,-0.6991532060027308,0.48692343586230885],"T_pred":[-48.43138623788726,97.02502507666478,788.0112353596],"rotation_error":7.7461409488340145,"translation_error":184.73426125979373,"ADD":0,"ADD_S":0}}
{"id_image":1046,"data":{"Best_template_id":165,"GT_R":[0.08619455144039588,0.649264631640989,0.7556632379192362,-0.8698493761797027,0.4188380240608184,-0.26064547689331546,-0.48572847330963276,-0.6348470230920187,0.6008637298763281],"GT_T":[-49.339783369565986,108.70830114475483,971.593750962473],"R_pred":[0.09311883789841097,0.6382911068488927,0.764142228218062,-0.838125498666583,0.4645476507046141,-0.2859040550774243,-0.5374704926908459,-0.6138240327182041,0.578226189604224],"T_pred":[-50.733369061945076,96.52221234690673,776.4494882223822],"rotation_error":3.5337380866383796,"translation_error":195.52934849184308,"ADD":0,"ADD_S":0}}
{"id_image":1048,"data":{"Best_template_id":173,"GT_R":[0.08646838489877973,0.6503516663864145,0.7546956497881464,-0.8704469202731681,0.4178056426909594,-0.2603093595989559,-0.4846094581838076,-0.6344140742870336,0.6022232036019797],"GT_T":[-48.84320003180732,109.86223250619639,970.7879420724645],"R_pred":[-0.32136819531759747,0.27119411061644627,0.9072906025112711,-0.6318163280613902,0.6522646157761517,-0.41875887883292795,-0.7053584979521635,-0.7078168021270361,-0.038272235279950495],"T_pred":[-37.62420355080089,85.14617424432562,743.1599276415245],"rotation_error":39.97610908452148,"translation_error":229.24062112072818,"ADD":0,"ADD_S":0}}
{"id_image":1049,"data":{"Best_template_id":165,"GT_R":[0.08789894072695792,0.6505341424257782,0.7543737131155662,-0.8695817833614166,0.4195167606640967,-0.260447020609576,-0.4859018733130659,-0.6330964532370786,0.6025671943299947],"GT_T":[-48.37572853781315,110.08931240286684,970.5477569033571],"R_pred":[-0.5683558312656876,-0.5357799827302125,0.6244289064192196,-0.6889968276059997,0.7247451879843082,-0.005271057053182482,-0.4497277183087093,-0.4332253716014363,-0.7810638621685423],"T_pred":[58.253237932324986,242.98799879485733,2608.332624783907],"rotation_error":90.02120209314833,"translation_error":1646.6241437540373,"ADD":0,"ADD_S":0}}
{"id_image":1053,"data":{"Best_template_id":165,"GT_R":[0.08863156470496483,0.6529595849998266,0.7521892012119911,-0.8704428546992128,0.4178860211080914,-0.26019212938542124,-0.4842242664102647,-0.6316765049111924,0.6054015019570008],"GT_T":[-48.74864487845403,110.68281033244304,968.7819271648967],"R_pred":[-0.44484273577286654,-0.19982178620981883,0.8730327566512206,-0.8656162797658595,0.3460801953608702,-0.3618521170081716,-0.22983341061391593,-0.9166786526012809,-0.32692025209624964],"T_pred":[-12.538874969460675,105.7758970513881,823.2858445551768],"rotation_error":60.94024349134273,"translation_error":150.0144502692473,"ADD":0,"ADD_S":0}}
{"id_image":1055,"data":{"Best_template_id":165,"GT_R":[0.08650756701798368,0.653291999115583,0.7521479130651182,-0.8704964306332211,0.41673968406129747,-0.26184749762959075,-0.4845134964269441,-0.6320899141871902,0.6047388644647085],"GT_T":[-47.866885007330296,109.97474194437099,968.2871022999865],"R_pred":[0.08843754010655727,0.6409886553110606,0.7624384206363289,-0.8417910262805357,0.45730155967018205,-0.28681553583580804,-0.5325097835471791,-0.6164485601295031,0.5800211230126011],"T_pred":[-52.02349725942182,102.643926272312,836.2648555740782],"rotation_error":3.26988228134454,"translation_error":132.29093662979543,"ADD":0,"ADD_S":0}}
{"id_image":1064,"data":{"Best_template_id":165,"GT_R":[0.08931759078052583,0.6545034695737676,0.750764901693356,-0.8679932874784161,0.42083081053096816,-0.26360843579667653,-0.4884778935045289,-0.6281135110311252,0.6056914667598797],"GT_T":[-44.012295357580605,106.17330344705485,966.5247668528616],"R_pred":[-0.9885891379828528,-0.07622301385240372,0.12992908997440222,-0.11218080073036625,0.9481699174157877,-0.29730333946195686,-0.10053349794876283,-0.3084864014296156,-0.9459012400473911],"T_pred":[48.88576103415343,76.82974708916792,1035.1443064990115],"rotation_error":113.45098803694438,"translation_error":119.16263844989257,"ADD":0,"ADD_S":0}}
{"id_image":1068,"data":{"Best_template_id":165,"GT_R":[0.08894209189713354,0.6569286416841329,0.7486884345236376,-0.8674359446993858,0.42051815344933097,-0.2659298971441471,-0.48953443203696495,-0.625787362385814,0.6072451091886459],"GT_T":[-43.76813575603024,105.7627761951357,966.170118385493],"R_pred":[0.14402752770308413,0.7269233153459722,0.6714451316899673,-0.893502935208476,0.38716650237601635,-0.2274963828542339,-0.42533348802742454,-0.5671724544125379,0.7052707500797707],"T_pred":[-49.740865262860545,88.15902519724044,698.1350488398899],"rotation_error":7.5126121980498235,"translation_error":268.6789237236035,"ADD":0,"ADD_S":0}}
{"id_image":1088,"data":{"Best_template_id":173,"GT_R":[0.08192230424593912,0.668973176820143,0.7387583475324415,-0.8677924393171607,0.4124114317472832,-0.2772224206153097,-0.49012712032683864,-0.6183781742399375,0.6143154140328625],"GT_T":[-43.97379219952446,104.72087747360055,966.6819497510519],"R_pred":[-0.3505694323663221,-0.14353101747104707,0.9254728089544721,-0.9314074582827958,-0.04984890890936011,-0.36054851675707705,0.09788370520948125,-0.9883895655581723,-0.1162103564670165],"T_pred":[-36.22950222334273,69.51185003907891,309.8262925361176],"rotation_error":62.0157263712064,"translation_error":657.8442095628595,"ADD":0,"ADD_S":0}}
{"id_image":1100,"data":{"Best_template_id":165,"GT_R":[0.0855888777369222,0.6767176190158488,0.7312516094081111,-0.8682174996523493,0.4106919480837569,-0.27844379531162183,-0.4887470907695134,-0.6110535537124726,0.6226873926809608],"GT_T":[-47.29807024765534,100.57215187680596,966.2743016310346],"R_pred":[0.07894767042667436,0.6691089103744712,0.7389590864125626,-0.8838944768194481,0.3897622070322775,-0.2584878639654134,-0.4609748574296382,-0.6327548403819729,0.6221924885362317],"T_pred":[-49.440640391332835,91.34709701728029,757.067534501367],"rotation_error":2.019583855304426,"translation_error":209.42102009308616,"ADD":0,"ADD_S":0}}
{"id_image":1103,"data":{"Best_template_id":165,"GT_R":[0.08712238135401766,0.6785620586681632,0.7293578820845742,-0.8672824114349454,0.4118805294610572,-0.27959771753165225,-0.4901333246866057,-0.6082000416707556,0.6243892611196106],"GT_T":[-46.87433617781561,100.30788041533057,966.4589484600785],"R_pred":[1.0,0.0,0.0,0.0,1.0,0.0,0.0,0.0,1.0],"T_pred":[1.6e-322,1.6e-322,4.882876785e-315],"rotation_error":86.46282825085187,"translation_error":972.7804342831366,"ADD":0,"ADD_S":0}}
{"id_image":1115,"data":{"Best_template_id":165,"GT_R":[0.08566930392592498,0.6864979633453259,0.722068061881265,-0.8653758477953827,0.4104255278352422,-0.2875350971150594,-0.4937466934930723,-0.6002270439685116,0.6292388653913931],"GT_T":[-47.483340286309804,95.82579299022457,965.3667116806572],"R_pred":[0.07775144284988655,0.6749024365066494,0.7337993011254159,-0.8346511903804446,0.44661176902092664,-0.3223279667799633,-0.5452633341159733,-0.5874049956966543,0.5980328314560546],"T_pred":[-48.60903094610661,85.23348870069857,749.9646068140656],"rotation_error":3.530002544591282,"translation_error":215.66532143713226,"ADD":0,"ADD_S":0}}
{"id_image":1120,"data":{"Best_template_id":165,"GT_R":[0.08503666800013049,0.6899268545808233,0.7188673639204548,-0.8653422046358491,0.4087834143731713,-0.2899624950947158,-0.4939144863347761,-0.5974091833067566,0.6317839673618878],"GT_T":[-48.068229904835334,96.0944416974755,964.6287504757978],"R_pred":[-0.0021745288938802045,0.572254671488009,0.8200730835628253,-0.8092991476357414,0.4807001205878556,-0.33758300268657393,-0.5873926804618458,-0.6644185315198333,0.462079921564307],"T_pred":[-46.48034745493899,91.09465810446633,821.6980126439216],"rotation_error":11.784092486025466,"translation_error":143.02697306388097,"ADD":0,"ADD_S":0}}
{"id_image":1136,"data":{"Best_template_id":165,"GT_R":[0.08220156142872029,0.701605755762285,0.7078084198739784,-0.8669395190895948,0.4006566999670195,-0.2964633616695311,-0.49158863133352265,-0.5892565369819143,0.6411834148454845],"GT_T":[-49.0332842973706,95.90935005393789,963.6731842673003],"R_pred":[-0.05445465552478915,0.722179528257085,0.6895588585886278,-0.9164956951064779,0.23795010486828314,-0.32158263081899774,-0.39632099533455334,-0.6494893968030178,0.6489169377489558],"T_pred":[-47.837583010388414,95.54196862786951,750.6745549911526],"rotation_error":10.081046142384173,"translation_error":213.00230220398487,"ADD":0,"ADD_S":0}}
{"id_image":1147,"data":{"Best_template_id":165,"GT_R":[0.08461704455072806,0.7103286563477471,0.6987656815581645,-0.8668059875350302,0.3983344235059465,-0.29995965896105775,-0.4914126406381991,-0.5803128202780894,0.6494223847914733],"GT_T":[-52.94607300049439,91.64513622714709,960.44605161919],"R_pred":[0.26454981888560886,0.9609554252333143,-0.08110526519438695,-0.963959115233558,0.2659604952163019,0.0069165845932467745,0.028217325984714284,0.0763523784761139,0.9966815423269927],"T_pred":[-10.216775229918404,95.9538979319615,956.0519066518311],"rotation_error":53.95536042241418,"translation_error":43.17020761346406,"ADD":0,"ADD_S":0}}
{"id_image":1151,"data":{"Best_template_id":165,"GT_R":[0.08522805891885048,0.7125929808744101,0.6963817457996857,-0.8660025985396348,0.3986137942883885,-0.30190575479844406,-0.4927234386274281,-0.5773370126272162,0.65108041564427],"GT_T":[-53.57991848948438,90.7469487579841,958.9328027635186],"R_pred":[0.09052117040652387,0.6733411604832927,0.7337694456075734,-0.8351098085627559,0.45274276308579603,-0.31243495021478634,-0.5425841182254696,-0.5844960838811937,0.6032966124362362],"T_pred":[-52.93274017396403,85.39567600095104,786.3730174833336],"rotation_error":4.398617993576676,"translation_error":172.6439528504714,"ADD":0,"ADD_S":0}}
{"id_image":1161,"data":{"Best_template_id":165,"GT_R":[0.08706337722530355,0.7207930916585431,0.6876604486023095,-0.8673289646548628,0.39441442318889086,-0.30360691814308327,-0.49006048444862543,-0.5699946949941596,0.6595043156298961],"GT_T":[-57.02937104794626,92.10385131377635,955.132849924867],"R_pred":[-0.4568715397724866,0.313457012462697,0.8324740821694558,-0.8095191742021153,0.24139805915345014,-0.5351688365703602,-0.3687100524057388,-0.9184071419446322,0.14346155889313794],"T_pred":[-38.67058038728988,111.2440257133604,901.1289611067526],"rotation_error":40.65807531518905,"translation_error":60.16486913513192,"ADD":0,"ADD_S":0}}
{"id_image":1164,"data":{"Best_template_id":165,"GT_R":[0.08765695517475003,0.7223314520721861,0.6859697388307037,-0.8678794211118541,0.39339978000440556,-0.3033504772499583,-0.4889795263888522,-0.5687480871869346,0.661381089446806],"GT_T":[-56.115750236737796,94.15033776947686,955.3616170531857],"R_pred":[0.04721973111178372,0.706564805963332,0.7060711521990755,-0.8839937194886276,0.35869247039488217,-0.2998246413933959,-0.4651079454259974,-0.6100048251087984,0.6415362128871541],"T_pred":[-53.94432450181804,88.62275074192284,767.1532131818724],"rotation_error":3.2490260312612613,"translation_error":188.30207804444655,"ADD":0,"ADD_S":0}}
{"id_image":1176,"data":{"Best_template_id":165,"GT_R":[0.08262842868693986,0.7323047957774432,0.675946152295239,-0.8672249316312647,0.38701546647892304,-0.31327325354491664,-0.4910129167952957,-0.5603108279300703,0.6670507342672448],"GT_T":[-56.338234320469994,93.8243739141677,957.9678630990254],"R_pred":[-0.0045874435108511046,0.7721146555843721,0.6354666899168369,-0.9087707226389947,0.261948165549919,-0.3248367778427065,-0.41727057053695304,-0.5789836933773341,0.700473521103337],"T_pred":[-54.39769906801776,88.01746827953191,707.2032970163813],"rotation_error":7.6105766079444,"translation_error":250.8392980231215,"ADD":0,"ADD_S":0}}
{"id_image":1177,"data":{"Best_template_id":165,"GT_R":[0.08483327981114334,0.7318953615773627,0.67611575002777,-0.8666871526160832,0.388980356740818,-0.31232650859023664,-0.4915861049145513,-0.5594847261385557,0.6673221229560357],"GT_T":[-56.22292906128419,93.85555729008381,958.3346986334047],"R_pred":[-0.07007190134210158,0.5679562505504102,0.8200705006906555,-0.7416192622371603,0.5201502433853497,-0.4236090109817914,-0.6671512561039759,-0.637863168529804,0.38475937897861073],"T_pred":[-53.07562209512676,90.15957566203153,821.4482458587192],"rotation_error":19.679467768498917,"translation_error":136.97250371724365,"ADD":0,"ADD_S":0}}
{"id_image":1189,"data":{"Best_template_id":165,"GT_R":[0.08319636928491886,0.7448460643302559,0.662029253450456,-0.8694725453720642,0.3788604041079794,-0.3169885322418351,-0.4869242934089017,-0.5492433730498181,0.6791430406659407],"GT_T":[-58.930046399200506,93.14541736903051,957.79295334532],"R_pred":[0.19569210024620018,0.7008176366428891,0.6859732079837425,-0.7416238269983109,0.5634326322887356,-0.3640573692435932,-0.6416375153695509,-0.43749092452582616,0.6300023728748386],"T_pred":[-62.84560800778009,85.57188987081723,802.4328884683359],"rotation_error":13.259566011404615,"translation_error":155.59382924800548,"ADD":0,"ADD_S":0}}
{"id_image":1347,"data":{"Best_template_id":165,"GT_R":[0.12561571109978048,0.7950580090275471,0.5933828979501532,-0.8747003341468367,0.37097553328950705,-0.3118911450603931,-0.46810294195438185,-0.47985402560956825,0.7420372968273832],"GT_T":[-52.24180047354148,93.01691920901895,926.6709749137327],"R_pred":[-0.5513336278298174,0.4111376515803803,0.7259456331413406,-0.8342134213122666,-0.26028827586515674,-0.4861460491967679,-0.010917807769640242,-0.8736222552683244,0.48648222636946437],"T_pred":[-13.151000629546292,96.72945031765512,665.0540970731453],"rotation_error":51.00716383999177,"translation_error":264.54728176780185,"ADD":0,"ADD_S":0}}
{"id_image":1520,"data":{"Best_template_id":165,"GT_R":[0.0649362019457862,0.8695090239505818,0.4896296281686515,-0.8873708748975047,0.274758793701172,-0.37024397418231764,-0.45646064528497954,-0.41044031632836986,0.7894189388440407],"GT_T":[-20.309934649733428,89.18351460472738,923.7332686357128],"R_pred":[0.260480601975703,0.8568070474197205,0.4450073476767282,-0.9654637648644815,0.23375407859287045,0.11505976479595054,-0.005438265171604867,-0.4596093060775633,0.8881045608704103],"T_pred":[-79.41305354055491,113.3888015626519,705.4917688664638],"rotation_error":28.933347406416228,"translation_error":227.39486977693485,"ADD":0,"ADD_S":0}}
{"id_image":1543,"data":{"Best_template_id":141,"GT_R":[0.05935565897918069,0.8881317977805292,0.4557400629329261,-0.8926237141410164,0.2516020218364399,-0.37405814230804785,-0.4468781400266187,-0.3846011602965843,0.8077013068296154],"GT_T":[-41.27889568947975,105.6986373684494,916.3341451838761],"R_pred":[-0.1454215924247653,0.8889278591009968,0.4343498840459886,-0.9611902318659371,-0.02290426663414627,-0.2749340516113965,-0.23444807233618184,-0.45747421335422855,0.8577595499286372],"T_pred":[-25.55461328973846,91.90071448857547,592.0714470334168],"rotation_error":17.503968282375727,"translation_error":324.9368140802172,"ADD":0,"ADD_S":0}}
