{"id_image":1,"data":{"GT_R":[0.09011666153566564,0.9759231056268516,-0.19863056542785631,-0.8419550537262918,-0.03187717855179331,-0.5386057963299861,-0.531968971865268,0.2157754806752577,0.8188104842822965],"GT_T":[-46.421282767958616,102.82898252859334,903.874960166176],"R_pred":[-0.029670544914090546,0.9851859545847056,-0.16890320794325858,-0.8701622977018034,-0.10860994771750133,-0.48064691293622175,-0.491871156323299,0.13271214769501818,0.860494190236841],"T_pred":[-22.09422739013564,107.31655719943474,656.3167445262651],"rotation_error":7.6503029023173035,"translation_error":248.79110530844684,"ADD":0,"ADD_S":0}}
{"id_image":2,"data":{"GT_R":[0.09159533241487879,0.9759962421995845,-0.19759202395176365,-0.8410773851072533,-0.030402154705559063,-0.5400590975330827,-0.5331027489931816,0.2156570170148256,0.8181035720347567],"GT_T":[-45.878792288147494,102.73756162098105,904.2011049987775],"R_pred":[0.05123720445689274,0.9853332562640078,-0.16276708199021564,-0.9449734545982085,-0.004896822020595083,-0.32711036553253114,-0.3231097630591965,0.17057079244192316,0.930862871631243],"T_pred":[-23.452932013005622,110.2127031447176,626.7740268976545],"rotation_error":13.985070911900674,"translation_error":278.43236272676114,"ADD":0,"ADD_S":0}}
{"id_image":3,"data":{"GT_R":[0.09012967866702312,0.9762014959325702,-0.19725185784129046,-0.8415183901600556,-0.03128107953822845,-0.5393221828812177,-0.5326576304602956,0.21459952534648266,0.818672159458043],"GT_T":[-45.303725875441785,102.37906056753653,904.442913907115],"R_pred":[0.091959270335542,0.9812996668927684,-0.16909895432999203,-0.9333696216954736,0.02577836961500506,-0.3579896995110907,-0.3469360775350462,0.1907522985867646,0.9182858589178331],"T_pred":[-24.655567388433543,110.37652273349559,633.4777262702543],"rotation_error":12.20278715801661,"translation_error":271.86842177987444,"ADD":0,"ADD_S":0}}
{"id_image":4,"data":{"GT_R":[0.08869254162241702,0.9766094883880411,-0.1958773576194846,-0.8423354525761931,-0.03141502476620776,-0.538037686751323,-0.5316057231948854,0.21271410835282936,0.8198461800800622],"GT_T":[-44.74542322026765,102.35699505379081,904.6751172572399],"R_pred":[0.04761501976255478,0.9847019489310133,-0.1676152787322081,-0.946688435194221,-0.009037780199398767,-0.32202379601294195,-0.3186123295833496,0.17401261534880635,0.9317756130833966],"T_pred":[-22.319155784483034,110.57459012292608,625.4895513652401],"rotation_error":14.06960298544505,"translation_error":280.20536494196136,"ADD":0,"ADD_S":0}}
{"id_image":5,"data":{"GT_R":[0.08817439089194457,0.976739663048347,-0.19546223069439178,-0.8411740773235544,-0.0320894198088883,-0.539811141982467,-0.5335269422857427,0.21201480881917653,0.8187789586590658],"GT_T":[-43.897559796740694,101.75330047178608,905.1305202718107],"R_pred":[0.022981017418034204,0.9874185815983073,-0.1564494089244794,-0.946015888909357,-0.0291293021204082,-0.32280864562309575,-0.3233045170879483,0.15542209776079124,0.9334442461969348],"T_pred":[-21.571432027434287,109.22776449309337,619.5554354074435],"rotation_error":14.333808347604261,"translation_error":286.5439803745103,"ADD":0,"ADD_S":0}}
{"id_image":6,"data":{"GT_R":[0.08958421021816826,0.97668446755536,-0.19509763635754598,-0.8418269163703469,-0.030431445591832557,-0.5388889983750722,-0.5322610597060696,0.21251435444326514,0.8194729556146555],"GT_T":[-43.5147856274858,101.37538719477315,905.0146080688941],"R_pred":[0.04002610311211991,0.9845599118160202,-0.17041036093644146,-0.939757578710888,-0.020851998992856065,-0.3412050518287367,-0.33949021241430055,0.173801536767752,0.9244130145622467],"T_pred":[-22.319106860893253,109.88600543510677,627.2819070865024],"rotation_error":12.938697852134966,"translation_error":278.67030809934494,"ADD":0,"ADD_S":0}}
{"id_image":7,"data":{"GT_R":[0.08817438947006606,0.9767403690513116,-0.1954597210466726,-0.841629499946072,-0.031906697167909566,-0.5391125759401555,-0.5328087884845073,0.21204058660267988,0.8192398681719798],"GT_T":[-42.8568943509226,101.56577900624342,905.3094308236222],"R_pred":[0.07760248955348115,0.9759855454400399,-0.20354377589896905,-0.899331222393738,-0.019593986920060237,-0.43682883158550967,-0.4303268595415431,0.21695227762963074,0.8762137314539352],"T_pred":[-23.287405923622458,103.30898993288292,626.4966796554706],"rotation_error":6.7701134655077855,"translation_error":279.50412139285993,"ADD":0,"ADD_S":0}}
{"id_image":8,"data":{"GT_R":[0.08838852936565895,0.9768640999183268,-0.1947391327941751,-0.8408962883915364,-0.031618052573241094,-0.5402713167967544,-0.5339290347706441,0.2115098222419438,0.8186477937365633],"GT_T":[-41.735858215602654,101.26979922732919,905.700301743525],"R_pred":[0.014669957133894587,0.9894056055479067,-0.1444345528883928,-0.9441602096897307,-0.033845308876940705,-0.32774379247465324,-0.3291599775129623,0.14117734512805055,0.9336608947718984],"T_pred":[-19.10221679325751,108.92779509290462,621.9638321348356],"rotation_error":14.307366138482541,"translation_error":284.7407782715977,"ADD":0,"ADD_S":0}}
{"id_image":9,"data":{"GT_R":[0.08509246033063445,0.9776446386792997,-0.1922781443203718,-0.8410967366678801,-0.03297303676707775,-0.5398797109860318,-0.5341501417009459,0.20766472189497973,0.8194879488429074],"GT_T":[-40.870876980964695,101.25805280268365,905.9405079436451],"R_pred":[0.04400479384160837,0.9863025773388271,-0.15896793404251242,-0.9405568359607558,-0.012738774443397232,-0.33939735112869107,-0.3367735388156993,0.16445348752904965,0.9271130642985693],"T_pred":[-19.216191633126492,107.15741962573456,614.8940145384736],"rotation_error":13.205515579515916,"translation_error":291.91058434026223,"ADD":0,"ADD_S":0}}
{"id_image":10,"data":{"GT_R":[0.08517241205399881,0.9776630217603204,-0.19214912272745457,-0.840843019509802,-0.03293334311529137,-0.5402764535692414,-0.5345363726222474,0.20758413953699142,0.819256334591103],"GT_T":[-40.084419100042695,101.16217118137544,906.2870668647317],"R_pred":[0.07857193854043905,0.9786915484897587,-0.1897084694701735,-0.9023948815811851,-0.01105299772016987,-0.43076827754313196,-0.4236861198695048,0.20503825047077484,0.8822977885463658],"T_pred":[-21.062577913388438,106.9855468361243,649.7713790701551],"rotation_error":7.3173582813996925,"translation_error":257.285911450416,"ADD":0,"ADD_S":0}}
{"id_image":11,"data":{"GT_R":[0.084771606536205,0.9778025981763714,-0.1916160259744379,-0.8408260527452701,-0.032984308194937015,-0.5402997208321142,-0.5346261834445687,0.20691735193068603,0.8193662480064609],"GT_T":[-39.3016933868633,101.32486302436898,906.5090823104609],"R_pred":[0.10814594965409044,0.9604512433593161,-0.25658889824573217,-0.8697542131873927,-0.03359735573470543,-0.49234015307550866,-0.4814894206690262,0.27641386871352785,0.8317230975310388],"T_pred":[-25.276159093816997,107.34083399735742,660.3880704811876],"rotation_error":5.128029283452448,"translation_error":246.5937144024936,"ADD":0,"ADD_S":0}}
{"id_image":12,"data":{"GT_R":[0.08545525436351256,0.977896943820518,-0.19082890297172522,-0.8416556772904599,-0.03164855669430136,-0.5390866054064649,-0.5332102770609932,0.20667992456328177,0.8203475592363197],"GT_T":[-39.20258125838548,101.97911072820376,906.6516194341564],"R_pred":[0.05704342068475624,0.9804421002682326,-0.18835959274270805,-0.9440363981451629,-0.008422169450835331,-0.3297337502271326,-0.3248712470097801,0.19662745251708447,0.9250925995720387],"T_pred":[-19.59831317181033,110.52090398039279,626.4909693137113],"rotation_error":13.477046176475405,"translation_error":280.9755851227717,"ADD":0,"ADD_S":0}}
{"id_image":13,"data":{"GT_R":[0.08389758199453978,0.9778371921000537,-0.19182196810987506,-0.8415030690390877,-0.03357640672227005,-0.5392087291849077,-0.5336983547688653,0.2066570939220953,0.8200366004029556],"GT_T":[-38.94984449548383,102.47014282097537,907.0012129956186],"R_pred":[0.1550918876112841,0.9453238768489735,-0.28689592931304453,-0.8428261752638831,-0.024883230340366134,-0.5376103264799535,-0.515354775554882,0.3251823991347854,0.7928845203468927],"T_pred":[-28.561678127569987,111.50102819325562,691.8901438267494],"rotation_error":7.064263023277306,"translation_error":215.55102173283422,"ADD":0,"ADD_S":0}}
{"id_image":14,"data":{"GT_R":[0.08537065863104185,0.9777917777574143,-0.19140304568910885,-0.842271989457814,-0.03179795665097034,-0.5381143978324789,-0.5322496089270077,0.2071523761676526,0.8208528436710659],"GT_T":[-39.46906425058616,103.5224332675012,906.9497792008797],"R_pred":[0.0795530218113619,0.9713567223645801,-0.2239139000549556,-0.9111525342850407,-0.020251670115824454,-0.4115712928806711,-0.40431717251018207,0.23676145753618666,0.8834430577228571],"T_pred":[-23.38161412693449,110.57181043837339,647.2955434151152],"rotation_error":8.426627400365524,"translation_error":260.24761657211695,"ADD":0,"ADD_S":0}}
{"id_image":15,"data":{"GT_R":[0.08607471582240077,0.9774446800078993,-0.19285610992466024,-0.8423813577749221,-0.031956814567276615,-0.537933698607832,-0.5319626976288543,0.20876121811598078,0.8206308454743453],"GT_T":[-39.891944427093705,104.2128694238836,906.8916965149119],"R_pred":[0.01633701450239531,0.9852729047791676,-0.17020694775822165,-0.9350037510127817,-0.0452596078567353,-0.3517379045378574,-0.3542613266349812,0.16489048184985095,0.9204944548698526],"T_pred":[-19.554619148094005,111.19967110576945,626.9138483887554],"rotation_error":12.334820305762713,"translation_error":280.8024530494687,"ADD":0,"ADD_S":0}}
{"id_image":16,"data":{"GT_R":[0.08521646923555538,0.9770952278712149,-0.19499672038125299,-0.8421587687676808,-0.033951136543506524,-0.5381599832944037,-0.5324534169276111,0.2100782562735824,0.8199759181047014],"GT_T":[-39.735095905415456,104.65200790371465,907.1823062167955],"R_pred":[0.010393995732157345,0.9904642903460653,-0.13737705194822442,-0.9576791603814919,-0.02966053606734494,-0.28630556818056907,-0.2876501184142302,0.13453899861922183,0.9482387184811726],"T_pred":[-18.453441859768887,111.85151328272275,605.7417175938491],"rotation_error":16.663394782944955,"translation_error":302.27664505543487,"ADD":0,"ADD_S":0}}
{"id_image":17,"data":{"GT_R":[0.08481206803541581,0.9770755394245514,-0.19526964703981173,-0.8432190483760588,-0.034025876725933865,-0.536492931971592,-0.5308383001834732,0.2101561120421137,0.8210034524129316],"GT_T":[-40.014370750893434,105.71477104077188,907.1469519708518],"R_pred":[0.011583214890372916,0.9877811626737234,-0.1554162275946451,-0.9348392238023564,-0.04446430322829701,-0.35227624299550764,-0.3548823111588,0.1493696769942586,0.9229015358212486],"T_pred":[-19.29648510917596,113.9099601796519,636.42105913046],"rotation_error":12.481777005704581,"translation_error":271.6411253192576,"ADD":0,"ADD_S":0}}
{"id_image":18,"data":{"GT_R":[0.08368021785402663,0.9772639054188805,-0.19481376616167798,-0.8425153327965291,-0.035012596569949365,-0.5375326929476838,-0.5321324351047164,0.2091144616650517,0.8204311611923766],"GT_T":[-40.119256878953706,106.54829316775297,907.3931178377347],"R_pred":[0.15683393638905868,0.9510237869786176,-0.2663773132186028,-0.885300735334855,0.015821286263076786,-0.46474971212099386,-0.43777359949210914,0.30871255805656933,0.8444233725364851],"T_pred":[-27.71135770845412,110.18489553365777,655.2944746260187],"rotation_error":8.137229334840603,"translation_error":252.4300036599871,"ADD":0,"ADD_S":0}}
{"id_image":19,"data":{"GT_R":[0.08338961540831392,0.9773731557845392,-0.19439348464172954,-0.8437572810597752,-0.034540318038739366,-0.5356128558565095,-0.5302069059512295,0.20868566443746064,0.8217856026035297],"GT_T":[-39.70439677492455,106.92691680673381,907.4741374836574],"R_pred":[0.028006152839838865,0.9871856597228786,-0.15709910451882375,-0.9461850554773942,-0.024510424694300696,-0.32269657555131465,-0.322411997596789,0.15768231454037496,0.933373875511222],"T_pred":[-17.937489592974213,115.19229413721588,630.8824934196778],"rotation_error":13.99364466150025,"translation_error":277.5699052071353,"ADD":0,"ADD_S":0}}
{"id_image":20,"data":{"GT_R":[0.08096518825379109,0.9774169667916581,-0.19519404834567086,-0.8442702493371035,-0.03683547293655571,-0.5346500193431822,-0.5297666005521946,0.20808443860467768,0.8222226034733239],"GT_T":[-39.33808441695573,107.71384820681797,907.5924736077811],"R_pred":[0.07818234581421928,0.9829833855749993,-0.16622630503773578,-0.9461123104455514,0.02059828859007913,-0.32318293044426194,-0.3142594737257203,0.18253595314532522,0.9316231045776836],"T_pred":[-19.594387673570218,113.6534198965118,623.6431140515435],"rotation_error":13.971106666393734,"translation_error":284.6969105300395,"ADD":0,"ADD_S":0}}
{"id_image":21,"data":{"GT_R":[0.07957249124533189,0.9777369954274949,-0.1941618769671514,-0.8446087999047216,-0.037321402690927596,-0.5340811248853227,-0.5294371201628744,0.20648842574796508,0.8228364807322752],"GT_T":[-38.141468866947974,107.88213798287056,908.007729677864],"R_pred":[0.06594860288649732,0.9828703875659609,-0.1720946920252247,-0.9483606852925909,0.008112484753029895,-0.317090205119142,-0.31026245723368906,0.18411949608085976,0.9326506413412492],"T_pred":[-18.961864034690947,115.4616806094993,633.1480890164925],"rotation_error":14.140921922722077,"translation_error":275.63223463965295,"ADD":0,"ADD_S":0}}
{"id_image":22,"data":{"GT_R":[0.0806943756253824,0.9780370490488661,-0.19217515022683943,-0.8442543705222962,-0.03542123974220363,-0.5347713491360853,-0.5298332049920869,0.205397670524419,0.8228540068904588],"GT_T":[-37.406327906448034,107.63396602544078,908.3867830188382],"R_pred":[0.012164562766179748,0.9917848770283222,-0.12733727306104622,-0.9522757956567596,-0.02735260879599697,-0.3040109271035147,-0.30499644656781333,0.1249583630253251,0.9441200003659693],"T_pred":[-16.502311913564817,112.80429552514302,614.444149273547],"rotation_error":15.517287757316804,"translation_error":294.73035494309806,"ADD":0,"ADD_S":0}}
{"id_image":23,"data":{"GT_R":[0.08240289960157025,0.9780787086557421,-0.19123726175343814,-0.8440663981698214,-0.03353000425224133,-0.5351895621264061,-0.5298692194911065,0.20551773166374004,0.8228012667749712],"GT_T":[-37.52365334117055,107.47890724333186,908.5312641352555],"R_pred":[0.10184834418436875,0.9759666752612757,-0.19265503773936005,-0.8915894572463405,0.0036547929477486942,-0.45282986011932236,-0.44124273876640546,0.21788917198420163,0.8705338328967809],"T_pred":[-21.610282371839464,106.18480015411143,610.8111078741864],"rotation_error":5.886786882486433,"translation_error":298.14795242107783,"ADD":0,"ADD_S":0}}
{"id_image":24,"data":{"GT_R":[0.08237232074935508,0.977930380758623,-0.1920099434557983,-0.8442782802376652,-0.03389608418078441,-0.534832659922355,-0.5295369974743301,0.206165506348911,0.8228535310427311],"GT_T":[-37.66772953907806,108.30785820368698,908.6034361729356],"R_pred":[0.027609775799597936,0.9899714935754406,-0.1385429254357915,-0.9484492408264605,-0.01783108006659989,-0.31642706925825603,-0.31572414835740165,0.1401374128905977,0.9384453993985604],"T_pred":[-17.702830778087797,115.40057641745672,621.9047209194573],"rotation_error":14.547854893822153,"translation_error":287.4805335360841,"ADD":0,"ADD_S":0}}
{"id_image":25,"data":{"GT_R":[0.08315337773402114,0.9782912011715811,-0.1898214091972935,-0.8450686926015578,-0.03172857810976156,-0.5337154811471415,-0.5281518763253854,0.2047924499403792,0.8240855411001154],"GT_T":[-38.29510950928504,108.97766584913089,908.7404039064787],"R_pred":[0.013749860490942498,0.9887915678071879,-0.14866800856230994,-0.9498711324219165,-0.033526978020708614,-0.31083882244067434,-0.3123391956319056,0.14548944009172066,0.938763574971788],"T_pred":[-17.034763106862357,114.44679838589389,616.0909230597271],"rotation_error":14.677056536361821,"translation_error":293.47168923037356,"ADD":0,"ADD_S":0}}
{"id_image":26,"data":{"GT_R":[0.08231100397551992,0.9782423130021192,-0.1904370824617791,-0.8452302489212689,-0.032719795715347534,-0.5333995750394448,-0.5280255131706451,0.2048683667195934,0.8241470578302839],"GT_T":[-38.24533922477985,109.36225605578774,908.9025718576104],"R_pred":[0.036760591334886114,0.9882115406402846,-0.1486156447688628,-0.9514470218661836,-0.01086961042487753,-0.30762057172949525,-0.30560959328312914,0.15270822674160917,0.9398313540091933],"T_pred":[-17.49266607560441,115.15380272150861,614.8035771162005],"rotation_error":14.773349496881988,"translation_error":294.8871549652944,"ADD":0,"ADD_S":0}}
{"id_image":27,"data":{"GT_R":[0.08300816721408488,0.9777408889311316,-0.1926989551239965,-0.8452236920927467,-0.03336226072814166,-0.5333709647537346,-0.5279267186852604,0.2071480235689912,0.8236403642978665],"GT_T":[-37.884004684898635,110.22460110597946,909.1525644134135],"R_pred":[0.05861650457570002,0.9867833384169574,-0.15107199745158412,-0.951289933577309,0.009330802191595298,-0.3081564511817665,-0.30267402872695576,0.16177632445183632,0.9392639954672212],"T_pred":[-17.824452774836985,115.67579981595809,623.5626972297825],"rotation_error":14.781035570078753,"translation_error":286.3453743788646,"ADD":0,"ADD_S":0}}
{"id_image":28,"data":{"GT_R":[0.08082853093426844,0.9779884517774058,-0.19236650368035307,-0.8455214380997709,-0.03491919452735223,-0.5327991442210095,-0.5277886896611731,0.2057153482487851,0.8240878640960219],"GT_T":[-36.499360045227746,110.5393552956614,909.7885918644147],"R_pred":[0.056955638855669566,0.9836238246555399,-0.17099773908607893,-0.9315880589618125,-0.009232314836349738,-0.3633984765550419,-0.35902610434661353,0.17999704423342805,0.9158063771698277],"T_pred":[-17.838213583505507,116.25239640852203,640.2785496844093],"rotation_error":11.140588400426248,"translation_error":270.21572874629516,"ADD":0,"ADD_S":0}}
{"id_image":29,"data":{"GT_R":[0.08251868094468444,0.9782179227205329,-0.19047216086013277,-0.845557653869018,-0.032434572296354394,-0.532898001440945,-0.527468994276444,0.2050293663813171,0.8244639106979721],"GT_T":[-35.9656958255047,111.06115807786259,910.1999643925901],"R_pred":[-0.028329001007741453,0.9927882453658597,-0.1164859114454673,-0.9334103184611225,-0.06797236300126094,-0.35231368871835067,-0.35769071149836906,0.09874845685580444,0.9286043814113674],"T_pred":[-13.544475968531176,113.299722642162,613.4355951851738],"rotation_error":13.50059970411445,"translation_error":297.61856982093536,"ADD":0,"ADD_S":0}}
{"id_image":30,"data":{"GT_R":[0.08052334677003097,0.9786054235688723,-0.18933347241628518,-0.8460925537144561,-0.03330662643288541,-0.5319944303585427,-0.5269187010999133,0.20303117806365767,0.8253091038101397],"GT_T":[-36.16959582246563,111.8727349032503,910.350801623037],"R_pred":[0.037199024449230414,0.9877395295093426,-0.15161416300823582,-0.9466752570556093,-0.013757186724437157,-0.3218954760355057,-0.32003467040106987,0.15550357442223414,0.9345568190769287],"T_pred":[-16.949396158819987,118.17541575584717,627.2211003754873],"rotation_error":13.773312962107045,"translation_error":283.85131246757845,"ADD":0,"ADD_S":0}}
{"id_image":31,"data":{"GT_R":[0.08044626674329494,0.978307459809114,-0.1908995413321442,-0.8471430179993785,-0.033815768890959566,-0.5302880365847155,-0.525240542341506,0.20437905111728655,0.8260465682855297],"GT_T":[-36.72617703898105,113.08222431321158,910.4047959621527],"R_pred":[0.09489457609957662,0.9657947975410903,-0.24132017833046168,-0.8909370873116995,-0.02574930564784699,-0.45339616199434085,-0.4441014815100558,0.25802593338890956,0.8580189344177407],"T_pred":[-22.670471178458822,117.17468686690492,653.6444149658666],"rotation_error":5.913454820068568,"translation_error":257.17737918866203,"ADD":0,"ADD_S":0}}
{"id_image":32,"data":{"GT_R":[0.08256094744522854,0.9780387431208348,-0.19137541963895935,-0.8471154255106497,-0.03228051615005533,-0.5304270992289098,-0.5249560365234589,0.20590928211608106,0.825846652738672],"GT_T":[-37.378995855248384,114.10426319498802,910.4402511581543],"R_pred":[0.021468456343600402,0.9895182756736848,-0.14280296737113093,-0.9577004886095025,-0.020644117202950917,-0.28702542490523536,-0.286964944722074,0.14292446443030038,0.9472189387717965],"T_pred":[-18.069257571331168,119.34887691316723,612.6777565350668],"rotation_error":15.90706817726894,"translation_error":298.43403822253674,"ADD":0,"ADD_S":0}}
{"id_image":33,"data":{"GT_R":[0.08242213994602755,0.9780026109449198,-0.1916190334174269,-0.8472315144042545,-0.03248624460430885,-0.5302301643534686,-0.5247916417143736,0.2060484918233975,0.8259166827900122],"GT_T":[-38.11665169479064,115.47523488310827,910.330326959881],"R_pred":[0.046858986467193636,0.9805410984784246,-0.1906394229481197,-0.9463975314311432,-0.017480011525056183,-0.3225308693724096,-0.319587152257887,0.19553414891473198,0.9271625794432636],"T_pred":[-20.97685604419821,120.39817654461574,625.7209586940742],"rotation_error":13.278456365633769,"translation_error":285.1674954376959,"ADD":0,"ADD_S":0}}
{"id_image":34,"data":{"GT_R":[0.0806039229090604,0.9781068849904319,-0.19186025994329278,-0.8475407784201769,-0.034047092719192776,-0.5296372864497786,-0.5245738812193467,0.20530054995379823,0.8262411714801847],"GT_T":[-38.97238513232445,117.09843726783146,910.4727495463544],"R_pred":[-0.09361631621041724,0.9862325284987217,-0.13631355424244967,-0.8911698987556798,-0.14405227852991756,-0.4301919950465496,-0.4439056170978046,0.08120554649380263,0.892386386229452],"T_pred":[-15.472541777850916,117.46640891455422,634.152335938403],"rotation_error":11.740216924464832,"translation_error":277.318136834371,"ADD":0,"ADD_S":0}}
{"id_image":35,"data":{"GT_R":[0.07863103646957119,0.9779200876841876,-0.19362075739244486,-0.8478542308717649,-0.036558123070041366,-0.5289675051767985,-0.5243664335509937,0.2057548774451102,0.8262594062696546],"GT_T":[-39.50613374633485,118.69112057930005,910.6044672221628],"R_pred":[0.006660379729133033,0.9921994870208012,-0.1244821967090986,-0.949827601032646,-0.03265054024810461,-0.3110650583689455,-0.3127030023175862,0.12030843768067917,0.9422009935063759],"T_pred":[-17.57404987037611,120.95342997361591,617.1063124934005],"rotation_error":14.850291185208897,"translation_error":294.32516232243245,"ADD":0,"ADD_S":0}}
{"id_image":36,"data":{"GT_R":[0.07813974319940237,0.9776351490912473,-0.19525226578748028,-0.8476097455192602,-0.03795600990008696,-0.5292610880600281,-0.5248351179609153,0.20685358994236283,0.8256876092377415],"GT_T":[-39.79871295635238,119.81610229488798,910.6464800792728],"R_pred":[0.02921665436617768,0.9836202805010565,-0.17786942090947028,-0.9473019573568466,-0.02954313471931235,-0.3189768091552171,-0.31900687875896117,0.17781548576538425,0.9309222654585536],"T_pred":[-22.171473839381044,122.88727593663023,623.960087518737],"rotation_error":13.54425497260048,"translation_error":287.2442155132079,"ADD":0,"ADD_S":0}}
{"id_image":37,"data":{"GT_R":[0.07600223079321533,0.9778086747084836,-0.19522737941157714,-0.8478286064675226,-0.03967697016067418,-0.5287841508920583,-0.5247953605538261,0.20570791735143687,0.8259989036751271],"GT_T":[-40.94911032983526,120.67780260542409,910.7862567561049],"R_pred":[0.0021597556788321565,0.9902443941791572,-0.1393247115631736,-0.9479090497427232,-0.042352544778440075,-0.315712995245108,-0.3185337797962017,0.13274901787788862,0.9385701515503254],"T_pred":[-19.759187003225307,126.02478329546564,640.0254130074821],"rotation_error":14.343823927601267,"translation_error":271.6413767461676,"ADD":0,"ADD_S":0}}
{"id_image":38,"data":{"GT_R":[0.07568860007383137,0.9774712117469173,-0.1970317962568242,-0.8482609666502461,-0.04074923204516863,-0.5280089732091914,-0.5241416724489323,0.2070992588905106,0.8260666337233298],"GT_T":[-41.526153635615294,121.14973131816858,910.7871608565189],"R_pred":[0.02490544947963494,0.9675648608427849,-0.25139204173660623,-0.8398426053888253,-0.11615325826141003,-0.5302573137345377,-0.5422583487231221,0.22433604404451024,0.809709344507356],"T_pred":[-27.010949590542456,121.34040949717168,680.7913414636222],"rotation_error":4.491671490532175,"translation_error":230.45347566232974,"ADD":0,"ADD_S":0}}
{"id_image":39,"data":{"GT_R":[0.07439684325139066,0.9775982440046027,-0.19689478494418705,-0.8484466659282315,-0.041700961562149155,-0.5276355792482528,-0.5240258493725165,0.20630932896224394,0.8263371630449883],"GT_T":[-42.478583171966,121.86288501762748,910.7271212551099],"R_pred":[0.01342745259854397,0.9730971813113083,-0.2300034331063356,-0.880232285625121,-0.0976191275950391,-0.4643938299232223,-0.4743530614003551,0.20869207376316481,0.855240779832522],"T_pred":[-24.659851039222502,117.58668497162309,641.2246442760547],"rotation_error":5.170829026924297,"translation_error":270.12474562597566,"ADD":0,"ADD_S":0}}
{"id_image":40,"data":{"GT_R":[0.07366627002779523,0.9774733004553665,-0.19778800274718158,-0.8486068411482061,-0.04274211154218211,-0.5272956389179458,-0.5238707778242014,0.20668764095388498,0.8263414141167479],"GT_T":[-43.010161785904714,122.0496325476384,910.680168727106],"R_pred":[0.002484804901030979,0.9921581780800843,-0.12496389643977854,-0.9634475611345426,-0.031100997545453164,-0.26608555935183653,-0.26788546561638205,0.1210573319567452,0.9558150970198203],"T_pred":[-20.99853674545325,122.62987388141522,604.0717063832623],"rotation_error":17.33875962151197,"translation_error":307.3981091317627,"ADD":0,"ADD_S":0}}
{"id_image":41,"data":{"GT_R":[0.0734344187870741,0.9773328860645928,-0.19856371142607795,-0.848442861282415,-0.04342197754762063,-0.5275025981362194,-0.5241680294820609,0.20720659117474594,0.8260227995479251],"GT_T":[-43.73833613716933,122.71818437927281,910.7243255672262],"R_pred":[0.060754951670916574,0.9751442772086046,-0.21307856409027326,-0.9444507736655591,-0.012915762054987267,-0.32839902437897994,-0.32298850129685963,0.2211940815615261,0.9201910705457652],"T_pred":[-26.62135495061469,125.36865548654907,639.0353092630319],"rotation_error":12.819427845616454,"translation_error":272.24058775717504,"ADD":0,"ADD_S":0}}
{"id_image":42,"data":{"GT_R":[0.07305800423123919,0.9773118342289757,-0.19880922363469927,-0.8487607885756207,-0.04374902874749539,-0.5269638983776066,-0.5237053584594948,0.20724035735376764,0.826307665765367],"GT_T":[-43.59444546794634,122.53088288956683,910.7828422662429],"R_pred":[0.02985673475195584,0.969933571213392,-0.2415314530722399,-0.8903110727202129,-0.08403770756599627,-0.4475308453043611,-0.45437294063548206,0.2283999368219885,0.8610335067103816],"T_pred":[-27.420177794698883,120.55807601518698,650.5155001142822],"rotation_error":5.712538560517585,"translation_error":260.77689370911537,"ADD":0,"ADD_S":0}}
{"id_image":43,"data":{"GT_R":[0.07284103912909518,0.9775781693511503,-0.19757306547518955,-0.8480947574641496,-0.04352867727792267,-0.5280528122220308,-0.5248134585589224,0.20602460062481082,0.8259091958891812],"GT_T":[-43.632464398104084,122.24674182424125,911.1458105007175],"R_pred":[0.10819023271787531,0.9617759177485348,-0.25155905386889926,-0.903464813411661,-0.010455370136527635,-0.42853473157066374,-0.41478452776289115,0.2736380260020013,0.8677995311442865],"T_pred":[-29.233806993275973,120.16952873071999,650.3487441397303],"rotation_error":7.789528681671723,"translation_error":261.2024999340448,"ADD":0,"ADD_S":0}}
{"id_image":44,"data":{"GT_R":[0.07419377344143979,0.9776733209123681,-0.19659779710109973,-0.8481242905480749,-0.04184046998140394,-0.5281429455762788,-0.5245761001871344,0.2059241203784714,0.826084225149667],"GT_T":[-43.86954853617646,121.65477228622088,911.4102862893333],"R_pred":[0.01943318118146388,0.9843895183389474,-0.17492749256072812,-0.9490411935618107,-0.03688279093341581,-0.3129863777478752,-0.3145523237745066,0.1720957173127128,0.9335094534554432],"T_pred":[-23.435460851646074,124.5544602361059,627.8660709687251],"rotation_error":13.880555498469018,"translation_error":284.29435831807353,"ADD":0,"ADD_S":0}}
{"id_image":45,"data":{"GT_R":[0.07466710758404524,0.9775648946947048,-0.19695871224731737,-0.8480346914005237,-0.04166827711489277,-0.5283010628360132,-0.5246547148097176,0.20647426688917248,0.8258977870407459],"GT_T":[-44.538580239594005,121.98805732464022,911.5278078780881],"R_pred":[0.03843568509658042,0.9746178946024093,-0.22055080510377603,-0.9127585166721097,-0.05558530417772553,-0.4047000916753048,-0.4066873348823232,0.21686455099955132,0.887454324552017],"T_pred":[-26.322380439328175,120.9760364984131,638.8667178991043],"rotation_error":8.043143469573375,"translation_error":273.2707889801678,"ADD":0,"ADD_S":0}}
{"id_image":46,"data":{"GT_R":[0.0722041678989189,0.9779258287800914,-0.19608110372460205,-0.8489514997880816,-0.04293051399468204,-0.526724643145335,-0.523515040040558,0.2044945673695868,0.8271115721471667],"GT_T":[-45.178523390809,122.53412566714339,911.5693659135152],"R_pred":[0.016806947402658937,0.9856256967852424,-0.1681056583093204,-0.9407881528179598,-0.04134409124941172,-0.3364644374018325,-0.3385781712343186,0.16380675186135052,0.9265701106814629],"T_pred":[-24.226957373398452,126.94029784513569,649.0638996657992],"rotation_error":12.465479914461806,"translation_error":263.37711039833124,"ADD":0,"ADD_S":0}}
{"id_image":47,"data":{"GT_R":[0.07376509477236791,0.9780194606407095,-0.19503014571257715,-0.848405408349021,-0.04124852093100471,-0.5277381485956816,-0.5241824946214001,0.20439248551834863,0.8267142002616648],"GT_T":[-45.902853944755314,123.01865526162041,911.5862226053299],"R_pred":[-0.00626344195551734,0.9888343514648879,-0.14888718768881587,-0.942354591419061,-0.055649959463907266,-0.32995591530245394,-0.33455730947968326,0.1382378651986506,0.9321811515467555],"T_pred":[-22.975508179743628,127.26598201118983,647.7153142372221],"rotation_error":13.360540830580359,"translation_error":264.89914920844194,"ADD":0,"ADD_S":0}}
{"id_image":48,"data":{"GT_R":[0.07505643348269346,0.9777084077438165,-0.19609400562282514,-0.8479858712030964,-0.040889188944466484,-0.5284404391661235,-0.5246786491578135,0.20594747856598242,0.8260133700411327],"GT_T":[-46.07706146133398,122.9420678417712,911.760962894121],"R_pred":[0.03227795799422263,0.9803184082645486,-0.1947664032768087,-0.8994786816406317,-0.056470443141616006,-0.4333003465558506,-0.43577085113824887,0.18917427803232345,0.8799527588621986],"T_pred":[-26.422208518712296,124.88133132209724,666.9034696643101],"rotation_error":6.393585920437125,"translation_error":245.6527345213749,"ADD":0,"ADD_S":0}}
{"id_image":49,"data":{"GT_R":[0.07417781744186024,0.9775130771523646,-0.1973984459738511,-0.847781182305063,-0.04242160998414113,-0.5286465296881263,-0.5251335651002166,0.20656447069539655,0.8255709775787015],"GT_T":[-46.28311080249968,122.82559218424689,911.9114716682501],"R_pred":[0.1318949744223838,0.9437445427356821,-0.30323250778690725,-0.8491711265755277,-0.050241108169254256,-0.5257225778301463,-0.5113825510442918,0.3268364562079074,0.7947740668774294],"T_pred":[-35.92486588210662,130.1998268763313,716.5673421555821],"rotation_error":7.177586020272567,"translation_error":195.75750690634268,"ADD":0,"ADD_S":0}}
{"id_image":50,"data":{"GT_R":[0.07431184404983009,0.9775028786284072,-0.19739601064286347,-0.8486254923967034,-0.0419736285160716,-0.5273259370809215,-0.5237489071890727,0.20670194430804056,0.8264153457084905],"GT_T":[-47.068994343807105,123.39548648332466,911.9530223960827],"R_pred":[0.04700494335102859,0.9836476947646243,-0.17386128920725064,-0.9406118312609398,-0.014997337491620681,-0.33915256561038093,-0.3362140957671286,0.17947783276049184,0.9245257104889454],"T_pred":[-25.990386709067703,122.73805516969531,628.4656794780609],"rotation_error":12.276729007662567,"translation_error":284.2706694516188,"ADD":0,"ADD_S":0}}
{"id_image":51,"data":{"GT_R":[0.07368231101176136,0.9773680761428347,-0.1982980017215678,-0.84862003733142,-0.042997935863414445,-0.5272524180191779,-0.5238457729938195,0.2071290139444785,0.8262470779129395],"GT_T":[-47.37832201726097,123.78407541762179,911.9309345773949],"R_pred":[0.07274548663311553,0.9723619641933678,-0.2218564958808436,-0.9207712815973406,-0.0200039069831902,-0.38958964397298673,-0.3832601481501852,0.23261997828093667,0.893867777998779],"T_pred":[-29.814768380616954,125.87212122632691,655.3497826598344],"rotation_error":9.09165551763542,"translation_error":257.1900578774163,"ADD":0,"ADD_S":0}}
{"id_image":52,"data":{"GT_R":[0.07446323509158512,0.976829056730721,-0.2006517509530335,-0.8485562075734686,-0.04362897424405523,-0.5273045641850704,-0.5238400062133909,0.209528523875513,0.8256449894178473],"GT_T":[-47.624303298185275,123.99617328594097,912.0729693712958],"R_pred":[-0.06634015805609021,0.9753330361934338,-0.21053373111877058,-0.8576963176502057,-0.16355846817201075,-0.4874481040875044,-0.5098588139067227,0.14823662165242155,0.8473900482556461],"T_pred":[-26.45475961420331,116.84857978412602,643.9116492755178],"rotation_error":8.150466530158477,"translation_error":269.09056332053996,"ADD":0,"ADD_S":0}}
{"id_image":53,"data":{"GT_R":[0.07428135165973541,0.9772010443109866,-0.19889886012898508,-0.848951774463589,-0.04268021105048634,-0.5267438637976237,-0.5232237920787465,0.20798281245047628,0.8264264206292204],"GT_T":[-48.17425469414695,123.67876324898423,912.2666769652963],"R_pred":[0.006773932795519688,0.9923685900745353,-0.1231206532957026,-0.9606815887061754,-0.027717917693891668,-0.27626545596526036,-0.2775698091570125,0.12015114844309006,0.9531624743832218],"T_pred":[-23.989859296858143,123.44009836130436,613.9472867333417],"rotation_error":16.769048324893355,"translation_error":299.29817996443984,"ADD":0,"ADD_S":0}}
{"id_image":54,"data":{"GT_R":[0.07592865069438119,0.9770671354315086,-0.19893619978656557,-0.8485675276119875,-0.041450842411895276,-0.5274606383213734,-0.5236106726735884,0.2088605508324455,0.8259604086280139],"GT_T":[-48.486950377149654,123.34997886237973,912.4864449016776],"R_pred":[0.0011288773893182447,0.9915885198908535,-0.1294253949443709,-0.957575572571027,-0.03622597185051595,-0.28589631298559226,-0.2881800625496323,0.12425733855250612,0.9494800500088131],"T_pred":[-23.115854585732855,122.8423445679312,612.0244082210265],"rotation_error":16.195684536290198,"translation_error":301.53173246031514,"ADD":0,"ADD_S":0}}
{"id_image":55,"data":{"GT_R":[0.07496097379316762,0.9771484767538399,-0.19890277831098915,-0.8480942335245424,-0.042444483005183185,-0.5281422756902043,-0.5245154003133022,0.20827800185131207,0.8255327780948347],"GT_T":[-48.6247142445352,122.82015253472125,912.714973283968],"R_pred":[0.02836588404161939,0.9858201215088555,-0.16539064257328118,-0.9356024295503641,-0.03206621793896769,-0.3515961482817274,-0.3519140100109588,0.16471322258809734,0.9214261141636101],"T_pred":[-26.646128019040603,125.25129336923037,649.6566970465497],"rotation_error":11.70554085350324,"translation_error":263.98603257602593,"ADD":0,"ADD_S":0}}
{"id_image":56,"data":{"GT_R":[0.07461610361610221,0.9775045284584958,-0.19727668982709598,-0.8471369686405913,-0.04223632455369792,-0.5296938292073136,-0.5261098671264999,0.20664340217436827,0.8249283477665046],"GT_T":[-48.71032768305748,121.81020454958062,912.9949227598129],"R_pred":[0.007778070020521111,0.9891148120210901,-0.14694009074190678,-0.9471125710459461,-0.03985533490637418,-0.31841691231189106,-0.32080723089340374,0.14164547617197193,0.9364930750873293],"T_pred":[-24.168198587415745,121.37893937711242,621.6790231809075],"rotation_error":14.104829048959925,"translation_error":292.3481750202368,"ADD":0,"ADD_S":0}}
{"id_image":57,"data":{"GT_R":[0.07385623462633134,0.9776840194541014,-0.19667026153355924,-0.8464663923999092,-0.042815471024468844,-0.5307182356944546,-0.5272952553469882,0.20567219536328096,0.8244147937870248],"GT_T":[-48.695807889215985,120.73800420038603,913.0499501630911],"R_pred":[0.05410534305860925,0.979960789098874,-0.1917014962936454,-0.9154263502027844,-0.028001796680354817,-0.4015102697778492,-0.39883230712533724,0.19721245196838977,0.8955668816909746],"T_pred":[-28.287117114054176,119.43021585840494,642.2960180321234],"rotation_error":8.479481981490538,"translation_error":271.5251677725,"ADD":0,"ADD_S":0}}
{"id_image":58,"data":{"GT_R":[0.07473932651560204,0.9774109875872374,-0.19769214519825337,-0.845842848938106,-0.04286533046813361,-0.5317068617676063,-0.5281702100280619,0.20695661550616312,0.8235331886671451],"GT_T":[-49.02846459444446,120.20292521317157,912.966352112639],"R_pred":[0.14439444797812875,0.9629539045675641,-0.2277499090475642,-0.9064447642413243,0.0364081149429952,-0.42075211056605244,-0.3968729428577632,0.2671969813534202,0.8781216546601264],"T_pred":[-32.680798319170805,117.25397003712672,642.7736712890762],"rotation_error":9.255658505148542,"translation_error":270.70283947513684,"ADD":0,"ADD_S":0}}
{"id_image":59,"data":{"GT_R":[0.07458621499644578,0.9771525511323814,-0.19902157970100534,-0.8455698932045423,-0.043825633234240796,-0.5320633330532426,-0.528629222763751,0.2079713750307231,0.8229825885111011],"GT_T":[-49.226624481120034,119.93160143294827,912.8745543893258],"R_pred":[0.04189654793211689,0.9799301282283978,-0.1948887453437149,-0.9040686370579792,-0.0458551231678545,-0.4249202362413306,-0.42532878900857285,0.19399549342584335,0.8840029240737634],"T_pred":[-29.434723978573224,118.02111493883307,641.967570652903],"rotation_error":7.0901661183843405,"translation_error":271.6357176832851,"ADD":0,"ADD_S":0}}
{"id_image":60,"data":{"GT_R":[0.07547011240173937,0.9768084155294083,-0.20037258189630325,-0.8455946246149234,-0.043802747064513176,-0.5320267523409976,-0.5284645117166266,0.2095858481637507,0.8226780332229378],"GT_T":[-50.47156713323658,119.52230701497304,912.694415995888],"R_pred":[0.09669630658639666,0.967386494299141,-0.23412217951353423,-0.8836383158234444,-0.024819785775284986,-0.46751182342564945,-0.45807548624790684,0.25208599501298545,0.8524197909581034],"T_pred":[-33.145483933452454,117.09055404002173,651.074426614895],"rotation_error":5.011709836984811,"translation_error":262.2043581355732,"ADD":0,"ADD_S":0}}
{"id_image":61,"data":{"GT_R":[0.07502733719039544,0.9765918193549303,-0.2015926052372227,-0.8454008579209152,-0.04491884772939807,-0.5322403980825929,-0.5288368464117323,0.21035936561179178,0.8222415259070376],"GT_T":[-50.951992659221176,119.05341286261883,912.4971863942156],"R_pred":[0.048463462548255176,0.9645066378336474,-0.25957318500312676,-0.8428927849230577,-0.09993898456658079,-0.5287191622103862,-0.5358946220316881,0.24441592611496138,0.8081322968047251],"T_pred":[-34.200909247677856,119.411689925807,679.5242817014604],"rotation_error":3.772436804484965,"translation_error":233.5746165123559,"ADD":0,"ADD_S":0}}
{"id_image":62,"data":{"GT_R":[0.07706996058443628,0.9765457671925042,-0.2010462210497365,-0.8455942196839032,-0.042812680475722925,-0.532108065114737,-0.5282340420943388,0.21101339059745935,0.8224611452723275],"GT_T":[-51.58683904082876,119.04730970133802,912.1250071374341],"R_pred":[-0.005395819340909033,0.9917945044267086,-0.12772840765710583,-0.960347895591494,-0.04074510847960461,-0.27581108673868443,-0.27875222791330145,0.12117548070449229,0.9526876184297801],"T_pred":[-26.75171418964136,119.87637581328308,606.0642765261757],"rotation_error":17.183094860647962,"translation_error":307.0678127047661,"ADD":0,"ADD_S":0}}
{"id_image":63,"data":{"GT_R":[0.0777541927982175,0.9762223595401464,-0.20234700169971143,-0.8454445894607854,-0.0430008947382223,-0.5323295772622928,-0.5283732185369582,0.21246394015592104,0.8219983772634769],"GT_T":[-52.90028934498186,118.58151781531345,911.8333101911574],"R_pred":[0.030826333573226658,0.9856267124086758,-0.16610153805698874,-0.9442860349708612,-0.025762004407004168,-0.3281161429858991,-0.32767914385484104,0.1669619804488394,0.9299193920803884],"T_pred":[-30.497397432000298,122.11506373483155,639.9328090252862],"rotation_error":13.429160326389445,"translation_error":272.8447508146014,"ADD":0,"ADD_S":0}}
