{"id_image":30,"data":{"Best_template_id":55,"GT_R":[0.402749954001475,0.9153100373468244,-0.0009244913704221569,0.4503860469190852,-0.19905567784273295,-0.8703614125503812,-0.7968341026981659,0.3501213203273695,-0.49241201827483366],"GT_T":[142.71936906284384,27.333541847826517,898.0565477812728],"R_pred":[0.5530998660103045,0.8301821000880756,0.06984424752787555,0.2778024425162937,-0.1047450682118724,-0.9549106102757846,-0.7854338553636226,0.5475638331543112,-0.28856109833100063],"T_pred":[80.00837613680983,42.317624956231626,607.7139938531885],"rotation_error":16.32949305766166,"translation_error":297.415517419403,"ADD":0,"ADD_S":0}}
{"id_image":77,"data":{"Best_template_id":55,"GT_R":[0.3589215755853673,0.9333472981667048,-0.0061957225761201905,0.4617013884157748,-0.18331063086247393,-0.8678879198377876,-0.811176028017549,0.3086435086358844,-0.4967219385181766],"GT_T":[130.5533929986968,23.780036944191963,888.1616666867371],"R_pred":[0.4118256012404936,0.9108759876253714,0.02654447834127055,0.2764442739299455,-0.09712342783676026,-0.9561096188076881,-0.8683192025829274,0.4010884876591971,-0.2918043651027294],"T_pred":[88.98624960314696,36.08336168018423,716.1356252545415],"rotation_error":13.326413291439541,"translation_error":177.40394060013705,"ADD":0,"ADD_S":0}}
{"id_image":86,"data":{"Best_template_id":55,"GT_R":[0.3460684341805827,0.9382076660772187,-0.0016514367824747335,0.4662831140170284,-0.17352086427859134,-0.8674499097941748,-0.8141353597213922,0.2994270203995306,-0.4975203041962228],"GT_T":[128.37575598758733,26.069388314906373,884.491887333694],"R_pred":[0.411369400160162,0.9072677484359797,0.08740966342330891,0.36258245281090246,-0.07490322256804427,-0.9289367428208186,-0.8362470816245029,0.4138293608443336,-0.35977225932202184],"T_pred":[77.9204709542639,36.10654239427359,656.5353242346049],"rotation_error":10.732195336235709,"translation_error":233.68926999277446,"ADD":0,"ADD_S":0}}
{"id_image":116,"data":{"Best_template_id":55,"GT_R":[0.311589281875279,0.9500883865157471,0.01563199902858712,0.47361477722862305,-0.1410220514086314,-0.8693681340051619,-0.8237722379409833,0.278289861700258,-0.49391761566432235],"GT_T":[106.80047744626599,31.362583248760103,886.9547754286037],"R_pred":[-0.7566641258592961,0.652132545028346,0.046717709195117585,-0.1071055064302982,-0.05314921920244897,-0.9928260527355629,-0.644971170774242,-0.7562395812260966,0.11006309398286507],"T_pred":[83.29859618254726,53.48632073436824,533.3477056166994],"rotation_error":76.38071061686817,"translation_error":355.07711557382436,"ADD":0,"ADD_S":0}}
{"id_image":135,"data":{"Best_template_id":55,"GT_R":[0.27015004361858325,0.9628168613238292,-0.0013165514259544297,0.48231875228251136,-0.13651313554372177,-0.8652937618723336,-0.8332995913828625,0.23312416842648084,-0.5012633208731786],"GT_T":[129.7576803188988,21.058644541940243,888.2312015065934],"R_pred":[-0.49506817322009,0.8014016966800142,-0.3356528331817229,0.4894586854686546,-0.06194559896176599,-0.8698235096780064,-0.7178702522627746,-0.5949101304631336,-0.36158572647232323],"T_pred":[114.26043425704447,25.42060817628269,633.9316721631586],"rotation_error":50.34787706140816,"translation_error":254.80863797473864,"ADD":0,"ADD_S":0}}
{"id_image":154,"data":{"Best_template_id":55,"GT_R":[0.232388308748878,0.9725838662067323,0.00874869973241212,0.49393710649956624,-0.11026258194344168,-0.8624785618339399,-0.8378680745936932,0.2047514941128354,-0.5060186547774155],"GT_T":[133.821787841154,14.582798965240283,883.2157096811442],"R_pred":[0.37826835712581997,0.919584266467141,0.10619711325371994,0.3584119187921379,-0.039717837956149527,-0.9327182799837404,-0.8534951355837193,0.3908801225621216,-0.3446139627478108],"T_pred":[84.48480652019715,26.26040012354662,695.8059099353316],"rotation_error":14.233953755530745,"translation_error":194.14668973598936,"ADD":0,"ADD_S":0}}
{"id_image":576,"data":{"Best_template_id":55,"GT_R":[-0.18280118260136483,0.9828338196283476,-0.02494465857311842,0.37605273479901663,0.04645569504000852,-0.9254327877319808,-0.9083881449441263,-0.17855054004925924,-0.37808845293180815],"GT_T":[164.07696946893807,36.6001273155118,885.9591625570539],"R_pred":[-0.4411190862892247,0.8943401890907549,-0.07462960463832319,0.10761175704630632,-0.02984679386328648,-0.9937448760328222,-0.8909734347649014,-0.4463908546029985,-0.0830755287075462],"T_pred":[125.18496387509214,44.587440866615665,669.9096380183203],"rotation_error":23.024553570109216,"translation_error":219.66743575297696,"ADD":0,"ADD_S":0}}
{"id_image":826,"data":{"Best_template_id":131,"GT_R":[-0.38219880381042065,0.9239757743075022,-0.013897225703949924,0.33866100404411076,0.1260612868018728,-0.9324252445145179,-0.8597868111852083,-0.3610780881929199,-0.3610947658745569],"GT_T":[141.9266577307144,42.300656949102404,849.4114682807025],"R_pred":[-0.40036845649378805,0.9149454503521508,0.05079293183782396,0.22253560158411223,0.1508495891745466,-0.9631834235873602,-0.8889223841665701,-0.3743250249793229,-0.26400335339129744],"T_pred":[96.23419078372376,37.245153581202764,685.7113827931254],"rotation_error":7.032578131825634,"translation_error":170.03257816855194,"ADD":0,"ADD_S":0}}
{"id_image":940,"data":{"Best_template_id":144,"GT_R":[-0.5021068946015566,0.8635526559352789,-0.0465512000077707,0.32585535310690616,0.13905603075604087,-0.9351370234940104,-0.8010658527108493,-0.48470728831835114,-0.35121365095057205],"GT_T":[157.45180279592208,32.05168208685721,823.2027216775516],"R_pred":[-0.5973894885945065,0.800943573112681,0.040189446454079236,0.022285717027695884,0.066675437374342,-0.997525805614823,-0.8016415319414005,-0.5950157802448869,-0.057680807260414135],"T_pred":[165.26761411746156,37.8530277503203,894.4983057074867],"rotation_error":19.09711732274446,"translation_error":71.9569511603321,"ADD":0,"ADD_S":0}}
{"id_image":1035,"data":{"Best_template_id":131,"GT_R":[-0.5779421687019094,0.81546109175594,-0.03174487100229306,0.2543082877297363,0.14300081895437813,-0.9564923495711395,-0.7754417908525566,-0.560870568602501,-0.2900244495535069],"GT_T":[150.41847936339417,91.57153223105698,785.5226278962797],"R_pred":[-0.5803450355944231,0.8137451280196197,-0.03191404526599856,0.26447670976927856,0.1512648631761755,-0.9524552541499836,-0.7702283490306783,-0.5611932000591466,-0.30300244645357266],"T_pred":[104.28787686670836,64.36490116562226,613.6890223200568],"rotation_error":0.8013982767596085,"translation_error":179.98616965190092,"ADD":0,"ADD_S":0}}
{"id_image":1036,"data":{"Best_template_id":55,"GT_R":[-0.5785210207863362,0.8150439558671435,-0.03188748593267209,0.2526053780382178,0.1418537499831836,-0.957114092828466,-0.7755669827693231,-0.5617650282038037,-0.2879502188454443],"GT_T":[150.4136162530402,92.36501566212499,784.9547609630758],"R_pred":[0.4310392178255164,-0.8627710869643541,0.26425602016740135,0.6130088871920643,0.06509058155424176,-0.7873901957838171,0.6621369170495739,0.501387342970759,0.5569429372824547],"T_pred":[146.65328229555732,72.08125464529569,778.0091666552524],"rotation_error":178.0555416040559,"translation_error":21.767231168628495,"ADD":0,"ADD_S":0}}
{"id_image":1051,"data":{"Best_template_id":131,"GT_R":[-0.5875689055273774,0.8085582191991577,-0.03156301959461625,0.2531606772609876,0.1466406105251149,-0.95624589804446,-0.7685522883038043,-0.5698509073459584,-0.29085637623201194],"GT_T":[150.23508293870498,86.63845032914577,780.0396034197062],"R_pred":[-0.6260926314851945,0.7793042900733498,-0.026321859227965483,0.26835178327263964,0.18365321696324532,-0.9456525875359542,-0.7321170242620635,-0.5991296348640446,-0.3241116218424416],"T_pred":[97.97060440016037,53.809223591139826,582.7857202526346],"rotation_error":3.4788612220284003,"translation_error":206.684368711352,"ADD":0,"ADD_S":0}}
{"id_image":1068,"data":{"Best_template_id":144,"GT_R":[-0.5926879956380323,0.805133604694465,-0.021943123082067913,0.24334096728093915,0.15302847395230085,-0.9577926500450823,-0.7677928360886417,-0.5730118867804352,-0.28661974907573734],"GT_T":[144.14224081191676,87.66554939231565,773.2396968296983],"R_pred":[-0.7408701526780798,0.670006718046942,0.046929890717156364,-0.03302468033645761,0.03344894400496956,-0.9988946584268169,-0.6708358870539303,-0.7416010827371532,-0.0026545665651031003],"T_pred":[157.9754376065711,102.37477120127255,852.4619594244076],"rotation_error":20.601031569331425,"translation_error":81.75503305858177,"ADD":0,"ADD_S":0}}
{"id_image":1072,"data":{"Best_template_id":131,"GT_R":[-0.5909217038232782,0.8063635385232616,-0.024279917986734463,0.24520969169038212,0.1508599452915644,-0.9576603583110114,-0.7685594696425049,-0.5718556009402591,-0.28687406256295933],"GT_T":[140.72958617222244,86.19279024895097,772.0956655076341],"R_pred":[-0.5881276045114163,0.8053268103384701,-0.07452952006909169,0.43941769108304013,0.24081617183084003,-0.86540144681413,-0.6789830731136919,-0.5417160694817955,-0.4955054858326812],"T_pred":[102.39033194602894,54.10193799091083,640.6067577657179],"rotation_error":13.425821553299473,"translation_error":140.67357275775075,"ADD":0,"ADD_S":0}}
{"id_image":1082,"data":{"Best_template_id":144,"GT_R":[-0.5931052075019702,0.804831964921487,-0.021709930104322858,0.239989113522331,0.15098776813220094,-0.9589621544646434,-0.76852549141588,-0.5739750403383579,-0.28270262964063847],"GT_T":[135.47757346394002,88.55583655126962,767.8997641930164],"R_pred":[-0.6016500637419551,0.7939329237135312,-0.08767960676796982,0.3934660417131445,0.1990516444772048,-0.8975315687202932,-0.6951270925650154,-0.5744988733449392,-0.4321450794669584],"T_pred":[115.70234963385482,71.10928257512978,721.6631392935452],"rotation_error":10.09318058396575,"translation_error":53.228443573588805,"ADD":0,"ADD_S":0}}
{"id_image":1084,"data":{"Best_template_id":55,"GT_R":[-0.5942352206930831,0.8038383041916642,-0.02698303406798025,0.24405467956416618,0.14824671579071597,-0.9583630346650267,-0.7663691480680933,-0.5760790646615069,-0.28427401369306154],"GT_T":[135.26881391015294,86.87109514678008,767.0463439717765],"R_pred":[0.5403023058681398,-0.8414709848078965,0.0,0.8414709848078965,0.5403023058681398,0.0,0.0,0.0,1.0],"T_pred":[135.47757346394002,88.55583655126962,767.8997641930164],"rotation_error":176.50691078455677,"translation_error":1.900068479113277,"ADD":0,"ADD_S":0}}
{"id_image":1094,"data":{"Best_template_id":131,"GT_R":[-0.5987974441667017,0.8000573918926548,-0.036733076965984435,0.2533662271582505,0.14572163741171656,-0.9563315946322533,-0.7597677870201024,-0.5819561569725825,-0.2899650926483014],"GT_T":[135.669580851844,79.03376718466778,762.3215543528189],"R_pred":[-0.3362332184451529,0.934965915330729,0.11307501927386981,-0.5460409746104602,-0.09571239361833439,-0.8322730271697549,-0.7673242318997053,-0.34158143227877735,0.5427113857861341],"T_pred":[88.04353642557153,82.92579952576303,645.0800056001633],"rotation_error":52.65420672971852,"translation_error":126.60556376936492,"ADD":0,"ADD_S":0}}
{"id_image":1097,"data":{"Best_template_id":131,"GT_R":[-0.599205573900612,0.7996811271139965,-0.038242495083236995,0.25500902731833464,0.1453646045815796,-0.9559495870004571,-0.7588958760285325,-0.5825628822051002,-0.29102969538718887],"GT_T":[135.80861898259604,77.63759552540928,761.1182101436259],"R_pred":[-0.36131998917474395,-0.9291553859975301,-0.07821850225198523,-0.22359446199364874,0.167775358170836,-0.9601338165883015,0.9052366441922983,-0.32942631628700897,-0.26837458923869406],"T_pred":[169.4113819882786,61.08922985359822,567.3516174468124],"rotation_error":121.84634388596999,"translation_error":197.35370919584176,"ADD":0,"ADD_S":0}}
{"id_image":1113,"data":{"Best_template_id":131,"GT_R":[-0.5899829598836779,0.8057530276461895,-0.0517880799402236,0.27971685767506094,0.1438016961156728,-0.9492525599946685,-0.7574151331635836,-0.574529178551883,-0.3102229681579874],"GT_T":[123.42550760297118,57.80061854006719,760.8267785653796],"R_pred":[-0.06969995389749317,-0.9973285670131445,0.0218551102993072,-0.1782620319890148,-0.009103602011709011,-0.983940939478361,0.981511367421608,-0.07247657449079636,-0.17715129627593834],"T_pred":[195.51747501688305,64.65105429153105,768.3698346286857],"rotation_error":139.79988072830403,"translation_error":72.80850177257902,"ADD":0,"ADD_S":0}}
{"id_image":1129,"data":{"Best_template_id":55,"GT_R":[-0.5928597172425695,0.8022636535680238,-0.0699277288757045,0.29330629522825635,0.1342445060053908,-0.9465462693447898,-0.74999169770119,-0.5816795638872104,-0.31489753057092823],"GT_T":[121.86114689165076,49.60554624988798,757.7072134563346],"R_pred":[-0.6641441054500543,-0.7411621556041168,0.09793501057439208,-0.23119492164199618,0.07903801040637426,-0.9696916525978523,0.7109581671258152,-0.6666570722727403,-0.2238455552067996],"T_pred":[133.94427969328098,51.5540293914982,770.7749788795147],"rotation_error":102.18088946471156,"translation_error":17.90433405659742,"ADD":0,"ADD_S":1}}
{"id_image":1144,"data":{"Best_template_id":144,"GT_R":[-0.5941145642361523,0.7994174974096558,-0.08921836406513607,0.3032032040453891,0.11982974702083933,-0.9453610795745977,-0.7450473223776299,-0.5887045338911987,-0.31357851844631407],"GT_T":[120.18866823747369,46.32818902086621,755.7622086183526],"R_pred":[-0.7224228277557929,0.6903191702364813,-0.03955630343371053,0.07513118594225893,0.021498966250404594,-0.9969418736060158,-0.6873576673291959,-0.7231854794270827,-0.06739584193098691],"T_pred":[132.2127595549002,48.79087863581179,895.2261104026531],"rotation_error":17.118015797645533,"translation_error":140.0029410871443,"ADD":0,"ADD_S":0}}
{"id_image":1146,"data":{"Best_template_id":131,"GT_R":[-0.5941803880109058,0.7993567477282414,-0.08933015501277064,0.3037764586880296,0.12018250254789656,-0.9451330614189861,-0.7447620867621558,-0.5887152942204995,-0.3142350014008863],"GT_T":[118.94887595654191,46.92640900851536,755.8275351573957],"R_pred":[-0.7072552342164702,0.6914614272361626,-0.14721116913446225,0.419768752085167,0.24318873349308712,-0.8744446435737887,-0.5688446435067027,-0.6802501999606894,-0.46225040509141213],"T_pred":[101.81719670624737,23.619829072624132,720.7470880511745],"rotation_error":14.221756871293929,"translation_error":45.467888354479825,"ADD":0,"ADD_S":0}}
{"id_image":1164,"data":{"Best_template_id":131,"GT_R":[-0.6019108141960257,0.792558480406581,-0.09774871618718375,0.30280887110242355,0.11325916933675141,-0.946297888808046,-0.7389249672062599,-0.5991862378423254,-0.3081652311656086],"GT_T":[120.21968228181572,47.60527107686931,751.5781798387126],"R_pred":[-0.43884349498349784,0.8946794087610997,0.08345742896565556,-0.31244453511355597,-0.06485003500716446,-0.9477198348864727,-0.842493204357366,-0.44197650220171003,0.3079967079583791],"T_pred":[104.22691632218043,57.8162879239753,801.791811231368],"rotation_error":39.08633476182148,"translation_error":53.67906673675524,"ADD":0,"ADD_S":0}}
{"id_image":1167,"data":{"Best_template_id":131,"GT_R":[-0.6021928080574069,0.7920657155279596,-0.09998358893889779,0.3038932937324814,0.11161158112677659,-0.9461451923642895,-0.7382496241638986,-0.6001467269193539,-0.3079157008625472],"GT_T":[119.71052662576099,47.49434604299662,750.896781309826],"R_pred":[-0.49180974995424515,0.8699439492932363,-0.036341366760619165,0.2687791111157093,0.11198595343880169,-0.9566697108512695,-0.8281793038212147,-0.48026729153721204,-0.2888985451706507],"T_pred":[97.77112954265034,37.1456552163248,761.3362678340255],"rotation_error":8.741439047169916,"translation_error":26.408624066493683,"ADD":0,"ADD_S":1}}
{"id_image":1177,"data":{"Best_template_id":131,"GT_R":[-0.5988393539483553,0.7928597416474007,-0.11298154620530265,0.31399056856066354,0.10265518467037692,-0.9438598393168641,-0.7367505325789909,-0.6006960741577877,-0.3104235725409209],"GT_T":[111.98332917115785,42.900347516408594,750.042054510032],"R_pred":[-0.6461658375497188,0.7512906392600227,-0.13428360191749755,0.49938189635880637,0.28315470184971425,-0.8188046997968943,-0.5771372730752649,-0.5961424244093572,-0.5581458392271513],"T_pred":[84.22382982335499,14.540769351988924,672.8738669616286],"rotation_error":16.955527101587073,"translation_error":86.77433173012668,"ADD":0,"ADD_S":0}}
{"id_image":1180,"data":{"Best_template_id":131,"GT_R":[-0.5988021572101386,0.7932050157876684,-0.11073168916131022,0.31212068424046213,0.10379265574010352,-0.9443561307012945,-0.7375738845490459,-0.6000441491443061,-0.30972655607283245],"GT_T":[110.41632340010896,42.62328714425787,749.993221151378],"R_pred":[-0.6274092360715495,0.7697010245974246,-0.11797450243925411,0.43232804677682546,0.21830786535483726,-0.8748909279986562,-0.6476496818977446,-0.5999183349905967,-0.46973171159701443],"T_pred":[85.63399476012265,20.616805011452286,698.1962177595566],"rotation_error":10.540845593676137,"translation_error":61.49291527529112,"ADD":0,"ADD_S":0}}
{"id_image":1278,"data":{"Best_template_id":131,"GT_R":[-0.6183661875916909,0.7797319265469802,-0.09819169728861,0.28824951227079654,0.10879221170421641,-0.9513550081122911,-0.7311194327637887,-0.616590071762785,-0.2920310540406472],"GT_T":[91.86558759114433,36.8166861377207,727.9497366013088],"R_pred":[-0.7905159068556448,0.5908564415208178,-0.16116223664852147,0.47979699854681235,0.43393151047558653,-0.7625603480393185,-0.3806303209068712,-0.6801412424855097,-0.6265209087305862],"T_pred":[76.57498872061545,0.20894000411305014,674.6960575384174],"rotation_error":28.540688128733375,"translation_error":66.40695614568943,"ADD":0,"ADD_S":0}}
{"id_image":1511,"data":{"Best_template_id":55,"GT_R":[-0.712118036277527,0.6969890705222104,-0.08423444474601877,0.24202459710129573,0.13109119616840967,-0.9613738019045139,-0.6590237446915398,-0.704998147201296,-0.2620404594208676],"GT_T":[76.49576824873235,32.078627664076954,705.0992731285692],"R_pred":[-0.713832926577492,-0.6887511254671301,0.12674557231546463,-0.30545392799699855,0.14334709767556786,-0.9413551441720579,0.6301908050781266,-0.7106852304331034,-0.3127076149364285],"T_pred":[82.97503637532132,23.60376561830288,803.9502672033942],"rotation_error":88.99365049828724,"translation_error":99.42496281986848,"ADD":0,"ADD_S":0}}
{"id_image":1529,"data":{"Best_template_id":55,"GT_R":[-0.7090573214116257,0.7002975916479147,-0.08259195236174255,0.23719611720582842,0.12656775833394338,-0.9631813604969418,-0.6640595374075929,-0.7025412601537111,-0.255851809483999],"GT_T":[64.75258979985607,39.27085118223138,709.4450688683814],"R_pred":[-0.9455969120996791,0.3234139483626362,-0.035353894156681616,0.29743512065256544,0.815338583135685,-0.4967447471817779,-0.1318287860444205,-0.48023578881085566,-0.8671763132807939],"T_pred":[97.18294232282143,18.80478806162313,748.9229669110514],"rotation_error":53.16998658078071,"translation_error":55.0371868674987,"ADD":0,"ADD_S":0}}
{"id_image":1549,"data":{"Best_template_id":144,"GT_R":[-0.7132178282541002,0.695651300065285,-0.08596925903425302,0.23847458092321297,0.1254865276435338,-0.9630066598322475,-0.6591285911770526,-0.707334809601739,-0.2553940628116628],"GT_T":[59.78871586451786,41.52125886818072,710.8503743535481],"R_pred":[-0.8392575561105627,0.5346767567697011,-0.09883076586549175,0.2511477269526028,0.21997905700251164,-0.9426208324277724,-0.48225675086811026,-0.8159227783623396,-0.3189019378925343],"T_pred":[57.4965548843636,24.50885280241114,807.2439276228387],"rotation_error":12.74660475107758,"translation_error":97.9101275353328,"ADD":0,"ADD_S":0}}
{"id_image":1584,"data":{"Best_template_id":144,"GT_R":[-0.7192250354679178,0.6877761410730543,-0.098381360113108,0.23445311728390322,0.10696248973619121,-0.9662246356699687,-0.654023316727893,-0.7179990919309793,-0.2381817626038678],"GT_T":[59.16913447851026,65.86057161675635,718.2245654336942],"R_pred":[-0.9527117506797916,0.2637879782682232,-0.1508516577231089,0.22063770453944134,0.2591408690647642,-0.9403004909686717,-0.20894813579501678,-0.9291188904018272,-0.30508812504957483],"T_pred":[73.82308475285154,48.52194659516263,782.7181808931675],"rotation_error":29.196652319194598,"translation_error":68.37245506281542,"ADD":0,"ADD_S":0}}
{"id_image":1599,"data":{"Best_template_id":144,"GT_R":[-0.7259471849712521,0.6773024653248325,-0.11942462076664209,0.24989384485090094,0.09798846526826079,-0.9633021153545462,-0.6407444454480395,-0.7291502662334264,-0.24038803989022142],"GT_T":[67.81531978474571,61.601885440665285,718.9681146454319],"R_pred":[-0.9502077313391922,0.2875700487997624,-0.12003638755197404,0.11820619027545697,-0.023786146669491415,-0.9927041431399286,-0.28832718200646273,-0.9574641958109555,-0.011390779441828425],"T_pred":[87.66841388378357,66.0158448985555,879.2628613852801],"rotation_error":27.87082418125769,"translation_error":161.57980757444048,"ADD":0,"ADD_S":0}}
{"id_image":1614,"data":{"Best_template_id":55,"GT_R":[-0.7347695895596046,0.6671641991047095,-0.122499093129094,0.2543144341308563,0.10352955330364162,-0.9615646070734448,-0.6288385142217409,-0.7376811670706667,-0.2457396454841612],"GT_T":[75.73602587958318,58.66267102420542,721.4049084851981],"R_pred":[0.2530955106201821,-0.9657607161362555,-0.05699913746624517,-0.943658560218506,-0.233461280704934,-0.23453006659690348,0.21319283344016304,0.11314623095622225,-0.9704363689547894],"T_pred":[-12.487214624250107,29.101959046481507,225.8930141224439],"rotation_error":156.9993512989474,"translation_error":504.1718093195934,"ADD":0,"ADD_S":0}}
{"id_image":1639,"data":{"Best_template_id":144,"GT_R":[-0.7457334464296794,0.656854218722661,-0.11146638706483754,0.24511635406604979,0.11492316701329293,-0.9626576938523789,-0.6195157246868203,-0.7452086711037955,-0.24670699944767122],"GT_T":[79.80419278318043,59.477076554931855,730.9998045712382],"R_pred":[-0.9708505490832675,0.21632122670576834,-0.1032198538132551,0.13508119978412533,0.13807106546314374,-0.9811673916038758,-0.19799565856250334,-0.9665099625758565,-0.16326730055959404],"T_pred":[98.91190893738646,51.409810384458304,832.8024791735236],"rotation_error":28.70004883345315,"translation_error":103.89403330448661,"ADD":0,"ADD_S":0}}
{"id_image":1672,"data":{"Best_template_id":144,"GT_R":[-0.7499240373943559,0.6529443886020332,-0.10619702205250828,0.24322041003641393,0.12285693020703797,-0.962158922917932,-0.6151892640836346,-0.7473756873217822,-0.2509427400393108],"GT_T":[81.9715316314454,56.73345505368472,741.3032403886097],"R_pred":[0.9836875208786169,0.013589506565072799,-0.17937164374281228,-0.00952822720127065,0.9996788083707941,0.023483887683901094,0.17963316551817898,-0.02139171348132166,0.9835010525872616],"T_pred":[0.0,0.0,1.0],"rotation_error":167.57905242244422,"translation_error":746.9852104628371,"ADD":0,"ADD_S":0}}
{"id_image":1684,"data":{"Best_template_id":55,"GT_R":[-0.7496763935498614,0.6520325575766843,-0.1133083315063544,0.2504119414705812,0.1209909674598061,-0.9605488920958991,-0.6126003101064186,-0.7484753665696898,-0.2539804335113816],"GT_T":[81.23666128263909,49.42124360304431,744.5747266346434],"R_pred":[0.19312648578280298,-0.9677067174667574,-0.16200576983212012,0.6729291135672048,0.25079816789088977,-0.6958927267159996,0.7140508165409802,0.0253769177065723,0.6996337923834676],"T_pred":[55.38290276624396,15.973317659120012,706.7938684414215],"rotation_error":139.65075614732262,"translation_error":56.697211793796875,"ADD":0,"ADD_S":0}}
