{"id_image":1,"data":{"Best_template_id":116,"GT_R":[-0.20550198384514076,0.9783972262901468,-0.02253658889045751,0.4742899667560157,0.07942292442464645,-0.8767792710839909,-0.8560488745562379,-0.19086821224432207,-0.4803653400204704],"GT_T":[-63.18673809413142,51.045570551650385,924.6677379121047],"R_pred":[-0.3211396736565506,0.9055792828642092,-0.27711996039785486,0.3757792021955929,-0.14674773694127852,-0.9150164440598086,-0.8692866622702822,-0.39798399986652455,-0.29317134008841017],"T_pred":[-42.69459504142447,44.2921012735593,844.0678379590508],"rotation_error":19.261924102106963,"translation_error":83.43788795640154,"ADD":0,"ADD_S":0}}
{"id_image":29,"data":{"Best_template_id":116,"GT_R":[-0.21496881936762205,0.976273736998544,-0.02603072497494872,0.47382374171101876,0.08095194094044733,-0.8768917527156297,-0.8539793345880633,-0.2008380581408454,-0.47998369814231573],"GT_T":[-63.51639087395138,46.83493321399372,923.8651152256206],"R_pred":[-0.07252879268849888,0.9961701313863185,-0.04883281237972831,0.5223878728901035,-0.00376598450283383,-0.8526996702345309,-0.8496178461452548,-0.08735494659427945,-0.5201140536622795],"T_pred":[-63.0454424285569,26.569847113062654,795.1105258602106],"rotation_error":8.681739589940003,"translation_error":130.34047640610999,"ADD":0,"ADD_S":0}}
{"id_image":37,"data":{"Best_template_id":148,"GT_R":[-0.21276238150715363,0.9769446962499323,-0.01764121310670702,0.4720251030211744,0.08695774646485303,-0.8772861759167864,-0.8555265759138437,-0.19498017008152735,-0.4796441270830813],"GT_T":[-79.44508448226503,48.868441171690876,921.6047840359411],"R_pred":[-0.4394306078248484,-0.8981386909431209,-0.015736350836874913,0.32803489980150113,-0.14413926491289214,-0.9336042934898008,0.8362379119717684,-0.4154163744261268,0.35796004028347705],"T_pred":[-57.102010310137196,42.72330611397454,983.0862326468625],"rotation_error":144.5100303571745,"translation_error":65.70345631423173,"ADD":0,"ADD_S":0}}
{"id_image":61,"data":{"Best_template_id":116,"GT_R":[-0.2453739635756631,0.9692794776137098,-0.01698560303329108,0.46963084676105143,0.103522859859449,-0.8767729333261891,-0.8480797511852299,-0.22311368099461762,-0.4806056376190691],"GT_T":[-67.78794969193888,49.53762251171129,903.0460902976581],"R_pred":[-0.05328874422534002,0.995915443654788,-0.0728885370190222,0.21431699414280436,-0.059884898923890706,-0.9749266766800818,-0.975309456408826,-0.0675738704734491,-0.21025041324277582],"T_pred":[-66.74546126874444,43.342768488080935,731.5299202161768],"rotation_error":20.598437997605885,"translation_error":171.63117315309069,"ADD":0,"ADD_S":0}}
{"id_image":68,"data":{"Best_template_id":116,"GT_R":[-0.24477647252174925,0.9694847512047531,-0.01356928338725218,0.4774032294149002,0.10833074657108542,-0.8719809575435751,-0.8439018822479705,-0.21991862193959127,-0.489352059648095],"GT_T":[-78.92609644965884,41.441683857522364,897.3116962024793],"R_pred":[-0.12412626424246465,0.99226516656055,0.001584220872708375,0.2797334085802494,0.03652464917108933,-0.9593827026411326,-0.9520199003430992,-0.11864143135301641,-0.2821033855118057],"T_pred":[-85.39713391092819,32.32106038759086,827.7564112291494],"rotation_error":14.764361537369089,"translation_error":70.44854694049089,"ADD":0,"ADD_S":0}}
{"id_image":80,"data":{"Best_template_id":148,"GT_R":[-0.26729729682513786,0.9634601464447322,-0.017199592665163615,0.474935030514386,0.11619064046573632,-0.8723172279624991,-0.8384446783768614,-0.24133667070066514,-0.48863867577250847],"GT_T":[-69.98094082727103,39.31966666155624,899.210795772288],"R_pred":[-0.4890202100976929,0.8703813658926393,-0.057406550348123475,-0.22028479229350884,-0.18690943523405668,-0.9573606808850526,-0.8439987229849425,-0.45552293128595545,0.28313426968919997],"T_pred":[-67.86469630973156,24.838588079166858,599.5505264358089],"rotation_error":47.22300470344944,"translation_error":300.01742807140135,"ADD":0,"ADD_S":0}}
{"id_image":88,"data":{"Best_template_id":148,"GT_R":[-0.2794314608048388,0.9599396799363719,-0.02080194486325748,0.47487391776433124,0.11933794549933889,-0.8719248202019664,-0.834514144000504,-0.2535215651839261,-0.4891976979283174],"GT_T":[-70.04479733555573,36.051632877122714,901.8268297229154],"R_pred":[-0.6568126480809762,0.42063648812160115,0.62582912219038,0.0555663975675382,0.8546958953335132,-0.5161465896055211,-0.7520036707239013,-0.304236538503793,-0.5847483286483237],"T_pred":[-43.373632612816984,-19.132110750583127,440.5394087517559],"rotation_error":55.128601614833336,"translation_error":465.3414674565974,"ADD":0,"ADD_S":0}}
{"id_image":99,"data":{"Best_template_id":116,"GT_R":[-0.3241510395605072,0.9459159875395251,-0.012988123699529544,0.4894957020153909,0.15596170137197532,-0.857945588042686,-0.8095195152297525,-0.28446075594849746,-0.5135772528000861],"GT_T":[-42.23995256956467,4.0514831053170415,911.1963523827466],"R_pred":[-0.45267207728837533,0.8571847681029273,0.2456059115244542,0.2966195986112169,0.4045140324607248,-0.8650926027091463,-0.8408952397077463,-0.31875173862223094,-0.4373700092166326],"T_pred":[-54.95508555231586,-5.390459048403545,727.0769899150154],"rotation_error":18.11480974985773,"translation_error":184.7992546357453,"ADD":0,"ADD_S":0}}
{"id_image":114,"data":{"Best_template_id":116,"GT_R":[-0.32537031703448577,0.9454219401812448,-0.017622733337120902,0.47903616936007026,0.1487367691013221,-0.8651023260721481,-0.8152664764217693,-0.28992061006500064,-0.5012864294912563],"GT_T":[-49.48297415890535,16.57131507436027,915.7862904715715],"R_pred":[0.24103114556199579,0.8278656497515238,0.5065002002275613,0.7562697901117226,0.1668622824845758,-0.6326238876681854,-0.6082433653016227,0.5355328604721893,-0.5858707740799429],"T_pred":[-83.27039988854062,-20.10964850916798,749.4232714853341],"rotation_error":50.80131373920883,"translation_error":173.67710647367124,"ADD":0,"ADD_S":0}}
{"id_image":126,"data":{"Best_template_id":116,"GT_R":[-0.3333361684180274,0.9424253287928597,-0.02684159220776086,0.47021052184831247,0.14150249906762732,-0.8711371308619641,-0.8171841232763548,-0.30300283228760055,-0.49030581472107465],"GT_T":[-55.67428718779424,24.956401650416765,928.1956353036209],"R_pred":[-0.25705030121036465,0.965406582672327,0.04376382959248887,0.23123801096519908,0.10541345649974099,-0.9671695743113695,-0.9383251701475983,-0.23849136949105065,-0.25033525869474293],"T_pred":[-62.3093176501029,19.476006365699458,799.2518032464731],"rotation_error":16.02257312830002,"translation_error":129.230685935247,"ADD":0,"ADD_S":0}}
{"id_image":127,"data":{"Best_template_id":140,"GT_R":[-0.3331841017611847,0.9424892167546517,-0.02648090137744285,0.47018016448799166,0.141740159150514,-0.8711147355070028,-0.8172635559369926,-0.3026922850053707,-0.49036594868406597],"GT_T":[-56.63573955748306,23.539360717076356,929.2462084180812],"R_pred":[-0.42609476506998856,-0.9045856451966555,-0.012963860694314489,-0.06590423367681641,0.04532878838462895,-0.9967958331208318,0.9022748379310057,-0.4238751130318126,-0.07893038317938983],"T_pred":[-21.24724259915474,17.497094905946614,732.977204592586],"rotation_error":135.92571750559318,"translation_error":199.52537822481187,"ADD":0,"ADD_S":0}}
{"id_image":132,"data":{"Best_template_id":116,"GT_R":[-0.33633068017061035,0.9413353556926871,-0.02773647141149847,0.4757452975085841,0.1444140462800712,-0.8676464331512403,-0.8127413228071079,-0.30501118503403996,-0.4964066978735279],"GT_T":[-62.759708728198596,18.03280909418287,934.7511098628833],"R_pred":[-0.5368549519081094,0.8434082337612832,0.021196977034810383,0.4547491597710054,0.31044135125296646,-0.834763061664684,-0.7106264576409368,-0.43850737582839483,-0.550201162344091],"T_pred":[-64.59035835599326,-1.0516283638527768,877.5139278094202],"rotation_error":13.616365442691787,"translation_error":60.36275375238184,"ADD":0,"ADD_S":0}}
{"id_image":164,"data":{"Best_template_id":148,"GT_R":[-0.4005743750059127,0.9159997768194178,-0.021995864901290647,0.44514757516704023,0.17357156476666172,-0.8784735620302696,-0.8008644647693108,-0.36168485643583437,-0.47728369017452477],"GT_T":[-65.99581417532914,-0.7632442519092217,998.5913992602611],"R_pred":[-0.008817660921710435,0.2774672857127069,0.9606946206860392,0.252971261290531,-0.928861562441132,0.2705951566094576,0.967433610030656,0.2454141462480149,-0.062000862932787726],"T_pred":[-51.994377746169576,15.646438532924833,461.1548609566731],"rotation_error":160.36613970960127,"translation_error":537.8692690746728,"ADD":0,"ADD_S":0}}
{"id_image":242,"data":{"Best_template_id":116,"GT_R":[-0.5993717828140884,0.8000163519480988,-0.026978476505001698,0.3615994393372893,0.2405333714500581,-0.9007720780907581,-0.7141425784150504,-0.549651982496561,-0.433454554174746],"GT_T":[37.3148542866775,58.77941531088607,977.2030370666264],"R_pred":[-0.5299652999428246,0.8416909856574024,0.10340727981908504,0.18534771146029377,0.23395924229113674,-0.9544156844912961,-0.8275161670402239,-0.4866408918387644,-0.27999577796357644],"T_pred":[38.12626256478019,72.26729990471777,1278.5594920558644],"rotation_error":12.703299211921768,"translation_error":301.6592355256025,"ADD":0,"ADD_S":0}}
{"id_image":274,"data":{"Best_template_id":116,"GT_R":[-0.705548192109577,0.7086592280536338,-0.002147711665904469,0.3037893147289057,0.29971451066568755,-0.9043693402177828,-0.6402461112449089,-0.6387278363778338,-0.42674639062994546],"GT_T":[45.42964624755337,56.23165553226089,977.829007187836],"R_pred":[-0.6660409806305779,0.7444639385859696,-0.046506518529383645,0.325906688161803,0.23435950970152208,-0.9158932529633941,-0.670950253544973,-0.6251792257885158,-0.3987188143421483],"T_pred":[33.361231479500354,46.72738035682267,895.1210266432014],"rotation_error":4.367091560667606,"translation_error":84.12245792531195,"ADD":0,"ADD_S":0}}
{"id_image":320,"data":{"Best_template_id":116,"GT_R":[-0.7865426766387371,0.6170712456450619,0.023954399533748512,0.24823393514527464,0.351450249284191,-0.9026979195656886,-0.565447845116483,-0.7040629299466236,-0.42960829872799033],"GT_T":[37.72086255030785,48.68250427385656,965.533457342316],"R_pred":[-0.6354997889214835,0.7720846549489166,-0.005030295534273699,0.3536109573789196,0.28525177069016516,-0.8908370884396818,-0.6863667453354029,-0.5679055492866202,-0.4542950340771385],"T_pred":[20.428857812009884,34.52237267138564,824.587775685333],"rotation_error":12.648954916389217,"translation_error":142.70671999811432,"ADD":0,"ADD_S":0}}
{"id_image":422,"data":{"Best_template_id":116,"GT_R":[-0.8539813632417703,0.5200396999671518,-0.016583880682985924,0.2558383340483579,0.39194255242612364,-0.8837012716877176,-0.4530605207019123,-0.7589058444566223,-0.46775807196082325],"GT_T":[85.25284614273669,34.17347082302663,882.2046291754774],"R_pred":[-0.9281487805465851,0.31394140932719544,-0.19995157583660447,0.3147893293886825,0.37542628850424975,-0.8717584413144197,-0.19861399566221563,-0.8720641567049854,-0.4472768575697962],"T_pred":[94.30340212216521,24.724321061534543,938.1847263100746],"rotation_error":16.436220185142453,"translation_error":57.488870835587015,"ADD":0,"ADD_S":0}}
{"id_image":455,"data":{"Best_template_id":116,"GT_R":[-0.8987343814783119,0.4382853628250226,-0.01353942906161174,0.21666473671817374,0.4170164290399352,-0.8826969767221182,-0.38122791655089083,-0.7962423977367239,-0.4697480046096626],"GT_T":[52.292684161394995,33.29861926706273,862.6308412941693],"R_pred":[-0.9624548745222762,0.25616538537892225,-0.08977700062921354,0.2244372208071843,0.5649801611188936,-0.7939932943409638,-0.15267137395286892,-0.7843320169900865,-0.6012609572387068],"T_pred":[52.26729412784471,15.556365379921115,800.8061664248825],"rotation_error":15.341551117407139,"translation_error":64.3201262463206,"ADD":0,"ADD_S":0}}
{"id_image":492,"data":{"Best_template_id":148,"GT_R":[-0.9497770027903786,0.31268222053472744,-0.012397837420782577,0.15591931639127563,0.4385135332916653,-0.8850962477402797,-0.2713172957791598,-0.8425759405206912,-0.4652431969397783],"GT_T":[51.81164089893488,41.54861737575824,868.4994811591343],"R_pred":[-0.9774598842104273,0.21011494288195132,-0.020588480688297287,0.1262933896939768,0.5037857082489811,-0.8545466282676901,-0.1691808336631055,-0.8378852373337216,-0.518966448413835],"T_pred":[63.01937817064613,36.18854855835534,991.3231249183663],"rotation_error":7.11084241089452,"translation_error":123.45035916826532,"ADD":0,"ADD_S":0}}
{"id_image":510,"data":{"Best_template_id":148,"GT_R":[-0.9659523486924975,0.2585260256175547,-0.010017041505357122,0.1276788293315869,0.44266713033673544,-0.8875499096628988,-0.22502036391695826,-0.8586094406508717,-0.4606035099098218],"GT_T":[35.71914130926311,48.34040583786758,864.4799035653692],"R_pred":[-0.9873498731144026,0.15286283249237137,-0.042109173625024476,0.11393407205741542,0.4993045290612993,-0.8589027968770916,-0.11026901326024874,-0.8528352371362736,-0.5104045483862065],"T_pred":[39.075182174707145,41.014416923798834,919.7890999109156],"rotation_error":7.314430702076044,"translation_error":55.893115177540366,"ADD":0,"ADD_S":0}}
{"id_image":514,"data":{"Best_template_id":148,"GT_R":[-0.967664577432508,0.25199423450477654,-0.011189938204528046,0.1272435461764868,0.44935141018058156,-0.8842471481426999,-0.21779682380423257,-0.8570772733095786,-0.4668859691905336],"GT_T":[32.88841585170198,43.132925587426854,860.8855456420602],"R_pred":[-0.9816604021739327,0.19018571724454097,-0.013124319406819032,0.1219649024902476,0.5736377436912363,-0.8099779636344265,-0.14651763499407533,-0.7967239998700978,-0.5863134406328543],"T_pred":[38.090169985150766,34.43185886436985,909.548625154856],"rotation_error":8.884740159607055,"translation_error":49.707767158188034,"ADD":0,"ADD_S":0}}
{"id_image":515,"data":{"Best_template_id":116,"GT_R":[-0.9682671444621684,0.24955040408374587,-0.013586160462109212,0.1285135045013358,0.45054058617611503,-0.8834581108017918,-0.2143458839995091,-0.8571686988384725,-0.4683140335212444],"GT_T":[34.756446667384765,42.38362472632593,860.2156028307721],"R_pred":[-0.9739879397205533,-0.020372340020449853,-0.22568221250466958,0.18885915353194904,0.47737877335406165,-0.8581618302384271,0.12521866237149865,-0.8784614246015943,-0.4611136650337203],"T_pred":[49.455106545139195,27.663365637232598,742.7062395318884],"rotation_error":19.893137657591478,"translation_error":119.33644494772327,"ADD":0,"ADD_S":0}}
{"id_image":523,"data":{"Best_template_id":140,"GT_R":[-0.9731952393189915,0.2299292833476979,-0.004947779245592157,0.11271331907025041,0.4580936734137419,-0.8817287513367034,-0.2004695245568505,-0.8586516225480815,-0.47173035287439696],"GT_T":[37.30382060189363,41.25490442955348,856.478095733433],"R_pred":[-0.9870346538319696,0.15932373224179763,0.019456116759202217,0.08825375184907157,0.6399600178800172,-0.7633232937619352,-0.13406665289834838,-0.7517094677197775,-0.6457236318434401],"T_pred":[37.50010675433707,30.28567331212178,828.7174544628895],"rotation_error":12.811759481421339,"translation_error":29.849887157459662,"ADD":0,"ADD_S":0}}
{"id_image":525,"data":{"Best_template_id":140,"GT_R":[-0.9748362538447845,0.22288769578799875,-0.003945777442837169,0.1082448626891156,0.4578044305048444,-0.8824389209874237,-0.1948778864960327,-0.8606597979630531,-0.47041097746108607],"GT_T":[39.29100095905523,44.73493632911049,856.6950226424059],"R_pred":[-0.9945577827073414,0.08304934332262788,-0.06290964496750102,0.09966107067079562,0.5823239797653876,-0.806824921270377,-0.030372485064732956,-0.8087036473046721,-0.587431632606819],"T_pred":[45.9919645613744,39.90392971841585,920.0437629869493],"rotation_error":12.052435951490862,"translation_error":63.885087785120625,"ADD":0,"ADD_S":0}}
{"id_image":530,"data":{"Best_template_id":116,"GT_R":[-0.9771700741704938,0.21243660619545016,-0.00317635446695469,0.10204112337722247,0.4561528484028301,-0.8840321323200794,-0.18635140779271597,-0.8641728558067571,-0.46741567201273543],"GT_T":[35.8098733119887,47.79719594929658,856.6465644197394],"R_pred":[-0.9215358616444532,0.3815393655027058,-0.07210664515152349,0.18432901166933519,0.266415412861155,-0.9460685193193067,-0.3417520609450968,-0.8851274147611811,-0.31584013120242715],"T_pred":[29.24785717892682,45.78470587514358,835.9417907515439],"rotation_error":14.682866970972286,"translation_error":21.812790391885525,"ADD":0,"ADD_S":1}}
{"id_image":535,"data":{"Best_template_id":148,"GT_R":[-0.977691650826223,0.20982119750828865,-0.009696320603100555,0.10631619625531999,0.4545265806676502,-0.8843654582510244,-0.1811513534574269,-0.8656674010037017,-0.4666947726312795],"GT_T":[29.701052331612594,48.267349329829926,858.2059623904089],"R_pred":[-0.9787169820304613,0.20242275185869707,0.033735717202067514,0.09383174888027579,0.5876187784179644,-0.8036788999050851,-0.18250663546089052,-0.7834087060918659,-0.5941061582177163],"T_pred":[31.73153659983409,39.652072438455015,890.4164973838273],"rotation_error":9.007102523159327,"translation_error":33.404556977166806,"ADD":0,"ADD_S":0}}
{"id_image":545,"data":{"Best_template_id":140,"GT_R":[-0.9804752508924196,0.19585680219895152,-0.017595036935310254,0.10657693263228143,0.4540657650769524,-0.8845704231917987,-0.16526031462869,-0.8691742170375766,-0.46607420719303017],"GT_T":[49.6194200051601,47.52420032491162,866.107802162662],"R_pred":[-0.9932011583215864,0.11072122339125622,-0.035948154325395,0.09732611864727787,0.6203668111898022,-0.7782497325430008,-0.06386772062407481,-0.7764572301581972,-0.6269251023825297],"T_pred":[53.198481552926616,38.23579691236676,875.0043673197156],"rotation_error":12.281456542686625,"translation_error":13.350392919707494,"ADD":0,"ADD_S":1}}
{"id_image":561,"data":{"Best_template_id":140,"GT_R":[-0.9780535158737438,0.20785881754087313,-0.014346132780320108,0.11150013137042573,0.46399623402135975,-0.8787918911203426,-0.17600812647164327,-0.861104561414995,-0.47699001538092045],"GT_T":[44.84071654648878,31.208464002614846,860.8385950150792],"R_pred":[-0.9916588358228828,0.022915326502272154,-0.12683706534644712,0.11322918566973705,0.6250300643415448,-0.7723448518516662,0.06157844466185265,-0.7802642542629377,-0.6224112697184465],"T_pred":[50.48977853663915,21.635392312280935,875.920466440568],"rotation_error":16.686534527042866,"translation_error":18.735486346818142,"ADD":0,"ADD_S":1}}
{"id_image":567,"data":{"Best_template_id":140,"GT_R":[-0.9777701792686153,0.20910284859051842,-0.015593831923586245,0.11463569491855809,0.4708044254357852,-0.8747587068599427,-0.17557260299035468,-0.8570988601016336,-0.48430883483185533],"GT_T":[51.472008574054016,26.81855088993132,853.9887692278544],"R_pred":[-0.9852835981949686,-0.15452859666557844,-0.07305575911961075,0.16281765828371725,-0.7184008541451488,-0.6763066042221731,0.052025390714364586,-0.6782485721150376,0.7329885627654296],"T_pred":[63.04860695103373,56.08071689285878,876.1794318039288],"rotation_error":77.8351492512496,"translation_error":38.50607088148518,"ADD":0,"ADD_S":0}}
{"id_image":615,"data":{"Best_template_id":148,"GT_R":[-0.9833053108366329,0.18050816282863402,-0.0229923848329042,0.1084986858494152,0.48016443481156884,-0.8704423618150257,-0.14608166002396794,-0.8584041624867067,-0.4917332359574595],"GT_T":[66.09292954452022,17.240243716030772,850.7735248991956],"R_pred":[-0.9828529575493111,0.18403079838319905,0.011520810866184686,0.09658744290336982,0.5670532350097113,-0.817998468542827,-0.15706982431377559,-0.8028594484163865,-0.5751050133484976],"T_pred":[67.45007200031498,8.847688824555954,882.9203212773192],"rotation_error":5.984907203777811,"translation_error":33.25196731966811,"ADD":0,"ADD_S":0}}
{"id_image":629,"data":{"Best_template_id":140,"GT_R":[-0.9827310093103715,0.18326396623055718,-0.02557884672497693,0.1116966896720225,0.4773071368595947,-0.8716090413895186,-0.14752548773893015,-0.8594131488937995,-0.489534942021208],"GT_T":[53.690795637260656,17.73243450188329,853.7360732187336],"R_pred":[-0.9899008685212476,0.14169648308810187,-0.004286861479322529,0.09792951455032545,0.6616516128134032,-0.743388830586901,-0.10249917404943924,-0.7363010593105823,-0.6688457739847782],"T_pred":[54.278569298144625,6.641051763488443,865.5717626186911],"rotation_error":12.978465414977586,"translation_error":16.231074902736957,"ADD":0,"ADD_S":1}}
{"id_image":636,"data":{"Best_template_id":140,"GT_R":[-0.9818783763431239,0.18718369491857542,-0.02964141803599665,0.11668337746545326,0.4738483809316642,-0.8728413968295595,-0.14933647230992206,-0.8604814293851355,-0.48710265184696194],"GT_T":[43.826066033542574,20.19718028564988,854.9787370215513],"R_pred":[-0.9906770015469036,0.13116440721326278,-0.03681001068228144,0.11119962033815196,0.6224714598424577,-0.7747024758694466,-0.07870020992784676,-0.7715731850978188,-0.6312535916692433],"T_pred":[46.01641578171063,10.921406159500318,879.9551229023576],"rotation_error":10.633632066537157,"translation_error":26.733078186501224,"ADD":0,"ADD_S":0}}
{"id_image":637,"data":{"Best_template_id":148,"GT_R":[-0.9819912820545943,0.18650583485665456,-0.030147983132503116,0.11681901934382864,0.4740008105911096,-0.872741313676133,-0.14848081146605724,-0.8605454604767271,-0.4872524619925838],"GT_T":[43.30744828277612,19.883289680781015,855.1129102846538],"R_pred":[-0.9859753636822435,0.16676326503024058,-0.006526534158458608,0.10162631738056595,0.5689190893918442,-0.816090167408736,-0.13238079100584144,-0.8053080672401141,-0.5778877425682774],"T_pred":[45.39289055039047,11.40377095971482,892.1067343923474],"rotation_error":6.401158431405911,"translation_error":38.01045026441332,"ADD":0,"ADD_S":0}}
{"id_image":648,"data":{"Best_template_id":148,"GT_R":[-0.982919891487281,0.18208948484273696,-0.026682994155833712,0.11201546449093491,0.476909022026263,-0.8717863919036294,-0.14601757841126173,-0.8598842156371862,-0.48916038774848414],"GT_T":[35.78457144986777,19.689302255804776,853.9823210143985],"R_pred":[-0.9756033550763433,0.21443217372558546,0.04708435446199424,0.09628049056365465,0.6106423617127047,-0.7860317889365244,-0.19730220652745978,-0.7623219457376594,-0.6163903717175867],"T_pred":[35.763605427322375,10.1132689934146,867.3755997766044],"rotation_error":9.966378735585796,"translation_error":16.46453062248239,"ADD":0,"ADD_S":1}}
{"id_image":710,"data":{"Best_template_id":148,"GT_R":[-0.9966895166073781,0.07912584466204373,-0.018719922031066216,0.0543970592360213,0.47775999766751975,-0.8768050268248594,-0.060434365279631995,-0.874919709156524,-0.480482126642023],"GT_T":[29.623899351118244,30.11852777397591,852.4907112385237],"R_pred":[-0.9987155126378443,-0.012167228258624424,-0.049186211208331256,0.03402740884780028,0.5582073626355352,-0.8290034232417768,0.03754277911440073,-0.8296122581398989,-0.557076333082267],"T_pred":[35.33790697323096,23.567501344539338,889.1772382949869],"rotation_error":7.688044503056628,"translation_error":37.702348704680794,"ADD":0,"ADD_S":0}}
{"id_image":801,"data":{"Best_template_id":148,"GT_R":[-0.999088443368557,-0.0409518211929418,-0.012100576585337744,-0.008949594991412253,0.47788543898886293,-0.8783768257520037,0.041753862400750866,-0.8774663600756912,-0.4778168653818838],"GT_T":[13.72382463779562,33.6439732890385,851.596293689682],"R_pred":[-0.9876409577464297,-0.14101345189761533,-0.06841450844399885,-0.021985820138301408,0.5568330409017659,-0.8303334199422174,0.1551836405506757,-0.8185671450431,-0.5530514142115788],"T_pred":[20.76888858651714,26.82393253992086,854.2372656031558],"rotation_error":8.508079132224532,"translation_error":10.154832076846867,"ADD":1,"ADD_S":1}}
{"id_image":908,"data":{"Best_template_id":148,"GT_R":[-0.9859974693595949,-0.16674139046365036,0.0027011037671266073,-0.08611381002393234,0.49521456310568907,-0.8644924427752957,0.14280923415768518,-0.8526189182487465,-0.5026393292259125],"GT_T":[0.23069152515808256,14.47218043991921,826.9914245777215],"R_pred":[-0.9717200257510356,-0.2343024145996941,-0.029369543189501343,-0.11166890521716855,0.5655483855653255,-0.8171199906941776,0.20806308457293893,-0.7907321936643322,-0.5757189859130817],"T_pred":[5.615268240498041,8.43712213099938,860.3377119881632],"rotation_error":6.6693801435252205,"translation_error":34.313124008973894,"ADD":0,"ADD_S":0}}
{"id_image":1026,"data":{"Best_template_id":140,"GT_R":[-0.9775665394510507,-0.21061234626922684,0.002435924061309267,-0.10565371581536914,0.48032476255860324,-0.8707034883420535,0.18221081865757116,-0.8514280884643493,-0.4918021121884844],"GT_T":[-0.3295512341409683,24.329521975872698,851.5623004993336],"R_pred":[-0.9935414101089244,-0.08850954289238339,0.07100371268991092,-0.11080103154922641,0.6218349033612166,-0.7752705878397387,0.024466258528786297,-0.7781307176681357,-0.6276256753948762],"T_pred":[-2.689417875671637,17.886398627203974,880.7674946235489],"rotation_error":12.69140198033155,"translation_error":30.00043621157989,"ADD":0,"ADD_S":0}}
{"id_image":1027,"data":{"Best_template_id":148,"GT_R":[-0.9784001526627991,-0.20672045297342603,0.0006530243104683284,-0.10214502726139328,0.4806984304243634,-0.8709166104877165,0.17972187578620843,-0.8521707688636602,-0.49143070300466724],"GT_T":[-4.013364836686533,24.160050020675307,851.8346767984601],"R_pred":[-0.9746975581622574,-0.22340620808027195,-0.007371316281844384,-0.12865900996734425,0.5876820059843022,-0.7987970449347501,0.18278820877385815,-0.7776371429101496,-0.6015554377609631],"T_pred":[-0.06721161690355729,17.937026287299517,853.9476169237464],"rotation_error":7.628154455500689,"translation_error":7.665681026054157,"ADD":1,"ADD_S":1}}
{"id_image":1032,"data":{"Best_template_id":140,"GT_R":[-0.9800033497601814,-0.19895733075590494,-0.0032410640935324007,-0.09469364695625987,0.4806359109172529,-0.8717927419603922,0.17500743469788727,-0.8540516034732228,-0.4898644196917699],"GT_T":[-17.125136839676006,25.048872102106607,855.492021927482],"R_pred":[-0.9683623704190588,-0.24489730435829593,-0.04795445625196623,-0.09628970524979408,0.5439683112659589,-0.8335626965030102,0.23022296197227884,-0.8025732282206414,-0.5503395325834852],"T_pred":[-13.463524253227773,22.162345627297004,894.3088930250398],"rotation_error":5.597891906434613,"translation_error":39.09589394843691,"ADD":0,"ADD_S":0}}
{"id_image":1034,"data":{"Best_template_id":148,"GT_R":[-0.9796401033878283,-0.20070022619164213,-0.005036314172773215,-0.09336235030531749,0.47763159142057854,-0.8735854850926513,0.17773459745211329,-0.8553286431348541,-0.48664506322171586],"GT_T":[-17.194497557019247,26.319781389777795,857.9390063083307],"R_pred":[-0.9851987121419166,-0.16961439785542917,0.024788175286803896,-0.11937632426690843,0.5751160205010123,-0.8093150537136953,0.12301540878455457,-0.8002952698868211,-0.5868515060885072],"T_pred":[-13.389455425633564,20.86489746153195,876.7030729675569],"rotation_error":7.281769750235761,"translation_error":19.907895465973738,"ADD":0,"ADD_S":1}}
{"id_image":1039,"data":{"Best_template_id":140,"GT_R":[-0.9774824499180443,-0.21087518669802574,-0.007822482764102075,-0.09526467119914653,0.47405530002721635,-0.8753262470648868,0.18829270009357868,-0.8548699109784524,-0.483469987930912],"GT_T":[-10.457509678161209,29.196232911374928,864.4580016796879],"R_pred":[-0.9868097993469533,-0.16176792252436212,0.0061285524373816125,-0.1023310762862274,0.5940064042106319,-0.7979252738088054,0.12543831447738793,-0.7880276207081238,-0.6027252261704044],"T_pred":[-8.171377628864564,24.247555942202673,889.9857016300451],"rotation_error":8.675055113617965,"translation_error":26.103242485321765,"ADD":0,"ADD_S":0}}
{"id_image":1044,"data":{"Best_template_id":140,"GT_R":[-0.9751311233722366,-0.22138119725643143,-0.010524827183309896,-0.0977737610288737,0.47231376174317563,-0.8759913311487212,0.19889897193503558,-0.8531759089790701,-0.48221347284617894],"GT_T":[-5.290330256820113,29.132378615954273,868.3249858039858],"R_pred":[-0.9923316054759853,-0.0648624156682401,0.10521811539432653,-0.04569931608048573,-0.5984048891658459,-0.7998894680718001,0.11484579784750172,-0.7985639959678197,0.5908519163552556],"T_pred":[-6.209510058300302,60.99830308398038,946.4428010964276],"rotation_error":65.71107256994073,"translation_error":84.3722412868916,"ADD":0,"ADD_S":0}}
{"id_image":1048,"data":{"Best_template_id":148,"GT_R":[-0.9742578556625918,-0.22514069367166364,-0.011559469645530743,-0.09886990552886242,0.4727980243708298,-0.875606621817611,0.2025993045369251,-0.8519227367135964,-0.48288679275571017],"GT_T":[-9.255395173678956,27.749433876381136,869.1494043345907],"R_pred":[-0.9683688432398183,-0.24796655875696216,-0.027827489656922916,-0.12324790938965739,0.5722953159198891,-0.8107330166011698,0.21696021818170938,-0.7816589135386253,-0.584754313034253],"T_pred":[-3.419616027860051,21.66240718730152,854.5328787684468],"rotation_error":7.142972291781032,"translation_error":16.87456760269963,"ADD":0,"ADD_S":1}}
{"id_image":1054,"data":{"Best_template_id":148,"GT_R":[-0.9737741331723191,-0.2271319022383632,-0.013244641938883323,-0.09718399340378231,0.46787756661494856,-0.8784334629460638,0.20571757996010703,-0.8541084002959836,-0.47768029521452715],"GT_T":[-16.13830064773886,28.355447029638317,868.5545652077973],"R_pred":[-0.9733986241466905,-0.2249775981117195,-0.04336125986651619,-0.10594732547373284,0.6097821988545377,-0.7854558130061092,0.20315088661950959,-0.7599675981961381,-0.6173969282055917],"T_pred":[-11.37856734705831,22.575310407788407,882.6548909556277],"rotation_error":9.782525939243401,"translation_error":15.96509400710774,"ADD":0,"ADD_S":1}}
{"id_image":1060,"data":{"Best_template_id":148,"GT_R":[-0.9730341438891636,-0.23029110668204106,-0.013100779114919574,-0.1010205399942808,0.47651841953749224,-0.8733411015116359,0.20736538478801167,-0.8484661531522683,-0.48693287081045183],"GT_T":[-22.485671547468677,25.665158081438122,866.7447909609217],"R_pred":[-0.9801638097888803,-0.19806084039488595,-0.007128077035154987,-0.11743594865440635,0.6093874336498708,-0.7841273835756934,0.15964868913895663,-0.7677361911566334,-0.6205589712867889],"T_pred":[-17.802812732808825,19.25707494008867,876.2553666938821],"rotation_error":9.39537482174485,"translation_error":12.387241298887352,"ADD":1,"ADD_S":1}}
{"id_image":1063,"data":{"Best_template_id":140,"GT_R":[-0.9720452582856605,-0.23445483448105894,-0.0126769114865488,-0.10367631459041221,0.47702961458329574,-0.872750634610285,0.21066772745140203,-0.8470378269747805,-0.48800191565944234],"GT_T":[-22.47102391736544,24.646731453755784,864.9132958465374],"R_pred":[-0.9698690014646505,-0.23897133611288696,-0.04740063833308106,-0.0844670160000507,0.5123281668232155,-0.8546257500728667,0.22851573951482884,-0.8248712323726561,-0.517076403250048],"T_pred":[-19.35207684500469,23.701337209672836,941.2538013962823],"rotation_error":2.8154550094682205,"translation_error":76.41004115106574,"ADD":0,"ADD_S":0}}
{"id_image":1064,"data":{"Best_template_id":140,"GT_R":[-0.9716513477016817,-0.23611300836614815,-0.012021491067015427,-0.10520794968770876,0.4773655266337027,-0.8723837899404313,0.2117200543905437,-0.8463869480071922,-0.4886739742363917],"GT_T":[-22.95358056443929,23.547054222162828,864.4397233306423],"R_pred":[-0.9682297820203601,-0.2445711039044156,-0.05211587420145122,-0.09840764810690895,0.5642581981679925,-0.8197125231410572,0.22988480594174274,-0.788541476991025,-0.5703992593455398],"T_pred":[-19.076743156327268,18.310930183363503,883.4766224529176],"rotation_error":6.068885295119278,"translation_error":20.120894399362903,"ADD":0,"ADD_S":1}}
{"id_image":1068,"data":{"Best_template_id":148,"GT_R":[-0.9703095923371042,-0.2416082741797502,-0.011216474714711017,-0.10840558310843561,0.4758811170865558,-0.8728029825498256,0.21621407244730134,-0.8456726311745015,-0.48794341293254934],"GT_T":[-25.235742773374366,25.859658812872446,863.2842147739552],"R_pred":[-0.9772792633852662,-0.211311114402213,0.01651830158480043,-0.11340224311330337,0.4554411311093003,-0.8830137639644995,0.17906750853804498,-0.8648242532584158,-0.46905632749383186],"T_pred":[-21.450393086896263,24.776024778037545,878.5325584119481],"rotation_error":2.6833400332482813,"translation_error":15.748495759046026,"ADD":0,"ADD_S":1}}
{"id_image":1070,"data":{"Best_template_id":148,"GT_R":[-0.969006878151799,-0.24671318855173252,-0.01261255157071039,-0.10920110447914617,0.4735838169248275,-0.8739528825204463,0.22158888723302844,-0.8454882453775614,-0.48584768630056197],"GT_T":[-24.835715143848304,29.183077706482322,863.3600759176855],"R_pred":[-0.9636018310145099,-0.2632557316083683,-0.04656104638887022,-0.12615789131676458,0.6013234765438995,-0.788983056228501,0.23570256198011763,-0.7543914741912856,-0.612648191006476],"T_pred":[-18.239175337020924,23.208749624714887,856.7855579675186],"rotation_error":9.055574999264111,"translation_error":11.064864198385852,"ADD":1,"ADD_S":1}}
{"id_image":1071,"data":{"Best_template_id":140,"GT_R":[-0.9683582375712629,-0.24901486041531112,-0.016588599570229408,-0.10680249833743918,0.4735703311055927,-0.874256620830275,0.22555851173516664,-0.844820966869346,-0.48518107108593117],"GT_T":[-23.76440186550064,30.86452913355478,863.5301116164987],"R_pred":[-0.9359803950055935,-0.3345938030927579,-0.10948829662159329,-0.09549519633692669,0.5406374150674578,-0.8358180740482641,0.33885301775511023,-0.7718537247180339,-0.5379781222291038],"T_pred":[-16.348023547055337,27.364489426858086,885.1297050599188],"rotation_error":8.511170132569779,"translation_error":23.1040122539743,"ADD":0,"ADD_S":1}}
{"id_image":1073,"data":{"Best_template_id":148,"GT_R":[-0.9675653067818313,-0.25186133552266704,-0.01959874404322559,-0.10518869089783994,0.47220155797393926,-0.8751921522691072,0.22968191509245184,-0.8447431251570311,-0.4833791496192845],"GT_T":[-25.553139731317355,30.970753849988856,862.9974439306452],"R_pred":[-0.9773026573132324,-0.21114036687620402,-0.017299175814950246,-0.11263491970381934,0.5870357094425365,-0.8016872524261642,0.17942377454453676,-0.7815425908513753,-0.5974933370452855],"T_pred":[-22.315325490681307,26.605851795515182,894.9292975379225],"rotation_error":8.103983447767854,"translation_error":32.39103403410581,"ADD":0,"ADD_S":0}}
{"id_image":1074,"data":{"Best_template_id":148,"GT_R":[-0.967495342981785,-0.25201040708770106,-0.02105940823581984,-0.10430920851934627,0.47353559793044,-0.874576292476481,0.230374616205591,-0.8439509352410368,-0.48443106162734706],"GT_T":[-27.359763798912002,29.595979654032,862.5326931897476],"R_pred":[-0.9733988237719303,-0.22875536291972084,-0.012872987799625382,-0.12795944816998947,0.5893799021188373,-0.7976576399699447,0.1900555432063329,-0.7747917881042989,-0.6029731134824245],"T_pred":[-23.146036464406816,22.15413946091329,871.95495240971],"rotation_error":8.210537468335337,"translation_error":12.724600281252028,"ADD":1,"ADD_S":1}}
{"id_image":1075,"data":{"Best_template_id":140,"GT_R":[-0.9672109034279535,-0.25300631443308735,-0.02215572230159508,-0.10438423288530926,0.47553797833964717,-0.873479973849714,0.23153247188136622,-0.8425265144959306,-0.4863552761939557],"GT_T":[-28.38724734161335,26.225606313730438,862.0891146322597],"R_pred":[-0.97468650626811,-0.22269944774097705,-0.019778030102347383,-0.11094682328802613,0.5585816807126629,-0.8219959296581171,0.19410568487594854,-0.7989940312343268,-0.5691498231140537],"T_pred":[-25.816972428800614,19.626009385759623,874.7281400461344],"rotation_error":5.834513465586034,"translation_error":14.488131561788336,"ADD":0,"ADD_S":1}}
{"id_image":1076,"data":{"Best_template_id":148,"GT_R":[-0.9672534733329009,-0.25285795577290354,-0.02199091647385547,-0.10509519562394586,0.47786755070961856,-0.872122406691701,0.23103176088475452,-0.841251892484402,-0.4887936085326855],"GT_T":[-30.603138216478698,23.243286256935516,861.4120313490962],"R_pred":[-0.9707910383287097,-0.23868076507016553,-0.024418277707202243,-0.12682147013196468,0.5968745775193753,-0.7922481009283862,0.20366903204521003,-0.7660105946372984,-0.6097103363804649],"T_pred":[-27.375643383606942,16.152875535683354,865.0164738423184],"rotation_error":8.336481478014091,"translation_error":8.583860016286819,"ADD":1,"ADD_S":1}}
{"id_image":1078,"data":{"Best_template_id":148,"GT_R":[-0.9676095437128337,-0.25144886187824206,-0.02250018725830547,-0.10483871275218715,0.4813046298224762,-0.8702611073307374,0.22965617777070874,-0.8397137638944847,-0.4920760390743639],"GT_T":[-34.805461619873086,19.41815332301024,860.331352623928],"R_pred":[-0.9607428485878617,-0.27340310958149017,-0.0471584410095655,-0.12592404797519083,0.581174579047766,-0.8039771407261495,0.2472171374092476,-0.7664769065926412,-0.5927873468887075],"T_pred":[-29.605493001187437,11.84144774375366,869.2976948566576],"rotation_error":7.22535257087648,"translation_error":12.839058925968223,"ADD":1,"ADD_S":1}}
{"id_image":1081,"data":{"Best_template_id":148,"GT_R":[-0.9673395202881708,-0.2524158814957718,-0.02326958857580443,-0.10526605269260113,0.48352136111558897,-0.8689807281765969,0.23059614523978347,-0.8381485576116974,-0.49429956727343977],"GT_T":[-37.971659864093695,15.493637990737703,858.9751874061053],"R_pred":[-0.960698682183023,-0.2739144569094912,-0.04504344955464083,-0.13526695869621735,0.6036258086228216,-0.785709063871304,0.24240646017975426,-0.7487367718099756,-0.6169540944046792],"T_pred":[-31.583701650180867,8.88013141104578,849.4015124052404],"rotation_error":8.736979083436252,"translation_error":13.27402472667994,"ADD":0,"ADD_S":1}}
{"id_image":1090,"data":{"Best_template_id":148,"GT_R":[-0.9648823283652732,-0.2616528263182972,-0.023265268901164225,-0.11074902573079103,0.4855092042057761,-0.8671887149548538,0.23819726133966207,-0.8341571974232174,-0.4974368281506792],"GT_T":[-37.12099951824397,13.838244382268392,858.5021665720391],"R_pred":[-0.9669954228306473,-0.2500832005238497,0.048767253770593086,-0.16278927184705153,0.4591569220402747,-0.8733124148401918,0.19600894162278465,-0.8524278935829404,-0.48471350408841196],"T_pred":[-34.23786035719739,12.935904599123086,904.0264531249879],"rotation_error":4.258049386732649,"translation_error":45.62441643091129,"ADD":0,"ADD_S":0}}
{"id_image":1093,"data":{"Best_template_id":148,"GT_R":[-0.963912754255228,-0.2651224620717453,-0.02413566085714812,-0.11273297655701063,0.4886272917011734,-0.865179538988808,0.24117208095038323,-0.8312360201539496,-0.5008816559724674],"GT_T":[-37.379900820497724,11.027877996277121,858.2434930685588],"R_pred":[-0.9498276609738254,-0.3054637476820831,-0.06722583804615852,-0.12942653276037214,0.5795241520501269,-0.804612036827818,0.28473880498909876,-0.7555419618013273,-0.5899831835660926],"T_pred":[-29.156502853848906,5.0921057944300605,847.192071128843],"rotation_error":7.190448738191784,"translation_error":14.999719752039855,"ADD":0,"ADD_S":1}}
{"id_image":1103,"data":{"Best_template_id":140,"GT_R":[-0.956341619170176,-0.2905522179702858,-0.03147811010852714,-0.11726221505328574,0.48014372719647613,-0.8693169656355423,0.26769615188962026,-0.8276721027129569,-0.49325263216214876],"GT_T":[-20.761695163504758,19.373097375158064,861.3468085078729],"R_pred":[-0.9654065571630039,-0.25939792369410536,-0.026512196624623396,-0.11034603564135563,0.4985550181178813,-0.8598061678818756,0.23624972339647782,-0.8271369965686859,-0.5099318161307661],"T_pred":[-17.625865836285993,18.107919878041834,923.8829911541499],"rotation_error":2.1517263391947803,"translation_error":62.62753579406721,"ADD":0,"ADD_S":0}}
{"id_image":1110,"data":{"Best_template_id":140,"GT_R":[-0.956940527654267,-0.2887553447950004,-0.02977659394625954,-0.11810711410118076,0.4809920211968412,-0.8687336290413974,0.26517389586010354,-0.8278085483869463,-0.4943840475670255],"GT_T":[-26.217918742213094,16.603666075640405,861.0255696903941],"R_pred":[-0.9021682884073825,0.35218033017431727,-0.24912124443813066,-0.10713641038845337,-0.7423192818780444,-0.6614256370304535,-0.4178686025070212,-0.5700272789879212,0.7074282523680094],"T_pred":[-35.601997979978215,45.981084023794686,743.4925755869353],"rotation_error":89.69700681169705,"translation_error":121.51172096289672,"ADD":0,"ADD_S":0}}
