{"id_image":1,"data":{"Best_template_id":140,"GT_R":[-0.800948688907598,-0.5846217918897804,-0.12922327391095034,-0.32509963474512815,0.6058899363040009,-0.7260905872177922,0.5027835198401196,-0.5395510646843446,-0.6753474131638211],"GT_T":[-63.65721185898687,-63.89735493556803,901.6481343625768],"R_pred":[-0.7867248011877706,-0.6013090349795892,-0.13961207558079797,-0.3830823570955287,0.6529166107759558,-0.65341243258372,0.48405784249219336,-0.46057284312555347,-0.7440165732677247],"T_pred":[-64.95465920652344,-71.03332689553366,947.5719796502902],"rotation_error":6.113329849704918,"translation_error":46.493064336983494,"ADD":0,"ADD_S":0}}
{"id_image":36,"data":{"Best_template_id":108,"GT_R":[-0.8057228565212418,-0.5726957572710811,-0.1510991512136831,-0.30125713320249553,0.6158987054242403,-0.7279513533089431,0.509956268418774,-0.5410069640625798,-0.6687730016050802],"GT_T":[-66.10234039334908,-55.451268703214225,911.0319901498262],"R_pred":[-0.76737284575957,-0.6101612903204985,-0.19708403127925828,-0.2783726108837405,0.5939114395637828,-0.754836334224211,0.5776223724031375,-0.5243781095256548,-0.6256037029539321],"T_pred":[-58.91448032626711,-57.66998687459465,900.7289833673922],"rotation_error":4.697392071621566,"translation_error":12.756958549232953,"ADD":1,"ADD_S":1}}
{"id_image":47,"data":{"Best_template_id":140,"GT_R":[-0.8096176838910224,-0.5612166423369065,-0.17191838993247216,-0.27940566135780337,0.6260784804083145,-0.7279829462779569,0.516190449859292,-0.5413526501981228,-0.6636908443346038],"GT_T":[-68.80610932053276,-50.5559304943341,920.2886560321936],"R_pred":[-0.8073637831683802,-0.5777830908934836,-0.1197097385579517,-0.3031827166184259,0.5802636230011267,-0.7558930930796215,0.5062054543087342,-0.5739867835579304,-0.6436576810144579],"T_pred":[-69.49363867407168,-51.59655070365081,977.645001591754],"rotation_error":3.6270251029763183,"translation_error":57.36990467989048,"ADD":0,"ADD_S":0}}
{"id_image":58,"data":{"Best_template_id":108,"GT_R":[-0.8172039385969303,-0.5464779708786771,-0.18313944383616598,-0.25538186777517197,0.6281982276486975,-0.7349472871506596,0.516680475940829,-0.5538315961740741,-0.6529267926651212],"GT_T":[-77.80636520668318,-39.52966077298419,929.4584620119064],"R_pred":[-0.8210403628878147,-0.5260199578870921,-0.22180109651105734,-0.2271459266111312,0.6574722182159267,-0.7184253686349054,0.5237341410802012,-0.5394750097814458,-0.6592945193828725],"T_pred":[-71.13792538557715,-42.765188934589595,915.3705184925252],"rotation_error":2.6098940474304726,"translation_error":15.918758894383942,"ADD":0,"ADD_S":1}}
{"id_image":65,"data":{"Best_template_id":108,"GT_R":[-0.8150117092140678,-0.5470839905086422,-0.1909335356866814,-0.2453641581959751,0.6243514286276347,-0.7416073851451772,0.5249302781997272,-0.5575702068448551,-0.6430886686527906],"GT_T":[-71.16286327683416,-31.689712333449016,939.6039629246557],"R_pred":[-0.8348149658445355,-0.5261334741351917,-0.16207263864212368,-0.2545048277156544,0.6298712209786227,-0.7338184636899806,0.4881713484745002,-0.5713543667264055,-0.6597294310179409],"T_pred":[-64.38768339547012,-33.29400695233745,902.6306034577703],"rotation_error":2.4502483912728907,"translation_error":37.62321270062609,"ADD":0,"ADD_S":0}}
{"id_image":73,"data":{"Best_template_id":108,"GT_R":[-0.8177745975622409,-0.5377855645575587,-0.2050180903016707,-0.22819268552557087,0.6299900350628616,-0.7423220029665428,0.5283686224712079,-0.5602679922378562,-0.6379083831901337],"GT_T":[-79.25327213367237,-22.78048015540915,945.2750224979011],"R_pred":[-0.8857725746741391,-0.4191895570843085,-0.19921611678428033,-0.19650473131535726,0.7275874449148879,-0.6572688951813441,0.42046740245330083,-0.5430438520356222,-0.726849735667894],"T_pred":[-82.21228800324333,-32.55766904116878,978.3380466506618],"rotation_error":9.6271734400982,"translation_error":34.60509736368664,"ADD":0,"ADD_S":0}}
{"id_image":91,"data":{"Best_template_id":108,"GT_R":[-0.8194662394891578,-0.5272880328965376,-0.2245963317545336,-0.20928005685128237,0.6401157998753501,-0.739225021664322,0.5335516287324409,-0.5587663731492971,-0.6349038002764329],"GT_T":[-83.8162068065805,-22.70613129821004,949.814915294657],"R_pred":[-0.7597448772815115,-0.5753246345767228,-0.3029674673849677,-0.21504533662622616,0.662049947961718,-0.7179452413653847,0.613631179650948,-0.48030347828539394,-0.6267099361803179],"T_pred":[-68.24136023306801,-24.756932136089688,889.5300637498261],"rotation_error":6.488087484127801,"translation_error":62.29803332086334,"ADD":0,"ADD_S":0}}
{"id_image":109,"data":{"Best_template_id":108,"GT_R":[-0.8173246089260977,-0.525500532126184,-0.2362848357288518,-0.18997289552742613,0.6329376501037255,-0.7505336307563417,0.5439588014056485,-0.5685421416136082,-0.6171461852967889],"GT_T":[-84.95981949046721,-7.940911403609815,952.8549158322174],"R_pred":[-0.8636986677651332,-0.46177430989009716,-0.20196311055798935,-0.1682104300417759,0.641838527297914,-0.7481634554702646,0.4751103687838174,-0.612215478080692,-0.6320303361964005],"T_pred":[-81.86565871795649,-10.245466413726016,961.2365743777326],"rotation_error":4.932774703471021,"translation_error":9.226971586300849,"ADD":1,"ADD_S":1}}
{"id_image":125,"data":{"Best_template_id":108,"GT_R":[-0.8182422758717774,-0.5328945989748489,-0.21564670602090347,-0.20056050709011322,0.6161709068889414,-0.7616491365740788,0.538753077838411,-0.5799630777295639,-0.6110548831051962],"GT_T":[-104.07135768882291,-0.33337022090552626,951.4967408548358],"R_pred":[-0.8131966840409649,-0.524195484043449,-0.25284431489205644,-0.1931169306046321,0.6528747116219362,-0.7324346128074641,0.5490145755611819,-0.5467848803990729,-0.6321465735004397],"T_pred":[-91.32831003700636,-3.083233946077999,906.3888571704874],"rotation_error":2.9749180833072866,"translation_error":46.953894241523685,"ADD":0,"ADD_S":0}}
{"id_image":148,"data":{"Best_template_id":140,"GT_R":[-0.8114798784528234,-0.5477906252069963,-0.20353409307738296,-0.22179234109569482,0.6109305424791689,-0.7599819077889691,0.5406563230524806,-0.571567767446924,-0.6172538274695681],"GT_T":[-99.67884995523835,-18.39925627850204,944.8276764455444],"R_pred":[-0.8351085517778294,-0.5281513856911628,-0.1537849815165351,-0.27253296865687243,0.640089857329762,-0.7183388862776656,0.47782788506177487,-0.5579794694574967,-0.6784831788049884],"T_pred":[-98.98584073635699,-16.28826185412729,995.2983948225399],"rotation_error":5.19915738515521,"translation_error":50.51959988684773,"ADD":0,"ADD_S":0}}
{"id_image":231,"data":{"Best_template_id":108,"GT_R":[-0.7551125684347876,-0.6409546989075672,-0.13778403891613028,-0.2964661992099201,0.521290897696184,-0.800227946905168,0.5847340420438913,-0.5634124811624228,-0.583654355789247],"GT_T":[-91.88382946230267,-19.320753246150183,924.9596189460777],"R_pred":[-0.7777442798123143,-0.6114279056538543,-0.1458415284031475,-0.3417554881386599,0.6060439543045255,-0.7182714749856357,0.5275576002166313,-0.508789388292126,-0.6803060611335117],"T_pred":[-82.42609238156552,-25.933743886284372,859.4886294714803],"rotation_error":7.3638317006016525,"translation_error":66.48030459224523,"ADD":0,"ADD_S":0}}
{"id_image":357,"data":{"Best_template_id":108,"GT_R":[-0.6121529064967605,-0.7906965766674837,0.008326547170543507,-0.4137926722804273,0.31134680116589647,-0.8554757105522143,0.6738290612193423,-0.527126878468046,-0.5177761564281428],"GT_T":[-83.57162424336575,-25.550469605517776,919.1591057368393],"R_pred":[-0.6405296687860776,-0.767453625142057,-0.027141788097192088,-0.39485819710315684,0.35945740231037604,-0.8455042164913915,0.6586415926626881,-0.53085337823225,-0.5332784856284432],"T_pred":[-66.1687923792648,-19.377608235517876,830.3260374862836],"rotation_error":3.1014878467872773,"translation_error":90.73189510415448,"ADD":0,"ADD_S":0}}
{"id_image":521,"data":{"Best_template_id":140,"GT_R":[-0.5090517373273834,-0.8607361177258428,-0.0011489148442287577,-0.4141364654871216,0.24609625440912544,-0.8763147720221276,0.7545579344768807,-0.44561340772007385,-0.48173795372844386],"GT_T":[-30.15362884409178,-38.382235046717085,932.1763928643387],"R_pred":[-0.4229830347725912,-0.905224763000097,0.040663014472454684,-0.35437203213697577,0.12395233722170951,-0.9268528906662512,0.8339699126069712,-0.4064528835531786,-0.37321607457025097],"T_pred":[-20.308146305826767,-16.339604206747705,850.6658536364596],"rotation_error":9.23042331734929,"translation_error":85.01046468510845,"ADD":0,"ADD_S":0}}
{"id_image":526,"data":{"Best_template_id":108,"GT_R":[-0.5113065888570326,-0.8593985761634181,0.0005778451280856805,-0.4085329642880944,0.2424682715515679,-0.8799487677686834,0.7560870187501915,-0.4501592047105172,-0.47506878596905494],"GT_T":[-35.09108864948092,-33.53550713222715,931.981229663166],"R_pred":[-0.5722610722268677,-0.8094152385966489,-0.13177342957245047,-0.44175955426502506,0.43964087268940155,-0.7820258303128276,0.6909166096059074,-0.3893107686520258,-0.6091562722177675],"T_pred":[-19.216614401203316,-31.533220186896763,895.4700613429492],"rotation_error":12.788705021637421,"translation_error":39.86318474203829,"ADD":0,"ADD_S":0}}
{"id_image":537,"data":{"Best_template_id":108,"GT_R":[-0.5048161100848573,-0.8632267177382146,0.0013618147426093905,-0.4042753588991958,0.2350257048420005,-0.8839258710155523,0.7627076964864318,-0.44676971938757093,-0.4676259046089636],"GT_T":[-35.02228869711002,-29.581341569744044,932.8721321204737],"R_pred":[-0.31999116304254327,-0.7456811656646285,-0.5844358431408203,-0.04939006903603754,0.6291611928567117,-0.775704076619258,0.9461322722829488,-0.21935312301437854,-0.23815526609450183],"T_pred":[0.24294330368995914,-25.670794822944778,831.6399579115208],"rotation_error":37.395524689078734,"translation_error":107.2701359139669,"ADD":0,"ADD_S":0}}
{"id_image":542,"data":{"Best_template_id":108,"GT_R":[-0.5004280421653489,-0.8657733298206053,0.0031638822827214715,-0.403277601033764,0.22986236958364342,-0.8857370190994085,0.7661201248095783,-0.4445227706319614,-0.4641766621399889],"GT_T":[-34.229661279844336,-28.317723284206906,932.4013535357305],"R_pred":[-0.5265933447651716,-0.8444692891026824,-0.09783184047864762,-0.3519716352365832,0.3213290286929612,-0.8791266252981558,0.7738316465730222,-0.42850819721639954,-0.46643896458211603],"T_pred":[-14.573118425980798,-14.996397921906132,786.2376780886746],"rotation_error":6.106977436614972,"translation_error":148.07990210209613,"ADD":0,"ADD_S":0}}
{"id_image":552,"data":{"Best_template_id":108,"GT_R":[-0.4889623990458217,-0.8722745528474963,0.0073060917518657665,-0.4042008052697018,0.2191404294970423,-0.8880315035251398,0.7730058544056371,-0.4371669504333097,-0.45972539261487394],"GT_T":[-28.67599645820542,-29.418055818951622,932.2308089789464],"R_pred":[-0.5206125010967273,-0.8480363661008682,-0.09897952046885483,-0.41122839374403075,0.3506578606229662,-0.84138592391484,0.7482338082982581,-0.39733284102092403,-0.5312934985163348],"T_pred":[-8.731553393794353,-18.49218472983181,780.8359981301115],"rotation_error":8.08200824188124,"translation_error":153.09325334631853,"ADD":0,"ADD_S":0}}
{"id_image":558,"data":{"Best_template_id":108,"GT_R":[-0.48648548325522945,-0.8736504265828472,0.008221348560850451,-0.3995788601754151,0.21411489502081715,-0.8913429618425347,0.77696135188775,-0.43691030511771634,-0.4532558197538754],"GT_T":[-28.814969313964728,-24.834033206221626,933.1959551533736],"R_pred":[-0.5379821952359338,-0.8411139948849157,-0.05569923893433132,-0.44303033005533143,0.3383423579946274,-0.8302099586476301,0.7171466267508966,-0.4219617238510784,-0.5546611752632742],"T_pred":[-13.269124365654248,-17.798593973359967,831.7809669404453],"rotation_error":8.402533328999892,"translation_error":102.84051018244017,"ADD":0,"ADD_S":0}}
{"id_image":564,"data":{"Best_template_id":140,"GT_R":[-0.4849894921240567,-0.8744921226793999,0.007037445735710373,-0.3972703355984324,0.21314137935635802,-0.8926071209631857,0.779078227196244,-0.4357007917519248,-0.45078102038123863],"GT_T":[-30.131620724345016,-24.86198297068865,933.7661425263265],"R_pred":[-0.43830442180751394,-0.8966997108557404,0.06179694470775082,-0.3025375943685758,0.08243932027136958,-0.9495655651227408,0.8463806695675749,-0.43489468498065903,-0.30741889199903993],"T_pred":[-16.491906382564956,0.0032961971148267144,814.5323952109932],"rotation_error":9.94076496715183,"translation_error":122.56023178125486,"ADD":0,"ADD_S":0}}
{"id_image":570,"data":{"Best_template_id":108,"GT_R":[-0.48369782877382916,-0.8752007452698528,0.007824372169440867,-0.3983343601839687,0.2121695821198638,-0.892364481888732,0.7793371347394662,-0.43475083292929634,-0.4512485795191726],"GT_T":[-31.784426930276396,-27.120995358821787,933.4661297862773],"R_pred":[-0.5687988106167067,-0.810341957270518,-0.14076159038603353,-0.32234131959381107,0.37708437323091304,-0.868276136460959,0.756679579956761,-0.4485011569127053,-0.4756918388247002],"T_pred":[-12.711701630934233,-16.57062971877632,788.5462947733712],"rotation_error":10.60921236319297,"translation_error":146.54977872944997,"ADD":0,"ADD_S":0}}
{"id_image":576,"data":{"Best_template_id":108,"GT_R":[-0.4787732362007416,-0.8779145839205282,0.006527880767041994,-0.3977713776759166,0.21028583148458127,-0.8930612245735041,0.7826584496752466,-0.43017015415558224,-0.44988830489586823],"GT_T":[-28.760545336482004,-26.820419395867358,933.2617441600493],"R_pred":[-0.5017610193741431,-0.8626758911193906,-0.06345223650893556,-0.42015446103017795,0.30718105261736117,-0.853879400026333,0.756112497127948,-0.4017836579482233,-0.5165886021707057],"T_pred":[-10.495348947232811,-16.328371784831077,783.7470156978465],"rotation_error":6.1527304168169685,"translation_error":150.99123977680404,"ADD":0,"ADD_S":0}}
{"id_image":591,"data":{"Best_template_id":108,"GT_R":[-0.47321961988977984,-0.8808727242412759,0.01125205849084671,-0.3922831185676713,0.19927055439537006,-0.8980006479725927,0.7887823124416247,-0.42936563926841287,-0.4398501738148676],"GT_T":[-29.802966555321078,-22.07901856759726,933.3171585525571],"R_pred":[-0.4977908890250183,-0.85652466273162,-0.13627080735127,-0.36410831153039813,0.3489911088509339,-0.8634988960140476,0.7871654008390898,-0.3802245495433997,-0.48559234306808663],"T_pred":[-9.454212447778529,-13.219532009407542,830.0889505204204],"rotation_error":9.237032388769398,"translation_error":105.5870504812501,"ADD":0,"ADD_S":0}}
{"id_image":594,"data":{"Best_template_id":108,"GT_R":[-0.4665114323993228,-0.8844500955072184,0.01080920903390506,-0.3921348453525145,0.1958497187501485,-0.8988180441252858,0.7928420234275865,-0.4235468142431394,-0.43818912363431634],"GT_T":[-24.14087781349128,-20.519060468145298,933.5103648795358],"R_pred":[-0.48745113661595174,-0.87051397637583,-0.06779975181486708,-0.4649167649951106,0.3244910563739456,-0.8237462934422233,0.7390830745175387,-0.3700148257403495,-0.562890076030872],"T_pred":[-6.3336516389903705,-12.419046617198429,803.4150797282457],"rotation_error":9.563966993536472,"translation_error":131.55793684537184,"ADD":0,"ADD_S":0}}
{"id_image":617,"data":{"Best_template_id":108,"GT_R":[-0.4618786088573149,-0.8867056368172577,0.02053807392000158,-0.3874566399611435,0.18088550504950598,-0.9039678160527473,0.7978387684075796,-0.4254810032337348,-0.4271067137796452],"GT_T":[-29.18511269702998,-17.6658056943081,931.6320579178163],"R_pred":[-0.5232163613027756,-0.8519318781694689,-0.02137087325601117,-0.5568944972573246,0.3607853726336878,-0.748132631167818,0.6450683360618431,-0.3795339113336409,-0.663204984871339],"T_pred":[-15.898025715976518,-18.412740636010426,872.3913395982422],"rotation_error":16.926135547300735,"translation_error":60.71710878548429,"ADD":0,"ADD_S":0}}
{"id_image":629,"data":{"Best_template_id":108,"GT_R":[-0.4615777121880414,-0.8867963967007638,0.023207810858940497,-0.3872117798855851,0.17786792750476227,-0.9046712234694194,0.7981318442733414,-0.42656207176598837,-0.4254775329742699],"GT_T":[-36.42966438110035,-21.86390593804732,927.9370690155587],"R_pred":[-0.42793776004497125,-0.8830633235274377,-0.19253166017143347,0.09265361617033524,0.16903741235122882,-0.9812449544513135,0.8990464843033714,-0.4377505224054863,0.009481518626828445],"T_pred":[-14.12179284228442,-8.316675061189057,794.5813126986094],"rotation_error":28.459958385576662,"translation_error":135.88571058021066,"ADD":0,"ADD_S":0}}
{"id_image":631,"data":{"Best_template_id":108,"GT_R":[-0.4635072561606935,-0.8857076090674817,0.0261642457337013,-0.38606598094653144,0.17528153315454167,-0.9056650992812115,0.797568148919123,-0.42988292270581463,-0.42318566526885876],"GT_T":[-38.627813812134484,-20.943038179535492,927.3869173234151],"R_pred":[-0.542936583604801,-0.8389842969760306,-0.036403510973290254,-0.49652725816450816,0.35567684044897396,-0.7918046899759249,0.6772595869260047,-0.4118243977666579,-0.6096885412413019],"T_pred":[-20.99199674230415,-14.960996278117554,800.0002676397386],"rotation_error":14.0520046524769,"translation_error":128.74069048541944,"ADD":0,"ADD_S":0}}
{"id_image":651,"data":{"Best_template_id":108,"GT_R":[-0.4541963348564176,-0.8904622931631897,0.027991996112675863,-0.3761620839188619,0.16319687416263023,-0.9120683343853603,0.8075944269246793,-0.42478732395589053,-0.4090814498786341],"GT_T":[-37.43244438394389,-13.974142541020228,925.2970743119295],"R_pred":[-0.432429316888432,-0.8874194264156297,-0.15966103944155868,-0.2693664294863578,0.29613031949658164,-0.9163779572537871,0.8604920758270671,-0.35326136994441876,-0.36709643412026965],"T_pred":[-14.008367062973436,-1.999982414634423,804.9027668665475],"rotation_error":11.073036580258917,"translation_error":123.2349673360783,"ADD":0,"ADD_S":0}}
{"id_image":669,"data":{"Best_template_id":108,"GT_R":[-0.44703035275713593,-0.8940644085956045,0.02852744497629984,-0.37974608850915587,0.16080406476726206,-0.9110076427237405,0.8099116680652552,-0.41808144132624725,-0.411401352646005],"GT_T":[-37.52540408950295,-21.102827284304283,919.4354985594097],"R_pred":[-0.42283454740383847,-0.9015192892269405,-0.09205387918791552,-0.3695909847569029,0.26430763530047297,-0.8908108541706794,0.8274137112159878,-0.3426433204859314,-0.44495180123038214],"T_pred":[-13.868439000339382,-7.458685981165622,733.7316181883814],"rotation_error":7.423457148631217,"translation_error":187.70121409832996,"ADD":0,"ADD_S":0}}
{"id_image":762,"data":{"Best_template_id":108,"GT_R":[-0.4012476229669275,-0.9158685479347759,0.013638601074045943,-0.3485472095231997,0.1388970221372048,-0.9269425304131466,0.8470625655702679,-0.37668749976656896,-0.37495540313238035],"GT_T":[-31.506960134458993,-6.462570582239927,912.2905766634841],"R_pred":[-0.31002046747490075,-0.932549031682989,-0.18503949106545797,-0.31875766966304503,0.2853186635796626,-0.9038732257590665,0.8957013217460545,-0.22123644302021112,-0.3857117816480796],"T_pred":[-8.901280516679654,2.1052588573224407,773.0003318865492],"rotation_error":12.681501369287396,"translation_error":141.37254592849894,"ADD":0,"ADD_S":0}}
{"id_image":1024,"data":{"Best_template_id":108,"GT_R":[-0.29418929873253497,-0.9555244059903653,-0.020638479372097104,-0.32457273706405815,0.12019443868056828,-0.9381926822197834,0.8989472186540348,-0.26930764503111565,-0.34549762043027565],"GT_T":[-17.19678922388703,-12.943507465160916,904.1187134223994],"R_pred":[-0.17625492844055235,-0.8978995645714828,0.4033739854561237,-0.4014740833746858,0.4397301848667763,0.8034027165098996,-0.8987506665248551,-0.02034051276079346,-0.4379880169157102],"T_pred":[-17.088478133880415,-62.53277829854923,656.7998766478929],"rotation_error":131.30831546027432,"translation_error":252.24138149117078,"ADD":0,"ADD_S":0}}
{"id_image":1036,"data":{"Best_template_id":108,"GT_R":[-0.30178826834054573,-0.9530255739755378,-0.025833402211058832,-0.3131300150915416,0.12467673646867027,-0.9414911547872681,0.9004853117515984,-0.2760413083228572,-0.3360469793571263],"GT_T":[-24.892963001660263,-6.780257422098201,904.6936071184175],"R_pred":[-0.4385843652202608,-0.8917577124557833,-0.11140887244725656,-0.1187670433324931,0.18039508523204517,-0.9763974614070751,0.8908075796727362,-0.41500095843232854,-0.1850298908226724],"T_pred":[-0.10770705929441113,6.776991326067406,765.1147161090156],"rotation_error":13.717793143355202,"translation_error":142.40918060701955,"ADD":0,"ADD_S":0}}
{"id_image":1052,"data":{"Best_template_id":108,"GT_R":[-0.3026387606546732,-0.9526447745098855,-0.02963973235817878,-0.31193168925368137,0.12838469183132686,-0.9413907512600845,0.9006161682293907,-0.27565522506350654,-0.3360136045885995],"GT_T":[-29.172675906997252,-7.288262984610654,903.0197898344888],"R_pred":[-0.8399399452606341,0.43149537522823084,0.3291088414373144,0.2684177624765797,0.8574051034735101,-0.4390995255345256,-0.47164901477966586,-0.2804785726115764,-0.8359898188154824],"T_pred":[-4.503676407955082,-55.719832457354606,1875.6743513020797],"rotation_error":113.37390114053923,"translation_error":974.171993234043,"ADD":0,"ADD_S":0}}
{"id_image":1067,"data":{"Best_template_id":108,"GT_R":[-0.3060708201839925,-0.9514640509884716,-0.03220403270993508,-0.30849395463630686,0.13112594961829485,-0.9421450640940701,0.9006398811099255,-0.2784281469314098,-0.33365554767322103],"GT_T":[-37.24583431372048,-4.40335501034296,901.9319070478948],"R_pred":[-0.11423015535448156,-0.9472267022031418,-0.29952136191105233,-0.31401767482244797,0.3204638165486414,-0.893697847251621,0.9425202233940628,-0.008032242304556625,-0.33405255810540746],"T_pred":[-4.4483410198133555,2.6669090025326385,741.7666911745399],"rotation_error":19.151104495856078,"translation_error":163.64156127137758,"ADD":0,"ADD_S":0}}
{"id_image":1095,"data":{"Best_template_id":108,"GT_R":[-0.3114255720464207,-0.9499475691396212,-0.02478289423607374,-0.31243292242867265,0.1269861403503957,-0.9414141821828367,0.8974416928817023,-0.28543693347590204,-0.33634127224747234],"GT_T":[-48.760163962960924,-6.936260266459032,902.4073336338154],"R_pred":[-0.3226111592246588,-0.4615705185984054,0.8263623274959483,-0.46050527849997797,0.8392900613026457,0.28901052138678057,-0.8269564247391633,-0.2873061944326994,-0.48331999981711943],"T_pred":[-49.33318694707444,-44.10638858659499,885.5256774058817],"rotation_error":120.02457441792737,"translation_error":40.82814117338467,"ADD":0,"ADD_S":0}}
{"id_image":1102,"data":{"Best_template_id":140,"GT_R":[-0.311454827656822,-0.9498462325649281,-0.028088604820421244,-0.3094439107320986,0.1293261971896588,-0.9420829100455885,0.8984658808527795,-0.2847240490778895,-0.33420298555046246],"GT_T":[-50.91955113378989,-5.981721005171458,903.0423206319774],"R_pred":[-0.9217527775674098,-0.2883922488879449,-0.2592329605357291,0.11155538404090184,0.44304186099295495,-0.8895331953892366,0.3713855319452444,-0.8488485260570654,-0.37620335786977677],"T_pred":[-3.383935671725933,-0.4178735807195366,801.7941693401694],"rotation_error":55.591526556945816,"translation_error":111.9900856126498,"ADD":0,"ADD_S":0}}
{"id_image":1130,"data":{"Best_template_id":108,"GT_R":[-0.3006601229848025,-0.9533242657960685,-0.027867802089011656,-0.3136159856416814,0.12641842399094985,-0.941096734896474,0.9006932829835976,-0.27420975787979107,-0.3369869274883071],"GT_T":[-47.789133350796334,-4.91495184928773,900.4801634077382],"R_pred":[0.20448899239037854,0.7567102521615681,-0.6209459286159659,-0.031223783937898764,-0.6289852907006932,-0.7767899197329765,-0.97837075145763,0.17823326949742213,-0.10499321090666813],"T_pred":[-53.398695478637805,-1.0299805206605417,1201.819968296757],"rotation_error":178.15223397377594,"translation_error":301.41705028090604,"ADD":0,"ADD_S":0}}
{"id_image":1144,"data":{"Best_template_id":108,"GT_R":[-0.2900048919610715,-0.9565903989356102,-0.02885172852657385,-0.3149771819854327,0.12387063856751444,-0.94098097376895,0.9037072723013978,-0.26380102888922546,-0.33722726379145196],"GT_T":[-43.25803698529872,-2.373311408050748,895.274779949894],"R_pred":[-0.969491775708562,-0.18868730521068655,-0.15646979799880983,-0.2197700771843799,0.9518102550634647,0.2139120181999949,0.10856707607663953,0.24177332195333806,-0.9642400379489625],"T_pred":[-20.11595243723254,-38.0628705344877,1085.8221684299635],"rotation_error":95.40798607965614,"translation_error":195.23731191666167,"ADD":0,"ADD_S":0}}
{"id_image":1150,"data":{"Best_template_id":108,"GT_R":[-0.2891201927893077,-0.9567944124398101,-0.03089275816444423,-0.3120575744690025,0.12470577469654365,-0.9418431872329128,0.905002806899108,-0.26266542107971064,-0.3346298362469197],"GT_T":[-44.04964568151234,-0.013058031645462265,894.0376147504414],"R_pred":[-0.8733746424792672,-0.33903622901832825,0.34967294617577116,-0.2497853009763363,0.9281299938530361,0.2760109018254983,-0.41811964470755636,0.1537177605984275,-0.8952914680629048],"T_pred":[-35.16617192138442,-35.98413296906851,1006.3457817032299],"rotation_error":108.0398602388464,"translation_error":118.26224546530477,"ADD":0,"ADD_S":0}}
{"id_image":1157,"data":{"Best_template_id":108,"GT_R":[-0.28946974422152144,-0.9566566938942557,-0.0318782836132529,-0.30920674912573465,0.12497616652589418,-0.9427469720123317,0.9058691606309762,-0.26303916990084125,-0.3319808759552876],"GT_T":[-46.914406620794274,1.3339430541901818,891.4692423157328],"R_pred":[-0.7696285029618004,-0.08929667056592219,0.6322167919745719,-0.230187534105839,0.9623902380921886,-0.1442869667264968,-0.5955549232195559,-0.25657578656354374,-0.761237938609373],"T_pred":[-49.781124120489366,-39.23505435609952,1454.3248989970637],"rotation_error":107.5704050414597,"translation_error":564.3230917464492,"ADD":0,"ADD_S":0}}
{"id_image":1168,"data":{"Best_template_id":108,"GT_R":[-0.28979449819485936,-0.9564215055772634,-0.03573486102613168,-0.2955618511745784,0.1249419436415496,-0.9471185524104122,0.910309410241104,-0.26390773444182125,-0.3188895187662851],"GT_T":[-51.20338486323171,10.519498232703015,889.2762602656217],"R_pred":[0.04894946312921056,-0.9716514088240097,0.2312952437679589,-0.024388841370130088,0.23034102932320327,0.972804294103881,-0.9985034474031549,-0.05325927093609778,-0.012422382354871586],"T_pred":[-27.574806133721985,-49.661333797501854,608.9002946975811],"rotation_error":159.18342324887666,"translation_error":287.73377338233246,"ADD":0,"ADD_S":0}}
{"id_image":1172,"data":{"Best_template_id":140,"GT_R":[-0.289152211088006,-0.9565851933400629,-0.036565036734476655,-0.2986872326669627,0.12644352908510398,-0.9459381769207961,0.9094938040435275,-0.2625980373319184,-0.3222807979678099],"GT_T":[-53.694293620675325,9.339958023123836,888.9302351818666],"R_pred":[-0.9554744828737305,-0.1951672578226266,0.2213103116693249,-0.18023046052789546,0.9798584301669937,0.08599091770981632,-0.23363538617914892,0.042275268238889746,-0.9714048116106128],"T_pred":[-48.55727408200553,-23.839113281924973,1085.592005946931],"rotation_error":100.34819653529037,"translation_error":199.50712223591657,"ADD":0,"ADD_S":0}}
{"id_image":1179,"data":{"Best_template_id":108,"GT_R":[-0.28121297410509727,-0.9588106476294247,-0.04003188353907933,-0.29777612024317396,0.12684024906585362,-0.9461714355376791,0.9122763158837149,-0.25415457020781773,-0.32118054163784654],"GT_T":[-52.18597669370578,10.658159659049046,887.9284901130698],"R_pred":[-0.12081190515466356,-0.9850756421273459,-0.1225987881681444,-0.07967756507836538,0.13272770413282586,-0.9879447566432102,0.9894725712196794,-0.10958711531483051,-0.0945235153858055],"T_pred":[-16.999754958249913,25.766241745140437,619.7738664453824],"rotation_error":16.30182310211303,"translation_error":270.87492785175925,"ADD":0,"ADD_S":0}}
{"id_image":1269,"data":{"Best_template_id":108,"GT_R":[-0.22240837116737988,-0.9744019700215982,-0.03281073156042559,-0.34231162929989173,0.10955557744273524,-0.9331783443021964,0.9128847206651701,-0.19631447372596045,-0.35791446642079217],"GT_T":[-43.22388030181032,-5.183162907611317,868.6377342256827],"R_pred":[-0.3883254707936819,-0.03744427448359944,0.9207612367173491,-0.7926865364686558,0.5231212040489406,-0.3130371555833475,-0.46994827761594327,-0.85143533646589,-0.23282286009544872],"T_pred":[-76.43547088008395,-50.8170361909023,1055.814365434854],"rotation_error":103.4475695426711,"translation_error":195.5007708690388,"ADD":0,"ADD_S":0}}
{"id_image":1554,"data":{"Best_template_id":108,"GT_R":[-0.04113882634785455,-0.9987984658408026,-0.02665662767674156,-0.37024168226261506,0.040018743928304394,-0.9280736760598602,0.9280247163212035,-0.02831015571688633,-0.37144251940129025],"GT_T":[-16.757313875944913,-14.728106700778469,884.7763715345974],"R_pred":[-0.7700833872341417,0.21223982108496345,-0.6016027219451503,-0.3755263293510669,0.6115232151234824,0.6964332942422793,0.5157049085185297,0.7622293721123989,-0.3912222279204405],"T_pred":[11.658720917141345,-92.19950348464013,1045.5715949708256],"rotation_error":121.49259268650506,"translation_error":180.73293068201755,"ADD":0,"ADD_S":0}}
{"id_image":1557,"data":{"Best_template_id":108,"GT_R":[-0.04355851552915704,-0.9986981922825339,-0.02656429421820288,-0.3782955648035652,0.04109763820240421,-0.9247723747473084,0.9246601045206583,-0.03023233081678574,-0.37959344324301597],"GT_T":[-22.0858640401838,-20.20373067449325,884.7237039154122],"R_pred":[-0.7487700349769807,-0.608458769473633,0.2629094151437019,-0.5139326160184194,0.7834337176469708,0.3494350815907147,-0.4185889402660261,0.1265287947641881,-0.8993184992996014],"T_pred":[-34.52595447052211,-94.52373872815458,1361.1312563442727],"rotation_error":104.85467765990201,"translation_error":482.33015192735854,"ADD":0,"ADD_S":0}}
{"id_image":1568,"data":{"Best_template_id":108,"GT_R":[-0.04427828399327104,-0.998727579505315,-0.024148147709145883,-0.38849899765805085,0.039483155255801226,-0.9206031695229024,0.920384904105056,-0.031381160064972935,-0.3897532223274249],"GT_T":[-33.89326470189163,-29.07253220451088,886.9471217597705],"R_pred":[-0.6935957474225009,0.020565561698109497,0.7200708276478527,-0.3298917563169441,0.8795469400485236,-0.3428827924603397,-0.64038767029944,-0.4753674767201893,-0.6032656080078955],"T_pred":[-61.41508000235638,-80.42305969456713,1179.5153011012535],"rotation_error":115.72258556457837,"translation_error":298.31269928404,"ADD":0,"ADD_S":0}}
{"id_image":1575,"data":{"Best_template_id":108,"GT_R":[-0.04433890279812223,-0.9987467135533074,-0.023215969552106478,-0.38979374215975604,0.038692202377205505,-0.9200889652885144,0.919834342259586,-0.031745949656397925,-0.39102148520789753],"GT_T":[-39.99755036783673,-27.56525270119496,888.9500393758713],"R_pred":[-0.5485579639145273,-0.836111456868273,0.0013386259979034643,0.04811917752185685,-0.033168420018942824,-0.998290739548388,0.8347267247312551,-0.5475559218993629,0.05842779657295616],"T_pred":[-51.494608195702014,-66.21964375557172,1210.6380956439796],"rotation_error":40.5279643756947,"translation_error":324.2060299131335,"ADD":0,"ADD_S":0}}
{"id_image":1582,"data":{"Best_template_id":108,"GT_R":[-0.03637156123767781,-0.9991211755013452,-0.020838803143827737,-0.3880678138151275,0.03333692034928525,-0.9210280072514087,0.9209125681452018,-0.025411689602772927,-0.38893916762444597],"GT_T":[-37.41085865840354,-23.265459466210608,890.5599409457342],"R_pred":[-0.5426056976170474,-0.5137429549384673,-0.6645654468632936,-0.030076521984455484,0.8025363795656637,-0.595844578979246,0.8394489023989702,-0.30332084617567623,-0.4509124133758526],"T_pred":[-20.695813359104346,-84.52124644828837,1683.1296474680287],"rotation_error":56.96729159693892,"translation_error":795.1090515614743,"ADD":0,"ADD_S":0}}
{"id_image":1587,"data":{"Best_template_id":108,"GT_R":[-0.03348243346470247,-0.9989307906102476,-0.03188410186620176,-0.38523020206481295,0.04233573639765674,-0.921848832115867,0.9222131192726656,-0.018582803668465018,-0.3862359469613228],"GT_T":[-35.59479078837398,-21.032819780474554,891.0375397739482],"R_pred":[-0.7942092208508313,-0.39004858034974754,0.46593327685695735,-0.6076277445462993,0.504114268663244,-0.6137241466552377,0.0044986190206217636,-0.770539362458057,-0.637376539676225],"T_pred":[-61.12031931906368,-93.05898157222609,1730.815428113128],"rotation_error":75.90111060431163,"translation_error":843.2474265200188,"ADD":0,"ADD_S":0}}
{"id_image":1592,"data":{"Best_template_id":108,"GT_R":[-0.028716260851723848,-0.9990920439149077,-0.03149237294043285,-0.3866596011028347,0.04015491186050629,-0.9213478639471413,0.921775761585151,-0.014280375291370334,-0.3874607730182641],"GT_T":[-34.89841797784174,-21.34620345423177,891.9904295091533],"R_pred":[-0.3264783833681981,-0.3129084024870052,0.8919081773626243,-0.2734416944529941,0.9345321538559263,0.2277702639592782,-0.9047880994619477,-0.1695228157577446,-0.39066675058110906],"T_pred":[-58.357326034709914,-74.77940133203072,934.0585501467694],"rotation_error":136.5901197401043,"translation_error":71.93854166335068,"ADD":0,"ADD_S":0}}
{"id_image":1595,"data":{"Best_template_id":108,"GT_R":[-0.025631652281655287,-0.9992181714254689,-0.03011958343547778,-0.3883360914452767,0.03771558293092599,-0.9207458783955701,0.9211619553964306,-0.011903670580549522,-0.3889998333093202],"GT_T":[-35.71102241826402,-22.163364604444478,893.736902294288],"R_pred":[-0.5464087029236231,-0.506034862803812,-0.6673576604763376,-0.08961981884240683,0.8275796038455899,-0.5541482539622682,0.8327099239470956,-0.2429829560399316,-0.49754745063573447],"T_pred":[5.121065905696113,-51.863889786827485,1030.6407951841186],"rotation_error":57.33375015914201,"translation_error":145.9179787462643,"ADD":0,"ADD_S":0}}
{"id_image":1614,"data":{"Best_template_id":108,"GT_R":[0.0015014219836133854,-0.9991677198568438,-0.04077233557380547,-0.39870718305447594,0.03679337305671373,-0.9163403895157575,0.9170772276685328,0.01763288222326856,-0.3983198218565212],"GT_T":[-16.51648838216118,-33.16944846583128,890.591204545569],"R_pred":[-0.6365012326770266,-0.7427256290782659,-0.20790579768472087,-0.3316717931575123,0.5069462425687823,-0.7956125494039634,0.6963188942031562,-0.4374518797030002,-0.5690130495164463],"T_pred":[-17.92811410613066,-93.00091433134565,1382.9485706260868],"rotation_error":41.96587001799492,"translation_error":495.9814239752794,"ADD":0,"ADD_S":0}}
{"id_image":1615,"data":{"Best_template_id":140,"GT_R":[0.003102768701291044,-0.9991851092863905,-0.04023861012742629,-0.3990194205713604,0.03565936178356698,-0.9162493770683628,0.9169374361667739,0.018898842632762706,-0.39858322547451536],"GT_T":[-16.147027683908437,-33.54686488891372,890.5040090790189],"R_pred":[-0.9839066630833929,0.1145582804168386,0.1371279647921589,0.13100862541473005,0.9843767239129809,0.11764015252153327,-0.12150892315811854,0.13371187608542343,-0.9835429404894688],"T_pred":[-31.242956162294973,-104.20834254255875,1255.3562281523728],"rotation_error":118.84427625479512,"translation_error":371.938265366138,"ADD":0,"ADD_S":0}}
{"id_image":1618,"data":{"Best_template_id":108,"GT_R":[0.004276993056336947,-0.9991909283959822,-0.03999490432769109,-0.39871257358408074,0.03497509198722028,-0.9164087527002084,0.9170661753676483,0.01986536560685899,-0.3982407896175968],"GT_T":[-15.774055922960189,-32.85743710439991,890.6084068799158],"R_pred":[-0.7827253680289824,0.03381251747958096,0.6214480765965785,-0.2517753534428808,0.895964486541439,-0.3658644697907236,-0.569166205639975,-0.4428367108971747,-0.6927809739298313],"T_pred":[-41.25370506410102,-104.68568482112201,1456.373091612236],"rotation_error":115.14592677612555,"translation_error":570.8749321704993,"ADD":0,"ADD_S":0}}
{"id_image":1631,"data":{"Best_template_id":140,"GT_R":[0.010100954909296557,-0.9994030632390575,-0.03305059051994033,-0.39760269938499826,0.026312586704027207,-0.9171804466556686,0.9175023428882346,0.02240573389492957,-0.3970995660195623],"GT_T":[-15.854705776795445,-27.960251883972198,892.44704523031],"R_pred":[-0.6268745249768714,-0.549958145726122,-0.5518825671141527,0.3313896076009878,0.45286384089473175,-0.8277048203219155,0.7051306672589734,-0.7017552134181524,-0.10163839103094008],"T_pred":[5.054386358204787,-35.53906378445542,940.4853874539821],"rotation_error":64.13694124872416,"translation_error":52.93685717278153,"ADD":0,"ADD_S":0}}
{"id_image":1641,"data":{"Best_template_id":108,"GT_R":[0.018019822940830998,-0.9990973549924396,-0.03846630581329367,-0.3887404308285856,0.028444289559066457,-0.9209080849392731,0.9211710419533408,0.03154851752197285,-0.3878774283158755],"GT_T":[-12.19555971084536,-19.95395053270341,896.9593770175713],"R_pred":[-0.905910758483883,-0.4022631200431229,-0.13232565857129827,-0.017549502658033594,0.3478749645616632,-0.9373766713481183,0.42310484825822003,-0.8468573618292484,-0.32220319069803527],"T_pred":[-2.6593804006054254,-38.15996771804284,1264.980384391056],"rotation_error":67.7087121220145,"translation_error":368.59443789317334,"ADD":0,"ADD_S":0}}
{"id_image":1644,"data":{"Best_template_id":108,"GT_R":[0.022291777924422638,-0.9988761393932784,-0.04182771664024696,-0.38515766252224776,0.03002824948978669,-0.9223624064305963,0.9225822708946143,0.03667214137789655,-0.3840552797548466],"GT_T":[-10.444736200418502,-17.334382952444777,898.7697683961404],"R_pred":[0.6933742432241626,0.7176077995414996,-0.06535445562872438,-0.14385900480723846,0.048986038678613494,-0.9883850235360957,-0.7060713459482624,0.6947225446549036,0.13720000138128557],"T_pred":[-64.02986724459628,-80.3681201964844,1688.3828637158601],"rotation_error":134.77733436657704,"translation_error":793.9354247042772,"ADD":0,"ADD_S":0}}
{"id_image":1655,"data":{"Best_template_id":108,"GT_R":[0.026435743908509494,-0.9992999471115094,-0.026487980959735872,-0.400716282856142,0.013682135942761225,-0.9161005067682896,0.915821150970585,0.034832383220967975,-0.4000739565609931],"GT_T":[-16.106201808110654,-27.848293477255215,903.23390267938],"R_pred":[-0.6234771785419152,0.1617395263761853,0.7649291035416419,-0.3518336397575548,0.815666616692347,-0.4592396545907276,-0.6982043381219885,-0.55545323477433,-0.45164411454857817],"T_pred":[-32.56166289452268,-72.49936072916562,1169.5902869729182],"rotation_error":123.4906437501105,"translation_error":270.5738780078891,"ADD":0,"ADD_S":0}}
{"id_image":1671,"data":{"Best_template_id":108,"GT_R":[0.0374857225289952,-0.9989707090675672,-0.025546838186242607,-0.39903694768765924,0.008474018885086861,-0.9168960507789506,0.9161682716378595,0.04456483242149509,-0.3983084545878768],"GT_T":[-11.210245332264654,-22.992955090089488,903.2759515217331],"R_pred":[-0.5669348513125878,-0.666577076209267,-0.4840040039498424,-0.6921464246001573,0.7040511009632249,-0.1588879295153969,0.4466746033528129,0.2449225361308673,-0.8605200462597205],"T_pred":[21.59901746784231,-93.77024802040404,1515.0277149755227],"rotation_error":64.9207752093585,"translation_error":616.7058399341224,"ADD":0,"ADD_S":0}}
{"id_image":1677,"data":{"Best_template_id":108,"GT_R":[0.034101578854355025,-0.9989931090855293,-0.029161537803296625,-0.39797308356869304,0.013191701899270557,-0.9173024878463909,0.9167639830216616,0.042887508135158396,-0.39712266128165924],"GT_T":[-18.155331281277338,-24.05372524425676,907.1067094617428],"R_pred":[-0.7355523005777689,-0.43612917948351354,-0.5184150382828308,-0.2640643697339093,0.889270845829412,-0.3734533055080318,0.6238852632910838,-0.13779949768006894,-0.7692713933894435],"T_pred":[2.775717338481638,-69.43825269700618,1258.603138208532],"rotation_error":67.76983879141035,"translation_error":355.03183455878826,"ADD":0,"ADD_S":0}}
{"id_image":1682,"data":{"Best_template_id":108,"GT_R":[0.02829903269465759,-0.9992813398015391,-0.025229966481508263,-0.40024550249447244,0.011800519448780382,-0.9163317271388164,0.9159713580021547,0.03602906377978938,-0.3996243515335365],"GT_T":[-28.53284185327522,-25.856691897841927,911.3168802882369],"R_pred":[-0.7355803529582117,-0.3501712688818024,-0.5799151893092482,-0.22828405828652756,0.9341025641396349,-0.2744791219746825,0.6378149677407281,-0.06951605654428186,-0.7670460121846839],"T_pred":[-6.224060492599666,-69.19320720473895,1136.7556797753662],"rotation_error":72.9657371933305,"translation_error":230.64775654434925,"ADD":0,"ADD_S":0}}
