{"id_image":1,"data":{"GT_R":[-0.20550198384514076,0.9783972262901468,-0.02253658889045751,0.4742899667560157,0.07942292442464645,-0.8767792710839909,-0.8560488745562379,-0.19086821224432207,-0.4803653400204704],"GT_T":[-63.18673809413142,51.045570551650385,924.6677379121047],"R_pred":[0.21288876726585404,-0.9670398146610467,-0.13968668380469812,-0.4933810608079786,0.017003259370424684,-0.8696470651975869,0.8433584656645232,0.2540568559025927,-0.47349932667414685],"T_pred":[-39.95530355484673,57.45482781025338,748.9125276931672],"rotation_error":179.4612094480058,"translation_error":177.39975210936154,"ADD":0,"ADD_S":0}}
{"id_image":2,"data":{"GT_R":[-0.20550287656146038,0.9784000962105214,-0.02237966597976432,0.473831793029734,0.079463219708371,-0.8770235576657325,-0.8563018341952666,-0.19083549262868907,-0.47992628533515974],"GT_T":[-63.58660199298874,51.7867194810565,924.8469456044058],"R_pred":[0.26857321440267423,-0.9611877891319234,0.06313843939392505,-0.33451565985914516,-0.03160086142343144,0.9418602119562636,-0.9033093057277867,-0.27407922135941315,-0.3300195124604027],"T_pred":[-58.34809291057666,-15.261842715569447,907.7862207316471],"rotation_error":179.38869763420198,"translation_error":69.38313918543396,"ADD":0,"ADD_S":0}}
{"id_image":3,"data":{"GT_R":[-0.20562952644000168,0.9784147631350952,-0.020485040166326247,0.4718451078148828,0.0807836058676306,-0.8779728836974977,-0.857367075380542,-0.1902024721926768,-0.4782720827685688],"GT_T":[-63.91563090952555,53.102222989658515,924.9617504383982],"R_pred":[0.2834141252911283,-0.8555830577400393,0.43319056417894164,-0.4273905507334962,-0.5170595291972263,-0.7416109225261328,0.8584950499153644,0.025041457117098598,-0.5122100884366382],"T_pred":[-77.39763967049721,58.49800996407465,1068.975645404068],"rotation_error":175.00930485158,"translation_error":144.7441916640774,"ADD":0,"ADD_S":0}}
{"id_image":4,"data":{"GT_R":[-0.20582296574447664,0.9783068172179379,-0.02349484561474989,0.4729187653596575,0.07841941942516012,-0.8776097776408459,-0.8567294401539357,-0.19174293088259345,-0.47880015889819516],"GT_T":[-63.5034936516514,53.309392857871565,925.3968084314829],"R_pred":[0.2564464934958822,-0.9614730484067716,0.09901905453525739,-0.23453257572513342,-0.1612819698648209,-0.9586358000410049,0.9376724731468877,0.2226155955541142,-0.26685694616907796],"T_pred":[-42.945589315077164,56.603073519214036,681.5872789754981],"rotation_error":176.4788675239664,"translation_error":244.69687864081834,"ADD":0,"ADD_S":0}}
{"id_image":5,"data":{"GT_R":[-0.20714871347356606,0.9780496227291657,-0.022524581811569955,0.4711006097130422,0.07954643683145385,-0.8784854924080002,-0.857412103393689,-0.19258817930847374,-0.4772373843413157],"GT_T":[-62.7011785317596,53.45160892570037,925.5806655755938],"R_pred":[0.1888366450766077,-0.9816026021042985,-0.028232127413311603,-0.5537139843366785,-0.08268988031958713,-0.8285910977332143,0.8110126663784062,0.17210088679260932,-0.5591419674277593],"T_pred":[-53.38575217443838,58.265616273256974,852.6136351903311],"rotation_error":179.07266683501672,"translation_error":73.71661521125918,"ADD":0,"ADD_S":0}}
{"id_image":6,"data":{"GT_R":[-0.20699462907697297,0.9780842932979854,-0.02246310322131202,0.4725657367659737,0.07985349322514063,-0.8776709176256539,-0.8566423883719249,-0.19228834872761,-0.4787382591169461],"GT_T":[-63.41778699894853,53.72973619326156,925.5361768650845],"R_pred":[0.2585254469318683,-0.9599160649755323,-0.10828546296972258,-0.5549066684641064,-0.0558136537976851,-0.8300382071590551,0.7907232022539517,0.27467432397594355,-0.5470930754136945],"T_pred":[-43.15435298101323,59.96341253766886,781.5497456969896],"rotation_error":176.56913722518826,"translation_error":145.538853367376,"ADD":0,"ADD_S":0}}
{"id_image":7,"data":{"GT_R":[-0.2056800277726708,0.9783687786099073,-0.022149539383034694,0.47158804103218,0.07925787524860609,-0.8782502676771389,-0.8574969009877283,-0.19108377213478422,-0.4776887444350933],"GT_T":[-63.41860663150711,53.78402536719062,925.3613609150203],"R_pred":[0.3281311664683281,-0.9281459505595828,0.17571292511361608,-0.6680657273647055,-0.09650318146129389,0.7378179449488308,-0.6678458815571164,-0.3594888460407323,-0.6517282010619925],"T_pred":[-57.343425466737706,2.156104674056259,849.6896238338729],"rotation_error":177.10570271929893,"translation_error":91.80719914124185,"ADD":0,"ADD_S":0}}
{"id_image":8,"data":{"GT_R":[-0.20674592881193488,0.9780676161161235,-0.025283100929871502,0.47096320689345333,0.07683595439718713,-0.8788004056523002,-0.8575841694176971,-0.19359502284149704,-0.47651887709469365],"GT_T":[-62.51064683064639,53.359346433566664,925.106727108134],"R_pred":[0.24808731044119636,-0.9357198635876574,0.25076088866796936,-0.5871923415281664,-0.35113140170695367,-0.7293229002204574,0.7704919470369065,0.033690883378237446,-0.6365587827753781],"T_pred":[-65.6906359185653,55.119679729542796,955.4882585564226],"rotation_error":178.56917586929143,"translation_error":30.59817898267073,"ADD":0,"ADD_S":1}}
{"id_image":9,"data":{"GT_R":[-0.20886688320445182,0.9776691991548176,-0.023151262888108298,0.471898247151902,0.08002353583370145,-0.8780142058428316,-0.8565554292127329,-0.19431357723095122,-0.47807513696567944],"GT_T":[-62.137298547717855,52.27700534605977,924.9617771877513],"R_pred":[0.3250452719020329,-0.9326028219883323,-0.1568360533599738,-0.5973923399216449,-0.33104918552302665,0.7304305777878434,-0.7331220658369759,-0.1437303488618179,-0.6647357545664178],"T_pred":[-41.03593975980817,0.2641639237247506,890.9313382701757],"rotation_error":167.43290498180963,"translation_error":65.64048894123127,"ADD":0,"ADD_S":0}}
{"id_image":10,"data":{"GT_R":[-0.2088232718526756,0.9776546855033107,-0.024170040905475622,0.47189833876411685,0.0790868392762508,-0.8780989749047141,-0.8565659575477946,-0.19477334922297534,-0.4778690084374201],"GT_T":[-62.20505917757957,52.11822810964038,924.7582730706388],"R_pred":[0.2707803401311639,-0.9612826285050629,-0.05112451009885416,-0.48431564467749105,-0.09014280128316032,-0.8702371123420619,0.8319353122202933,0.2604035013420932,-0.4899731143335331],"T_pred":[-47.056533778346875,56.06876500483742,761.9298392131807],"rotation_error":176.2944499766261,"translation_error":163.57928791874636,"ADD":0,"ADD_S":0}}
{"id_image":11,"data":{"GT_R":[-0.20920495245836127,0.9776072176760415,-0.022730351795817567,0.4707875443460187,0.08031893685167545,-0.8785829278152788,-0.8570843955183561,-0.19450527540832308,-0.477048066877346],"GT_T":[-61.98793065024314,52.46461440671906,924.6783813025515],"R_pred":[0.15152031171532665,-0.9620084435682179,0.22711527830849432,-0.21990020867330018,-0.25681679807467406,-0.9411105304118699,0.963683295156209,0.09265466383365051,-0.25045881878413473],"T_pred":[-47.79912016450356,54.26224418667188,738.5929823163389],"rotation_error":178.31611984147665,"translation_error":186.63421318633937,"ADD":0,"ADD_S":0}}
{"id_image":12,"data":{"GT_R":[-0.20976405688121455,0.9774622038322093,-0.023776397468256178,0.47094841783256924,0.07969536118771893,-0.8785531694576085,-0.8568591619096392,-0.19548623950616315,-0.477052362949507],"GT_T":[-61.44389604749339,51.97036663337374,924.485876465503],"R_pred":[0.2592585163290131,-0.9301265446266386,0.2600954299709801,-0.5985198243426392,0.05662878535457028,0.7991039985747304,-0.7579967292671754,-0.3628467881216204,-0.5420176812338215],"T_pred":[-57.31148397787476,-4.830279797533282,820.8936742902343],"rotation_error":170.0879421893556,"translation_error":118.21478171533278,"ADD":0,"ADD_S":0}}
{"id_image":13,"data":{"GT_R":[-0.21112467226115694,0.9771448622180999,-0.02475964410595661,0.4732216424165251,0.08001564117995309,-0.8773018055049654,-0.8552706922197204,-0.19693683184285776,-0.4792999019205171],"GT_T":[-61.26436268694813,50.652103485453154,924.5185604736699],"R_pred":[0.23115080854994208,-0.9725527437767407,-0.026654535806157176,-0.45922598965810874,-0.08491172783832146,-0.8842519374578954,0.8577183652745458,0.21663600588970522,-0.46624891080078323],"T_pred":[-45.05853592775594,54.939993404603214,773.4313783737919],"rotation_error":178.84358786913273,"translation_error":152.01431319382203,"ADD":0,"ADD_S":0}}
{"id_image":14,"data":{"GT_R":[-0.21117738925288915,0.9771596382827451,-0.023706358233353163,0.47342010297273107,0.08103421465234274,-0.8771011246958699,-0.8551473901768945,-0.19644755115892376,-0.47972028661420246],"GT_T":[-61.78380677824421,49.87514016122088,924.0588241917635],"R_pred":[0.37564781245068857,-0.8709177824703198,0.31684528902603715,-0.6891428148744183,-0.033909430943200314,0.7238317008808551,-0.6196538563649674,-0.49025744937745624,-0.6129247356910433],"T_pred":[-61.820217985644504,2.1294923732523,882.2608035953905],"rotation_error":172.20156192538792,"translation_error":63.456463297631046,"ADD":0,"ADD_S":0}}
{"id_image":15,"data":{"GT_R":[-0.21171075745902906,0.976984771023772,-0.02603663587905159,0.47496563174523876,0.07956777976108863,-0.8763996865850047,-0.8541581650566988,-0.1979101165332042,-0.48087983260853545],"GT_T":[-63.77439704490538,49.39762670786455,923.4386171370204],"R_pred":[0.3310495120404243,-0.9323891558759463,0.1451092091589566,-0.6533041307082261,-0.11551042406758572,0.7482319524928722,-0.6808817322981771,-0.34250226851316934,-0.6473733564844684],"T_pred":[-63.499994998241505,-2.844968505253502,892.7708799630926],"rotation_error":178.54926209052852,"translation_error":60.57948625115626,"ADD":0,"ADD_S":0}}
{"id_image":16,"data":{"GT_R":[-0.2091994263670511,0.9776607163435249,-0.020369478834399157,0.4746687985506161,0.08331345415444617,-0.8762126558037215,-0.8549422921994373,-0.19297192736031568,-0.48149370255103385],"GT_T":[-66.4925915015813,48.62324701056368,922.565020672278],"R_pred":[0.3240127327657384,-0.8088188845096425,0.4907420514549946,-0.5976617176403607,0.22710503694568573,0.7689107708057372,-0.7333595436570336,-0.5424346174927233,-0.4098151601303577],"T_pred":[-63.2375129916394,-3.1780227414260147,746.2894435764902],"rotation_error":159.88858551700665,"translation_error":183.75811863555128,"ADD":0,"ADD_S":0}}
{"id_image":17,"data":{"GT_R":[-0.20771122169483885,0.9780075797885351,-0.018897370576792506,0.4739612431956168,0.08372368917477784,-0.8765566291461092,-0.8556963660097499,-0.19102729417271339,-0.4809289844101197],"GT_T":[-68.99874856435224,48.15980276813937,921.7053497856718],"R_pred":[0.38152361493269715,-0.8446920807604905,-0.375413132361136,-0.7394485845994767,-0.5226013622627292,0.424386153043393,-0.5546670370434115,0.11568537012800173,-0.8239911244399603],"T_pred":[-41.28559253576267,12.522042647040257,909.3442507152388],"rotation_error":155.20864637636723,"translation_error":46.806684712154244,"ADD":0,"ADD_S":0}}
{"id_image":18,"data":{"GT_R":[-0.20523117357475734,0.978509010355369,-0.020002495255149872,0.4752493091765176,0.08176960146138058,-0.876043362202667,-0.8555806491010136,-0.18929749510773183,-0.48181814169228243],"GT_T":[-70.98893913480339,48.14069243126331,921.1116585447216],"R_pred":[0.275616544367582,-0.9257404692958824,0.25892103811531414,-0.614308164729608,0.03754928132853197,0.7881722719166486,-0.7393652677921876,-0.37629062568651656,-0.5583407255458234],"T_pred":[-93.87716366949347,-9.569319507461875,1043.673040767328],"rotation_error":170.7701394217896,"translation_error":137.3885319545777,"ADD":0,"ADD_S":0}}
{"id_image":19,"data":{"GT_R":[-0.20554029021892128,0.9784304753740408,-0.020645766992811614,0.4760228990872619,0.08152186197761938,-0.8756466943806167,-0.8550769653399655,-0.18980856498201398,-0.4825116162706212],"GT_T":[-72.2117446872477,48.198331693934705,920.7500700270946],"R_pred":[0.183738645592038,-0.958836938125722,-0.21649904434360373,-0.5072723507136565,0.09616343681813444,-0.8564037340067858,0.8419708262864245,0.2671784413178109,-0.4687225279176803],"T_pred":[-35.59190542748557,53.65757702719016,666.1026914738333],"rotation_error":178.9694132461724,"translation_error":257.32489850589167,"ADD":0,"ADD_S":0}}
{"id_image":20,"data":{"GT_R":[-0.20497667632984906,0.9785676688009476,-0.01973795397291326,0.4766431936697151,0.08218648721219418,-0.8752469437163193,-0.8548669494407757,-0.18881286953148543,-0.4832735383943822],"GT_T":[-72.78980799003051,47.71927035783741,920.5249433195877],"R_pred":[0.34371490366955487,-0.9237352014007054,-0.16903651288590488,-0.2728268908762043,0.07401167741370895,-0.959212051228107,0.8985686131900292,0.3758131840417618,-0.22658088641838386],"T_pred":[-51.272066372883764,54.31115978117831,792.0694969469668],"rotation_error":172.99707063897236,"translation_error":130.41191630085473,"ADD":0,"ADD_S":0}}
{"id_image":21,"data":{"GT_R":[-0.2047317227364165,0.9786280276512193,-0.019252239489946782,0.4755204562676296,0.08224941691357956,-0.8758518246233423,-0.8555504177845838,-0.18846908011102675,-0.4821970109208599],"GT_T":[-72.58161899756996,47.45550099977341,920.4085447566267],"R_pred":[0.3497108156404637,-0.9294762347927195,0.11737237485725333,-0.6131272548219193,-0.13233819324115115,0.7788206289025768,-0.7083624177062326,-0.34432619935929587,-0.6161673097594218],"T_pred":[-64.7062090738268,-6.095331412176487,851.746118194446],"rotation_error":179.82057935660734,"translation_error":87.43135910465189,"ADD":0,"ADD_S":0}}
{"id_image":22,"data":{"GT_R":[-0.2063539340181616,0.9782744306564856,-0.019907693601623973,0.4756446030399666,0.0825093397853562,-0.8757598791242871,-0.8550913657908309,-0.1901847631706794,-0.4823372112384878],"GT_T":[-71.71155860598905,47.265849947082565,920.6185817193553],"R_pred":[0.29231382324169,-0.9324245054685428,-0.2124551019476098,-0.5142171712713429,0.03405929664611751,-0.8569834683829497,0.8063084580429034,0.3597561756436086,-0.4695126884065655],"T_pred":[-37.33430723712437,54.01813406776999,692.7873786569257],"rotation_error":174.54563533606446,"translation_error":230.50910142855233,"ADD":0,"ADD_S":0}}
{"id_image":23,"data":{"GT_R":[-0.20757831027112156,0.9779450474026312,-0.023103101602102598,0.47452917643603826,0.08001438749852344,-0.876595683993177,-0.8554145985215,-0.19292510831546603,-0.4806728391294158],"GT_T":[-70.2305866651205,47.241262062920036,920.9418065000747],"R_pred":[0.2421269880288286,-0.9652485183923896,-0.09833523991623982,-0.5150620681518385,-0.04198219701866224,-0.8561241505089301,0.8222442384226469,0.25793951398493226,-0.5073279210786436],"T_pred":[-39.729347360619954,53.38813902802012,693.5479960634376],"rotation_error":177.78738107707153,"translation_error":229.51264610131554,"ADD":0,"ADD_S":0}}
{"id_image":24,"data":{"GT_R":[-0.20792172777213522,0.9779155705305876,-0.0212067250023601,0.4736223177980588,0.08168361959502482,-0.8769324315522706,-0.8558337504562953,-0.192377178586525,-0.480147275718391],"GT_T":[-68.9360481104933,47.490876574252304,921.34490090766],"R_pred":[0.37409859689604086,-0.9220819583857457,0.09907119571258166,-0.578267051466446,-0.14841474200357663,0.8022345551921296,-0.7250223837846081,-0.3574044297088653,-0.5887313620283575],"T_pred":[-43.254942421324905,-7.3611398133172345,673.66400841658],"rotation_error":178.35764149068498,"translation_error":254.97860184019038,"ADD":0,"ADD_S":0}}
{"id_image":25,"data":{"GT_R":[-0.20996064182198457,0.9774059583042872,-0.024348607175237992,0.4760411287472029,0.08044433302765731,-0.8757362867942747,-0.8539914711116158,-0.19546099159845867,-0.48217592268880316],"GT_T":[-66.34762868089253,47.730113070968976,922.1045921956819],"R_pred":[0.22956015519756134,-0.9665797123071473,-0.11413060458047408,-0.6010048685681351,-0.048538974759625764,-0.7977700896164781,0.7655686011737098,0.25172927458982036,-0.5920617275347327],"T_pred":[-36.127555998352285,55.540573789965705,744.9002754076743],"rotation_error":178.2305673052577,"translation_error":179.93228164474982,"ADD":0,"ADD_S":0}}
{"id_image":26,"data":{"GT_R":[-0.21085207559727573,0.9772594800871625,-0.022463986086780813,0.47307663534788513,0.08190598000304353,-0.8772063776604736,-0.8554181905342451,-0.19558835846793043,-0.47958848487496175],"GT_T":[-64.4501410639745,47.2389063508919,922.6100694450038],"R_pred":[0.2542413702561721,-0.9660136311571459,-0.04667965369248067,-0.5096340202484486,-0.09279533388434458,-0.8553725453945182,0.8219698845186898,0.24126062759571631,-0.5159058233015529],"T_pred":[-38.425994090532726,52.83268335603304,679.0613241592225],"rotation_error":177.34686688048006,"translation_error":244.9990569311582,"ADD":0,"ADD_S":0}}
{"id_image":27,"data":{"GT_R":[-0.212830029645856,0.9767762415691909,-0.024718813477638716,0.47378682033063874,0.08104201810697352,-0.8769021529959921,-0.8545345981022522,-0.1983429114151365,-0.48003219045388834],"GT_T":[-63.321101456386515,47.12020282045661,923.1603107963277],"R_pred":[0.24174028081920573,-0.962990648412924,-0.1192084212575118,-0.5425713814101909,-0.032294350663881644,-0.8393886888622194,0.8044736991997248,0.2675931351594337,-0.530298011792856],"T_pred":[-37.3898585902397,54.06279220181428,714.8530987426383],"rotation_error":177.94489673065357,"translation_error":210.0298157345332,"ADD":0,"ADD_S":0}}
{"id_image":28,"data":{"GT_R":[-0.214465273277982,0.9764030125679589,-0.02533143670507235,0.47371791349829057,0.08130092433602246,-0.8769157678840234,-0.8541648825805345,-0.2000679701893895,-0.479976123942888],"GT_T":[-63.04241416123846,47.15900531358802,923.7251578427911],"R_pred":[0.25092298800104174,-0.9646586634757736,-0.08044449685195171,-0.5083244802778525,-0.0605871576998378,-0.8590316752437632,0.82379844430715,0.2564427017931872,-0.5055623244013838],"T_pred":[-42.7697391184484,53.08480133994101,749.6335762319469],"rotation_error":177.71499517718874,"translation_error":175.36811340634796,"ADD":0,"ADD_S":0}}
{"id_image":29,"data":{"GT_R":[-0.21496881936762205,0.976273736998544,-0.02603072497494872,0.47382374171101876,0.08095194094044733,-0.8768917527156297,-0.8539793345880633,-0.2008380581408454,-0.47998369814231573],"GT_T":[-63.51639087395138,46.83493321399372,923.8651152256206],"R_pred":[0.2954877893063713,-0.9431478173620543,0.15218134240447212,-0.3007635660551432,-0.24303247346240786,-0.9222128247734023,0.9067680208877172,0.22673202563364853,-0.35547762918000225],"T_pred":[-72.74239800056135,48.0805594558112,1067.9494387265415],"rotation_error":174.57107239176582,"translation_error":144.3847743737289,"ADD":0,"ADD_S":0}}
{"id_image":30,"data":{"GT_R":[-0.21549549411153962,0.9762230440369137,-0.023449417225940416,0.4728057674528854,0.08329766774157286,-0.8772214814676447,-0.854411099499629,-0.2001241304242373,-0.479514225075335],"GT_T":[-64.93089649837454,46.909635590915926,923.8337365741359],"R_pred":[0.32264428533113854,-0.9453004899796679,-0.04803799316539803,-0.5081483931404799,-0.1301732187545882,-0.851375442250843,0.7985523625235275,0.29910185015019564,-0.5223525701524044],"T_pred":[-52.336908973721165,52.92972838516273,821.620623451769],"rotation_error":173.50256631202612,"translation_error":103.16186569264939,"ADD":0,"ADD_S":0}}
{"id_image":31,"data":{"GT_R":[-0.2150696460868221,0.9762997393135574,-0.024168689390849214,0.47322373745126445,0.08253478700765385,-0.8770676806201181,-0.8542862408723084,-0.2000668569516566,-0.47975916364378346],"GT_T":[-67.04635682908142,47.535461973596426,923.7781880112092],"R_pred":[0.3534266725089169,-0.9016072731028226,0.24938707313605185,-0.5878616834591504,-0.006686236406723056,0.8089338263191166,-0.7276731603404429,-0.4325038951625815,-0.5323834636700756],"T_pred":[-58.71124861595944,-6.886533604985304,783.401406845812],"rotation_error":173.4442844377848,"translation_error":150.78749391788912,"ADD":0,"ADD_S":0}}
{"id_image":32,"data":{"GT_R":[-0.21447668055522823,0.9764333590848586,-0.024021082946465922,0.4729012529540013,0.08229265316014531,-0.8772646962054277,-0.854614402265107,-0.19951223133524265,-0.47940682907694165],"GT_T":[-68.89495016718946,47.69263182321832,923.6548503875167],"R_pred":[0.22409771290577818,-0.971662902554562,-0.07517591947986202,-0.4807361325244668,-0.043114171835851645,-0.8758047379823464,0.8477458262685916,0.2324056195236079,-0.4767752531938193],"T_pred":[-39.93487963108031,52.28123790676444,664.742015600304],"rotation_error":179.40556645961152,"translation_error":260.567835714228,"ADD":0,"ADD_S":0}}
{"id_image":33,"data":{"GT_R":[-0.21385198069246256,0.9765462426847651,-0.02498339960107253,0.4746144238296023,0.0815131360182956,-0.8764115561916325,-0.8538199878171734,-0.19928022193859732,-0.48091466738669125],"GT_T":[-69.90007394356537,46.79871314147427,923.8597969370704],"R_pred":[0.19321127908442004,-0.9664611841616282,-0.16918091246788586,-0.5763463441921326,0.0277499308902891,-0.8167342486218812,0.7940367076974004,0.25530906925624125,-0.5516547706533365],"T_pred":[-40.104720727835144,53.423048142468375,721.0741938071425],"rotation_error":179.47020069498342,"translation_error":205.06985571805566,"ADD":0,"ADD_S":0}}
{"id_image":34,"data":{"GT_R":[-0.21588570360203851,0.9762084787398845,-0.02023235413461401,0.4725962720481778,0.08633603585516113,-0.8770399527371726,-0.8544278809516208,-0.19890185807737662,-0.4799914682201414],"GT_T":[-71.37961342072995,46.45711393034752,923.6308739524411],"R_pred":[0.261833838959163,-0.9525887699794837,-0.1549763726665508,-0.40978057844618276,0.0356549775076197,-0.9114870268452773,0.8737979848364377,0.30216445503716294,-0.3810166975447078],"T_pred":[-51.116300272627086,54.644039641973706,824.4680326958264],"rotation_error":177.63849110627132,"translation_error":101.54258563986997,"ADD":0,"ADD_S":0}}
{"id_image":35,"data":{"GT_R":[-0.21409558350271757,0.9766199276725711,-0.019415389010849403,0.4736475004696214,0.08640931513611064,-0.8764660187654769,-0.8542963525044383,-0.1968429438628954,-0.48107249043029715],"GT_T":[-73.85573206638357,47.2078226925339,923.0429806377076],"R_pred":[0.29162999930999955,-0.8931386711030269,0.34242555056941787,-0.6592015007323326,0.07174139326140694,0.7485362742881287,-0.6931127793762646,-0.4440230699786121,-0.567836409885874],"T_pred":[-62.77840316610662,-2.7088149331801605,751.4849730891448],"rotation_error":167.25740454526073,"translation_error":179.0154403437159,"ADD":0,"ADD_S":0}}
{"id_image":36,"data":{"GT_R":[-0.21179657190866982,0.9771479255112449,-0.01800437113842447,0.4732514965005237,0.08642401958805036,-0.8766778361148589,-0.8550888433320646,-0.19419801464890593,-0.48074033541590705],"GT_T":[-76.87940110156163,48.247206578432795,922.3002238689286],"R_pred":[0.33531070462957646,-0.938656021432718,-0.08057049577182918,-0.4933699611340969,-0.10209798895615285,-0.8638067388609847,0.8025913111985185,0.3293947086387554,-0.4973392334306962],"T_pred":[-53.33480049002675,54.439492396282475,712.349994439592],"rotation_error":172.5172073095696,"translation_error":211.35702368040123,"ADD":0,"ADD_S":0}}
{"id_image":37,"data":{"GT_R":[-0.21276238150715363,0.9769446962499323,-0.01764121310670702,0.4720251030211744,0.08695774646485303,-0.8772861759167864,-0.8555265759138437,-0.19498017008152735,-0.4796441270830813],"GT_T":[-79.44508448226503,48.868441171690876,921.6047840359411],"R_pred":[0.23865793117094758,-0.9145632796833851,-0.3265216674953958,-0.5137775385740333,0.1664107502753206,-0.8416294333313282,0.8240600904946259,0.36862103798830514,-0.43016682532061146],"T_pred":[-45.295901194559214,54.528668803506115,711.1056456677475],"rotation_error":177.96800906535617,"translation_error":213.3262575254467,"ADD":0,"ADD_S":0}}
{"id_image":38,"data":{"GT_R":[-0.21127147066243804,0.9772797515245158,-0.016991422933092165,0.4718722343243215,0.08675630670159729,-0.8773880230567227,-0.8559792255184979,-0.19338507393193016,-0.47948078417427953],"GT_T":[-81.10045438354395,50.15815717195752,920.887877601167],"R_pred":[0.132642651557611,-0.9373393140459773,0.32218152853877713,-0.4054326091263726,-0.34792653310202537,-0.8453233269114174,0.9044502896482195,-0.018496970222767528,-0.4261778216282846],"T_pred":[-102.19400478847614,56.34227438273536,1137.8114086353644],"rotation_error":176.2120880020164,"translation_error":218.0343997875254,"ADD":0,"ADD_S":0}}
{"id_image":39,"data":{"GT_R":[-0.20999213930428845,0.9775638807364772,-0.01647647210076713,0.4694213895463279,0.08602571364294877,-0.8787736003653865,-0.8576412373365088,-0.1922693697186542,-0.4769542035984951],"GT_T":[-82.5176508484129,52.33284038361141,920.2399271222014],"R_pred":[0.044481109778497174,-0.9980273195818303,-0.04430463001968182,-0.7459594648468499,-0.0036823195977898626,-0.6659811688987769,0.6645042570806261,0.06267303958391773,-0.7446517188800668],"T_pred":[-68.58133368766947,60.291270555327614,928.6369885672076],"rotation_error":171.16643578036243,"translation_error":18.112652696778692,"ADD":0,"ADD_S":1}}
{"id_image":40,"data":{"GT_R":[-0.21014360534539223,0.9774676190506054,-0.019892627593921085,0.46959983870340744,0.08307021867682288,-0.8789632121962913,-0.8575060697687799,-0.19404917560494694,-0.476476106685387],"GT_T":[-83.04164651266005,54.553644801271645,919.878291098273],"R_pred":[0.2979206360362382,-0.9330207644697168,0.20178093986327905,-0.6427435905355507,-0.039778847748490054,0.7650479201313278,-0.7057789820115299,-0.35761696875308857,-0.6115440558215091],"T_pred":[-70.24384389114857,1.4770939284152356,789.4493701753481],"rotation_error":174.3292206218372,"translation_error":141.3952170959707,"ADD":0,"ADD_S":0}}
{"id_image":41,"data":{"GT_R":[-0.21066613785234228,0.9773669728355344,-0.01931372263908436,0.46779027428274583,0.08344207450070386,-0.8798928124174709,-0.8583668212536819,-0.19439799891603665,-0.4747808192160122],"GT_T":[-81.749997191579,55.75113967803718,919.6339715211498],"R_pred":[0.21245440582828368,-0.9764024212296343,-0.03874838397995778,-0.5000445482556228,-0.07456474440793504,-0.8627836047649543,0.8395347373420472,0.2026780962716167,-0.5040863161083948],"T_pred":[-56.836355086290794,59.228963310868366,730.1594075738096],"rotation_error":179.83041210642014,"translation_error":191.1371110046559,"ADD":0,"ADD_S":0}}
{"id_image":42,"data":{"GT_R":[-0.21145036112340193,0.9771757533659033,-0.020382560294817345,0.4682955286218946,0.08298500361425476,-0.8796669779152105,-0.8578982412958327,-0.19555061818022815,-0.4751541960001506],"GT_T":[-79.3135634361581,56.267532616098116,919.7150509160961],"R_pred":[0.15208826457087765,-0.986083904849918,0.06713935042697938,-0.41510776770347524,-0.12537648348419805,-0.9010917148555825,0.8969697324726496,0.10917540925077696,-0.4283993803016864],"T_pred":[-46.06141115611727,58.92567452314368,623.8300381678258],"rotation_error":176.63124330839858,"translation_error":297.75948703390975,"ADD":0,"ADD_S":0}}
{"id_image":43,"data":{"GT_R":[-0.21609708838738842,0.9761817783590446,-0.01926181986609537,0.4666338553691478,0.08592921443911582,-0.8802668298763381,-0.8576449567401212,-0.19921113439251198,-0.4740888969713856],"GT_T":[-75.97672220643778,56.606649438323515,919.9951335769388],"R_pred":[0.28194762218749947,-0.95756049335174,-0.05986184022219315,-0.5162790069578908,-0.2040128899523389,0.8317660294264662,-0.8086788765124195,-0.20360904278854397,-0.5518893298274063],"T_pred":[-42.10971260693588,-5.567756993188925,665.8612049323166],"rotation_error":174.0936791933399,"translation_error":263.81183605493055,"ADD":0,"ADD_S":0}}
{"id_image":44,"data":{"GT_R":[-0.22164428966500377,0.9749175613442361,-0.020206793543615268,0.46583976821287604,0.0876575622380704,-0.8805168651690877,-0.8566602168268441,-0.2045749551362849,-0.47358414664099036],"GT_T":[-71.77811750446543,56.57276834571986,920.2036601965515],"R_pred":[0.3361284170967688,-0.9418013794869912,0.00527719778110558,-0.5746968903835789,-0.2095417073211885,-0.7910851768781704,0.7461509039084958,0.26287341913803636,-0.6116832465477642],"T_pred":[-52.3271235914711,59.394372657552765,776.7462529818541],"rotation_error":173.1200515558491,"translation_error":144.7975493572298,"ADD":0,"ADD_S":0}}
{"id_image":45,"data":{"GT_R":[-0.2262801667974269,0.973837096856645,-0.020935061899734167,0.4648375808833621,0.08907207121434024,-0.880904008985172,-0.8559928635435751,-0.2090625271150302,-0.4728318043697117],"GT_T":[-68.13922322940644,55.95195704977489,920.3066696501227],"R_pred":[0.03418900716236506,-0.9630247478194616,0.2672348159887006,-0.17394634791160973,-0.2690438480673527,-0.9472898584199689,0.9841614602479947,-0.014097620521709486,-0.17671297988025902],"T_pred":[-53.79188731906235,56.51868392428636,778.7289935181701],"rotation_error":171.38648079421574,"translation_error":142.3039198546498,"ADD":0,"ADD_S":0}}
{"id_image":46,"data":{"GT_R":[-0.22812075236473273,0.9734612916264844,-0.018269420451571167,0.4630703608968344,0.09197154008505534,-0.8815366625510389,-0.8564620114614541,-0.20955644127489906,-0.47176232656724965],"GT_T":[-64.98197883678986,55.10891340781383,919.9383891743671],"R_pred":[0.33760205111533437,-0.903583002182194,0.26374725259257686,-0.6214768982526493,-0.003525743015276861,0.7834245554451664,-0.7069592067587673,-0.4283985612762997,-0.5627462595836696],"T_pred":[-57.641731033051315,-0.34620424696238256,777.3956226174803],"rotation_error":171.77444217483227,"translation_error":153.1260579052974,"ADD":0,"ADD_S":0}}
{"id_image":47,"data":{"GT_R":[-0.2329370685465835,0.9722674192323042,-0.020863933360403764,0.464167894238743,0.09230175547309581,-0.8809252394983949,-0.8545689193506084,-0.21488471304134682,-0.4727967547723964],"GT_T":[-62.61582159718941,55.31882831455738,919.764124000627],"R_pred":[0.2803856307840519,-0.9474003597199141,-0.15432581265753154,-0.5845380906426996,-0.04099774076662288,-0.810329813001978,0.7613797466689125,0.31741415162939846,-0.5652867747504555],"T_pred":[-42.34544903634079,59.99757007975791,781.5210960923791],"rotation_error":176.41214123653867,"translation_error":139.79954718632547,"ADD":0,"ADD_S":0}}
{"id_image":48,"data":{"GT_R":[-0.23608024595019028,0.9715615300608849,-0.018275340068297962,0.46186519564349215,0.09564223992318337,-0.8817788195412326,-0.8549540062469185,-0.2166109514691976,-0.471309952058907],"GT_T":[-61.09706876289564,56.13388819371222,919.1075924128338],"R_pred":[0.06054388338328831,-0.9309465136563175,0.3601014119606004,-0.2791115458153983,-0.3621616458561311,-0.8893456511746807,0.9583481534272443,-0.046664022350476175,-0.2817645929506841],"T_pred":[-54.92232414868014,56.775424730989904,786.5110721722532],"rotation_error":172.12253904443085,"translation_error":132.74176516865424,"ADD":0,"ADD_S":0}}
{"id_image":49,"data":{"GT_R":[-0.23912730674073518,0.9708069231051131,-0.018741272870251933,0.4607977652702595,0.09647092336327397,-0.8822469874257436,-0.8546836765198824,-0.21960473918328763,-0.47041410152817514],"GT_T":[-59.212645778601164,57.220393888081304,918.6331445171138],"R_pred":[0.26605159092946506,-0.9411750518813691,0.20834124094860113,-0.8585133785322947,-0.13305986777907208,0.4952270696031071,-0.438373504953214,-0.3106196923936379,-0.8434121630924682],"T_pred":[-57.91926727148105,21.03916896341145,943.0082598206507],"rotation_error":173.44786395082554,"translation_error":43.64516137068287,"ADD":0,"ADD_S":0}}
{"id_image":50,"data":{"GT_R":[-0.24125965545660363,0.9702751560524108,-0.0189505613243153,0.4608797641672148,0.09736948396274646,-0.8821046987666287,-0.8540400378695585,-0.22154977129706901,-0.47067204534362805],"GT_T":[-57.65192303470755,58.0201230770474,917.9198565104432],"R_pred":[0.29435697404624783,-0.9556347408451515,0.010780256033924185,-0.6051372672364457,-0.17764147567025612,0.7760492213276814,-0.7397045759165909,-0.234959035177441,-0.6305802027946504],"T_pred":[-44.4967926590348,2.1425254353845244,808.9003547228973],"rotation_error":177.8633715449282,"translation_error":123.20963900364791,"ADD":0,"ADD_S":0}}
{"id_image":51,"data":{"GT_R":[-0.24584604438631005,0.9691485948892266,-0.017627490570041943,0.4591573521730864,0.10042101744335652,-0.8826617060341885,-0.853659795539571,-0.22509178504785352,-0.46967917157880934],"GT_T":[-56.04623194543401,58.61192918376937,917.2412556780728],"R_pred":[0.2505702041668928,-0.9471284374680269,-0.20040532857969567,-0.5237601790138509,0.04146991184679172,-0.8508557582168664,0.8141804761004412,0.31816343182520745,-0.4856770356791288],"T_pred":[-32.14772128239795,63.086820078108346,751.3335935334641],"rotation_error":179.23142252112024,"translation_error":167.67980146313724,"ADD":0,"ADD_S":0}}
{"id_image":52,"data":{"GT_R":[-0.2469825090030275,0.968881483984706,-0.016365767742140384,0.45915622827674135,0.10213962495727875,-0.882464305397422,-0.8533321260286297,-0.22546758438510026,-0.4700941610607063],"GT_T":[-55.12583378626645,59.08722210053258,916.1841199298622],"R_pred":[0.2767248519570412,-0.9595328648783875,-0.05215397902008789,-0.5111813264764214,-0.10103084625902337,-0.8535141589721824,0.8137057255366708,0.26284871946132765,-0.5184530286403778],"T_pred":[-38.09278337123067,63.97566050204907,757.258194590689],"rotation_error":178.10413178494858,"translation_error":159.91082321518775,"ADD":0,"ADD_S":0}}
{"id_image":53,"data":{"GT_R":[-0.24937020873989615,0.9682775188772588,-0.015891103360753587,0.45856585907733544,0.10361387160057463,-0.8826001492650675,-0.8529556495119687,-0.22738110202153422,-0.46985714692488123],"GT_T":[-54.93649243886308,60.50861497598513,914.950402419705],"R_pred":[0.30553376447797276,-0.9337825973700145,0.18627715805441186,-0.6549478027200637,-0.06409532671596085,0.7529509710501308,-0.6911530181342473,-0.3520537600169665,-0.631162146822698],"T_pred":[-47.90832421536852,7.34225094245366,798.7702274934002],"rotation_error":173.91057542274143,"translation_error":127.96050351194513,"ADD":0,"ADD_S":0}}
{"id_image":54,"data":{"GT_R":[-0.24789549789177526,0.9686768356989337,-0.014595422602337729,0.4568409090398545,0.10359902393914201,-0.883495349634093,-0.8543092944795725,-0.22568236883749637,-0.4682135981579663],"GT_T":[-55.94636927273294,60.69415987150949,913.1238259487355],"R_pred":[0.22529965480110692,-0.866038996884096,0.44633678027078555,-0.5881657010864034,-0.48611797783623123,-0.6463361506909181,0.776724644653459,-0.1169006736524747,-0.6188966463696144],"T_pred":[-58.86776788248786,57.115888761044054,797.7848513674651],"rotation_error":176.71140667142828,"translation_error":115.43144134695721,"ADD":0,"ADD_S":0}}
{"id_image":55,"data":{"GT_R":[-0.24828029492504944,0.9685201221685419,-0.018025132184416717,0.45875884776777043,0.10117302114072478,-0.8827825904836326,-0.853169365300147,-0.2274467125102303,-0.4694362766476836],"GT_T":[-56.70468514111194,59.636362663763244,911.6273997559463],"R_pred":[0.23043210875087583,-0.9724764954061093,0.03450375543728679,-0.45881565758641163,-0.1398505840910247,-0.8774565553250759,0.858131246144885,0.18636330114067734,-0.47841350772921953],"T_pred":[-47.216660510699114,62.32865601513143,793.6066376957942],"rotation_error":178.94750899368532,"translation_error":118.43213808817336,"ADD":0,"ADD_S":0}}
{"id_image":56,"data":{"GT_R":[-0.24818845953669427,0.9685808950665096,-0.01590144689027848,0.4596435152456577,0.10329732202045136,-0.8820762211040928,-0.8527195381373945,-0.22623019011789847,-0.47083920791866535],"GT_T":[-58.05967838889405,58.179614899009636,910.112936904817],"R_pred":[0.29655596448936383,-0.9549523601725886,-0.0109795139503584,-0.49648304202065685,-0.14433909716405424,-0.8559619232277687,0.8158180856733308,0.25929175619496386,-0.5169222729363027],"T_pred":[-48.493858660496606,61.24212146869652,821.7440640018518],"rotation_error":177.0801589705567,"translation_error":88.93785218738978,"ADD":0,"ADD_S":0}}
{"id_image":57,"data":{"GT_R":[-0.24771381653897454,0.9686862856038209,-0.01685491922865766,0.4616000796589561,0.10270963380580668,-0.8811226791513119,-0.8518000055005833,-0.22604567735256315,-0.47258881392361574],"GT_T":[-59.817705942670116,56.85082899532425,908.5152997836119],"R_pred":[0.3425976200761277,-0.9378778577931952,-0.05488164155179365,-0.5065246275256587,-0.1351979083336392,-0.8515599375805565,0.7912393268968405,0.3195413110122938,-0.5213767142176366],"T_pred":[-48.6655999973158,59.16303156145704,784.4692435585591],"rotation_error":174.1632893489516,"translation_error":124.56781210534362,"ADD":0,"ADD_S":0}}
{"id_image":58,"data":{"GT_R":[-0.24821001010551186,0.9685328696384362,-0.01831402898241405,0.46489522477179895,0.10251155215033045,-0.8794116939084584,-0.8498614721921183,-0.2267925953102828,-0.4757104300807838],"GT_T":[-61.740538006474004,55.20941331186981,907.0561838394403],"R_pred":[0.37361035402204945,-0.8917574764487122,0.2553113913740306,-0.5132815671733368,0.030510087132417207,0.8576777759644094,-0.772630141896886,-0.4514839285965746,-0.44632379059534893],"T_pred":[-59.72187096083544,-8.767783750745979,751.0643752674845],"rotation_error":171.79142200442539,"translation_error":168.61376308646825,"ADD":0,"ADD_S":0}}
{"id_image":59,"data":{"GT_R":[-0.24718165127220476,0.9687783376967771,-0.019226689221918933,0.4683564732207215,0.10208261466622984,-0.8776233155543665,-0.8482599924211258,-0.2259367313919029,-0.4789664097333031],"GT_T":[-63.59623525126047,53.34573802290262,905.7498201647189],"R_pred":[-0.04201025167487299,-0.997831097955473,-0.050677793037867847,0.05990829373361711,0.04811556335092493,-0.9970435742259962,0.9973194749407734,-0.044922071595132895,0.057757011587003415],"T_pred":[-49.20370317997809,52.77016626217849,806.5261553174179],"rotation_error":162.82553089388685,"translation_error":100.2637119201367,"ADD":0,"ADD_S":0}}
{"id_image":60,"data":{"GT_R":[-0.24572091892035236,0.9691972377515583,-0.016647035165062954,0.468143349837149,0.10361553827640275,-0.877556912331003,-0.8488016681921015,-0.2234263832690248,-0.47918401564109253],"GT_T":[-65.35434550994977,51.13686096116036,904.2675521207084],"R_pred":[0.22873419299386172,-0.938781174158444,-0.25762487457763095,-0.060770284253304996,0.25035493736764464,-0.9662449885445281,0.9715902642097746,0.2366692045479004,0.00021473575555691626],"T_pred":[-50.48613614106497,50.36510167655798,865.4381498710612],"rotation_error":175.5690243007098,"translation_error":41.5858358253777,"ADD":0,"ADD_S":0}}
{"id_image":61,"data":{"GT_R":[-0.2453739635756631,0.9692794776137098,-0.01698560303329108,0.46963084676105143,0.103522859859449,-0.8767729333261891,-0.8480797511852299,-0.22311368099461762,-0.4806056376190691],"GT_T":[-67.78794969193888,49.53762251171129,903.0460902976581],"R_pred":[0.3955594423793626,-0.8944409884301374,0.20858582348914848,-0.6479553030196421,-0.11081787219024031,0.7535737020968493,-0.6509121698303475,-0.43323748385769456,-0.623392837420677],"T_pred":[-74.98619256003144,-4.245082034253044,896.1025181431572],"rotation_error":176.26784563002116,"translation_error":54.70472742763004,"ADD":0,"ADD_S":0}}
{"id_image":62,"data":{"GT_R":[-0.24513428667179515,0.9693545683622026,-0.016122633151406746,0.47216109658887523,0.10484422071789735,-0.8752555931725653,-0.846742629121496,-0.22216725197166196,-0.48339345224546276],"GT_T":[-70.36325325660201,48.5247345208704,901.8804496790623],"R_pred":[0.36716723633921144,-0.9292612066169872,-0.04076555452544922,-0.6158568777373197,-0.21002405148539538,-0.7593485391711112,0.6970713928305095,0.3039136516749477,-0.6494058558582085],"T_pred":[-69.06200928228844,52.88287880158555,901.6510969989849],"rotation_error":172.33983379646725,"translation_error":4.55403778026447,"ADD":0,"ADD_S":1}}
{"id_image":63,"data":{"GT_R":[-0.24440561478726003,0.9695393291366714,-0.016088356787063524,0.47257313153840724,0.10460739194689815,-0.8750616647152817,-0.8467240659085803,-0.22147291113579298,-0.4837447564390605],"GT_T":[-73.49072222700553,47.1251017757218,900.5376791492539],"R_pred":[0.3618830399498014,-0.8663517714875669,0.34420237279403587,-0.6682358177262898,0.01637206358876586,0.7437693509694533,-0.650001197925332,-0.49916586779766864,-0.5730025123168603],"T_pred":[-85.82460488700552,-6.604088524904542,890.9997005751773],"rotation_error":168.6312077346102,"translation_error":55.94572000708467,"ADD":0,"ADD_S":0}}
