{"id_image":1,"data":{"Best_template_id":116,"GT_R":[-0.8894626193561241,0.44597060146801776,0.09983800975015748,0.24552804724290103,0.6505750977899267,-0.7186575588755403,-0.3854521896327045,-0.614705911330021,-0.6881592266448958],"GT_T":[-37.56500288707354,7.6302297238361465,868.8511407653024],"R_pred":[-0.07129495111499246,0.9968427790680411,0.03495001810321985,-0.2203234607140533,0.01843535151555914,-0.975252639306083,-0.9728178671285257,-0.07723089818461482,0.21831350338699596],"T_pred":[-84.38137037260395,40.49347231851145,800.8526961756199],"rotation_error":77.21896568304994,"translation_error":88.8569268261784,"ADD":0,"ADD_S":0}}
{"id_image":14,"data":{"Best_template_id":128,"GT_R":[-0.8799840153976506,0.4634914576332392,0.10394476622944114,0.2480604201311731,0.6350325654421667,-0.731573370753415,-0.4050867665747902,-0.6179884578421637,-0.6737923553334598],"GT_T":[-61.225941204406666,28.917275933539415,866.1038015229735],"R_pred":[-0.8008124149060958,0.5970229999579417,0.04757114307525975,0.25244880039898837,0.408511964241261,-0.8771474096460976,-0.543110559011127,-0.69042125734436,-0.477859192752064],"T_pred":[-69.79137461091105,24.635997659253537,750.1695446093711],"rotation_error":16.386825677654638,"translation_error":116.32905019474848,"ADD":0,"ADD_S":0}}
{"id_image":33,"data":{"Best_template_id":128,"GT_R":[-0.8787915573833072,0.45397096884521937,0.14709532727737984,0.20890354103876418,0.6431070861503946,-0.7367309502525636,-0.42905233127425385,-0.6167036410787273,-0.6599925751945876],"GT_T":[-85.27752212783747,37.48617751956345,855.0621797939486],"R_pred":[-0.6416317530609861,0.7594225610771907,0.10763859526603858,0.33710554077275634,0.40526374906151275,-0.8497771167058541,-0.6889619349747801,-0.5089584142379096,-0.516035642889364],"T_pred":[-93.96042221661293,33.55918522102064,773.6475182781741],"rotation_error":23.679403163341792,"translation_error":81.97048939827441,"ADD":0,"ADD_S":0}}
{"id_image":43,"data":{"Best_template_id":116,"GT_R":[-0.8764428718893174,0.4573585647488393,0.15056801936582337,0.20428465943092586,0.6363587012980677,-0.7438520932970624,-0.43602304388421714,-0.621185894420076,-0.6511626799623691],"GT_T":[-92.46820826807723,38.31911668615683,859.7973476455453],"R_pred":[-0.9875858212293647,-0.14619232659581577,0.05746346100978941,-0.08180789086470693,0.1663921493849474,-0.982660226942826,0.13409591604142707,-0.9751622717617618,-0.17628621339585993],"T_pred":[-4.688014579470305,43.17374825096757,341.88633202753243],"rotation_error":49.85087719935605,"translation_error":525.3196645378135,"ADD":0,"ADD_S":0}}
{"id_image":52,"data":{"Best_template_id":116,"GT_R":[-0.8729739412583465,0.4548437101258704,0.17616597702711556,0.17754463175037855,0.6327011246297505,-0.7537691436228727,-0.4543075172353737,-0.6267437194660405,-0.6330858283592535],"GT_T":[-107.62458275010307,44.38085709140096,859.2988427605471],"R_pred":[-0.8468023590516781,0.5209371120384938,-0.10747227552027858,0.31914650396393485,0.33596528979167706,-0.8861562125623184,-0.42552470399744236,-0.7846985722914173,-0.4507514580472265],"T_pred":[-98.6280306010808,39.82529947711881,810.9268039905197],"rotation_error":21.178226869314347,"translation_error":49.41199439929699,"ADD":0,"ADD_S":0}}
{"id_image":61,"data":{"Best_template_id":116,"GT_R":[-0.8733394556401464,0.44437200797405113,0.19953119342109324,0.14579399879924715,0.6292991434866999,-0.7633647265174133,-0.4647838661601711,-0.6375862591584532,-0.6143779175200631],"GT_T":[-115.97419880568917,51.625201041916654,859.8580927219028],"R_pred":[-0.8026709913519212,0.5946290658511992,0.046212051318396286,0.20011520483666378,0.34149803676453905,-0.9183316370893176,-0.561848008304118,-0.7278704314168122,-0.39310488502917385],"T_pred":[-103.62826381871687,46.53104040557127,758.0327455768567],"rotation_error":19.41282765052924,"translation_error":102.69748733294598,"ADD":0,"ADD_S":0}}
{"id_image":75,"data":{"Best_template_id":116,"GT_R":[-0.8847158230166973,0.423877142390058,0.19392624436398928,0.128854836405201,0.6222164961854649,-0.7721679608732654,-0.4479681525103212,-0.6581613238209653,-0.6051024718945412],"GT_T":[-102.8369822284796,56.85807415785763,864.3946078826541],"R_pred":[-0.9939539685977125,0.10383381198537545,0.03569380614957417,0.09191149404517718,0.9646846065280592,-0.24685195399304985,-0.06006484472002767,-0.24207880827612552,-0.9683956138956691],"T_pred":[-52.562446981425545,12.822171571071172,605.1939311995494],"rotation_error":41.18340742522899,"translation_error":267.6783151544398,"ADD":0,"ADD_S":0}}
{"id_image":84,"data":{"Best_template_id":116,"GT_R":[-0.8870123503861245,0.4192492598936355,0.193491381467177,0.12271549020362969,0.6180137181548245,-0.7765308163388769,-0.4451406281395182,-0.6650485234798829,-0.5996343196164726],"GT_T":[-105.88986917745787,54.14765243931853,866.7774625677981],"R_pred":[-0.8346904139067703,0.550658746316203,0.008176676440468877,0.2025845350304624,0.32081686311255864,-0.9252221606236575,-0.5121048907193095,-0.7706176000118901,-0.37933770634261865],"T_pred":[-77.2556231677455,44.859716818921584,659.1780756079683],"rotation_error":19.751037359610965,"translation_error":209.77056814226955,"ADD":0,"ADD_S":0}}
{"id_image":93,"data":{"Best_template_id":116,"GT_R":[-0.8931186335434242,0.41017801235737916,0.18464342299462477,0.12169681565715161,0.6155071101073621,-0.7786789784921448,-0.4330466637332428,-0.6729828536244221,-0.5996378611914888],"GT_T":[-97.78779784335615,46.61482070279398,868.2898246231515],"R_pred":[-0.9849915706678192,0.021391951950882476,-0.17127168506520207,0.17245756064185222,0.16262479540659558,-0.9714996478107569,0.007070748956404402,-0.986456061013715,-0.1638732565078923],"T_pred":[-60.21716946610476,47.565168476194245,719.5879252041125],"rotation_error":41.69011372775411,"translation_error":153.37767167479734,"ADD":0,"ADD_S":0}}
{"id_image":103,"data":{"Best_template_id":128,"GT_R":[-0.9049666503548641,0.3924976183507108,0.16426275554806816,0.1273701907285234,0.6182594576434354,-0.7755844152071891,-0.40597202552409684,-0.6809561190980743,-0.6094961683822403],"GT_T":[-76.43398117490823,30.333351943647067,874.1229665193455],"R_pred":[-0.9479933021365583,0.15611681018280824,-0.277373828402337,0.18736086516441627,0.9781782926836994,-0.08979495490975112,0.25730255597072,-0.13709401628352652,-0.9565566503820809],"T_pred":[-53.78105366915434,-16.310980732383484,723.869154777817],"rotation_error":55.11695384816722,"translation_error":158.94985636430073,"ADD":0,"ADD_S":0}}
{"id_image":111,"data":{"Best_template_id":116,"GT_R":[-0.903994489326894,0.3913245621808512,0.1722195196450705,0.11315998640422215,0.6074394841733274,-0.786265076249845,-0.41229777656040445,-0.6912903921148469,-0.5934036969209627],"GT_T":[-86.66332441914317,40.20217331707505,879.484034071146],"R_pred":[-0.874867910286401,0.47846486259019905,-0.07534928544882019,0.3072290607300395,0.4279052477743296,-0.8500043547948017,-0.37445486215836954,-0.7667910238087894,-0.5213588802468268],"T_pred":[-96.38170599847857,33.576180815877585,938.7545377064985],"rotation_error":16.054931199152776,"translation_error":60.42634622692178,"ADD":0,"ADD_S":0}}
{"id_image":118,"data":{"Best_template_id":116,"GT_R":[-0.9053604639165318,0.3910398922331199,0.1655615943606972,0.1162543432869237,0.6032321708350946,-0.7890475773749704,-0.40842131291363803,-0.6951251187474957,-0.5916022300579692],"GT_T":[-88.28322379921327,36.401236563717426,886.2385633341075],"R_pred":[-0.8881586795784115,0.4564476382860569,-0.05319505045221101,0.16374830996908657,0.20619350473475284,-0.9647127705112373,-0.42937239183696974,-0.8655286200399617,-0.2578750802615859],"T_pred":[-61.18434189348779,37.992255935875974,696.4472357746041],"rotation_error":25.31212334510272,"translation_error":191.722791446353,"ADD":0,"ADD_S":0}}
{"id_image":123,"data":{"Best_template_id":128,"GT_R":[-0.9078040214241241,0.38923883354255034,0.15615886188090827,0.12153459198370163,0.6005180532863355,-0.7903212989477019,-0.401399979253893,-0.6984780852832699,-0.5924578134180024],"GT_T":[-79.02222110496993,32.85803452121094,891.3938575549171],"R_pred":[-0.9952663360921543,-0.05615042074108133,0.07932244633329417,-0.05198339230552261,0.9972054354616665,0.05365674617527245,-0.08211362351101627,0.04927930332611274,-0.9954038894326181],"T_pred":[-74.26216487301008,-6.825121264555001,855.2161758655957],"rotation_error":58.92134882821716,"translation_error":53.90951345414508,"ADD":0,"ADD_S":0}}
{"id_image":126,"data":{"Best_template_id":116,"GT_R":[-0.9060300034827852,0.3914006167007174,0.16098295231222817,0.11958139563655808,0.6016413992467212,-0.7897645232012607,-0.40596907650914354,-0.6962997683791441,-0.5919088220851355],"GT_T":[-79.32271916784276,33.07164870981187,894.2221629723858],"R_pred":[-0.9635921101271179,0.2451159859660755,-0.10681010591066348,0.17139342950161554,0.2596486100102747,-0.9503719754093166,-0.20521826825222755,-0.9340774875478001,-0.29220662147176946],"T_pred":[-3.6411936411181123,27.683157185310936,374.8638046676199],"rotation_error":26.763986918965056,"translation_error":524.8712542023839,"ADD":0,"ADD_S":0}}
{"id_image":131,"data":{"Best_template_id":116,"GT_R":[-0.9006083222836991,0.4074579475088478,0.15127246556575363,0.13113250743169613,0.5865603971682305,-0.7992194525340909,-0.4143789769130169,-0.6999467125381541,-0.5816917160274745],"GT_T":[-79.44946606600594,44.49524242484192,902.8069173090877],"R_pred":[-0.8902895708677769,0.4086438547281934,0.20098427798450513,0.26016373125439385,0.818629973472974,-0.5120154289388462,-0.37376371271681963,-0.40355317682372693,-0.8351320377830183],"T_pred":[-59.270858244248636,13.341882806438926,691.9723343128785],"rotation_error":22.67964643757131,"translation_error":214.0769240631116,"ADD":0,"ADD_S":0}}
{"id_image":135,"data":{"Best_template_id":128,"GT_R":[-0.8934700972478213,0.4217475176219369,0.1544031069652225,0.13445846530101754,0.5792018484802316,-0.8040183375949728,-0.4285241534720868,-0.6976060787330973,-0.5742071763777064],"GT_T":[-83.02573543821933,46.88604367497024,908.334278003254],"R_pred":[-0.916505108275428,0.32316433078015566,0.23576089967689753,0.09211726366267288,0.7440307641620145,-0.6617647857931019,-0.38927213648082704,-0.5847931576992866,-0.7116770099334035],"T_pred":[-76.89599446752804,25.640513072695928,758.2168128086473],"rotation_error":12.788880903250817,"translation_error":151.73727179369573,"ADD":0,"ADD_S":0}}
{"id_image":138,"data":{"Best_template_id":128,"GT_R":[-0.8863793954452297,0.436902690980724,0.1531300619802901,0.14775317566665275,0.5804285136601547,-0.8007943069929823,-0.43875013718178507,-0.687182243737589,-0.579032666345098],"GT_T":[-85.0940504527881,41.06170283437038,912.3368701280324],"R_pred":[-0.8882304200970008,0.3457893217704276,0.3024507658509948,0.10843564272224733,0.7975686632991741,-0.5934020043028021,-0.4464173296386675,-0.4942812683813916,-0.7459206362110946],"T_pred":[-78.14618427993305,13.140121038002697,732.0068291366301],"rotation_error":17.609089544507874,"translation_error":182.6110929224399,"ADD":0,"ADD_S":0}}
{"id_image":139,"data":{"Best_template_id":128,"GT_R":[-0.885937047290971,0.4388597175813302,0.15006113518139294,0.1496788128547296,0.5767616592541068,-0.8030830983262941,-0.4389899361110526,-0.6890203591139761,-0.5766619275165386],"GT_T":[-82.99330109118141,38.949552609355415,914.2152563876847],"R_pred":[-0.9242276575258911,0.28546426352130105,0.25360085038588764,0.15435934878558888,0.8867817576632714,-0.4356504398231775,-0.34925123980695194,-0.3634945233808624,-0.8636523044405234],"T_pred":[-74.67478236922463,5.676358803796248,750.4002824965463],"rotation_error":27.848007100822482,"translation_error":167.3668092863821,"ADD":0,"ADD_S":0}}
{"id_image":142,"data":{"Best_template_id":116,"GT_R":[-0.8812683776989069,0.4487422665772776,0.14831370748464798,0.15691186872932159,0.573819615286175,-0.8038090575363677,-0.44580816872499757,-0.6850997747993377,-0.5761016236623894],"GT_T":[-82.56409792101121,37.9424863032739,917.7503623698587],"R_pred":[-0.5517372146994083,0.6938173257290386,0.46282130939915045,-0.3023474730537953,0.35078910956899156,-0.8863029990617084,-0.7772850516083039,-0.6289392014543211,0.016230508934635846],"T_pred":[-130.35850003348753,64.14407468118931,1040.3171103805998],"rotation_error":41.386301468653585,"translation_error":134.13961318247232,"ADD":0,"ADD_S":0}}
{"id_image":145,"data":{"Best_template_id":116,"GT_R":[-0.8715335505953615,0.46757887571843154,0.14764748832061655,0.16795683885330254,0.5675730876011134,-0.8060100788415652,-0.4606743122846758,-0.6776658470659838,-0.5731906960919472],"GT_T":[-91.49152643006218,39.099323959377955,919.7824288534547],"R_pred":[-0.8859649106308874,0.45707971970166117,0.07838562985812197,0.20145429328713058,0.5315702030921056,-0.8227085066418123,-0.41771083879519627,-0.7130997468952496,-0.5630332193849177],"T_pred":[-102.82374927761245,36.059677669447275,973.0223030431498],"rotation_error":4.253341229155126,"translation_error":54.517363545653915,"ADD":0,"ADD_S":0}}
{"id_image":147,"data":{"Best_template_id":116,"GT_R":[-0.8675664027728432,0.47459639447020946,0.1486167508877588,0.17077123282636752,0.5649570724114332,-0.8072545384684011,-0.4670821460905072,-0.6749678289685991,-0.571185017991814],"GT_T":[-95.24592444901766,39.02526181779182,921.4794513841767],"R_pred":[0.8160529219452769,0.5318687210442031,-0.22621514573383192,-0.3494312778718647,0.14224609538424296,-0.9261014147450441,-0.4603861538202587,0.8347944129680913,0.3019319086281683],"T_pred":[-183.10996089038684,74.9657640853292,998.4938044193718],"rotation_error":128.3806805333998,"translation_error":122.2416425627649,"ADD":0,"ADD_S":0}}
{"id_image":152,"data":{"Best_template_id":116,"GT_R":[-0.8558841464749901,0.49662027132176406,0.144332716008543,0.18485010152103204,0.5544077002315982,-0.8114569375271653,-0.48300529703854544,-0.667832725087751,-0.5663087492819188],"GT_T":[-106.42200985069586,37.53981292394925,925.5526511815063],"R_pred":[-0.8033336718731819,0.5880271990387276,0.09422857754110156,0.14516626301251784,0.3468077339514668,-0.9266343139310289,-0.5775653796045356,-0.7307177354232732,-0.36396404138341987],"T_pred":[-142.05773291849223,48.09109779515029,1099.6136965758808],"rotation_error":14.384807113988845,"translation_error":177.98449902949523,"ADD":0,"ADD_S":0}}
{"id_image":153,"data":{"Best_template_id":116,"GT_R":[-0.8542582528469453,0.4995496335631778,0.14385302393455013,0.18515304496343118,0.5509512471522252,-0.8137385140567731,-0.48575962725864574,-0.6685077725043206,-0.5631472503976181],"GT_T":[-107.97591562510432,37.20503777764013,926.4879719441374],"R_pred":[-0.8113076577188327,0.5669376207900887,0.14269414374687922,0.04524295522205668,0.3042355024166532,-0.9515218515998789,-0.5828661591905611,-0.7655210599337947,-0.27247852625167224],"T_pred":[-130.3227103932075,52.27725255862344,1015.0754638961321],"rotation_error":18.609801486967882,"translation_error":92.59748714277588,"ADD":0,"ADD_S":0}}
{"id_image":155,"data":{"Best_template_id":128,"GT_R":[-0.8510289654629728,0.5053409507988132,0.1427629731571387,0.1882492541947135,0.5473902912738766,-0.815430429412975,-0.49021818052244837,-0.6670795604056213,-0.5609741206938565],"GT_T":[-109.24910721736424,37.24245028166802,928.3500597478646],"R_pred":[-0.9462657314409509,0.2814841191654825,0.15921010067880303,0.18403695044217505,0.8735458586072415,-0.4506085149906527,-0.2659164650270204,-0.39709485462263205,-0.8784099897313123],"T_pred":[-90.95466805184807,3.422945369607789,761.7164596312562],"rotation_error":29.625746892398002,"translation_error":171.0122864144545,"ADD":0,"ADD_S":0}}
{"id_image":158,"data":{"Best_template_id":116,"GT_R":[-0.8483497020290961,0.509855229327863,0.14265743281937027,0.1893421232239027,0.543803821378546,-0.8175740354987296,-0.49442189826605165,-0.6665778106023137,-0.557872808204107],"GT_T":[-108.23923104475949,38.085956702969554,931.2502022909345],"R_pred":[-0.8984378833519485,0.41387313477167315,0.14669150647647944,0.2037631636911224,0.688889201194622,-0.6956380104623526,-0.3889600787750015,-0.5950972162526925,-0.7032562550931493],"T_pred":[-59.01198836633457,16.060469428637443,607.9121884652736],"rotation_error":11.848879037051509,"translation_error":327.8046898629053,"ADD":0,"ADD_S":0}}
{"id_image":162,"data":{"Best_template_id":116,"GT_R":[-0.8440867636134392,0.5179498875492669,0.13872671974918535,0.1954083601371379,0.5380629184795772,-0.8199416624911651,-0.49933319282597155,-0.6649938029314107,-0.5553834983310695],"GT_T":[-107.12807406777542,36.83221330091582,933.9129668039219],"R_pred":[-0.6206802973662576,0.7654012301953668,0.17004977293943452,0.29778961461731585,0.43075608101667207,-0.8519216772058501,-0.7253118735326236,-0.4781319435914918,-0.49529034982524955],"T_pred":[-132.68769740550053,32.86265239102061,973.7375418798666],"rotation_error":19.297422111912027,"translation_error":47.4873513576332,"ADD":0,"ADD_S":0}}
{"id_image":164,"data":{"Best_template_id":116,"GT_R":[-0.8410988680629358,0.5232202510637165,0.13708802977524223,0.20046502977083594,0.5369572684150793,-0.8194455420437006,-0.50236104329404,-0.6617539161244698,-0.5565206566451072],"GT_T":[-107.2566463798066,36.21232443261355,934.9042942635265],"R_pred":[-0.4236507664169352,0.8894692381408859,0.17136073796355922,0.4155914188490243,0.3589513896187737,-0.8357258357079828,-0.8048625973999527,-0.28283983858682904,-0.5217258140199488],"T_pred":[-155.16508844779062,29.27026053327753,1046.7538246780252],"rotation_error":32.43771352006091,"translation_error":121.87587343895316,"ADD":0,"ADD_S":0}}
{"id_image":165,"data":{"Best_template_id":116,"GT_R":[-0.8393325078900526,0.5266686768800715,0.1346919663127325,0.20337737355090996,0.533993969624713,-0.8206630442216235,-0.5041428288194495,-0.6614166363181955,-0.5553100020304104],"GT_T":[-106.9922710397404,36.21619669643527,935.2699703868884],"R_pred":[-0.6321410654635629,0.7628701269705359,0.1357455072204964,0.29788257703328214,0.40098592928378385,-0.866300325993492,-0.7153066780441814,-0.5071877895734265,-0.48072539193703856],"T_pred":[-138.67879444634897,32.553627891055875,1022.8521985682271],"rotation_error":18.257314848968576,"translation_error":93.20996121155595,"ADD":0,"ADD_S":0}}
{"id_image":167,"data":{"Best_template_id":128,"GT_R":[-0.83895248164672,0.5277923902060864,0.13264155437131625,0.20448167183971488,0.5315998461135378,-0.8219423411159601,-0.5043275383290489,-0.6624480460761336,-0.5539103111620524],"GT_T":[-105.85768024988096,35.292062816082115,936.2267142318113],"R_pred":[-0.9345868675208694,0.2987242954835372,0.19316102698368856,0.1803892899129931,0.8659685025425679,-0.4664314061990992,-0.3066057584948707,-0.40107648633651827,-0.8632094537050308],"T_pred":[-87.49906190389348,1.6844733924493474,745.704723458595],"rotation_error":29.165168932122715,"translation_error":194.33254463066814,"ADD":0,"ADD_S":0}}
{"id_image":168,"data":{"Best_template_id":116,"GT_R":[-0.8381725752968936,0.528856202909955,0.13333603688954357,0.2052538532346241,0.5323586597133585,-0.8212577870717376,-0.5053103981776897,-0.660988892123434,-0.5547576363774483],"GT_T":[-106.3316383421479,35.704291540272216,936.5541457200773],"R_pred":[-0.5730575152361534,0.6215558048339231,0.5341099752940586,-0.414551473834913,0.3423458779440164,-0.8431763607905775,-0.7069315099588271,-0.7046046276685917,0.06148299679861091],"T_pred":[-153.74845735962236,67.2148732810517,1032.454086014558],"rotation_error":43.16698075902876,"translation_error":111.5260957617689,"ADD":0,"ADD_S":0}}
{"id_image":171,"data":{"Best_template_id":116,"GT_R":[-0.8328910996639198,0.5369850894167056,0.13393974641991177,0.20885269879111537,0.5290883122497071,-0.8224633847690979,-0.5125168732631087,-0.6570496408148311,-0.5528227473494651],"GT_T":[-107.55609253924008,33.99018110799523,936.4166951076688],"R_pred":[-0.4640553117686624,0.8767470069123691,0.12636199384898789,0.46114476782685915,0.360910303264789,-0.8106104219063743,-0.7563056066995681,-0.3178968997450589,-0.5717896382475625],"T_pred":[-136.9780807015313,21.82906946199398,953.2170774560323],"rotation_error":29.49563631872143,"translation_error":35.99720643244019,"ADD":0,"ADD_S":0}}
{"id_image":176,"data":{"Best_template_id":128,"GT_R":[-0.8235123252825848,0.5525654761198288,0.12844619123906678,0.21970306707421378,0.5193959880060748,-0.8258079113444289,-0.5230273287653109,-0.6518438354844799,-0.5491285955715662],"GT_T":[-113.16729770342575,33.99041128946158,936.4168725778095],"R_pred":[-0.8946221611175915,0.39665647536406917,0.20570568633133057,0.20656961164712623,0.7753767798189813,-0.5967577773783124,-0.3962072492790176,-0.4913801887228479,-0.775606424515329],"T_pred":[-108.1702200559686,7.474009290898876,817.2554452414298],"rotation_error":20.224542795867997,"translation_error":122.17829645566103,"ADD":0,"ADD_S":0}}
{"id_image":179,"data":{"Best_template_id":116,"GT_R":[-0.8173884152263458,0.5610664093575759,0.1306947570232038,0.2234635349315175,0.5178996905462445,-0.8257387157217346,-0.530980611109998,-0.6457440213170519,-0.5487026093555112],"GT_T":[-118.2714050382499,31.965979265415562,936.4275255985345],"R_pred":[-0.6063779850149413,0.7726175828995772,0.1880633134974346,0.15213954200559804,0.3448616614820049,-0.9262418659282238,-0.7804865783903951,-0.5330408099144809,-0.32666220460617695],"T_pred":[-162.2727447915417,39.363439953740624,1084.4945900744854],"rotation_error":20.850735909160406,"translation_error":154.6437709940019,"ADD":0,"ADD_S":0}}
{"id_image":247,"data":{"Best_template_id":116,"GT_R":[-0.7464522222878741,0.6527755631470511,0.12920239401732506,0.25950260600759,0.46434431635019535,-0.8467834967620137,-0.6127544323152988,-0.5985562339512845,-0.5160074372750404],"GT_T":[-118.1076640525333,38.74461418384637,931.3387725442088],"R_pred":[-0.5617063239169233,0.8192805777645606,0.11517526023198027,0.4044298011499836,0.3933525384291253,-0.8256575055391604,-0.7217496391502536,-0.41719673465780116,-0.552290089515779],"T_pred":[-138.61464825551542,26.120846297282636,947.7485541070363],"rotation_error":14.907398467042324,"translation_error":29.140639109238975,"ADD":0,"ADD_S":0}}
{"id_image":316,"data":{"Best_template_id":116,"GT_R":[-0.7196936489856155,0.6842369793166607,0.11773151379299088,0.27909932288999173,0.44038674900966185,-0.8533249010484918,-0.6357246577467472,-0.58127412226641,-0.5079133183569257],"GT_T":[-56.600352641923934,23.144412930839927,883.0639654691737],"R_pred":[-0.6382460391154605,0.7609847084902729,0.1163798393081909,0.3481724407457475,0.42017279041218303,-0.8379921107638116,-0.6865988239565919,-0.4943248927994762,-0.533127522549916],"T_pred":[-72.12968614390228,12.539369809317362,897.5457114062386],"rotation_error":6.870418786525563,"translation_error":23.734955319332645,"ADD":0,"ADD_S":1}}
{"id_image":434,"data":{"Best_template_id":116,"GT_R":[-0.5104954068893353,0.849233225358615,0.13489884749522157,0.358164131022927,0.35262671737931733,-0.8645072737030612,-0.7817376549061256,-0.39301107173890776,-0.4841789059353427],"GT_T":[-163.29834300698334,11.05843324012154,857.5913717482057],"R_pred":[-0.17149707882383658,0.9779936795685188,0.11881546481380206,0.5517847055215087,0.19526275157457462,-0.8108058316268252,-0.8161632132774868,-0.07349027535364688,-0.5731289459807563],"T_pred":[-200.2770196081741,-6.411848338799344,884.8136980515184],"rotation_error":22.634439577851598,"translation_error":49.12930195907799,"ADD":0,"ADD_S":0}}
{"id_image":479,"data":{"Best_template_id":116,"GT_R":[-0.37774956271646204,0.9160532816908319,0.13472871980691653,0.3480490750414285,0.27532333577631124,-0.8961357647640353,-0.8580017876887828,-0.2916232208756646,-0.42283449431408954],"GT_T":[-207.4089690814479,39.94401540248399,909.4906558162367],"R_pred":[-0.23146057290067312,0.9695120441044529,0.08045122453323528,0.4358326692646932,0.1772726716197559,-0.8823968972624541,-0.8697562230844367,-0.1691768194322107,-0.4635766561990547],"T_pred":[-224.4931183465554,29.049570497251846,901.6174879282531],"rotation_error":10.060404194829625,"translation_error":21.738073937172693,"ADD":0,"ADD_S":1}}
{"id_image":513,"data":{"Best_template_id":116,"GT_R":[-0.40399060341426585,0.9062328699890839,0.12463256017958464,0.3380526207654952,0.274504982046005,-0.9002039342184855,-0.8500075528111514,-0.3215420736539427,-0.41725168303043075],"GT_T":[-133.3133524070657,34.72997324075666,931.1293134012119],"R_pred":[0.4203098362845421,0.9051365580183839,0.06377658552395238,-0.1307158919957862,0.12995278275200736,-0.9828660284264359,-0.8979159187263622,0.4047716462323445,0.1729361654025857],"T_pred":[-158.80482065339348,50.17594395988501,770.8976542137339],"rotation_error":56.78372030449464,"translation_error":162.98029810618775,"ADD":0,"ADD_S":0}}
{"id_image":519,"data":{"Best_template_id":116,"GT_R":[-0.39623520444730154,0.9095781862153096,0.12516436980089254,0.33989620430874135,0.27195262129434333,-0.9002839470939978,-0.8529175185390501,-0.31418237523377507,-0.4169197266468227],"GT_T":[-132.2918678388151,32.09701120466458,920.1289876588035],"R_pred":[-0.29785130901117174,0.9501289717640216,0.09240960304521728,0.41015672649453605,0.21478571297342108,-0.8863625427632791,-0.8620069938414757,-0.22610182333882767,-0.45367599457238184],"T_pred":[-134.27555391628698,20.98256763060888,826.2934004896217],"rotation_error":7.020043181560447,"translation_error":94.51234462121829,"ADD":0,"ADD_S":0}}
{"id_image":523,"data":{"Best_template_id":116,"GT_R":[-0.384508047000789,0.9147598675645217,0.12397082306960062,0.335460137902706,0.26357701319016846,-0.9044300615096111,-0.8600122921595074,-0.3061738922026025,-0.40821268120831516],"GT_T":[-135.77639871633107,34.75108351388494,912.8568813047802],"R_pred":[-0.31720703171419035,0.9413616632522935,0.11496920452864001,0.4828529746194542,0.26465402829824247,-0.8347522088659951,-0.8162307908503681,-0.20927604799495997,-0.5384893980417756],"T_pred":[-138.3287611363006,17.72887681722663,824.481085013697],"rotation_error":9.950872685582905,"translation_error":90.0363895590537,"ADD":0,"ADD_S":0}}
{"id_image":526,"data":{"Best_template_id":116,"GT_R":[-0.374284528004113,0.9198254194554079,0.11761256641065197,0.342178672375858,0.25487687469556286,-0.9044065450578727,-0.8618731490072538,-0.2982608686753111,-0.41014007292488686],"GT_T":[-136.17156907897908,30.691641987364676,901.891228151185],"R_pred":[-0.7825837075153399,0.6217677076421905,0.031107209211376746,-0.374199469246217,-0.42987398357971796,-0.8216952692191636,-0.49753140398108975,-0.6546856314099766,0.5690775220283486],"T_pred":[-137.48595951934632,67.5268957479068,938.3131920945858],"rotation_error":67.52072494763756,"translation_error":51.81817248154983,"ADD":0,"ADD_S":0}}
{"id_image":533,"data":{"Best_template_id":116,"GT_R":[-0.36875849506755976,0.9215588952299959,0.121439256772613,0.3471615083416617,0.25773687787732896,-0.9016933821006979,-0.8622622822231962,-0.29034810185453425,-0.4149724809984404],"GT_T":[-137.88251038440694,22.60717431241505,892.3927690235433],"R_pred":[-0.29435611266108647,0.9531553906149983,0.06963677391022388,0.43420454493953137,0.19829077621084634,-0.8787190570504058,-0.8513641360152,-0.228419722027827,-0.472232504700621],"T_pred":[-148.00941353463546,12.375812364427437,851.9414538101305],"rotation_error":6.79375815571732,"translation_error":42.93650937395496,"ADD":0,"ADD_S":0}}
{"id_image":534,"data":{"Best_template_id":116,"GT_R":[-0.36283033875254067,0.9241517611117945,0.11957490094761362,0.34709980823403613,0.25311587033163674,-0.9030255161095965,-0.8647987520198989,-0.28614078733368814,-0.4126099597535471],"GT_T":[-136.9943655342089,24.38450671391026,890.8551344960163],"R_pred":[-0.2952677944035034,0.951610027466075,0.08517796202132694,0.44729083322298374,0.21646253317917985,-0.8677988719999247,-0.8442439458490534,-0.21813373731651098,-0.48956085683145867],"T_pred":[-155.89508285514378,12.640405046763453,898.8347846094705],"rotation_error":7.03236892052679,"translation_error":23.63970928643833,"ADD":0,"ADD_S":1}}
{"id_image":539,"data":{"Best_template_id":128,"GT_R":[-0.3682574309320164,0.9213811082479568,0.12426963318722765,0.3444187653492486,0.2593514267287761,-0.9022818127746425,-0.8635756149902615,-0.2894716341266989,-0.41284934755844954],"GT_T":[-128.6754828359181,19.018226183858857,885.1744470927714],"R_pred":[-0.37961566617284975,0.9232590258104928,0.05903149376055816,0.4315250022192304,0.23314880442387564,-0.8714515519840502,-0.8183386331194662,-0.3053430959677596,-0.4869162918705708],"T_pred":[-159.0931106151235,9.743343633761414,983.9930631794981],"rotation_error":5.9288864717962495,"translation_error":103.80931755545006,"ADD":0,"ADD_S":0}}
{"id_image":542,"data":{"Best_template_id":116,"GT_R":[-0.36474978988802126,0.9225452333679051,0.12597109352237754,0.3396467478554392,0.25779865690218207,-0.9045331386324156,-0.8669477734408819,-0.28714273148908737,-0.40737080636382256],"GT_T":[-129.76476217894302,24.53608001693533,882.1878330277751],"R_pred":[-0.2903990583633236,0.9525077282251799,0.09163740815301108,0.44455013483159905,0.21909355013170428,-0.8685465985840328,-0.8473745125520957,-0.21148769222343128,-0.4870619996623686],"T_pred":[-150.12491460317972,14.134390835356717,897.3667203502642],"rotation_error":7.460157217047921,"translation_error":27.443206170510436,"ADD":0,"ADD_S":0}}
{"id_image":545,"data":{"Best_template_id":116,"GT_R":[-0.36372106136937493,0.9232137274511768,0.12403023272408589,0.33927710493878394,0.2553008617770674,-0.9053796514823028,-0.8675242844422212,-0.2872256370093713,-0.4060827512847478],"GT_T":[-127.84368415894745,25.228458589506296,878.0476141195122],"R_pred":[0.2921293583396656,0.9438210305405879,0.15447427069048808,0.23060945258338522,0.08723848982939014,-0.969127817303517,-0.9281593173454905,0.3187339144201481,-0.1921691271332702],"T_pred":[-195.81344495152513,29.261805126349472,1000.7253956146101],"rotation_error":39.01854982523499,"translation_error":140.30678650388037,"ADD":0,"ADD_S":0}}
{"id_image":550,"data":{"Best_template_id":116,"GT_R":[-0.3531646179380993,0.9271469352066654,0.12519624978337704,0.34226573533593885,0.25258261644866875,-0.9050168453613213,-0.8707065230075057,-0.27677017133702975,-0.40653367733135304],"GT_T":[-123.54562121774785,20.841850883703906,867.2856299191113],"R_pred":[-0.27340327551969856,0.9557152824707544,0.10889879607665881,0.3985583656799931,0.21559170011100504,-0.8914434631482466,-0.8754438177756427,-0.20032103657652223,-0.4398517980221463],"T_pred":[-142.03390113177664,9.965545297803049,859.3187079392166],"rotation_error":5.607388187111123,"translation_error":22.881922192226536,"ADD":0,"ADD_S":1}}
{"id_image":551,"data":{"Best_template_id":116,"GT_R":[-0.3564555140457417,0.9256700485098961,0.12678664161436687,0.34362250848497494,0.25607437459791976,-0.9035204550460183,-0.8688288022264679,-0.2784983698211549,-0.4093592526933599],"GT_T":[-118.27940459878627,18.274608716092505,863.1359251438791],"R_pred":[-0.3005590109177401,0.9519780744513782,0.05832689533993807,0.4126678883155251,0.184934330871539,-0.8919105937358864,-0.8598659749689803,-0.24400212914837943,-0.4484344612780138],"T_pred":[-132.10836956198406,7.238834597049357,841.5344308477648],"rotation_error":5.910401871202035,"translation_error":27.922269574390864,"ADD":0,"ADD_S":0}}
{"id_image":552,"data":{"Best_template_id":116,"GT_R":[-0.356223185722527,0.9257248075351411,0.12703620948477687,0.34309908658308635,0.256043941318268,-0.9037278856426871,-0.8691306585714377,-0.2783435742943403,-0.4088238855373394],"GT_T":[-117.20846292190363,17.771269790882123,862.1118242211638],"R_pred":[-0.29854812126488606,0.9522734416197116,0.06359490290075615,0.43448479887462704,0.19493932277774773,-0.879330211002572,-0.8497599536551965,-0.2348913638699872,-0.4719471033317352],"T_pred":[-144.12193474088514,5.911087694386973,911.7447998577222],"rotation_error":6.65905396129522,"translation_error":57.69255719113459,"ADD":0,"ADD_S":0}}
{"id_image":555,"data":{"Best_template_id":116,"GT_R":[-0.3508086482198959,0.9271105392895872,0.131912401768191,0.3373434509518366,0.25652143571944147,-0.9057571419634047,-0.8735751754939235,-0.2732476014610065,-0.4027446834845346],"GT_T":[-115.17399290517575,19.410925565458182,855.4657726383643],"R_pred":[-0.2866354652696987,0.9513633649054853,0.1129064124190266,0.4101641091311485,0.22836612747798057,-0.8829577087275253,-0.865797617015821,-0.20677683558953713,-0.4556729382279607],"T_pred":[-136.84126672416326,7.784424600960148,874.9632796792189],"rotation_error":5.58093666415639,"translation_error":31.381508252992365,"ADD":0,"ADD_S":0}}
{"id_image":556,"data":{"Best_template_id":116,"GT_R":[-0.35510917516654006,0.9250930463254886,0.13453672067554576,0.3364480434829926,0.2607475862446604,-0.9048827348490944,-0.8721814870093197,-0.27606799954149863,-0.40383968334017745],"GT_T":[-113.172294815858,18.01493062909682,854.2623133867257],"R_pred":[-0.2302223136085011,0.9712429009124749,0.060703490376334435,0.4376329508781317,0.15904770890724595,-0.8849752689183213,-0.8691806984870569,-0.17717520627468397,-0.4616642282645207],"T_pred":[-139.23590420579166,6.970703862032321,887.7454321155608],"rotation_error":9.70867222921922,"translation_error":43.84524967567919,"ADD":0,"ADD_S":0}}
{"id_image":567,"data":{"Best_template_id":116,"GT_R":[-0.35379265525243775,0.9253469284340329,0.13624783111413385,0.34149957347875337,0.263409024079553,-0.9022159998590974,-0.8707526387702008,-0.27266919531361644,-0.40919743659246105],"GT_T":[-109.64006351245762,8.860878369478307,847.2612503332158],"R_pred":[-0.24765508180203133,0.9556774156284003,0.1592094146570846,0.4146626759545045,0.2530713058576607,-0.8740765294422157,-0.8756265331908799,-0.15045129248139072,-0.45895814946768315],"T_pred":[-141.22944475428875,-4.344885187319392,913.3685781878613],"rotation_error":7.7355148659071515,"translation_error":74.44769972565565,"ADD":0,"ADD_S":0}}
{"id_image":569,"data":{"Best_template_id":116,"GT_R":[-0.35304041051309326,0.9257180480606058,0.13567882565959427,0.3447923464984981,0.26353824292482064,-0.9009254274714907,-0.8697590599065071,-0.2712829353395356,-0.41221960616309056],"GT_T":[-105.32288898283653,5.106778746681566,845.2646744928851],"R_pred":[-0.21454858570565238,0.9732656763952894,0.08199285043541282,0.4368593364598889,0.17070600827168347,-0.8831836609039896,-0.8735690153156359,-0.15366646312962207,-0.46180493023537833],"T_pred":[-146.34576790004252,-6.760792692677313,963.4214896321309],"rotation_error":9.772113004144197,"translation_error":125.63737027801062,"ADD":0,"ADD_S":0}}
{"id_image":576,"data":{"Best_template_id":116,"GT_R":[-0.34480396357834064,0.929346106762074,0.13201141504862143,0.34825470406781633,0.25725193371383687,-0.9014102171648035,-0.8716816956697975,-0.264836248773233,-0.4123502995375564],"GT_T":[-107.88651954868627,4.164807001259851,839.9860755482443],"R_pred":[-0.41280530326302683,0.9099294988466889,0.04025032579413573,0.4884433879061324,0.2584576757207331,-0.8334402718082539,-0.7687748944968873,-0.32438855866021243,-0.5511417463789601],"T_pred":[-122.90247413020747,-12.805637234589893,855.1451900543813],"rotation_error":10.818532273583852,"translation_error":27.263044990729924,"ADD":0,"ADD_S":0}}
{"id_image":579,"data":{"Best_template_id":116,"GT_R":[-0.33738456587554483,0.9319284644005177,0.13297135989643363,0.34398285407892354,0.2535320753458557,-0.904100100811212,-0.8762693639330315,-0.25929065123183875,-0.40610518323736056],"GT_T":[-110.16318032200965,9.041291466952655,837.3200307399335],"R_pred":[-0.30714485543664993,0.9500663341000734,0.055099896446793195,0.424129702199903,0.188486876066438,-0.885768984138944,-0.8519248989732728,-0.24868988391240032,-0.4608441256531494],"T_pred":[-133.41932864806887,-2.757439896858548,874.1130406092384],"rotation_error":6.011720746255979,"translation_error":45.097495185451464,"ADD":0,"ADD_S":0}}
{"id_image":583,"data":{"Best_template_id":116,"GT_R":[-0.32713662350141115,0.9337950633371527,0.14494542762833107,0.33909423220127566,0.25916939896239594,-0.9043486314244326,-0.8820414708278594,-0.24669562927083735,-0.4014278355305794],"GT_T":[-115.1019128808691,7.449684829483645,833.2063256934874],"R_pred":[-0.2887236109895712,0.9488679104511062,0.1276258789325027,0.511987474333478,0.2656617190664309,-0.8168798425400728,-0.8090163796752006,-0.17050964646851974,-0.5625112957785041],"T_pred":[-135.33633132712708,-11.577471539197038,836.7674128625138],"rotation_error":11.236233309887568,"translation_error":28.002601864146403,"ADD":0,"ADD_S":0}}
{"id_image":587,"data":{"Best_template_id":116,"GT_R":[-0.31971942326458364,0.9355324567122737,0.15019904953394336,0.3422129300966094,0.26183180600984884,-0.9024042968223651,-0.8835554080887211,-0.23711668102184516,-0.40386346921520266],"GT_T":[-118.54312833964104,5.424824679895719,830.6792751558459],"R_pred":[-0.3111767368390476,0.9470157137722874,0.07956303361842876,0.4506519797807198,0.22074870858034212,-0.8649756070432444,-0.8367089288216781,-0.23330504822758624,-0.49546636909239733],"T_pred":[-149.1474523879429,-8.910061068222378,905.9637671833324],"rotation_error":7.096462973021861,"translation_error":82.52192641778153,"ADD":0,"ADD_S":0}}
{"id_image":591,"data":{"Best_template_id":128,"GT_R":[-0.3082860565162709,0.9369247433139556,0.16471830468108334,0.3368105647072356,0.2694372972794349,-0.902198928670901,-0.8896736646441887,-0.22265721639091954,-0.398628672625065],"GT_T":[-125.63461924472406,5.135376774548,826.1488497297677],"R_pred":[-0.619837938258909,0.7604910396968579,-0.19353115727380218,0.4692905342009609,0.16157002401069476,-0.8681368105607321,-0.6289414319348995,-0.6289264709661819,-0.457038476841614],"T_pred":[-57.15656796401984,25.209466402173582,639.1554225489333],"rotation_error":29.637928017538044,"translation_error":200.14683207688975,"ADD":0,"ADD_S":0}}
{"id_image":592,"data":{"Best_template_id":128,"GT_R":[-0.30054243443927775,0.939314357381968,0.16541906061711736,0.3355327956761027,0.26647822909979985,-0.9035526175823021,-0.8928010033077025,-0.21605239327393927,-0.3952583901263779],"GT_T":[-129.97681623975745,7.12663658215431,824.9621357789674],"R_pred":[-0.3770735176615811,0.9054173082883124,0.1950257934999074,0.3685351833895771,0.3398579530719852,-0.8652620356503178,-0.8497042902576946,-0.2543935329084997,-0.4618295676242481],"T_pred":[-68.38381518664063,19.788829067478858,509.5120224954207],"rotation_error":6.224230839041361,"translation_error":321.6563428068334,"ADD":0,"ADD_S":0}}
{"id_image":602,"data":{"Best_template_id":116,"GT_R":[-0.28147831553280983,0.9428364082178468,0.17841120248323702,0.3290693353766511,0.26949933485518535,-0.9050324139656953,-0.9013788560617989,-0.19603772932087396,-0.38611660809662807],"GT_T":[-140.52623577398268,9.945554935477286,820.796141965945],"R_pred":[-0.26735198289551726,0.9539103710694294,0.13630084815590326,0.4285067790333437,0.2443885514204277,-0.8698598601252353,-0.8630787087886621,-0.17415292102289992,-0.4740948244126773],"T_pred":[-76.94034463671592,21.52768041489477,504.61714217024],"rotation_error":6.218388743995673,"translation_error":322.71732382094666,"ADD":0,"ADD_S":0}}
{"id_image":604,"data":{"Best_template_id":116,"GT_R":[-0.28070767306233585,0.9444441251806769,0.17096701422313915,0.3281916285016432,0.26184190984375666,-0.9075949995349162,-0.9019392357917869,-0.19865930691925587,-0.3834593023156019],"GT_T":[-136.6356846552895,11.77837011737067,821.6635934633082],"R_pred":[-0.1791862725800668,0.9786316828462851,0.10085786557482868,0.34922308768004867,0.15911131399836842,-0.9234320899713879,-0.9197475277216434,-0.13024445894993292,-0.370271341265786],"T_pred":[-77.40524826382148,27.70517590475424,498.0883545420569],"rotation_error":7.343276474921241,"translation_error":329.3369748155491,"ADD":0,"ADD_S":0}}
