{"id_image":1,"data":{"GT_R":[-0.8894626193561241,0.44597060146801776,0.09983800975015748,0.24552804724290103,0.6505750977899267,-0.7186575588755403,-0.3854521896327045,-0.614705911330021,-0.6881592266448958],"GT_T":[-37.56500288707354,7.6302297238361465,868.8511407653024],"R_pred":[-0.7965914187605195,0.5010685578446897,0.3381899050778208,0.1865102808498824,0.7358575103738101,-0.6509436531403894,-0.5750269791013294,-0.4554602340115988,-0.679632215642916],"T_pred":[-58.41055617293495,-7.550634647051189,755.5253295887987],"rotation_error":15.484150488131656,"translation_error":116.22278267901488,"ADD":0,"ADD_S":0}}
{"id_image":2,"data":{"GT_R":[-0.8899824768300675,0.44460545771089904,0.10128440452747964,0.24407442690854805,0.6520882200689964,-0.7177810852735932,-0.38517560567930603,-0.6140916875434189,-0.6888622365733413],"GT_T":[-37.73482222364595,8.41266495427088,868.590266673663],"R_pred":[-0.838418531052393,0.5397864003761763,0.0753989970548542,0.19557876027105583,0.4270935174049758,-0.8828023991366825,-0.5087271521344073,-0.7254114483240361,-0.4636538744814278],"T_pred":[-45.68807242633556,8.720111877166808,703.4772339885099],"rotation_error":16.812197777056078,"translation_error":165.3047557539874,"ADD":0,"ADD_S":0}}
{"id_image":3,"data":{"GT_R":[-0.8888704009371791,0.446581694503021,0.10234484413028888,0.244572781083565,0.6513962961350032,-0.718239567907835,-0.387419690623314,-0.6133914727923466,-0.6882280029467854],"GT_T":[-38.69542034373915,9.85237420802673,868.3781559929928],"R_pred":[-0.9001869907778043,0.428009200271313,0.08044567183828039,0.22832235252660255,0.6211187872479035,-0.7497201847785686,-0.37085345484587173,-0.6565208120164998,-0.6568471195172256],"T_pred":[-51.43547750360774,-0.8572309705945704,826.501905830665],"rotation_error":3.201175873579948,"translation_error":45.06245695894231,"ADD":0,"ADD_S":0}}
{"id_image":5,"data":{"GT_R":[-0.8874443142673292,0.44921492600255675,0.10319479694096044,0.24504048742147794,0.6494519980467138,-0.7198387099361184,-0.39038216548899185,-0.6135301273791096,-0.6864270429524797],"GT_T":[-41.443985795548336,12.668248602026093,868.0232987928329],"R_pred":[-0.7766957605586985,0.6029484701541634,0.18219999415175306,0.18367318823961548,0.4934956164839661,-0.8501330698384845,-0.602501332323871,-0.6268294974312111,-0.49404142103481136],"T_pred":[-51.13859445090876,10.09599188669432,660.0240113933363],"rotation_error":16.733811325229713,"translation_error":208.24097939716026,"ADD":0,"ADD_S":0}}
{"id_image":6,"data":{"GT_R":[-0.8889565649467481,0.44603729979894535,0.10396125788035104,0.2406646049321058,0.6480600460521282,-0.7225636468403334,-0.3896637249578672,-0.6173085664531409,-0.683442083012788],"GT_T":[-43.090123996647726,15.310678052265029,868.055782036256],"R_pred":[-0.9132063473923736,0.4067733966366903,0.02428108051403899,0.2322051023648797,0.5684149687646054,-0.7892941237080433,-0.33486558126805915,-0.7151502129433942,-0.6135350156340083],"T_pred":[-47.61520595184501,6.73647547491712,773.626209741743],"rotation_error":7.778801814220819,"translation_error":94.92595767366963,"ADD":0,"ADD_S":0}}
{"id_image":7,"data":{"GT_R":[-0.8874509621736213,0.44899596931535374,0.10408784132956275,0.24159339499317853,0.6454843205671968,-0.7245570579384947,-0.3925103916578209,-0.6178618361013367,-0.6813096296932187],"GT_T":[-44.001566123503544,17.643316892654422,867.9977167882686],"R_pred":[-0.8528051606390126,0.45594075958747304,0.25463970965712746,0.1923180873071717,0.7275262502967339,-0.6585736924776797,-0.48552766273609904,-0.512663221692343,-0.7081237955626464],"T_pred":[-60.06795242653702,2.016323475383191,779.9195758903481],"rotation_error":9.757416627106346,"translation_error":90.88504055198338,"ADD":0,"ADD_S":0}}
{"id_image":8,"data":{"GT_R":[-0.887630356660327,0.4486870395638243,0.10388986559586365,0.24166594909983274,0.6457822393070243,-0.724267127413104,-0.39205977618484983,-0.6177756197414221,-0.6816471595258996],"GT_T":[-44.607399540696505,18.948984586504196,868.0969232605856],"R_pred":[-0.7715676755185961,0.5895512890511047,0.23898242544800513,0.20667802241389174,0.5876056096074705,-0.7823067445758832,-0.601637363488932,-0.5542101813716652,-0.5752247888591665],"T_pred":[-59.51623440540411,9.873409773690998,714.1435223869706],"rotation_error":14.000666639499014,"translation_error":154.93963035891784,"ADD":0,"ADD_S":0}}
{"id_image":9,"data":{"GT_R":[-0.8880556617632644,0.4477667083892731,0.10422463661350892,0.2415755208292795,0.6473766208022065,-0.722873036285988,-0.39115120835399625,-0.6167737918772739,-0.6830752669978996],"GT_T":[-45.544393126122344,20.70263801329742,867.8835576707163],"R_pred":[-0.8334846841826219,0.5512368484177106,0.037963379453163026,0.2713639044029582,0.4682223976289016,-0.8409098749246703,-0.4813158138064623,-0.6905836106548956,-0.5398419806523669],"T_pred":[-52.88988303191161,14.35342238701341,767.1650121551346],"rotation_error":12.779250708875116,"translation_error":101.18544446608614,"ADD":0,"ADD_S":0}}
{"id_image":10,"data":{"GT_R":[-0.8865203502348914,0.4508005704332457,0.10421387610083528,0.24255273998811058,0.6445987515769874,-0.7250247055419573,-0.394017975844308,-0.6174718104914464,-0.6807929766813067],"GT_T":[-47.13300597167619,22.033413635787333,867.6926024204303],"R_pred":[-0.8912792671655282,0.45240648122186944,-0.030816289025857424,0.2837751386767656,0.5034727493462452,-0.8160801807020651,-0.35368480118583173,-0.7361002420962645,-0.5771165350221386],"T_pred":[-52.277935394563215,15.210300208262565,790.034732591351],"rotation_error":11.083868093665588,"translation_error":78.12662748385836,"ADD":0,"ADD_S":0}}
{"id_image":11,"data":{"GT_R":[-0.8851298569892572,0.45354442276032103,0.1041267997383284,0.2446717841297455,0.6439257476610368,-0.7249111742914707,-0.3958292502525605,-0.6161638880866791,-0.6809266554866548],"GT_T":[-49.598316918553394,23.236114171630636,867.3690432296828],"R_pred":[-0.9614202998825804,0.23002839100281597,-0.1508573707392019,0.2695368659257029,0.6781677514874243,-0.6836946531525908,-0.054962577092409495,-0.697979541372917,-0.7140053745905655],"T_pred":[-44.78738744154089,6.8388895204024935,820.1370853679456],"rotation_error":20.292546091355902,"translation_error":50.22819787876678,"ADD":0,"ADD_S":0}}
{"id_image":12,"data":{"GT_R":[-0.8819651895530457,0.4592307920894748,0.10603817364320592,0.24570318189302454,0.6399866850473,-0.7280426019971797,-0.4022036313033598,-0.6160552645704043,-0.6772800814524556],"GT_T":[-55.07526617636535,25.76897627222357,866.6507613926124],"R_pred":[-0.903450712390125,0.37529926218848514,-0.2071889815664784,0.3325260186270526,0.3084745631309158,-0.8912182060737044,-0.2705610046141478,-0.8740674503160322,-0.40348833326406575],"T_pred":[-49.50838497414539,21.428050466890003,765.9160199036806],"rotation_error":26.121338608407736,"translation_error":100.98179017035172,"ADD":0,"ADD_S":0}}
{"id_image":13,"data":{"GT_R":[-0.8807283858309198,0.46137050236715127,0.10703255990089366,0.24498837032130896,0.6371889958081968,-0.7307335062794439,-0.4053392346025485,-0.6173558391682041,-0.6742202829850859],"GT_T":[-59.58213460760844,28.734912003293072,866.2571608623947],"R_pred":[-0.7184933499737249,0.5082964357117915,0.47476524671275483,0.10985274386551339,0.7569542325018519,-0.6441681958640539,-0.6868039609005996,-0.4106762999495112,-0.5997043404470463],"T_pred":[-84.001242098242,12.106911632147913,750.1021126777341],"rotation_error":23.484812399011606,"translation_error":119.85315359122906,"ADD":0,"ADD_S":0}}
{"id_image":14,"data":{"GT_R":[-0.8799840153976506,0.4634914576332392,0.10394476622944114,0.2480604201311731,0.6350325654421667,-0.731573370753415,-0.4050867665747902,-0.6179884578421637,-0.6737923553334598],"GT_T":[-61.225941204406666,28.917275933539415,866.1038015229735],"R_pred":[-0.8008124149060958,0.5970229999579417,0.04757114307525975,0.25244880039898837,0.408511964241261,-0.8771474096460976,-0.543110559011127,-0.69042125734436,-0.477859192752064],"T_pred":[-69.79137461091105,24.635997659253537,750.1695446093711],"rotation_error":16.386825677654638,"translation_error":116.32905019474848,"ADD":0,"ADD_S":0}}
{"id_image":15,"data":{"GT_R":[-0.8769140076518506,0.46891206183327105,0.10556722491245078,0.25033275142593325,0.6330593532691691,-0.7325093820230973,-0.4103131323142811,-0.6159204257581183,-0.672521354057811],"GT_T":[-65.84197522939893,29.637708578889253,865.2514509705096],"R_pred":[-0.9196969683306212,0.05850433574727043,-0.38824570717811535,0.3201738318888576,-0.4605977467109311,-0.8278516975270501,-0.22725801155750214,-0.885678812224603,0.4048787939116426],"T_pred":[-43.27102770849919,47.907572532245545,749.7932990655291],"rotation_error":73.90740597081543,"translation_error":119.05385521762368,"ADD":0,"ADD_S":0}}
{"id_image":16,"data":{"GT_R":[-0.8747174707531621,0.4723741636644661,0.10831484842931566,0.2506480053750852,0.6322378303933638,-0.7331107999794213,-0.41478370511358303,-0.6141159041280448,-0.6714289124479118],"GT_T":[-71.34600783742617,31.903066150608986,864.1994312742588],"R_pred":[-0.9511479656039684,0.23771905882087188,-0.19699542279137067,0.3059452483901921,0.8113329335326529,-0.49813288985246107,0.04141319252237986,-0.5340678983412308,-0.8444266856551166],"T_pred":[-78.3702162046867,7.199628540982586,934.5519572407271],"rotation_error":28.625381867941844,"translation_error":74.89377305745782,"ADD":0,"ADD_S":0}}
{"id_image":17,"data":{"GT_R":[-0.8740763474413459,0.4736365364464265,0.10797852983070534,0.25137222705849555,0.6311805054565472,-0.7337730212314192,-0.4156957340642016,-0.6142310240012355,-0.6707588538805244],"GT_T":[-73.35294528345997,30.913916383309672,863.705621048938],"R_pred":[-0.7976473052185249,0.5380282416161837,0.2725516239192548,0.1919782882090409,0.6548883316844845,-0.7309347507676996,-0.5717544169780867,-0.530704140031817,-0.6256596538207796],"T_pred":[-85.60556994061174,15.250303784990761,746.2667579252192],"rotation_error":11.078044687875863,"translation_error":119.11071380195334,"ADD":0,"ADD_S":0}}
{"id_image":18,"data":{"GT_R":[-0.873134641957429,0.4746178848155742,0.11124362856689243,0.2518856084101181,0.6346290582765055,-0.7306157478719872,-0.4173619387103946,-0.6099050791311235,-0.6736650226604054],"GT_T":[-76.58301106382181,29.571071594633942,862.4642107034418],"R_pred":[-0.16263789618926797,-0.10319447348265481,-0.9812745871394849,-0.33283419584603424,0.9419631349329988,-0.04389590530699555,0.9288543011681932,0.31946260042426666,-0.1875455521507048],"T_pred":[26.623263414234746,-13.497050764307241,119.36056260336962],"rotation_error":117.58955837317379,"translation_error":751.4715098224286,"ADD":0,"ADD_S":0}}
{"id_image":19,"data":{"GT_R":[-0.8719607288935882,0.475166253023119,0.11791108619821616,0.24700702494275853,0.6349235920135379,-0.7320244664163174,-0.4226975443599381,-0.6091716005287138,-0.6709966344830703],"GT_T":[-80.60719170905035,31.77928489294926,860.764778509208],"R_pred":[-0.7345464806680608,0.6313462465228099,0.24868330209269252,0.1383971652825344,0.49817660767782224,-0.8559592818612203,-0.664294883602098,-0.5943248140235913,-0.45331040475142276],"T_pred":[-83.32449862389227,25.096756125068314,658.0818458258626],"rotation_error":18.74678822162937,"translation_error":202.8112697774079,"ADD":0,"ADD_S":0}}
{"id_image":20,"data":{"GT_R":[-0.8728567220868402,0.4732870262359002,0.11882874180882004,0.24456441203583712,0.6350127602798323,-0.7327668842363529,-0.42226679580860765,-0.6105390967283572,-0.6700241443948405],"GT_T":[-80.3057438590718,32.87178296042336,859.9637792495201],"R_pred":[-0.9032749369288839,0.4258521877323024,-0.05238609089951987,0.24772621931816594,0.41793082999998166,-0.8740512236693311,-0.35032286333958973,-0.8024859721759247,-0.4830011965641623],"T_pred":[-81.25849460312466,27.957091479851638,796.6896995939538],"rotation_error":17.088073715247297,"translation_error":63.471813292109815,"ADD":0,"ADD_S":0}}
{"id_image":21,"data":{"GT_R":[-0.8740806071446888,0.470423817390095,0.12118324358743189,0.23942122318402315,0.6342351470887535,-0.7351344530757402,-0.42268370997974286,-0.6135533441016302,-0.6670017790075207],"GT_T":[-79.085801756146,34.13066405596105,859.1408387960956],"R_pred":[-0.7575582320951749,0.6241020718476942,0.1913168285861139,0.16807992661304522,0.4696995981900116,-0.8666783865597979,-0.6307572141914719,-0.6244028278087445,-0.4607238276558494],"T_pred":[-86.3292950310086,27.124547086163542,699.6084283590466],"rotation_error":17.13468012703375,"translation_error":159.85037957312628,"ADD":0,"ADD_S":0}}
{"id_image":22,"data":{"GT_R":[-0.8745891662399943,0.46872009496673744,0.12407603603241418,0.23522938950151134,0.6339406136031374,-0.736740722943647,-0.4239823646625235,-0.6151593946184694,-0.6646940275194411],"GT_T":[-78.17514106418157,36.82068062206001,858.1689543962015],"R_pred":[-0.7401549333495979,0.5690853199711303,0.35820744441120755,0.18212943384148003,0.682448678380948,-0.7078789943942957,-0.6473017410503652,-0.4587000108670737,-0.6087649431954113],"T_pred":[-88.67853112485254,16.815393008408087,692.7452925742288],"rotation_error":16.586858757289118,"translation_error":166.95963771481397,"ADD":0,"ADD_S":0}}
{"id_image":23,"data":{"GT_R":[-0.8762541948256157,0.4657641124504142,0.12346365591873232,0.2338236936796963,0.6350557346195094,-0.7362269370420599,-0.421314912829143,-0.616253500317285,-0.6653760686217669],"GT_T":[-75.8426171304871,37.95986104192978,857.8247961376971],"R_pred":[-0.9433416678632863,0.2941370347471832,-0.15359004675774895,0.2524460757243536,0.3357691883645265,-0.9074855541530129,-0.2153543046337525,-0.8948421407908556,-0.3909988063160187],"T_pred":[-67.63096185791903,33.54423639091128,773.8476481071336],"rotation_error":26.66055970598489,"translation_error":84.49313827004744,"ADD":0,"ADD_S":0}}
{"id_image":24,"data":{"GT_R":[-0.8772239597318259,0.4646831458621203,0.12061560692686313,0.23551192883375882,0.6354638394343923,-0.7353360341978646,-0.4183457476243245,-0.6166479572171985,-0.6668821520112974],"GT_T":[-73.37914664761477,37.2318107944366,857.6311037164104],"R_pred":[-0.655911075731928,0.6000995104369715,0.45788780100095705,0.15273234072667646,0.6995662944751753,-0.6980543186102514,-0.7392249270880518,-0.3879272834019011,-0.5505078836529824],"T_pred":[-76.0460598605011,13.734837762923172,583.7378441446691],"rotation_error":24.57196508194974,"translation_error":274.91223655298063,"ADD":0,"ADD_S":0}}
{"id_image":25,"data":{"GT_R":[-0.8780497004089235,0.463480905328476,0.1192285861542962,0.2353019873671447,0.6350448220873396,-0.7357662407118235,-0.416728951353618,-0.617984181623668,-0.6666575668347309],"GT_T":[-72.37537715575898,38.79887475972813,857.3931473823715],"R_pred":[-0.7696497472694697,0.6053176028042002,0.2030513882331714,0.17187564871196495,0.5027226809545614,-0.8471886846704814,-0.6148967619917044,-0.617138967971749,-0.49095974000205145],"T_pred":[-79.17136191094554,28.558396219748985,695.2630450024627],"rotation_error":15.365551040471892,"translation_error":162.59527332379682,"ADD":0,"ADD_S":0}}
{"id_image":26,"data":{"GT_R":[-0.8785731834593175,0.4623642530391871,0.11970168403612708,0.23368495921222115,0.6347284932145212,-0.7365541968172021,-0.41653477552253254,-0.619143670152504,-0.6657024038345137],"GT_T":[-71.66593891664313,38.66307389412221,857.334177361159],"R_pred":[-0.9264686305984208,0.37486650872048094,0.0336300038180852,0.2609227883191106,0.704108273666601,-0.6604171692877315,-0.27124744248170785,-0.603080956086293,-0.7501454427997116],"T_pred":[-71.0220948071681,17.093959353373474,775.5212704141879],"rotation_error":9.70174714922701,"translation_error":84.61083252411005,"ADD":0,"ADD_S":0}}
{"id_image":27,"data":{"GT_R":[-0.8801032156771177,0.45846173709115096,0.1234182153982798,0.2290517293507201,0.6376912074879666,-0.7354492037772135,-0.4158783405471284,-0.6190023440756814,-0.6662448514890059],"GT_T":[-72.70188558395591,38.42614446190466,857.2218170685935],"R_pred":[-0.9473044503212651,0.3150353172533372,0.058026091412526806,0.23329091870965601,0.8026172683124821,-0.5489816644062115,-0.2195213557928486,-0.5065158136620207,-0.8338177887651299],"T_pred":[-70.21296864220818,10.247215760519783,770.9128203956577],"rotation_error":16.795929130050894,"translation_error":90.82670112356548,"ADD":0,"ADD_S":0}}
{"id_image":28,"data":{"GT_R":[-0.8784867196458702,0.4604609718954872,0.1274244739110041,0.22722602872953607,0.6372874467715129,-0.7363651510379177,-0.42027371373812017,-0.6179334496409628,-0.6644762013381824],"GT_T":[-75.5962675552998,38.724395429413164,856.7876368171593],"R_pred":[-0.9597672896179348,0.2631274037623683,-0.09803427547913518,0.2600814209287192,0.7014141938146486,-0.6636081548647855,-0.10585085860370586,-0.6624062938292649,-0.7416289487528355],"T_pred":[-69.44392873593952,18.871322672671578,797.521501192249],"rotation_error":18.81119702039753,"translation_error":62.80502052179378,"ADD":0,"ADD_S":0}}
{"id_image":30,"data":{"GT_R":[-0.8780594445229287,0.4576352338974936,0.13993460284802944,0.21660536860845048,0.6408064322118552,-0.7365114665458118,-0.42672497083361655,-0.6163911486945555,-0.6617915864663093],"GT_T":[-81.82793627357569,38.659790484488354,855.645401581644],"R_pred":[-0.8840903767167569,0.06409375315749602,0.462899769499844,0.4107393748532001,0.5790137659414342,0.7042983918734448,-0.22288421151356852,0.8127945925364563,-0.5382263265592558],"T_pred":[-90.5694876794677,-30.702328729643355,741.1978819753803],"rotation_error":96.83508750547851,"translation_error":134.11097288023603,"ADD":0,"ADD_S":0}}
{"id_image":31,"data":{"GT_R":[-0.8775109823750793,0.4580078664871949,0.14214318281171362,0.21454022812313286,0.6400204581355101,-0.7377982254658175,-0.42889211241981323,-0.6169309638434768,-0.6598851569212005],"GT_T":[-83.94328572773244,39.6636138680693,855.2989375810744],"R_pred":[-0.9431457206164199,0.10009494938809087,-0.3169497606718289,0.24058142336380917,0.8635444179119787,-0.44318350265471834,0.22933976631883468,-0.49423884853384065,-0.8385292077111958],"T_pred":[-50.79891396444377,3.1804969726971493,662.8824215237511],"rotation_error":40.554512071731665,"translation_error":198.62951152742292,"ADD":0,"ADD_S":0}}
{"id_image":32,"data":{"GT_R":[-0.8771965322338462,0.45797369512270036,0.14417711050980714,0.21379182946421088,0.6414428757708939,-0.7367794981959478,-0.4299076048428069,-0.6154767944919974,-0.6605815802546908],"GT_T":[-84.72055410384638,38.33408056153414,854.9760978754748],"R_pred":[-0.8001437546704597,0.5991615185117061,0.027846841770758024,0.23343631979264254,0.35383405708610194,-0.90570908389375,-0.5525191910364076,-0.7181970027650737,-0.4229841708098995],"T_pred":[-84.82576941591117,33.52467384720535,719.9973121219206],"rotation_error":19.655958811868075,"translation_error":135.06448114404327,"ADD":0,"ADD_S":0}}
{"id_image":33,"data":{"GT_R":[-0.8787915573833072,0.45397096884521937,0.14709532727737984,0.20890354103876418,0.6431070861503946,-0.7367309502525636,-0.42905233127425385,-0.6167036410787273,-0.6599925751945876],"GT_T":[-85.27752212783747,37.48617751956345,855.0621797939486],"R_pred":[-0.6416317530609861,0.7594225610771907,0.10763859526603858,0.33710554077275634,0.40526374906151275,-0.8497771167058541,-0.6889619349747801,-0.5089584142379096,-0.516035642889364],"T_pred":[-93.96042221661293,33.55918522102064,773.6475182781741],"rotation_error":23.679403163341792,"translation_error":81.97048939827441,"ADD":0,"ADD_S":0}}
{"id_image":34,"data":{"GT_R":[-0.8769155602881079,0.45644190534921425,0.15060299526952894,0.2083187663228679,0.6433030612447056,-0.736725641005974,-0.4331554802123968,-0.6146720700806791,-0.6592076643749604],"GT_T":[-87.78147814809374,37.471538578612986,854.7957294710367],"R_pred":[-0.9492057407553863,0.31433585622375515,-0.014192646303523834,0.1848721751541599,0.5206270673485394,-0.8335284851748196,-0.25461881425139776,-0.7938138486044058,-0.5522941545889053],"T_pred":[-77.8254589833513,28.648539296113594,748.3342267896181],"rotation_error":15.895222527288407,"translation_error":107.28941787116469,"ADD":0,"ADD_S":0}}
{"id_image":36,"data":{"GT_R":[-0.8770201066793147,0.4571834171247738,0.14771637456718978,0.21070398312611913,0.6422970381775687,-0.736925318935294,-0.431788122042912,-0.6151740707124106,-0.6596372784104185],"GT_T":[-87.5560687284866,36.24755610540692,856.231480649509],"R_pred":[-0.9503981122655214,0.3098138264472152,-0.02754670841077274,0.2049767379023997,0.5572512747366833,-0.8046462289250055,-0.23394008874287509,-0.7703806914418846,-0.5931151870695097],"T_pred":[-80.11680593205818,24.44516322327457,770.1393524560893],"rotation_error":15.056859995534685,"translation_error":87.21521453032567,"ADD":0,"ADD_S":0}}
{"id_image":37,"data":{"GT_R":[-0.8766549300605965,0.457972230859072,0.14743541744856603,0.2124726970176071,0.6434638552473054,-0.7353972812699651,-0.43166152812499853,-0.6133642315452964,-0.6614026794941572],"GT_T":[-88.40167427317056,36.35268360103873,856.7650895930964],"R_pred":[-0.7698038544797008,0.6117485866333944,0.18211450348679029,0.14285218285594947,0.44320932733859153,-0.8849625675775015,-0.6220894465279782,-0.655232141238598,-0.4285738694862252],"T_pred":[-93.96949494710276,31.511348336008833,712.8801667938569],"rotation_error":18.001697638409045,"translation_error":144.07397462119448,"ADD":0,"ADD_S":0}}
{"id_image":38,"data":{"GT_R":[-0.8756326020692409,0.45946222395205616,0.14886847381861268,0.2112539763570882,0.6415348536389384,-0.7374311024547411,-0.43432647458933055,-0.6142701655469763,-0.6588118056514782],"GT_T":[-90.0872043011329,37.30323804565509,857.043611025672],"R_pred":[-0.8081270505017237,0.5473968817228361,0.2174564878947046,0.22249017022757148,0.6255326263794556,-0.7478014826723237,-0.5453703277585705,-0.5559366755440182,-0.6273002617451824],"T_pred":[-92.40616902498458,21.228394473000545,712.7544459615399],"rotation_error":7.4988665366608265,"translation_error":145.2003489946913,"ADD":0,"ADD_S":0}}
{"id_image":39,"data":{"GT_R":[-0.8772945415026286,0.4555992583397927,0.1509403666368193,0.20640864259855526,0.642069161045145,-0.7383382261963716,-0.43330131825906865,-0.6165846330213662,-0.6573230279168184],"GT_T":[-90.96232030006266,38.09644989164323,857.5659911840283],"R_pred":[-0.6834533045564787,0.6437731190738278,0.34416239139218013,0.14860962392825594,0.5842877265550734,-0.7978239356355549,-0.7147074647481524,-0.4941295617093341,-0.4950042586465391],"T_pred":[-92.26767158926444,23.555883097986772,636.6205521191828],"rotation_error":19.99324821474464,"translation_error":221.42723199332642,"ADD":0,"ADD_S":0}}
{"id_image":40,"data":{"GT_R":[-0.8754019808080573,0.4599660909093328,0.14867256828079467,0.2096239182734225,0.6383512004452166,-0.7406523082321502,-0.43558076577482957,-0.6172032835853608,-0.6552333330247098],"GT_T":[-91.57816079416395,38.9857317086039,858.1277562214573],"R_pred":[-0.7917808571206894,0.595678066154542,0.13509521012830722,0.17775085760835757,0.43631324766097135,-0.882063139766666,-0.5843694951969343,-0.6743874193799294,-0.45134676432357346],"T_pred":[-90.03810955318332,32.350803513641,696.6662329400218],"rotation_error":15.971340771717191,"translation_error":161.60512841595926,"ADD":0,"ADD_S":0}}
{"id_image":41,"data":{"GT_R":[-0.8759712979347754,0.4585750861560095,0.14961457901198766,0.20713710911333813,0.6377226670028887,-0.7418920252885765,-0.43562610511727295,-0.618885116960023,-0.6536142968715993],"GT_T":[-92.1017339667107,40.60642516220799,858.5844486419422],"R_pred":[-0.9529454603774692,0.16359268243918446,-0.25521046960954674,0.2982857486045491,0.3559399896558517,-0.8856253925578328,-0.05404222169190448,-0.9200783434122031,-0.38798876305694585],"T_pred":[-80.59901776018947,37.145653268682175,806.8382655384498],"rotation_error":33.69708728210737,"translation_error":53.122094160593356,"ADD":0,"ADD_S":0}}
{"id_image":42,"data":{"GT_R":[-0.8759067783023216,0.4586677135993685,0.14970652261966325,0.2056953670530787,0.6356666835400737,-0.7440546569423578,-0.4364370631043357,-0.620928608320151,-0.6511303696994731],"GT_T":[-92.62638005749463,41.21721374885567,859.0576080802392],"R_pred":[-0.7803397764044042,0.6028412024454602,0.16628986137235174,0.19322791203521272,0.48533554296874226,-0.852708851098514,-0.5947544092914625,-0.6332707914986663,-0.495212375918672],"T_pred":[-88.67811496380315,32.06285963286864,677.7033862634497],"rotation_error":13.728821383749075,"translation_error":181.62803959549925,"ADD":0,"ADD_S":0}}
{"id_image":44,"data":{"GT_R":[-0.8751105724720258,0.4595745333339299,0.15156661011597894,0.20534373013906093,0.6362624068970952,-0.7436425354475875,-0.438196157298031,-0.6196461199002088,-0.651170473190167],"GT_T":[-94.86975457250709,36.81950245629562,859.6963581449465],"R_pred":[-0.8722023467953807,0.4752324528608744,0.1158325601567512,0.1925106657897731,0.5512001063404341,-0.8118608786777898,-0.4496695562319167,-0.685807960378218,-0.5722453422091436],"T_pred":[-101.36575129951468,26.12707884231017,821.7870439117293],"rotation_error":6.321710671825831,"translation_error":39.920445912477206,"ADD":0,"ADD_S":0}}
{"id_image":45,"data":{"GT_R":[-0.876060080699956,0.4553512588991957,0.15866238568505883,0.19784839837414747,0.6394994432532591,-0.742897682426322,-0.4397437839785852,-0.6194323979531421,-0.650330134759239],"GT_T":[-97.21891601138755,37.79458301786007,859.5117636479073],"R_pred":[-0.8093507684890895,0.5772124197417814,0.10852260613327488,0.19803024444265144,0.44214652189145676,-0.8748088222379051,-0.5529334099438231,-0.6865364343391578,-0.47215714385442814],"T_pred":[-99.32075735556727,31.268205587318967,738.5768398482492],"rotation_error":14.48932063884395,"translation_error":121.12913412483016,"ADD":0,"ADD_S":0}}
{"id_image":46,"data":{"GT_R":[-0.8761730102877798,0.4559352311776991,0.15634613352343713,0.19958931939489336,0.6384500132478487,-0.7433342244159841,-0.4387321814879446,-0.6200839854279265,-0.6503922030860578],"GT_T":[-96.08230256116991,36.34709756550974,860.0770563279506],"R_pred":[-0.8017897825506649,0.5115409011297947,0.3089644818885743,0.1444435004169406,0.6675600349044761,-0.7304106208056099,-0.5798872474754544,-0.541007861559934,-0.6091315735911976],"T_pred":[-103.37937234334402,20.52123837565154,748.7136609601508],"rotation_error":10.25123430035845,"translation_error":112.71872459510894,"ADD":0,"ADD_S":0}}
{"id_image":47,"data":{"GT_R":[-0.8774056747187422,0.4529026800303299,0.15823602322714014,0.19689287753477264,0.6407160553939988,-0.7421032201746514,-0.43748478271679603,-0.619969679794213,-0.651340377511652],"GT_T":[-95.47603875977313,34.41551876239496,860.4400875076702],"R_pred":[-0.7237009501938999,0.6891542476771314,0.036377982310920154,0.23252565338700867,0.2931341883086823,-0.9273640968689455,-0.6497605368175197,-0.6626754639740159,-0.37238753233886823],"T_pred":[-89.63583208865057,32.85791345590365,694.7388098910733],"rotation_error":25.02112440729923,"translation_error":165.81148196679496,"ADD":0,"ADD_S":0}}
{"id_image":48,"data":{"GT_R":[-0.8757692656514712,0.4539444414619818,0.16420541039550485,0.19283739893854498,0.6408228593352969,-0.7430744815533307,-0.44254177254796606,-0.6190968729233235,-0.6487500599964396],"GT_T":[-98.80710992789928,36.911293636618076,859.7086317002465],"R_pred":[-0.7783114342260984,0.6267364843759474,-0.03785089833796984,0.2966047468936176,0.3138659604316636,-0.901949989191464,-0.5534048567487339,-0.7132247458090519,-0.4301784821356439],"T_pred":[-94.7736448412029,36.44364806326509,749.0559561140807],"rotation_error":22.028658096507495,"translation_error":110.72715180733739,"ADD":0,"ADD_S":0}}
{"id_image":49,"data":{"GT_R":[-0.8762495603182237,0.4515283301587378,0.16825581181247226,0.18471868748709885,0.6372681110019164,-0.7481764618306547,-0.4450472660667939,-0.6245090302876588,-0.6418112633437824],"GT_T":[-100.91403785820327,40.01438969176883,859.8406388264959],"R_pred":[-0.8286114516373378,0.5237518943617161,0.19770436355320392,0.20470764992290685,0.6121675315246665,-0.7637707060434019,-0.5210545463562373,-0.5923975578102173,-0.6144650463793574],"T_pred":[-104.66558256278523,26.038234535391034,754.5335567230986],"rotation_error":5.312297431562337,"translation_error":106.29670052149918,"ADD":0,"ADD_S":0}}
{"id_image":50,"data":{"GT_R":[-0.8755461364040944,0.4529215431260678,0.16817368789691983,0.18604886228273876,0.6373178817664855,-0.7478050353279875,-0.4458766815601091,-0.6234491317260011,-0.642265957316348],"GT_T":[-101.24837142243963,38.82906331837879,860.1005392653994],"R_pred":[-0.7022644013028128,0.6905698873690451,0.17302584004103638,0.21760761962366434,0.4396312598988752,-0.8714191179917105,-0.6778433702150701,-0.5743148839955589,-0.4590106529010447],"T_pred":[-105.66062357236311,33.01030530137892,764.639456327809],"rotation_error":19.59640833820542,"translation_error":95.73998260660193,"ADD":0,"ADD_S":0}}
{"id_image":51,"data":{"GT_R":[-0.8739376768894214,0.4539297954576136,0.17372791071893673,0.18197287350190078,0.6370254080521436,-0.7490558609308559,-0.4506876370427694,-0.6230152387571373,-0.6393221119292245],"GT_T":[-104.4446747416674,41.13240369284096,859.307026049405],"R_pred":[-0.826402691606847,0.5239419975550502,0.2062604530756736,0.17567999328554404,0.5879378652462498,-0.7895983830840035,-0.5349720845653068,-0.6162903940576271,-0.5779195609495709],"T_pred":[-121.79809319576427,31.262404294426496,854.5416747053406],"rotation_error":6.178046541233143,"translation_error":20.524779989078265,"ADD":0,"ADD_S":1}}
{"id_image":52,"data":{"GT_R":[-0.8729739412583465,0.4548437101258704,0.17616597702711556,0.17754463175037855,0.6327011246297505,-0.7537691436228727,-0.4543075172353737,-0.6267437194660405,-0.6330858283592535],"GT_T":[-107.62458275010307,44.38085709140096,859.2988427605471],"R_pred":[-0.6638376525527996,0.6972133306427155,0.2705792723533714,0.09845475821509136,0.44011907951101414,-0.8925255494579332,-0.7413678113042111,-0.5658522487579856,-0.36081158647905764],"T_pred":[-98.47993206853353,36.41630806378813,610.0137751264198],"rotation_error":23.58871594713171,"translation_error":249.5798542003193,"ADD":0,"ADD_S":0}}
{"id_image":56,"data":{"GT_R":[-0.8700047566725782,0.4530191734098972,0.19459128326940697,0.15693740738802903,0.6285905425920715,-0.7617380479355069,-0.46740033462442887,-0.6321776459862256,-0.6179713815905539],"GT_T":[-116.7120047694814,54.56973384155527,858.3317899412485],"R_pred":[-0.8504957815532456,0.5012751153643915,0.15931159492187,0.16502024630868833,0.541890111831966,-0.8240894520663155,-0.4994249131434614,-0.6745949639710899,-0.5435957971843512],"T_pred":[-113.16385410723296,41.8404408480806,754.9770901421032],"rotation_error":6.250631943985949,"translation_error":104.19605675747616,"ADD":0,"ADD_S":0}}
{"id_image":57,"data":{"GT_R":[-0.8701342932934698,0.45121936060817613,0.19816081522352788,0.1528792702495921,0.6294083824635682,-0.7618872133104638,-0.46850298569385823,-0.6326498684452477,-0.6166519380147606],"GT_T":[-119.0725215225,54.80938071472221,858.2826185777553],"R_pred":[-0.9029730360269154,0.4291500874138662,0.021677146514378964,0.2305677805953135,0.5264721499090721,-0.8183309684482617,-0.36259922057236443,-0.7339327474931129,-0.5743383387843126],"T_pred":[-118.57310798346735,44.90611921497744,834.5196636679228],"rotation_error":11.171509353702762,"translation_error":25.748825764722337,"ADD":0,"ADD_S":1}}
{"id_image":58,"data":{"GT_R":[-0.8697432875215663,0.44925866363288725,0.20423954510123674,0.1464828830504254,0.630216252923351,-0.762476847582539,-0.47126421316369127,-0.6332413529821249,-0.6139347305526968],"GT_T":[-120.7951453400149,54.36810979252064,858.1322184722583],"R_pred":[-0.9520771859179085,-0.058434118199479135,-0.3002240594703988,0.15812868555703932,0.746178655766389,-0.6466936929355869,0.2618097608162065,-0.6631763472176262,-0.7011795644715035],"T_pred":[-87.35652724243005,29.95907786886526,763.3954878537725],"rotation_error":43.36257133237746,"translation_error":103.3875725027225,"ADD":0,"ADD_S":0}}
{"id_image":59,"data":{"GT_R":[-0.8695710964153656,0.4492598018408843,0.20496925334303082,0.1456983249861629,0.6300208825154082,-0.762788012800325,-0.4718248905627404,-0.6334350528767054,-0.6133043562101429],"GT_T":[-121.26650245092318,54.04602047580917,858.3328404398502],"R_pred":[-0.8321765344017376,0.49805728613773714,0.24376454893241953,0.12239504713977614,0.5937432249465912,-0.7952914153099313,-0.5408342334086903,-0.6319872803744819,-0.5550589242757027],"T_pred":[-118.56568318006434,38.448282039651446,738.4833414877371],"rotation_error":5.183103873504661,"translation_error":120.89038947794482,"ADD":0,"ADD_S":0}}
{"id_image":61,"data":{"GT_R":[-0.8733394556401464,0.44437200797405113,0.19953119342109324,0.14579399879924715,0.6292991434866999,-0.7633647265174133,-0.4647838661601711,-0.6375862591584532,-0.6143779175200631],"GT_T":[-115.97419880568917,51.625201041916654,859.8580927219028],"R_pred":[-0.6438471968145841,0.35944981871063136,0.6754677009175912,0.05946230732491453,0.9036220158803331,-0.4241833170033454,-0.7628401019621344,-0.23294437156810083,-0.6031682174925524],"T_pred":[-102.6450381406665,8.813943805943687,585.6746274070413],"rotation_error":35.33449917346887,"translation_error":277.82556203888896,"ADD":0,"ADD_S":0}}
{"id_image":62,"data":{"GT_R":[-0.8755054969984791,0.4404515037291767,0.19872721041679897,0.14509781561465812,0.6319214341990473,-0.761329439286728,-0.4609088710558644,-0.6377129397447224,-0.6171587699474845],"GT_T":[-112.7856063615481,50.04138531688771,860.5139255318693],"R_pred":[-0.48400866376193413,0.6124186088109553,0.62504324729209,0.05922887828910545,0.7355729661836529,-0.6748513550378304,-0.8730564434101619,-0.28961329217050036,-0.3922965557051999],"T_pred":[-101.48475771867226,19.690812544001947,523.1375248680654],"rotation_error":35.209063073074375,"translation_error":338.9272815406794,"ADD":0,"ADD_S":0}}
{"id_image":63,"data":{"GT_R":[-0.8758114175507509,0.4400444982182131,0.19828032920244798,0.1437959637743808,0.6300510563204762,-0.7631243140558851,-0.46073486787512763,-0.6398416036783328,-0.6150825461187079],"GT_T":[-111.1846482288298,50.78818450200592,860.6097276614406],"R_pred":[-0.7592290056735784,0.5242998144233472,-0.3855917809543573,0.20157697469254868,-0.37389547053956673,-0.905300447577375,-0.6188198770383099,-0.7650567833211074,0.1781855159002873],"T_pred":[-90.67840312735979,69.86632785200389,757.9791086417086],"rotation_error":61.03668104342447,"translation_error":106.38385968847908,"ADD":0,"ADD_S":0}}
{"id_image":64,"data":{"GT_R":[-0.8763013245955439,0.43849556368906567,0.19954496955783746,0.14041908882367923,0.6286865216911529,-0.7648762467816194,-0.4608464959073465,-0.6422427544928443,-0.6124912833985016],"GT_T":[-109.38596963434262,52.76823660047459,860.7427178358738],"R_pred":[-0.8852521398916634,0.4641565698793241,0.02978804214934172,0.23427236546883493,0.5003053851738376,-0.8335532258612488,-0.4018023240287037,-0.7309262618102579,-0.5516354703979927],"T_pred":[-114.78669504143487,45.71237673632001,887.3382241959498],"rotation_error":11.0840997073751,"translation_error":28.040576882336822,"ADD":0,"ADD_S":0}}
{"id_image":65,"data":{"GT_R":[-0.8785089841671672,0.43560042772750096,0.19614846111054485,0.14169521032285906,0.629704374378796,-0.7638030580499942,-0.456229309024742,-0.6432151406238032,-0.6149232068606321],"GT_T":[-105.00780903933956,52.139479593828796,861.7100130741162],"R_pred":[-0.760468828802428,0.49467247623344046,0.42069739918014665,-0.2569879322311618,0.36570308940694063,-0.8945493016518268,-0.5963592567466487,-0.7883910144435281,-0.15098094329182543],"T_pred":[-55.41950331413051,45.08287572500104,395.9133766111798],"rotation_error":30.95010075161112,"translation_error":468.4819124182313,"ADD":0,"ADD_S":0}}
{"id_image":66,"data":{"GT_R":[-0.8796293598341146,0.43307766917020923,0.1967137937397641,0.1387808472040774,0.6292353784294286,-0.7647240841881097,-0.4549642491511058,-0.6453739337904494,-0.6135964441669381],"GT_T":[-103.46802808809585,51.564530593877976,861.9432613105313],"R_pred":[-0.4605880896325526,0.22461359412674922,0.8587242543576487,0.10001390530975865,0.9744241772812026,-0.2012330526393262,-0.8819613542742825,-0.006801181023555147,-0.47127265303999816],"T_pred":[-105.69429375087944,1.3168783268953714,587.3122677100429],"rotation_error":55.00268137132387,"translation_error":279.19879201589754,"ADD":0,"ADD_S":0}}
{"id_image":67,"data":{"GT_R":[-0.8801931838252499,0.43130135846780404,0.1980886584166908,0.13714440343141568,0.6306909439567041,-0.7638200730930289,-0.4543699117216817,-0.6451428171928288,-0.6142797677699685],"GT_T":[-103.92006602395763,52.35544274795931,861.8264478024873],"R_pred":[-0.7746236416966645,0.5156847384753841,0.3660976157094882,0.07207009678142337,0.6470908661443802,-0.7589988880772043,-0.6283025663440456,-0.5615537921304519,-0.5384173322520325],"T_pred":[-109.85634606903423,36.055873759554856,738.3682405448834],"rotation_error":12.446713269973138,"translation_error":124.67094412589815,"ADD":0,"ADD_S":0}}
{"id_image":68,"data":{"GT_R":[-0.8806824276521231,0.43059875727409824,0.19744297020003204,0.13561235447726483,0.6285352412958424,-0.7658678242509299,-0.4538814635883031,-0.6477103644778592,-0.6119340133758693],"GT_T":[-102.96488000961403,52.22562789923124,862.0056090369251],"R_pred":[-0.7297018746175915,0.5839090693423938,0.35578838221514797,0.5642611070920338,0.8081164965779615,-0.16898855281300623,-0.38619240956140644,0.0774462826626385,-0.9191613003705571],"T_pred":[-40.26646340245786,-27.878282555482084,286.21868455835386],"rotation_error":46.93025230044866,"translation_error":584.703608947023,"ADD":0,"ADD_S":0}}
{"id_image":69,"data":{"GT_R":[-0.880782063339998,0.4299690893778209,0.19836960879810045,0.13444005699979508,0.6287499716053707,-0.7658980425719236,-0.4540369531985338,-0.6479200746892207,-0.6115963265209875],"GT_T":[-102.39216770961117,51.522438158250786,861.997163491555],"R_pred":[-0.9620917501653303,-0.16501501444577157,-0.21713937752345508,-0.13062124209284035,0.9777281653101498,-0.1642733267252229,0.23941085058521333,-0.12968299721517093,-0.9622186679000542],"T_pred":[-120.57431420103295,30.674917429470106,1023.9165022641569],"rotation_error":59.330087188434085,"translation_error":164.26527886357803,"ADD":0,"ADD_S":0}}
{"id_image":70,"data":{"GT_R":[-0.8813597340410891,0.4289701701765984,0.19796660875252606,0.13417226024286552,0.6290376963527835,-0.7657082316410134,-0.45299415224089,-0.6483032932054884,-0.6119643384239485],"GT_T":[-102.92321368676645,52.26561585842594,861.9839551199029],"R_pred":[-0.7857430428301372,0.5946195833518162,0.1703978337261062,0.1667926847742046,0.46895139733994184,-0.8673319936672055,-0.5956408909316503,-0.6530789676811137,-0.46765349461189865],"T_pred":[-95.77194067367972,40.38132352887596,713.8234030674247],"rotation_error":13.80558147858613,"translation_error":148.80835424927264,"ADD":0,"ADD_S":0}}
{"id_image":71,"data":{"GT_R":[-0.8829764008856746,0.4253304280715519,0.19861294600945542,0.12974360040494307,0.6277495948207342,-0.7675265688741825,-0.451131641779478,-0.6519388099053534,-0.6094713670478236],"GT_T":[-103.09027326081959,53.63784770139403,862.472020344868],"R_pred":[-0.675866776300144,0.6084654203602095,0.41590134998521533,0.124904440645627,0.6506968270514494,-0.7489943390788603,-0.7263628441768302,-0.4542724639366218,-0.515784399830294],"T_pred":[-99.16409497132044,30.911795617478262,648.2993365043105],"rotation_error":20.287527131357784,"translation_error":215.41083264949606,"ADD":0,"ADD_S":0}}
{"id_image":72,"data":{"GT_R":[-0.884452067518935,0.42386896350761527,0.19513943200433542,0.1297367101813417,0.6250689670183478,-0.7697122636220246,-0.4482340194778224,-0.6554578225925056,-0.6078339645864305],"GT_T":[-100.9713316932473,54.354160174314586,863.3554287433058],"R_pred":[-0.7881278855649358,0.4673995865699886,0.400489778233037,0.10195982635210257,0.7408108571387635,-0.6639303184488416,-0.6070079322423987,-0.4824281297971076,-0.6315096751240418],"T_pred":[-100.23427328124482,28.170747154794913,709.2775070950495],"rotation_error":14.895124945381358,"translation_error":156.28858023508838,"ADD":0,"ADD_S":0}}
